Uniprot_position	aminoacid	Position_in_structure	x	y	z	paraz	mtr	gscount	pscount	OR	pvalue	mtr3dscore	paraz3dscore	HotSpot3D	Uniprot	gene	chain
1	M	1	45.725	-57.671	13.03	-1.55	0	0	0	1.6126149480240717	1	-1.3966630588579632	-2.04258202155228	NO	P01116	KRAS	A
2	T	2	43.825	-57.166	9.747	-1.55	0	0	0	1.0655627297489865	0.9999999999999999	-0.8691060057588843	-0.8335973158991405	NO	P01116	KRAS	A
3	E	3	41.458	-59.886	8.501	-0.95	0	0	0	0.47265029894455884	0.31465970017563105	-0.8532302999700806	-0.49703833656818563	NO	P01116	KRAS	A
4	Y	4	40.829	-60.334	4.753	0.55	0	0	0	0.49848562146595243	0.3392630028257325	-0.3694357491160012	0.16154385222228762	NO	P01116	KRAS	A
5	K	5	37.686	-62.169	3.614	1.15	0	0	2	0.76210573612590915	0.7382589724112375	-0.5304221028915134	0.7145279481232069	NO	P01116	KRAS	A
6	L	6	38.885	-63.906	0.394	0.55	0	1	0	0.6172877390161131	0.5342572404450888	-0.24296911749822953	0.7236402095905007	NO	P01116	KRAS	A
7	V	7	36.385	-65.694	-1.938	0.85	0	0	0	0.9088594993802267	1	-0.5518013189217642	1.0199867999181447	NO	P01116	KRAS	A
8	V	8	37.7	-68.504	-4.195	0.85	0	0	0	2.3627109620411235	0.2283551912699698	-0.7357951656502624	1.5453284827716955	NO	P01116	KRAS	A
9	V	9	35.371	-68.825	-7.236	1.15	0	0	0	2.2256242460940796	0.1835452354926367	-0.709468668726798	1.0644387884672912	NO	P01116	KRAS	A
10	G	10	35.397	-70.758	-10.488	1.75	0	0	0	3.9350697414912834	0.04625600411517505	-0.5878310407875973	1.0599048827616133	YES	P01116	KRAS	A
11	A	11	34.029	-73.831	-12.271	-0.35	0	0	0	6.13070703606303	0.00557009287437331	-0.717092450958777	0.5333241200878773	YES	P01116	KRAS	A
13	G	13	37.346	-79.158	-10.963	1.75	0	0	1	6.624601032296199	0.0136541644149735	-0.9091544332633512	1.4554490701879976	YES	P01116	KRAS	A
14	V	14	39.64	-76.162	-11.687	1.75	0	0	1	12.021978631837392	0.007730175593811379	-0.38365180641858015	1.6650069134809364	YES	P01116	KRAS	A
15	G	15	41.536	-76.792	-8.406	1.75	0	0	1	22.09006624442775	1.3420380322625583e-4	-0.5492280083062747	1.5053874782613625	YES	P01116	KRAS	A
16	K	16	40.029	-74.217	-5.95	1.75	0	0	0	27.78978491272113	2.2310103538513376e-5	-0.7366053508075642	1.3804520161530425	YES	P01116	KRAS	A
17	S	17	40.201	-76.598	-2.923	1.15	0	0	0	31.179695589891583	8.691975136626503e-6	-1.4196922745759692	0.6191670723026896	YES	P01116	KRAS	A
18	A	18	43.593	-77.873	-4.041	0.55	0	0	0	31.179695589891583	8.691975136626503e-6	-0.8411568651695155	0.5361194604477689	YES	P01116	KRAS	A
19	L	19	44.82	-74.22	-4.042	1.75	0	0	1	9.523570404020282	0.0015712944806206572	-0.4058940521456524	1.265819766894486	YES	P01116	KRAS	A
20	T	20	43.297	-73.421	-0.577	0.55	0	0	0	13.684418731683987	0.0036031237586664835	-0.9843902494974842	0.7457699874396428	YES	P01116	KRAS	A
21	I	21	44.863	-76.591	1.02	-0.65	0	0	0	32.17969558989158	0.0015476691567303195	-1.3439007647876515	0.09900938320342122	YES	P01116	KRAS	A
22	Q	22	48.282	-76.035	-0.658	0.25	0	0	3	32.17969558989158	0.0015476691567303195	-0.7093729447870368	0.24784998583394238	YES	P01116	KRAS	A
23	L	23	48.331	-72.476	0.782	0.85	0	0	1	10.49461987065911	0.01615841289262235	-0.5080307569290894	-0.0509020151294779	NO	P01116	KRAS	A
24	I	24	47.246	-73.348	4.384	-0.35	0	0	0	32.17969558989158	0.006919344907765762	-1.204013485288903	-0.015153912450094233	NO	P01116	KRAS	A
25	Q	25	48.596	-76.977	4.758	-0.65	0	0	0	32.17969558989158	0.01436641252939286	-1.49542118318022	-0.5890050344086208	NO	P01116	KRAS	A
26	N	26	51.605	-76.932	2.298	-0.95	0	0	1	32.17969558989158	0.003294825291760309	-0.7670800180851303	-0.8335973158991405	NO	P01116	KRAS	A
27	H	27	50.325	-80.179	0.662	-1.25	0	0	0	32.17969558989158	0.003294825291760309	-0.8459738025592441	-0.5377571278106072	NO	P01116	KRAS	A
28	F	28	48.789	-81.155	-2.714	-0.65	0	0	0	12.021978631837392	0.007730175593811379	-0.7641730921313965	-0.15814632316762875	NO	P01116	KRAS	A
29	V	29	45.56	-83.056	-2.889	-0.95	0	0	0	32.17969558989158	5.792147953755635e-4	-1.1250544022632372	-0.28326468254547155	NO	P01116	KRAS	A
30	D	30	44.508	-85.282	-5.732	-0.35	0	0	0	15.497409684632387	0.0016391557372271456	-1.3403679970521862	0.5067683866689067	YES	P01116	KRAS	A
31	E	31	40.939	-86.34	-4.692	-0.65	0	0	0	32.17969558989158	0.06034243228483008	-1.8550714404750575	-0.781184684151172	NO	P01116	KRAS	A
32	Y	32	39.366	-83.701	-2.499	-0.35	0	0	0	32.17969558989158	7.154743804701662e-4	-1.805929173143098	-0.1353975305534756	NO	P01116	KRAS	A
33	D	33	35.568	-84.026	-2.536	1.15	0	0	0	7.7806158730328745	0.03591550183580939	-1.7053113473482253	-0.32426985914829387	NO	P01116	KRAS	A
34	P	34	34.019	-81.631	-5.062	-1.55	0	0	2	9.523570404020282	0.0015712944806206572	-1.5439699776391753	-0.0509020151294779	NO	P01116	KRAS	A
35	T	35	31.025	-80.37	-2.974	-0.05	0	0	0	8.464144491952117	0.003317435991659519	-1.2143452719514962	-0.8475740176985989	NO	P01116	KRAS	A
36	I	36	32.611	-79.454	0.449	-0.95	0	0	1	7.502116876175855	0.006820793636003136	-1.295591435891009	-0.43113183453746745	NO	P01116	KRAS	A
37	E	37	32.292	-75.708	0.931	-0.35	0	0	0	8.464144491952117	0.003317435991659519	-1.0599119135599366	-0.2987555270398711	NO	P01116	KRAS	A
38	D	38	34.331	-74.699	3.979	-0.05	0	0	0	7.7806158730328745	0.03591550183580939	-1.2845161140739294	-0.12239822048824517	NO	P01116	KRAS	A
39	S	39	36.107	-71.568	5.021	0.25	0	0	0	3.183813395445457	0.27566931261758093	-1.333006230160412	0.6031558635229484	NO	P01116	KRAS	A
40	Y	40	39.707	-72.188	5.955	1.75	0	0	0	10.49461987065911	0.01615841289262235	-1.6772064222297485	0.31423931938136906	YES	P01116	KRAS	A
41	R	41	41.851	-69.609	7.834	-0.95	0	0	0	3.4050113925025554	0.3711184141188645	-1.6436125995264934	0.06527931857851882	NO	P01116	KRAS	A
42	K	42	45.573	-68.846	7.744	1.15	0	0	0	4.400336578474014	0.09196746077987755	-1.491197244192778	-0.44923801641403827	NO	P01116	KRAS	A
43	Q	43	47.771	-66.364	9.625	-1.25	0	0	0	2.481533480858546	0.6226710484713186	-1.5235119188822213	-1.1573909075865902	NO	P01116	KRAS	A
44	V	44	50.488	-64.966	7.237	0.25	0	0	0	1.2059487315224497	1	-1.016254082481146	-1.061174482155537	NO	P01116	KRAS	A
45	V	45	53.005	-62.063	6.979	-0.65	0.157258064516129	0	0	0.7844527716164457	1	-0.8259969165659933	-1.0836249814227827	NO	P01116	KRAS	A
46	I	46	52.354	-59.936	3.845	1.15	0.180883864337102	0	0	0.28087683948861064	0.22447967750670805	-0.27244913287703426	-0.8254442398494565	NO	P01116	KRAS	A
47	D	47	54.738	-56.919	3.405	1.75	0.210274790919952	0	0	0.17899956153132152	0.1606425257267975	0.10954312235714768	-0.5513754526408488	NO	P01116	KRAS	A
48	G	48	55.577	-56.772	7.154	-0.65	0.211031175059952	0	0	0.7909968712952059	1	-1.2121941926168673	-1.2901695746814437	NO	P01116	KRAS	A
49	E	49	51.905	-56.774	8.313	-0.95	0.211031175059952	0	0	0.24790468076154606	0.31306780619137503	-0.5236108795682411	-1.5817619416348474	NO	P01116	KRAS	A
50	T	50	50.818	-59.995	10.117	-0.95	0.209677419354839	1	1	0.7844527716164457	1	-1.1831485620002602	-1.1443733912047418	NO	P01116	KRAS	A
51	C	51	47.355	-60.529	8.887	0.25	0.179989685404848	0	0	1.0655627297489865	0.9999999999999999	-0.8042780050297677	-0.9803526847934522	NO	P01116	KRAS	A
52	L	52	44.657	-63.156	8.94	-0.65	0.17921146953405	0	0	1.0655627297489865	0.9999999999999999	-1.0978259889786548	-0.7092629061414598	NO	P01116	KRAS	A
53	L	53	43.182	-64.833	5.821	1.45	0.179591836734694	0	1	0.76210573612590915	0.7382589724112375	-1.0250749801757624	-0.07906718693747714	NO	P01116	KRAS	A
54	D	54	39.571	-66.026	5.99	-0.35	0.180883864337102	0	0	0.5919147065813474	0.4915605326149325	-1.0713597100610843	0.3688499002026396	NO	P01116	KRAS	A
55	I	55	39.202	-67.891	2.683	1.15	0.158273381294964	0	0	1.7531159648343544	0.5221737915171737	-1.0365882572288814	0.8308845176286516	NO	P01116	KRAS	A
56	L	56	35.88	-69.294	1.408	0.25	0.157258064516129	0	0	2.046115114425258	0.3523695355301532	-1.0739814380889423	0.8296301982363925	NO	P01116	KRAS	A
57	D	57	36.48	-72.134	-1.098	1.75	0.157823741007194	0	0	7.034878018581086	0.0013250841147849164	-1.2204830991210442	0.8320761210512978	YES	P01116	KRAS	A
58	T	58	33.138	-72.223	-2.987	0.25	0.157706093189964	0	1	9.732600506792407	3.849128935868632e-4	-1.0227529741285235	0.3814006219235333	YES	P01116	KRAS	A
59	A	59	31.818	-75.715	-3.967	0.25	0.254151624548737	0	1	10.69604262317693	7.242763862400855e-4	-1.2530085827269684	0.06902710353684133	YES	P01116	KRAS	A
60	G	60	28.405	-77.118	-4.719	-0.35	0.34434270765206	1	2	8.464144491952117	0.003317435991659519	-1.1119049562619288	-0.6262762392071763	NO	P01116	KRAS	A
61	Q	61	27.174	-74.004	-6.53	0.25	0.346304774362328	1	5	7.502116876175855	0.006820793636003136	-0.739599970419591	-1.599986464569435	NO	P01116	KRAS	A
62	E	62	24.424	-76.258	-8.028	-0.65	0.421744324970131	0	0	6.624601032296199	0.0136541644149735	-0.7897475508379342	-2.2970744668174157	NO	P01116	KRAS	A
63	E	63	22.579	-75.963	-4.664	-0.95	0.463047743623283	0	1	5.8208860737661805	0.026584837891353356	-0.46449874188835116	-2.24175002219456	NO	P01116	KRAS	A
64	Y	64	21.743	-72.818	-2.534	-1.55	0.510791366906475	0	0	5.081993412936258	0.050249940540865436	-0.2545540880372458	-2.0337301104126233	NO	P01116	KRAS	A
65	S	65	23.983	-71.492	0.312	-0.65	0.507142857142857	0	0	7.502116876175855	0.006820793636003136	-0.3665827323898111	-1.714129529265011	NO	P01116	KRAS	A
66	A	66	23.134	-69.077	3.159	-0.65	0.559495665878645	0	0	7.7806158730328745	0.03591550183580939	0.0838054781584463	-1.838307149098659	NO	P01116	KRAS	A
67	M	67	26.842	-68.79	4.164	-0.05	0.561486753657572	0	0	2.8328681028387193	0.19741954063742717	-0.39950406522841253	-0.6262762392071763	NO	P01116	KRAS	A
68	R	68	28.173	-68.628	0.53	-0.65	0.505714285714286	0	0	3.403272668094269	0.053961708177067504	-0.639354950647895	-0.39170059400626855	NO	P01116	KRAS	A
69	D	69	25.79	-65.664	-0.264	-0.35	0.506093189964158	0	0	2.8328681028387193	0.19741954063742717	-0.03139801194768996	-0.7590549063020299	NO	P01116	KRAS	A
70	Q	70	26.875	-63.928	2.993	-0.35	0.505714285714286	0	0	2.129649116044056	0.4483494860691793	-0.115248887437103	-0.7846788596010367	NO	P01116	KRAS	A
71	Y	71	30.599	-64.381	2.015	0.55	0.502491103202847	0	1	0.9915190424596118	1	-0.6198606443699863	0.21893850186974045	NO	P01116	KRAS	A
72	M	72	29.763	-62.946	-1.461	0.85	0.502127659574468	0	1	0.9915190424596118	1	-0.327858163225265	0.03359350029451979	NO	P01116	KRAS	A
73	R	73	27.91	-59.808	-0.1	-0.35	0.454866688082236	0	0	0.7700525876205768	1	-0.052044363949129424	-0.3483262294219497	NO	P01116	KRAS	A
74	T	74	30.652	-59.169	2.544	-0.05	0.498245614035088	1	0	0.7700525876205768	1	-0.26334856373099014	0.07033068091364916	NO	P01116	KRAS	A
75	G	75	33.742	-60.628	0.796	1.15	0.498245614035088	1	0	0.9915190424596118	1	-0.33657754724439143	0.7692015169269699	NO	P01116	KRAS	A
76	E	76	36.628	-58.222	0.053	-0.65	0.414319248826291	0	0	0.4157004053576538	0.2121794072360329	0.07691740963612105	0.7692015169269699	NO	P01116	KRAS	A
77	G	77	38.75	-60.017	-2.587	1.45	0.413145539906103	1	0	0.35113664034759035	0.12613322272217367	0.2513182408802091	0.6971924263073794	NO	P01116	KRAS	A
78	F	78	37.96	-62.631	-5.222	0.25	0.413427561837456	0	0	0.4157004053576538	0.2121794072360329	0.07345140950500882	0.6849130983545018	NO	P01116	KRAS	A
79	L	79	40.162	-65.303	-6.785	1.15	0.410798122065728	0	0	0.6204025096462215	0.5661728653971546	0.10165626173583475	1.2896518353474082	NO	P01116	KRAS	A
80	C	80	38.686	-66.111	-10.236	0.55	0.409356725146199	0	0	0.35113664034759035	0.12613322272217367	0.15687818637970188	1.1645334759695654	NO	P01116	KRAS	A
81	V	81	40.139	-69.56	-10.919	1.75	0.406759906759907	0	0	0.880988789585596	1	0.015446779960165285	1.7708212974119117	NO	P01116	KRAS	A
82	F	82	40.155	-71.421	-14.228	1.15	0.524812030075188	0	0	0.4347558319831519	0.23194662322549503	0.315396698933682	1.246005896029556	NO	P01116	KRAS	A
83	A	83	42.128	-74.495	-15.338	0.85	0.528169014084507	0	0	0.7345862475311082	0.7703268110926113	0.5252302646118406	1.505387478261363	NO	P01116	KRAS	A
84	I	84	44.582	-73.952	-18.28	1.15	0.528169014084507	0	0	0.4347558319831519	0.23194662322549503	1.133717459886879	1.11091132195049	NO	P01116	KRAS	A
85	N	85	43.322	-77.289	-19.705	-0.05	0.527472527472528	0	0	1.2279689250152659	1	0.9622425882237354	0.9157266813210552	NO	P01116	KRAS	A
86	N	86	39.589	-76.475	-19.512	0.55	0.531187122736419	0	0	1.3721746016034437	1	0.39750045050229116	0.9117433213082098	NO	P01116	KRAS	A
87	T	87	38.138	-74.044	-22.102	-0.95	0.527819548872181	0	0	0.1374751695918685	0.07898612547791665	0.5525134195935292	-0.09516157082776242	NO	P01116	KRAS	A
88	K	88	34.702	-74.156	-20.366	-0.65	0.529678068410463	0	0	0.7844527716164457	1	-0.20878258318906096	-0.0066424594311933986	NO	P01116	KRAS	A
89	S	89	36.261	-72.936	-17.07	1.75	0.465106007067138	0	0	0.5919147065813474	0.4915605326149325	-0.12055481739544278	0.7886018155347571	NO	P01116	KRAS	A
90	F	90	37.832	-69.97	-18.935	0.85	0.416370106761566	0	0	0.1836829034060968	0.06464296256126346	0.5296728504873788	-0.2899036159002142	NO	P01116	KRAS	A
91	E	91	34.452	-69.08	-20.509	-0.65	0.248763250883392	0	0	0	0.03363003133054204	0.03869968887617968	-0.8254442398494565	NO	P01116	KRAS	A
92	D	92	32.82	-69.308	-17.027	-0.95	0.25017667844523	0	0	0.7909968712952059	1	-0.5354235985810865	-0.6001228653854628	NO	P01116	KRAS	A
93	I	93	35.121	-66.478	-15.783	-0.05	0.211469534050179	0	0	0.1374751695918685	0.07898612547791665	0.040685425181180755	0.27713939769310114	NO	P01116	KRAS	A
94	H	94	32.85	-64.083	-17.684	-1.55	0.212230215827338	0	0	0	0.01357001264214854	-0.0072609983922229775	-0.4798792472820815	NO	P01116	KRAS	A
95	H	95	29.776	-65.24	-15.672	-1.55	0.212394705174489	1	0	0	0.4426229508196722	-0.6091106737478204	-1.2738634225820757	NO	P01116	KRAS	A
96	Y	96	31.707	-65.139	-12.333	-1.55	0.210872162485066	0	0	3.183813395445457	0.27566931261758093	-0.5005859329533782	-0.08188370411827707	NO	P01116	KRAS	A
97	R	97	33.03	-61.596	-12.933	-1.55	0.361495135688684	0	0	0	0.0020355018963222776	0.19944492387367288	-0.6035483592540032	NO	P01116	KRAS	A
98	E	98	29.548	-60.349	-13.923	-0.65	0.359183673469388	0	0	0	0.19180327868852462	-0.05849270575732616	-2.1210421430174207	NO	P01116	KRAS	A
99	Q	99	27.984	-62.098	-10.842	-0.05	0.419047619047619	0	0	0.7909968712952059	1	-0.2816501614043344	-1.4450780196254394	NO	P01116	KRAS	A
100	I	100	30.539	-60.464	-8.469	1.45	0.417857142857143	0	0	0.28087683948861064	0.22447967750670805	-0.21050843863382712	-0.5703009187652283	NO	P01116	KRAS	A
101	K	101	29.863	-57.027	-10.078	-0.35	0.420549581839904	0	0	0.3848139087448283	0.5791330925257016	0.11282926873930342	-1.6140690504734347	NO	P01116	KRAS	A
102	R	102	26.093	-57.509	-9.427	-0.35	0.420549581839904	0	0	0.3848139087448283	0.5791330925257016	-0.0075272485995870825	-2.019150492064953	NO	P01116	KRAS	A
103	V	103	26.262	-58.862	-5.837	0.25	0.422382671480144	0	0	0.7844527716164457	1	0.09644865510555813	-1.4450780196254394	NO	P01116	KRAS	A
104	K	104	28.828	-56.203	-4.787	0.25	0.506859205776173	0	0	0.36548140499962894	0.3916082903505806	0.15616801495565266	-0.7867171286134576	NO	P01116	KRAS	A
105	D	105	27.006	-53.469	-6.88	-0.05	0.508695652173913	0	0	0.3848139087448283	0.5791330925257016	0.12787866360381422	-1.5031686864794378	NO	P01116	KRAS	A
106	S	106	30.308	-51.988	-8.217	-0.95	0.508695652173913	0	0	0	0.4426229508196722	0.1565659590170765	-1.352132952659042	NO	P01116	KRAS	A
107	E	107	32.318	-51.954	-11.491	-0.95	0.512408759124088	0	0	0	0.08127257571547647	0.5105591932785871	-1.1868972780521132	NO	P01116	KRAS	A
108	D	108	35.574	-52.038	-9.408	-0.95	0.509090909090909	1	0	0	0.03363003133054204	0.6453337382010644	-0.9360931290951677	NO	P01116	KRAS	A
109	V	109	36.016	-54.928	-6.878	-0.05	0.636363636363636	0	0	0.06325778416157835	0.0033147688517045104	0.45710978159608084	-0.2149227215407675	NO	P01116	KRAS	A
110	P	110	39.44	-56.411	-5.789	1.75	0.635379061371841	0	0	0.11034435753059749	0.003295974655837051	0.6612821357092682	0.24980261329121964	NO	P01116	KRAS	A
111	M	111	39.97	-59.421	-8.061	0.55	0.635869565217391	0	0	0	3.118411226425035e-5	0.683944457504638	0.28914091279636633	NO	P01116	KRAS	A
112	V	112	42.793	-61.627	-9.344	1.15	0.635379061371841	1	0	0	3.0547701809877884e-6	0.9982872698855559	0.6926585206017015	NO	P01116	KRAS	A
113	L	113	42.558	-63.919	-12.408	1.15	0.696748506967485	0	0	0.03456041588688584	3.1184112264250317e-005	0.9600493871929605	0.4946451170645939	NO	P01116	KRAS	A
114	V	114	44.168	-67.333	-11.74	1.15	0.699300699300699	0	0	0.3706225085492686	0.14196479285475092	0.8212193150580197	1.7666904055467385	NO	P01116	KRAS	A
115	G	115	45.061	-69.855	-14.46	1.45	0.792506386602328	0	0	0.38344774171647983	0.09970527219275387	0.9967664861374473	1.3045468781304848	NO	P01116	KRAS	A
116	N	116	45.584	-73.026	-12.389	1.75	0.792506386602328	0	1	1.1870899577083012	1	0.6808747949138432	1.937690115314374	NO	P01116	KRAS	A
117	K	117	47.206	-76.441	-13.286	1.75	0.858548585485855	1	1	3.271380047111246	0.11809955986623855	0.7948724849726535	1.3690920635238164	NO	P01116	KRAS	A
118	C	118	50.133	-74.771	-15.169	0.25	0.861728395061728	0	0	1.3472022144772817	0.757483060113419	1.4441201241885744	0.9085309342010762	NO	P01116	KRAS	A
119	D	119	52.332	-77.809	-14.122	1.75	0.864197530864198	0	1	5.441946576330665	0.12066908079427181	1.642093083218665	1.11091132195049	NO	P01116	KRAS	A
120	L	120	50.464	-79.696	-16.912	1.75	0.948969246367016	0	0	2.6386913534667777	0.2831886655347397	1.6543800437524663	1.1883655444224879	NO	P01116	KRAS	A
121	P	121	52.015	-80.369	-20.339	-0.95	0.975	0	0	0.7844527716164457	1	1.7676430177455975	0.7940531391104987	NO	P01116	KRAS	A
122	S	122	48.905	-79.966	-22.58	-0.65	0.902564102564103	0	0	0.5057681737425104	0.6469436710842748	1.6392385062529036	0.1482659855128023	NO	P01116	KRAS	A
123	R	123	47.221	-76.518	-22.388	-0.35	0.952521525215252	0	0	0.5619163646135537	0.689069710329901	1.4549866148048274	0.36735078621931055	NO	P01116	KRAS	A
124	T	124	43.985	-75.611	-24.235	-0.65	0.999148453022992	1	0	0.07488664541569029	0.007647470856223036	1.4222407037874265	-0.0509020151294779	NO	P01116	KRAS	A
125	V	125	43.733	-72.043	-22.862	-0.35	1.00746268656716	0	0	0.15317693476051922	0.01712604804663435	1.398723043184757	0.12121847925273947	NO	P01116	KRAS	A
126	D	126	46.388	-69.592	-24.26	-0.65	1.01503759398496	1	0	0	0.0020355018963222776	1.5728393511040615	-0.6001228653854628	NO	P01116	KRAS	A
127	T	127	48.469	-67.308	-21.995	-0.95	1.00835494093921	1	0	0.06325778416157835	0.0033147688517045104	1.7354780337404974	0.023454038443639934	NO	P01116	KRAS	A
128	K	128	47.689	-64.281	-24.323	-0.65	0.989661654135338	1	0	0	2.702623062901683e-4	2.0410097102026907	-0.8710055471859258	NO	P01116	KRAS	A
129	Q	129	43.911	-64.97	-24.269	-0.35	0.917832167832168	0	0	0	2.702623062901683e-4	1.6365562075091735	-1.0732977517598496	NO	P01116	KRAS	A
130	A	130	43.994	-65.003	-20.42	1.45	0.911756168359942	3	0	0.04631358975639837	2.644412720008428e-4	1.3101912304172914	-0.0509020151294779	NO	P01116	KRAS	A
131	Q	131	46.342	-61.969	-20.211	-0.65	0.909143686502177	0	0	0	9.978915924560121e-6	1.8833640127011613	-0.47690023872546616	NO	P01116	KRAS	A
132	D	132	44.011	-60.005	-22.602	-0.95	0.919553728714034	0	0	0	9.355233679275147e-5	2.034718696752522	-1.527088372831084	NO	P01116	KRAS	A
133	L	133	40.928	-60.805	-20.447	-0.65	0.913424978063761	0	0	0	3.118411226425035e-5	1.3809180632678157	-1.1524731791756697	NO	P01116	KRAS	A
134	A	134	42.659	-59.688	-17.188	1.45	0.903123192596877	0	0	0	3.118411226425035e-5	1.3819170135800332	-0.44923801641403827	NO	P01116	KRAS	A
135	R	135	43.995	-56.584	-19.025	-1.25	0.903123192596877	0	0	0	3.118411226425035e-5	1.953953303641726	-1.0836249814227827	NO	P01116	KRAS	A
136	S	136	40.42	-55.836	-20.221	-0.95	0.895624821275379	1	0	0	7.538895912304742e-4	1.6719712475130566	-1.8004562168499	NO	P01116	KRAS	A
137	Y	137	39.154	-56.248	-16.598	-0.05	0.897147796024201	0	0	0	2.702623062901683e-4	1.0635764528093368	-1.240598872299365	NO	P01116	KRAS	A
138	G	138	42.029	-54.159	-15.164	-0.95	0.903123192596877	2	0	0	0.005331076395129774	1.4619803410360879	-1.352132952659042	NO	P01116	KRAS	A
139	I	139	43.071	-56.949	-12.737	0.55	0.935309973045822	0	0	0	9.978915924560121e-6	1.3818059919728265	-0.28326468254547155	NO	P01116	KRAS	A
140	P	140	46.231	-59.105	-12.255	-0.95	0.913424978063761	0	0	0	9.978915924560121e-6	1.6385894822879818	0.2105059857135148	NO	P01116	KRAS	A
141	F	141	46.598	-62.494	-13.972	0.55	0.912587412587413	1	0	0.03456041588688584	3.1184112264250317e-005	1.6299625251872734	0.2870800465665127	NO	P01116	KRAS	A
142	I	142	48.715	-65.161	-12.183	0.55	0.952315608919383	1	0	0.11034435753059749	0.003295974655837051	1.5071140393462896	1.0699061453476677	NO	P01116	KRAS	A
143	E	143	49.597	-68.697	-13.424	1.75	1.04360902255639	0	0	0.2569047604562322	0.03856562145535545	1.5227379134512	1.3690920635238164	NO	P01116	KRAS	A
144	T	144	49.439	-71.255	-10.617	0.55	0.920075757575757	0	0	2.679861076136702	0.1567950476935733	0.6882063032537734	2.10944278463003	NO	P01116	KRAS	A
145	S	145	50.032	-74.901	-9.874	1.75	0.949571183533448	0	0	4.8288456775253845	0.020676921185983212	0.48083583028164445	1.3831075894949396	NO	P01116	KRAS	A
146	A	146	48.44	-76.253	-6.725	1.75	0.778867924528302	0	1	8.464144491952117	0.003317435991659519	0.011926871772828819	0.9539095196423862	NO	P01116	KRAS	A
147	K	147	50.707	-79.344	-7.327	-0.35	0.782509505703422	0	2	15.497409684632387	0.0016391557372271456	-0.11332521213831037	0.7408522590287224	YES	P01116	KRAS	A
148	T	148	54.149	-77.558	-7.4	-0.05	0.780228136882129	0	0	13.684418731683987	0.0036031237586664835	0.48431642868670904	0.7518053813985001	NO	P01116	KRAS	A
149	R	149	53.011	-74.515	-5.248	-0.65	0.827514690632561	0	0	6.624601032296199	0.0136541644149735	0.22255615398651046	0.2810446526076558	NO	P01116	KRAS	A
150	Q	150	54.083	-72.229	-8.183	-0.95	0.827514690632561	0	0	4.263988545513717	0.038130424571163474	1.0020356937993322	1.2270926556584867	NO	P01116	KRAS	A
152	V	152	50.087	-70.021	-5.106	0.55	0.862893081761006	0	0	2.366280203537123	0.16536311061897807	0.4280954554099308	0.8527305803771636	NO	P01116	KRAS	A
154	D	154	51.656	-64.883	-5.138	-0.65	0.859649122807018	1	0	0.3448852147755026	0.16678504514065576	1.3599903638590352	0.9500448598932636	NO	P01116	KRAS	A
155	A	155	47.928	-65.222	-6.131	0.55	0.853932584269663	0	0	0.3228947241641822	0.10935138311932593	0.9350908714838677	1.3307138451818352	NO	P01116	KRAS	A
156	F	156	46.689	-64.875	-2.539	1.75	0.812075983717775	0	0	0.7345862475311082	0.7703268110926113	0.19570554047639727	0.977426385349813	NO	P01116	KRAS	A
157	Y	157	49.342	-62.136	-1.747	-0.95	0.857142857142857	0	0	0.15317693476051922	0.01712604804663435	0.4893401205708872	0.5067683866689067	NO	P01116	KRAS	A
158	T	158	48.451	-60.01	-4.814	-0.65	0.862155388471178	1	0	0	2.702623062901683e-4	1.2181102741980399	1.119517346669601	NO	P01116	KRAS	A
159	L	159	44.743	-60.114	-3.884	0.55	0.894554883318928	0	0	0.16971395840365466	0.011291369350176585	0.6962887214976908	1.0850932477931574	NO	P01116	KRAS	A
160	V	160	45.542	-58.76	-0.353	0.85	0.966292134831461	1	0	0.3228947241641822	0.10935138311932593	0.0730017505523369	0.155642578129183	NO	P01116	KRAS	A
161	R	161	47.686	-56.04	-2.063	0.85	0.966292134831461	0	0	0	0.005331076395129774	0.9863736262022266	0.5552614650861575	NO	P01116	KRAS	A
162	E	162	44.635	-55.208	-4.312	-0.65	0.967105263157895	0	0	0	9.355233679275147e-5	1.114788342027004	0.17216614558987595	NO	P01116	KRAS	A
163	I	163	42.373	-54.802	-1.218	1.15	0.967105263157895	0	0	0.15317693476051922	0.01712604804663435	0.628334616494529	0.2976419859945124	NO	P01116	KRAS	A
164	R	164	44.967	-52.416	0.395	0.85	0.991902834008097	1	0	0	0.03363003133054204	0.4630539828537193	-0.0509020151294779	NO	P01116	KRAS	A
