Uniprot_position	aminoacid	Position_in_structure	x	y	z	paraz	mtr	gscount	pscount	OR	pvalue	mtr3dscore	paraz3dscore	HotSpot3D	Uniprot	gene	chain
2	T	2	20.416	127.549	37.3	-0.5	0.90547263681592	0	1	2.7692867553592277	0.01866598402069358	0.6856513471248291	0.6600001800472131	NO	Q06124	PTPN11	A
3	S	3	16.666	127.638	38.222	-0.5	0.969387755102041	0	0	1.9643050015395074	0.12685007986556443	0.7470916869353049	0.47314215129974335	NO	Q06124	PTPN11	A
4	R	4	14.367	124.549	37.655	-0.5	0.910344827586207	0	1	2.685177259252828	0.008616404060548678	0.6608837184478441	0.7823135046491909	NO	Q06124	PTPN11	A
5	R	5	11.409	126.894	38.289	1.59	0.942466887417219	0	0	1.418252334687758	0.6080404976613194	0.9059521052434285	0.1263109839900817	NO	Q06124	PTPN11	A
6	W	6	9.623	125.236	35.272	0.2	0.933962264150943	0	0	1.302294935680759	0.6358493426039177	0.7067602389258749	-0.3697830810762546	NO	Q06124	PTPN11	A
7	F	7	8.869	122.207	37.538	2.29	0.909090909090909	0	0	0.828562383078232	0.8135289518035309	0.38952547411256633	0.34364252298313214	NO	Q06124	PTPN11	A
8	H	8	5.612	122.392	39.555	0.9	0.901734104046243	0	0	1.043273922953677	1	0.658732833825978	0.5187265207071841	NO	Q06124	PTPN11	A
9	P	9	5.532	119.563	42.196	0.2	0.895027624309392	4	0	0.9922100929248078	0.9999999999999999	0.36492135614343096	0.7522476449443286	NO	Q06124	PTPN11	A
10	N	10	1.906	120.042	43.388	1.59	0.894830659536542	2	0	0.16581486449506605	0.0938590558530758	0.9256453953049575	0.7926306553284734	NO	Q06124	PTPN11	A
11	I	11	-0.083	120.764	40.184	0.9	0.962250185048113	2	0	0.27013636923393614	0.08542218682498248	1.6194130848982433	0.41215539249252114	NO	Q06124	PTPN11	A
12	T	12	-2.979	118.944	38.399	0.9	0.960714285714286	1	0	0.1338936287885068	0.03157380277396739	1.387008665879921	0.26701052016976135	NO	Q06124	PTPN11	A
13	G	13	-3.652	118.468	34.644	0.9	0.963938973647712	0	0	0.3723851130170099	0.1725764537962328	0.6819489195316853	-0.0718782544725821	NO	Q06124	PTPN11	A
14	V	14	-6.471	121.048	34.38	2.29	0.957943925233645	0	0	0.25359094198396603	0.25205682044562755	2.091648538701893	0.043967501878661115	NO	Q06124	PTPN11	A
15	E	15	-4.54	123.436	36.741	0.9	0.953458306399483	0	0	0.16581486449506605	0.0938590558530758	2.799487078798371	0.20512870162580324	NO	Q06124	PTPN11	A
16	A	16	-1.467	123.297	34.4	0.9	0.948222083593263	0	0	0.4595993136810912	0.20655767820396725	1.3418705815916416	-0.10957491112541368	NO	Q06124	PTPN11	A
17	E	17	-3.675	123.992	31.311	-0.5	0.94333936106088	0	0	0.7715948617750705	0.769849546740801	1.0098085285532308	-0.48180036378678864	NO	Q06124	PTPN11	A
18	N	18	-5.315	127.108	32.892	-0.5	1.0461338531514	2	0	0.18776898492272473	0.09465435664905666	2.0654610340213315	-0.2648994291063226	NO	Q06124	PTPN11	A
19	L	19	-1.845	128.353	34.028	-0.5	1.05050933786078	0	0	0.18776898492272473	0.09465435664905666	2.029691277030153	-0.25630602064660124	NO	Q06124	PTPN11	A
20	L	20	-0.383	128.104	30.466	-0.5	1.059375	1	0	0.45280606724951217	0.26019570436628553	0.8833512858590907	-0.6211953644747682	NO	Q06124	PTPN11	A
21	L	21	-3.497	129.737	28.916	-0.5	1.05454545454545	0	0	0.33454329581765474	0.21005780343994754	1.3447978692665845	-0.6906036635725173	NO	Q06124	PTPN11	A
22	T	22	-3.65	132.656	31.454	-0.5	1.07037037037037	1	1	0.18776898492272473	0.09465435664905666	2.3172498187187047	-0.8006286710311715	NO	Q06124	PTPN11	A
23	R	23	0.042	133.254	32.431	-0.5	1.02171717171717	0	0	0.18776898492272473	0.09465435664905666	2.089692455534056	-0.7800632490762829	NO	Q06124	PTPN11	A
24	G	24	1.807	131.928	29.299	-0.5	0.976415851115033	0	0	0.1482609934376329	0.0544947683646368	0.8844787790035095	-0.9545147594522347	NO	Q06124	PTPN11	A
25	V	25	2.131	132.333	25.5	-0.5	0.921323529411765	0	0	0.1338936287885068	0.03157380277396739	0.6816093928420411	-1.0885445783996124	NO	Q06124	PTPN11	A
26	D	26	2.871	129.987	22.548	-0.5	0.877450980392157	3	0	0.33454329581765474	0.21005780343994754	-0.03350425567749636	-1.0885445783996124	NO	Q06124	PTPN11	A
27	G	27	6.144	128.188	23.338	-0.5	0.827952029520295	0	0	0.1482609934376329	0.0544947683646368	-0.3618722892465157	-1.0885445783996124	NO	Q06124	PTPN11	A
28	S	28	5.503	128.298	27.107	-0.5	0.851607801792304	0	0	0.4089480065891894	0.2594282359004396	0.30242630032790946	-0.9404735403244141	NO	Q06124	PTPN11	A
29	F	29	6.037	125.033	28.987	-0.5	0.751399253731343	0	0	0.5063862354106524	0.3765360073906404	0.21426317734221761	-0.6575520925735892	NO	Q06124	PTPN11	A
30	L	30	6.16	123.325	32.362	-0.5	0.751399253731343	0	0	0.5504371516189521	0.4170961765251379	0.5250168236065212	-0.41212915446518444	NO	Q06124	PTPN11	A
31	A	31	7.006	119.875	33.768	0.2	0.757048872180451	0	0	1.043273922953677	1	0.5315397214599654	-0.31866331793124575	NO	Q06124	PTPN11	A
32	R	32	4.772	118.124	36.303	-0.5	0.810566037735849	0	0	0.860173730216566	1	0.4055240900400833	0.06826040656287331	NO	Q06124	PTPN11	A
33	P	33	4.503	114.761	38.167	-0.5	0.804494382022472	0	0	0.9922100929248078	0.9999999999999999	-0.20376539417898967	-0.0036854002438257948	NO	Q06124	PTPN11	A
34	S	34	1.629	112.267	37.749	0.2	0.719288174512055	0	0	0.9922100929248078	0.9999999999999999	-0.2530791521669281	-0.10461253038992055	NO	Q06124	PTPN11	A
37	N	37	-0.83	107.107	38.146	0.2	0.711965811965812	1	0	1.5627751062354964	0.9999999999999999	-1.4632469797325152	-0.8294202617680156	NO	Q06124	PTPN11	A
38	P	38	2.559	107.811	39.916	-0.5	0.660516605166052	0	0	4.408684835559189	0.026394756490417712	-0.7251743461062664	-0.6312663725791475	NO	Q06124	PTPN11	A
39	G	39	6.155	107.291	38.682	-0.5	0.614240777809551	0	0	6.140656700691765	1.7672875698101237e-4	-0.7443413688012127	-0.6221208084627382	NO	Q06124	PTPN11	A
40	D	40	5.309	109.235	35.476	-0.5	0.611965811965812	0	0	4.385282519047888	0.0021083012962616935	-0.6065559115052216	-0.6221208084627382	NO	Q06124	PTPN11	A
41	F	41	5.942	112.894	34.475	-0.5	0.605240912933221	0	0	1.7931722902000171	0.18635540859919864	-0.10383796316383115	-0.2646189915342105	NO	Q06124	PTPN11	A
42	T	42	4.293	115.261	31.972	-0.5	0.392307692307692	0	1	1.4417842137872243	0.47025680271061393	-0.09499270091822336	-0.31867522840728135	NO	Q06124	PTPN11	A
43	L	43	5.707	118.115	29.86	-0.5	0.472860472860473	0	1	1.9225710655797323	0.3480168269765737	-0.03831775329404664	-0.685873616522893	NO	Q06124	PTPN11	A
44	S	44	2.767	120.58	29.367	-0.5	0.539393939393939	0	0	0.6326547514512826	0.4521519349682053	0.423251514398312	-0.41212915446518444	NO	Q06124	PTPN11	A
45	V	45	3.448	122.881	26.363	-0.5	0.540909090909091	0	0	0.45280606724951217	0.26019570436628553	-0.021571454499959744	-0.9034557808056148	NO	Q06124	PTPN11	A
46	R	46	1.323	125.688	24.828	-0.5	0.537878787878788	0	0	0.4089480065891894	0.2594282359004396	0.14960605772554592	-1.0145090593620134	NO	Q06124	PTPN11	A
47	R	47	1.213	125.85	20.986	-0.5	0.600678733031674	0	0	0.21598561040334627	0.15442318483141212	-0.32942609610836665	-1.0885445783996124	NO	Q06124	PTPN11	A
48	N	48	-1.22	127.916	18.769	-0.5	0.650735294117647	1	0	0.21598561040334627	0.15442318483141212	0.16640108701820266	-1.0885445783996124	NO	Q06124	PTPN11	A
49	G	49	-3.529	128.785	21.714	-0.5	0.651291512915129	0	0	0.33454329581765474	0.21005780343994754	0.9985131166824697	-1.0885445783996124	NO	Q06124	PTPN11	A
50	A	50	-3.805	125.062	22.649	-0.5	0.651851851851852	1	0	0.33454329581765474	0.21005780343994754	0.5179679548070881	-1.0885445783996124	NO	Q06124	PTPN11	A
51	V	51	-2.084	123.061	25.462	-0.5	0.598981900452489	0	0	0.6094461980923915	0.5752953350635182	0.5453048612365214	-0.6842412361552237	NO	Q06124	PTPN11	A
52	T	52	-0.4	119.709	24.624	-0.5	0.598981900452489	0	1	0.6593424923227404	0.744586030288501	-0.28934410889350926	-0.7357541126825683	NO	Q06124	PTPN11	A
53	H	53	0.682	117.098	27.203	-0.5	0.542742927429274	0	0	2.673508392685715	0.2684800104696233	-0.2848322118997706	-0.5458164590030191	NO	Q06124	PTPN11	A
54	I	54	3.789	114.96	26.476	-0.5	0.590405904059041	0	0	11.5694176025105	0.006549927196483011	-0.6958132654560913	-0.89223827792113	NO	Q06124	PTPN11	A
55	K	55	4.345	111.848	28.642	-0.5	0.654275092936803	0	0	6.2586450038776675	0.0032199252570230758	-0.7054218681972466	-0.7046567019083579	NO	Q06124	PTPN11	A
56	I	56	7.72	111.197	30.366	-0.5	0.713754646840149	0	2	5.822257945931961	1.2889563573385978e-4	-0.31230454719981887	-0.8377791106916155	NO	Q06124	PTPN11	A
57	Q	57	8.236	107.76	31.939	-0.5	0.657303370786517	0	0	8.20542672571865	1.3880658545132156e-7	-0.3244578140892818	-0.6693728897308528	NO	Q06124	PTPN11	A
58	N	58	11.012	106.571	34.232	0.9	0.662264150943396	1	3	10.300734038479865	2.522496139739821e-10	-0.017948453696449384	-0.23819375973918863	NO	Q06124	PTPN11	A
59	T	59	11.107	102.906	35.384	-0.5	0.607287449392713	1	1	7.03807403712316	2.7254753964161576e-6	-0.7226299399121897	0.10527816608167284	YES	Q06124	PTPN11	A
60	G	60	14.65	103.457	36.742	-0.5	0.762484394506866	0	3	7.575292942734092	6.563770128165384e-10	-0.06461407500759789	0.5437623413341198	YES	Q06124	PTPN11	A
61	D	61	17.023	103.798	33.765	0.2	0.763836477987422	0	4	9.652943811754627	2.286653308245816e-12	0.19024502760184042	0.939019067970999	NO	Q06124	PTPN11	A
62	Y	62	16.363	107.237	32.169	0.2	0.760964912280702	2	2	13.319559424224956	1.1380505541440504e-14	0.5727093494493705	0.7727264276492963	NO	Q06124	PTPN11	A
63	Y	63	13.655	109.816	31.404	-0.5	0.755930087390762	1	1	16.851209334296264	4.680352720298692e-16	0.46188777064699205	0.10284278716596233	NO	Q06124	PTPN11	A
64	D	64	11.946	108.548	28.256	-0.5	0.791535601944524	0	0	13.315232316899143	3.8715033370094453e-11	0.018837025552093375	-0.42103078578642067	NO	Q06124	PTPN11	A
65	L	65	10.027	111.398	26.56	-0.5	0.785694010786262	0	0	7.961511449729307	7.114495405400511e-6	0.035590082782558825	-0.6711991928570177	NO	Q06124	PTPN11	A
66	Y	66	7.321	110.119	24.117	0.2	0.744772447724477	0	0	8.235803568853614	3.692978991431898e-4	-0.266805477088187	-0.9195504588572667	NO	Q06124	PTPN11	A
67	G	67	8.16	111.154	20.532	-0.5	0.817752100840336	0	0	17.851209334296264	0.00323458968363612	0.14938999269810244	-1.0237634992417135	NO	Q06124	PTPN11	A
68	G	68	11.446	112.519	21.919	-0.5	0.88135112120352	0	0	8.488761528236203	0.0018256790329366243	0.30883493899615233	-0.6906036635725173	NO	Q06124	PTPN11	A
69	E	69	14.694	111.214	23.427	-0.5	0.955555555555556	0	2	11.88271686390896	1.074894564051299e-7	0.6233631186373662	-0.19692716378300962	NO	Q06124	PTPN11	A
70	K	70	16.045	109.477	26.573	-0.5	0.948529411764706	0	1	13.45507732829371	2.5611353007253165e-12	0.6981137300055854	0.45485716927936853	NO	Q06124	PTPN11	A
71	F	71	17.578	111.782	29.215	-0.5	0.869822485207101	1	3	12.027827779847458	3.8988887380577126e-14	0.8789647047510332	0.5192267607006813	NO	Q06124	PTPN11	A
72	A	72	19.597	111.63	32.441	-0.5	0.863496503496504	0	3	12.816535661707249	6.035229908930955e-17	0.8914216456955353	0.9126178736821581	NO	Q06124	PTPN11	A
73	T	73	17.624	114.472	34.13	-0.5	0.864121280179674	0	2	11.155953498360052	1.3585104785625274e-15	0.8066379415144045	0.498591860968918	NO	Q06124	PTPN11	A
74	L	74	14.562	116.646	33.468	-0.5	0.832116788321168	0	0	10.52605556177013	4.773456137527324e-13	0.5352012850947533	0.2331576989647986	NO	Q06124	PTPN11	A
75	A	75	17	119.637	33.528	-0.5	0.797202797202797	1	0	4.741398773266901	4.462407160695329e-6	0.733615722315482	0.12518923370163323	NO	Q06124	PTPN11	A
76	E	76	19.166	118.067	30.739	0.2	0.837606837606838	0	5	4.667315190192179	9.737888537977657e-7	0.767557437159813	0.20409170157137166	NO	Q06124	PTPN11	A
77	L	77	15.911	117.282	28.811	-0.5	0.835164835164835	0	0	8.493218800820225	1.1568282060493036e-9	0.6777543141384291	-0.328047371814863	NO	Q06124	PTPN11	A
78	V	78	14.839	120.978	29.03	-0.5	0.802473262032086	0	0	5.406185296564046	1.7311676093467436e-5	0.5121312426157716	-0.39280053411037996	NO	Q06124	PTPN11	A
79	Q	79	18.36	122.352	28.193	-0.5	0.75719557195572	1	2	3.6976973045816597	9.04064611161247e-4	0.2869006318869862	-0.03559497430931428	NO	Q06124	PTPN11	A
80	Y	80	18.488	120.079	25.072	-0.5	0.752767527675277	0	0	5.7992677418547	1.2653504305746376e-5	0.36280665225460434	-0.2268533984897786	NO	Q06124	PTPN11	A
81	Y	81	15.194	121.301	23.485	-0.5	0.752767527675277	0	0	3.1656224638492683	0.016955554661638006	0.011299405147373098	-0.8115724134285944	NO	Q06124	PTPN11	A
82	M	82	15.834	124.96	24.496	-0.5	0.740049751243781	2	0	1.8769425155026218	0.38186312749406504	-0.18298701089370512	-1.0237634992417135	NO	Q06124	PTPN11	A
83	E	83	19.293	124.943	22.717	-0.5	0.738888888888889	0	0	2.8480608932921996	0.11543531447574047	-0.2057550664051453	-0.9805761131364471	NO	Q06124	PTPN11	A
86	G	86	13.399	118.23	17.936	-0.5	0.776018099547511	0	0	1.040684901281073	1	0.4300036571008116	-1.0203539687597185	NO	Q06124	PTPN11	A
87	Q	87	9.88	117.531	19.287	-0.5	0.739889705882353	0	0	2.1185353367308233	0.43695362763257134	0.012265286175949752	-1.0345603457680297	NO	Q06124	PTPN11	A
88	L	88	7.065	116.741	16.774	-0.5	0.806526806526806	0	0	4.764957929169066	0.3025593068449564	-0.09678366561005014	-1.0203539687597185	NO	Q06124	PTPN11	A
89	K	89	3.326	115.821	16.582	-0.5	0.806526806526806	0	0	1.5627751062354964	0.9999999999999999	-0.20207196900568103	-1.0021698061890802	NO	Q06124	PTPN11	A
90	E	90	1.549	113.455	14	-0.5	0.887179487179487	0	0	0	1	0.6110007318426843	-1.0885445783996124	NO	Q06124	PTPN11	A
95	V	95	6.492	120.58	15.915	-0.5	0.696969696969697	0	0	0.7785240547364307	1	-0.3766926633068314	-1.0885445783996124	NO	Q06124	PTPN11	A
96	I	96	6.52	121.31	19.713	-0.5	0.69193742478941	0	0	0.37879220024204974	0.3240299856779906	-0.781703376352861	-1.0885445783996124	NO	Q06124	PTPN11	A
97	E	97	8.74	124.273	20.774	-0.5	0.69645732689211	1	0	0.37879220024204974	0.3240299856779906	-0.791424531306201	-1.0885445783996124	NO	Q06124	PTPN11	A
98	L	98	10.082	124.768	24.346	-0.5	0.538819875776398	0	0	0.7715948617750705	0.769849546740801	-0.49189009767277847	-1.0100220582082193	NO	Q06124	PTPN11	A
99	K	99	10.65	128.562	24.377	-0.5	0.471467391304348	0	0	0.37879220024204974	0.3240299856779906	-0.15863159147891365	-1.0345603457680297	NO	Q06124	PTPN11	A
100	Y	100	9.45	130.009	27.713	-0.5	0.471467391304348	0	0	0.33454329581765474	0.21005780343994754	0.2649160000251505	-0.889930060981438	NO	Q06124	PTPN11	A
101	P	101	9.645	128.18	31.096	-0.5	0.697954271961492	1	0	0.6094461980923915	0.5752953350635182	0.678973391651396	-0.6323551302120534	NO	Q06124	PTPN11	A
102	L	102	6.49	128.873	33.179	-0.5	0.78971119133574	0	0	0.573326979360811	0.5359831226216879	1.2682397847605527	-0.5713535954083845	NO	Q06124	PTPN11	A
103	N	103	7.879	129.489	36.715	-0.5	0.793181818181818	0	0	0.37879220024204974	0.3240299856779906	1.7988516048235246	-0.37499535181309707	NO	Q06124	PTPN11	A
104	C	104	6.496	127.906	39.923	0.2	0.793181818181818	0	0	0.703061988072023	0.6270496067862301	1.723959173007815	0.1263109839900817	NO	Q06124	PTPN11	A
105	A	105	5.957	129.913	43.152	-0.5	0.797334558823529	0	0	0.5504371516189521	0.4170961765251379	1.591005994050651	0.15634896393631298	NO	Q06124	PTPN11	A
106	D	106	5.557	126.824	45.423	0.2	0.801579925650558	0	1	0.703061988072023	0.6270496067862301	1.0913101253818127	0.601458519631736	NO	Q06124	PTPN11	A
107	P	107	8.594	126.769	47.804	-0.5	0.73287307488051	0	0	0.9035599053592165	1	0.20121174518801	0.6465306927601205	NO	Q06124	PTPN11	A
108	T	108	7.915	123.209	49.191	-0.5	0.712515489467162	0	0	0.7667336331195825	0.802951378592447	-0.7428924297424477	1.1730091672020473	NO	Q06124	PTPN11	A
109	S	109	10.861	121.611	47.249	2.99	0.709307093070931	0	0	1.0423512199330707	1	-0.6368279584058146	1.5791223495035547	NO	Q06124	PTPN11	A
110	E	110	13.353	124.257	48.524	0.9	0.714580751755473	0	2	0.703061988072023	0.6270496067862301	-0.23569427520604883	0.753088957660665	NO	Q06124	PTPN11	A
111	R	111	16.088	123.263	51.043	3.69	0.643122676579926	0	0	1.6055479737334266	0.42972313477231466	-0.987750681529935	0.7909480298958008	NO	Q06124	PTPN11	A
112	W	112	15.594	126.509	53.045	2.99	0.584175084175084	0	0	0.33454329581765474	0.21005780343994754	-0.6801369583538902	-0.14559219065721862	NO	Q06124	PTPN11	A
113	F	113	11.77	126.153	53.278	-0.5	0.575456053067993	0	0	0.681533925353673	0.7716181209205591	-0.6150559341055469	0.04722758865446452	NO	Q06124	PTPN11	A
114	H	114	10.278	124.524	56.392	0.2	0.570725707257073	0	0	0.573326979360811	0.5359831226216879	-1.105079470880149	-0.03129493153692847	NO	Q06124	PTPN11	A
115	G	115	6.903	126.264	56.745	1.59	0.570725707257073	0	0	1.58034293218442	0.7151518967952923	-0.349784618403567	-0.04607670549922525	NO	Q06124	PTPN11	A
116	H	116	5.528	123.967	59.532	-0.5	0.642066420664207	2	0	0.38507007060174214	0.6512796534224782	-1.3553756327711826	-0.7655646265980864	NO	Q06124	PTPN11	A
117	L	117	8.212	125.273	61.975	-0.5	0.515555555555556	0	0	0.3062080511830405	0.4088425997261532	-1.205453108345252	-0.5916523448588031	NO	Q06124	PTPN11	A
118	S	118	7.423	127.571	64.934	-0.5	0.521348314606742	0	0	0.3062080511830405	0.4088425997261532	-1.0845150689184575	-0.8076924463982855	NO	Q06124	PTPN11	A
119	G	119	9.562	130.464	66.267	-0.5	0.517910447761194	0	0	0.25359094198396603	0.25205682044562755	-0.7637037527222269	-0.8657997840537325	NO	Q06124	PTPN11	A
120	K	120	10.96	128.425	69.191	-0.5	0.517472118959108	0	0	0	0.15990098324506116	-1.6343809063808357	-1.0885445783996124	NO	Q06124	PTPN11	A
121	E	121	11.774	125.359	66.989	-0.5	0.517037037037037	0	0	0	0.15990098324506116	-1.8201993292793333	-0.8426408901675869	NO	Q06124	PTPN11	A
122	A	122	13.489	127.432	64.219	-0.5	0.513235294117647	0	0	0.16581486449506605	0.0938590558530758	-1.058412038957855	-0.7743938624833137	NO	Q06124	PTPN11	A
123	E	123	15.806	129.121	66.796	-0.5	0.576859504132231	1	0	0	0.08438490384676328	-0.8272469844870816	-1.0885445783996124	NO	Q06124	PTPN11	A
124	K	124	16.617	125.722	68.432	-0.5	0.639194139194139	0	0	0	0.28308823529411764	-1.4333044804267658	-1.0885445783996124	NO	Q06124	PTPN11	A
125	L	125	17.517	124.091	65.048	-0.5	0.643911439114391	0	0	0	0.024243621079563214	-1.3491215448280736	-1.0405585938382056	NO	Q06124	PTPN11	A
126	L	126	19.619	127.111	63.922	-0.5	0.639194139194139	0	0	0	0.007410543671906771	-0.7892151047349493	-0.9139608206690579	NO	Q06124	PTPN11	A
127	T	127	21.523	126.985	67.273	-0.5	0.581085581085581	0	0	0	0.04491354967988771	-0.7316072533855771	-1.0885445783996124	NO	Q06124	PTPN11	A
128	E	128	22.321	123.212	67.321	-0.5	0.639194139194139	0	0	0	0.04491354967988771	-1.0269149388284247	-1.0885445783996124	NO	Q06124	PTPN11	A
129	K	129	22.645	122.519	63.53	-0.5	0.639194139194139	0	0	0.18776898492272473	0.09465435664905666	-1.2159043211807443	-1.0885445783996124	NO	Q06124	PTPN11	A
130	G	130	23.234	125.896	61.837	-0.5	0.697302697302697	0	0	0	0.007410543671906771	-0.6997765026387186	-0.8383761713290155	NO	Q06124	PTPN11	A
131	K	131	26.487	127.901	61.502	-0.5	0.701871657754011	1	0	0	0.024243621079563214	-0.5577596042450164	-1.042272379001113	NO	Q06124	PTPN11	A
132	H	132	27.354	131.418	60.116	-0.5	0.574005740057401	0	0	0	0.08438490384676328	-0.347728635682284	-1.0387129790473824	NO	Q06124	PTPN11	A
133	G	133	25.148	132.175	57.101	-0.5	0.579423868312757	0	0	0	0.08438490384676328	-0.5149343427708666	-0.796581926711016	NO	Q06124	PTPN11	A
134	S	134	22.673	129.368	57.898	-0.5	0.583747927031509	0	0	0	0.007410543671906771	-0.5900428916321705	-0.6693434638488824	NO	Q06124	PTPN11	A
135	F	135	19.109	130.431	57.125	-0.5	0.583747927031509	0	0	0	0.007873610123317559	-0.6156808103334191	-0.6884002255059221	NO	Q06124	PTPN11	A
136	L	136	15.514	129.162	56.864	-0.5	0.651291512915129	0	0	0.34143983873680217	0.11310817550261901	-0.7077726543140276	-0.5383976629978787	NO	Q06124	PTPN11	A
137	V	137	12.017	130.306	55.76	-0.5	0.651851851851852	0	0	0.6593424923227404	0.744586030288501	-0.4619068758641377	-0.4578883583049422	NO	Q06124	PTPN11	A
138	R	138	8.926	129.308	57.805	-0.5	0.701994301994302	1	0	0.6593424923227404	0.744586030288501	-0.32637404390185454	-0.4587680799195228	NO	Q06124	PTPN11	A
139	E	139	5.266	130.283	57.854	-0.5	0.755535055350554	0	1	0.33454329581765474	0.21005780343994754	0.03604637142264857	-0.8383761713290155	NO	Q06124	PTPN11	A
140	S	140	3.975	132.812	60.435	-0.5	0.75	0	0	0.33454329581765474	0.21005780343994754	0.13946593221539846	-0.8493001696577414	NO	Q06124	PTPN11	A
141	Q	141	3.118	132.386	63.312	-0.5	0.749391727493917	0	0	0.37879220024204974	0.3240299856779906	-0.15969879564468412	-0.8733788511965901	NO	Q06124	PTPN11	A
142	S	142	0.593	133.923	63.482	-0.5	0.855757575757576	0	0	0.37879220024204974	0.3240299856779906	0.2449151240111389	-0.8016569421289159	NO	Q06124	PTPN11	A
143	H	143	0.112	136.639	61.071	-0.5	0.933553719008265	1	0	0.4356558640945539	0.48916857298268646	1.2872140448256637	-1.0021698061890802	NO	Q06124	PTPN11	A
144	P	144	-1.508	134.127	58.715	-0.5	0.962727272727273	0	0	0.37879220024204974	0.3240299856779906	0.9608875841244304	-0.784781198818875	NO	Q06124	PTPN11	A
145	G	145	-0.369	134.244	55.073	-0.5	0.968978102189781	0	0	0.299125509284993	0.1344007955730903	0.964259589421183	-0.8426408901675869	NO	Q06124	PTPN11	A
146	D	146	2.97	135.883	56.02	-0.5	0.890468227424749	0	0	0.299125509284993	0.1344007955730903	1.130757876233128	-0.8578446128270938	NO	Q06124	PTPN11	A
147	F	147	6.39	134.137	56.236	0.2	0.793113024159956	1	0	0.299125509284993	0.1344007955730903	0.45910558275726826	-0.8896927676511893	NO	Q06124	PTPN11	A
148	V	148	9.419	134.446	58.57	-0.5	0.92057761732852	0	0	0.27013636923393614	0.08542218682498248	0.12471442636463939	-0.7331740870191368	NO	Q06124	PTPN11	A
149	L	149	13.105	134.412	57.423	-0.5	0.91983556012333	0	0	0.27013636923393614	0.08542218682498248	-0.2841892553638401	-0.7513610732175036	NO	Q06124	PTPN11	A
150	S	150	15.376	133.16	60.257	-0.5	0.864019253910951	0	0	0.21598561040334627	0.15442318483141212	-0.7842634164564215	-0.7654804953264528	NO	Q06124	PTPN11	A
151	V	151	19.187	133.758	59.791	-0.5	0.800711743772242	1	0	0	0.013299266040567491	-0.46331220194701667	-0.8780598760194616	NO	Q06124	PTPN11	A
152	R	152	22.298	132.911	61.9	-0.5	0.831274858697928	1	0	0	0.04491354967988771	-0.41484251198571787	-1.0185109793099916	NO	Q06124	PTPN11	A
153	T	153	25.349	135.271	61.972	-0.5	0.837233818258486	1	0	0	0.08438490384676328	-0.23170924237123636	-0.9545147594522347	NO	Q06124	PTPN11	A
154	G	154	28.679	134.94	63.827	-0.5	0.803571428571429	1	0	0	0.08438490384676328	-0.18746717431217763	-1.0237634992417135	NO	Q06124	PTPN11	A
164	K	164	29.361	134.866	69.98	-0.5	0.832887700534759	0	0	0	0.15990098324506116	0.3733954172013307	-1.0885445783996124	NO	Q06124	PTPN11	A
165	S	165	26.531	134.312	67.427	-0.5	0.827505827505828	0	0	0	0.04491354967988771	-0.2913089865009092	-1.0203539687597185	NO	Q06124	PTPN11	A
166	K	166	22.813	135.317	66.979	-0.5	0.82983682983683	0	0	0	0.04491354967988771	-0.25392779172196023	-1.0345603457680297	NO	Q06124	PTPN11	A
167	V	167	19.548	134.22	65.265	-0.5	0.807256235827664	1	0	0	0.04491354967988771	-0.6532080054811807	-1.0492833183039159	NO	Q06124	PTPN11	A
168	T	168	17.911	137.182	63.408	-0.5	0.823597455176403	0	0	0	0.08438490384676328	-0.39579161042880595	-1.0100220582082193	NO	Q06124	PTPN11	A
169	H	169	14.245	137.085	62.28	-0.5	0.796906796906797	0	0	0	0.04491354967988771	-0.06761405250073416	-1.042272379001113	NO	Q06124	PTPN11	A
170	V	170	13.025	139.031	59.214	-0.5	0.764921353156647	0	0	0.33454329581765474	0.21005780343994754	0.44411123926839224	-1.046750333781613	NO	Q06124	PTPN11	A
171	M	171	9.28	139.345	58.517	-0.5	0.78021978021978	0	0	0.37879220024204974	0.3240299856779906	1.1801651005307747	-1.042272379001113	NO	Q06124	PTPN11	A
172	I	172	8.099	138.483	54.957	-0.5	0.774545454545455	0	0	0.299125509284993	0.1344007955730903	1.3916594645899476	-1.0100220582082193	NO	Q06124	PTPN11	A
173	R	173	4.679	139.927	54.112	-0.5	0.747368421052632	3	1	0.27013636923393614	0.08542218682498248	1.5614323548584805	-1.0049560891636136	NO	Q06124	PTPN11	A
174	C	174	2.505	138.328	51.422	-0.5	0.747368421052632	1	0	0.24597090489678733	0.08727036718992476	1.5771826749716735	-0.9888813796951521	NO	Q06124	PTPN11	A
175	Q	175	0.46	141.197	49.914	-0.5	0.71256038647343	1	0	0.1338936287885068	0.03157380277396739	1.654001198757935	-1.0237634992417135	NO	Q06124	PTPN11	A
176	E	176	-1.722	140.528	46.807	-0.5	0.742562929061785	1	0	0.1482609934376329	0.0544947683646368	1.4517454220940855	-1.0885445783996124	NO	Q06124	PTPN11	A
177	L	177	0.262	137.348	45.796	-0.5	0.811371494429504	1	0	0.299125509284993	0.1344007955730903	1.4575323869917025	-0.936118509792791	NO	Q06124	PTPN11	A
178	K	178	3.636	139.24	46.038	-0.5	0.856447688564477	0	0	0.12185615196045653	0.018347207553987055	1.555630235614872	-0.9805761131364471	NO	Q06124	PTPN11	A
179	Y	179	6.37	138.936	48.743	-0.5	0.797727272727273	0	0	0.12185615196045653	0.018347207553987055	1.4965684857289205	-1.0049560891636136	NO	Q06124	PTPN11	A
180	D	180	8.446	141.649	50.504	-0.5	0.825234441602728	0	0	0.11171963497696472	0.010725138215677143	1.3268928593758975	-1.0049560891636136	NO	Q06124	PTPN11	A
181	V	181	10.657	142.359	53.595	-0.5	0.883211678832117	0	0	0.16581486449506605	0.0938590558530758	1.0229097544360848	-0.9960001796026136	NO	Q06124	PTPN11	A
182	G	182	8.598	145.489	54.496	-0.5	0.96	0	0	0.18776898492272473	0.09465435664905666	1.2911490872575417	-1.0268483125349466	NO	Q06124	PTPN11	A
183	G	183	10.185	147.734	51.859	-0.5	0.886446886446887	0	0	0.25359094198396603	0.25205682044562755	1.198771790187151	-1.0885445783996124	NO	Q06124	PTPN11	A
184	G	184	11.849	147.923	48.444	-0.5	0.880702554744526	0	0	0	0.28308823529411764	1.1850478867760488	-1.0885445783996124	NO	Q06124	PTPN11	A
185	E	185	10.996	145.368	45.726	-0.5	0.886446886446887	0	0	0.37879220024204974	0.3240299856779906	1.2816042616515086	-1.0885445783996124	NO	Q06124	PTPN11	A
186	R	186	7.889	143.099	45.61	-0.5	0.883928571428571	2	0	0.1482609934376329	0.0544947683646368	1.3285813241997113	-1.0322132052188304	NO	Q06124	PTPN11	A
187	F	187	8.636	139.493	44.471	-0.5	0.889705882352941	0	0	0.10302928432183896	0.00631492837171492	1.1800023743227952	-1.0405585938382056	NO	Q06124	PTPN11	A
188	D	188	6.397	136.973	42.604	-0.5	0.889705882352941	1	0	0.1482609934376329	0.0544947683646368	1.0357520311997044	-0.9265918805048644	NO	Q06124	PTPN11	A
189	S	189	7.636	134.133	44.897	-0.5	0.895927601809955	0	0	0.42389325967477	0.1425837925242477	0.9589581217890737	-0.7004750661108639	NO	Q06124	PTPN11	A
190	L	190	9.67	133.364	48.071	0.2	0.905919359450958	0	0	0.5350515162452942	0.32941610964295864	0.6169116127063341	-0.3595794678755599	NO	Q06124	PTPN11	A
191	T	191	12.436	131.924	45.771	-0.5	0.866666666666667	1	0	1.257165955377798	0.7398463896134424	0.5890623517398859	-0.11914200100104935	NO	Q06124	PTPN11	A
192	D	192	12.729	135.261	43.878	-0.5	0.836567926455567	0	0	0.7715948617750705	0.769849546740801	0.884941409842221	-0.7053422159735209	NO	Q06124	PTPN11	A
193	L	193	12.922	137.047	47.276	-0.5	0.786516853932584	0	0	0.22551742851252768	0.05303610421878109	0.6734397044168459	-0.9742250269444962	NO	Q06124	PTPN11	A
194	V	194	15.511	134.571	48.785	-0.5	0.710312075983718	0	0	0.45280606724951217	0.26019570436628553	0.06382896517785987	-0.5838390278871991	NO	Q06124	PTPN11	A
195	E	195	17.755	134.594	45.645	-0.5	0.715015321756895	2	0	1.0414669646140384	1	0.1431997601222159	-0.6034576880386767	NO	Q06124	PTPN11	A
196	H	196	17.714	138.437	45.552	-0.5	0.659774436090226	0	0	0.18776898492272473	0.09465435664905666	0.42649485976274054	-0.9805761131364471	NO	Q06124	PTPN11	A
197	Y	197	18.729	138.715	49.245	-0.5	0.659176029962547	1	0	0.25359094198396603	0.25205682044562755	0.055636430148637915	-0.9960001796026136	NO	Q06124	PTPN11	A
198	K	198	21.39	135.963	48.721	-0.5	0.656716417910448	0	0	0.25359094198396603	0.25205682044562755	-0.8880408196401378	-0.7654103859334247	NO	Q06124	PTPN11	A
199	K	199	23.089	138.161	46.039	-0.5	0.610198789974071	0	0	0.38507007060174214	0.6512796534224782	-0.9209644565278131	-1.0075682294522386	NO	Q06124	PTPN11	A
200	N	200	22.113	141.521	47.691	-0.5	0.613656006914434	1	1	0.38507007060174214	0.6512796534224782	-0.7136148635145312	-1.0165656015575022	NO	Q06124	PTPN11	A
201	P	201	22.318	140.993	51.513	-0.5	0.615962984384037	0	0	0.3062080511830405	0.4088425997261532	-0.7607408930819568	-0.9118689079689782	NO	Q06124	PTPN11	A
202	M	202	20.208	142.93	54.061	-0.5	0.602103120759837	0	0	0.5163631300037063	1	0.05329260224546974	-0.9497279802041143	NO	Q06124	PTPN11	A
203	V	203	22.205	145.155	56.459	-0.5	0.713260619977038	0	0	0.5163631300037063	1	-0.4476015800001515	-0.85990547548938	NO	Q06124	PTPN11	A
204	E	204	20.907	145.675	60.044	-0.5	0.712610809265084	0	0	0	1	-0.15352101856393732	-0.9157950339785479	NO	Q06124	PTPN11	A
205	T	205	20.749	149.075	61.892	-0.5	0.75065893516078	0	0	0	1	-0.3725389293020861	-0.8006286710311715	NO	Q06124	PTPN11	A
206	L	206	24.12	148.462	63.652	-0.5	0.790405904059041	0	0	0	1	-0.3725389293020861	-0.8006286710311715	NO	Q06124	PTPN11	A
207	G	207	25.92	147.117	60.531	0.2	0.745159602302459	0	0	0	1	-0.33767245877364405	-0.8529770178254336	NO	Q06124	PTPN11	A
208	T	208	25.361	143.309	60.756	0.2	0.702169625246548	0	0	0	0.15990098324506116	0.05850842668834396	-0.958982420083814	NO	Q06124	PTPN11	A
209	V	209	25.187	141.79	57.234	-0.5	0.705364745955152	0	0	0.25359094198396603	0.25205682044562755	-0.5030375295009109	-0.9330699884206543	NO	Q06124	PTPN11	A
210	L	210	22.431	139.137	56.959	-0.5	0.705364745955152	0	0	0.21598561040334627	0.15442318483141212	-0.323172722223264	-0.9742250269444962	NO	Q06124	PTPN11	A
211	Q	211	24.319	136.798	54.585	-0.5	0.659851301115242	0	0	0.1482609934376329	0.0544947683646368	-0.5420587108310726	-1.0100220582082193	NO	Q06124	PTPN11	A
212	L	212	22.245	133.891	53.227	0.2	0.655555555555556	0	0	0.18776898492272473	0.09465435664905666	-0.6517687840126776	-0.860449854305833	NO	Q06124	PTPN11	A
213	K	213	25.155	131.457	52.632	-0.5	0.662921348314607	0	0	0.18776898492272473	0.09465435664905666	-0.9197543389941969	-0.7902668622769777	NO	Q06124	PTPN11	A
214	Q	214	23.619	127.957	53.033	-0.5	0.717810070969922	0	0	0.4356558640945539	0.48916857298268646	-0.8624862764722003	-0.41811182267024294	NO	Q06124	PTPN11	A
215	P	215	20.22	126.471	54.091	-0.5	0.762654320987654	0	0	0.37879220024204974	0.3240299856779906	-0.8024392193807182	-0.4823787662792699	NO	Q06124	PTPN11	A
216	L	216	19.663	124.459	57.3	-0.5	0.766169154228856	0	0	0.33454329581765474	0.21005780343994754	-0.9901560802246462	-0.534335835889585	NO	Q06124	PTPN11	A
217	N	217	20.528	120.719	56.968	-0.5	0.771929824561403	1	0	1.2283692982468821	0.792761169511936	-0.5718807096466438	-0.15225055746721708	NO	Q06124	PTPN11	A
218	T	218	17.38	118.638	57.784	-0.5	0.711898588303083	2	0	1.3905912620464556	0.5905011165125037	-0.6510824904824831	0.204609154123785	NO	Q06124	PTPN11	A
219	T	219	18.615	115.34	56.159	-0.5	0.716599190283401	0	0	1.0423512199330707	1	-0.13111774646209023	0.20418499229596543	NO	Q06124	PTPN11	A
220	R	220	21.783	114.269	58.072	-0.5	0.72133526850508	1	0	1.3569666502503341	0.5760132707830751	0.5721144541873536	-0.8417595149409488	NO	Q06124	PTPN11	A
221	I	221	20.881	111.459	60.484	-0.5	0.72133526850508	1	1	1.0423512199330707	1	1.0004161992522225	-0.8006286710311715	NO	Q06124	PTPN11	A
222	N	222	22.785	109.125	62.804	-0.5	0.716599190283401	0	0	0.4356558640945539	0.48916857298268646	1.1536858092022493	-0.8006286710311715	NO	Q06124	PTPN11	A
223	A	223	23.163	105.674	61.162	-0.5	0.785171102661597	0	0	0.27013636923393614	0.08542218682498248	1.2757624663133853	-0.7733933824963191	NO	Q06124	PTPN11	A
224	A	224	21.816	103.999	64.369	-0.5	0.668560606060606	0	0	0.511425574451567	0.4879293144691684	1.2041465930367639	-0.8966006401539852	NO	Q06124	PTPN11	A
225	E	225	18.597	106.161	64.175	-0.5	0.719988344988345	0	0	0.511425574451567	0.4879293144691684	1.2625946942240331	-0.8632190856764848	NO	Q06124	PTPN11	A
226	I	226	17.788	105.075	60.527	-0.5	0.779987373737374	0	0	0.33454329581765474	0.21005780343994754	1.4356963898736768	-0.7744544976340406	NO	Q06124	PTPN11	A
227	E	227	14.69	103.013	61.585	-0.5	0.84688995215311	0	0	0.21598561040334627	0.15442318483141212	1.418456197134694	-0.8632190856764848	NO	Q06124	PTPN11	A
228	S	228	13.037	106.125	63.12	-0.5	0.838951310861423	1	0	0.3062080511830405	0.4088425997261532	1.1932061962428606	-1.0165656015575022	NO	Q06124	PTPN11	A
229	R	229	13.834	108.348	60.053	-0.5	0.833446404341927	0	0	0.16581486449506605	0.0938590558530758	0.5871611176924293	-0.7758083341890646	NO	Q06124	PTPN11	A
230	V	230	12.62	105.618	57.616	-0.5	0.910780669144981	1	0	0.25359094198396603	0.25205682044562755	0.8733072029286708	-0.7430454895574834	NO	Q06124	PTPN11	A
231	R	231	9.268	105.459	59.518	-0.5	0.900735294117647	0	0	0	0.15824430593873973	0.7667835701131304	-0.936118509792791	NO	Q06124	PTPN11	A
232	E	232	8.939	109.313	59.708	-0.5	0.900735294117647	0	0	0	0.5220588235294118	-0.23661140714536064	-0.9265918805048644	NO	Q06124	PTPN11	A
233	L	233	9.601	109.422	55.906	-0.5	0.857843137254902	0	0	0	0.15824430593873973	-0.07774828483265706	-0.7192483584382551	NO	Q06124	PTPN11	A
234	S	234	7.031	106.6	55.377	-0.5	0.742857142857143	0	0	0	0.15824430593873973	-0.048786155934700925	-0.85990547548938	NO	Q06124	PTPN11	A
235	K	235	4.37	108.634	57.303	-0.5	0.742857142857143	0	0	0	0.5220588235294118	-0.6119537779898698	-0.9805761131364471	NO	Q06124	PTPN11	A
246	G	246	8.126	112.224	53.386	-0.5	0.317592592592593	0	0	0	0.5220588235294118	-0.6052490088268011	-0.10492982547151024	NO	Q06124	PTPN11	A
247	F	247	10.198	110.045	50.969	0.2	0.38	0	0	2.0988369894522125	0.1865606453709294	0.34115264574475757	0.07049423687866296	NO	Q06124	PTPN11	A
248	W	248	8.686	111.8	47.891	-0.5	0.425030978934325	0	0	0.9737836216216257	1	-0.5550001409867433	0.65057823899322	NO	Q06124	PTPN11	A
249	E	249	9.17	115.336	49.394	-0.5	0.531716417910448	0	0	1.418252334687758	0.6080404976613194	-0.7778512810875612	0.8274435953148053	NO	Q06124	PTPN11	A
250	E	250	12.831	114.594	50.345	0.2	0.546468401486989	0	0	1.418252334687758	0.6080404976613194	-0.4460775538996584	0.49951730495688806	NO	Q06124	PTPN11	A
251	F	251	13.54	113.211	46.822	1.59	0.542857142857143	0	0	2.318187430946849	0.05508254543690715	0.01667224803690952	0.832677140626084	NO	Q06124	PTPN11	A
252	E	252	11.927	116.21	45.039	1.59	0.584615384615385	0	0	1.9853702919774696	0.1689751806164288	-0.34148403488824536	1.2047653298537593	NO	Q06124	PTPN11	A
253	T	253	13.982	118.652	47.195	1.59	0.625912408759124	1	0	1.4807481814375558	0.378586199821805	-0.7934047878516954	1.1050381106613727	NO	Q06124	PTPN11	A
254	L	254	17.114	116.749	46.006	5.79	0.619565217391305	0	0	2.489325041606075	0.015748992160485645	0.07926475832474562	0.8333774766169803	NO	Q06124	PTPN11	A
255	Q	255	15.684	116.68	42.421	1.59	0.660869565217391	0	0	2.8602273196913273	0.0020321962184898803	0.5891776020640562	1.0545888674256245	NO	Q06124	PTPN11	A
256	Q	256	15.3	120.539	42.541	0.9	0.660869565217391	1	2	2.0889438607228565	0.06984933268533362	0.30302268776866353	1.2944736906231082	NO	Q06124	PTPN11	A
257	Q	257	19.166	120.752	42.892	0.9	0.657586618876942	0	0	3.5654127262498867	7.054042097820079e-4	0.4605053530631123	1.3707481870509572	NO	Q06124	PTPN11	A
258	E	258	20.014	119.14	39.452	0.9	0.655675029868578	1	1	5.32383958697391	2.3022709498575104e-7	1.0057270054707834	0.6674260654408788	NO	Q06124	PTPN11	A
260	K	260	23.426	123.13	39.524	0.2	0.6875	1	0	3.977201863762095	2.0133344393064433e-4	0.653911236821621	0.8506812327556819	NO	Q06124	PTPN11	A
261	L	261	24.851	120.006	37.74	2.29	0.713837136277999	2	2	4.7693659940028335	1.3406735366361244e-6	0.7221550101797237	0.661088937680119	NO	Q06124	PTPN11	A
262	L	262	24.601	120.98	34.043	2.29	0.716386554621849	0	2	4.9614540195381815	2.1208555270421683e-6	0.6596953515591336	0.32564951571702644	NO	Q06124	PTPN11	A
263	Y	263	28.376	120.639	33.451	1.59	0.647482014388489	1	0	3.2203018551939895	9.470250226406382e-4	0.22282088265402467	1.1488942325155216	NO	Q06124	PTPN11	A
264	S	264	29.755	120.401	29.888	0.9	0.647482014388489	1	0	2.9110911902763195	0.00456384956549297	-0.20551601328866878	1.3280713310559318	YES	Q06124	PTPN11	A
265	R	265	29.477	117.04	28.068	0.9	0.647047726843992	2	1	4.138217517229979	1.6551235366991446e-4	0.10745601956355552	2.3152384093540057	NO	Q06124	PTPN11	A
266	K	266	31.269	118.229	24.877	1.59	0.646616541353383	0	0	2.049564197180192	0.20899729146013352	-0.7208540364571971	2.6760006178817846	NO	Q06124	PTPN11	A
267	E	267	33.445	115.117	24.244	0.9	0.642030608435984	1	0	0.9321588288756916	1	-0.20062608847753527	2.9135528740925385	NO	Q06124	PTPN11	A
268	G	268	30.374	112.842	24.115	-0.5	0.614285714285714	1	1	1.7931722902000171	0.18635540859919864	-0.19345283600492827	2.8673078138139205	NO	Q06124	PTPN11	A
269	Q	269	28.685	115.33	21.72	-0.5	0.58843537414966	0	0	1.6055479737334266	0.42972313477231466	-0.6209526402656831	2.633220963620494	NO	Q06124	PTPN11	A
270	R	270	31.559	114.947	19.164	0.9	0.621863799283154	0	0	0.573326979360811	0.5359831226216879	-0.31053422728270874	2.2598800326190736	NO	Q06124	PTPN11	A
271	Q	271	30.481	113.52	15.758	2.99	0.62589928057554	0	0	0.3062080511830405	0.4088425997261532	-0.6540129002598856	2.303207637510396	NO	Q06124	PTPN11	A
272	E	272	33.065	110.7	15.948	0.2	0.632727272727273	0	0	0.6174203277477165	0.7083586443339958	0.018825001182547013	2.311244387932241	NO	Q06124	PTPN11	A
273	N	273	31.797	109.722	19.485	2.99	0.632246376811594	0	0	0.573326979360811	0.5359831226216879	-0.16225509253757453	2.9668148006081863	NO	Q06124	PTPN11	A
274	K	274	28.009	109.645	18.69	1.59	0.664621244181126	0	0	1.257165955377798	0.7398463896134424	-0.5183676356311265	3.110657517014211	NO	Q06124	PTPN11	A
275	N	275	27.906	105.861	18.009	2.29	0.658366345972458	1	0	0.3062080511830405	0.4088425997261532	-0.7156311203100175	3.198785024050444	NO	Q06124	PTPN11	A
276	K	276	29.804	105.067	21.274	2.29	0.657894736842105	1	0	1.8769425155026218	0.38186312749406504	-0.4040178294244372	2.8938660098323226	NO	Q06124	PTPN11	A
277	N	277	26.796	106.2	23.377	2.29	0.629032258064516	0	0	1.8769425155026218	0.38186312749406504	-0.4834431288321745	3.0237919790524828	NO	Q06124	PTPN11	A
278	R	278	23.923	103.804	24.263	3.69	0.628571428571429	0	0	3.566298226581391	0.00296254216403525	0.04340392801607169	2.579215053922526	NO	Q06124	PTPN11	A
280	K	280	22.719	109.875	22.378	0.9	0.702907208283552	0	0	3.566298226581391	0.00296254216403525	-0.07465314714199309	1.9270317942522244	YES	Q06124	PTPN11	A
281	N	281	21.879	112.437	25.136	2.99	0.716276978417266	0	0	6.408012037993039	3.1659941994873824e-8	0.2706957406440872	1.0323832073634025	NO	Q06124	PTPN11	A
282	I	282	23.087	110.481	28.205	2.29	0.750213128729753	0	3	8.963368857816107	4.940074103134725e-11	0.521355601179617	1.56146428115245	NO	Q06124	PTPN11	A
283	L	283	26.715	111.614	28.187	0.9	0.744815911976301	1	0	4.773886614192993	6.107923759190618e-7	0.24301496669068157	2.0888131136306822	NO	Q06124	PTPN11	A
284	P	284	29.685	111.719	30.608	5.09	0.67033432077867094	0	0	3.010980248593268	4.770962969006498e-4	0.3369544917233469	2.128850052117327	NO	Q06124	PTPN11	A
285	F	285	30.849	115.027	32.148	-0.5	0.672754300276067	0	3	3.164197833181536	6.718944520607396e-4	0.6151057735665065	1.7758296243658767	NO	Q06124	PTPN11	A
286	D	286	34.143	116.127	30.521	0.2	0.706628113879004	0	0	2.2780020322412984	0.04222367648356422	0.5324875785061939	1.9424440415103708	NO	Q06124	PTPN11	A
287	H	287	35.754	116.838	33.941	-0.5	0.711160714285714	0	0	2.0712850799327502	0.07599458940767091	0.4374078924182977	1.806984571160888	NO	Q06124	PTPN11	A
288	T	288	35.242	113.268	35.33	2.99	0.710631672597865	0	0	1.422358350179763	0.4267928332108231	0.7074712229025963	1.5409502727524487	NO	Q06124	PTPN11	A
289	R	289	35.132	111.18	32.088	2.99	0.70811170212766	1	0	1.422358350179763	0.4267928332108231	0.5106341935772568	1.9539886267558384	NO	Q06124	PTPN11	A
290	V	290	37.49	108.219	31.642	0.9	0.710106382978723	1	0	0.9299201497291567	1	0.14420262045790108	1.9178977825191075	NO	Q06124	PTPN11	A
291	V	291	40.157	109.252	29.103	1.59	0.668544600938967	0	0	0.8824445327690796	0.8241112833633616	0.19786683735077762	2.207230140048347	NO	Q06124	PTPN11	A
292	L	292	41.579	106.287	27.122	5.79	0.630742049469965	0	0	0.6094461980923915	0.5752953350635182	0.28567834949650833	2.0949827402171484	NO	Q06124	PTPN11	A
293	H	293	45.303	106.351	26.226	0.2	0.672791519434629	2	0	0.16581486449506605	0.0938590558530758	0.16977725635797342	1.6276335262923043	NO	Q06124	PTPN11	A
294	D	294	47.538	104.312	23.81	0.2	0.81095406360424	3	0	0.16581486449506605	0.0938590558530758	0.41356351386038065	1.1103103370170806	NO	Q06124	PTPN11	A
295	G	295	44.687	103.742	21.318	0.9	0.81095406360424	0	0	0.1338936287885068	0.03157380277396739	0.6290077890877755	1.1209529428787355	NO	Q06124	PTPN11	A
296	D	296	45.313	103.646	17.553	-0.5	0.873443060498221	0	0	0.1482609934376329	0.0544947683646368	0.9022291865881572	0.8908167982232574	NO	Q06124	PTPN11	A
297	P	297	46.598	106.624	15.453	-0.5	0.873443060498221	1	0	0.18776898492272473	0.09465435664905666	1.8434691189564993	0.4409619398998779	NO	Q06124	PTPN11	A
298	N	298	44.514	105.455	12.405	-0.5	0.822689075630252	1	0	0	0.08438490384676328	2.047839929548103	0.3489784162471032	NO	Q06124	PTPN11	A
299	E	299	41.183	106.134	14.203	-0.5	0.870345744680851	0	0	0.25359094198396603	0.25205682044562755	1.6177583529173618	1.1994377118584978	NO	Q06124	PTPN11	A
300	P	300	41.053	109.964	14.768	-0.5	0.926995305164319	1	0	0.5163631300037063	1	1.171138674799244	1.5899547353535262	NO	Q06124	PTPN11	A
301	V	301	39.316	109.808	18.214	0.9	0.955516014234875	0	0	0.27013636923393614	0.08542218682498248	0.3923157456028792	1.9816158516908247	NO	Q06124	PTPN11	A
302	S	302	40.364	106.781	20.349	2.99	0.9	0	0	0.12185615196045653	0.018347207553987055	0.32181855133609827	1.7959931441037675	NO	Q06124	PTPN11	A
303	D	303	40.229	108.442	23.822	0.9	0.924133811230585	0	1	0.22551742851252768	0.05303610421878109	0.26741394435549815	2.123044590174948	NO	Q06124	PTPN11	A
304	Y	304	36.428	108.142	24.428	2.99	0.933508147593182	0	0	0.8093200445605537	0.6770250081753718	-0.12351889179933424	2.47464049333069	NO	Q06124	PTPN11	A
305	I	305	34.19	105.878	26.475	1.59	0.927584919746174	0	0	0.8824445327690796	0.8241112833633616	-0.39388067991059755	2.3861119947660407	NO	Q06124	PTPN11	A
306	N	306	30.78	106.704	28.024	2.99	0.962661660408844	0	0	2.4059135302374726	0.029661211306630398	-0.21020550090070306	2.710308559157194	YES	Q06124	PTPN11	A
307	A	307	32.14	106.348	31.587	4.39	0.964075630252101	0	0	2.05734651559335	0.057531030883356794	0.043986065379203076	2.29969095035611	NO	Q06124	PTPN11	A
308	N	308	33.072	108.523	34.575	0.9	0.984070091596973	1	3	1.4744944050783375	0.3569428214109652	0.5817197588385222	1.7332182721925167	NO	Q06124	PTPN11	A
309	I	309	35.367	108.141	37.601	-0.5	1.04195656757327	1	0	0.9723265634690802	0.9999999999999999	0.601170832422036	1.1140121129689606	NO	Q06124	PTPN11	A
310	I	310	33.258	108.335	40.809	0.2	0.997687564234327	0	0	1.4407413807316298	0.3398177168940392	1.0116774273292548	0.7420287734141943	NO	Q06124	PTPN11	A
311	M	311	35.387	109.649	43.723	-0.5	0.991295442908346	2	0	0.9035599053592165	1	1.2183998154449618	0.013762038382418459	NO	Q06124	PTPN11	A
312	P	312	33.491	109.787	47.096	-0.5	0.991295442908346	0	0	0.45280606724951217	0.26019570436628553	1.3543465834393755	-0.416740794539917	NO	Q06124	PTPN11	A
313	E	313	34.021	113.197	48.785	-0.5	0.981443823080834	0	0	0.6593424923227404	0.744586030288501	1.68014815419538	-0.679400920560249	NO	Q06124	PTPN11	A
324	K	324	39.698	105.352	49.281	-0.5	0.77517667844523	1	0	0	0.15990098324506116	0.19561384754038635	-0.5430197012804612	NO	Q06124	PTPN11	A
325	K	325	37.349	103.054	47.217	0.2	0.701634275618375	0	0	0	5.889809505096819e-4	-0.1572291759628879	-0.3362481752756217	NO	Q06124	PTPN11	A
326	S	326	36.543	104.709	43.831	-0.5	0.658036454018227	0	0	0.2717627554304957	0.047828545849888784	0.31731151741727975	-0.1978047399784984	NO	Q06124	PTPN11	A
327	Y	327	34.21	103.565	41.03	0.9	0.580447585394582	0	0	0.28451958652550857	0.026092507698642468	0.248482015925857	0.6271855313903293	NO	Q06124	PTPN11	A
328	I	328	33.806	103.804	37.262	0.9	0.617957746478873	1	0	0.3206762118682742	0.04027406108328688	0.40420663087075437	1.3609284450784	NO	Q06124	PTPN11	A
329	A	329	30.141	104.339	36.459	0.2	0.659154929577465	1	0	2.1555891168206074	0.03350469339802283	0.6710554139823153	1.376628671064595	NO	Q06124	PTPN11	A
330	T	330	29.556	103.162	32.898	0.9	0.661484098939929	0	0	2.2192081883816663	0.05128470484331143	0.3210517317565596	2.0487105408186492	NO	Q06124	PTPN11	A
331	Q	331	26.93	102.047	30.381	-0.5	0.666666666666667	0	0	2.9110911902763195	0.00456384956549297	0.35690125952557755	2.102858859263702	NO	Q06124	PTPN11	A
332	G	332	26.303	98.502	29.13	0.2	0.589651022864019	0	0	1.1800659450073427	0.7836272275022399	0.34154729553929475	1.8276800813662817	NO	Q06124	PTPN11	A
333	C	333	28.595	97.685	26.198	0.2	0.671462829736211	0	0	0.6174203277477165	0.7083586443339958	0.07713380552483297	1.836832575151836	NO	Q06124	PTPN11	A
334	L	334	27.609	98.328	22.596	0.9	0.633574007220217	0	0	0.7762591413341344	1	-0.2696062685167882	1.818671606666109	NO	Q06124	PTPN11	A
335	Q	335	29.215	95.877	20.125	2.99	0.631294964028777	1	0	0	0.15824430593873973	-0.3831060715275073	1.5517873559738942	NO	Q06124	PTPN11	A
336	N	336	31.443	98.726	18.812	1.59	0.672754300276067	0	0	0	0.15824430593873973	-0.6795643903191423	1.9260892124126257	NO	Q06124	PTPN11	A
337	T	337	32.608	99.661	22.427	3.69	0.668820064601938	0	0	0.3062080511830405	0.4088425997261532	-0.20814469824238052	2.1617268823798326	NO	Q06124	PTPN11	A
338	V	338	33.517	96.188	23.877	1.59	0.698916967509025	0	0	0	0.04491354967988771	-0.27318424634856675	0.7698626299426211	NO	Q06124	PTPN11	A
339	N	339	37.196	96.797	22.856	0.9	0.668820064601938	0	0	0	0.04491354967988771	-0.1590307256762543	1.1548405242029305	NO	Q06124	PTPN11	A
340	D	340	37.177	100.274	24.466	0.9	0.64	0	0	0.12185615196045653	0.018347207553987055	-0.18382484321071207	1.8205885977840468	NO	Q06124	PTPN11	A
341	F	341	35.587	98.729	27.614	-0.5	0.64051094890511	0	0	0.09549622165438008	0.006218555261830234	-0.2102457932207244	1.5802783605249038	NO	Q06124	PTPN11	A
342	W	342	38.571	96.305	27.976	0.2	0.63768115942029	0	0	0	0.007873610123317559	-0.547942687002739	0.5114993692221836	NO	Q06124	PTPN11	A
343	R	343	41.093	99.085	27.214	-0.5	0.642335766423358	1	0	0.10302928432183896	0.00631492837171492	-0.26173337069985614	0.9232678243373684	NO	Q06124	PTPN11	A
344	M	344	39.432	100.989	30.141	0.2	0.604593301435407	0	0	0.2549256800708382	0.010064185737693111	-0.005976448477361604	1.5599879776478311	NO	Q06124	PTPN11	A
345	V	345	39.522	98.062	32.662	0.9	0.56682769726248	0	0	0	4.6040914261514836e-5	-0.7620405755485143	0.5830386248711795	NO	Q06124	PTPN11	A
346	F	346	43.214	97.327	31.817	-0.5	0.600170502983802	0	0	0.058794672370650086	9.463367438040258e-5	-1.1395217461666525	0.06650956658563281	NO	Q06124	PTPN11	A
347	Q	347	44.364	101.024	31.848	0.2	0.600641711229947	0	0	0.1794768291263553	0.011558823410079536	-1.0390055522309762	0.43711593891091166	NO	Q06124	PTPN11	A
348	E	348	42.478	101.763	35.082	0.2	0.641818181818182	1	0	0.2717627554304957	0.047828545849888784	-0.7945895948042575	0.7904052474981644	NO	Q06124	PTPN11	A
349	N	349	43.87	98.578	36.731	-0.5	0.677647058823529	1	0	0.08890370714361207	0.003419750354470674	-1.787215412334547	-0.2944539306576222	NO	Q06124	PTPN11	A
350	S	350	40.304	97.525	37.73	0.2	0.67379679144385	1	0	0	5.889809505096819e-4	-1.4263212458953844	-0.20206665308099178	NO	Q06124	PTPN11	A
351	R	351	39.908	94.082	39.284	-0.5	0.667519181585678	1	0	0	0.0011006134966825296	-1.8016963694803456	-0.14052878584498996	NO	Q06124	PTPN11	A
352	V	352	36.138	94.049	39.971	-0.5	0.671871657754011	1	0	0	0.0011006134966825296	-1.6068982730804708	-0.05835715724574784	NO	Q06124	PTPN11	A
353	I	353	33.248	94.478	37.472	0.9	0.787454873646209	1	0	0	0.0011006134966825296	-1.1259892465611494	0.1515503654801723	NO	Q06124	PTPN11	A
354	V	354	29.717	94.991	38.843	0.2	0.787454873646209	0	0	0.10302928432183896	0.00631492837171492	-1.0098990509956218	0.44884924661553116	NO	Q06124	PTPN11	A
355	M	355	27.044	94.179	36.205	0.2	0.780125899280576	0	0	0.5012419622346518	0.2958919362758415	-0.5414168489354446	0.5221056929081556	NO	Q06124	PTPN11	A
356	T	356	23.48	95.103	37.307	-0.5	0.83754512635379	0	0	1.9643050015395074	0.12685007986556443	-0.6383425131924659	1.057697861786106	NO	Q06124	PTPN11	A
357	T	357	21.519	94.106	34.195	0.9	0.907194994786236	1	0	3.7159887845939563	0.01243082773526492	-0.15972050134295054	0.7892253419528263	YES	Q06124	PTPN11	A
358	K	358	20.756	91.007	32.127	-0.5	0.925333333333333	0	0	0.7739502798199246	1	-0.028792257978574643	0.48702381111929316	NO	Q06124	PTPN11	A
359	E	359	22.093	91.232	28.545	-0.5	0.919323671497584	0	0	0	0.08438490384676328	0.30016916564094565	0.4272688501719207	NO	Q06124	PTPN11	A
360	V	360	18.411	91.306	27.41	-0.5	0.941605839416058	0	0	0	0.15990098324506116	0.8769295532350359	0.13596394041962515	NO	Q06124	PTPN11	A
361	E	361	15.43	92.796	29.247	1.59	0.948529411764706	0	0	1.5864453050047593	0.5188888552857037	0.07884016573047035	0.4384380017508688	NO	Q06124	PTPN11	A
362	R	362	11.862	93.068	27.807	-0.5	0.849382716049383	0	0	0.7785240547364307	1	0.7430626750101159	0.10314252610943447	NO	Q06124	PTPN11	A
363	G	363	13.147	91.93	24.365	-0.5	0.897923875432526	0	0	0	1	1.5715290516843894	0.20152434083055173	NO	Q06124	PTPN11	A
364	K	364	15.722	94.798	24.249	0.2	0.871336996336996	1	0	0	0.28308823529411764	1.3989288431297995	0.29565521503549913	NO	Q06124	PTPN11	A
365	S	365	19.567	94.552	24.261	-0.5	0.854320987654321	0	0	0.7762591413341344	1	0.8453449899856904	0.7588178966338124	NO	Q06124	PTPN11	A
366	K	366	20.799	96.262	27.48	1.59	0.766051660516605	0	0	2.416828295816858	0.19534805044042639	0.5490137336256746	0.9890771745930121	NO	Q06124	PTPN11	A
367	C	367	24.423	95.048	27.299	0.2	0.766051660516605	0	0	0.7762591413341344	1	0.29913075144896234	1.1735875696945284	NO	Q06124	PTPN11	A
368	V	368	26.357	93.192	24.566	-0.5	0.826190476190476	1	0	0	0.15824430593873973	0.37946097681668173	0.9890771745930121	NO	Q06124	PTPN11	A
369	K	369	28.256	90.099	25.889	-0.5	0.790883190883191	0	0	0	0.15824430593873973	0.24073287902503704	0.5025072009180218	NO	Q06124	PTPN11	A
370	Y	370	31.822	91.448	26.473	-0.5	0.826872012745619	0	0	0	0.08438490384676328	-0.21248852309680621	0.3530327422896384	NO	Q06124	PTPN11	A
371	W	371	33.048	88.363	28.407	-0.5	0.820769636267791	0	0	0	0.013299266040567491	-0.1563502318267214	-0.2873744973855937	NO	Q06124	PTPN11	A
372	P	372	33.886	84.921	26.874	0.2	0.762637362637363	0	0	0	0.08438490384676328	0.18307581733161646	-0.6573562314121141	NO	Q06124	PTPN11	A
373	D	373	31.986	81.679	27.669	-0.5	0.817111459968603	1	0	0	0.15990098324506116	0.3594990919615038	-0.7475915302001429	NO	Q06124	PTPN11	A
374	E	374	33.132	79.574	30.633	-0.5	0.814129301355579	1	0	0	0.04491354967988771	0.17801227569119227	-0.7940851276818888	NO	Q06124	PTPN11	A
375	Y	375	36.615	78.035	29.856	-0.5	0.808229813664596	1	0	0	0.15990098324506116	0.2189375645277122	-0.7286496941890613	NO	Q06124	PTPN11	A
376	A	376	36.81	80.069	26.562	-0.5	0.758241758241758	0	0	0	0.15990098324506116	0.23769628372861157	-0.7646391826101164	NO	Q06124	PTPN11	A
377	L	377	39.503	82.59	25.616	-0.5	0.743374272786038	0	0	0	0.04491354967988771	0.28993977388130426	-0.8068877124957029	NO	Q06124	PTPN11	A
378	K	378	38.69	85.679	23.496	-0.5	0.746107266435986	0	0	0	0.024243621079563214	0.15361275603856692	-0.5977401461589771	NO	Q06124	PTPN11	A
379	E	379	40.627	88.588	21.982	-0.5	0.777982779827798	0	0	0	0.15990098324506116	-0.09360004094831725	-0.5710363003267948	NO	Q06124	PTPN11	A
380	Y	380	38.931	92.038	22.104	-0.5	0.74886042978076806	0	0	0	0.08438490384676328	-0.31964772163594923	0.1118884802814585	NO	Q06124	PTPN11	A
381	G	381	41.246	94.153	19.958	-0.5	0.74886042978076806	0	0	0	0.15990098324506116	-0.26285472925385017	0.1483314298698419	NO	Q06124	PTPN11	A
382	V	382	44.618	94.471	21.763	-0.5	0.777982779827798	1	0	0.1482609934376329	0.0544947683646368	-0.5091789778688235	-0.3417824681069062	NO	Q06124	PTPN11	A
383	M	383	43.082	92.809	24.881	0.2	0.780237802378024	1	0	0.18776898492272473	0.09465435664905666	-0.8029615805447141	-0.4216640319169964	NO	Q06124	PTPN11	A
384	R	384	42.772	89.126	25.659	-0.5	0.751633986928105	0	0	0.299125509284993	0.1344007955730903	-0.7983995327261227	-0.5708247702724017	NO	Q06124	PTPN11	A
385	V	385	40.217	87.768	28.152	0.9	0.751633986928105	1	0	0.11171963497696472	0.010725138215677143	-0.6561040173805497	-0.5833875917955065	NO	Q06124	PTPN11	A
386	R	386	40.024	84.228	29.572	-0.5	0.757243195785777	0	0	0	0.013299266040567491	-0.35936336917274897	-0.8051273570838035	NO	Q06124	PTPN11	A
387	N	387	36.921	83.128	31.536	-0.5	0.762936753648828	0	0	0	0.08438490384676328	-0.18283401196504048	-0.7646391826101164	NO	Q06124	PTPN11	A
388	V	388	38.581	80.834	34.129	-0.5	0.762936753648828	1	0	0	0.04491354967988771	-0.42638618536888145	-0.7397233829340014	NO	Q06124	PTPN11	A
389	K	389	35.524	79.727	36.16	-0.5	0.729558270676692	0	0	0	0.04491354967988771	-0.32015869870294755	-0.8186234152416991	NO	Q06124	PTPN11	A
390	E	390	31.859	80.617	36.725	-0.5	0.691136079900125	0	0	0.21598561040334627	0.15442318483141212	-0.28441340074431726	-0.7106549499785337	NO	Q06124	PTPN11	A
391	S	391	30.209	80.269	40.149	-0.5	0.651685393258427	0	0	0.511425574451567	0.4879293144691684	-0.563018135224376	-0.635077024294318	NO	Q06124	PTPN11	A
392	A	392	26.45	80.761	40.479	-0.5	0.615113461114783	1	0	0.4356558640945539	0.48916857298268646	-1.0097002518686762	-0.5430197012804612	NO	Q06124	PTPN11	A
393	A	393	24.656	82.147	43.547	-0.5	0.695131086142322	1	0	0.511425574451567	0.4879293144691684	-1.8712462319180603	-0.27123141428716985	NO	Q06124	PTPN11	A
394	H	394	20.877	82.808	43.941	-0.5	0.738679245283019	1	0	0.511425574451567	0.4879293144691684	-2.4585137010225817	0.13201321462302812	NO	Q06124	PTPN11	A
395	D	395	20.923	86.5	42.841	0.2	0.743607954545455	0	1	0.6593424923227404	0.744586030288501	-2.5334520150456332	0.3379156375403356	NO	Q06124	PTPN11	A
396	Y	396	24.186	86.622	40.841	0.2	0.804821802935011	0	1	0.4356558640945539	0.48916857298268646	-1.7250758473405046	-0.09646862329578464	NO	Q06124	PTPN11	A
397	T	397	26.893	84.835	38.833	-0.5	0.846528084918178	1	0	0.33454329581765474	0.21005780343994754	-0.785200546928655	-0.15097408300105156	NO	Q06124	PTPN11	A
398	L	398	30.596	85.301	39.462	-0.5	0.838510685172946	0	0	0.299125509284993	0.1344007955730903	-0.9891749484760107	-0.4002456123469334	NO	Q06124	PTPN11	A
399	R	399	32.925	84.992	36.471	0.2	0.719320066334992	0	0	0.12185615196045653	0.018347207553987055	-0.42971421415950095	-0.5332781856176192	NO	Q06124	PTPN11	A
400	E	400	36.645	84.725	37.154	-0.5	0.718711276332094	0	0	0	0.0040330157727407724	-0.7028410448461162	-0.6026864847153685	NO	Q06124	PTPN11	A
401	L	401	38.261	86.462	34.173	0.2	0.691395961369623	0	0	0	0.007873610123317559	-0.628546172834269	-0.5983093847722671	NO	Q06124	PTPN11	A
402	K	402	41.939	86.775	33.292	-0.5	0.691395961369623	0	0	0.12185615196045653	0.018347207553987055	-0.8603855204101447	-0.6206812289258961	NO	Q06124	PTPN11	A
403	L	403	42.81	89.956	31.329	-0.5	0.727695167286245	0	0	0.19278041201286908	0.019218311039541594	-1.085873797512983	-0.6461372085407887	NO	Q06124	PTPN11	A
404	S	404	46.067	90.75	29.49	-0.5	0.697744360902256	0	0	0.27013636923393614	0.08542218682498248	-1.1539698345756064	-0.6706021322196176	NO	Q06124	PTPN11	A
405	K	405	47.43	92.694	26.503	-0.5	0.692537313432836	0	0	0.24597090489678733	0.08727036718992476	-1.010516820843992	-0.5795503850161187	NO	Q06124	PTPN11	A
406	V	406	48.041	90.502	23.375	-0.5	0.687407407407407	1	0	0.37879220024204974	0.3240299856779906	-0.7931187465110869	-0.8529770178254336	NO	Q06124	PTPN11	A
407	G	407	51.753	89.956	22.663	-0.5	0.646840148698885	0	0	0.511425574451567	0.4879293144691684	-1.0383295763861493	-0.9034557808056148	NO	Q06124	PTPN11	A
408	Q	408	52.596	91.257	26.174	-0.5	0.651685393258427	0	0	0.511425574451567	0.4879293144691684	-1.1900729981913905	-0.8892181809906918	NO	Q06124	PTPN11	A
409	G	409	53.776	88.668	28.693	-0.5	0.608239700374532	1	1	0.6174203277477165	0.7083586443339958	-1.7097355014845212	-0.9805761131364471	NO	Q06124	PTPN11	A
410	N	410	53.353	89.499	32.43	0.2	0.558102345415778	0	0	0.6174203277477165	0.7083586443339958	-1.7868917748138509	-0.9805761131364471	NO	Q06124	PTPN11	A
411	T	411	50.389	91.935	31.911	-0.5	0.520446096654275	2	1	0.299125509284993	0.1344007955730903	-1.4004155872453288	-0.7646391826101164	NO	Q06124	PTPN11	A
412	E	412	47.878	89.287	33.112	-0.5	0.491573033707865	0	0	0.299125509284993	0.1344007955730903	-1.4010124634210364	-0.7351932375383441	NO	Q06124	PTPN11	A
413	R	413	45.615	90.137	36.067	-0.5	0.491573033707865	1	0	0.2079815291171812	0.031974976490801034	-1.599893887329275	-0.6288078876016181	NO	Q06124	PTPN11	A
414	T	414	42.439	88.479	37.38	-0.5	0.539766468385107	1	0	0.12185615196045653	0.018347207553987055	-1.5788464427633588	-0.5870136429836186	NO	Q06124	PTPN11	A
415	V	415	39.205	90.508	36.939	0.2	0.556107249255214	0	0	0	0.0011006134966825296	-1.1503312910474215	-0.3435621680837716	NO	Q06124	PTPN11	A
416	W	416	36.183	89.418	38.98	-0.5	0.562474889513861	0	0	0	0.002090838370945079	-1.2141163243781496	-0.36173247077440185	NO	Q06124	PTPN11	A
417	Q	417	32.841	90.016	37.296	0.2	0.56140350877193	0	0	0.1338936287885068	0.03157380277396739	-0.8369950612947212	-0.1326931451106099	NO	Q06124	PTPN11	A
418	Y	418	29.863	89.991	39.649	0.2	0.557182429758607	0	0	0.24597090489678733	0.08727036718992476	-1.2091444379909935	-0.10184501217827696	NO	Q06124	PTPN11	A
419	H	419	26.8	89.829	37.409	0.2	0.529323308270677	0	0	0.27013636923393614	0.08542218682498248	-0.7927522863816696	0.13921111230723915	NO	Q06124	PTPN11	A
420	F	420	23.601	90.579	39.414	0.2	0.527340823970038	0	0	0.573326979360811	0.5359831226216879	-1.466495510604898	0.3074146160856441	NO	Q06124	PTPN11	A
421	R	421	20.784	88.771	37.497	-0.5	0.502229356161941	2	0	0.6593424923227404	0.744586030288501	-1.1133881877272602	0.2044328790784574	NO	Q06124	PTPN11	A
422	T	422	17.57	89.112	39.553	2.99	0.461423220973783	0	0	0.7715948617750705	0.769849546740801	-2.523150576089458	0.8000730370499106	NO	Q06124	PTPN11	A
423	W	423	16.95	92.907	39.449	1.59	0.485271013354281	0	0	2.75288677309627	0.03449773437646018	-2.1837825073923227	0.8907487508712009	YES	Q06124	PTPN11	A
424	P	424	13.331	93.49	38.209	-0.5	0.481676413255361	0	1	3.735806436206926	0.005226985349589397	-2.0780849979695555	0.7647575992481127	YES	Q06124	PTPN11	A
425	D	425	12.69	94.836	34.654	1.59	0.432234432234432	0	0	3.1656224638492683	0.016955554661638006	-0.9171520458377297	0.5017953209272757	YES	Q06124	PTPN11	A
426	H	426	10.843	97.873	36.19	-0.5	0.432234432234432	0	0	4.885595299667048	1.7087735651204907e-4	-1.5235739565865472	1.0114420709689536	YES	Q06124	PTPN11	A
427	G	427	11.177	99.41	39.671	0.2	0.343552311435523	0	0	6.995614785802214	8.351517805030072e-6	-0.9604432913297797	0.6021703996224822	YES	Q06124	PTPN11	A
428	V	428	13.4	97.957	42.459	-0.5	0.340794223826715	1	1	4.960246386825332	2.5122803092679844e-4	-1.1742581156211513	0.9092926853271144	YES	Q06124	PTPN11	A
429	P	429	13.579	94.627	44.485	0.2	0.274626095925735	0	0	2.513207147704836	0.05670098826772021	-2.499535275985482	0.8495995449775352	NO	Q06124	PTPN11	A
430	S	430	11.096	94.154	47.415	2.29	0.316964285714286	1	0	1.9225710655797323	0.3480168269765737	-2.6890232331896287	1.0436783698832413	NO	Q06124	PTPN11	A
431	D	431	13.866	93.156	49.881	2.29	0.316964285714286	0	0	1.174498855146089	1	-2.0230043080858833	0.7422921111343485	NO	Q06124	PTPN11	A
432	P	432	17.466	94.545	49.814	3.69	0.316964285714286	0	0	1.8463596629444967	0.28080906734539385	-1.5370855614903864	0.5378485978779676	NO	Q06124	PTPN11	A
433	G	433	19.026	91.378	51.357	1.59	0.318996415770609	0	0	0.25359094198396603	0.25205682044562755	-1.751959328640691	0.25594044732318705	NO	Q06124	PTPN11	A
434	G	434	20.214	89.969	48.011	-0.5	0.393713813068652	0	0	0.7739502798199246	1	-3.4567910815928	0.6172337802266706	NO	Q06124	PTPN11	A
435	V	435	21.751	93.329	46.876	0.2	0.393713813068652	0	0	0.7691898406843001	0.7876506881478595	-1.898007757746904	0.4883216898829097	NO	Q06124	PTPN11	A
436	L	436	23.477	93.777	50.31	-0.5	0.393713813068652	0	0	0.8872909425711792	1	-1.2196946197020655	0.09756613284858963	NO	Q06124	PTPN11	A
437	D	437	24.879	90.173	50.242	-0.5	0.36896197327852	0	0	0.7762591413341344	1	-2.297149156987968	0.20502046256288275	NO	Q06124	PTPN11	A
438	F	438	26.096	90.884	46.673	0.2	0.496277915632754	0	0	0.4356558640945539	0.48916857298268646	-2.2438378729541095	0.27899722325203935	NO	Q06124	PTPN11	A
439	L	439	27.774	94.23	47.647	-0.5	0.429761904761905	0	0	1.0414669646140384	1	-1.437242906971497	0.04419886287565361	NO	Q06124	PTPN11	A
440	E	440	29.392	92.712	50.822	-0.5	0.429761904761905	0	0	0	0.28308823529411764	-2.3365247524939745	-0.26008712036887865	NO	Q06124	PTPN11	A
441	E	441	30.95	90.011	48.585	-0.5	0.53470165044435	0	0	0.38507007060174214	0.6512796534224782	-2.677809694800321	-0.416740794539917	NO	Q06124	PTPN11	A
442	V	442	32.049	92.701	46.023	0.9	0.566546762589928	0	0	0.16581486449506605	0.0938590558530758	-1.867149903684887	-0.24814138932416335	NO	Q06124	PTPN11	A
443	H	443	33.62	94.813	48.833	0.2	0.602150537634409	1	0	0	0.024243621079563214	-1.7850610149070478	-0.402627269668915	NO	Q06124	PTPN11	A
444	H	444	35.556	91.82	50.3	-0.5	0.558067831449126	0	0	0	0.15824430593873973	-2.6243375050273947	-0.5430197012804612	NO	Q06124	PTPN11	A
445	K	445	37.005	90.879	46.836	0.2	0.502638156067759	0	0	0	0.04491354967988771	-2.3174363813813574	-0.5127127636627307	NO	Q06124	PTPN11	A
446	Q	446	38.009	94.542	46.148	-0.5	0.478677685950413	0	0	0	0.0040330157727407724	-2.0442707306036354	-0.3425806365813792	NO	Q06124	PTPN11	A
447	E	447	39.63	94.797	49.651	-0.5	0.482184482184482	0	0	0	0.08438490384676328	-2.052876008737577	-0.6174094572512546	NO	Q06124	PTPN11	A
448	S	448	41.491	91.451	49.09	-0.5	0.482184482184482	0	0	0	0.15824430593873973	-2.9154940123292725	-0.7430454895574834	NO	Q06124	PTPN11	A
449	I	449	43.388	92.872	46.028	-0.5	0.478677685950413	1	0	0	0.013299266040567491	-2.2717130487088943	-0.5252308465917933	NO	Q06124	PTPN11	A
450	M	450	46.602	94.905	46.474	-0.5	0.52463768115942	0	0	0	0.04491354967988771	-2.732193642379497	-0.8109113820086158	NO	Q06124	PTPN11	A
451	D	451	46.788	98	44.186	-0.5	0.528467153284672	0	0	0	0.024243621079563214	-1.909395209021439	-0.6312663725791475	NO	Q06124	PTPN11	A
452	A	452	43.29	97.356	42.627	-0.5	0.589336589336589	0	0	0	0.0011006134966825296	-1.8945516352581	-0.311171628504822	NO	Q06124	PTPN11	A
453	G	453	41.872	100.293	40.605	0.2	0.731313131313131	1	0	0	3.202352002191935e-4	-1.0931062867132422	-0.22479685629428975	NO	Q06124	PTPN11	A
454	P	454	38.27	101.656	40.585	0.9	0.72866344605475	0	0	0.21132908920835144	0.006807526977895155	-0.4397484795658596	0.20658992897522951	NO	Q06124	PTPN11	A
455	V	455	35.381	99.164	40.757	-0.5	0.78695652173913	0	0	0.2240557799009247	0.011111839076069817	-0.8419172999138282	0.17787410558242975	NO	Q06124	PTPN11	A
456	V	456	33.711	99.161	37.325	0.9	0.784115523465704	2	0	0.29189742870955204	0.04741797985505032	-0.5855624958092225	0.5720238295795802	NO	Q06124	PTPN11	A
457	V	457	29.906	99.436	37.801	0.9	0.775714285714286	0	0	1.0442376371307538	1	-0.17954067143292307	0.998048315292721	NO	Q06124	PTPN11	A
458	H	458	27.406	99.299	34.862	2.99	0.778494623655914	0	0	1.948207976020102	0.1368669826679172	0.17444843343246452	1.288339933958656	NO	Q06124	PTPN11	A
459	C	459	23.75	98.603	33.97	0.9	0.781294964028777	0	0	1.7863021160627024	0.1685479250234392	0.1332463441816661	1.3054018058002006	NO	Q06124	PTPN11	A
460	S	460	22.072	99.799	30.701	0.9	0.705767350928641	0	0	4.385282519047888	0.0021083012962616935	0.4066448362036684	1.67177970571844	NO	Q06124	PTPN11	A
461	A	461	22.522	103.623	30.428	0.2	0.754778972520908	0	2	6.440707688881242	1.3362128216767369e-7	0.6157993105897628	1.7452830545501912	NO	Q06124	PTPN11	A
462	G	462	24.74	103.449	33.588	2.99	0.754778972520908	0	0	5.249552328264279	3.985075377322102e-7	0.6740169669010478	1.6950299906335966	NO	Q06124	PTPN11	A
463	I	463	22.915	106.06	35.734	4.39	0.796250344637442	0	0	8.255294296596063	1.864104765621268e-11	1.0204615572139446	1.3138324679224804	NO	Q06124	PTPN11	A
464	G	464	19.911	104.531	37.548	4.39	0.801999444598723	0	1	7.999813688209433	1.599990082423642e-11	0.6225229192216496	0.5826530232095253	NO	Q06124	PTPN11	A
465	R	465	20.785	101.037	38.841	1.59	0.744713769984528	0	0	4.63646673344949	2.9590467569327484e-5	-0.3029855248030699	0.7832151130137305	YES	Q06124	PTPN11	A
466	T	466	24.526	101.995	38.596	0.9	0.744713769984528	0	0	4.282873292792379	1.4645836173620665e-5	0.656191886210885	1.0951176315479065	NO	Q06124	PTPN11	A
467	G	467	23.83	105.108	40.713	0.2	0.744090441932169	0	0	6.1671304359254195	5.089347124602311e-8	1.0675606710160936	0.6198250233929865	NO	Q06124	PTPN11	A
468	T	468	21.77	103.066	43.191	0.2	0.746145940390545	1	2	4.251632448176808	4.3828142853470706e-5	0.33644935522921265	0.6618147761020562	NO	Q06124	PTPN11	A
469	F	469	24.503	100.41	43.712	0.2	0.703099059214167	0	0	1.3578503019337862	0.5138429102143226	-0.240331336420385	0.9712293262535908	NO	Q06124	PTPN11	A
470	I	470	27.405	102.935	44.095	-0.5	0.833935018050542	1	0	1.2805315758761353	0.5398292228160025	0.4545856514390565	0.5939125917298269	NO	Q06124	PTPN11	A
471	V	471	25.343	105.092	46.55	-0.5	0.843065693430657	0	0	1.926839472057509	0.11092181167283327	1.2948801132453802	0.29221785165161057	NO	Q06124	PTPN11	A
472	I	472	24.364	102.067	48.753	0.2	0.736670736670737	0	0	1.6330432592423587	0.2760973277646093	0.41452295233710756	1.1407653962871607e-4	NO	Q06124	PTPN11	A
473	D	473	28.02	100.885	48.658	0.9	0.736670736670737	0	0	0.4356558640945539	0.48916857298268646	-0.23526832620225283	-0.2140000097679732	NO	Q06124	PTPN11	A
474	I	474	29.34	104.38	49.647	-0.5	0.733982157339822	0	0	0.299125509284993	0.1344007955730903	0.9722132664471428	-0.3043525675408326	NO	Q06124	PTPN11	A
475	L	475	26.884	104.703	52.596	0.2	0.787636363636364	0	0	1.145622399485361	0.8099198347416638	1.1985697570403901	-0.5160606230507357	NO	Q06124	PTPN11	A
476	I	476	27.549	101.112	53.804	-0.5	0.826357096141269	1	0	0.16581486449506605	0.0938590558530758	0.5683225021013656	-0.5513356292853263	NO	Q06124	PTPN11	A
477	D	477	31.341	101.847	53.552	-0.5	0.826357096141269	0	0	0	0.04491354967988771	0.0949447008938916	-0.5621983102416813	NO	Q06124	PTPN11	A
478	I	478	30.878	104.681	56.156	-0.5	0.829340334755497	1	0	0.25359094198396603	0.25205682044562755	1.3766477346460493	-0.6134833312416849	NO	Q06124	PTPN11	A
479	I	479	29.055	102.265	58.584	0.2	0.835371900826446	0	0	0.25359094198396603	0.25205682044562755	1.1442170191493326	-0.6864551215574795	NO	Q06124	PTPN11	A
480	R	480	31.739	99.577	57.933	-0.5	0.875151515151515	1	0	0	0.15990098324506116	0.6908599991035389	-0.6763013473947994	NO	Q06124	PTPN11	A
481	E	481	34.649	101.843	59.1	0.2	0.878345498783455	0	0	0	0.15824430593873973	1.3602506524817333	-0.8109113820086158	NO	Q06124	PTPN11	A
482	K	482	32.892	104.141	61.683	-0.5	0.879901960784314	0	0	0.5163631300037063	1	1.1848532878049243	-0.7074794068825584	NO	Q06124	PTPN11	A
483	G	483	30.443	101.6	63.189	-0.5	0.847723704866562	0	0	0.3062080511830405	0.4088425997261532	1.1260915017722821	-0.7940851276818888	NO	Q06124	PTPN11	A
484	V	484	26.654	101.792	63.777	-0.5	0.841558441558442	0	0	0.33454329581765474	0.21005780343994754	1.198580994145467	-0.8377791106916155	NO	Q06124	PTPN11	A
485	D	485	26.882	105.293	65.4	-0.5	0.841558441558442	0	0	0.6174203277477165	0.7083586443339958	0.9651080618325736	-0.8294202617680156	NO	Q06124	PTPN11	A
486	C	486	28.066	107.685	62.62	-0.5	0.797556234379339	0	0	0.511425574451567	0.4879293144691684	1.0127042555609964	-0.7505563393149209	NO	Q06124	PTPN11	A
487	D	487	26.48	110.53	60.636	-0.5	0.797556234379339	0	1	0.6174203277477165	0.7083586443339958	0.9694041766247843	-0.8068877124957029	NO	Q06124	PTPN11	A
488	I	488	24.974	109.714	57.184	0.9	0.827852004110997	0	0	1.0423512199330707	1	1.1275045271733857	-0.718366983211617	NO	Q06124	PTPN11	A
489	D	489	23.254	112.077	54.677	0.2	0.885341726618705	0	0	0.9321588288756916	1	0.9597160616267373	-0.2950509912950222	NO	Q06124	PTPN11	A
490	V	490	21.526	110.13	51.817	-0.5	0.8860559566787	1	0	1.2805315758761353	0.5398292228160025	1.0099982876489908	-0.08822375867568838	NO	Q06124	PTPN11	A
491	P	491	20.561	113.088	49.468	-0.5	0.943236714975845	1	4	1.9156744177571579	0.08985762576421828	0.3828001223429842	0.4634249894260585	NO	Q06124	PTPN11	A
492	K	492	23.911	114.859	50.174	-0.5	0.861313868613139	0	0	1.302294935680759	0.6358493426039177	0.6340336856218838	0.3767417358862029	NO	Q06124	PTPN11	A
493	T	493	25.769	111.718	48.994	-0.5	0.858181818181818	0	0	1.3812873685192244	0.5254589336864456	1.591239106650384	-0.20064717508440624	NO	Q06124	PTPN11	A
494	I	494	23.526	111.378	45.898	0.9	0.830552659019812	0	0	3.921708458859795	1.0409820517136535e-4	1.3455899465110461	0.6364830151764463	NO	Q06124	PTPN11	A
495	Q	495	24.174	115.098	44.999	-0.5	0.85958485958486	1	0	2.848375763211288	0.005215641898910272	1.1576978071511366	0.45485716927936853	NO	Q06124	PTPN11	A
496	M	496	27.998	114.58	45.297	-0.5	0.819875776397516	0	0	2.19782407313759	0.037932996763825715	1.664524862499388	0.03309353502001376	NO	Q06124	PTPN11	A
497	V	497	27.737	111.461	42.987	0.2	0.822857142857143	0	0	2.792081612524055	0.0026053257166185574	1.31900480835975	0.3316733660655506	NO	Q06124	PTPN11	A
498	R	498	25.385	113.316	40.514	-0.5	0.828885400313972	1	2	4.0316285627483115	9.424006920040218e-6	1.2925333646272485	0.9866021499740225	NO	Q06124	PTPN11	A
499	S	499	28.077	116.05	40.202	-0.5	0.89010989010989	1	1	2.4333523959475025	0.012967242672902625	1.2509725557433962	0.661088937680119	NO	Q06124	PTPN11	A
500	Q	500	30.404	113.299	38.784	-0.5	0.886861313868613	0	0	1.9183655675571036	0.04730079297437481	0.865223448641413	1.1103103370170806	NO	Q06124	PTPN11	A
501	R	501	27.971	111.522	36.312	-0.5	0.912408759124088	0	1	3.236252018295495	1.2342015304924071e-4	0.8525427983242926	1.4710792516607145	NO	Q06124	PTPN11	A
502	S	502	24.609	112.818	35.045	-0.5	0.915015641293014	0	3	5.969914461469401	1.0780749004385671e-9	0.82458575885429	1.3485765699198153	NO	Q06124	PTPN11	A
503	G	503	21.446	111.686	36.908	-0.5	0.915015641293014	1	3	8.918205222228423	1.233096367539425e-13	0.7327258996889683	1.2337532330450776	NO	Q06124	PTPN11	A
504	M	504	23.026	109.026	39.197	-0.5	0.915015641293014	2	2	8.051605769137979	3.4588780464915546e-12	1.0202031805542813	1.1180042242896153	NO	Q06124	PTPN11	A
505	V	505	19.951	107.476	40.995	0.9	0.918367346938776	0	0	6.598890953393932	3.274620072354645e-10	0.792456384203639	0.5601973970308418	NO	Q06124	PTPN11	A
506	Q	506	16.95	107.944	38.654	0.2	0.890837104072398	0	1	7.931949563613744	4.7323784382398803e-11	0.556320103715284	0.6449892237467236	NO	Q06124	PTPN11	A
507	T	507	13.747	107.413	40.684	0.9	0.896678966789668	0	1	6.734910607002874	5.784201024212718e-8	-0.14510841569170221	0.5831232691383719	YES	Q06124	PTPN11	A
508	E	508	12.019	107.826	44.072	-0.5	0.928571428571428	0	0	5.618047076649502	5.717697661767048e-5	-0.5979310296214769	0.5963243548499911	YES	Q06124	PTPN11	A
509	A	509	11.751	103.962	44.155	-0.5	0.928571428571428	0	0	4.885595299667048	1.7087735651204907e-4	-0.6023453576361534	0.3832304810892108	YES	Q06124	PTPN11	A
510	Q	510	15.587	103.689	44.103	0.2	0.867410161090458	1	4	4.251632448176808	4.3828142853470706e-5	-0.33401485771547257	0.65602494868985906	YES	Q06124	PTPN11	A
511	Y	511	15.864	106.566	46.625	-0.5	0.861728395061728	0	0	3.4074780624842216	0.003933646981616291	0.2962038924942216	0.495815529005008	NO	Q06124	PTPN11	A
512	R	512	13.546	104.726	49.069	-0.5	0.906446711525939	0	0	2.43172744708382	0.06545047533339932	-0.31428940624346785	0.16903097414182766	NO	Q06124	PTPN11	A
513	F	513	15.403	101.42	48.264	0.9	0.906446711525939	0	0	2.513207147704836	0.05670098826772021	-0.3938666934764178	0.38952167667245513	NO	Q06124	PTPN11	A
514	I	514	18.75	103.124	49.219	-0.5	0.935539215686275	0	0	2.1392193351056306	0.08440808280051842	0.07021173334662455	0.4577516154128511	NO	Q06124	PTPN11	A
515	Y	515	17.171	104.005	52.646	0.2	0.907901622187337	0	0	1.6259378378791676	0.3607401899279795	0.8599286223698203	-0.1256523918466522	NO	Q06124	PTPN11	A
516	M	516	15.78	100.413	52.983	-0.5	0.907901622187337	2	0	0.9035599053592165	1	-0.11843786785360841	-0.040041552029290224	NO	Q06124	PTPN11	A
517	A	517	19.207	98.857	52.174	0.9	0.938991389913899	0	0	0.9922100929248078	0.9999999999999999	-0.7268404823709064	-0.04753295095629843	NO	Q06124	PTPN11	A
518	V	518	21.028	101.064	54.746	0.2	0.932843137254902	0	0	0.4089480065891894	0.2594282359004396	0.4235709385497026	-0.24478108154175762	NO	Q06124	PTPN11	A
519	Q	519	18.248	100.191	57.304	-0.5	0.905285190999477	0	0	0	0.013299266040567491	0.6710413649488777	-0.2263392629409064	NO	Q06124	PTPN11	A
520	H	520	18.627	96.413	56.554	-0.5	0.838787878787879	0	0	0	0.013299266040567491	-0.1945748465975495	-0.15225055746721708	NO	Q06124	PTPN11	A
521	Y	521	22.447	96.673	56.867	-0.5	0.774265734265734	0	0	0	0.007410543671906771	-0.2262375427224762	-0.30581379489025895	NO	Q06124	PTPN11	A
522	I	522	22.284	98.424	60.291	-0.5	0.807090719499479	1	0	0	0.007410543671906771	0.9263461513701047	-0.7357541126825683	NO	Q06124	PTPN11	A
523	E	523	19.644	95.873	61.504	-0.5	0.867892976588629	1	0	0	0.04491354967988771	0.6891116956693853	-0.38829196083565437	NO	Q06124	PTPN11	A
524	T	524	21.888	92.973	60.318	-0.5	0.861649142224682	0	0	0	0.08438490384676328	0.09204576846912621	-0.3578461948546127	NO	Q06124	PTPN11	A
525	L	525	24.954	94.589	62.038	-0.5	0.805900621118012	0	0	0	0.024243621079563214	0.9852743333315458	-0.9805761131364471	NO	Q06124	PTPN11	A
526	Q	526	23.081	95.06	65.365	-0.5	0.766453762843655	1	0	0	0.08438490384676328	1.165290160391928	-1.0268483125349466	NO	Q06124	PTPN11	A
527	R	527	21.653	91.46	65.211	-0.5	0.830917874396135	2	0	0	0.08438490384676328	1.2170010682900068	-1.0885445783996124	NO	Q06124	PTPN11	A
528	R	528	25.331	90.242	64.989	-0.5	0.830917874396135	0	0	0	0.08438490384676328	1.216401985157919	-1.0885445783996124	NO	Q06124	PTPN11	A
529	I	529	26.12	92.158	68.256	-0.5	0.83941605839416	0	0	0	0.08438490384676328	1.2869688306680627	-1.0885445783996124	NO	Q06124	PTPN11	A
530	E	530	22.875	90.731	69.893	-0.5	0.774845592363841	0	0	0	0.15990098324506116	1.2513795551182734	-1.0885445783996124	NO	Q06124	PTPN11	A
531	E	531	23.918	87.098	69.006	-0.5	0.774265734265734	0	0	0	0.15824430593873973	1.1897475388593528	-1.0885445783996124	NO	Q06124	PTPN11	A
532	E	532	27.52	87.525	70.313	-0.5	0.733393719806763	1	0	0	0.15824430593873973	1.125634199494284	-1.0885445783996124	NO	Q06124	PTPN11	A
533	Q	533	26.658	89.007	73.772	-0.5	0.866629773104593	0	0	0	0.15824430593873973	1.1343852264974446	-1.0885445783996124	NO	Q06124	PTPN11	A
534	K	534	23.927	86.291	74.263	-0.5	0.866629773104593	0	0	0	0.28308823529411764	1.2124486184914842	-1.0885445783996124	NO	Q06124	PTPN11	A
535	S	535	26.012	83.244	73.031	-0.5	0.838164251207729	0	0	0	1	1.1861739332077121	-1.0885445783996124	NO	Q06124	PTPN11	A
