Uniprot_position	aminoacid	Position_in_structure	x	y	z	paraz	mtr	gscount	pscount	OR	pvalue	mtr3dscore	paraz3dscore	HotSpot3D	Uniprot
1	M	1	27.67	38.987	46.697	-2.26	0.454780361757106	0	0	0	1	-0.8119949250128364	-2.5953741670749966	NO	P30153
2	A	2	28.992	40.119	50.02	0.37	0.450121654501217	0	0	0	1	-0.8170179704245969	-1.8637369009054212	NO	P30153
3	A	3	26.658	39.911	52.944	-0.51	0.446759259259259	0	0	0	1	-0.5482182222966837	-0.7662810016510574	NO	P30153
4	A	4	26.502	42.862	55.253	-0.51	0.442982456140351	0	0	0	1	-0.5399169907750239	-0.4004623685662697	NO	P30153
5	D	5	27.237	42.178	58.872	0.37	0.445147679324895	0	0	0	1	-0.47411778354006606	0.3295082979081588	NO	P30153
6	G	6	25.559	43.8	61.811	0.37	0.442424242424242	0	0	0	1	-0.47867104328116195	0.3295082979081588	NO	P30153
7	D	7	22.027	43.258	62.922	0.37	0.666666666666667	0	0	0	1	-0.5208301742968057	0.4109865052264613	NO	P30153
8	D	8	19.891	41.938	60.132	0.37	0.535593220338983	0	0	0	1	-0.5483302035187485	0.5295002613258104	NO	P30153
9	S	9	16.495	43.385	59.395	0.37	0.537704918032787	0	0	0	1	-0.5206042802387912	0.7694906174269924	NO	P30153
10	L	10	15.296	40.17	57.779	0.37	0.445026178010471	1	0	0	0.9999999999999999	-0.48504894597156367	0.796156212549346	NO	P30153
11	Y	11	13.052	37.54	59.45	0.37	0.442211055276382	0	0	0	1	-0.49914986935295	1.0628121637728816	NO	P30153
12	P	12	14.039	34.052	58.198	0.37	0.441747572815534	0	0	0	1	-0.8213419398447219	1.0628121637728816	NO	P30153
13	I	13	16.096	32.095	60.702	0.37	0.494718309859155	0	0	0	1	-0.8342599767650204	1.0628121637728816	NO	P30153
14	A	14	13.684	30.74	63.265	0.37	0.492613636363636	0	0	0	1	-0.7367323182551304	1.0628121637728816	NO	P30153
15	V	15	10.928	32.571	65.136	0.37	0.496666666666667	1	0	0	1	-0.7335074229552286	1.0628121637728816	NO	P30153
16	L	16	7.811	30.996	63.769	0.37	0.498376623376623	1	0	0	1	-0.6059416714660129	1.0628121637728816	NO	P30153
17	I	17	6.758	28.026	65.837	0.37	0.5	0	0	0	1	-0.46583782610828806	1.0628121637728816	NO	P30153
18	D	18	5.196	27.6	69.301	0.37	0.499487704918033	0	0	0	1	-0.4063917487382636	1.0628121637728816	NO	P30153
19	E	19	5.623	23.826	68.731	0.37	0.501	0	0	0	1	-0.44682253148869305	1.0628121637728816	NO	P30153
20	L	20	8.879	22.711	70.452	0.37	0.572544642857143	0	0	0	0.9999999999999999	-0.49777179098637586	1.0628121637728816	NO	P30153
21	R	21	7.229	21.896	73.776	0.37	0.574154852780807	0	0	0	1	-0.49561366649763755	1.0628121637728816	NO	P30153
22	N	22	4.109	19.929	73.014	0.37	0.575692963752665	1	0	0	1	-0.5437549785231002	1.0628121637728816	NO	P30153
23	E	23	0.802	19.143	74.678	0.37	0.447761194029851	0	0	0	1	-0.5278609349452231	1.0628121637728816	NO	P30153
24	D	24	-0.838	17.431	71.653	0.37	0.447761194029851	0	0	0	1	-0.679999907500405	1.0628121637728816	NO	P30153
25	V	25	0.262	14.825	69.158	0.37	0.444857496902107	1	0	0	1	-0.8572894493164983	1.0628121637728816	NO	P30153
26	Q	26	0.279	16.97	66	0.37	0.446517412935323	0	0	0	1	-0.7306964743182847	1.0628121637728816	NO	P30153
27	L	27	1.93	19.785	67.802	0.37	0.401865671641791	0	0	0	1	-0.5259180304831353	1.0628121637728816	NO	P30153
28	R	28	4.88	17.433	68.22	0.37	0.406818181818182	2	0	0	1	-0.8438193116984184	1.0628121637728816	NO	P30153
29	L	29	4.573	15.921	64.749	0.37	0.542424242424243	0	0	0	1	-0.8651137055584779	1.0628121637728816	NO	P30153
30	N	30	4.718	19.31	63.122	0.37	0.538345864661654	0	0	0	1	-0.6391137142419901	1.0628121637728816	NO	P30153
31	S	31	7.911	20.051	65.018	0.37	0.536329588014981	0	0	0	1	-0.6354957118038139	1.0628121637728816	NO	P30153
32	I	32	9.75	17.057	63.564	0.37	0.451127819548872	0	0	0	1	-0.7864050728260281	1.0628121637728816	NO	P30153
33	K	33	8.281	17.657	60.126	0.37	0.541353383458647	0	0	0	1	-0.7657572532279593	0.9541745540151447	NO	P30153
34	K	34	9.641	21.194	60.51	0.37	0.539325842696629	0	0	0	1	-0.685943031226703	1.0628121637728816	NO	P30153
35	L	35	12.979	19.821	61.762	0.37	0.539325842696629	0	0	0	0.9999999999999999	-0.7723643077335439	0.976541120729973	NO	P30153
36	S	36	14.233	20.292	58.22	0.37	0.490296220633299	0	0	0	1	-0.7206894490342078	0.540214116508899	NO	P30153
37	T	37	14.558	23.987	59.073	0.37	0.446096654275093	0	0	0	1	-0.6750336247238298	0.9499961844090781	NO	P30153
38	I	38	16.125	23.806	62.576	0.37	0.335820895522388	1	0	0	1	-0.754546293497238	1.0628121637728816	NO	P30153
39	A	39	19.742	23.028	61.662	0.37	0.367722165474974	0	0	0	1.0000000000000002	-0.8481853339097738	0.5907881210828326	NO	P30153
40	L	40	20.043	25.568	58.875	0.37	0.368079289131921	0	0	0	1	-0.8734076148975914	0.5310153519577624	NO	P30153
41	A	41	18.05	27.861	61.081	0.37	0.365332428765265	0	0	0	1	-0.8853046155289588	1.0628121637728816	NO	P30153
42	L	42	20.642	27.548	63.774	0.37	0.362960459614735	1	0	0	0.9999999999999999	-0.9994397811702342	1.0628121637728816	NO	P30153
43	G	43	24.238	26.373	63.525	0.37	0.44361833952912	0	0	0	1	-1.0820571165961435	1.0628121637728816	NO	P30153
44	V	44	25.418	23.591	61.231	0.37	0.399256505576208	1	0	0	1.0000000000000002	-1.0392175141367919	0.33089713098744805	NO	P30153
45	E	45	28.032	23.243	63.962	0.37	0.402247191011236	0	0	0	0.9999999999999999	-1.0356520874284223	0.22633784058952894	NO	P30153
46	R	46	25.748	23.169	67.03	0.37	0.402247191011236	0	0	0	1	-1.2150703111730519	1.0628121637728816	NO	P30153
47	T	47	23.453	20.524	65.604	0.37	0.406415094339623	0	0	0	1	-0.9937331331735508	0.18506965766207706	NO	P30153
48	R	48	26.186	17.955	66.074	0.37	0.406415094339623	1	0	0	1	-0.8759179573760726	0.37950628876257175	NO	P30153
49	S	49	27.06	19.485	69.411	0.37	0.370867768595041	0	0	0	1	-1.100855142833576	0.7540526413035247	NO	P30153
50	E	50	23.72	19.568	71.248	0.37	0.370867768595041	0	0	0	0.9999999999999999	-1.211476516515815	1.0628121637728816	NO	P30153
51	L	51	20.8	18.582	69.037	0.37	0.371240926374006	1	0	0	1.0000000000000002	-1.1169006405538813	1.0628121637728816	NO	P30153
52	L	52	21.753	15.075	68.042	0.37	0.340648854961832	1	0	0	0.9999999999999999	-0.8403336354210947	0.6324373013201899	NO	P30153
53	P	53	22.771	13.933	71.47	0.37	0.343269230769231	1	0	0	1	-0.9636187457852635	1.0628121637728816	NO	P30153
54	F	54	19.379	15.203	72.587	0.37	0.37737843551797	0	0	0	1	-1.0934067672928163	1.0628121637728816	NO	P30153
55	L	55	17.272	13.617	69.833	0.37	0.379908029713477	0	0	0	0.9999999999999999	-0.9026090410140983	0.8672644662089556	NO	P30153
56	T	56	18.956	10.267	70.183	0.37	0.344230769230769	1	0	0	0.9999999999999999	-0.8458775308391506	0.8371802050452747	NO	P30153
57	D	57	16.308	8.138	71.976	0.37	0.344230769230769	0	0	0	1	-0.8926529178197496	0.8455369442574082	NO	P30153
58	T	58	14.615	10.908	73.921	0.37	0.375524475524476	1	0	0	1	-1.2645042253613317	0.7540526413035247	NO	P30153
59	I	59	11.359	10.74	72.019	0.37	0.378435517970402	0	0	0	1	-1.1767098788038397	0.8371802050452747	NO	P30153
60	Y	60	10.083	7.28	72.999	0.37	0.277519379844961	0	0	0	1	-1.0475553149124714	0.7694906174269925	NO	P30153
61	D	61	6.306	7.879	73.194	0.37	0.278599221789883	0	0	0	1	-1.335745341320024	1.0628121637728816	NO	P30153
62	E	62	4.568	7.47	69.878	0.37	0.253272019808985	0	0	0	1	-1.0227250072732035	1.0628121637728816	NO	P30153
63	D	63	5.735	5.604	66.792	0.37	0.348249027237354	0	0	0	1	-0.7591671016522739	1.0628121637728816	NO	P30153
64	E	64	4.208	8.061	64.34	0.37	0.319320214669052	0	0	0	1	-0.827390827670364	1.0628121637728816	NO	P30153
65	V	65	6.684	10.666	65.499	0.37	0.317531305903399	0	0	0	1	-1.0095671165777322	1.0628121637728816	NO	P30153
66	L	66	9.516	8.187	64.936	0.37	0.319664771026639	0	0	0	1	-0.5841249329588935	0.9161513905999371	NO	P30153
67	L	67	8.459	7.474	61.395	0.37	0.318425760286225	0	0	0	0.9999999999999999	-0.437711879299473	1.0628121637728816	NO	P30153
68	A	68	8.914	11.17	60.664	0.37	0.342664092664093	0	0	0	1	-0.6019734591785637	0.9739268466983697	NO	P30153
69	L	69	12.259	11.476	62.463	0.37	0.373426573426573	0	0	0	1	-0.6994832213645265	0.853296773525818	NO	P30153
70	A	70	13.705	8.726	60.319	0.37	0.346303501945525	0	0	0	1	-0.39959429277704556	0.5302578066417863	NO	P30153
71	E	71	12.645	10.657	57.256	0.37	0.429086538461539	0	0	0	1	-0.3929670769408019	0.5305103217471119	NO	P30153
72	Q	72	14.605	13.59	58.613	0.37	0.59765625	0	0	0	0.9999999999999999	-0.5397649099853461	0.6673325604379757	NO	P30153
73	L	73	17.801	11.732	59.481	0.37	0.59765625	0	0	0	1	-0.4371879672860687	0.15729299607629213	NO	P30153
74	G	74	17.943	10.702	55.84	0.37	0.532774618377731	0	0	0	0.9999999999999999	-0.24915922016841952	-0.12568174382889208	NO	P30153
75	T	75	17.816	14.289	54.507	-0.51	0.537552998182919	0	0	0	1	-0.4538104276073224	-0.3999495686600706	NO	P30153
76	F	76	20.456	15.395	57.027	0.37	0.501129305477132	0	0	0	0.9999999999999999	-0.5017080759929832	-0.1236266462318357	NO	P30153
77	T	77	23.194	14.44	54.601	0.37	0.467720685111989	1	0	0	1	-0.21208013087710648	-1.0145237143072419	NO	P30153
78	T	78	24.53	18.017	54.17	-3.14	0.471447543160691	1	0	0	1	-0.43623816052994757	-0.34246469917515077	NO	P30153
79	L	79	22.989	19.848	57.164	0.37	0.471447543160691	1	0	0	1.0000000000000002	-0.739567293563095	-0.03506038540526868	NO	P30153
80	V	80	25.648	18.635	59.628	0.37	0.470119521912351	0	0	0	0.9999999999999999	-0.8116713829925334	-0.03506038540526868	NO	P30153
81	G	81	28.629	19.542	57.429	0.37	0.46957671957672	0	0	0	1	-0.6126725174323024	-0.2788005908205316	NO	P30153
82	G	82	28.585	16.706	54.981	0.37	0.473333333333333	0	0	0	1	-0.2950843092879088	-1.3559312198797315	NO	P30153
83	P	83	30.54	13.564	54.394	0.37	0.51061388410786	0	0	0	1.0000000000000002	-0.16114500067275897	-1.9906883211618436	NO	P30153
84	E	84	33.092	13.952	57.173	-1.39	0.480431848852902	0	0	0	1	-0.19044979529062597	-2.473156856097543	NO	P30153
85	Y	85	30.346	14.593	59.756	-1.39	0.520408163265306	0	0	0	1	-0.4954649261556044	-1.321042659433818	NO	P30153
86	V	86	27.812	11.737	59.22	-2.26	0.481781376518219	1	0	0	1	-0.2541990473343122	-1.6194874566944184	NO	P30153
87	H	87	28.821	9.225	61.909	0.37	0.512672811059908	2	0	0	1	-0.3518555825232552	-1.1515132690225587	NO	P30153
88	C	88	26.951	11.318	64.5	0.37	0.51061388410786	0	0	0	1	-0.6499026515526569	-0.2020018751387532	NO	P30153
89	L	89	23.64	10.383	62.827	0.37	0.51061388410786	0	0	0	1	-0.5450829180723289	-0.019028420946516706	NO	P30153
90	L	90	24.117	6.727	63.671	0.37	0.565737051792829	0	0	0	1	-0.5302065268208487	-0.051428775268320494	NO	P30153
91	P	91	23.113	6.755	67.33	0.37	0.565737051792829	0	0	0	1	-0.7462494454530835	0.3315915475270927	NO	P30153
92	P	92	19.614	8.08	66.814	0.37	0.568674698795181	0	0	0	0.9999999999999999	-0.5762223640766733	0.6673325604379757	NO	P30153
93	L	93	19.151	5.822	63.791	0.37	0.615962984384037	0	0	0	0.9999999999999999	-0.4823857549810483	0.7514771568922112	NO	P30153
94	E	94	20.501	2.737	65.557	0.37	0.550558312655087	0	0	0	1	-0.5309017640638908	0.7225157609033116	NO	P30153
95	S	95	17.911	3.229	68.236	-1.39	0.517818181818182	1	0	0	1	-0.5730159094584243	0.8850415296238578	NO	P30153
96	L	96	15.459	3.909	65.442	0.37	0.594758064516129	0	0	0	1	-0.40527223937495405	0.9324470320635976	NO	P30153
97	A	97	16.388	0.589	63.824	0.37	0.594758064516129	0	0	0	1.0000000000000002	-0.38747239533886635	0.9379944844767585	NO	P30153
98	T	98	15.52	-1.348	67.012	0.37	0.654309545875811	0	0	0	1	-0.425842895354938	0.6777399184204733	NO	P30153
99	V	99	11.897	-0.093	67.371	0.37	0.649095923996323	0	0	0	1	-0.5076471109658371	0.9084324025382031	NO	P30153
100	E	100	9.102	-2.673	67.496	0.37	0.701195219123506	0	0	0	1	-0.3190334110475473	0.8281549266961702	NO	P30153
101	E	101	6.714	-1.482	64.813	0.37	0.755133312902237	0	0	0	0.9999999999999999	-0.2598440617939113	1.0628121637728816	NO	P30153
102	T	102	7.931	-2.284	61.301	0.37	0.700396825396826	0	0	0	0.9999999999999999	-0.17101507201001656	1.0628121637728816	NO	P30153
103	V	103	6.98	0.953	59.609	0.37	0.579068241469816	0	0	0	1	-0.32648067670085335	1.0628121637728816	NO	P30153
104	V	104	9.451	2.931	61.691	0.37	0.581357048748353	0	0	0	1	-0.37416250082992103	0.8794861973067009	NO	P30153
105	R	105	12.316	0.46	61.464	0.37	0.536637275767711	1	0	0	1	-0.3004327929913098	0.9084324025382031	NO	P30153
106	D	106	11.774	-0.268	57.803	0.37	0.539677713590757	0	0	0	1	-0.18925537661710362	1.0628121637728816	NO	P30153
107	K	107	12.313	3.427	57.183	0.37	0.580065359477124	0	0	0	1	-0.1968547063972325	0.6193956388216235	NO	P30153
108	A	108	15.246	3.688	59.549	0.37	0.632798573975045	0	0	0	1	-0.09734368282718853	0.5747365387655174	NO	P30153
109	V	109	17.118	1.074	57.56	0.37	0.539067231980618	0	0	0	1	-0.20468820937665347	0.5860871346959212	NO	P30153
110	E	110	16.401	2.866	54.299	0.37	0.536953242835596	0	0	0	1	-0.07977565794567305	0.49616826742286857	NO	P30153
111	S	111	17.699	6.035	55.876	0.37	0.61078431372549	1	0	0	0.9999999999999999	-0.12709514514728298	0.1684036607106061	NO	P30153
112	L	112	20.801	4.216	57.093	0.37	0.61078431372549	0	0	0	1	-0.184793212637098	-0.0954746243543509	NO	P30153
113	R	113	21.248	2.588	53.69	0.37	0.606689453125	1	0	0	1.0000000000000002	-0.10830531646636878	0.24988186802890863	NO	P30153
114	A	114	21.284	5.924	51.879	-4.02	0.606689453125	0	0	0	1.0000000000000002	-0.02413684138145155	-0.4544108179573275	NO	P30153
115	I	115	23.809	7.456	54.296	0.37	0.613188976377953	1	0	0	0.9999999999999999	-0.12023443433816729	-1.4131567166584722	NO	P30153
116	S	116	26.381	4.656	54.101	0.37	0.6125	0	0	0	1	-0.13040696954190328	-1.4237545813865873	NO	P30153
117	H	117	27.541	5.699	50.651	-4.02	0.697265625	1	0	0	1	0.09271368768670536	-2.0646483676031537	NO	P30153
118	E	118	28.405	9.152	51.809	0.37	0.697265625	0	0	0	1	-0.025580302872013967	-2.3680844500299356	NO	P30153
119	H	119	30.744	8.101	54.586	0.37	0.691860465116279	0	0	0	0.9999999999999999	-0.12508072204558887	-2.3792063830867995	NO	P30153
120	S	120	34.276	6.937	53.991	-1.39	0.685328185328185	1	0	0	1.0000000000000002	-0.04771532491270135	-2.425509198146542	NO	P30153
121	P	121	35.842	3.554	53.511	0.37	0.599038461538462	0	0	0	1.0000000000000002	0.1088841727307639	-2.2143894767643704	NO	P30153
122	S	122	37.765	4.213	56.69	-4.02	0.536036036036036	0	0	0	0.9999999999999999	0.0433459359800476	-2.559264507013476	NO	P30153
123	D	123	34.578	5.508	58.322	-4.89	0.482432432432433	0	0	0	1	-0.17077105273853618	-2.1763433865808697	NO	P30153
124	L	124	32.522	2.471	57.446	0.37	0.482432432432433	0	0	0	1	-0.12999485568169186	-1.2467441506072798	NO	P30153
125	E	125	35.076	0.284	59.114	0.37	0.482432432432433	0	0	0	1	-0.11317212870131488	-1.156638878523011	NO	P30153
126	A	126	35.05	2.396	62.242	0.37	0.458172458172458	2	0	0	0.9999999999999999	-0.43099000386344283	-1.5831132569987476	NO	P30153
127	H	127	31.37	3.372	62.602	-2.26	0.395775430794886	0	0	0	1.0000000000000002	-0.4818821532130801	-1.3577802210407641	NO	P30153
128	F	128	28.851	1.864	60.196	0.37	0.395775430794886	0	0	0	1	-0.2521615258923004	-1.2355081777252104	NO	P30153
129	V	129	30.079	-1.707	60.31	0.37	0.364530002047921	0	0	0	1	-0.24951589286292944	-0.6651487019682677	NO	P30153
130	P	130	30.074	-2.052	64.075	0.37	0.364530002047921	0	0	0	1.0000000000000002	-0.680169208066007	-0.8520534169961279	NO	P30153
131	L	131	26.611	-0.568	63.915	0.37	0.291309669522644	0	0	0	1	-0.5723346732308209	-0.2529682955457516	NO	P30153
132	V	132	25.532	-3.546	61.871	0.37	0.291309669522644	1	0	0	1	-0.47276224902781155	0.4132086381533242	NO	P30153
133	K	133	27.434	-5.892	64.159	0.37	0.231016731016731	0	0	0	0.9999999999999999	-0.7182737428539065	0.03050070554353259	NO	P30153
134	R	134	25.247	-4.862	67.082	0.37	0.228607918263091	1	0	0	1	-0.8408275471066491	-0.23713559844185417	NO	P30153
135	L	135	21.952	-4.833	65.218	0.37	0.340996168582376	0	0	0	0.9999999999999999	-0.70795254772559	0.4628362735199266	NO	P30153
136	A	136	22.7	-8.219	63.711	0.37	0.360323886639676	0	0	3.06071922795452	0.33797121275999464	-0.9570254902922442	0.43585323083659266	NO	P30153
137	G	137	24.098	-9.079	67.121	-2.26	0.392307692307692	0	0	0	1	-0.9477031830349653	0.18506965766207706	NO	P30153
138	G	138	20.671	-7.83	68.26	0.37	0.440274841437632	0	0	0	1	-0.8913808057059827	0.05365731388381176	NO	P30153
139	D	139	18.918	-8.78	71.451	0.37	0.423955337506344	0	0	0	0.9999999999999999	-0.9567903751981334	0.5471466110391326	NO	P30153
140	W	140	15.714	-9.532	69.625	0.37	0.484520385721536	0	0	0	0.9999999999999999	-0.9385932416956241	0.6975490639198095	NO	P30153
141	F	141	14.301	-10.046	66.132	0.37	0.481663685152057	1	0	74.0454793974949	3.5007170787425894e-5	-1.0408319195359315	0.7888648388830776	YES	P30153
142	T	142	13.255	-6.488	65.39	0.37	0.483990562858106	0	0	19.97887931960024	0.014950062848092074	-0.6465627086866577	0.6447337259616954	YES	P30153
143	S	143	16.904	-5.53	65.403	0.37	0.480778915561524	0	0	0	1	-0.6318435319450036	0.6876135657372018	NO	P30153
144	R	144	18.084	-8.609	63.487	0.37	0.464332036316472	0	0	33.07333811742115	3.1418220875797324e-4	-1.099508550096604	0.5428330588869872	YES	P30153
145	T	145	15.535	-8.26	60.709	0.37	0.477130977130977	0	0	45.8324374260674	1.2297359428880436e-4	-0.9957398451618097	0.730249770059438	YES	P30153
146	S	146	16.773	-4.724	60.154	0.37	0.513924777490669	0	0	13.081450247445318	0.008799871036349551	-0.6957652643462979	0.7758955888044206	YES	P30153
147	A	147	20.502	-5.424	59.857	0.37	0.5478515625	0	0	2.418026557271638	0.3983524720613178	-0.7715935367129497	0.525418792684634	NO	P30153
148	C	148	19.926	-7.869	57.028	0.37	0.517066085693537	0	0	10.610943741368775	0.01405603531812189	-1.0086617913259412	0.5142230974536287	YES	P30153
149	G	149	19.389	-4.884	54.708	0.37	0.530734632683658	0	0	6.64868601668126	0.07287102252071934	-0.6848061343878147	0.7059159363730886	NO	P30153
150	L	150	22.518	-2.956	55.785	0.37	0.509019607843137	1	0	0	0.9999999999999999	-0.5864822410697228	0.15247837473475612	NO	P30153
151	F	151	24.98	-5.63	54.598	0.37	0.511023622047244	0	0	0	0.9999999999999999	-0.4944499222746497	0.6364404084310825	NO	P30153
152	S	152	25.153	-5.083	50.834	0.37	0.522474171474574	1	0	0	1.0000000000000002	-0.20662120156377722	-0.21734472706198235	NO	P30153
153	V	153	26.083	-1.389	50.903	0.37	0.563368055555556	1	0	0	1.0000000000000002	-0.030768066327888827	-0.10761699356185117	NO	P30153
154	C	154	28.946	-1.427	53.416	0.37	0.638221153846154	0	0	0	1	-0.0588733339293588	-1.1146197170030232	NO	P30153
155	Y	155	30.539	-4.582	52.043	0.37	0.63710407239819	1	0	0	1	0.056640539079701326	-0.0443505526248386	NO	P30153
156	P	156	32.327	-3.565	48.845	0.37	0.629695885509839	1	0	0	1	0.2528965637673615	-0.24977876854297004	NO	P30153
157	R	157	33.978	-0.488	50.338	0.37	0.649846153846154	0	0	0	1.0000000000000002	0.27591678041268486	-1.5255453627671098	NO	P30153
158	V	158	35.445	-1.865	53.557	-2.26	0.676923076923077	0	0	0	0.9999999999999999	0.1454101468620239	-1.5704153545595316	NO	P30153
159	S	159	38.546	-3.959	54.122	0.37	0.676923076923077	0	0	0	1.0000000000000002	0.3117771184350755	-1.5847004948036496	NO	P30153
160	S	160	38.775	-7.59	53.132	-1.39	0.674329501915709	1	0	0	0.9999999999999999	0.5681972065488299	-0.2389873758809065	NO	P30153
161	A	161	39.29	-8.452	56.765	0.37	0.680769230769231	1	0	0	1	0.438891004666333	-0.03506038540526866	NO	P30153
162	V	162	36.006	-6.84	57.736	0.37	0.718660125190323	1	0	0	1	-0.05626690292159884	-0.4544108179573275	NO	P30153
163	K	163	34.561	-8.417	54.632	0.37	0.721467391304348	0	0	0	1	0.22720797877378543	-0.08714162587861543	NO	P30153
164	A	164	35.38	-11.665	56.346	0.37	0.66375	1	0	0	1	0.3249237359717727	-0.5471231417392142	NO	P30153
165	E	165	33.69	-10.413	59.487	0.37	0.66375	0	0	0	1.0000000000000002	-0.13223064816828645	-0.2788005908205316	NO	P30153
166	L	166	30.509	-9.256	57.771	-0.51	0.601222826086957	0	0	0	1	-0.31683964135697973	0.012427022575044466	NO	P30153
167	R	167	30.176	-12.518	55.884	0.37	0.575551232166018	0	0	0	1	-0.09261027400181539	0.11239990518899644	NO	P30153
168	Q	168	30.155	-14.311	59.209	0.37	0.561310782241015	0	0	0	1	-0.16891569000068474	-0.5921937943644967	NO	P30153
169	Y	169	27.466	-12.024	60.583	-2.26	0.482336956521739	1	0	0	1	-0.7155764157126737	0.2648644309448775	NO	P30153
170	F	170	25.269	-12.542	57.548	0.37	0.504261363636364	0	0	2.418026557271638	0.3983524720613178	-0.8059839383942434	0.3140050449300463	NO	P30153
171	R	171	25.897	-16.25	57.93	0.37	0.482101167315175	2	0	2.7041427190961493	0.3687632493758089	-0.5018890441032041	-0.3599878045412688	NO	P30153
172	N	172	24.575	-16.058	61.461	-1.39	0.486152437628748	0	0	6.215513045181893	0.20198486104149235	-1.0148606384429093	-0.08714162587861543	NO	P30153
173	L	173	21.339	-14.375	60.37	0.37	0.430447470817121	0	0	38.474309021696094	2.024369145876801e-4	-1.192211366454578	0.2961763040052169	YES	P30153
174	C	174	20.497	-17.002	57.786	0.37	0.402416780665755	0	0	33.07333811742115	3.1418220875797324e-4	-0.8139479642176721	0.19693786761236703	YES	P30153
175	S	175	20.739	-19.49	60.636	0.37	0.40512703135729	0	0	45.8324374260674	1.2297359428880436e-4	-1.0192814193676398	-0.011589106365280367	NO	P30153
176	D	176	18.798	-17.255	63.053	0.37	0.370833333333333	0	0	45.8324374260674	1.2297359428880436e-4	-1.2107945674899134	-0.03506038540526864	NO	P30153
177	D	177	16.828	-19.044	65.753	0.37	0.318766836276564	0	0	106.42202462035502	1.5186498791007775e-5	-1.5580272058891809	0.7540526413035247	YES	P30153
178	T	178	13.592	-17.412	64.666	0.37	0.229974160206718	0	0	106.42202462035502	1.5186498791007775e-5	-1.3594622491101516	0.8077499495590651	YES	P30153
179	P	179	11.929	-17.665	61.305	0.37	0.228205128205128	0	1	173.94038017705702	8.505547325297905e-7	-1.2372898127716692	1.0628121637728816	YES	P30153
180	M	180	11.28	-13.934	61.251	0.37	0.13587786259542	0	0	242.22707356665595	3.209947936941934e-7	-1.4587443021591313	1.0628121637728816	YES	P30153
181	V	181	14.908	-13.018	60.826	0.37	0.136923076923077	0	0	135.42126680548353	1.9015275342189068e-6	-1.2687910887351312	0.6563470159008951	YES	P30153
182	R	182	15.636	-15.897	58.524	0.37	0.123650296064089	0	1	93.20504362997758	6.882649789666361e-6	-0.8904148279004679	0.6437813832787542	YES	P30153
183	R	183	12.884	-14.698	56.275	0.37	0.122709989630142	0	2	173.94038017705702	8.505547325297905e-7	-1.0380196457442572	1.0628121637728816	YES	P30153
184	A	184	14.629	-11.334	56.208	0.37	0.122709989630142	0	0	135.42126680548353	1.9015275342189068e-6	-1.1353933746573617	1.0628121637728816	YES	P30153
185	A	185	18.08	-12.829	55.803	0.37	0.112058080808081	1	0	23.08160496228575	9.176956004057632e-4	-0.9895383901729814	0.48964679035490155	YES	P30153
186	A	186	16.703	-15.099	53.111	0.37	0.207459207459207	0	0	93.20504362997758	6.882649789666361e-6	-0.7568740867899848	0.5526877353452484	YES	P30153
187	S	187	15.314	-12.127	51.221	0.37	0.337121212121212	0	0	173.94038017705702	8.505547325297905e-7	-0.9906663500305897	0.7457077893448935	YES	P30153
188	K	188	18.556	-10.147	51.074	0.37	0.419096067305811	0	0	13.081450247445318	0.008799871036349551	-0.8087102866886009	0.7694906174269925	YES	P30153
189	L	189	20.577	-13.187	50.034	0.37	0.418713450292398	0	0	13.081450247445318	0.008799871036349551	-0.5251393522630656	0.42515662823834005	YES	P30153
190	G	190	20.565	-12.362	46.346	0.37	0.466666666666667	0	0	0	1	-0.5754730436370505	0.5451859055154303	NO	P30153
191	E	191	21.301	-8.749	47.119	0.37	0.466666666666667	0	0	0	1.0000000000000002	-0.6320598559389242	0.8794861973067009	NO	P30153
192	F	192	24.35	-9.864	49.094	0.37	0.466666666666667	0	0	0	1	-0.2570607972358802	0.4189355986233689	NO	P30153
193	A	193	25.646	-12.554	46.754	0.37	0.470149253731343	0	0	0	1	-0.23488688603300242	0.5041044564473786	NO	P30153
194	K	194	25.593	-9.867	44.124	0.37	0.509824747742963	0	0	0	1	-0.21932457330716765	0.6437813832787542	NO	P30153
195	V	195	28.267	-8.076	46.093	0.37	0.594238683127572	0	0	0	1.0000000000000002	0.014393676973861059	0.5390236881552225	NO	P30153
196	L	196	30.548	-10.455	44.368	0.37	0.628108733371891	0	0	0	1	0.044424983104976036	0.6282617247419348	NO	P30153
197	E	197	33.39	-12.605	45.495	0.37	0.597242647058824	0	0	0	0.9999999999999999	0.30587819090647206	0.3295082979081589	NO	P30153
198	L	198	32.928	-15.492	43.119	0.37	0.628676470588235	0	0	0	1	0.0932984159748205	-0.0022965504893087347	NO	P30153
199	D	199	34.901	-17.778	45.321	0.37	0.629248397747135	0	0	0	1	0.2755393427408215	-0.3155638193899529	NO	P30153
200	N	200	32.795	-16.662	48.282	-1.39	0.664206642066421	1	0	0	0.9999999999999999	0.2782799565896451	0.12418321546603645	NO	P30153
201	V	201	29.649	-17.067	46.265	0.37	0.674157303370787	1	0	0	1	-0.02753601526041092	0.028540000019830078	NO	P30153
202	K	202	30.657	-20.677	45.764	0.37	0.641076375148397	2	0	0	1	0.14337540841078988	-0.6729205557655025	NO	P30153
203	S	203	32.269	-20.976	49.168	0.37	0.609022556390977	1	0	0	1	0.3105261976748293	-0.1104740216106748	NO	P30153
204	E	204	29.843	-19.433	51.641	0.37	0.57784911717496	0	0	0	0.9999999999999999	0.11748847804793572	-0.5004583502750954	NO	P30153
205	I	205	26.735	-18.239	49.785	0.37	0.606741573033708	1	0	0	1	-0.1657438488670498	0.224750602784627	NO	P30153
206	I	206	25.822	-21.493	48.127	-1.39	0.669776119402985	0	0	0	1	-0.03639323950444141	-0.4021289682614168	NO	P30153
207	P	207	25.507	-23.358	51.4	0.37	0.669776119402985	0	0	0	1	0.10668035035117444	-0.4568798545427307	NO	P30153
208	M	208	23.434	-20.483	52.757	-1.39	0.66542750929368	0	0	1.9871364790104378	0.4540731092569889	-0.31683075188721477	0.224750602784627	NO	P30153
209	F	209	21.243	-20.796	49.695	0.37	0.669776119402985	1	0	1.8207929534155176	0.48027760001265324	-0.35088304797166586	0.4387237672922665	NO	P30153
210	S	210	20.926	-24.555	49.926	-1.39	0.662361623616236	0	0	0	1	-0.1017484974039991	0.11239990518899644	NO	P30153
211	N	211	20.294	-24.334	53.65	-1.39	0.659926470588235	0	0	4.122785892050983	0.27262256472920704	-0.22877072009320135	0.2536492773014634	NO	P30153
212	L	212	17.527	-21.762	53.247	0.37	0.664206642066421	0	0	80.41851028164655	1.1722012923025538e-5	-0.5742848190520521	0.5041044564473786	YES	P30153
213	A	213	16.118	-23.474	50.199	0.37	0.699805068226121	0	0	45.8324374260674	1.2297359428880436e-4	-0.22100504562835493	0.5170976589433205	YES	P30153
214	S	214	15.353	-26.456	52.427	0.37	0.699805068226121	0	0	8.275432434496652	0.16457790140281223	0.07005112415006547	0.49509304181309616	NO	P30153
215	D	215	14.156	-24.474	55.458	0.37	0.706991358994501	0	0	173.94038017705702	8.505547325297905e-7	-0.4393250918485991	0.5128342643743395	YES	P30153
216	E	216	11.449	-26.154	57.527	0.37	0.671641791044776	0	0	409.9950674790608	9.229473219706138e-8	-0.4250130409478883	0.7694906174269925	YES	P30153
217	Q	217	9.287	-23.134	56.892	0.37	0.629824561403509	0	0	410.9950674790608	8.147075982086122e-10	-0.5853292110829196	0.8281549266961702	YES	P30153
218	D	218	7.703	-22.969	53.46	0.37	0.581712962962963	0	0	410.9950674790608	9.776491178503376e-9	-0.43769193126471145	1.0628121637728816	YES	P30153
219	S	219	7.675	-19.24	54.046	0.37	0.563579277864992	0	1	410.9950674790608	3.258830392834461e-9	-0.7987742663699863	1.0628121637728816	YES	P30153
220	V	220	11.478	-19.343	53.883	0.37	0.531851851851852	0	0	410.9950674790608	5.377070148176835e-8	-0.8195110927872387	0.7619695521360723	YES	P30153
221	R	221	12.007	-21.776	51.061	0.37	0.4753053637812	1	0	410.9950674790608	5.377070148176835e-8	-0.46793298842950265	0.6628282369375783	YES	P30153
222	L	222	10.104	-19.788	48.48	0.37	0.4753053637812	0	0	56.642251424671684	6.916378684232196e-5	-0.20042573481429404	0.7766448014842092	YES	P30153
223	L	223	12.228	-16.784	49.408	0.37	0.480203317281969	0	0	410.9950674790608	5.377070148176835e-8	-0.6193255295638173	0.6115482463176676	YES	P30153
224	A	224	15.325	-18.786	48.413	0.37	0.54188679245283	0	0	70.91384243210555	1.892344615719097e-5	-0.4493735028896371	0.34447368292580627	YES	P30153
225	V	225	14.196	-19.446	44.848	0.37	0.481540930979133	0	0	10.078110384946163	0.03941758548208265	-0.14656920352471559	0.5635414465883896	YES	P30153
226	E	226	13.487	-15.757	44.423	0.37	0.483351235230935	0	0	38.474309021696094	2.024369145876801e-4	-0.3804133227410587	0.7540526413035247	YES	P30153
227	A	227	17.106	-15.174	45.406	0.37	0.41799709724238	0	0	7.513931984020065	0.06084288321766698	-0.47110867701191395	0.3644275296160028	NO	P30153
228	C	228	18.394	-18.12	43.415	0.37	0.454545454545455	0	0	0	1.0000000000000002	-0.1257163057755759	0.3008427831516287	NO	P30153
229	V	229	18.016	-16.217	40.169	0.37	0.459770114942529	0	0	0	1	-0.005585841841298862	0.3502281860099876	NO	P30153
230	N	230	20.906	-14.025	41.262	-1.39	0.46025641025641	0	0	0	1	-0.10499193480654552	-0.024763180145966984	NO	P30153
231	I	231	23.124	-16.823	42.608	0.37	0.502097902097902	1	0	0	1	-0.042378165974109476	-0.019753029509624147	NO	P30153
232	A	232	22.511	-18.698	39.362	0.37	0.463824289405685	1	0	0	1.0000000000000002	0.04036086712774036	-0.1509601995708336	NO	P30153
233	Q	233	23.266	-15.472	37.458	0.37	0.500699300699301	0	0	0	1	0.018633029226410667	0.12237376436844814	NO	P30153
234	L	234	26.748	-15.377	39.134	0.37	0.546564885496183	1	0	0	1.0000000000000002	0.007290966979302134	-0.05675069026122723	NO	P30153
235	L	235	28.768	-17.112	36.368	0.37	0.603295310519645	0	0	0	0.9999999999999999	0.0376635978378689	-0.22513608063679508	NO	P30153
236	P	236	29.231	-20.759	37.293	-3.14	0.56992337164751	0	0	0	0.9999999999999999	0.052286272569280465	-1.0107156236059651	NO	P30153
237	Q	237	28.661	-23.073	34.317	0.37	0.49599442702891	0	0	0	0.9999999999999999	0.2508190385157195	-1.197703059099363	NO	P30153
238	E	238	29.671	-26.727	34.703	-1.39	0.499300699300699	0	0	0	0.9999999999999999	0.16826925442628127	-2.045396267676455	NO	P30153
239	D	239	29.693	-25.461	38.2	0.37	0.503171247357294	1	0	0	0.9999999999999999	0.016204691530445885	-0.8458067914520985	NO	P30153
240	L	240	25.919	-24.899	38.242	0.37	0.502632502632503	0	0	0	1	0.16897554420608735	-0.7904466972306904	NO	P30153
241	E	241	24.963	-28.535	37.997	0.37	0.4998244998245	0	0	0	1	0.33350541289676927	-1.3310310347111307	NO	P30153
242	A	242	26.8	-29.343	41.195	-3.14	0.492222606291047	0	0	0	1	-0.10891904709771123	-1.0949958625754652	NO	P30153
243	L	243	26.274	-26.197	43.251	0.37	0.490358126721763	0	0	0	1	-6.116963284546369e-4	-0.553214850969752	NO	P30153
244	V	244	22.976	-24.49	42.298	0.37	0.488507718696398	0	0	0	1	0.05841651824908234	-0.580211243003842	NO	P30153
245	M	245	20.853	-27.099	40.453	0.37	0.484848484848485	0	0	0	0.9999999999999999	0.19686870070146473	-0.445208045229916	NO	P30153
246	P	246	19.707	-29.943	42.658	0.37	0.48168249660787	0	0	0	1	0.13766637842586382	0.08646250903254048	NO	P30153
247	T	247	18.402	-27.359	45.022	0.37	0.601554579249747	0	0	0	1	0.03375560890091703	0.028540000019830078	NO	P30153
248	L	248	16.466	-25.63	42.233	0.37	0.588186699710863	0	0	0	1	0.10163501153459414	0.19769541292834295	NO	P30153
249	R	249	15.419	-28.905	40.709	0.37	0.588186699710863	0	0	0	1	0.5076777058470441	0.330434186627685	NO	P30153
250	Q	250	14.223	-29.752	44.191	0.37	0.496282527881041	0	0	0	1	0.10685340253023624	0.8371802050452747	NO	P30153
251	A	251	12.3	-26.481	44.548	0.37	0.567697228144989	1	0	4.963968362280576	0.2379855440020264	0.08991587202437357	0.9161513905999371	NO	P30153
252	A	252	10.253	-27.273	41.471	0.37	0.566098081023454	0	0	3.5171631324050994	0.30593756176451065	0.5351354740674571	0.6437813832787542	NO	P30153
253	E	253	9.04	-30.442	43.225	0.37	0.587064676616915	0	0	8.275432434496652	0.16457790140281223	0.4314890298251931	1.0628121637728816	NO	P30153
254	D	254	8.672	-28.811	46.683	0.37	0.590928006658344	0	0	8.275432434496652	0.16457790140281223	0.15600312539790603	1.0628121637728816	NO	P30153
255	K	255	5.64	-30.103	48.55	0.37	0.498595505617978	0	0	12.309603184770621	0.12572105960759425	0.1601641056145262	1.0628121637728816	NO	P30153
256	S	256	4.554	-26.566	49.219	0.37	0.496735074626866	0	0	19.97887931960024	0.014950062848092074	0.20518503385877476	1.0628121637728816	NO	P30153
257	W	257	2.718	-24.996	46.307	0.37	0.493494423791822	0	0	12.099609454315983	0.030163419638942788	0.435689908223493	1.0628121637728816	NO	P30153
258	R	258	4.06	-21.674	47.505	0.37	0.494888475836431	0	1	12.099609454315983	0.030163419638942788	0.16585090033882527	1.0628121637728816	NO	P30153
259	V	259	7.5	-22.805	46.415	0.37	0.498134328358209	0	0	19.97887931960024	0.014950062848092074	0.17735636905546387	0.9084324025382031	NO	P30153
260	R	260	6.265	-24.437	43.251	0.37	0.443196004993758	0	0	3.06071922795452	0.33797121275999464	0.59527295586262	0.7899549113581009	NO	P30153
261	Y	261	4.61	-21.144	42.477	0.37	0.529850746268657	0	0	2.7041427190961493	0.3687632493758089	0.6527642525969449	0.5371922599187972	NO	P30153
262	M	262	7.731	-19.096	43.049	0.37	0.529368029739777	1	0	12.099609454315983	0.030163419638942788	0.19035585075931447	0.7619695521360723	NO	P30153
263	V	263	9.635	-21.119	40.513	0.37	0.590381426202322	0	0	3.06071922795452	0.33797121275999464	0.38395034870480155	0.6717167686450294	NO	P30153
264	A	264	7.09	-20.497	37.75	0.37	0.588186699710863	0	0	2.7041427190961493	0.3687632493758089	0.8655159550882744	0.15173766375913514	NO	P30153
265	D	265	6.643	-16.815	38.545	0.37	0.588186699710863	0	0	3.5171631324050994	0.30593756176451065	0.7515063459163892	0.05904297595285853	NO	P30153
266	K	266	10.388	-16.667	37.911	-1.39	0.594820384294069	0	0	0	1	0.5008559138442086	0.11330076988907598	NO	P30153
267	F	267	10.649	-19.422	35.298	0.37	0.759061833688699	0	0	0	1	0.9225361996923012	-0.23093429725060913	NO	P30153
268	T	268	11.818	-17.303	32.363	-1.39	0.659851301115242	1	0	0	1	1.2800112737728104	-0.40085450967101016	NO	P30153
269	E	269	14.208	-15.392	34.611	0.37	0.652573529411765	0	0	0	1	0.5957082966040212	-0.1486334077340428	NO	P30153
270	L	270	15.881	-18.551	35.824	0.37	0.654981549815498	0	0	0	1.0000000000000002	0.5856273474191954	0.03785335125741684	NO	P30153
271	Q	271	16.015	-19.674	32.23	0.37	0.652014652014652	0	0	0	0.9999999999999999	1.1054417804692647	-1.2484984660758558	NO	P30153
272	K	272	17.76	-16.494	31.22	0.37	0.719789132197891	0	0	0	1	1.1701636103237905	-1.8642307082225018	NO	P30153
273	A	273	20.163	-16.759	34.151	0.37	0.714573268921095	0	0	0	1	0.5311198949324419	-0.6532108326785778	NO	P30153
274	V	274	20.775	-20.525	33.992	-2.26	0.803894927536232	0	0	0	1.0000000000000002	0.5464121757159667	-0.9704394643065769	NO	P30153
275	G	275	21.554	-20.634	30.295	0.37	0.804545454545455	0	0	0	0.9999999999999999	0.9025519624500884	-1.668189203341495	NO	P30153
276	P	276	20.228	-22.394	27.248	0.37	0.86374695863747	1	0	0	1.0000000000000002	1.5492524681929978	-2.7308625496989922	NO	P30153
277	E	277	22.324	-25.507	27.681	-3.14	0.858181818181818	0	0	0	1	1.3565506401090452	-2.7544257466770783	NO	P30153
278	I	278	20.601	-26.526	30.917	0.37	0.812043795620438	0	0	0	1	0.9634029644156608	-1.1323377204065805	NO	P30153
279	T	279	17.245	-25.133	29.903	0.37	0.809090909090909	0	0	0	1.0000000000000002	1.4144973220855486	-1.8643429371582019	NO	P30153
280	K	280	16.85	-27.687	27.161	-4.02	0.809090909090909	0	0	0	1	1.5999140223911203	-2.5964157918844637	NO	P30153
281	T	281	17.677	-30.63	29.384	-0.51	0.776727272727273	0	0	0	1	1.5080586447674957	-2.2457505353756604	NO	P30153
282	D	282	16.574	-29.609	32.908	0.37	0.781090909090909	1	0	0	1	1.0523208659645173	-0.6255815273876777	NO	P30153
283	L	283	14.102	-26.71	32.793	0.37	0.789705882352941	1	0	0	1	1.0693098676656063	-0.8404446880851034	NO	P30153
284	V	284	11.902	-28.022	30.055	-1.39	0.816605839416058	0	0	0	1	1.318465533374388	-1.2963522935797869	NO	P30153
285	P	285	10.725	-31.007	32.075	0.37	0.778909090909091	0	0	0	1	1.2661004822150548	-1.229849329899038	NO	P30153
286	A	286	10.32	-28.706	35.062	0.37	0.832167832167832	0	0	0	0.9999999999999999	1.0161329719962378	0.05809063326991731	NO	P30153
287	F	287	8.218	-26.323	33.006	0.37	0.832167832167832	1	0	0	1	1.118209868520621	-0.7593368362546112	NO	P30153
288	Q	288	6.464	-29.301	31.517	0.37	0.763480392156863	0	0	0	1	1.2003661401095977	-0.9447262118671645	NO	P30153
289	N	289	5.679	-30.44	35.035	0.37	0.799550814149354	0	0	0	1	1.1449123460907555	-0.04748804692511558	NO	P30153
290	L	290	4.779	-26.996	36.36	0.37	0.799550814149354	0	0	0	1	1.0026084214142843	0.17757641872265603	NO	P30153
291	M	291	2.026	-26.598	33.79	-1.39	0.860606060606061	1	0	0	0.9999999999999999	0.6530723819196607	0.34728536132306115	NO	P30153
292	K	292	0.69	-29.985	34.966	0.37	0.820816864295125	0	0	0	1	0.8873216097126659	-0.08966677693186868	NO	P30153
293	D	293	0.707	-28.924	38.664	0.37	0.826115702479339	0	0	4.963968362280576	0.2379855440020264	0.7127682122973424	0.2883334819104069	NO	P30153
294	C	294	-2.101	-29.877	41.038	0.37	0.827505827505828	0	0	0	1	0.8099509768472156	0.2643594007342268	NO	P30153
295	E	295	-2.592	-26.303	42.156	0.37	0.827505827505828	0	0	6.215513045181893	0.20198486104149235	0.5976162676687221	0.3601737322988654	NO	P30153
296	A	296	-4.322	-24.198	39.533	0.37	0.821487603305785	1	0	6.215513045181893	0.20198486104149235	0.204912878735645	0.08754271253865432	NO	P30153
297	E	297	-2.586	-21.093	40.787	0.37	0.816205533596838	0	0	4.122785892050983	0.27262256472920704	0.30799395716834677	0.18506965766207706	NO	P30153
298	V	298	0.726	-22.613	39.796	0.37	0.755778588807786	0	0	3.5171631324050994	0.30593756176451065	0.6360377432328544	0.49339060126429	NO	P30153
299	R	299	-0.383	-23.713	36.358	0.37	0.822163238221632	0	0	0	0.9999999999999999	0.3019083810724518	0.19845295824431886	NO	P30153
300	A	300	-1.882	-20.299	35.884	0.37	0.855072463768116	1	0	0	1	-0.12310092814186331	0.3511290507100671	NO	P30153
301	A	301	1.422	-18.671	36.788	0.37	0.794405594405594	1	0	3.06071922795452	0.33797121275999464	0.18437819872406766	0.3502281860099876	NO	P30153
302	A	302	3.148	-21.34	34.717	0.37	0.857487922705314	0	0	0	1.0000000000000002	0.6376689212477809	-0.10825188868381201	NO	P30153
303	S	303	1.021	-20.78	31.605	-2.26	0.800992779783394	0	0	0	1.0000000000000002	0.1627336984690974	0.06639830348280859	NO	P30153
304	H	304	1.377	-17.018	31.761	0.37	0.798111510791367	1	0	0	0.9999999999999999	-0.1203420496576045	-0.016091849401291825	NO	P30153
305	K	305	4.976	-17.914	30.902	0.37	0.793010752688172	0	0	0	1	0.3367478424961245	0.011572356064712633	NO	P30153
306	V	306	4.715	-20.082	27.788	0.37	0.790178571428571	0	0	0	1.0000000000000002	0.1286060275822271	-0.10825188868381201	NO	P30153
307	K	307	5.488	-17.53	25.087	0.37	0.756428571428571	0	0	0	0.9999999999999999	-0.13538431542607823	-0.12568174382889205	NO	P30153
308	E	308	8.384	-15.861	26.846	0.37	0.793615107913669	0	0	0	1	0.19682489979707085	-0.1486334077340428	NO	P30153
309	F	309	9.983	-19.174	27.726	-2.26	0.793615107913669	0	0	0	1	0.9097915665897357	-0.8140354929158494	NO	P30153
310	C	310	9.746	-20.26	24.12	-1.39	0.796480144404332	0	0	0	1	0.8268368901531045	-1.5070032685978374	NO	P30153
311	E	311	10.843	-16.888	22.785	0.37	0.816360952983344	0	0	0	1	0.599143230065935	-1.5501780725470313	NO	P30153
312	N	312	14.381	-17.307	24.072	0.37	0.844765342960289	0	0	0	0.9999999999999999	1.4110633312334142	-2.1570584472513104	NO	P30153
313	L	313	15.305	-21.011	23.829	0.37	0.853333333333333	1	0	0	1.0000000000000002	1.5565363974428519	-2.5964157918844637	NO	P30153
314	S	314	18.021	-21.951	21.321	-3.14	0.85958485958486	0	0	0	1	1.6233954933629504	-2.9620261000073578	NO	P30153
315	A	315	18.949	-22.003	17.638	-3.14	0.865196078431373	1	0	0	1	1.7398601887800291	-4.243224615651689	NO	P30153
316	D	316	17.627	-25.089	15.783	-1.39	0.897717666948436	0	0	0	1	1.3781510889778268	-3.425896348489966	NO	P30153
317	C	317	16.039	-26.83	18.717	-4.02	0.864468864468864	1	0	0	1	1.3816621470571229	-2.8411976221091937	NO	P30153
318	R	318	13.719	-23.94	19.356	0.37	0.86374695863747	2	0	0	1	1.1582354467179456	-2.283481938411754	NO	P30153
319	E	319	11.121	-25.007	16.843	0.37	0.858181818181818	0	0	0	1	0.5179342714614609	-1.7608838911477716	NO	P30153
320	N	320	11.537	-28.638	17.83	-0.51	0.748188405797102	0	0	0	1	1.0458467317149098	-2.8903623131160328	NO	P30153
321	V	321	11.344	-28.187	21.594	-1.39	0.690635451505017	0	0	0	1.0000000000000002	1.2860323416646058	-2.431671067987161	NO	P30153
322	I	322	8.22	-26.097	21.335	0.37	0.68619827825604	0	0	0	1	0.8034136785926509	-1.4695185081506263	NO	P30153
323	M	323	6.707	-28.574	18.926	0.37	0.68619827825604	1	0	0	1	0.2892509364381444	-0.8901957752809759	NO	P30153
324	S	324	7.78	-31.804	20.559	-1.39	0.637184115523466	0	0	0	1	0.9184968359572415	-2.012064273773513	NO	P30153
325	Q	325	7.322	-31.176	24.298	0.37	0.644160583941606	0	0	0	1	1.2500244369100275	-1.758062135050168	NO	P30153
326	I	326	5.952	-27.682	24.979	0.37	0.605128205128205	1	0	0	1	1.0171869077461555	-1.2644447438607314	NO	P30153
327	L	327	2.872	-27.621	22.775	0.37	0.606150061500615	0	0	0	1	0.27218301218099705	-0.4437939606400943	NO	P30153
328	P	328	1.271	-30.834	23.971	0.37	0.610123456790124	0	0	0	1	0.44770398480817064	-0.21104969016998662	NO	P30153
329	C	329	1.001	-29.06	27.311	-3.14	0.605128205128205	0	0	0	1	0.5603921111974738	-0.3100493351045397	NO	P30153
330	I	330	-0.748	-26.054	25.771	0.37	0.602895259721828	0	0	0	1	-0.06045511938596543	0.3140050449300463	NO	P30153
331	K	331	-3.452	-28.056	24.044	0.37	0.54783950617284	0	0	0	1	-0.255482635975357	0.15480267469273898	NO	P30153
332	E	332	-4.17	-29.628	27.409	0.37	0.601554579249747	0	0	0	0.9999999999999999	-0.15475026104794015	-0.52184637969615	NO	P30153
333	L	333	-4.173	-26.232	29.153	0.37	0.4	0	0	0	1	-0.21151637901605905	0.03492554098215836	NO	P30153
334	V	334	-6.578	-24.564	26.759	0.37	0.4	0	0	0	1	-0.6288647211096697	0.15729299607629207	NO	P30153
335	S	335	-9.122	-27.087	27.924	0.37	0.397777777777778	0	0	0	0.9999999999999999	-0.8111468167410758	0.25594803550166617	NO	P30153
336	D	336	-8.364	-26.652	31.593	0.37	0.396666666666667	0	0	0	1	-0.354379340831313	-0.12568174382889213	NO	P30153
337	A	337	-10.807	-26.651	34.486	-3.14	0.363297150610583	0	0	0	1	-0.34220650378314876	0.5310153519577624	NO	P30153
338	N	338	-9.43	-23.403	35.873	0.37	0.363297150610583	0	0	0	1	-0.2761110489830982	0.30481793205412777	NO	P30153
339	Q	339	-10.793	-20.065	34.702	0.37	0.239516940623952	0	0	0	1	-0.6789057617740595	0.3871982873555583	NO	P30153
340	H	340	-7.439	-18.318	35.275	0.37	0.239304812834225	0	0	0	1	-0.42492971555408365	0.18506965766207706	NO	P30153
341	V	341	-5.204	-20.743	33.407	0.37	0.241077441077441	0	0	0	0.9999999999999999	-0.24084245370501262	0.23720431479231957	NO	P30153
342	K	342	-7.031	-20.495	30.114	0.37	0.13210332103321001	0	0	0	0.9999999999999999	-0.30015236794238387	0.3628402918111007	NO	P30153
343	S	343	-7.36	-16.779	30.544	0.37	0.131734317343173	0	0	0	1	-0.7271148184293271	0.31046144424933486	NO	P30153
344	A	344	-3.651	-16.502	31.313	0.37	0.132222222222222	0	0	0	0.9999999999999999	-0.3079588034758715	0.5233601571857949	NO	P30153
345	L	345	-2.554	-18.796	28.495	0.37	0.132222222222222	0	0	0	1	-0.4395169174910122	0.3310233885401107	NO	P30153
346	A	346	-4.756	-16.787	26.171	0.37	0.13271375464684	0	0	0	1	-0.6388808020580515	0.7514771568922112	NO	P30153
347	S	347	-2.828	-13.655	27.027	0.37	0.121099050203528	0	0	0	1	-0.6398273966534869	0.6447337259616954	NO	P30153
348	V	348	0.321	-15.289	25.641	0.37	0.121438263229308	0	0	0	1	-0.507113648033357	0.43040514431706417	NO	P30153
349	I	349	-0.57	-17.974	23.1	0.37	0.110493827160494	1	0	0	1	-0.5815029599966086	0.21925631807535087	NO	P30153
350	M	350	-0.976	-15.66	20.12	0.37	0.121777476255088	0	0	0	1	-0.9435547867747534	0.8489996175174247	NO	P30153
351	G	351	2.696	-14.624	20.436	0.37	0.134456928838951	0	0	0	1	-0.8368675213173842	0.3942676003481603	NO	P30153
352	L	352	3.681	-18.271	19.996	0.37	0.366700715015322	0	0	0	1	-0.48217694890324875	0.49210339011763177	NO	P30153
353	S	353	2.757	-17.922	16.305	0.37	0.370497427101201	0	0	0	1	-0.7348476506538371	0.5233601571857949	NO	P30153
354	P	354	5.711	-16.047	14.836	-2.26	0.366700715015322	0	0	0	1	-0.9909864612477935	0.30358341376142617	NO	P30153
355	I	355	8.072	-18.304	16.737	0.37	0.400371747211896	0	0	0	1	0.07064152969007265	-1.2139481975419584	NO	P30153
356	L	356	6.623	-21.418	15.116	0.37	0.397777777777778	0	0	0	0.9999999999999999	-0.2805867561451507	-0.5743769485186785	NO	P30153
357	G	357	6.29	-19.528	11.873	0.37	0.442379182156134	0	0	0	1	-0.9460459256838808	0.5000142667193618	NO	P30153
358	K	358	3.608	-19.719	9.221	0.37	0.39814126394052	0	0	0	1	-1.151501968354427	0.5000142667193618	NO	P30153
359	D	359	3.561	-23.427	8.453	-1.39	0.398507462686567	0	0	0	1	-0.9640581659437575	0.2926676730680651	NO	P30153
360	N	360	3.111	-24.88	11.917	0.37	0.401123595505618	1	0	0	1	-0.4755002946810211	0.2643594007342268	NO	P30153
361	T	361	0.545	-22.344	13.08	0.37	0.405681818181818	0	0	0	1	-1.0045268002275356	0.6193956388216235	NO	P30153
362	I	362	-2.051	-23.217	10.507	0.37	0.493605254061528	0	0	0	0.9999999999999999	-1.0731377000345401	0.5208586332768995	NO	P30153
363	E	363	-1.734	-26.871	11.347	0.37	0.493112947658402	0	0	0	1	-0.7268867039204412	0.7368993344996714	NO	P30153
364	H	364	-1.301	-26.776	15.144	0.37	0.540377358490566	0	0	0	1	-0.3989506719659222	0.6115482463176676	NO	P30153
365	L	365	-2.09	-23.303	16.529	0.37	0.504699248120301	0	0	0	1	-0.8028298333845686	0.6563470159008951	NO	P30153
366	L	366	-5.374	-22.7	14.742	0.37	0.502808988764045	0	0	0	1	-0.9129793195966059	0.8672644662089556	NO	P30153
367	P	367	-7.23	-25.443	16.497	0.37	0.49907063197026	1	0	0	1	-0.48542443852879774	1.0628121637728816	NO	P30153
368	L	368	-6.256	-23.507	19.639	0.37	0.571428571428571	0	0	0	0.9999999999999999	-0.6644270354244268	0.7285398820605209	NO	P30153
369	F	369	-7.21	-19.921	18.802	0.37	0.567226890756303	0	0	0	0.9999999999999999	-0.8921195875033289	1.0628121637728816	NO	P30153
370	L	370	-10.61	-20.998	17.604	0.37	0.659926470588235	0	0	0	1	-0.7239602130554753	1.0628121637728816	NO	P30153
371	A	371	-11.248	-23.187	20.631	0.37	0.66728624535316	0	0	0	0.9999999999999999	-0.42100661301314773	1.0628121637728816	NO	P30153
372	Q	372	-10.12	-20.425	22.952	0.37	0.662361623616236	0	0	0	1	-0.8450807405674746	0.9231352369415059	NO	P30153
373	L	373	-12.154	-17.865	21.049	0.37	0.564075630252101	0	0	0	1	-0.8129727567956438	0.9294841881611139	NO	P30153
374	K	374	-15.438	-19.758	21.638	0.37	0.564075630252101	0	0	0	1	-0.46476718092206687	0.8794861973067009	NO	P30153
375	D	375	-14.652	-20.266	25.352	0.37	0.562009419152276	0	0	0	1	-0.48718214722312925	0.4354564213853671	NO	P30153
376	E	376	-17.319	-20.109	28.05	0.37	0.564075630252101	0	0	0	1	-0.563789427478953	0.2990747382576466	NO	P30153
377	C	377	-15.453	-17.427	29.983	0.37	0.493131868131868	1	0	0	1	-0.8532653020692529	0.4772801375445347	NO	P30153
378	P	378	-15.729	-13.939	28.619	0.37	0.659926470588235	0	0	0	0.9999999999999999	-0.81595810556183	0.853296773525818	NO	P30153
379	E	379	-12.225	-12.91	29.684	-1.39	0.659926470588235	0	0	0	0.9999999999999999	-1.016619734338773	0.8672644662089556	NO	P30153
380	V	380	-10.516	-15.7	27.784	0.37	0.762612851832183	0	0	0	1	-0.9713706381302716	0.8998557491362765	NO	P30153
381	R	381	-11.68	-14.499	24.382	0.37	0.76832530765115	0	0	0	1	-0.9621257740346644	0.9263835375654913	NO	P30153
382	L	382	-11.04	-10.917	25.403	0.37	0.763326226012793	0	0	0	0.9999999999999999	-0.9278283617313594	0.9042599765588875	NO	P30153
383	N	383	-7.419	-11.974	25.768	0.37	0.536329588014981	0	0	0	1	-1.0942945241661712	0.8902700776870645	NO	P30153
384	I	384	-7.317	-13.701	22.393	0.37	0.54188679245283	0	0	0	0.9999999999999999	-0.9648005000654217	0.9231352369415059	NO	P30153
385	I	385	-8.934	-10.837	20.483	0.37	0.455006337135615	0	0	0	1	-1.0119323306474524	0.9294841881611139	NO	P30153
386	S	386	-6.376	-8.409	21.858	0.37	0.455006337135615	0	0	0	1	-1.0949144089658065	0.8794861973067009	NO	P30153
387	N	387	-3.37	-10.07	20.236	0.37	0.456273764258555	0	0	0	1	-1.1699156113178082	1.0628121637728816	NO	P30153
388	L	388	-4.805	-10.879	16.78	0.37	0.454545454545455	0	0	0	1	-1.3331638321463184	0.8380348715556064	NO	P30153
389	D	389	-2.432	-8.406	15.179	0.37	0.545454545454546	0	0	0	0.9999999999999999	-1.5281659203265552	0.7381338527923731	NO	P30153
390	C	390	0.532	-10.728	15.739	0.37	0.390005431830527	0	0	0	1	-1.5585289216056377	0.7381338527923731	NO	P30153
391	V	391	-1.114	-13.476	13.71	0.37	0.390005431830527	0	0	0	1	-1.377675794497121	0.8049793874060072	NO	P30153
392	N	392	-2.19	-11.001	11.035	0.37	0.390005431830527	1	0	0	0.9999999999999999	-1.6161720902259489	0.7800278284027612	NO	P30153
393	E	393	1.254	-9.551	10.438	0.37	0.195002715915263	1	0	0	0.9999999999999999	-1.6347803340717009	0.6816680595783715	NO	P30153
394	V	394	3.125	-12.806	9.759	0.37	0.192803437164339	0	0	0	0.9999999999999999	-1.534216779163843	0.47750235083722115	NO	P30153
395	I	395	0.367	-15.1	8.502	0.37	0.339622641509434	0	0	0	1	-1.4044276840560734	0.5208586332768995	NO	P30153
396	G	396	-1.207	-14.499	5.098	0.37	0.339962121212121	0	0	0	0.9999999999999999	-1.5753103964049384	0.796156212549346	NO	P30153
397	I	397	-4.476	-12.604	5.099	0.37	0.301346801346801	0	0	0	0.9999999999999999	-1.6747044000732452	1.0628121637728816	NO	P30153
398	R	398	-6.032	-15.052	2.681	0.37	0.304495335029686	0	0	0	0.9999999999999999	-1.8180042440668573	1.0628121637728816	NO	P30153
399	Q	399	-5.596	-17.774	5.299	0.37	0.274045801526718	0	0	0	0.9999999999999999	-1.5615811724910593	0.796156212549346	NO	P30153
400	L	400	-6.788	-15.41	8.013	0.37	0.276923076923077	0	0	0	0.9999999999999999	-1.3743055357713412	1.0628121637728816	NO	P30153
401	S	401	-10.238	-15.058	6.486	0.37	0.277992277992278	0	0	0	1	-1.7383227183405108	1.0628121637728816	NO	P30153
402	Q	402	-10.773	-18.756	5.901	0.37	0.276923076923077	0	0	0	1	-1.4223531644285166	1.0628121637728816	NO	P30153
403	S	403	-10.827	-19.928	9.538	0.37	0.343511450381679	0	0	0	1	-0.9822158636732086	1.0628121637728816	NO	P30153
404	L	404	-10.968	-17.079	12.067	0.37	0.376175548589342	0	0	0	1	-0.9131807505355451	1.0628121637728816	NO	P30153
405	L	405	-13.101	-14.537	10.244	0.37	0.375130616509927	0	0	0	0.9999999999999999	-1.4184235504394074	1.0628121637728816	NO	P30153
406	P	406	-16.323	-16.454	10.629	0.37	0.374475524475524	0	0	0	1	-1.297578009253976	1.0628121637728816	NO	P30153
407	A	407	-15.551	-16.786	14.332	0.37	0.370203940546146	0	0	0	1	-0.8035149942520795	1.0628121637728816	NO	P30153
408	I	408	-14.437	-13.169	14.67	0.37	0.410344827586207	0	0	0	0.9999999999999999	-0.9876536818365658	1.0628121637728816	NO	P30153
409	V	409	-17.673	-11.913	13.159	0.37	0.371616932685635	0	0	0	0.9999999999999999	-1.3313285349951538	1.0628121637728816	NO	P30153
410	E	410	-19.753	-13.938	15.598	0.37	0.375921375921376	1	0	0	1	-1.0182757762235435	1.0628121637728816	NO	P30153
411	L	411	-17.953	-12.208	18.481	0.37	0.378435517970402	0	0	0	1	-0.897661152888415	1.0628121637728816	NO	P30153
412	A	412	-18.662	-8.838	16.924	0.37	0.378846834099752	0	0	0	1	-1.0296985144795245	1.0628121637728816	NO	P30153
413	E	413	-22.183	-9.463	18.272	0.37	0.34765625	0	0	0	1	-1.2188444739012085	1.0628121637728816	NO	P30153
414	D	414	-21.192	-10.972	21.689	0.37	0.32434887946699	0	0	0	1	-0.8637020395627878	1.0628121637728816	NO	P30153
415	A	415	-23.226	-10.376	24.851	0.37	0.324718759501368	0	0	0	1	-1.1233686137399888	1.0628121637728816	NO	P30153
416	K	416	-20.341	-8.74	26.644	0.37	0.353174603174603	0	0	0	1	-0.8398706144814303	0.8183775418179741	NO	P30153
417	W	417	-19.637	-5.211	25.469	0.37	0.350790513833992	0	0	0	1	-0.8930363947073663	0.8605214421550269	NO	P30153
418	R	418	-16.007	-5.434	26.522	0.37	0.349409448818898	1	0	0	1	-0.7685583032868859	0.853296773525818	NO	P30153
419	V	419	-15.616	-8.322	24.131	0.37	0.345330739299611	0	0	0	1	-0.7874159585293469	0.8850415296238578	NO	P30153
420	R	420	-17.416	-6.434	21.395	0.37	0.318425760286225	0	0	0	1	-0.895401718293883	0.9042599765588875	NO	P30153
421	L	421	-15.383	-3.271	21.708	0.37	0.372377622377622	0	0	0	1	-0.8353296218537333	0.8951998515752307	NO	P30153
422	A	422	-12.354	-5.475	21.264	0.37	0.369905956112853	0	0	0	1	-0.7939699199630942	0.8902700776870645	NO	P30153
423	I	423	-13.545	-6.48	17.792	0.37	0.372377622377622	0	0	0	1	-0.9145942867702193	1.0628121637728816	NO	P30153
424	I	424	-14.371	-2.835	17.039	0.37	0.406488549618321	1	0	0	1	-0.7897770703325391	0.9197284826285455	NO	P30153
425	E	425	-10.876	-1.765	18.03	0.37	0.404942965779468	0	0	0	1	-0.6142476841623822	0.8902700776870645	NO	P30153
426	Y	426	-9.82	-4.238	15.339	0.37	0.299112801013942	0	0	0	0.9999999999999999	-0.9388458526767371	1.0628121637728816	NO	P30153
427	M	427	-12.041	-3.274	12.389	0.37	0.297138047138047	0	0	0	1	-0.7483913366940163	0.9161513905999371	NO	P30153
428	P	428	-9.815	-0.82	10.587	0.37	0.330524344569288	0	0	0	1	-0.5041574827467624	0.21338393205274814	NO	P30153
429	L	429	-7.026	-3.384	10.307	0.37	0.331766917293233	0	0	0	1	-0.950380399058078	0.7381338527923731	NO	P30153
430	L	430	-9.257	-6.304	9.405	0.37	0.328651685393258	0	0	0	1	-1.326893621292471	1.0628121637728816	NO	P30153
431	A	431	-11.283	-4.143	7.045	0.37	0.330827067669173	0	0	0	1	-1.2011865242558926	1.0628121637728816	NO	P30153
432	G	432	-8.234	-2.425	5.567	0.37	0.329588014981273	0	0	0	1	-1.0401706312926537	0.7121595879139323	NO	P30153
433	Q	433	-5.831	-5.242	4.87	0.37	0.327137546468401	0	0	0	0.9999999999999999	-1.5933671979448147	1.0628121637728816	NO	P30153
434	L	434	-8.563	-7.413	3.42	0.37	0.217901234567901	0	0	0	1	-1.8857896640002483	1.0628121637728816	NO	P30153
435	G	435	-11.577	-5.444	2.326	0.37	0.21952736318408	0	0	0	1	-1.525597977607498	1.0628121637728816	NO	P30153
436	V	436	-10.937	-3.492	-0.786	0.37	0.218283582089552	0	0	0	1	-1.4641739539486227	1.0628121637728816	NO	P30153
437	E	437	-14.448	-4.023	-2.197	0.37	0.219725343320849	0	0	0	1	-1.6228293824003974	1.0628121637728816	NO	P30153
438	F	438	-15.047	-6.962	0.128	0.37	0.220973782771536	0	0	0	1	-2.24787518788654	1.0628121637728816	NO	P30153
439	F	439	-15.847	-5.008	3.293	0.37	0.220149253731343	0	0	0	1	-1.3944386474799422	1.0628121637728816	NO	P30153
440	D	440	-18.586	-2.774	1.909	0.37	0	0	0	0	1	-0.862744068942881	0.5948309693755766	NO	P30153
441	E	441	-20.544	-5.826	0.828	0.37	0.217901234567901	0	0	0	1	-1.7636701364666543	1.0628121637728816	NO	P30153
442	K	442	-19.864	-8.53	3.427	0.37	0.186083289404323	0	0	0	1	-1.8657366295699864	1.0628121637728816	NO	P30153
443	L	443	-19.19	-6.586	6.647	0.37	0.325645756457565	0	0	0	1	-1.5943188544065985	1.0628121637728816	NO	P30153
444	N	444	-20.891	-3.217	6.145	0.37	0.324448529411765	0	0	0	1	-0.7953273147429331	0.6128302460831653	NO	P30153
445	S	445	-24.235	-3.841	7.8	0.37	0.48489010989011	0	0	0	1	-0.8638844373881325	1.0628121637728816	NO	P30153
446	L	446	-22.334	-5.465	10.653	0.37	0.489852398523985	0	0	0	0.9999999999999999	-1.3345703757852196	1.0628121637728816	NO	P30153
447	C	447	-19.975	-2.529	11.194	0.37	0.489430147058824	0	0	0	1	-0.7760350190488675	0.9161513905999371	NO	P30153
448	M	448	-22.899	-0.072	11.157	0.37	0.437037037037037	0	0	0	1	-0.22793634141008853	0.5087803732239816	NO	P30153
449	A	449	-25.079	-2.011	13.597	0.37	0.438661710037175	0	0	0	1	-0.42378638907638444	1.0628121637728816	NO	P30153
450	W	450	-22.78	-1.049	16.452	0.37	0.438661710037175	0	0	0	1	-0.6157149459886068	0.8998557491362765	NO	P30153
451	L	451	-24.135	2.491	16.247	0.37	0.488468634686347	0	0	0	1	0.06697780305642277	0.4628362735199266	NO	P30153
452	V	452	-27.602	1.158	17.19	0.37	0.485294117647059	0	0	0	1	-0.04523401590203608	0.5471466110391326	NO	P30153
453	D	453	-26.287	-0.817	20.203	0.37	0.481363636363636	0	0	0	1	-0.7512387946366559	1.0628121637728816	NO	P30153
454	H	454	-27.906	-0.316	23.62	0.37	0.430656934306569	0	0	0	1	-0.6840036566251605	1.0628121637728816	NO	P30153
455	V	455	-24.606	0.143	25.433	0.37	0.426328502415459	0	0	0	1	-0.8122664199980478	1.0628121637728816	NO	P30153
456	Y	456	-23.058	3.585	25.083	0.37	0.42326139088729	1	0	0	1	-0.45054175357445725	1.0628121637728816	NO	P30153
457	A	457	-19.394	2.625	24.946	0.37	0.419354838709677	0	0	0	1	-0.6638786665807912	0.8371802050452747	NO	P30153
458	I	458	-20.034	0.746	21.76	0.37	0.422062350119904	1	0	0	1	-0.7703402996542065	0.8951998515752307	NO	P30153
459	R	459	-21.643	3.79	20.14	0.37	0.422062350119904	0	0	0	1	-0.2496540906068081	0.8794861973067009	NO	P30153
460	E	460	-18.515	5.687	21.112	0.37	0.510144927536232	1	0	0	1	-0.10323798097642108	0.18506965766207706	NO	P30153
461	A	461	-16.371	2.902	19.708	0.37	0.583941605839416	0	0	0	1	-0.39600952321544197	0.3511290507100671	NO	P30153
462	A	462	-18.597	2.766	16.656	0.37	0.644160583941606	0	0	0	1	-0.255868793691919	0.43585323083659266	NO	P30153
463	T	463	-18.413	6.514	16.153	0.37	0.695676586187535	0	0	0	1	0.2697764381135581	0.25784451101683364	NO	P30153
464	S	464	-14.665	6.72	16.622	-1.39	0.738269030239833	0	0	0	1	0.2311488192612567	-0.22733207082334186	NO	P30153
465	N	465	-14.539	3.843	14.173	0.37	0.738880167451596	0	0	0	1	0.012556812787534082	-0.12272578153175617	NO	P30153
466	L	466	-15.712	5.996	11.244	0.37	0.738880167451596	0	0	0	1	0.5307462330533619	-0.7325702350901276	NO	P30153
467	K	467	-13.043	8.679	11.37	-3.14	0.727335164835165	0	0	0	1	0.9844712165127824	-1.0134484886974697	NO	P30153
468	K	468	-10.615	5.802	10.958	0.37	0.732077205882353	0	0	0	1	0.4523088138739378	-0.7652393768415905	NO	P30153
469	L	469	-12.923	3.978	8.529	0.37	0.765570934256055	0	0	0	1	0.05669287569154509	-0.5875488676779105	NO	P30153
470	V	470	-12.777	7.009	6.272	0.37	0.765570934256055	0	0	0	0.9999999999999999	0.8686769935980543	-1.7714489427866504	NO	P30153
471	E	471	-9.129	7.722	6.948	-2.26	0.821759259259259	0	0	0	1	0.8634371802956731	-1.2770938082136427	NO	P30153
472	K	472	-7.603	4.462	5.734	0.37	0.783088235294118	0	0	0	1	0.06965819165164577	-0.8443575743258835	NO	P30153
473	F	473	-10.527	3.966	3.356	0.37	0.839023109243698	0	0	0	1	-0.11530549024112595	-0.7652393768415905	NO	P30153
474	G	474	-11.949	6.159	0.613	0.37	0.80316742081448	0	0	0	1	0.4882196152682384	-1.862070301210274	NO	P30153
475	K	475	-13.785	9.502	0.788	-4.02	0.697283950617284	1	0	0	1.0000000000000002	1.2639391517776661	-1.9716337996875366	NO	P30153
476	E	476	-16.343	9.122	-2.014	0.37	0.699876084262701	1	0	0	1	1.2814642839401524	-2.6335305285165225	NO	P30153
477	W	477	-17.357	5.773	-0.608	0.37	0.698646986469865	1	0	0	1.0000000000000002	0.5291180476213203	-1.2537614124815832	NO	P30153
478	A	478	-17.884	7.451	2.713	0.37	0.698646986469865	1	0	0	1	1.0537349481077767	-1.7714489427866504	NO	P30153
479	H	479	-20.404	9.577	0.907	-4.02	0.78021978021978	1	0	0	1	1.3109259761339753	-1.654935767670563	NO	P30153
480	A	480	-21.827	6.487	-0.723	-3.14	0.78021978021978	0	0	0	1.0000000000000002	0.9016788144986928	-2.1721455602810624	NO	P30153
481	T	481	-22.267	4.094	2.226	0.37	0.785294117647059	0	0	0	0.9999999999999999	0.4025132414036454	-0.9963643484533095	NO	P30153
482	I	482	-21.267	5.55	5.596	0.37	0.736213235294118	1	0	0	1	0.7221912726084074	-0.708169301754481	NO	P30153
483	I	483	-22.957	8.936	5.416	-1.39	0.730839416058394	0	0	0	1	1.1556595105272442	-2.106504923165182	NO	P30153
484	P	484	-26.233	7.747	3.944	0.37	0.759358288770054	1	0	0	0.9999999999999999	1.1030855958027028	-2.371832425356353	NO	P30153
485	K	485	-26.879	5.393	6.861	0.37	0.809762773722628	0	0	0	1	0.5977508922182957	-1.3944224267519985	NO	P30153
486	V	486	-25.586	7.928	9.374	0.37	0.719789132197891	0	0	0	0.9999999999999999	0.7912333420971227	-1.4875127030573427	NO	P30153
487	L	487	-27.933	10.66	8.168	0.37	0.71	0	0	0	1	1.1223807957278937	-1.777269787310142	NO	P30153
488	A	488	-30.785	8.152	8.303	-2.26	0.683062968777255	0	0	0	1	0.8438442224964007	-1.6190245123346554	NO	P30153
489	M	489	-30.229	7.702	12.034	0.37	0.6875	0	0	0	1	0.6816664041221459	-0.5948989996667643	NO	P30153
490	S	490	-31.551	11.199	12.77	-2.26	0.734370041256744	0	0	0	0.9999999999999999	0.8969485546437151	-0.5724162429949761	NO	P30153
491	G	491	-35.129	9.851	12.715	-3.14	0.734370041256744	1	0	0	0.9999999999999999	0.9373022437755446	-1.3053466411408983	NO	P30153
492	D	492	-34.746	7.498	15.713	0.37	0.742440041710115	0	0	0	1	0.6483744618528645	-0.4757225021681754	NO	P30153
493	P	493	-37.247	8.203	18.416	0.37	0.719230769230769	0	0	0	1	0.7936812799035275	-0.9475237184983044	NO	P30153
494	N	494	-34.897	7.723	21.314	0.37	0.688854489164087	1	0	0	1	0.6515998813862013	-0.5454565420440672	NO	P30153
495	Y	495	-32.773	10.778	21.886	0.37	0.615443718786016	0	0	0	0.9999999999999999	0.8194065706103433	-0.22380280088067747	NO	P30153
496	L	496	-29.84	8.64	22.888	0.37	0.58631386861313906	0	0	0	1	0.36496474653308886	0.33188915461551177	NO	P30153
497	H	497	-29.844	7.156	19.41	0.37	0.59010989010989	0	0	0	0.9999999999999999	0.2668594104800123	0.17698917429166688	NO	P30153
498	R	498	-30.626	10.403	17.598	0.37	0.626934984520124	0	0	0	1	0.7815108004856001	-0.5714358902331249	NO	P30153
499	M	499	-27.785	12.063	19.451	0.37	0.622903412377097	1	0	0	0.9999999999999999	0.8666396200710801	0.20674900329000678	NO	P30153
500	T	500	-25.537	9.636	17.588	0.37	0.584452584452584	0	0	0	1	0.571056316491607	0.10922729472349904	NO	P30153
501	T	501	-26.327	11.596	14.469	0.37	0.65036231884058	0	0	0	1	0.9120170194212956	-0.4696659368599968	NO	P30153
502	L	502	-24.584	14.666	15.91	0.37	0.652727272727273	1	0	0	0.9999999999999999	1.2858187543178023	-0.025516195290618097	NO	P30153
503	F	503	-22.042	12.353	17.51	0.37	0.655109489051095	0	0	0	1	0.9798004165696526	0.20674900329000678	NO	P30153
504	C	504	-20.906	10.938	14.192	0.37	0.657509157509158	0	0	0	1	0.9687542317030827	-0.5269790236848275	NO	P30153
505	I	505	-21.028	14.309	12.441	0.37	0.657509157509158	2	0	0	1	1.3936909597781768	-0.6179713585669568	NO	P30153
506	N	506	-18.299	15.98	14.456	0.37	0.811808118081181	1	0	0	1	1.5157416334795928	0.11420163458915544	NO	P30153
507	V	507	-16	12.944	14.041	-2.26	0.738007380073801	0	0	0	1	1.2310244253045621	-0.3580831191753864	NO	P30153
508	L	508	-16.973	12.614	10.347	0.37	0.731954582319546	0	0	0	1	1.2731177808934246	-1.220835906309165	NO	P30153
509	S	509	-15.814	16.159	9.563	0.37	0.690128606187001	0	0	0	0.9999999999999999	1.5385557306360802	-1.4245878812341608	NO	P30153
510	E	510	-12.028	15.984	9.894	0.37	0.666051660516605	0	0	0	1	1.5239831180719732	-1.321042659433818	NO	P30153
511	V	511	-11.767	13.19	7.342	-2.26	0.632425545469024	0	0	0	1	1.3295512842991584	-1.4854725313875183	NO	P30153
512	C	512	-14.543	14.388	4.96	0.37	0.660583941605839	0	0	0	1	1.3933035315086975	-1.538009249376116	NO	P30153
513	G	513	-13.606	18.038	4.383	0.37	0.716628959276018	1	0	0	1	1.5709464852583803	-1.8626258344419895	NO	P30153
514	Q	514	-15.685	21.069	3.424	0.37	0.716628959276018	0	0	0	0.9999999999999999	1.8153145029375002	-0.7662810016510574	NO	P30153
515	D	515	-17.583	20.007	0.323	-1.39	0.73937908496732	0	0	0	1.0000000000000002	1.5209741029219979	-2.281497891155627	NO	P30153
516	I	516	-19.094	16.865	1.781	0.37	0.743464052287582	2	0	0	1	1.3838471922575655	-1.654935767670563	NO	P30153
517	T	517	-19.96	18.557	5.067	0.37	0.790123456790123	0	0	0	1	1.6129367904130194	-1.700965664012721	NO	P30153
518	T	518	-21.428	21.775	3.742	0.37	0.8	0	0	0	1	1.9175794169801286	-0.7915577636941217	NO	P30153
519	K	519	-23.942	20.14	1.444	0.37	0.827272727272727	0	0	0	1	1.6308713470792566	-2.143408202129153	NO	P30153
520	H	520	-24.779	16.892	3.242	-4.02	0.836397058823529	0	0	0	1	1.3365431860257253	-1.8644511579176268	NO	P30153
521	M	521	-24.064	16.917	6.981	0.37	0.756393861892583	1	0	0	1	1.489665617024294	-1.0275800252830487	NO	P30153
522	L	522	-24.875	20.516	7.85	0.37	0.751552795031056	0	0	0	1	1.8653925704337142	-0.5892582006985742	NO	P30153
523	P	523	-28.365	20.458	6.46	0.37	0.751552795031056	0	0	0	1	1.6888665940823582	-1.498196034436491	NO	P30153
524	T	524	-29.168	17.894	9.134	-4.02	0.728240740740741	1	0	0	1	1.3133617514469185	-1.1318913097739518	NO	P30153
525	V	525	-27.476	19.712	12.036	0.37	0.728240740740741	0	0	0	1	1.637356331868984	-0.09450567104321886	NO	P30153
526	L	526	-29.334	23.016	11.636	0.37	0.75780998389694	1	0	0	1	2.031868573633998	-0.6095015874718626	NO	P30153
527	R	527	-32.416	20.846	11.207	-1.39	0.795201081446435	2	0	0	0.9999999999999999	1.5793033307548776	-1.6469554887070281	NO	P30153
528	M	528	-31.674	19.078	14.505	0.37	0.795201081446435	1	0	0	1	1.3640342996462822	-0.47747681763675137	NO	P30153
529	A	529	-31.578	22.328	16.48	0.37	0.766137566137566	0	0	0	0.9999999999999999	1.6560104665002906	-0.7560336656876531	NO	P30153
530	G	530	-35.402	22.27	16.657	0.37	0.728614558872861	2	0	0	1	1.5891673011702054	-0.8104458935724557	NO	P30153
531	D	531	-35.588	18.95	18.586	0.37	0.736059479553903	0	0	0	0.9999999999999999	1.2421396281265245	-0.8180646350359851	NO	P30153
532	P	532	-37.927	18.572	21.516	-3.14	0.669741697416974	1	0	0	1.0000000000000002	1.191023165552066	-0.40009201307845926	NO	P30153
533	V	533	-35.233	17.124	23.786	0.37	0.700980392156863	0	0	0	1.0000000000000002	1.161629839403326	0.17299284827695316	NO	P30153
534	A	534	-32.695	19.666	25.043	0.37	0.695863746958638	0	0	0	1	1.3140376770673312	0.05480669298391315	NO	P30153
535	N	535	-29.888	17.112	25.063	0.37	0.729270729270729	0	0	0	0.9999999999999999	1.1917696480892987	0.14930720587037893	NO	P30153
536	V	536	-30.08	17.069	21.286	0.37	0.732640053673264	0	0	0	0.9999999999999999	1.233795420200009	0.3511290507100671	NO	P30153
537	R	537	-30.309	20.87	21.273	0.37	0.730627306273063	1	0	0	1	1.5181122133364997	-0.28756092255143306	NO	P30153
538	F	538	-27.167	21.531	23.357	0.37	0.759811616954474	0	0	0	1	1.497317180888449	-0.043449687924759166	NO	P30153
539	N	539	-25.403	18.942	21.331	0.37	0.754953076120959	0	0	0	0.9999999999999999	1.37290341908956	1.0628121637728816	NO	P30153
540	V	540	-26.291	20.692	18.133	0.37	0.812576312576313	0	0	0	0.9999999999999999	1.5229771974877109	0.5135286809139841	NO	P30153
541	A	541	-24.737	23.888	19.475	0.37	0.813316993464052	0	0	0	1	1.8095140721657006	0.04401252404382998	NO	P30153
542	K	542	-21.905	21.79	20.79	0.37	0.925185873605948	0	0	0	1	1.576896909461925	0.68675889922687	NO	P30153
543	S	543	-21.794	19.995	17.45	0.37	0.9541381128097	0	0	0	0.9999999999999999	1.5610336657296293	0.3140050449300463	NO	P30153
544	L	544	-21.787	23.233	15.48	0.37	0.928205128205128	0	0	0	0.9999999999999999	1.8081769446337383	0.04652647211991705	NO	P30153
545	Q	545	-18.727	24.495	17.274	0.37	0.922225376099915	0	0	0	1.0000000000000002	1.8656792352528904	0.3736241721914643	NO	P30153
546	K	546	-16.687	21.423	16.334	0.37	0.945378151260504	0	0	0	1	1.6471871483140716	0.49616826742286857	NO	P30153
547	I	547	-17.907	21.445	12.712	0.37	0.970588235294118	0	0	0	1	1.7296028303774478	0.18534742427793494	NO	P30153
548	G	548	-17.475	25.225	12.382	0.37	1.01809954751131	0	0	0	0.9999999999999999	2.041331341232703	-0.06363829684448975	NO	P30153
549	P	549	-13.891	25.56	11.181	0.37	0.94973544973545	0	0	0	0.9999999999999999	2.103082754918286	-0.23837011673455574	NO	P30153
550	I	550	-14.573	22.988	8.505	0.37	0.942752100840336	1	0	0	1	1.8906401263726769	-0.49233367676125345	NO	P30153
551	L	551	-17.201	25.296	6.996	0.37	0.936682365253794	0	0	0	1	2.082673907631416	-0.6756596432274341	NO	P30153
552	D	552	-16.52	28.263	4.74	0.37	0.936682365253794	1	0	0	0.9999999999999999	2.2695776990435985	-0.8007493135279634	NO	P30153
553	N	553	-16.745	31.699	6.314	-0.51	0.843014128728415	0	0	0	1	2.4348470657746732	-1.375978723459037	NO	P30153
554	S	554	-19.768	32.711	4.265	-1.39	0.895	0	0	0	0.9999999999999999	2.7177714652619045	-0.8882205460126534	NO	P30153
555	T	555	-21.693	29.492	4.828	-3.14	0.954666666666667	0	0	0	1	2.3988610956090812	-0.4646626872575883	NO	P30153
556	L	556	-21.074	29.902	8.578	0.37	0.977189781021898	1	0	0	1	2.326799151144842	-0.754356193487505	NO	P30153
557	Q	557	-22.035	33.58	8.864	0.37	0.971715328467153	1	0	0	1	2.5592984881839445	-2.0103976740783653	NO	P30153
558	S	558	-25.559	33.408	7.514	-2.26	0.983589087809037	1	0	0	1	2.7006087113958293	-1.6808275843630274	NO	P30153
559	E	559	-26.293	29.707	7.856	0.37	0.954667691125624	0	0	0	1	2.426557484669522	-1.0107156236059651	NO	P30153
560	V	560	-24.563	28.85	11.138	0.37	0.955465587044534	0	0	0	0.9999999999999999	2.2512700125782885	-0.709046459488769	NO	P30153
561	K	561	-25.301	32.197	12.859	0.37	1.01709565885517	2	0	0	1	2.259760257019936	-1.7596934627940952	NO	P30153
562	P	562	-29.086	32.637	13.046	0.37	0.966240875912409	1	0	0	1.0000000000000002	2.383411433324336	-1.4237545813865873	NO	P30153
563	I	563	-29.559	29.104	14.324	-1.39	0.976102941176471	0	0	0	1	2.0211295462238743	-0.35325996429726486	NO	P30153
564	L	564	-27.031	29.536	17.126	0.37	0.958978328173375	0	0	0	1	1.945895441417848	-0.4348020739127889	NO	P30153
565	E	565	-28.504	32.866	18.176	-2.26	0.955465587044534	0	0	0	1.0000000000000002	1.9783735021944886	-0.5630484277150642	NO	P30153
566	K	566	-32.042	31.476	18.328	0.37	0.946084460844608	0	0	0	1	1.966786100328652	-0.6659062472842436	NO	P30153
567	L	567	-30.633	28.68	20.485	0.37	0.902144249512671	0	0	0	1	1.7555840304845758	-0.16871729516739442	NO	P30153
568	T	568	-29.641	31.28	23.072	-3.14	0.835844257483858	0	0	0	1	1.7724047541031474	-0.6704515191800995	NO	P30153
569	Q	569	-33.299	32.352	23.158	0.37	0.794052044609665	2	0	0	0.9999999999999999	1.9141873623366226	-1.374126946019985	NO	P30153
570	D	570	-35.304	29.902	25.181	0.37	0.791634980988593	0	0	0	1.0000000000000002	1.6994861191775128	-0.937107470403635	NO	P30153
571	Q	571	-35.997	27.042	27.581	-2.26	0.81733630952381	1	0	0	1	1.5172124431639264	-1.0914872316383133	NO	P30153
572	D	572	-32.763	25.422	28.751	0.37	0.811420982735724	0	0	0	1	1.3811451271237656	-0.9837722618677537	NO	P30153
573	V	573	-29.73	26.584	30.705	-2.26	0.752498530276308	1	0	0	0.9999999999999999	1.4290944827914078	-0.561196650276012	NO	P30153
574	D	574	-27.295	24.347	28.78	0.37	0.782011605415861	1	0	0	0.9999999999999999	1.4477103882327957	-0.06150163056866013	NO	P30153
575	V	575	-28.592	25.105	25.327	0.37	0.786143372046456	0	0	0	1.0000000000000002	1.630553959614546	-0.2742769630765609	NO	P30153
576	K	576	-28.272	28.685	26.46	0.37	0.783422459893048	1	0	0	0.9999999999999999	1.6146460206605429	-0.3990338545418579	NO	P30153
577	Y	577	-24.612	28.041	27.166	0.37	0.697674418604651	0	0	0	0.9999999999999999	1.593766658626488	-0.6704515191800995	NO	P30153
578	F	578	-23.408	25.654	24.41	0.37	0.665865384615385	0	0	0	1	1.6596972541837216	-0.26743741108089236	NO	P30153
579	A	579	-24.971	27.945	21.888	0.37	0.67	0	0	0	1	1.8235592155308529	-0.4379822283698377	NO	P30153
580	Q	580	-23.151	30.677	23.817	0.37	0.713197195976836	0	0	0	1	1.7746286208838913	-0.9554975360052581	NO	P30153
581	E	581	-19.746	29	23.97	0.37	0.710600817867254	0	0	0	1	1.7162112419364492	-0.6255815273876777	NO	P30153
582	A	582	-20.2	28.026	20.366	0.37	0.714705882352941	0	0	0	1	1.9807750741688843	-0.4008545096710102	NO	P30153
583	L	583	-20.545	31.68	19.459	-0.51	0.756465517241379	0	0	0	0.9999999999999999	2.066640387478702	-0.5424996716171934	NO	P30153
584	T	584	-17.325	32.613	21.205	-1.39	0.808383233532934	0	0	0	1	1.7717411919486274	-0.6318565788714299	NO	P30153
585	V	585	-14.926	30.183	19.562	0.37	0.717948717948718	0	0	0	1	1.7902387689787183	-0.2389873758809065	NO	P30153
586	L	586	-16.569	30.614	16.178	-1.39	0.72258064516129	1	0	0	0.9999999999999999	2.1392385845521886	0.12118333601477167	NO	P30153
587	S	587	-16.29	34.355	16.841	-2.26	0.675675675675676	0	0	0	1	1.978853101768018	-0.40194379051751156	NO	P30153
