Uniprot_position	aminoacid	Position_in_structure	x	y	z	paraz	mtr	gscount	pscount	OR	pvalue	mtr3dscore	paraz3dscore	HotSpot3D	Uniprot
1	M	1	-38.81	-11.376	17.601	NA	0.763888888888889	0	0	0	1	3.042280431276549	Inf	NO	Q15366
2	D	2	-36.66	-10.863	20.62	NA	0.691729323308271	1	0	0	1	2.9177221147009553	Inf	NO	Q15366
3	T	3	-33.316	-10.598	18.948	NA	0.623376623376623	0	0	0	1	2.738274652580344	Inf	NO	Q15366
4	G	4	-30.26	-8.481	19.437	NA	0.618429189857761	1	0	0	1	2.5293897286925517	Inf	NO	Q15366
5	V	5	-27.192	-7.506	17.527	NA	0.620915032679739	0	0	0	1	2.126123138921979	Inf	NO	Q15366
6	I	6	-24.35	-9.924	17.847	NA	0.571278825995807	1	0	0	1	1.779332191714685	Inf	NO	Q15366
7	E	7	-20.885	-9.078	16.67	NA	0.522800552740673	0	0	0	1	1.382302074269735	Inf	NO	Q15366
8	G	8	-17.607	-10.867	16.917	NA	0.521662245800177	0	0	0	1	0.7705614928036386	Inf	NO	Q15366
9	G	9	-14.188	-10.509	15.399	NA	0.483425414364641	0	0	0	1	0.15100404082427088	Inf	NO	Q15366
10	L	10	-11.694	-13.264	15.148	NA	0.4857910906298	0	0	0	1	0.09390555024862816	Inf	NO	Q15366
11	N	11	-10.116	-14.47	18.357	NA	0.482975573649149	0	0	0	1	0.022775312128308026	Inf	NO	Q15366
12	V	12	-9.937	-11.24	20.335	NA	0.480357142857143	0	0	0	1	0.21928544360034685	Inf	NO	Q15366
13	T	13	-9.871	-7.5	19.877	NA	0.482578397212544	1	0	0	1	0.16409180214305694	Inf	NO	Q15366
14	L	14	-7.449	-4.863	21.131	NA	0.44811320754717	1	0	0	1	0.12390390872122313	Inf	NO	Q15366
15	T	15	-6.598	-1.183	20.827	NA	0.450617283950617	0	0	0	1	-0.11657696138377462	Inf	NO	Q15366
16	I	16	-3.259	0.541	20.372	NA	0.451951951951952	0	0	0	1	-0.07813116211482721	Inf	NO	Q15366
17	R	17	-2.596	4.279	20.228	NA	0.449781659388646	0	0	0	1	0.2649568594385341	Inf	NO	Q15366
18	L	18	0.499	5.364	18.355	NA	0.413298565840939	0	0	0	1	0.5718936059425652	Inf	NO	Q15366
19	L	19	2.051	8.706	19.225	NA	0.483858998144712	0	0	0	1	0.351702370313834	Inf	NO	Q15366
20	M	20	4.867	10.179	17.198	NA	0.400398406374502	0	0	0	1	0.34425355247726097	Inf	NO	Q15366
21	H	21	6.364	13.413	15.913	NA	0.398837209302326	0	0	0	1	0.022716884062455055	Inf	NO	Q15366
22	G	22	4.886	14.933	12.808	NA	0.294339622641509	0	0	0	1	0.08856831000745685	Inf	NO	Q15366
23	K	23	8.166	14.394	11.018	NA	0.294339622641509	0	0	0	1	-0.6349670124627713	Inf	NO	Q15366
24	E	24	8.715	10.773	11.916	NA	0.294339622641509	0	0	0	1	0.14482017957174867	Inf	NO	Q15366
25	V	25	5.08	9.864	11.632	NA	0.264905660377359	0	0	0	1	-0.06799943387809973	Inf	NO	Q15366
26	G	26	5.051	11.593	8.284	NA	0.264905660377359	0	0	0	1	-0.6759456247371525	Inf	NO	Q15366
27	S	27	7.662	9.234	6.922	NA	0.361234991423671	0	0	0	1	-0.37236903825794765	Inf	NO	Q15366
28	I	28	5.472	6.447	8.207	NA	0.360902255639098	0	0	0	1	-0.30406589125956485	Inf	NO	Q15366
29	I	29	2.35	7.932	6.681	NA	0.292967124427799	0	0	0	1	-0.5149013847954961	Inf	NO	Q15366
30	G	30	3.81	7.641	3.233	NA	0.164943609022556	0	0	0	1	-0.9336359683590338	Inf	NO	Q15366
31	K	31	3.682	9.85	0.194	NA	0.164179104477612	0	0	0	1	-1.72284615350933	Inf	NO	Q15366
32	K	32	0.317	10.866	-1.202	NA	0.14703425229741	0	0	0	1	-2.1701064268195607	Inf	NO	Q15366
33	G	33	-1.177	9.01	1.727	NA	0.164179104477612	0	0	0	1	-2.1009130859911878	Inf	NO	Q15366
34	E	34	-1.228	6.046	-0.607	NA	0.186404673393521	0	0	0	1	-2.2401085321448484	Inf	NO	Q15366
35	S	35	0.885	4.114	1.856	NA	0.186404673393521	0	0	0	1	-1.0170139666973805	Inf	NO	Q15366
36	V	36	-1.32	4.828	4.838	NA	0.185185185185185	0	0	0	1	-0.7518596209954225	Inf	NO	Q15366
37	K	37	-4.203	3.659	2.732	NA	0.216232961586121	0	0	0	1	-0.8996950547382604	Inf	NO	Q15366
38	K	38	-2.255	0.517	1.978	NA	0.257564575645757	0	0	0	1	-0.9549984153619542	Inf	NO	Q15366
39	M	39	-1.492	0.065	5.638	NA	0.255677655677656	0	0	0	1	-0.14122516890790304	Inf	NO	Q15366
40	R	40	-5.118	0.027	6.687	NA	0.255677655677656	0	0	0	1	-0.2593826669241516	Inf	NO	Q15366
41	E	41	-6.068	-2.253	3.83	NA	0.257777777777778	0	0	0	1	-0.6159848218227817	Inf	NO	Q15366
42	E	42	-3.504	-4.786	4.966	NA	0.259701492537313	1	0	0	1	-0.13654108399444337	Inf	NO	Q15366
43	S	43	-4.09	-4.13	8.657	NA	0.259701492537313	0	0	0	1	-0.2231340848372426	Inf	NO	Q15366
44	G	44	-7.815	-4.667	8.807	NA	0.435705368289638	0	0	0	1	-0.1290727947654142	Inf	NO	Q15366
45	A	45	-8.001	-2.845	12.114	NA	0.526315789473684	0	0	0	1	-0.057702481565766704	Inf	NO	Q15366
46	R	46	-9.523	0.625	12.34	NA	0.522388059701493	0	0	0	1	-0.2826451352175401	Inf	NO	Q15366
47	I	47	-6.672	2.99	11.814	NA	0.652985074626866	0	0	0	1	-0.13852571615337794	Inf	NO	Q15366
48	N	48	-7.106	6.719	12.136	NA	0.655430711610487	0	0	0	1	0.051115454867969916	Inf	NO	Q15366
49	I	49	-5.159	9.838	13.03	NA	0.652985074626866	0	0	0	1	0.1569801941864348	Inf	NO	Q15366
50	S	50	-5.532	12.508	15.692	NA	0.651119402985075	0	0	0	1	0.596015222112358	Inf	NO	Q15366
51	E	51	-4.063	15.816	16.885	NA	0.650557620817844	0	0	0	1	0.604307559993864	Inf	NO	Q15366
52	G	52	-1.266	16.101	19.422	NA	0.577777777777778	0	0	0	1	0.3958402133834045	Inf	NO	Q15366
53	N	53	-0.057	19.417	20.697	NA	0.523420074349443	0	0	0	1	0.7454027032463926	Inf	NO	Q15366
54	C	54	2.96	17.487	21.939	NA	0.47019647019647	0	0	0	1	0.7375933056606714	Inf	NO	Q15366
55	P	55	3.629	14.782	19.321	NA	0.471528471528472	0	0	0	1	0.2629869441693253	Inf	NO	Q15366
56	E	56	1.61	16.438	16.582	NA	0.429951690821256	0	0	0	1	0.2328429271895254	Inf	NO	Q15366
57	R	57	0.595	13.084	15.166	NA	0.426858513189448	0	0	0	1	0.00744858787467385	Inf	NO	Q15366
58	I	58	-1.198	10.12	16.713	NA	0.349247874427731	0	0	0	1	0.18951358825516923	Inf	NO	Q15366
59	I	59	-2.429	7.047	14.893	NA	0.352766798418972	1	0	0	1	0.15919686131264382	Inf	NO	Q15366
60	T	60	-5.256	5.308	16.657	NA	0.324817518248175	0	0	0	1	0.3390952812572012	Inf	NO	Q15366
61	L	61	-5.48	1.705	15.66	NA	0.322727272727273	0	0	0	1	0.1501148606085655	Inf	NO	Q15366
62	A	62	-8.164	-0.717	16.82	NA	0.297658862876254	2	0	0	1	0.17527313331727593	Inf	NO	Q15366
63	G	63	-8.851	-4.295	15.826	NA	0.323369565217391	0	0	0	1	0.22853327766433298	Inf	NO	Q15366
64	P	64	-8.204	-7.931	16.464	NA	0.298494983277592	0	0	0	1	0.169867222613576	Inf	NO	Q15366
65	T	65	-4.744	-9.13	17.395	NA	0.296347537354732	0	0	0	1	0.41542939464229695	Inf	NO	Q15366
66	N	66	-4.17	-10.406	13.901	NA	0.296347537354732	0	0	0	1	0.11248156817393111	Inf	NO	Q15366
67	A	67	-5.089	-7.133	12.251	NA	0.293183684642759	0	0	0	1	0.10265271141732407	Inf	NO	Q15366
68	I	68	-2.923	-5.233	14.689	NA	0.364285714285714	0	0	0	1	0.22422181458307758	Inf	NO	Q15366
69	F	69	-0.058	-7.625	14.241	NA	0.425	0	0	0	1	0.3338841396985099	Inf	NO	Q15366
70	K	70	0.114	-6.907	10.547	NA	0.494068801897983	0	0	0	1	0.12579279868834814	Inf	NO	Q15366
71	A	71	-0.323	-3.173	10.999	NA	0.600892691091687	0	0	0	1	-0.11469060286390004	Inf	NO	Q15366
72	F	72	2.491	-2.868	13.512	NA	0.604703247480403	0	0	0	1	0.65582987397323	Inf	NO	Q15366
73	A	73	4.683	-4.966	11.287	NA	0.638297872340426	0	0	0	1	0.9729858074147681	Inf	NO	Q15366
74	M	74	3.819	-2.796	8.299	NA	0.638297872340426	0	0	0	1	0.039943923868135084	Inf	NO	Q15366
75	I	75	4.476	0.502	10.02	NA	0.610066090493137	0	0	0	1	0.10234837781927054	Inf	NO	Q15366
76	I	76	7.794	-0.646	11.4	NA	0.610066090493137	0	0	0	1	1.2091949639495665	Inf	NO	Q15366
77	D	77	8.812	-1.891	7.971	NA	0.613945578231293	0	0	0	1	0.9516506252256974	Inf	NO	Q15366
78	K	78	7.983	1.474	6.46	NA	0.574603174603175	0	0	0	1	0.13162114149311277	Inf	NO	Q15366
79	L	79	10.366	3.07	8.915	NA	0.546312016600641	0	0	0	1	0.6421979828026173	Inf	NO	Q15366
80	E	80	12.988	0.453	8.129	NA	0.522743682310469	0	0	0	1	1.4926628818148078	Inf	NO	Q15366
81	E	81	12.765	1.01	4.406	NA	0.496060294621446	0	0	0	1	1.0513214216540532	Inf	NO	Q15366
82	D	82	13.014	4.763	4.803	NA	0.455815413592843	0	0	0	1	0.3485160107998791	Inf	NO	Q15366
83	I	83	16.126	4.709	6.918	NA	0.476534296028881	1	0	0	1	1.3740248329910245	Inf	NO	Q15366
84	S	84	17.674	2.171	4.586	NA	0.498800959232614	1	0	0	1	1.3619750817854177	Inf	NO	Q15366
85	S	85	16.896	4.379	1.679	NA	0.523741007194245	1	0	0	1	1.1499027258713514	Inf	NO	Q15366
86	S	86	19.586	6.859	1.21	NA	0.523741007194245	1	0	0	1	1.3097745235099387	Inf	NO	Q15366
87	M	87	18.447	9.909	3.048	NA	0.58193445243805	0	0	0	1	1.2750755974105998	Inf	NO	Q15366
88	T	88	18.871	12.825	0.713	NA	0.54782116581777	1	0	0	1	1.4066378143409966	Inf	NO	Q15366
89	N	89	18.447	15.444	3.385	NA	0.546312016600641	1	0	0	1	1.6001539940594047	Inf	NO	Q15366
90	S	90	19.282	16.349	6.939	NA	0.550256507695231	0	0	0	1	1.7782235454985007	Inf	NO	Q15366
91	T	91	22.591	16.206	8.688	NA	0.584541062801932	0	0	0	1	1.9087806205213336	Inf	NO	Q15366
92	A	92	23.424	13.017	10.554	NA	0.584541062801932	0	0	0	1	1.8076565982041461	Inf	NO	Q15366
93	A	93	20.797	11.745	13.006	NA	0.586666666666667	0	0	0	1	1.9908147263274902	Inf	NO	Q15366
94	S	94	23.018	10.229	15.677	NA	0.587185725871857	0	0	0	1	2.181953392468708	Inf	NO	Q15366
95	R	95	20.2	7.914	16.688	NA	0.624567474048443	0	0	0	1	2.115225087574952	Inf	NO	Q15366
96	P	96	21.111	4.366	16.008	NA	0.626872151074452	0	0	0	1	2.0712695928722136	Inf	NO	Q15366
97	P	97	18.264	2.968	18.082	NA	0.629783511917778	0	0	0	1	1.5864655659789448	Inf	NO	Q15366
98	V	98	14.559	3.335	17.424	NA	0.630377524143986	0	0	0	1	1.4633916021606983	Inf	NO	Q15366
99	T	99	12.12	5.065	19.739	NA	0.586054104477612	0	0	0	1	1.0774060017656797	Inf	NO	Q15366
100	L	100	8.372	4.68	19.646	NA	0.531851851851852	0	0	0	1	0.799817253352967	Inf	NO	Q15366
101	R	101	6.13	6.579	22.002	NA	0.409116809116809	0	0	0	1	0.1555720440423513	Inf	NO	Q15366
102	L	102	2.844	4.854	22.727	NA	0.241750841750842	0	0	0	1	-0.05021545262247857	Inf	NO	Q15366
103	V	103	-0.135	6.137	24.691	NA	0.242649543764785	0	0	0	1	-0.46963500940917924	Inf	NO	Q15366
104	V	104	-2.041	4.467	27.521	NA	0.134586466165414	0	0	0	1	-0.8247831404397361	Inf	NO	Q15366
105	P	105	-4.401	5.3	30.349	NA	0	0	0	0	1	-1.054355361425703	Inf	NO	Q15366
106	A	106	-3.328	5.971	33.915	NA	0.134716981132075	0	0	0	1	-1.1285805798566186	Inf	NO	Q15366
107	S	107	-4.621	2.592	34.958	NA	0.134716981132075	0	0	0	1	-1.4449136804493772	Inf	NO	Q15366
108	Q	108	-2.557	1.022	32.221	NA	0.136259541984733	0	0	0	1	-0.8751923567608586	Inf	NO	Q15366
109	C	109	0.663	2.708	33.208	NA	0.136259541984733	0	0	0	1	-1.2705174796885557	Inf	NO	Q15366
110	G	110	0.172	2.079	36.886	NA	0.151553852703278	0	0	0	1	-1.5533229797485357	Inf	NO	Q15366
111	S	111	-0.471	-1.611	36.429	NA	0.171814671814672	0	0	0	1	-1.6678822933257973	Inf	NO	Q15366
112	L	112	2.13	-1.888	33.711	NA	0.170673076923077	0	0	0	1	-1.1871457749821173	Inf	NO	Q15366
113	I	113	4.722	-0.772	36.22	NA	0.227564102564103	0	0	0	1	-1.7192949539974587	Inf	NO	Q15366
114	G	114	3.533	-3.076	38.987	NA	0.227564102564103	0	0	0	1	-1.7967403794733068	Inf	NO	Q15366
115	K	115	4.659	-2.87	42.573	NA	0.229328165374677	0	0	0	1	-2.2561072407231553	Inf	NO	Q15366
116	G	116	8.073	-1.347	42.889	NA	0.228205128205128	0	0	0	1	-1.8174256699490094	Inf	NO	Q15366
117	G	117	8.157	-1.266	39.134	NA	0.225602027883397	0	0	0	1	-1.7994080178053988	Inf	NO	Q15366
118	C	118	9.215	-4.862	39.383	NA	0.2264631043257	0	0	0	1	-1.8253996589013999	Inf	NO	Q15366
119	K	119	7.086	-5.781	36.386	NA	0.27175572519084	0	0	0	1	-1.548998452606127	Inf	NO	Q15366
120	I	120	8.163	-3.024	34.008	NA	0.26969696969697	0	0	0	1	-1.143672846311201	Inf	NO	Q15366
121	K	121	11.729	-3.37	35.177	NA	0.269201520912548	1	0	0	1	-1.4985579486364293	Inf	NO	Q15366
122	E	122	11.976	-7.025	34.306	NA	0.270229007633588	0	0	0	1	-1.3982843751074385	Inf	NO	Q15366
123	I	123	10.338	-6.425	30.966	NA	0.222853535353535	0	0	0	1	-0.4152859060183645	Inf	NO	Q15366
124	R	124	12.653	-3.647	29.861	NA	0.268441064638783	0	0	0	1	-0.09337202366078234	Inf	NO	Q15366
125	E	125	15.557	-5.328	31.585	NA	0.268441064638783	0	0	0	1	-0.6577567617108612	Inf	NO	Q15366
126	S	126	15.302	-8.387	29.344	NA	0.267424242424243	0	0	0	1	-0.42573110554786675	Inf	NO	Q15366
127	T	127	13.849	-6.569	26.354	NA	0.267424242424243	1	0	0	1	0.4566190231991224	Inf	NO	Q15366
128	G	128	17.128	-4.739	26.168	NA	0.268441064638783	0	0	0	1	0.44450028006308634	Inf	NO	Q15366
129	A	129	15.295	-1.521	25.477	NA	0.225190839694657	1	0	0	1	0.5753338907136668	Inf	NO	Q15366
130	Q	130	14.518	1.343	27.817	NA	0.22669220945083	0	0	0	1	0.24321302164912292	Inf	NO	Q15366
131	V	131	10.95	2.389	28.538	NA	0.225826972010178	0	0	0	1	-0.20200082254533128	Inf	NO	Q15366
132	Q	132	9.932	5.966	29.167	NA	0.270992366412214	0	0	0	1	-0.2548128044544444	Inf	NO	Q15366
133	V	133	7.058	7.516	31.065	NA	0.269201520912548	0	0	0	1	-0.8381840427180961	Inf	NO	Q15366
134	A	134	5.378	10.889	30.708	NA	0.270229007633588	0	0	0	1	-0.7406451615931494	Inf	NO	Q15366
135	G	135	5.316	13.334	33.57	NA	0.268939393939394	0	0	0	1	-0.4221494560562796	Inf	NO	Q15366
136	D	136	2.324	14.532	35.485	NA	0.337121212121212	0	0	0	1	-0.5780833603057552	Inf	NO	Q15366
137	M	137	2.167	18.023	36.797	NA	0	0	0	0	1	-0.6102330533093406	Inf	NO	Q15366
138	L	138	-0.45	18.678	39.378	NA	0	0	0	0	1	-0.9017674940205238	Inf	NO	Q15366
139	P	139	-3.539	16.556	39.006	NA	0.446115288220551	0	0	0	1	-1.1805608969552912	Inf	NO	Q15366
140	N	140	-4.453	17.209	35.424	NA	0.446115288220551	0	0	0	1	-0.7487653884349639	Inf	NO	Q15366
141	S	141	-2.779	14.686	33.157	NA	0.444862155388471	0	0	0	1	-0.9809289829126426	Inf	NO	Q15366
142	T	142	-5.02	11.712	32.404	NA	0.446115288220551	0	0	0	1	-1.3938417184147147	Inf	NO	Q15366
143	E	143	-3.049	9.711	29.844	NA	0.535338345864662	0	0	0	1	-0.9675878245858337	Inf	NO	Q15366
144	R	144	0.566	8.702	30.079	NA	0.537358490566038	1	0	0	1	-1.0393023028585202	Inf	NO	Q15366
145	A	145	2.935	8.31	27.165	NA	0.573033707865169	0	0	0	1	-0.5030356440800094	Inf	NO	Q15366
146	I	146	5.637	5.649	27.219	NA	0.57036643653744	0	0	0	1	-0.5825912877128898	Inf	NO	Q15366
147	T	147	8.73	5.787	25.045	NA	0.668539325842697	0	0	0	1	0.15956346944761454	Inf	NO	Q15366
148	I	148	10.591	2.617	24.183	NA	0.590381426202322	0	0	0	1	0.5212716205509093	Inf	NO	Q15366
149	A	149	13.972	2.864	22.506	NA	0.603799185888738	0	0	0	1	1.0313980066627515	Inf	NO	Q15366
150	G	150	16.268	0.147	21.253	NA	0.603799185888738	0	0	0	1	1.0363400015476694	Inf	NO	Q15366
151	I	151	16.572	-2.385	18.463	NA	0.607763023493361	0	0	0	1	1.6302084816314368	Inf	NO	Q15366
152	P	152	13.603	-2.996	16.247	NA	0.603799185888738	0	0	0	1	1.8411459403142187	Inf	NO	Q15366
153	Q	153	13.658	-6.552	17.48	NA	0.607763023493361	1	0	0	1	1.811296176198894	Inf	NO	Q15366
154	S	154	13.703	-5.294	21.029	NA	0.668539325842697	1	0	0	1	0.9018731404259412	Inf	NO	Q15366
155	I	155	10.789	-2.948	20.451	NA	0.729315628192033	0	0	0	1	1.077474958387937	Inf	NO	Q15366
156	I	156	8.543	-5.56	18.902	NA	0.664179104477612	0	0	0	1	1.618927233297084	Inf	NO	Q15366
157	E	157	9.473	-7.835	21.777	NA	0.669172932330827	0	0	0	1	1.136215120740915	Inf	NO	Q15366
158	C	158	8.386	-5.301	24.359	NA	0.62474407721556	0	0	0	1	0.5724930893745779	Inf	NO	Q15366
159	V	159	5.058	-4.852	22.623	NA	0.539393939393939	0	0	0	1	0.7982479761311073	Inf	NO	Q15366
160	K	160	4.458	-8.563	22.329	NA	0.575741239892183	2	0	0	1	1.3312378455610634	Inf	NO	Q15366
161	Q	161	5.365	-9.171	25.946	NA	0.541444866920152	0	0	0	1	0.6349189619133108	Inf	NO	Q15366
162	I	162	3.173	-6.361	27.206	NA	0.537358490566038	1	0	0	1	0.015010839422175612	Inf	NO	Q15366
163	C	163	0.266	-7.406	25.019	NA	0.539393939393939	1	0	0	1	0.6351299185875249	Inf	NO	Q15366
164	V	164	0.254	-11.034	26.065	NA	0.542965779467681	2	0	0	1	1.212209375602084	Inf	NO	Q15366
165	V	165	0.488	-10.003	29.69	NA	0.537358490566038	0	0	0	1	0.041929699067934346	Inf	NO	Q15366
166	M	166	-2.321	-7.531	29.279	NA	0.50377358490566	0	0	0	1	-0.05019127859928094	Inf	NO	Q15366
167	L	167	-4.678	-10.195	28.036	NA	0.505681818181818	0	0	0	1	0.7925954510510828	Inf	NO	Q15366
168	E	168	-3.63	-12.785	30.526	NA	0.50187969924812	0	0	0	1	1.0574007307727462	Inf	NO	Q15366
169	T	169	-3.672	-10.245	33.278	NA	0.537358490566038	0	0	0	1	0.0158106829570232	Inf	NO	Q15366
170	L	170	-5.773	-7.171	32.943	NA	0.413352685050798	1	0	0	1	-0.586469423692856	Inf	NO	Q15366
171	S	171	-5.639	-3.945	34.907	NA	0.383827493261455	0	0	0	1	-1.2364646107671313	Inf	NO	Q15366
172	Q	172	-7.592	-1.009	33.655	NA	0.383827493261455	0	0	0	1	-1.4549039473388055	Inf	NO	Q15366
173	S	173	-9.672	2.124	34.224	NA	0.380952380952381	1	0	0	1	-1.5639816330708434	Inf	NO	Q15366
174	P	174	-12.072	3.899	31.963	NA	0.447368421052632	2	0	0	1	-1.2954831160609226	Inf	NO	Q15366
175	P	175	-11.077	6.669	29.734	NA	0.394736842105263	1	0	0	1	-1.1875010654259148	Inf	NO	Q15366
176	K	176	-10.756	10.101	31.246	NA	0.359245283018868	1	0	0	1	-0.8841626037712347	Inf	NO	Q15366
177	G	177	-10.397	13.209	29.265	NA	0.358238993710692	0	0	0	1	-0.6452058869165238	Inf	NO	Q15366
178	V	178	-10.138	16.973	29.229	NA	0.287593984962406	0	0	0	1	0.08822771281053428	Inf	NO	Q15366
179	T	179	-8.447	19.788	27.311	NA	0.310584152689416	0	0	0	1	0.6896008810296029	Inf	NO	Q15366
180	I	180	-4.889	20.666	28.139	NA	0.308849045691151	0	0	0	1	0.3315292882769291	Inf	NO	Q15366
276	K	276	-3.109	23.835	27.311	NA	0.712674187126742	0	0	0	1	1.1101298797596695	Inf	NO	Q15366
277	G	277	-0.594	26.407	28.463	NA	0.653284671532847	0	0	0	1	1.7384541917931864	Inf	NO	Q15366
278	Y	278	0.643	29.927	27.675	NA	0.651459854014599	1	0	0	1	2.533541938113166	Inf	NO	Q15366
279	W	279	4.068	30.02	26.091	NA	0.715909090909091	0	0	0	1	2.2269090883562663	Inf	NO	Q15366
280	G	280	5.765	32.083	23.474	NA	0.715909090909091	0	0	0	1	2.220108767209814	Inf	NO	Q15366
281	L	281	9.199	32.827	22.221	NA	0.656826568265683	0	0	0	1	1.6402470694337759	Inf	NO	Q15366
282	D	282	10.853	36.024	23.2	NA	0.654411764705882	0	0	0	1	1.4685072275171482	Inf	NO	Q15366
283	A	283	13.488	37.612	21.131	NA	0.656826568265683	0	0	0	1	1.7109200922073726	Inf	NO	Q15366
284	S	284	16.987	36.719	21.883	NA	0.597115062059712	0	0	0	1	0.849202231420827	Inf	NO	Q15366
285	A	285	20.536	36.596	20.666	NA	0.596590909090909	0	0	0	1	0.8924083324201048	Inf	NO	Q15366
286	Q	286	23.144	34.145	21.974	NA	0.597115062059712	0	0	0	1	0.5887710006587694	Inf	NO	Q15366
287	T	287	21.417	30.879	22.64	NA	0.601554579249747	1	0	0	1	0.4959745811037698	Inf	NO	Q15366
288	T	288	23.13	28.018	24.376	NA	0.529368029739777	0	0	0	1	0.05305198724812996	Inf	NO	Q15366
289	S	289	21.996	25.074	26.432	NA	0.439900867410161	0	0	0	1	-0.31316562667531667	Inf	NO	Q15366
290	H	290	23.568	23.935	29.655	NA	0.441140024783147	0	0	0	1	-0.513465044788772	Inf	NO	Q15366
291	E	291	22.831	20.565	31.135	NA	0.39409594095941	0	0	0	1	-0.6674962309312995	Inf	NO	Q15366
292	L	292	23.261	19.357	34.675	NA	0.328703703703704	0	0	0	1	-0.7689392069271641	Inf	NO	Q15366
293	T	293	22.208	16.419	36.765	NA	0.327490774907749	1	0	0	1	-0.9320044770054663	Inf	NO	Q15366
294	I	294	20.503	16.698	40.141	NA	0.238175109023818	0	0	0	1	-0.6074191413858349	Inf	NO	Q15366
295	P	295	19.939	13.919	42.602	NA	0.238175109023818	0	0	0	1	-0.6081396120734701	Inf	NO	Q15366
296	N	296	16.376	12.781	43.013	NA	0.298989331836047	0	0	0	1	-0.49726964110108596	Inf	NO	Q15366
297	D	297	16.324	13.759	46.657	NA	0.326007326007326	0	0	0	1	-0.6566326254679458	Inf	NO	Q15366
298	L	298	17.451	17.33	45.856	NA	0.300929839391378	0	0	0	1	-0.6634036509847772	Inf	NO	Q15366
299	I	299	15.093	18.15	42.994	NA	0.327838827838828	0	0	0	1	-0.5612146180896092	Inf	NO	Q15366
300	G	300	12.018	18.745	45.107	NA	0.469649398220827	0	0	0	1	-0.49511979267912964	Inf	NO	Q15366
301	C	301	13.706	21.734	46.691	NA	0.467935349322211	0	0	0	1	-0.33498886319713805	Inf	NO	Q15366
302	I	302	14.274	23.173	43.247	NA	0.466233766233766	0	0	0	1	-0.44522383064732385	Inf	NO	Q15366
303	I	303	10.722	22.584	42.094	NA	0.40314430095452	0	0	0	1	-0.641069652210834	Inf	NO	Q15366
304	G	304	8.885	23.58	45.267	NA	0.374348279457768	0	0	0	1	-0.29854834838366207	Inf	NO	Q15366
305	R	305	5.281	22.85	46.12	NA	0.371635610766046	0	0	0	1	-0.8199918322501611	Inf	NO	Q15366
306	Q	306	3.082	23.094	43.076	NA	0.400222965440357	0	0	0	1	-0.7428994284846313	Inf	NO	Q15366
307	G	307	6.26	23.9	41.191	NA	0.436363636363636	0	0	0	1	-0.7497539501317583	Inf	NO	Q15366
308	A	308	6.153	27.389	42.64	NA	0.433574879227053	1	0	0	1	-0.8251417110334435	Inf	NO	Q15366
309	K	309	9.912	27.632	43.121	NA	0.325454545454545	0	0	0	1	-0.2849539631677501	Inf	NO	Q15366
310	I	310	10.92	26.51	39.663	NA	0.325454545454545	0	0	0	1	-0.4121398344671129	Inf	NO	Q15366
311	N	311	8.307	28.691	38.064	NA	0.327838827838828	1	0	0	1	-0.4212185479322821	Inf	NO	Q15366
312	E	312	9.736	31.656	39.908	NA	0.357332448573324	0	0	0	1	-0.4562552232076392	Inf	NO	Q15366
313	I	313	13.206	30.757	38.701	NA	0.35603305785124	0	0	0	1	-0.3816740774763439	Inf	NO	Q15366
314	R	314	11.913	30.598	35.171	NA	0.324275362318841	0	0	0	1	-0.5260902428561471	Inf	NO	Q15366
315	Q	315	10.228	33.963	35.545	NA	0.325454545454545	2	0	0	1	-0.4277632943259633	Inf	NO	Q15366
316	M	316	13.191	35.731	37.049	NA	0.30041958041958	0	0	0	1	-0.5899160007645011	Inf	NO	Q15366
317	S	317	15.827	34.208	34.81	NA	0.373305526590198	0	0	0	1	-0.6075529326384783	Inf	NO	Q15366
318	G	318	13.915	34.179	31.563	NA	0.376050420168067	0	0	0	1	-0.08584706651465895	Inf	NO	Q15366
319	A	319	15.663	30.903	30.868	NA	0.377438060094887	0	0	0	1	-0.1961613588783685	Inf	NO	Q15366
320	Q	320	13.988	27.847	29.423	NA	0.35358024691358	0	0	0	1	-0.08517422564863127	Inf	NO	Q15366
321	I	321	14.257	25.139	32.022	NA	0.331481481481482	0	0	0	1	-0.5799334897447234	Inf	NO	Q15366
322	K	322	13.527	21.478	31.548	NA	0.355885997521685	0	0	0	1	-0.6549831364467376	Inf	NO	Q15366
323	I	323	13.523	18.956	34.338	NA	0.474867724867725	0	0	0	1	-0.8784854177278754	Inf	NO	Q15366
324	A	324	13.332	15.424	33.044	NA	0.474867724867725	0	0	0	1	-0.8491457544299377	Inf	NO	Q15366
325	N	325	10.624	13.058	34.169	NA	0.471376050420168	0	0	0	1	-0.4333245466930538	Inf	NO	Q15366
326	P	326	11.597	10.536	36.721	NA	0.473115445440169	0	0	0	1	-0.8208054467665231	Inf	NO	Q15366
327	V	327	13.522	7.489	35.64	NA	0.444444444444444	0	0	0	1	-0.698022566183655	Inf	NO	Q15366
328	E	328	13.163	4.534	37.948	NA	0.441574415744157	0	0	0	1	-1.1078048881316567	Inf	NO	Q15366
329	G	329	16.569	3.189	37.087	NA	0.479033881247903	0	0	0	1	-1.143831668791592	Inf	NO	Q15366
330	S	330	18.314	6.497	37.708	NA	0.483947279486313	0	0	0	1	-0.7931701878727486	Inf	NO	Q15366
331	T	331	19.143	8.237	40.972	NA	0.266171003717472	0	0	0	1	-0.7921713114728066	Inf	NO	Q15366
332	D	332	19.126	11.659	39.376	NA	0.266171003717472	1	0	0	1	-0.6388882118006947	Inf	NO	Q15366
333	R	333	17.147	13.96	37.102	NA	0.243554952510176	0	0	0	1	-0.6077635844707262	Inf	NO	Q15366
334	Q	334	18.48	15.7	34.03	NA	0.243554952510176	0	0	0	1	-0.7963205109553689	Inf	NO	Q15366
335	V	335	18.019	19.442	33.943	NA	0.267910447761194	0	0	0	1	-0.6600032556562733	Inf	NO	Q15366
336	T	336	18.573	21.602	30.9	NA	0.24514811031665	0	0	0	1	-0.6292877925784602	Inf	NO	Q15366
337	I	337	18.744	25.36	30.992	NA	0.341254752851711	0	0	0	1	-0.42532325230762885	Inf	NO	Q15366
338	T	338	18.646	27.215	27.759	NA	0.312937062937063	1	0	0	1	-0.1666124554214267	Inf	NO	Q15366
339	G	339	18.572	30.848	26.772	NA	0.339015151515151	0	0	0	1	0.17043976332863378	Inf	NO	Q15366
340	S	340	20.797	33.896	26.664	NA	0.369834710743802	0	0	0	1	0.30801387187724544	Inf	NO	Q15366
341	A	341	24.065	34.097	28.526	NA	0.372277912201867	0	0	0	1	0.0713638125332114	Inf	NO	Q15366
342	A	342	22.549	36.304	31.171	NA	0.369468267581475	0	0	0	1	0.013875390800886999	Inf	NO	Q15366
343	S	343	19.5	34.097	31.525	NA	0.371900826446281	0	0	0	1	-0.11796513206341294	Inf	NO	Q15366
344	I	344	21.421	30.874	31.916	NA	0.339622641509434	0	0	0	1	-0.30821037361905124	Inf	NO	Q15366
345	S	345	23.811	32.352	34.402	NA	0.367722165474974	0	0	0	1	-0.3074851732531303	Inf	NO	Q15366
346	L	346	21.024	33.777	36.516	NA	0.36960336960337	0	0	0	1	-0.45418722629935665	Inf	NO	Q15366
347	A	347	19.066	30.545	36.44	NA	0.405533596837945	0	0	0	1	-0.49790772776254477	Inf	NO	Q15366
348	Q	348	22.096	28.619	37.562	NA	0.404453441295547	0	0	0	1	-0.45085723010843975	Inf	NO	Q15366
349	Y	349	22.702	31.038	40.369	NA	0.40625	0	0	0	1	-0.2630783531121298	Inf	NO	Q15366
350	L	350	19.108	30.758	41.531	NA	0.40468085106383	0	0	0	1	-0.3412109695210816	Inf	NO	Q15366
351	I	351	19.284	26.984	41.514	NA	0.448326055312955	0	0	0	1	-0.5091876249647874	Inf	NO	Q15366
352	N	352	22.58	27.034	43.379	NA	0.50280269058296	1	0	0	1	-0.25238130593402436	Inf	NO	Q15366
353	V	353	21.035	29.19	46.058	NA	0.505813953488372	0	0	0	1	-0.038221222587087295	Inf	NO	Q15366
354	R	354	18.346	26.575	46.508	NA	0.385989010989011	0	0	0	1	-0.2490134091238273	Inf	NO	Q15366
355	L	355	20.87	23.776	46.587	NA	0.388059701492537	0	0	0	1	-0.2607782825353611	Inf	NO	Q15366
356	S	356	22.939	25.488	49.214	NA	0.386813186813187	0	0	0	1	2.8965390146904537e-5	Inf	NO	Q15366
357	S	357	20.031	25.515	51.616	NA	0.385487528344671	0	0	0	1	-0.017055265057970902	Inf	NO	Q15366
358	E	358	19.669	21.772	51.304	NA	0.3861852433281	0	0	0	1	-0.1691775031368094	Inf	NO	Q15366
359	T	359	22.089	19.676	53.259	NA	0.38474025974026	0	0	0	1	-0.18500571610528807	Inf	NO	Q15366
360	G	360	25.441	19.267	51.637	NA	0.382623224728488	0	0	0	1	-0.3787684027689309	Inf	NO	Q15366
361	G	361	29.06	18.584	52.355	NA	0.380952380952381	0	0	0	1	-0.18441339803565926	Inf	NO	Q15366
362	M	362	28.143	15.135	51.191	NA	0.442348008385744	0	0	0	1	-0.3852884476842286	Inf	NO	Q15366
363	G	363	30.338	13.387	48.698	NA	0.440087145969499	1	0	0	1	-0.08334218969908289	Inf	NO	Q15366
