Uniprot_position	aminoacid	Position_in_structure	x	y	z	paraz	mtr	gscount	pscount	OR	pvalue	mtr3dscore	paraz3dscore	HotSpot3D	Uniprot
1	M	1	5.371	22.856	79.404	-0.44	0.623188405797102	0	0	0	1	-0.2508233890493289	-0.5063633937181617	NO	Q8WXI2
2	A	2	3.119	22.013	76.536	-0.44	0.628472222222222	0	0	0	1	-0.59474707504838	-0.22756351529787672	NO	Q8WXI2
3	L	3	1.356	18.861	75.63	-0.44	0.633333333333333	0	0	0	1	-0.9446731140672797	-0.006249357001389719	NO	Q8WXI2
4	I	4	2.818	15.669	77.064	-0.44	0.629746835443038	0	0	0	1	-0.7292727282697317	-0.10583966364062576	NO	Q8WXI2
5	M	5	6.365	14.622	76.056	-0.44	0.626506024096385	0	0	0	1	-0.4888250665644716	-0.4365366968956267	NO	Q8WXI2
6	E	6	7.22	14.061	72.44	-0.44	0.624277456647399	0	0	0	1	-0.6321056461216121	-0.4436481567965585	NO	Q8WXI2
7	P	7	10.839	13.793	71.267	-0.44	0.625698324022346	0	0	0	1	-0.4966881179056838	-0.6471312162384283	NO	Q8WXI2
8	V	8	10.882	11.523	68.21	-0.44	0.623655913978495	0	0	0	1	-0.66021249482119	-0.7983112209503124	NO	Q8WXI2
9	S	9	8.331	13.621	66.463	-0.44	0.710584752035529	0	0	0	1	-0.7720704294562726	-0.7024052615447104	NO	Q8WXI2
10	K	10	10.902	16.394	66.777	-0.44	0.709260588657573	1	0	0	1	-0.7238050921404721	-0.5984350374516375	NO	Q8WXI2
11	W	11	13.752	14.419	65.24	-0.44	0.710124826629681	0	0	0	1	-0.6826538060978417	-0.7421288212080428	NO	Q8WXI2
12	S	12	15.458	16.044	62.291	-0.44	0.708249496981891	0	0	0	1	-0.8030376210446236	-0.7351060212402591	NO	Q8WXI2
13	P	13	15.921	14.23	59.08	-0.44	0.705882352941176	1	0	0	1	-0.832086595520688	-0.7983112209503124	NO	Q8WXI2
14	S	14	19.617	13.867	59.754	-0.44	0.703680598877106	0	0	0	1	-0.827909364532742	-0.7983112209503124	NO	Q8WXI2
15	Q	15	19.077	12.411	63.195	-0.44	0.614406779661017	1	0	0	1	-0.7655050246951184	-0.7983112209503124	NO	Q8WXI2
16	V	16	16.851	9.651	61.912	-0.44	0.61522633744856	0	0	0	1	-0.7694670785939284	-0.7983112209503124	NO	Q8WXI2
17	V	17	19.831	8.61	59.828	-0.44	0.614	0	0	0	1	-0.8584426320151751	-0.7983112209503124	NO	Q8WXI2
18	D	18	21.971	8.262	62.939	-0.44	0.61284046692607	0	0	0	1	-0.8181204570064052	-0.7983112209503124	NO	Q8WXI2
19	W	19	19.328	5.97	64.411	-0.44	0.545454545454545	0	0	0	1	-0.7072667624503299	-0.7983112209503124	NO	Q8WXI2
20	M	20	19.427	3.716	61.361	-0.44	0.612132352941176	0	0	0	1	-0.7633982125149785	-0.7983112209503124	NO	Q8WXI2
21	K	21	23.147	3.292	61.794	-0.44	0.559189012426423	0	0	0	1	-0.8448158775298982	-0.7983112209503124	NO	Q8WXI2
22	G	22	22.377	1.544	65.086	-0.44	0.557851239669422	0	0	0	1	-0.7980489917838552	-0.7983112209503124	NO	Q8WXI2
23	L	23	20.045	-0.937	63.361	-0.44	0.609756097560976	0	0	0	1	-0.7028872333348909	-0.7983112209503124	NO	Q8WXI2
24	D	24	20.534	-4.211	61.486	-0.44	0.609756097560976	1	0	0	1	-0.6575455219542953	-0.7983112209503124	NO	Q8WXI2
25	D	25	23.132	-4.48	58.745	-0.44	0.558213716108453	0	0	0	1	-0.7940364493813984	-0.7983112209503124	NO	Q8WXI2
26	C	26	20.52	-5.233	56.128	-0.44	0.49645390070922	0	0	0	1	-0.5606910039477794	-0.7983112209503124	NO	Q8WXI2
27	L	27	18.907	-1.887	56.892	-0.44	0.565764023210832	1	0	0	1	-0.5352927630511453	-0.7983112209503124	NO	Q8WXI2
28	Q	28	22.089	0.033	56.11	-0.44	0.565764023210832	0	0	0	1	-0.7876490810331842	-0.7983112209503124	NO	Q8WXI2
29	Q	29	21.662	0.066	52.347	-0.44	0.549295774647887	0	0	0	1	-0.7340518202011707	-0.7983112209503124	NO	Q8WXI2
30	Y	30	18.372	1.891	52.913	-0.44	0.549666274047899	0	0	0	1	-0.5990748841762114	-0.7983112209503124	NO	Q8WXI2
31	I	31	20.077	4.798	54.667	-0.44	0.463780918727915	0	0	0	1	-0.7323430720360732	-0.7983112209503124	NO	Q8WXI2
32	K	32	21.125	6.365	51.38	-0.44	0.53685815963396	0	0	0	1	-0.7662885932517801	-0.7983112209503124	NO	Q8WXI2
33	N	33	17.444	6.588	50.515	-0.44	0.533434650455927	0	0	0	1	-0.6288580375596237	-0.7983112209503124	NO	Q8WXI2
34	F	34	16.522	8.102	53.868	-0.44	0.529678068410463	0	0	0	1	-0.7042786266703547	-0.7983112209503124	NO	Q8WXI2
35	E	35	19.162	10.773	53.51	-0.44	0.535332994407728	1	0	0	1	-0.8338850364921478	-0.7983112209503124	NO	Q8WXI2
36	R	36	17.958	11.809	50.072	-0.44	0.538775510204082	0	0	0	1	-0.8427905984412238	-0.7983112209503124	NO	Q8WXI2
37	E	37	14.351	11.646	51.21	-0.44	0.538775510204082	0	0	0	1	-0.7313483745340604	-0.7983112209503124	NO	Q8WXI2
38	K	38	15.151	13.563	54.373	-0.44	0.534954407294833	0	0	0	1	-0.8930202398409839	-0.7983112209503124	NO	Q8WXI2
39	I	39	12.788	11.399	56.363	-0.44	0.538775510204082	0	0	0	1	-0.6962929552532539	-0.7983112209503124	NO	Q8WXI2
40	S	40	11.857	13.317	59.499	-0.44	0.421428571428571	0	0	0	1	-0.7817787010149387	-0.7477470611822697	NO	Q8WXI2
41	G	41	11.044	11.874	62.889	-0.44	0.425992779783394	0	0	0	1	-0.6842885532524021	-0.7523438029793645	NO	Q8WXI2
42	D	42	7.435	12.842	62.405	-0.44	0.425659472422062	1	0	0	1	-0.7988321495379876	-0.7460034694661304	NO	Q8WXI2
43	Q	43	7.318	10.765	59.258	-0.44	0.422939068100358	0	0	0	1	-0.8081255903662151	-0.6899594500187926	NO	Q8WXI2
44	L	44	9.237	7.914	60.852	-0.44	0.630357142857143	0	0	0	1	-0.5019752558898674	-0.7983112209503124	NO	Q8WXI2
45	L	45	6.743	7.481	63.657	-0.44	0.637184115523466	0	0	0	1	-0.5581049780835011	-0.7983112209503124	NO	Q8WXI2
46	R	46	4.014	7.504	60.998	-0.44	0.730848861283644	1	0	0	1	-0.6583058103939733	-0.7351060212402591	NO	Q8WXI2
47	I	47	5.954	5.285	58.554	-0.44	0.733506493506494	0	0	0	1	-0.4649466413706462	-0.6628715072859126	NO	Q8WXI2
48	T	48	3.988	2.579	56.764	-0.44	0.852657004830918	0	0	0	1	0.23931511886232706	0.07068745801256243	NO	Q8WXI2
49	H	49	4.765	-0.308	54.431	-0.44	0.772363636363636	0	0	0	1	0.4657655854294505	0.07112436031470568	NO	Q8WXI2
50	Q	50	3.814	1.839	51.504	-0.44	0.777372262773723	0	0	0	1	0.6429141730739714	0.6396849113692977	NO	Q8WXI2
51	E	51	6.34	4.51	52.447	-0.44	0.646739130434783	0	0	0	1	-0.18007957198699218	-0.403027908477916	NO	Q8WXI2
52	L	52	9.029	1.941	53.024	-0.44	0.721212121212121	0	0	0	1	-0.287950487006139	-0.7348238551701249	NO	Q8WXI2
53	E	53	8.378	0.646	49.549	-0.44	0.728530728530729	0	0	0	1	0.06535175744551829	-0.2508222245607578	NO	Q8WXI2
54	D	54	8.879	4.093	48.058	-0.44	0.729166666666667	0	0	0	1	-0.05658950299661987	-0.35936342166523483	NO	Q8WXI2
55	L	55	12.155	4.361	49.942	-0.44	0.734567901234568	0	0	0	1	-0.42244851610522227	-0.7983112209503124	NO	Q8WXI2
56	G	56	13.2	1.279	48.058	-0.44	0.73729863692689	0	0	0	1	-0.3827053914533488	-0.7983112209503124	NO	Q8WXI2
57	V	57	12.601	-1.305	50.743	-0.44	0.793333333333333	0	0	0	1	-0.32216368130399986	-0.7983112209503124	NO	Q8WXI2
58	S	58	10.97	-3.992	48.611	-0.44	0.735233374638579	0	0	0	1	0.15544508499548182	-0.6202079974816267	NO	Q8WXI2
59	R	59	11.769	-6.91	50.895	-0.44	0.740049751243781	2	0	0	1	-0.13262955402994714	-0.7983112209503124	NO	Q8WXI2
60	I	60	9.106	-7.728	53.445	-0.44	0.740740740740741	0	0	0	1	0.21425358351461618	-0.6048259157154555	NO	Q8WXI2
61	G	61	11.489	-9.096	56.031	-0.44	0.741436925647452	0	0	0	1	-0.21060865483793373	-0.7983112209503124	NO	Q8WXI2
62	H	62	13.433	-5.873	55.962	-0.44	0.741436925647452	0	0	0	1	-0.31522396120227286	-0.7983112209503124	NO	Q8WXI2
63	Q	63	10.372	-3.69	56.093	-0.44	0.667924528301887	2	0	0	1	-0.15236106412267225	-0.7983112209503124	NO	Q8WXI2
64	E	64	9.357	-5.422	59.305	-0.44	0.667293233082707	0	0	0	1	-0.1616971034904974	-0.7983112209503124	NO	Q8WXI2
65	L	65	12.805	-5.085	60.831	-0.44	0.667293233082707	0	0	0	1	-0.35101376840685333	-0.7983112209503124	NO	Q8WXI2
66	I	66	12.549	-1.328	60.589	-0.44	0.66044776119403	0	0	0	1	-0.3888082303505824	-0.7983112209503124	NO	Q8WXI2
67	L	67	9.032	-1.313	61.94	-0.44	0.66044776119403	0	0	0	1	-0.18945465458356858	-0.7983112209503124	NO	Q8WXI2
68	E	68	9.977	-3.456	64.886	-0.44	0.662921348314607	0	0	0	1	-0.2224273219516609	-0.7983112209503124	NO	Q8WXI2
69	A	69	12.649	-0.961	65.796	-0.44	0.662921348314607	0	0	0	1	-0.41360630997339953	-0.7983112209503124	NO	Q8WXI2
70	V	70	10.251	1.945	65.403	-0.44	0.662921348314607	0	0	0	1	-0.4858838940495861	-0.7983112209503124	NO	Q8WXI2
71	D	71	7.747	0.34	67.724	-0.44	0.662921348314607	0	0	0	1	-0.4904095413450517	-0.7983112209503124	NO	Q8WXI2
72	L	72	10.325	0.517	70.474	-0.44	0.725905673274094	1	0	0	1	-0.6144991673061336	-0.7983112209503124	NO	Q8WXI2
73	L	73	11.111	4.149	69.726	-0.44	0.717810070969922	0	0	0	1	-0.6035525871753235	-0.7983112209503124	NO	Q8WXI2
74	C	74	7.416	4.957	70.088	-0.44	0.722523744911805	0	0	0	1	-0.604922188925678	-0.7983112209503124	NO	Q8WXI2
75	A	75	7.155	3.055	73.343	-0.44	0.593149540517962	0	0	0	1	-0.6793280688729824	-0.6754814116615636	NO	Q8WXI2
76	L	76	10.074	5.022	74.677	-0.44	0.590928006658344	0	0	0	1	-0.6019842290613895	-0.5516467727312084	NO	Q8WXI2
77	N	77	8.84	8.225	73.059	-0.44	0.587064676616915	0	0	0	1	-0.6372310002675885	-0.41682269412891965	NO	Q8WXI2
78	Y	78	5.515	7.966	74.865	-0.44	0.524444444444445	0	0	0	1	-0.5793365006767672	-0.22269243787661325	NO	Q8WXI2
79	G	79	7.117	6.521	77.925	-0.44	0.294631710362047	1	0	0	1	-0.5969472768344861	-0.1907136165947411	NO	Q8WXI2
80	L	80	4.849	3.54	77.721	-0.44	0.329291044776119	1	0	0	1	-0.7569393961685337	-0.06919409572362681	NO	Q8WXI2
81	E	81	7.355	1.351	81.681	-0.44	0.374933616569304	1	0	0	1	-0.7985581794172818	-0.4365366968956267	NO	Q8WXI2
82	T	82	7.025	2.856	85.094	-0.44	0.434194341943419	0	0	0	1	-0.9602658184096721	-0.20713517346921598	NO	Q8WXI2
83	E	83	3.377	3.365	84.531	-0.44	0.435802469135802	0	0	0	1	-0.9141018801776808	-0.11476391605029465	NO	Q8WXI2
84	N	84	1.189	0.322	84.628	-0.44	0.438661710037175	0	0	0	1	-1.1744383206107676	-0.27315465377415576	NO	Q8WXI2
85	L	85	4.003	-1.407	86.398	-0.44	0.441947565543071	0	0	0	1	-0.9859390711902348	-0.5722021434161337	NO	Q8WXI2
86	K	86	3.419	0.697	89.447	-0.44	0.438661710037175	0	0	0	1	-0.9924090716736164	-0.3743849171807411	NO	Q8WXI2
87	T	87	-0.314	0.375	89.223	-0.44	0.526865671641791	1	0	0	1	-1.2222570777189485	-0.4591476046490446	NO	Q8WXI2
88	L	88	-0.127	-3.38	89.072	-0.44	0.328996282527881	0	0	0	1	-1.13415318754466	-0.7983112209503124	NO	Q8WXI2
89	S	89	2.512	-3.45	91.754	-0.44	0.328703703703704	0	0	0	1	-0.8860083364780095	-0.7983112209503124	NO	Q8WXI2
90	H	90	0.427	-1.321	94.064	-0.44	0.525925925925926	0	0	0	1	-1.054621581295553	-0.7983112209503124	NO	Q8WXI2
91	K	91	-2.57	-3.547	93.54	-0.44	0.435049019607843	0	0	0	1	-1.1296572887564669	-0.7983112209503124	NO	Q8WXI2
92	L	92	-0.516	-6.653	94.177	-0.44	0.435802469135802	0	0	0	1	-0.7898150033831821	-0.699208991439776	NO	Q8WXI2
93	N	93	0.694	-5.29	97.483	-0.44	0.370798319327731	0	0	0	1	-0.7844978710705138	-0.5282782918319153	NO	Q8WXI2
94	A	94	-2.866	-4.524	98.435	-0.44	0.431013431013431	0	0	0	1	-0.8919658881203344	-0.28989137273318083	NO	Q8WXI2
95	S	95	-4.035	-8.005	97.568	-0.44	0.648351648351648	0	0	0	1	-0.892191028258923	-0.2569892685948564	NO	Q8WXI2
96	A	96	-1.228	-9.435	99.619	-0.44	0.648351648351648	0	0	0	1	-0.44106177542931585	-0.28991678356126044	NO	Q8WXI2
97	K	97	-2.383	-7.271	102.479	-0.44	0.645454545454546	0	0	0	1	-0.6789752110153098	0.1573513986656926	NO	Q8WXI2
98	N	98	-5.854	-8.689	102.183	-0.44	0.580565805658057	0	0	0	1	-0.6705284257198867	0.02553586492555399	NO	Q8WXI2
99	L	99	-4.507	-12.189	102.53	2.56	0.580065359477124	0	0	0	1	-0.358352946976769	-0.2294644235598332	NO	Q8WXI2
100	Q	100	-2.468	-11.34	105.581	2.94	0.650735294117647	0	0	0	1	-0.3750994560869493	-0.09561811829148519	NO	Q8WXI2
101	N	101	-5.464	-9.802	107.269	2.94	0.652573529411765	0	0	0	1	-0.5825847469980614	0.1971706744830261	NO	Q8WXI2
102	F	102	-7.483	-12.945	106.796	2.19	0.652014652014652	0	0	0	1	-0.49793636954678633	-0.07432438790788437	NO	Q8WXI2
103	I	103	-4.539	-15.028	107.836	2.56	0.575353535353535	0	0	0	1	-0.2329524783674324	-0.2294644235598332	NO	Q8WXI2
104	T	104	-4.329	-12.925	110.924	1.81	0.57487922705314	0	0	0	1	-0.45653983473621784	0.1971706744830261	NO	Q8WXI2
105	G	105	-7.344	-14.324	112.424	-0.44	0.581196581196581	1	0	0	1	-0.596389049532145	0.02553586492555399	NO	Q8WXI2
106	R	106	-7.342	-17.65	110.762	-0.44	0.521167883211679	0	0	0	1	-0.3146194967499311	-0.16958581330820385	NO	Q8WXI2
107	R	107	-4.363	-18.562	112.878	-0.44	0.477692049647769	0	0	0	1	-0.2640752950641888	-0.1786745309356833	NO	Q8WXI2
108	R	108	-5.889	-16.825	115.848	-0.44	0.477692049647769	0	0	0	1	-0.5717277351744428	-0.10510614101342977	NO	Q8WXI2
109	S	109	-9.455	-18.018	115.297	-0.44	0.525461254612546	0	0	0	1	-0.6324036162724551	-0.3342829845696731	NO	Q8WXI2
110	G	110	-8.34	-21.591	115.317	-0.44	0.57956857956858	2	0	0	1	-0.3763671877109129	-0.5349562221584239	NO	Q8WXI2
111	H	111	-8.197	-21.385	119.059	-0.44	0.586008230452675	0	0	0	1	-0.7209199392381952	-0.7983112209503124	NO	Q8WXI2
112	Y	112	-11.316	-19.259	119.568	-0.44	0.601010101010101	0	0	0	1	-0.900886961582833	-0.7983112209503124	NO	Q8WXI2
113	D	113	-13.681	-20.435	116.868	-0.44	0.552973977695167	0	0	0	1	-0.7893141366117417	-0.7983112209503124	NO	Q8WXI2
114	G	114	-13.061	-23.438	114.67	-0.44	0.617113223854797	0	0	0	1	-0.4834844987634013	-0.7983112209503124	NO	Q8WXI2
115	R	115	-16.23	-22.777	112.701	-0.44	0.617113223854797	1	0	0	1	-0.6970431517609698	-0.7983112209503124	NO	Q8WXI2
116	T	116	-15.026	-19.359	111.602	-0.44	0.61308840413318	0	0	0	1	-0.7591700358046194	-0.43520379812623106	NO	Q8WXI2
117	S	117	-12.122	-21.065	109.914	-0.44	0.608547008547009	0	0	0	1	-0.42418536532358225	-0.43028882657946055	NO	Q8WXI2
118	R	118	-14.183	-22.357	107.055	-0.44	0.666044776119403	0	0	0	1	-0.36366375030758863	-0.6286891033610879	NO	Q8WXI2
119	K	119	-15.114	-18.926	105.809	-0.44	0.671052631578947	0	0	0	1	-0.597073537649832	-0.4517086809818711	NO	Q8WXI2
120	L	120	-11.762	-17.416	106.438	-0.44	0.668539325842697	0	0	0	1	-0.548970385726363	-0.07432438790788437	NO	Q8WXI2
121	P	121	-10.022	-20.025	104.395	-0.44	0.571428571428571	0	0	0	1	-0.22210489919029186	-0.15259323472328198	NO	Q8WXI2
122	N	122	-12.814	-19.691	101.941	-0.44	0.618287373004354	0	0	0	1	-0.33416870436434	-0.29011786054867317	NO	Q8WXI2
123	D	123	-11.647	-16.103	101.905	-0.44	0.618287373004354	0	0	0	1	-0.38754821238911175	-0.053876509059200633	NO	Q8WXI2
124	F	124	-8.052	-17.238	101.753	-0.44	0.669811320754717	0	0	0	1	-0.13781400931872226	-0.2294644235598332	NO	Q8WXI2
125	L	125	-8.658	-19.117	98.572	-0.44	0.671102661596958	0	0	0	1	-0.04032378945616668	-0.3952613144248744	NO	Q8WXI2
126	T	126	-10.31	-16.153	96.937	-0.44	0.536363636363636	0	0	0	1	-0.47983583510197486	-0.46677835663267286	NO	Q8WXI2
127	S	127	-7.675	-13.718	98.13	-0.44	0.53433962264151	1	0	0	1	-0.4578879150355904	-0.20276345143742297	NO	Q8WXI2
128	V	128	-4.931	-15.989	96.904	-0.44	0.608919382504288	0	0	0	1	-0.1005743133375137	-0.41101813497187384	NO	Q8WXI2
129	V	129	-6.626	-15.986	93.551	-0.44	0.672348484848485	1	0	0	1	-0.3183164036585425	-0.6478226502120904	NO	Q8WXI2
130	D	130	-6.648	-12.208	93.493	-0.44	0.564567430025445	0	0	0	1	-0.7755441788851635	-0.6531972420241697	NO	Q8WXI2
131	L	131	-2.971	-12.031	94.241	-0.44	0.492713393476752	0	0	0	1	-0.4145939390819229	-0.5973564830017377	NO	Q8WXI2
132	I	132	-2.275	-14.539	91.525	-0.44	0.492713393476752	0	0	0	1	-0.26310663783143323	-0.685444792896646	NO	Q8WXI2
133	G	133	-4.232	-12.539	89.007	-0.44	0.492713393476752	1	0	0	1	-0.6978686780792691	-0.7983112209503124	NO	Q8WXI2
134	A	134	-2.391	-9.358	89.855	-0.44	0.49753347427766	0	0	0	1	-0.9010645772883756	-0.7983112209503124	NO	Q8WXI2
135	A	135	0.94	-11.123	89.763	-0.44	0.49753347427766	0	0	0	1	-0.440598447764422	-0.7983112209503124	NO	Q8WXI2
136	K	136	0.345	-12.666	86.383	-0.44	0.499469402193138	0	0	0	1	-0.48642660404934274	-0.7983112209503124	NO	Q8WXI2
137	S	137	-0.411	-9.308	84.851	-0.44	0.547859922178988	0	0	0	1	-0.9696365809881021	-0.7983112209503124	NO	Q8WXI2
138	L	138	2.775	-8.035	86.411	-0.44	0.608733246865543	0	0	0	1	-0.770768574610497	-0.7983112209503124	NO	Q8WXI2
139	L	139	4.76	-10.914	84.97	-0.44	0.601106853980417	0	0	0	1	-0.4439107140130742	-0.7983112209503124	NO	Q8WXI2
140	A	140	3.292	-10.262	81.561	-0.44	0.605128205128205	0	0	0	1	-0.64337580383275506	-0.7983112209503124	NO	Q8WXI2
141	W	141	4.51	-6.709	81.687	-0.44	0.604512558535547	0	0	0	1	-0.9502206241807813	-0.7983112209503124	NO	Q8WXI2
142	L	142	8.012	-7.828	82.524	-0.44	0.600508905852417	0	0	0	1	-0.6471376719896188	-0.7983112209503124	NO	Q8WXI2
143	D	143	8.434	-10.039	79.565	-0.44	0.583516483516483	1	0	0	1	-0.5682450161353408	-0.7983112209503124	NO	Q8WXI2
144	R	144	6.388	-8.702	76.746	-0.44	0.681467181467182	0	0	0	1	-0.5713627874685067	-0.7983112209503124	NO	Q8WXI2
145	S	145	9.967	-8.619	75.736	-0.44	0.5515625	0	0	0	1	-0.5930458239866552	-0.7983112209503124	NO	Q8WXI2
146	P	146	12.157	-6.874	78.196	-0.44	0.682170542635659	0	0	0	1	-0.4992448597150336	-0.7983112209503124	NO	Q8WXI2
147	F	147	13.432	-4.08	76.034	-0.44	0.680933852140078	0	0	0	1	-0.6012137861483692	-0.7983112209503124	NO	Q8WXI2
148	A	148	16.02	-3.287	78.645	-0.44	0.67953667953668	0	0	0	1	-0.6111740102787718	-0.7983112209503124	NO	Q8WXI2
149	A	149	18.282	-5.584	80.587	-0.44	0.543629343629344	0	0	0	1	-0.49730164682291056	-0.7983112209503124	NO	Q8WXI2
150	V	150	16.692	-8.95	80.358	-0.44	0.541538461538462	0	0	0	1	-0.3466038722625759	-0.7983112209503124	NO	Q8WXI2
151	T	151	18.725	-10.153	83.25	-0.44	0.545736434108527	0	0	0	1	-0.34867579424296535	-0.7983112209503124	NO	Q8WXI2
152	D	152	16.956	-8.209	85.95	-0.44	0.675	0	0	0	1	-0.37941386802597926	-0.7983112209503124	NO	Q8WXI2
153	Y	153	13.515	-8.418	84.441	-0.44	0.673076923076923	0	0	0	1	-0.45264758498727303	-0.7983112209503124	NO	Q8WXI2
154	S	154	13.775	-12.036	83.488	-0.44	0.667300380228137	0	0	0	1	-0.29206875351034384	-0.7983112209503124	NO	Q8WXI2
155	V	155	14.975	-12.812	86.946	-0.44	0.795454545454545	0	0	0	1	-0.08366738203353619	-0.7983112209503124	NO	Q8WXI2
156	T	156	11.988	-11.03	88.437	-0.44	0.795454545454545	0	0	0	1	-0.14197647830341137	-0.7983112209503124	NO	Q8WXI2
157	R	157	9.443	-12.473	86.053	-0.44	0.800760456273764	0	0	0	1	-0.14034066455909303	-0.7983112209503124	NO	Q8WXI2
158	N	158	10.632	-15.813	87.139	-0.44	0.802298850574713	0	0	0	1	0.011168359334157161	-0.7983112209503124	NO	Q8WXI2
159	N	159	10.531	-16.243	90.847	-0.44	0.661596958174905	0	0	0	1	0.3465672160719183	-0.7983112209503124	NO	Q8WXI2
160	V	160	7.552	-13.956	90.95	-0.44	0.661596958174905	0	0	0	1	-0.01673725622664872	-0.7983112209503124	NO	Q8WXI2
161	I	161	5.69	-16.733	89.263	-0.44	0.985795454545454	1	0	0	1	0.09683097818149718	-0.7983112209503124	NO	Q8WXI2
162	Q	162	7.327	-19.2	91.561	-0.44	0.987735849056604	0	0	0	1	0.48445248024942605	-0.7983112209503124	NO	Q8WXI2
163	L	163	6.317	-17.172	94.568	-0.44	0.984022556390977	0	0	0	1	0.3682120409466719	-0.7983112209503124	NO	Q8WXI2
164	C	164	2.684	-17.18	93.596	-0.44	0.987735849056604	0	0	0	1	0.1120752290036351	-0.7983112209503124	NO	Q8WXI2
165	L	165	2.843	-20.908	93.081	-0.44	0.991477272727273	0	0	0	1	0.41114594754327	-0.7983112209503124	NO	Q8WXI2
166	E	166	4.253	-21.306	96.554	-0.44	0.982276119402985	1	0	0	1	0.6466639110402181	-0.7983112209503124	NO	Q8WXI2
167	L	167	1.427	-19.167	97.834	-0.44	0.982276119402985	0	0	0	1	0.32853811444172587	-0.5875538128579049	NO	Q8WXI2
168	T	168	-1.139	-21.289	96.07	-0.44	0.98314606741573	0	0	0	1	0.43010301265709994	-0.6751842085281308	NO	Q8WXI2
169	T	169	0.143	-24.559	97.403	-0.44	0.976679104477612	0	0	0	1	0.7397024326796984	-0.7983112209503124	NO	Q8WXI2
170	I	170	0.632	-23.068	100.827	-0.44	0.976679104477612	1	0	0	1	0.6466670668772039	-0.6672405303073448	NO	Q8WXI2
171	V	171	-2.845	-21.572	100.903	-0.44	0.78134328358209	0	0	0	1	0.24786878865047182	-0.4200249509248608	NO	Q8WXI2
172	Q	172	-4.224	-24.978	100.126	-0.44	0.930170575692964	0	0	0	1	0.46948289502720447	-0.7983112209503124	NO	Q8WXI2
173	Q	173	-2.263	-26.205	103.13	-0.44	0.93800539083558	0	0	0	1	0.6920059075254664	-0.7983112209503124	NO	Q8WXI2
174	D	174	-3.795	-23.4	105.175	-0.44	0.943396226415094	0	0	0	1	0.1925379640830842	-0.4000452521209421	NO	Q8WXI2
175	C	175	-6.858	-25.478	105.155	-0.44	0.935501066098081	1	0	0	1	0.14920666859438875	-0.6628715072859126	NO	Q8WXI2
176	T	176	-5.199	-27.559	107.882	-0.44	0.928571428571428	0	0	0	1	0.22160347374250924	-0.7983112209503124	NO	Q8WXI2
177	V	177	-3.143	-26.081	110.757	-0.44	0.860294117647059	1	0	0	1	0.04053521711764721	-0.6357835645530326	NO	Q8WXI2
178	Y	178	-1.51	-23.112	112.434	-0.44	0.736787022501308	0	0	0	1	-0.014372197200446152	-0.5248271837433512	NO	Q8WXI2
179	E	179	1.782	-23.889	110.784	-0.44	0.739495798319328	0	0	0	1	0.2226650912813951	-0.6048259157154555	NO	Q8WXI2
180	T	180	0.221	-23.574	107.387	-0.44	0.744973544973545	0	0	0	1	0.4578709028636476	-0.6531972420241697	NO	Q8WXI2
181	E	181	-0.878	-20.094	108.282	-0.44	0.747742963356346	0	0	0	1	0.07329201519076319	-0.15259323472328198	NO	Q8WXI2
182	N	182	2.663	-19.152	109.112	-0.44	0.751203852327448	0	0	0	1	0.139267103663398	-0.21491719505513843	NO	Q8WXI2
183	K	183	3.815	-20.634	105.853	-0.44	0.828598484848485	0	0	0	1	0.567677188064843	-0.48970215910071563	NO	Q8WXI2
184	I	184	1.378	-18.611	103.826	-0.44	0.822368421052632	0	0	0	1	0.3145851695358819	-0.2426934188479839	NO	Q8WXI2
185	L	185	2.338	-15.463	105.627	-0.44	0.827830188679245	0	0	0	1	0.13088630474044988	-0.15259323472328198	NO	Q8WXI2
186	H	186	5.922	-16.166	104.72	-0.44	0.756873315363881	0	0	0	1	0.3891560398178901	-0.29014141528148435	NO	Q8WXI2
187	V	187	5.171	-16.803	101.078	-0.44	0.833333333333333	1	0	0	1	0.4614448363913741	-0.43533278832972094	NO	Q8WXI2
188	C	188	2.987	-13.758	100.755	-0.44	0.743557245458386	0	0	0	1	0.05481042890579117	-0.3964017450531632	NO	Q8WXI2
189	K	189	5.586	-11.547	102.323	-0.44	0.738636363636364	0	0	0	1	0.015226801071942794	-0.5102760965573554	NO	Q8WXI2
190	T	190	8.314	-12.838	100.08	-0.44	0.738636363636364	0	0	0	1	0.43466427655140283	-0.7983112209503124	NO	Q8WXI2
191	L	191	6.078	-12.272	97.114	-0.44	0.762629005975014	0	0	0	1	0.01345503003076237	-0.701568568332884	NO	Q8WXI2
192	S	192	5.419	-8.742	98.256	-0.44	0.756873315363881	0	0	0	1	-0.38694585968181777	-0.5647692281992662	NO	Q8WXI2
193	G	193	9.106	-8.101	98.694	-0.44	0.764801738185769	0	0	0	1	-0.16831010974909952	-0.7983112209503124	NO	Q8WXI2
194	V	194	9.945	-9.454	95.292	-0.44	0.764801738185769	0	0	0	1	-0.017193476990587084	-0.7983112209503124	NO	Q8WXI2
195	C	195	7.413	-7.29	93.537	-0.44	0.770662287903667	0	0	0	1	-0.4443329650786233	-0.7983112209503124	NO	Q8WXI2
196	D	196	8.862	-4.2	95.175	-0.44	0.772851669403394	0	0	0	1	-0.6484505051958642	-0.7983112209503124	NO	Q8WXI2
197	H	197	12.285	-5.276	94.027	-0.44	0.767720828789531	0	0	0	1	-0.3189100965598144	-0.7983112209503124	NO	Q8WXI2
198	I	198	10.84	-5.576	90.559	-0.44	0.674329501915709	1	0	0	1	-0.5984354875868507	-0.7983112209503124	NO	Q8WXI2
199	I	199	9.351	-2.109	90.728	-0.44	0.67816091954023	0	0	0	1	-0.7767938030323067	-0.7983112209503124	NO	Q8WXI2
200	S	200	12.577	-0.599	91.969	-0.44	0.677480916030534	0	0	0	1	-0.6190615705408523	-0.7983112209503124	NO	Q8WXI2
201	L	201	14.528	-2.296	89.228	-0.44	0.674904942965779	0	0	0	1	-0.519516190983957	-0.7983112209503124	NO	Q8WXI2
202	S	202	12.094	-0.942	86.742	-0.44	0.674904942965779	1	0	0	1	-0.639115505848344	-0.7983112209503124	NO	Q8WXI2
203	S	203	12.492	2.571	88.019	-0.44	0.45338441890166	0	0	0	1	-0.6350554670528568	-0.7983112209503124	NO	Q8WXI2
204	D	204	16.199	3.002	88.345	-0.44	0.452926208651399	0	0	0	1	-0.589466598521472	-0.7983112209503124	NO	Q8WXI2
205	P	205	17.174	1.264	85.183	-0.44	0.580697928026172	0	0	0	1	-0.6180359351582259	-0.7983112209503124	NO	Q8WXI2
206	L	206	14.569	2.911	83.004	-0.44	0.580697928026172	0	0	0	1	-0.756991227300412	-0.7983112209503124	NO	Q8WXI2
207	V	207	15.809	6.32	83.876	-0.44	0.685328185328185	0	0	0	1	-0.7114410606549687	-0.7983112209503124	NO	Q8WXI2
208	S	208	19.325	5.102	83.461	-0.44	0.685328185328185	0	0	0	1	-0.5461595459014542	-0.7983112209503124	NO	Q8WXI2
209	Q	209	18.647	3.62	80.081	-0.44	0.681992337164751	0	0	0	1	-0.6218430012449617	-0.7983112209503124	NO	Q8WXI2
210	S	210	17.046	6.417	78.101	-0.44	0.682692307692308	0	0	0	1	-0.6404558354089884	-0.7983112209503124	NO	Q8WXI2
211	A	211	13.648	5.845	79.561	-0.44	0.68007662835249	0	0	0	1	-0.7085940150664968	-0.4900832665201177	NO	Q8WXI2
212	H	212	11.122	7.572	81.725	-0.44	0.67557251908397	0	0	0	1	-0.7066132751875834	-0.30498232451210466	NO	Q8WXI2
213	L	213	8.26	8.409	80.408	-0.44	0.67557251908397	0	0	0	1	-0.531233760268248	-0.2648108854185912	NO	Q8WXI2
214	E	214	7.466	10.93	77.78	-0.44	0.674904942965779	0	0	0	1	-0.4748654033186107	-0.4365366968956267	NO	Q8WXI2
215	V	215	9.366	14.027	76.872	-0.44	0.671102661596958	0	0	0	1	-0.3601609316013903	-0.4789254775649603	NO	Q8WXI2
216	I	216	7.788	16.419	74.442	-0.44	0.670454545454545	0	0	0	1	-0.4834313298299013	-0.41692529997260475	NO	Q8WXI2
217	Q	217	8.754	19.867	73.381	-0.44	0.67557251908397	0	0	0	1	-0.5816668982833747	-0.3275756307752643	NO	Q8WXI2
218	L	218	6.101	22.34	72.536	-0.44	0.583516483516483	0	0	0	1	-0.7538320153583551	-0.40111953892145297	NO	Q8WXI2
219	A	219	6.771	25.836	71.389	-0.44	0.508620689655172	1	0	0	1	-0.79700330715366	-0.30450534599551415	NO	Q8WXI2
220	N	220	5.029	28.511	73.362	-0.44	0.510576923076923	1	0	0	1	-0.7401145415847473	-0.30450534599551415	NO	Q8WXI2
221	I	221	4.65	31.75	71.582	-0.44	0.508620689655172	1	0	0	1	-0.6530353885348364	-0.13278849001317544	NO	Q8WXI2
222	K	222	5.089	34.533	73.978	-0.44	0.506679389312977	1	0	0	1	-0.3906591322767797	-0.15189440573385882	NO	Q8WXI2
223	P	223	2.631	37.12	73.191	-0.44	0.506679389312977	0	0	0	1	-0.30500423516166897	-0.7983112209503124	NO	Q8WXI2
224	S	224	2.135	35.86	76.724	-0.44	0.44949494949495	0	0	0	1	-0.1453498333978184	-0.5039080538798012	NO	Q8WXI2
225	E	225	-0.275	33.533	75.038	-0.44	0.452926208651399	0	0	0	1	-0.8666181643465759	-0.16883902791957808	NO	Q8WXI2
226	G	226	-1.043	30.406	76.922	-0.44	0.449936628643853	0	0	0	1	-0.8438307062981245	-0.1666696472245206	NO	Q8WXI2
227	L	227	-0.413	26.782	76.221	-0.44	0.444862155388471	0	0	0	1	-0.9231371113511762	-0.1656572695668271	NO	Q8WXI2
228	G	228	-4.115	26.354	76.614	-0.44	0.401136363636364	0	0	0	1	-1.4563029850419253	0.1723400603112195	NO	Q8WXI2
229	M	229	-3.718	23.488	79	-0.44	0.444862155388471	1	0	0	1	-1.1176692425099266	-0.03565664281625162	NO	Q8WXI2
230	Y	230	-5.451	23.354	82.33	-0.44	0.447798742138365	0	0	0	1	-0.8348850411115091	-0.1553709331434263	NO	Q8WXI2
231	I	231	-3.936	21.376	85.133	-0.44	0.444444444444444	0	0	0	1	-0.42244057461009976	-0.3567064703445456	NO	Q8WXI2
232	K	232	-5.553	20.147	88.284	-0.44	0.535338345864662	0	0	0	1	-0.36187210697922173	-0.30745901729071173	NO	Q8WXI2
233	S	233	-3.574	18.851	91.081	-0.44	0.59538784067086	0	0	0	1	-0.19208459813440298	-0.398764065640333	NO	Q8WXI2
234	T	234	-3.028	17.476	94.397	-0.44	0.589263420724095	0	0	0	1	-0.38708820230481733	-0.4106956594631492	NO	Q8WXI2
235	Y	235	-0.054	19.42	95.695	-0.44	0.589263420724095	0	0	0	1	-0.1445698630663139	-0.7983112209503124	NO	Q8WXI2
236	D	236	0.187	16.313	97.727	-0.44	0.49533582089552203	0	0	0	1	-0.3855615777606428	-0.7983112209503124	NO	Q8WXI2
237	G	237	1.632	14.722	94.694	-0.44	0.493494423791822	0	0	0	1	-0.18595360806525	-0.7983112209503124	NO	Q8WXI2
238	L	238	1.91	15.701	91.11	-0.44	0.378464818763326	0	0	0	1	-0.19154963588098564	-0.18060938398803186	NO	Q8WXI2
239	H	239	0.301	18.092	88.707	-0.44	0.377057886351567	0	0	0	1	-0.1989678121763821	-0.303407186154992	NO	Q8WXI2
240	V	240	-1.99	16.453	86.225	-0.44	0.436654366543665	0	0	0	1	-0.4682459377599314	-0.05405347732618375	NO	Q8WXI2
241	I	241	-3.36	17.954	83.07	2.94	0.374603174603175	0	0	0	1	-0.7439076753268032	0.0080505865004191	NO	Q8WXI2
242	T	242	-7.109	18.035	83.413	2.19	0.375995751460435	0	0	0	1	-0.86945465826909	-0.09910369915784842	NO	Q8WXI2
243	G	243	-7.998	19.389	80.015	1.81	0.377057886351567	0	0	0	1	-1.3169293495749166	0.011317289621321953	NO	Q8WXI2
244	T	244	-6.665	21.019	76.907	1.81	0.374603174603175	0	0	0	1	-1.5904208475456934	0.23496272361841508	NO	Q8WXI2
245	T	245	-8.179	23.884	75.037	1.44	0.220149253731343	0	0	0	1	-1.843695867993342	0.4829484703149097	NO	Q8WXI2
246	E	246	-8.543	23.34	71.311	1.06	0.219950433705081	1	0	0	1	-1.97622225875415	0.3962670535696939	NO	Q8WXI2
247	N	247	-6.91	26.348	69.742	2.94	0.218327183271833	1	0	0	1	-2.2622341627990057	0.5044495248591331	NO	Q8WXI2
248	S	248	-3.983	26.628	72.042	1.81	0.216117216117216	0	0	0	1	-1.8220499188310997	0.12059514406507704	NO	Q8WXI2
249	P	249	-0.458	25.545	71.469	3.69	0.216117216117216	0	0	0	1	-1.3981414777692684	-0.03608661016121796	NO	Q8WXI2
250	A	250	-0.843	22.455	73.573	-0.44	0.327777777777778	0	0	0	1	-1.3057235885869434	-0.017385652407285238	NO	Q8WXI2
251	D	251	-3.823	21.304	71.578	-0.44	0.32962962962963	0	0	0	1	-1.688955560004315	0.2012338658929581	NO	Q8WXI2
252	R	252	-2.296	22.192	68.255	-0.44	0.330855018587361	1	0	0	1	-1.7422945178230385	0.1398692571634724	NO	Q8WXI2
253	C	253	0.809	20.146	68.869	-0.44	0.329925650557621	0	0	0	1	-1.423817592090928	-0.03608661016121796	NO	Q8WXI2
254	K	254	-1.241	17.393	70.511	-0.44	0.327777777777778	0	0	0	1	-1.4100100859231388	-0.028356969936936566	NO	Q8WXI2
255	K	255	1.808	16.622	72.643	-0.44	0.435802469135802	0	0	0	1	-0.877539382054788	-0.035847196525952606	NO	Q8WXI2
256	I	256	-0.18	16.682	75.823	-0.44	0.653136531365314	0	0	0	1	-1.0119875376589642	0.1524166821417462	NO	Q8WXI2
257	H	257	-3.261	14.757	76.707	-0.44	0.653136531365314	0	0	0	1	-1.0353168863726225	0.2723753575966797	NO	Q8WXI2
258	A	258	-5.523	14.677	79.687	-0.44	0.651291512915129	0	0	0	1	-0.9961255789534338	0.4096417252940533	NO	Q8WXI2
259	G	259	-4.174	12.636	82.521	-0.44	0.868388683886839	0	0	0	1	-0.8089327123117067	0.4912683384400085	NO	Q8WXI2
260	D	260	-0.602	13.472	81.762	-0.44	0.868388683886839	0	0	0	1	-0.7722979783958828	0.04141500376896636	NO	Q8WXI2
261	E	261	1.409	14.007	84.9	-0.44	0.868388683886839	0	0	0	1	-0.5551721972474197	-0.04692862764394897	NO	Q8WXI2
262	V	262	3.913	16.78	84.646	-0.44	0.874845105328377	0	0	0	1	-0.18755643370225655	-0.3194919979367578	NO	Q8WXI2
263	I	263	7.182	16.092	86.402	-0.44	0.659176029962547	0	0	0	1	-0.14414306182590161	-0.20237648082695325	NO	Q8WXI2
264	Q	264	9.198	19.026	85.154	-0.44	0.654275092936803	0	0	0	1	0.07162375896400201	-0.5076962924875574	NO	Q8WXI2
265	V	265	9.419	21.634	82.471	-0.44	0.649446494464945	1	0	0	1	0.2922518000761646	-0.6429317716630982	NO	Q8WXI2
266	N	266	12.517	23.477	81.361	-0.44	0.649446494464945	0	0	0	1	0.28670852080531317	-0.5612917220376128	NO	Q8WXI2
267	H	267	14.45	21.827	84.177	-0.44	0.648897058823529	0	0	0	1	0.36711965076957204	-0.7983112209503124	NO	Q8WXI2
268	Q	268	12.095	23.043	86.835	-0.44	0.871604938271605	0	0	0	1	0.606908548060343	-0.7983112209503124	NO	Q8WXI2
269	T	269	10.365	20.594	89.099	-0.44	0.870098039215686	0	0	0	1	0.2819871725197479	-0.5831704450141696	NO	Q8WXI2
270	V	270	6.611	20.979	88.93	-0.44	0.65018315018315	0	0	0	1	0.09573131762171984	-0.5157689293893006	NO	Q8WXI2
271	V	271	5.842	18.011	91.148	-0.44	0.778676470588235	1	0	0	1	-0.12004070301872895	-0.4475690659090564	NO	Q8WXI2
272	G	272	4.84	19.064	94.604	-0.44	0.980555555555556	0	0	0	1	0.11625627335223088	-0.7983112209503124	NO	Q8WXI2
273	W	273	3.963	22.513	93.474	-0.44	0.974169741697417	0	0	0	1	0.1331784174149135	-0.7983112209503124	NO	Q8WXI2
274	Q	274	0.595	24.156	93.393	-0.44	0.974169741697417	0	0	0	1	0.14465324736664673	-0.7983112209503124	NO	Q8WXI2
275	L	275	-1.257	24.59	90.141	-0.44	0.974169741697417	0	0	0	1	-0.10961627927741872	-0.5075995498349399	NO	Q8WXI2
276	K	276	-1.003	28.327	90.453	-0.44	0.985074626865672	1	0	0	1	0.45719979187041665	-0.7983112209503124	NO	Q8WXI2
277	N	277	2.716	28.105	90.837	-0.44	0.98876404494382	0	0	0	1	0.6878218663404309	-0.7983112209503124	NO	Q8WXI2
278	L	278	2.941	25.911	87.812	-0.44	0.989661654135338	0	0	0	1	0.17399218157472313	-0.6675151546115492	NO	Q8WXI2
279	V	279	0.792	28.243	85.778	-0.44	0.982276119402985	0	0	0	1	0.05074955007786723	-0.6404538995069774	NO	Q8WXI2
280	N	280	3.03	31.072	86.888	-0.44	0.97140221402214	0	0	0	1	0.9186293498722475	-0.7983112209503124	NO	Q8WXI2
281	A	281	6.032	29.115	85.706	-0.44	0.978624535315985	0	0	0	1	0.60072109818832	-0.7983112209503124	NO	Q8WXI2
282	L	282	4.589	28.358	82.31	-0.44	0.985074626865672	0	0	0	1	0.04713556974519611	-0.7983112209503124	NO	Q8WXI2
283	R	283	3.578	31.915	81.637	-0.44	0.986842105263158	1	0	0	1	0.10514872096202	-0.7983112209503124	NO	Q8WXI2
284	E	284	7.05	33.118	82.453	-0.44	0.990566037735849	1	0	0	1	0.227418910780355	-0.6964605562746837	NO	Q8WXI2
285	D	285	8.716	30.501	80.302	-0.44	0.997159090909091	0	0	0	1	0.035696698092708264	-0.5744373413050398	NO	Q8WXI2
286	P	286	9.893	31.041	76.83	-0.44	0.997159090909091	1	0	0	1	-0.21058821931523386	-0.4430077054373702	NO	Q8WXI2
287	S	287	8.968	29.595	73.481	-0.44	0.891443167305236	0	0	0	1	-0.3896404515438181	-0.18883250946051328	NO	Q8WXI2
288	G	288	10.586	26.211	73.48	-0.44	0.901808785529716	0	0	0	1	-0.2574266315583965	-0.23787102647693392	NO	Q8WXI2
289	V	289	9.478	24.244	76.46	-0.44	0.901808785529716	0	0	0	1	-0.27004425688030076	-0.40190230290816664	NO	Q8WXI2
290	I	290	10.472	20.711	77.222	-0.44	0.894871794871795	0	0	0	1	-0.12053846669367523	-0.49107692311159495	NO	Q8WXI2
291	L	291	7.946	18.721	79.155	-0.44	0.884664131812421	0	0	0	1	-0.2361494240479507	-0.37246356310317624	NO	Q8WXI2
292	T	292	8.846	15.68	81.142	-0.44	0.661596958174905	0	0	0	1	-0.3094719595336468	-0.4713210551034043	NO	Q8WXI2
293	L	293	5.682	13.86	81.916	3.69	0.65530303030303	0	0	0	1	-0.5081441790976807	-0.34488261433471307	NO	Q8WXI2
294	K	294	4.205	10.46	82.523	2.94	0.65719696969697	0	0	0	1	-0.6673367715133782	-0.18316294005130587	NO	Q8WXI2
295	K	295	1.805	9.316	79.841	2.19	0.661596958174905	0	0	0	1	-0.6435541680343297	-0.1200708086770488	NO	Q8WXI2
296	R	296	-0.585	7.891	82.44	1.44	0.663498098859316	0	0	0	1	-0.8255504861361741	-0.020329571578039437	NO	Q8WXI2
297	P	297	-2.793	5.198	81.082	3.69	0.66793893129771	0	0	0	1	-0.8667621431746555	-0.11998398834777674	NO	Q8WXI2
298	Q	298	-6.059	6.919	80.346	-0.44	0.675675675675676	0	0	0	1	-0.9353528507867113	0.4226777977342518	NO	Q8WXI2
299	S	299	-8.163	3.712	79.664	-0.44	0.448717948717949	1	0	0	1	-1.1862326033066788	0.17685471743336612	NO	Q8WXI2
300	M	300	-7.119	0.068	79.016	-0.44	0.448717948717949	0	0	0	1	-1.59299908820261	0.10612508918640182	NO	Q8WXI2
301	L	301	-8.111	-1.167	75.846	-0.44	0.678294573643411	0	0	0	1	-2.0685682820199665	-0.09910369915784845	NO	Q8WXI2
302	T	302	-11.702	-1.903	75.248	-0.44	0	0	0	0	1	-1.9540770444449167	-0.5725783648429794	NO	Q8WXI2
303	S	303	-13.595	-3.019	72.388	-0.44	0	0	0	0	1	-1.8645442840328765	-0.39199207995711294	NO	Q8WXI2
304	A	304	-16.456	-1.603	70.592	-0.44	0	0	0	0	1	-1.2628723342548978	0.12514137221604993	NO	Q8WXI2
305	P	305	-18.688	-4.032	68.995	-0.44	0	0	0	0	1	-1.2454550682029482	0.4296755162735791	NO	Q8WXI2
306	A	306	-19.258	-3.971	65.285	-0.44	0	0	0	0	1	-0.6569244414631801	1.0533431501472676	NO	Q8WXI2
307	L	307	-22.481	-3.837	63.264	-0.44	0	0	0	0	1	-1.057097091019826	1.235219337068033	NO	Q8WXI2
308	L	308	-22.709	-6.659	60.761	-0.44	0	0	0	0	1	-0.9028448473264207	1.3619522119968646	NO	Q8WXI2
553	G	553	-25.35	-6.37	58.114	2.56	0	0	0	0	1	-1.5590136579558251	1.0009532828836756	NO	Q8WXI2
554	P	554	-25.661	-7.77	54.674	1.44	0	0	0	0	1	-1.0867069758092855	0.9817535872103706	NO	Q8WXI2
555	I	555	-27.559	-4.557	54.004	2.19	0.257992565055762	0	0	0	1	-1.2787801633641471	0.49253343466654415	NO	Q8WXI2
556	A	556	-26.106	-2.722	51.071	1.44	0.257037037037037	0	0	0	1	-0.7992355366198889	0.5178441141884432	NO	Q8WXI2
557	G	557	-27.099	0.561	49.599	-0.44	0.258955223880597	0	0	0	1	-0.6859799557562174	0.8862202177506601	NO	Q8WXI2
558	K	558	-27.543	1.139	45.909	1.06	0.256505576208179	0	0	0	1	-0.45911711454488646	0.5052960230695356	NO	Q8WXI2
559	S	559	-26.909	4.537	44.547	3.69	0.32089552238806	0	0	0	1	-0.7011954202450551	0.3547322080459445	NO	Q8WXI2
560	K	560	-27.386	6.077	41.174	1.44	0.32089552238806	0	0	0	1	-1.2151795729078672	0.6766272608550014	NO	Q8WXI2
561	R	561	-25.438	8.921	39.731	2.94	0.32089552238806	0	0	0	1	-1.3379651421427146	1.1901900296679209	NO	Q8WXI2
562	R	562	-26.724	11.558	37.376	-0.44	0.424691358024691	0	0	0	1	-1.9590875923749334	1.9358779986497585	NO	Q8WXI2
563	I	563	-25.825	10.015	34.024	-0.44	0.424019607843137	0	0	0	1	-1.540627393049582	1.7028088247189375	NO	Q8WXI2
564	S	564	-25.158	11.734	30.762	-0.44	0.41970802919708	0	0	0	1	-1.6728542714334238	1.6320791964719727	NO	Q8WXI2
565	C	565	-24.671	10.241	27.362	3.69	0.419393939393939	0	0	0	1	-1.5914428664368667	1.3636452084176696	NO	Q8WXI2
566	K	566	-21.07	9.721	26.406	2.94	0.42002442002442	0	0	0	1	-1.5728562092658664	1.6724961268988099	NO	Q8WXI2
567	D	567	-20.37	10.632	29.963	2.19	0.41970802919708	0	0	0	1	-1.5587842745672027	1.592199725226344	NO	Q8WXI2
568	L	568	-16.728	10.285	30.771	-0.44	0.41970802919708	0	0	0	1	-1.3427662458195961	1.7449456245256396	NO	Q8WXI2
569	G	569	-15.791	7.826	33.437	2.19	0.62956204379562	0	0	0	1	-1.1291038852387965	2.1585070279856158	NO	Q8WXI2
570	R	570	-12.771	7.99	35.648	1.06	0.62956204379562	1	0	0	1	-0.783271173844675	2.1271865942007233	NO	Q8WXI2
571	G	571	-11.292	5.536	38.071	2.19	0.627737226277372	0	0	0	1	-0.42873648386185786	1.7449456245256396	NO	Q8WXI2
572	D	572	-8.112	5.578	40.083	1.44	0.628205128205128	0	0	0	1	-0.14391051698402968	2.0323787946356435	NO	Q8WXI2
573	C	573	-7.682	1.844	39.736	2.56	0.628205128205128	0	0	0	1	0.3143925916979308	1.6461571595410323	NO	Q8WXI2
574	E	574	-9.606	-1.118	38.383	1.44	0.624542124542125	0	0	0	1	0.37339191117610016	1.500150882791465	NO	Q8WXI2
575	G	575	-9.036	-4.821	37.904	3.69	1.23722627737226	0	0	0	1	0.8729031731477854	1.481746303565549	NO	Q8WXI2
576	W	576	-10.144	-8.312	38.849	-0.44	1.23272727272727	0	0	0	1	0.8531254496816603	1.435960341249197	NO	Q8WXI2
577	L	577	-9.895	-9.33	42.501	-0.44	1.23272727272727	0	0	0	1	1.1435600063657934	1.68604009826525	NO	Q8WXI2
578	W	578	-11.007	-12.349	44.47	-0.44	1.23722627737226	0	0	0	1	1.2845981584293413	1.839377202663874	NO	Q8WXI2
579	K	579	-12.986	-11.673	47.644	-0.44	0.618613138686131	0	0	0	1	0.9602469127810475	1.7830308089663127	NO	Q8WXI2
580	K	580	-13.188	-14.024	50.605	1.44	0.618613138686131	0	0	0	1	1.045084941179796	2.2675513883620106	NO	Q8WXI2
581	K	581	-16.687	-14.958	51.729	2.19	0.622710622710623	0	0	0	1	-0.10884100244209721	2.208450422399363	NO	Q8WXI2
582	D	582	-17.727	-13.493	55.021	1.06	0.624542124542125	0	0	0	1	-0.4490427809673826	2.175944891119907	NO	Q8WXI2
583	A	583	-16.861	-15.671	57.989	0.68	0.621818181818182	0	0	0	1	-0.17514466111645843	1.965505436013846	NO	Q8WXI2
584	K	584	-15.003	-17.996	55.657	1.06	0.62043795620438	0	0	0	1	0.010208397949776274	2.224845756158738	NO	Q8WXI2
585	S	585	-11.922	-19.769	56.94	2.56	0.819393939393939	0	0	0	1	0.10224412648936922	2.311225263944702	NO	Q8WXI2
586	Y	586	-8.528	-18.308	56.117	2.94	0.409975669099757	0	0	0	1	0.9524611263539265	2.173027728056366	NO	Q8WXI2
587	F	587	-7.604	-21.803	54.989	2.56	0.411192214111922	0	0	0	1	0.3154205564594564	2.3415000234696852	NO	Q8WXI2
588	S	588	-10.109	-21.96	52.134	1.44	0.411192214111922	0	0	0	1	0.03035133786850014	2.305396743759144	NO	Q8WXI2
589	Q	589	-9.128	-21.251	48.515	2.19	0.408484848484848	0	0	0	1	0.5896708655513068	2.414072533144407	NO	Q8WXI2
590	K	590	-12.683	-20.916	47.236	2.19	0.405797101449275	0	0	0	1	0.17303743617405956	2.379781660184829	NO	Q8WXI2
591	W	591	-13.143	-17.168	46.747	1.81	0.402877697841727	0	0	0	1	0.630769761435699	2.214469965228892	NO	Q8WXI2
592	K	592	-15.386	-15.375	44.246	2.94	0.600358422939068	0	0	0	1	0.3349337195489814	1.5615903499381898	NO	Q8WXI2
593	K	593	-13.937	-13.126	41.578	2.94	0.600719424460432	0	0	0	1	0.5215261396400731	1.6228091005144984	NO	Q8WXI2
594	Y	594	-15.291	-9.607	41.107	1.44	0.604693140794224	0	0	0	1	0.45161344664175007	1.0081743392355442	NO	Q8WXI2
595	W	595	-14.523	-6.602	38.919	1.81	0.604693140794224	0	0	0	1	0.6187852290463174	0.8388163179681201	NO	Q8WXI2
596	F	596	-13.33	-3.899	41.321	2.19	0.605072463768116	0	0	0	1	0.5691245401952276	1.0765613867754504	NO	Q8WXI2
597	V	597	-13.149	-0.147	40.795	1.81	0.606498194945849	1	0	0	1	0.18215798343965783	1.0822486821111417	NO	Q8WXI2
598	L	598	-11.623	2.419	43.095	3.32	0.60431654676259	0	0	0	1	0.40376777410896003	1.657404273090491	NO	Q8WXI2
599	K	599	-12.719	6.024	42.674	1.44	0.60573476702509	0	0	0	1	0.11132162660981079	1.6433959369914872	NO	Q8WXI2
600	D	600	-11.623	8.625	45.151	1.44	0.611913357400722	1	0	0	1	0.19548332084116507	1.811553174530644	NO	Q8WXI2
601	A	601	-12.317	7.327	48.673	0.68	0.615942028985507	0	0	0	1	0.5637062756101646	1.7858785157664359	NO	Q8WXI2
602	S	602	-14.834	4.7	47.602	2.19	0.615942028985507	0	0	0	1	0.4964509097664793	1.6320791964719727	NO	Q8WXI2
603	L	603	-14.344	1.028	46.691	-0.44	0.615942028985507	0	0	0	1	0.7207515310496515	1.759905958910792	NO	Q8WXI2
604	Y	604	-16.947	-0.775	44.52	-0.44	0.611913357400722	0	0	0	1	0.1184855598183733	0.9473968721997488	NO	Q8WXI2
605	W	605	-17.174	-4.416	43.451	-0.44	0.613718411552347	0	0	0	1	0.4514367249767056	0.800264370900075	NO	Q8WXI2
606	Y	606	-19.304	-5.674	40.564	-0.44	0.613718411552347	0	0	0	1	0.30148558061886443	0.46454735059636704	NO	Q8WXI2
607	I	607	-20.266	-9.135	39.369	-0.44	0.615523465703971	1	0	0	1	0.31352281024081835	0.13033412013124623	NO	Q8WXI2
608	N	608	-18.835	-8.426	35.952	-0.44	0.62	0	0	0	1	0.34025743660198204	0.4851413037742381	NO	Q8WXI2
609	E	609	-17.571	-5.666	33.696	-0.44	0.614695340501792	0	0	0	1	0.1631463406417083	0.5133154797996645	NO	Q8WXI2
610	E	610	-21.02	-5.002	32.225	-0.44	0.819593787335723	0	0	0	1	-0.02337850781254569	-0.09402470989543345	NO	Q8WXI2
611	D	611	-23.088	-4.632	35.409	-0.44	0.819593787335723	0	0	0	1	0.01852765406971171	-0.18792957803608396	NO	Q8WXI2
612	E	612	-24.656	-1.24	36.012	-0.44	0.930755395683453	0	0	0	1	-0.5426152506020913	0.19039868879980612	NO	Q8WXI2
613	K	613	-25.051	-1.685	39.745	-0.44	0.930755395683453	0	0	0	1	-0.4606353143860307	0.17040520725887093	NO	Q8WXI2
614	A	614	-22.374	-2.894	42.138	-0.44	0.930755395683453	0	0	0	1	-0.27755244116038286	0.19852507161967012	NO	Q8WXI2
615	E	615	-22.883	-5.697	44.6	-0.44	0.930755395683453	0	0	0	1	-0.48157920000818605	0.34100765039461867	NO	Q8WXI2
616	G	616	-21.259	-3.76	47.42	-0.44	0.835138387484958	0	0	0	1	-0.46601911538571916	0.903019951464802	NO	Q8WXI2
617	F	617	-19.161	-0.734	48.268	-0.44	1.25270758122744	0	0	0	1	0.027900286181157925	1.271981545062656	NO	Q8WXI2
618	I	618	-17.238	0.76	51.146	-0.44	1.24460431654676	1	0	0	1	0.8078870180577717	1.6551393568703887	NO	Q8WXI2
619	S	619	-16.138	4.253	52.111	2.56	1.24014336917563	0	0	0	1	1.2772353969506665	1.7263853674679255	NO	Q8WXI2
620	L	620	-12.405	4.109	52.795	2.94	1.24014336917563	0	0	0	1	1.4168343912745114	1.965561869227873	NO	Q8WXI2
621	P	621	-11.701	6.87	55.337	2.19	1.24014336917563	0	0	0	1	1.4391701876989262	1.947864413309058	NO	Q8WXI2
622	E	622	-9.97	5.581	58.475	1.06	1.24014336917563	0	0	0	1	1.5070729469344304	2.029128241507698	NO	Q8WXI2
623	F	623	-9.693	2.05	57.09	2.94	1.23214285714286	0	0	0	1	1.7628472451002957	2.1650163073276762	NO	Q8WXI2
624	K	624	-6.376	0.306	57.403	1.44	1.22775800711744	0	0	0	1	1.884358415044078	2.137672249452161	NO	Q8WXI2
625	I	625	-4.74	-1.662	54.591	2.94	1.22695035460993	0	0	0	1	1.8719268428726838	2.0734090608339764	NO	Q8WXI2
626	D	626	-2.37	-4.558	55.145	2.94	1.22968197879859	0	0	0	1	2.1363726444419138	2.0662387230517436	NO	Q8WXI2
627	R	627	-0.958	-7.64	53.452	1.81	1.2280701754386	1	0	0	1	2.225893826091657	2.021297363517647	NO	Q8WXI2
628	A	628	-2.676	-10.809	54.634	2.19	1.22535211267606	1	0	0	1	2.5712207846442845	2.486622757387015	NO	Q8WXI2
629	S	629	-0.263	-13.708	54.744	0.31	1.22535211267606	0	0	0	1	2.319569505043499	2.3046839031609103	NO	Q8WXI2
630	E	630	-2.653	-15.497	57.065	1.06	1.23321554770318	0	0	0	1	2.094725419070319	2.4116099928959627	NO	Q8WXI2
631	C	631	-4.723	-16.452	54.065	1.81	1.24113475177305	0	0	0	1	1.300199977557987	2.231204294294982	NO	Q8WXI2
632	R	632	-3.811	-19.528	52.048	1.81	1.24199288256228	0	0	0	1	1.2377015594912821	2.3672842684239774	NO	Q8WXI2
633	K	633	-4.919	-17.779	48.928	3.69	1.24113475177305	0	0	0	1	1.5322439471932792	2.1468020010072917	NO	Q8WXI2
634	K	634	-1.995	-16.143	47.189	2.19	1.2491103202847	0	0	0	1	1.7870966611073131	1.7605964358824147	NO	Q8WXI2
635	Y	635	-1.302	-12.396	47.297	1.81	1.24028268551237	0	0	0	1	2.482547613993322	1.7597517580982711	NO	Q8WXI2
636	A	636	-4.137	-11.487	49.599	0.68	1.23943661971831	0	0	0	1	2.2073829367614892	2.019608764490143	NO	Q8WXI2
637	F	637	-4.609	-8.239	51.512	1.81	1.22569444444444	0	0	0	1	2.257781370119982	2.1091279657121365	NO	Q8WXI2
638	K	638	-7.041	-6.989	54.178	1.81	1.22569444444444	0	0	0	1	2.2849257255332844	2.3955265268983155	NO	Q8WXI2
639	A	639	-8.944	-3.727	54.699	1.44	1.22569444444444	0	0	0	1	2.1857286500006894	2.3275577000042325	NO	Q8WXI2
640	C	640	-10.598	-3.128	58.052	2.19	1.22299651567944	0	0	0	1	2.4573682262848684	2.384522050163083	NO	Q8WXI2
641	H	641	-12.591	-0.588	60.115	2.56	1.21875	0	0	0	1	1.3302813946162302	1.7016801604384006	NO	Q8WXI2
642	P	642	-13.815	-1.049	63.66	1.06	1.21034482758621	0	0	0	1	0.428628045723604	1.2610496253168866	NO	Q8WXI2
643	K	643	-17.422	-0.082	63.174	1.06	1.21453287197232	0	0	0	1	0.15595176549561368	1.4326818402438288	NO	Q8WXI2
644	I	644	-17.965	-1.214	59.613	1.06	1.21875	0	0	0	1	0.5899118344314059	1.6073064625196811	NO	Q8WXI2
645	K	645	-16.287	-4.511	58.663	2.94	1.21799307958478	0	0	0	1	1.0236734003492696	1.5671954703959936	NO	Q8WXI2
646	S	646	-13.14	-6.337	57.629	2.19	1.20962199312715	0	0	0	1	1.4617159813145326	1.8665819037706024	NO	Q8WXI2
647	F	647	-12.691	-7.45	54.03	2.56	1.22222222222222	0	0	0	1	1.903583015671463	1.7885873100397238	NO	Q8WXI2
648	Y	648	-10.16	-9.778	52.381	1.06	1.22569444444444	0	0	0	1	1.861945372278278	2.2794647587531296	NO	Q8WXI2
649	F	649	-9.188	-9.509	48.694	2.94	1.22569444444444	0	0	0	1	1.658894455996257	2.1484260038435496	NO	Q8WXI2
650	A	650	-6.541	-11.223	46.552	2.19	1.23508771929825	0	0	0	1	1.8436322693437355	2.004030947589606	NO	Q8WXI2
651	A	651	-4.875	-10.461	43.206	3.69	1.23591549295775	0	0	0	1	1.811804579157438	1.8891996687618493	NO	Q8WXI2
652	E	652	-3.648	-12.821	40.5	2.94	1.24381625441696	0	0	0	1	2.445446791247035	1.6555030696564441	NO	Q8WXI2
653	H	653	-0.007	-11.833	40.973	-0.44	1.23591549295775	1	0	0	1	2.7201634898732516	1.5298261728808968	NO	Q8WXI2
654	L	654	2.273	-9.679	43.103	-0.44	1.24028268551237	1	0	0	1	2.436788439985917	1.6019814823243286	NO	Q8WXI2
655	D	655	2.489	-6.913	40.525	-0.44	1.24028268551237	1	0	0	1	2.2813752422659634	1.6347664923780125	NO	Q8WXI2
656	D	656	-1.243	-6.236	40.595	-0.44	1.24295774647887	0	0	0	1	2.1575802098714445	1.6587909177780076	NO	Q8WXI2
657	M	657	-1.303	-6.644	44.363	-0.44	1.23859649122807	0	0	0	1	2.242897449453379	1.8750939658640826	NO	Q8WXI2
658	N	658	1.284	-3.912	44.584	2.19	0.929577464788732	0	0	0	1	1.684132603633754	1.434992914723023	NO	Q8WXI2
659	R	659	-0.775	-1.441	42.599	1.06	0.929577464788732	0	0	0	1	1.3270440495504996	1.7241180063354693	NO	Q8WXI2
660	W	660	-3.746	-2.015	44.868	3.69	0.923684210526316	0	0	0	1	1.5995024574026477	1.8245857602505249	NO	Q8WXI2
661	L	661	-1.719	-1.514	47.994	2.56	0.923684210526316	0	0	0	1	1.5420005281449727	1.6031101466048652	NO	Q8WXI2
662	N	662	-0.315	1.714	46.613	1.06	0.738947368421053	0	0	0	1	0.9039793944810006	1.3087437530572787	NO	Q8WXI2
663	R	663	-3.661	3.166	45.576	-0.44	0.734736842105263	0	0	0	1	0.36447640326887365	1.8722697045537995	NO	Q8WXI2
664	I	664	-5.613	2.008	48.622	3.32	0.732631578947368	0	0	0	1	1.139373732186452	2.0391507803188635	NO	Q8WXI2
665	N	665	-3.091	3.426	51.053	1.44	0.73006993006993	0	0	0	1	1.0257210352538473	1.729075920702336	NO	Q8WXI2
666	M	666	-3.626	6.859	49.551	1.06	0.73006993006993	1	0	0	1	0.43978658900576495	1.832488458606805	NO	Q8WXI2
667	L	667	-7.403	6.492	49.619	1.44	0.73006993006993	0	0	0	1	0.7745929209259103	2.0899406729430132	NO	Q8WXI2
668	T	668	-7.751	5.938	53.321	1.44	0.73006993006993	0	0	0	1	0.9625644003986292	1.99034578005014	NO	Q8WXI2
669	A	669	-6.061	9.463	53.999	1.44	0.60801393728223	0	0	0	1	0.6248206781463438	1.8210928413191798	NO	Q8WXI2
670	G	670	-3.032	11.38	55.726	0.68	0.304195804195804	0	0	0	1	0.17793612241218637	0.7576520777942335	NO	Q8WXI2
671	Y	671	-2.074	14.269	58.286	-0.44	0.302264808362369	0	0	0	1	-0.8257570242645528	0.2174866315326861	NO	Q8WXI2
672	A	672	0.81	16.427	60.05	-0.44	0.483623693379791	0	0	0	1	-1.4830759416572925	-0.35056346165976715	NO	Q8WXI2
673	E	673	2.037	19.369	62.365	-0.44	0.483333333333333	0	0	0	1	-1.6893773507561658	-0.14562079129139524	NO	Q8WXI2
674	R	674	5.078	21.565	63.756	0.68	0.486713286713287	0	0	0	1	-1.3999333884355039	-0.29066310899337683	NO	Q8WXI2
675	E	675	6.822	24.737	65.457	1.06	0.486713286713287	0	0	0	1	-1.0077267192667758	-0.13642322895559333	NO	Q8WXI2
676	R	676	9.349	26.251	68.244	1.81	0.490780141843972	0	0	0	1	-0.6351607276675677	-0.025715984742953536	NO	Q8WXI2
677	I	677	11.86	29.199	69.517	0.68	0.494285714285714	0	0	0	1	-0.2984884199351761	-0.05054143340317874	NO	Q8WXI2
678	K	678	13.918	30.733	72.599	0.68	0.499638989169675	0	0	0	1	-0.26208708194153113	0.0036344520625811705	NO	Q8WXI2
899	E	899	15.803	33.743	74.451	1.44	0.695473251028807	0	0	0	1	0.008205895438747068	0.285206488364886	NO	Q8WXI2
900	S	900	18.299	34.972	77.367	1.06	0.694956949569496	0	0	0	1	-0.018247235556872275	0.8269653430224851	NO	Q8WXI2
901	R	901	19.714	38.178	79.486	1.44	0.631970260223048	0	0	0	1	-0.49721991599224974	1.5970368578572156	NO	Q8WXI2
902	E	902	22.463	39.986	81.83	1.81	0.637218045112782	0	0	0	1	-0.47887023183228206	0.8961900855620673	NO	Q8WXI2
903	E	903	23.315	42.652	84.689	1.81	0.641509433962264	1	0	0	1	-0.657857724785537	0.10913486060116628	NO	Q8WXI2
904	K	904	26.149	45.191	85.982	1.06	0.64828897338403	0	0	0	1	-0.7884846076928423	-0.2053862522417177	NO	Q8WXI2
905	L	905	27.225	46.906	89.502	-0.44	0.653256704980843	0	0	0	1	-0.8453204460602702	-0.39199207995711294	NO	Q8WXI2
906	G	906	29.277	46.831	92.942	-0.44	0.653256704980843	0	0	0	1	-0.802498905393455	-0.5774856008453128	NO	Q8WXI2
907	D	907	29.42	47.322	96.939	-0.44	0.652671755725191	1	0	0	1	-0.644338324826663	-0.7201729246054662	NO	Q8WXI2
908	S	908	28.856	45.054	100.212	-0.44	0.652671755725191	1	0	0	1	-0.29471018507784635	-0.7983112209503124	NO	Q8WXI2
909	L	909	29.695	44.119	103.938	-0.44	0.654580152671756	0	0	0	1	0.024495887658953757	-0.7983112209503124	NO	Q8WXI2
910	Q	910	30.396	47.089	106.12	-0.44	0.655769230769231	0	0	0	1	0.0965593107371952	-0.7983112209503124	NO	Q8WXI2
911	D	911	28.408	49.139	103.684	-0.44	0.655769230769231	0	0	0	1	-0.4140260655885878	-0.7983112209503124	NO	Q8WXI2
912	L	912	25.524	46.742	103.971	-0.44	0.71055381400209	0	0	0	1	0.10549981014230644	-0.7983112209503124	NO	Q8WXI2
913	Y	913	25.989	46.73	107.701	-0.44	0.70722433460076	0	0	0	1	0.3654120829257898	-0.7983112209503124	NO	Q8WXI2
914	R	914	25.773	50.48	107.786	-0.44	0.707841776544067	0	0	0	1	0.16524805577399923	-0.7983112209503124	NO	Q8WXI2
915	A	915	22.862	50.419	105.381	-0.44	0.706374085684431	0	0	0	1	0.12057380080437745	-0.7983112209503124	NO	Q8WXI2
916	L	916	21.018	48.002	107.589	-0.44	0.701002419633598	0	0	0	1	0.7552174968574962	-0.7983112209503124	NO	Q8WXI2
917	E	917	21.589	50.375	110.461	-0.44	0.757662835249042	0	0	0	1	0.7465507841546005	-0.7983112209503124	NO	Q8WXI2
918	Q	918	20.224	53.261	108.492	-0.44	0.83368569415081	0	0	0	1	0.8001963512743837	-0.7983112209503124	NO	Q8WXI2
919	A	919	17.086	51.294	107.982	-0.44	0.83368569415081	0	0	0	1	1.3854434942017246	-0.7983112209503124	NO	Q8WXI2
920	S	920	17.249	50.605	111.668	-0.44	0.83615221987315	0	0	0	1	1.3374379092674336	-0.7983112209503124	NO	Q8WXI2
921	L	921	17.689	54.062	113.071	-0.44	0.920622568093385	0	0	0	1	1.1879420327753605	-0.7983112209503124	NO	Q8WXI2
922	S	922	15.564	55.771	110.513	-0.44	0.956490979837283	0	0	0	1	1.243461593542202	-0.7983112209503124	NO	Q8WXI2
923	P	923	12.001	55.599	111.466	-0.44	0.920622568093385	0	0	0	1	1.8031667163715739	-0.7983112209503124	NO	Q8WXI2
924	L	924	10.611	52.536	109.776	-0.44	0.875968992248062	0	0	0	1	2.0440985706727512	-0.7983112209503124	NO	Q8WXI2
925	G	925	10.226	50.971	113.141	-0.44	0.984555984555985	0	0	0	1	2.1381840430945456	-0.7983112209503124	NO	Q8WXI2
926	E	926	13.582	49.313	113.324	-0.44	0.986538461538462	2	0	0	1	1.9907956257032826	-0.7983112209503124	NO	Q8WXI2
927	H	927	14.793	51.936	115.71	-0.44	0.985632183908046	1	0	0	1	1.5141871830018858	-0.7983112209503124	NO	Q8WXI2
928	R	928	12.805	52.141	118.812	-0.44	1.12213740458015	0	0	0	1	1.6464000649066328	-0.7983112209503124	NO	Q8WXI2
929	I	929	9.999	53.963	117.109	-0.44	1.11170784103115	0	0	0	1	1.8710624025188507	-0.7983112209503124	NO	Q8WXI2
930	S	930	6.439	52.79	116.601	-0.44	1.10754414125201	0	0	0	1	2.212800328978708	-0.7983112209503124	NO	Q8WXI2
931	T	931	6.075	49.911	114.209	-0.44	1.10754414125201	0	0	0	1	2.3810522408602255	-0.7983112209503124	NO	Q8WXI2
932	K	932	3.361	47.676	112.861	-0.44	1.30681818181818	1	0	0	1	2.6229552671077907	-0.7983112209503124	NO	Q8WXI2
933	M	933	3.905	44.109	111.866	-0.44	1.29962546816479	0	0	0	1	2.8519922977904044	-0.7983112209503124	NO	Q8WXI2
934	E	934	3.051	44.86	108.283	-0.44	1.31203007518797	1	0	0	1	2.9456842942524823	-0.7983112209503124	NO	Q8WXI2
935	Y	935	5.512	47.716	108.185	-0.44	1.3219696969697	0	0	0	1	2.686243982935996	-0.7983112209503124	NO	Q8WXI2
936	K	936	8.118	45.696	109.997	-0.44	1.31818181818182	1	0	0	1	2.3710516069910073	-0.7983112209503124	NO	Q8WXI2
937	L	937	7.662	42.85	107.583	-0.44	1.30827067669173	1	0	0	1	2.4312208427885666	-0.7983112209503124	NO	Q8WXI2
938	S	938	8.522	45.16	104.772	-0.44	1.31698113207547	0	0	0	1	2.271964570766331	-0.7983112209503124	NO	Q8WXI2
939	F	939	11.52	46.066	106.897	-0.44	1.31698113207547	0	0	0	1	1.7941054741651525	-0.7983112209503124	NO	Q8WXI2
940	I	940	12.699	42.509	107.335	-0.44	1.30711610486891	0	0	0	1	1.7123890547159795	-0.7983112209503124	NO	Q8WXI2
941	K	941	12.005	41.914	103.726	-0.44	1.31698113207547	0	0	0	1	1.655095590468852	-0.7983112209503124	NO	Q8WXI2
942	R	942	13.892	45.075	102.944	-0.44	1.09119496855346	0	0	0	1	1.2059052183598111	-0.7983112209503124	NO	Q8WXI2
943	C	943	17.05	43.887	104.532	-0.44	1.03880597014925	0	0	0	1	1.0387734031758333	-0.7983112209503124	NO	Q8WXI2
944	N	944	16.015	40.465	103.376	-0.44	1.03880597014925	0	0	0	1	1.1246511944605067	-0.7983112209503124	NO	Q8WXI2
945	D	945	13.755	37.839	104.754	-0.44	1.07496902106568	0	0	0	1	1.536224867336269	-0.7983112209503124	NO	Q8WXI2
946	P	946	16.096	35.081	105.692	-0.44	1.0670356703567	0	0	0	1	1.4902550346581442	-0.7983112209503124	NO	Q8WXI2
947	V	947	15.745	32.855	102.66	-0.44	0.920634920634921	0	0	0	1	1.2431894954899487	-0.7983112209503124	NO	Q8WXI2
948	M	948	16.797	34.136	99.255	-0.44	0.85997521685254	0	0	0	1	0.9155411341792372	-0.7983112209503124	NO	Q8WXI2
949	N	949	18.012	37.635	98.693	-0.44	0.85997521685254	0	0	0	1	0.753887477403016	-0.7983112209503124	NO	Q8WXI2
950	E	950	14.563	38.859	99.428	-0.44	0.776865671641791	0	0	0	1	1.1029736558058714	-0.7983112209503124	NO	Q8WXI2
951	K	951	15.254	42.494	99.13	-0.44	0.772693726937269	0	0	0	1	0.9761060530258295	-0.7983112209503124	NO	Q8WXI2
952	L	952	17.478	45.097	97.545	-0.44	0.769852941176471	0	0	0	1	0.5683750227825423	-0.7983112209503124	NO	Q8WXI2
953	H	953	20.01	45.653	100.263	-0.44	0.512820512820513	0	0	0	1	0.38925932165436644	-0.7983112209503124	NO	Q8WXI2
954	R	954	21.033	42.018	100.432	-0.44	0.515129151291513	1	0	0	1	0.4774262322561392	-0.7983112209503124	NO	Q8WXI2
955	L	955	20.266	41.478	96.797	-0.44	0.518518518518519	0	0	0	1	0.2574936440498969	-0.7983112209503124	NO	Q8WXI2
956	R	956	22.442	44.414	95.948	-0.44	0.523420074349443	0	0	0	1	-0.2120387137577535	-0.6344728576466029	NO	Q8WXI2
957	I	957	25.289	43.167	98.071	-0.44	0.435802469135802	0	0	0	1	-0.06969091738164056	-0.7983112209503124	NO	Q8WXI2
958	L	958	25.446	39.769	96.475	-0.44	0.554160125588697	0	0	0	1	-0.022873703260741965	-0.7418780069234792	NO	Q8WXI2
959	K	959	25.007	41.143	93.019	-0.44	0.553246753246753	0	0	0	1	-0.5090720424533741	-0.4973340794738684	NO	Q8WXI2
960	S	960	27.727	43.701	93.538	-0.44	0.553246753246753	1	0	0	1	-0.5800305866303102	-0.6169187472926341	NO	Q8WXI2
961	T	961	30.205	41.229	94.906	-0.44	0.430656934306569	0	0	0	1	-0.3102746832923394	-0.5761054407196564	NO	Q8WXI2
962	L	962	29.372	38.806	92.167	-0.44	0.591075591075591	1	0	0	1	-0.381290650136869	-0.4480360994044508	NO	Q8WXI2
963	K	963	29.973	41.441	89.574	-0.44	0.592740592740593	0	0	0	1	-0.7229854883458443	-0.3112925838987414	NO	Q8WXI2
964	A	964	33.249	42.114	91.296	-0.44	0.592740592740593	0	0	0	1	-0.6391821536329104	-0.4076197392260822	NO	Q8WXI2
965	R	965	34.155	38.478	90.957	-0.44	0.543811274509804	0	0	0	1	-0.35000656962817883	-0.04451915938361833	NO	Q8WXI2
966	E	966	33.157	38.355	87.334	-0.44	0.543811274509804	0	0	0	1	-0.6337459341157986	0.0064264110723297645	NO	Q8WXI2
967	G	967	35.326	41.362	86.63	-0.44	0.54029304029304	0	0	0	1	-0.8693483168668379	-0.23894520351634121	NO	Q8WXI2
968	E	968	38.173	39.716	88.495	-0.44	0.536800486618005	0	0	0	1	-0.6950377495957897	0.26714785987629935	NO	Q8WXI2
969	V	969	37.87	36.615	86.389	-0.44	0.537683823529412	0	0	0	1	-0.5666028585825063	0.5647540573682072	NO	Q8WXI2
970	A	970	37.946	38.746	83.29	-0.44	0.469641060046964	0	0	0	1	-1.0090913531239045	-0.035334167307526865	NO	Q8WXI2
971	I	971	41.124	40.437	84.399	-0.44	0.469641060046964	0	0	0	1	-1.0490945383786228	0.4477341447621657	NO	Q8WXI2
972	I	972	42.53	37.07	85.317	-0.44	0.467532467532468	0	0	0	1	-0.8244343515538134	1.122926198807655	NO	Q8WXI2
973	D	973	41.835	35.901	81.798	-0.44	0.463171864631719	1	0	0	1	-0.9675355063202717	1.0589794612128047	NO	Q8WXI2
974	K	974	43.658	38.933	80.474	-0.44	0.466577540106952	0	0	0	1	-1.2682382306552926	0.6373497438923255	NO	Q8WXI2
975	V	975	46.659	37.984	82.524	-0.44	0.461487603305785	0	0	0	1	-1.1742913876192251	0.8683496999754963	NO	Q8WXI2
976	L	976	46.096	34.536	81.053	-0.44	0.379347826086957	0	0	0	1	-0.994463114280744	1.1594698400685868	NO	Q8WXI2
977	D	977	46.237	35.643	77.443	-0.44	0.457815565729235	2	0	0	1	-1.2638505761848122	1.0319307763679435	NO	Q8WXI2
978	N	978	49.469	37.22	78.352	2.19	0.503971119133574	0	0	0	1	-1.3439806571879176	0.9613632127356203	NO	Q8WXI2
979	P	979	51.736	34.673	79.773	3.69	0.454871293580971	0	0	0	1	-1.1485581209123996	1.3445385345257272	NO	Q8WXI2
980	D	980	51.506	36.259	83.178	1.06	0.522700119474313	1	0	0	1	-1.169360241852201	1.2016818841606578	NO	Q8WXI2
981	L	981	49.411	33.562	84.847	3.69	0.523081534772182	0	0	0	1	-0.8897310485966002	1.4499880258787243	NO	Q8WXI2
982	T	982	48.769	29.96	84.024	1.81	0.575682382133995	0	0	0	1	-0.8580166660181097	1.5748935395914485	NO	Q8WXI2
983	S	983	45.86	27.59	84.32	1.81	0.620567375886525	0	0	0	1	-0.7478440769942971	1.8856524381658772	NO	Q8WXI2
984	K	984	46.561	26.346	87.793	1.06	0.672597864768683	0	0	0	1	-0.35566573897222453	2.2136596421556862	NO	Q8WXI2
985	E	985	46.718	29.791	89.271	1.44	0.71377732587697	0	0	0	1	-0.4709703004910448	1.8969390809712439	NO	Q8WXI2
986	F	986	43.538	30.446	87.377	2.94	0.716845878136201	0	0	0	1	-0.6567558044896392	1.3578890205869323	NO	Q8WXI2
987	Q	987	41.889	27.439	88.94	2.19	0.716326530612245	0	0	0	1	-0.2606135923657332	1.8570596097256147	NO	Q8WXI2
988	Q	988	43.041	28.395	92.389	2.19	0.800151975683891	0	0	0	1	-0.021150719338899872	2.0132578938830226	NO	Q8WXI2
989	W	989	41.978	31.964	91.912	2.19	0.805287239450941	0	0	0	1	-0.34840399472378036	1.1135557771363551	NO	Q8WXI2
990	K	990	38.481	30.931	91.048	3.69	0.808163265306123	0	0	0	1	-0.19388813619057177	0.8331729965654368	NO	Q8WXI2
991	Q	991	38.525	28.71	94.069	1.06	0.780141843971631	0	0	0	1	0.34935450266848633	1.3257021709866867	NO	Q8WXI2
992	M	992	39.625	31.565	96.322	2.19	0.915366430260047	1	0	0	1	0.340768106787601	1.0948349989365203	NO	Q8WXI2
993	Y	993	37.037	33.941	94.944	2.19	0.867232411716397	0	0	0	1	-0.014253066306951279	0.5123284697405718	NO	Q8WXI2
994	L	994	34.378	31.303	95.488	0.68	0.811059907834101	0	0	0	1	0.1812617744014062	0.4268025526503949	NO	Q8WXI2
995	D	995	35.391	31.186	99.111	-0.44	0.867383512544803	1	0	0	1	0.626504862250177	0.5775969290403844	NO	Q8WXI2
996	L	996	34.891	34.891	99.19	-0.44	0.92520908004779	0	0	0	1	0.3263761183146365	0.10297850998005716	NO	Q8WXI2
997	F	997	31.453	34.658	97.638	-0.44	0.915366430260047	1	0	0	1	0.10369912985743945	-0.19585530942829701	NO	Q8WXI2
998	L	998	30.245	32.073	100.079	-0.44	0.887394957983193	1	0	0	1	0.5680456850023051	-0.23659282954217006	NO	Q8WXI2
999	D	999	31.814	33.762	103.055	-0.44	0.890575585072739	1	0	0	1	0.7483489448246584	-0.3182526802953842	NO	Q8WXI2
1000	I	1000	30.201	37.062	102.253	-0.44	0.890575585072739	1	0	0	1	0.25616191627308627	-0.6169187472926341	NO	Q8WXI2
1001	C	1001	26.874	35.361	101.642	-0.44	0.897005733701423	0	0	0	1	0.32117800963696924	-0.7477470611822697	NO	Q8WXI2
1002	Q	1002	27.031	33.677	105.005	-0.44	0.899554045444893	0	0	0	1	0.8163605352990052	-0.7983112209503124	NO	Q8WXI2
1003	N	1003	27.779	36.967	106.645	-0.44	0.923711755233494	1	0	0	1	0.6562789568262813	-0.7983112209503124	NO	Q8WXI2
1004	T	1004	24.996	38.808	104.87	-0.44	0.978047740835465	0	0	0	1	0.43231404488086256	-0.7983112209503124	NO	Q8WXI2
1005	T	1005	22.2	36.322	105.363	-0.44	0.993983152827918	0	0	0	1	0.8185763043137343	-0.7983112209503124	NO	Q8WXI2
1006	S	1006	22.574	35.926	109.055	-0.44	1.00040257648953	1	0	0	1	1.313501715583447	-0.7983112209503124	NO	Q8WXI2
1007	N	1007	23.838	38.568	111.343	-0.44	1.01544622425629	1	0	0	1	0.9811906172409177	-0.7983112209503124	NO	Q8WXI2
1008	D	1008	24.384	37.515	114.889	-0.44	1.00854700854701	0	0	0	1	1.4722643878994746	-0.7983112209503124	NO	Q8WXI2
1009	P	1009	26.629	39.729	116.842	-0.44	1.0093954248366	0	0	0	1	1.6370174571048786	-0.7983112209503124	NO	Q8WXI2
1010	L	1010	29.438	38.051	118.707	-0.44	1.09907120743034	1	0	0	1	1.9507287852496722	-0.7983112209503124	NO	Q8WXI2
1011	S	1011	31.8	39.745	121.06	-0.44	1.08762254901961	0	0	0	1	2.0078672595220977	-0.7983112209503124	NO	Q8WXI2
1012	I	1012	32.553	39.683	124.714	-0.44	1.09471094710947	0	0	0	1	2.056408733257843	-0.7983112209503124	NO	Q8WXI2
1013	S	1013	33.444	43.046	126.075	-0.44	1.08583877995643	1	0	0	1	2.047020876637103	-0.7983112209503124	NO	Q8WXI2
1014	S	1014	32.281	45.516	128.618	-0.44	1.07731481481481	0	0	0	1	2.0124797989593772	-0.7983112209503124	NO	Q8WXI2
1015	E	1015	30.168	48.523	127.836	-0.44	1.07410037878788	0	0	0	1	1.961727511273317	-0.7983112209503124	NO	Q8WXI2
1016	V	1016	31.102	51.222	130.242	-0.44	1.0625	0	0	0	1	1.788819422378057	-0.7983112209503124	NO	Q8WXI2
1017	D	1017	30.536	54.907	130.468	-0.44	0.993	0	0	0	1	1.6279001552151187	-0.7983112209503124	NO	Q8WXI2
1018	V	1018	32.249	56.751	133.258	-0.44	0.997933884297521	1	0	0	1	1.4749611773175622	-0.7983112209503124	NO	Q8WXI2
1019	I	1019	34.654	59.621	133.212	-0.44	0.914724576271187	0	0	0	1	1.3568617392803108	-0.7983112209503124	NO	Q8WXI2
1020	T	1020	37.611	59.97	135.508	-0.44	0.891812865497076	1	0	0	1	1.223558212244308	-0.7983112209503124	NO	Q8WXI2
1021	S	1021	41.067	61.393	135.242	-0.44	0.892911010558069	0	0	0	1	1.1529561832222126	-0.7983112209503124	NO	Q8WXI2
1022	S	1022	44.315	60.036	136.47	-0.44	0.931703810208483	1	0	0	1	1.119313897879065	-0.7983112209503124	NO	Q8WXI2
1023	L	1023	46.671	62.034	138.568	-0.44	0.901771336553945	0	0	0	1	1.1479361817842642	-0.7983112209503124	NO	Q8WXI2
1024	A	1024	50.249	60.969	138.529	-0.44	0.90787269681742	0	0	0	1	1.126820154685015	-0.7983112209503124	NO	Q8WXI2
1025	H	1025	52.495	62.481	141.119	-0.44	0.98728214790391	2	0	0	1	1.145402780668082	-0.7983112209503124	NO	Q8WXI2
1026	T	1026	50.872	64.385	143.901	-0.44	0.901960784313725	0	0	0	1	1.186531706500227	-0.7983112209503124	NO	Q8WXI2
1027	H	1027	49.313	67.474	142.427	-0.44	0.896174863387978	0	0	0	1	1.2162073831846172	-0.7983112209503124	NO	Q8WXI2
1028	S	1028	48.386	70.287	144.725	-0.44	0.902857142857143	0	0	0	1	1.2354526884603565	-0.7983112209503124	NO	Q8WXI2
1029	Y	1029	44.815	71.392	144.378	-0.44	0.97519247219846	0	0	0	1	1.2419482820830992	-0.7983112209503124	NO	Q8WXI2
1030	I	1030	44.437	75.106	144.554	-0.44	0.971606033717835	0	0	0	1	1.306354003100492	-0.7983112209503124	NO	Q8WXI2
1031	E	1031	41.52	76.657	146.368	-0.44	0.961538461538461	0	0	0	1	1.3644867310195388	-0.7983112209503124	NO	Q8WXI2
1032	T	1032	40.863	80.272	145.721	-0.44	0.97007722007722	0	0	0	1	1.4419871795144836	-0.7983112209503124	NO	Q8WXI2
