Uniprot_position	aminoacid	Position_in_structure	x	y	z	paraz	mtr	gscount	pscount	OR	pvalue	mtr3dscore	paraz3dscore	HotSpot3D	Uniprot
1	M	1	9.54	-1.928	54.572	-1.5	1.26923076923077	0	0	0	1	6.050623868151684	-4.78215073871309	NO	Q92769
2	A	2	10.804	1.477	53.661	-1.5	1.26086956521739	0	0	0	1	5.503421990209452	-4.78215073871309	NO	Q92769
3	Y	3	13.624	1.465	51.197	-1.5	1.25694444444444	0	0	0	1	4.614303016178942	-4.127783715987114	NO	Q92769
4	S	4	16.644	3.648	51.514	-1.5	1.25333333333333	0	0	0	1	4.837802379633934	-4.344886793620499	NO	Q92769
5	Q	5	17.141	6.054	48.691	-1.5	1.25	0	0	0	1	4.207044944856034	-3.690519770894523	NO	Q92769
6	G	6	18.677	4.382	45.723	-1.5	0.840579710144928	1	0	0	1	3.4036016021300504	-2.8785375816920693	NO	Q92769
7	G	7	17.958	2.705	42.442	-1.5	0.837301587301587	0	0	0	1	2.495142736270632	-2.182621681454011	NO	Q92769
8	G	8	19.546	-0.111	40.621	-0.07	0.842911877394636	0	0	0	1	2.128737390610802	-1.981215258259848	NO	Q92769
9	K	9	19.486	-2.944	38.164	-0.55	0.838827838827839	0	0	0	1	1.182628543613022	-1.1792006696584514	NO	Q92769
10	K	10	15.987	-4.245	37.629	-0.31	0.843971631205674	0	0	0	1	1.0428416106255962	-0.7654380235128946	NO	Q92769
11	K	11	14.744	-7.728	36.853	-0.55	0.835871404399323	0	0	0	1	1.0687903603074662	-0.41481145681860226	NO	Q92769
12	V	12	13.208	-8.047	33.412	0.17	0.833333333333333	0	0	0	1	0.7136819693983503	-0.3933598851174487	NO	Q92769
13	C	13	10.835	-10.724	32.142	0.4	0.838095238095238	0	0	0	1	0.670235384700188	0.01843012734863907	NO	Q92769
14	Y	14	10.457	-11.13	28.394	1.12	0.834862385321101	0	0	0	1	0.4756619863164818	0.27720035620749733	NO	Q92769
15	Y	15	7.517	-12.765	26.63	0.17	0.836309523809524	0	0	0	1	0.27363379919207714	0.07959286156179751	NO	Q92769
16	Y	16	7.773	-14.355	23.21	1.12	0.836940836940837	0	0	0	1	-0.06755697620922242	0.05614641997376448	NO	Q92769
17	D	17	6.153	-17.168	21.249	0.17	0.841068917018284	0	0	0	1	-0.1336822037074284	0.013183188135319877	NO	Q92769
18	G	18	8.05	-18.571	18.259	0.17	0.834688346883469	0	0	0	1	-0.3497994220442434	-0.19170256634783342	NO	Q92769
19	D	19	4.853	-18.832	16.217	0.64	0.628968253968254	0	0	0	1	-0.40138630428745936	-0.25944437171989704	NO	Q92769
20	I	20	4.14	-15.095	16.234	-0.07	0.626923076923077	1	0	0	1	-0.5421183028399603	-0.04900570780945861	NO	Q92769
21	G	21	6.462	-14.219	13.342	0.4	0.625	0	0	0	1	-0.6759693083345019	-0.2906943116980812	NO	Q92769
22	N	22	4.593	-16.652	11.072	0.64	0.417274939172749	0	0	0	1	-0.8747121829890191	-0.5799498337308382	NO	Q92769
23	Y	23	1.198	-14.93	11.176	0.4	0.418803418803419	0	0	0	1	-0.8422520066508676	-0.6269306885059912	NO	Q92769
24	Y	24	0.65	-12.964	7.977	-0.31	0.420343137254902	0	0	0	1	-1.0482869046705396	-0.38346344853017195	NO	Q92769
25	Y	25	-1.891	-10.159	7.527	-1.5	0.420343137254902	0	0	0	1	-1.1988692005822295	-0.29820773812724455	NO	Q92769
26	G	26	-2.041	-10.351	3.746	-1.5	0.420664206642066	0	0	0	1	-1.2991332184783533	-0.4869752967080089	NO	Q92769
27	Q	27	-0.393	-9.138	0.574	-0.55	0.315257352941176	0	0	0	1	-1.0917148877766645	-1.530700890588693	NO	Q92769
28	G	28	0.345	-5.431	0.568	0.4	0.314575645756458	0	0	0	1	-1.190076357840627	-1.1974802044413893	NO	Q92769
29	H	29	-0.499	-5.089	4.25	-0.31	0.312730627306273	0	0	0	1	-1.4418987494223467	-0.5664778321793891	NO	Q92769
30	P	30	1.899	-2.939	6.258	0.17	0.313888888888889	0	0	0	1	-1.1554088897064057	0.07135447519214007	NO	Q92769
31	M	31	1.531	-4.772	9.568	0.17	0.251111111111111	0	0	0	1	-0.8826201012823334	0.013902668094336917	NO	Q92769
32	K	32	4.116	-7.534	9.638	-0.07	0.25	0	0	0	1	-0.6459996508487451	-0.33079785936762174	NO	Q92769
33	P	33	4.313	-9.66	12.75	1.12	0.248351648351648	0	0	0	1	-0.3338095194752638	-0.08130851314891487	NO	Q92769
34	H	34	7.65	-10.968	11.483	0.64	0.249084249084249	0	0	0	1	-0.3377581959340214	-0.1052612001178563	NO	Q92769
35	R	35	9.253	-7.859	12.951	1.12	0.207570207570208	0	0	0	1	-0.2411121674123211	0.39806709884315916	NO	Q92769
36	I	36	8.86	-9.344	16.424	0.17	0	0	0	0	1	0.08028077073400498	0.47235529797997927	NO	Q92769
37	R	37	10.848	-12.414	15.346	-0.55	0	0	0	0	1	0.0715073603274615	0.11606882227475325	NO	Q92769
38	M	38	13.532	-10.129	13.974	0.64	0	0	0	0	1	0.1268035083387269	0.09100062580794974	NO	Q92769
39	T	39	13.737	-8.317	17.286	0.17	0.249454545454546	0	0	0	1	0.061291905617352004	0.43267198112930766	NO	Q92769
40	H	40	13.938	-11.614	19.12	1.12	0.251282051282051	0	0	0	1	0.11578503571187355	0.4163902861434654	NO	Q92769
41	N	41	16.757	-12.906	16.937	0.64	0.252205882352941	0	0	0	1	-0.23451299495041278	0.3418895987448937	NO	Q92769
42	L	42	18.736	-9.702	17.378	1.12	0.252014652014652	0	0	0	1	-0.048150109593125795	0.3420934513999485	NO	Q92769
43	L	43	18.297	-9.793	21.128	0.64	0.420343137254902	0	0	0	1	-0.16657354417920298	0.39884289437251763	NO	Q92769
44	L	44	19.622	-13.316	21.204	-0.31	0.42002442002442	0	0	0	1	-0.5699974566095874	0.23356543404345514	NO	Q92769
45	N	45	22.678	-12.41	19.115	-0.79	0.417874396135266	0	0	0	1	-0.35570504900190736	0.33658942971346845	NO	Q92769
46	Y	46	23.395	-9.349	21.236	1.12	0.420289855072464	0	0	0	1	-0.2496392888452352	0.15755056336014786	NO	Q92769
47	G	47	23.428	-11.695	24.193	0.88	0.31294964028777	0	0	0	1	-0.3936682176936333	0.08487217125177533	NO	Q92769
48	L	48	20.562	-9.872	25.901	1.12	0.313176895306859	0	0	0	1	-0.12245225394669025	0.06426626522552797	NO	Q92769
49	Y	49	18.554	-13.045	26.084	0.4	0.276383910792513	0	0	0	1	-0.11096846723533957	0.13477530120919548	NO	Q92769
50	R	50	21.064	-14.342	28.615	0.64	0.310931899641577	0	0	0	1	-0.15551049064040626	-0.12615609726097546	NO	Q92769
51	K	51	20.358	-11.354	30.934	0.17	0.274416765519968	0	0	0	1	0.3213240458915248	-0.38186886776174317	NO	Q92769
52	M	52	16.602	-11.724	31.291	1.12	0.275587415372362	0	0	0	1	0.5179594155541045	-0.36628046611175796	NO	Q92769
53	E	53	14.056	-14.404	32.043	-0.55	0.275779376498801	0	0	0	1	0.7011121098275003	-0.17149292774516772	NO	Q92769
54	I	54	12.362	-15.593	28.893	0.64	0.370967741935484	0	0	0	1	0.4695630610286688	0.1565195844150432	NO	Q92769
55	Y	55	8.824	-16.909	28.988	-0.07	0.449967298888162	0	0	0	1	0.47588474943941833	0.01637767915335538	NO	Q92769
56	R	56	6.48	-18.355	26.417	0.64	0.448051948051948	0	0	0	1	0.6111901940857234	-0.16912196455714545	NO	Q92769
57	P	57	3.058	-16.946	26.966	1.12	0.451275343361674	0	0	0	1	0.360984880630995	0.0018854082383229023	NO	Q92769
58	H	58	0.026	-19.203	27.117	0.17	0.498194945848376	1	0	0	1	0.10052746264867894	-0.14654136276645763	NO	Q92769
59	K	59	-2.731	-18.534	24.631	-0.55	0.573195187165775	0	0	0	1	0.08361290259568302	-0.0818909493062144	NO	Q92769
60	A	60	-5.252	-16.213	26.225	1.12	0.571095571095571	0	0	0	1	-0.3311456746040049	0.04481709730113255	NO	Q92769
61	T	61	-8.716	-17.732	26.332	0.64	0.573633009057363	0	0	0	1	0.04149674492015576	-0.10259979045464065	NO	Q92769
62	A	62	-12.1	-16.224	25.554	-0.07	0.529739776951673	0	0	0	1	0.5082929636897888	0.03692602678288139	NO	Q92769
63	E	63	-12.767	-15.976	29.257	-0.07	0.632841328413284	0	0	0	1	0.8477413225496181	0.029201084065014545	NO	Q92769
64	E	64	-9.836	-13.597	29.733	0.64	0.625912408759124	0	0	0	1	-0.07966211363373861	0.3035652995945875	NO	Q92769
65	M	65	-10.596	-11.598	26.585	1.12	0.620503597122302	0	0	0	1	-0.035207088211663295	0.20874469318623068	NO	Q92769
66	T	66	-14.197	-11.081	27.669	0.17	0.714285714285714	0	0	0	1	0.49328086843794905	0.3549361686684025	NO	Q92769
67	K	67	-13.11	-9.255	30.788	-0.07	0.713769984528107	0	0	0	1	0.14458291622773992	0.6965026173602581	NO	Q92769
68	Y	68	-13.18	-6.19	28.547	0.64	0.709644146467251	0	0	0	1	0.18398615864631104	0.5966814348981196	NO	Q92769
69	H	69	-14.592	-7.281	25.189	1.12	0.706122448979592	1	0	0	1	0.300727066204846	0.5689814564759644	NO	Q92769
70	S	70	-18.122	-8.327	24.328	0.64	0.664932931836846	1	0	0	1	0.7145226584422022	0.29622660401261397	NO	Q92769
71	D	71	-19.061	-11.966	24.409	0.64	0.662575013638843	0	0	0	1	1.2586050028070812	0.014793452805500866	NO	Q92769
72	E	72	-20.309	-11.568	20.849	-0.55	0.659804983748646	0	0	0	1	0.9383305128982223	-0.2076971592829039	NO	Q92769
73	Y	73	-17.181	-9.893	19.525	1.12	0.662575013638843	1	0	0	1	0.41945971378935504	0.11260632497198375	NO	Q92769
74	I	74	-14.801	-12.53	20.853	0.88	0.617437722419929	1	0	0	1	0.503262539553045	0.3255813863405082	NO	Q92769
75	K	75	-17.135	-15.261	19.664	-0.31	0.615248226950355	0	0	0	1	1.038038211536496	-0.09703428939600112	NO	Q92769
76	F	76	-16.94	-13.725	16.202	0.17	0.61443661971831	0	0	0	1	0.33010757826853654	-0.2264036382173464	NO	Q92769
77	L	77	-13.146	-13.617	16.276	1.12	0.61660777385159	0	0	0	1	-0.13741798610477607	0.14089088086084026	NO	Q92769
78	R	78	-12.94	-17.201	17.45	0.4	0.740425531914894	1	0	0	1	0.18473971753020166	0.06313565386135843	NO	Q92769
79	S	79	-15.246	-18.289	14.612	-0.31	0.740925266903915	0	0	0	1	0.7135475341809719	-0.3564280564109014	NO	Q92769
80	I	80	-14.131	-16.208	11.636	0.64	0.822695035460993	0	0	0	1	0.2175058392047195	-0.14246430966536125	NO	Q92769
81	R	81	-11.829	-17.725	9.035	-0.07	0.735689045936396	1	0	0	1	0.19146090051730696	-0.2155251012370091	NO	Q92769
82	P	82	-11.032	-17.092	5.424	0.17	0.817432273262662	0	0	0	1	0.10999135422131937	-0.6072483631903534	NO	Q92769
83	D	83	-13.133	-20.14	4.612	0.17	0.735689045936396	0	0	0	1	0.9175923301257417	-0.8975345439884186	NO	Q92769
84	N	84	-16.401	-18.78	5.924	0.17	0.735211267605634	0	0	0	1	0.9386856773022517	-0.9306945758773362	NO	Q92769
85	M	85	-15.67	-15.165	5.117	-0.31	0.680311890838207	0	0	0	1	0.4745600624166599	-0.5267708802382761	NO	Q92769
86	S	86	-18.51	-15.017	2.615	-0.07	0.619217081850534	0	0	0	1	0.8952774651756942	-0.6312010501592948	NO	Q92769
87	E	87	-21.049	-16.216	5.157	-0.55	0.619217081850534	0	0	0	1	1.4438221841288053	-0.9118624734579861	NO	Q92769
88	Y	88	-20.022	-13.671	7.803	0.17	0.618794326241135	0	0	0	1	0.4120769261522709	-0.6788626872270036	NO	Q92769
89	S	89	-20.197	-10.517	5.662	0.17	0.618374558303887	0	0	0	1	0.12193133304794533	-0.7836735701105257	NO	Q92769
90	K	90	-22.888	-8.884	7.779	-0.07	0.530035335689046	0	0	0	1	-0.11184131191624595	-0.8131395447957227	NO	Q92769
91	Q	91	-20.965	-9.42	11.024	0.4	0.464095744680851	0	0	0	1	0.3328643624844432	-0.6118146626635813	NO	Q92769
92	M	92	-17.73	-8.323	9.414	0.64	0.4644128113879	0	0	0	1	0.005509808401000436	-0.3357166266573316	NO	Q92769
93	Q	93	-19.124	-4.865	8.767	0.17	0.623214285714286	0	0	0	1	-0.6586785772008406	-0.22771178359737723	NO	Q92769
94	R	94	-20.444	-4.565	12.306	-1.5	0.251079136690648	0	0	0	1	-0.30249784568216587	-0.31641857531214185	NO	Q92769
95	F	95	-17.063	-5.526	13.827	0.64	0.209987966305656	0	0	0	1	-0.305010490917065	0.25988258779712575	NO	Q92769
96	N	96	-14.988	-3.617	11.249	0.17	0.211352657004831	0	0	0	1	-0.7060217953303095	0.46067651361296774	NO	Q92769
97	V	97	-13.122	-6.683	10.105	0.64	0	0	0	0	1	-0.5747808153024001	0.17740962792351814	NO	Q92769
98	G	98	-12.259	-6.993	6.431	1.12	0	0	0	0	1	-0.6054982655420598	-0.19470155252315904	NO	Q92769
99	E	99	-10.395	-3.974	5.093	-0.31	0	0	0	0	1	-1.400944303626681	-0.1226614803171785	NO	Q92769
100	D	100	-8.535	-2.086	7.761	1.12	0.211352657004831	0	0	0	1	-1.3726206564460626	0.33571577547751924	NO	Q92769
101	C	101	-8.271	-5.192	9.878	1.12	0.181960375391032	0	0	0	1	-1.26488837534023	0.20816225702893115	NO	Q92769
102	P	102	-8.241	-8.099	7.507	1.12	0.319343065693431	0	0	0	1	-1.0141127266996754	-0.10565434452403347	NO	Q92769
103	V	103	-9.23	-11.69	8.072	0.4	0.283860502838605	0	0	0	1	-0.48921361589797374	-0.2867292655503115	NO	Q92769
104	F	104	-6.216	-13.957	7.848	-0.07	0.284086284086284	0	0	0	1	-0.7634190984970884	-0.3177775930125074	NO	Q92769
105	D	105	-5.313	-17.518	8.753	-0.31	0.257037037037037	0	0	0	1	0.035607839054819485	-0.5124568785898616	NO	Q92769
106	G	106	-4.493	-17.86	12.435	1.12	0.257992565055762	0	0	0	1	-0.08662084056482125	-0.556511702376709	NO	Q92769
107	L	107	-5.938	-14.458	13.298	0.88	0.259176029962547	0	0	0	1	-0.7294426513474142	-0.17414883662245342	NO	Q92769
108	F	108	-7.411	-15.603	16.612	1.12	0.259176029962547	0	0	0	1	-0.20239274249072847	-0.1723626990734016	NO	Q92769
109	E	109	-4.214	-17.346	17.68	0.64	0.235413839891452	0	0	0	1	-0.19078497214389967	-0.19509535878860593	NO	Q92769
110	F	110	-2.275	-14.17	16.934	0.64	0.237183868762816	0	0	0	1	-0.4288529481722295	0.02497931304478495	NO	Q92769
111	C	111	-4.613	-12.343	19.288	0.64	0.236976506639428	0	0	0	1	-0.4291183122506107	0.3532682833088629	NO	Q92769
112	Q	112	-4.169	-15.034	21.918	-0.07	0.259479553903346	0	0	0	1	-0.29356517523836856	0.25378117551146956	NO	Q92769
113	L	113	-0.374	-14.733	21.93	-0.79	0.262406015037594	1	0	0	1	0.012310780500532552	0.24057482918264766	NO	Q92769
114	S	114	-0.408	-10.954	21.873	-0.55	0.293501048218029	0	0	0	1	-0.21126771812052772	0.4249655513460585	NO	Q92769
115	T	115	-2.869	-10.845	24.764	0.17	0.292134831460674	1	0	0	1	-0.08907631358909245	0.42544520465207	NO	Q92769
116	G	116	-1.297	-13.707	26.688	1.12	0.29156223893066	0	0	0	1	-0.11570071702232518	0.1353189082893417	NO	Q92769
117	G	117	2.046	-11.95	26.844	0.88	0.396590909090909	1	0	0	1	0.18276073804710272	0.2209493781187336	NO	Q92769
118	S	118	0.582	-8.764	28.262	0.64	0.396958174904943	0	0	0	1	-0.03627300920673948	0.4803611477057687	NO	Q92769
119	V	119	-1.667	-10.454	30.799	0.64	0.481161424127204	0	0	0	1	-0.10204814273713697	0.37995444906149395	NO	Q92769
120	A	120	1.022	-12.858	31.986	-0.07	0.483455242075932	0	0	0	1	0.1592358241534047	0.14670813955386794	NO	Q92769
121	G	121	3.396	-9.944	32.411	0.4	0.483455242075932	0	0	0	1	0.32013973210423446	0.1439486706866625	NO	Q92769
122	A	122	0.809	-8.01	34.387	1.12	0.531297709923664	0	0	0	1	0.0186564616881185	0.2237765029480237	NO	Q92769
123	V	123	0.299	-10.959	36.708	-0.07	0.531297709923664	0	0	0	1	0.2247456914331164	0.03544346201884632	NO	Q92769
124	K	124	4.078	-11.227	37.018	-0.31	0.527756653992396	0	0	0	1	0.6632098082192244	-0.19186860018452956	NO	Q92769
125	L	125	4.187	-7.57	38.067	1.12	0.586938083121289	0	0	0	1	0.3323343447706241	-0.1872017031530679	NO	Q92769
126	N	126	1.316	-7.926	40.538	-0.07	0.666666666666667	0	0	0	1	0.08900258245804539	-0.17656329923816766	NO	Q92769
127	R	127	3.017	-10.954	42.072	-0.31	0.661538461538462	0	0	0	1	0.5398473739566878	-0.3850489691805983	NO	Q92769
128	Q	128	6.017	-8.67	42.592	-0.55	0.661538461538462	0	0	0	1	0.979393473570867	-0.4869752967080089	NO	Q92769
129	Q	129	8.155	-11.27	40.869	0.17	0.66796875	0	0	0	1	1.1815217003239096	-0.8169253798181694	NO	Q92769
130	T	130	9.619	-8.825	38.344	0.4	0.673228346456693	0	0	0	1	1.1071354484035048	-0.434381311703865	NO	Q92769
131	D	131	10.453	-5.117	38.084	-0.07	0.577052868391451	0	0	0	1	1.025091116455857	-0.48669982014712404	NO	Q92769
132	M	132	9.844	-4.938	34.356	0.4	0.673228346456693	1	0	0	1	0.7545265002049434	-0.1243028913059317	NO	Q92769
133	A	133	7.934	-7.108	31.915	1.12	0.449275362318841	0	0	0	1	0.5583407871651306	0.12628837434568882	NO	Q92769
134	V	134	8.316	-6.908	28.148	0.64	0.539130434782609	1	0	0	1	0.3661841207969576	0.3706289768311132	NO	Q92769
135	N	135	5.921	-8.022	25.411	1.12	0.533852140077821	0	0	0	1	0.08397055486243986	0.44846856334061447	NO	Q92769
136	W	136	6.766	-6.738	21.922	1.12	0.662162162162162	0	0	0	1	-0.10028135877453734	0.558481121602386	NO	Q92769
137	A	137	3.852	-8.717	20.469	0.4	0.659615384615385	0	0	0	1	-0.35278662474642386	0.42787835505892735	NO	Q92769
138	G	138	1.352	-6.647	22.472	1.12	0.527692307692308	0	0	0	1	-0.41971723043793047	0.7176370849313264	NO	Q92769
139	G	139	0.597	-2.92	22.598	1.12	0.658396946564885	0	0	0	1	-0.5187686207905856	0.996232638805569	NO	Q92769
140	L	140	-2.3	-3.095	20.125	0.17	0.658396946564885	0	0	0	1	-0.6638213604809933	1.0310746549542331	NO	Q92769
141	H	141	-4.028	0.105	21.304	1.12	0.562194459532863	0	0	0	1	-0.538815150572415	1.1914515343521859	NO	Q92769
142	H	142	-6.772	0.778	18.71	1.12	0.561688311688312	0	0	0	1	-0.6307514968534803	1.2606108482421938	NO	Q92769
143	A	143	-9.033	-2.172	19.553	1.12	0.557951482479784	0	0	0	1	-0.41758989425327564	1.0686922649003496	NO	Q92769
144	K	144	-12.401	-1.286	21.047	1.12	0.556818181818182	0	0	0	1	-0.16678721025256285	1.0114519085692806	NO	Q92769
145	K	145	-14.914	-3.197	23.143	1.12	0.562704471101418	0	0	0	1	0.08781745970601189	0.8756340932941455	NO	Q92769
146	S	146	-16.887	-4.471	20.193	-0.79	0.560064935064935	0	0	0	1	0.11113105343368126	0.45945698453287437	NO	Q92769
147	E	147	-14.828	-3.551	17.172	1.12	0.490935114503817	0	0	0	1	-0.377649566606762	0.6650320310047361	NO	Q92769
148	A	148	-11.446	-4.027	15.52	1.12	0.369495166487648	0	0	0	1	-0.6313147813059553	0.6802188917612846	NO	Q92769
149	S	149	-9.605	-0.9	14.45	1.12	0.369495166487648	0	0	0	1	-0.9750904571879906	0.8434180933435176	NO	Q92769
150	G	150	-6.233	0.106	13.019	1.12	0.18544474393531	0	0	0	1	-1.062540145051779	0.9957130143907235	NO	Q92769
151	F	151	-4.794	-3.411	12.731	1.12	0.18544474393531	0	0	0	1	-0.9741613652575865	0.5934437750825433	NO	Q92769
152	C	152	-5.793	-4.153	16.345	1.12	0.186477644492912	0	0	0	1	-0.7084149835721549	0.7719333672410087	NO	Q92769
153	Y	153	-8.342	-6.887	17.104	1.12	0.187534473248759	0	0	0	1	-0.7186196150544214	0.7838421549037461	NO	Q92769
154	V	154	-7.971	-7.441	20.848	0.64	0.186813186813187	1	0	0	1	-0.3324178992597274	0.6711672328370811	NO	Q92769
155	N	155	-6.872	-4.7	23.188	1.12	0.185387131952017	0	0	0	1	-0.1422602526116899	0.8559244537311308	NO	Q92769
156	D	156	-4.159	-6.487	25.104	1.12	0.186097427476738	0	0	0	1	-0.19060893108659527	0.8183089345814766	NO	Q92769
157	I	157	-3.338	-3.275	26.943	0.17	0.186477644492912	0	0	0	1	-0.36757323610273696	1.0220526201596711	NO	Q92769
158	V	158	-6.754	-2.795	28.52	1.12	0.185768604019555	0	0	0	1	-0.09624717331325905	0.9560846365534706	NO	Q92769
159	L	159	-6.791	-6.381	29.729	0.88	0.184210526315789	0	0	0	1	-0.11943231757447641	0.5897744272915564	NO	Q92769
160	A	160	-3.299	-5.939	31.123	0.88	0.182687201274562	0	0	0	1	-0.330382236624054	0.5917129506528324	NO	Q92769
161	I	161	-4.398	-2.803	32.967	1.12	0.42716049382716	0	0	0	1	-0.48648099376926046	0.5567502971726754	NO	Q92769
162	L	162	-7.517	-4.479	34.332	1.12	0.384444444444444	0	0	0	1	-0.3759309114442782	0.6174102358795289	NO	Q92769
163	E	163	-5.25	-7.12	35.834	0.4	0.387313432835821	0	0	0	1	-0.3310974157195723	0.2196739363732035	NO	Q92769
164	L	164	-3.016	-4.413	37.33	1.12	0.387313432835821	0	0	0	1	-0.48189653678301025	0.16825005298661888	NO	Q92769
165	L	165	-6.04	-2.698	38.855	-0.31	0.387313432835821	0	0	0	1	-0.8239804915603778	0.5202677013197607	NO	Q92769
166	K	166	-6.461	-5.654	41.146	0.64	0.387313432835821	0	0	0	1	-0.582773897747798	0.09866425945662718	NO	Q92769
167	Y	167	-3.27	-4.75	43.04	0.17	0.386666666666667	0	0	0	1	-0.3323646097319152	-0.09863598882857466	NO	Q92769
168	H	168	-2.737	-1.109	42.089	0.17	0.386346863468635	0	0	0	1	-0.39747461550097407	0.16797416217526634	NO	Q92769
169	Q	169	-4.987	1.815	42.939	-0.31	0.426814268142681	0	0	0	1	-0.8055657636259735	0.36207101159532123	NO	Q92769
170	R	170	-3.637	4.025	40.167	1.12	0.31959706959707	0	0	0	1	-0.6909665215699707	0.5697459039324201	NO	Q92769
171	V	171	-2.174	2.813	36.888	0.64	0.364963503649635	0	0	0	1	-0.6683142192886211	0.5989769185768882	NO	Q92769
172	L	172	-0.433	5.148	34.467	1.12	0.425790754257908	0	0	0	1	-0.6448558259433105	0.6179060936891215	NO	Q92769
173	Y	173	-0.547	4.477	30.741	1.12	0.428571428571429	0	0	0	1	-0.5984526197173957	0.9585064379613298	NO	Q92769
174	I	174	1.94	6.194	28.41	0.64	0.431013431013431	0	0	0	1	-0.4054651549395836	0.8871164061094782	NO	Q92769
175	D	175	1.716	5.869	24.62	1.12	0.365424430641822	0	0	0	1	-0.4016647872290372	0.9732092801170245	NO	Q92769
176	I	176	4.679	6.841	22.356	0.88	0.483120437956204	2	0	0	1	-0.5585375479766673	0.9465248941540262	NO	Q92769
177	D	177	3.167	5.362	19.166	1.12	0.486672794117647	0	0	0	1	-0.6537498441232685	1.0026316499562204	NO	Q92769
178	I	178	2.648	7.954	16.422	0.88	0.559214020180563	0	0	0	1	-1.021847125655142	0.930060893354983	NO	Q92769
179	H	179	-1.095	7.21	16.417	1.12	0.48570110701107	0	0	0	1	-0.956182026679574	1.006432613190545	NO	Q92769
180	H	180	-3.39	8.286	19.265	1.12	0.482142857142857	0	0	0	1	-0.7710892412374457	1.0544543858437547	NO	Q92769
181	G	181	-4.056	5.536	21.808	1.12	0.547445255474453	0	0	0	1	-0.6258662067753575	1.18348395999122	NO	Q92769
182	D	182	-7.813	5.847	21.505	1.12	0.478021978021978	0	0	0	1	-0.6861000329369815	1.2022219313144407	NO	Q92769
183	G	183	-8.754	2.315	22.504	1.12	0.566544566544567	0	0	0	1	-0.4263597935084731	1.1854617174576052	NO	Q92769
184	V	184	-7.003	2.519	25.851	1.12	0.566544566544567	0	0	0	1	-0.4696723703004228	1.1339251145178921	NO	Q92769
185	E	185	-8.286	6.036	26.384	0.4	0.56447688564476906	0	0	0	1	-0.7928289743519626	1.0569478235641676	NO	Q92769
186	E	186	-11.876	5.13	25.564	0.64	0.558363417569194	0	0	0	1	-0.671578954357123	1.0796323573882916	NO	Q92769
187	A	187	-11.92	2.056	27.767	1.12	0.505797101449275	0	0	0	1	-0.36174761587550214	0.8170021867926637	NO	Q92769
188	F	188	-10.763	4.162	30.749	1.12	0.508695652173913	0	0	0	1	-0.8630944739144142	0.7224825057322449	NO	Q92769
189	Y	189	-12.383	7.491	29.786	-0.07	0.512408759124088	0	0	0	1	-1.1463427311545529	0.6666334541393225	NO	Q92769
190	T	190	-14.738	7.597	32.82	-0.31	0.516176470588235	0	0	0	1	-1.193993152739011	0.43470459890724533	NO	Q92769
191	T	191	-12.314	6.501	35.54	1.12	0.467153284671533	1	0	0	1	-1.1231876772973104	0.3087295668559762	NO	Q92769
192	D	192	-9.708	8.179	37.8	0.17	0.284671532846715	0	0	0	1	-0.9608924768633331	0.3091679596625457	NO	Q92769
193	R	193	-7.994	4.881	38.417	0.64	0.319746376811594	0	0	0	1	-0.9222405894187167	0.47798904408331266	NO	Q92769
194	V	194	-6.145	4.934	35.122	1.12	0.319244604316547	0	0	0	1	-0.9725645728519419	0.6318051383519504	NO	Q92769
195	M	195	-4.53	7.971	33.545	1.12	0.364850976361768	0	0	0	1	-0.7546619222280777	0.7142264732025246	NO	Q92769
196	T	196	-3.851	7.809	29.826	1.12	0.367494824016563	0	0	0	1	-0.8820918990109267	0.973688933423036	NO	Q92769
197	V	197	-1.135	9.999	28.328	1.12	0.322727272727273	0	0	0	1	-0.7596093898992029	0.9300608933549828	NO	Q92769
198	S	198	-0.635	10.065	24.572	1.12	0.325367647058824	1	0	0	1	-0.8124193148516983	1.0792335152370973	NO	Q92769
199	F	199	1.758	11.878	22.226	0.4	0.288398692810458	0	0	0	1	-0.691058835151471	0.8181587976014854	NO	Q92769
200	H	200	0.767	11.633	18.587	1.12	0.290534979423868	0	0	0	1	-1.085130624931975	0.9465829442693715	NO	Q92769
201	K	201	0.465	13.226	15.174	1.12	0.290788930194135	0	0	0	1	-1.045690831903133	0.9034071016369526	NO	Q92769
202	Y	202	-2.803	15.088	14.869	0.64	0.289136720363486	0	0	0	1	-1.018786158905233	0.8083044735103246	NO	Q92769
203	G	203	-4.582	16.644	11.888	0.4	0.289637952559301	0	0	0	1	-1.3876080002070983	0.8087121788204342	NO	Q92769
204	E	204	-5.817	14.523	8.985	-0.31	0.289637952559301	0	0	0	1	-1.4172642048365622	0.8156431690922983	NO	Q92769
205	Y	205	-4.331	11.445	10.54	-0.07	0.289637952559301	0	0	0	1	-1.333236127292439	0.8643905431271467	NO	Q92769
206	F	206	-5.627	8.201	12.03	1.12	0.2893864013267	0	0	0	1	-1.1888811383315159	1.042816567885391	NO	Q92769
207	P	207	-7.57	7.73	14.207	1.12	0.162639405204461	0	0	0	1	-0.9582512175621893	1.229708682039651	NO	Q92769
208	G	208	-8.795	11.324	14.176	1.12	0.162639405204461	0	0	0	1	-1.3063383277285805	1.1010368861690476	NO	Q92769
209	T	209	-8.992	11.665	17.958	1.12	0.1440329218107	0	0	0	1	-1.1531958352896785	0.7598297180186678	NO	Q92769
210	G	210	-6.726	12.871	20.767	1.12	0.1625	0	0	0	1	-1.0711072465227438	0.7501957377325924	NO	Q92769
211	D	211	-7.093	16.622	20.484	1.12	0.161305147058824	0	0	0	1	-1.2652293853456207	0.713462025746069	NO	Q92769
212	L	212	-5.767	18.864	23.261	0.4	0.161305147058824	0	0	0	1	-0.769704516640066	0.42313414781401526	NO	Q92769
213	R	213	-9.346	19.346	24.374	-0.55	0.16190036900369	0	0	0	1	-1.4579909127379527	0.5176105874021497	NO	Q92769
214	D	214	-9.849	15.612	24.969	0.64	0	0	0	0	1	-1.2487892493892174	0.6925161654391863	NO	Q92769
215	I	215	-9.562	15.584	28.772	0.64	0	0	0	0	1	-0.9551497432346445	0.2815492128486668	NO	Q92769
216	G	216	-11.892	12.752	29.799	1.12	0	0	0	0	1	-1.271014816924944	0.5159140072407257	NO	Q92769
217	A	217	-15.387	12.771	31.261	0.17	0	0	0	0	1	-1.4576032152931053	0.07070732390625178	NO	Q92769
218	G	218	-17.092	12.257	34.599	-0.55	0.159594095940959	0	0	0	1	-1.7388639144585123	0.0728040940725299	NO	Q92769
219	K	219	-14.756	10.814	37.198	-0.31	0.159340659340659	0	0	0	1	-1.4147016931768954	0.27639925103675556	NO	Q92769
220	G	220	-12.261	10.526	34.317	1.12	0.159466911764706	0	0	0	1	-1.0601776077159812	0.32482869961415184	NO	Q92769
221	K	221	-12.164	14.291	33.684	0.64	0.160055350553506	0	0	0	1	-0.9743300415956513	0.265241000444281	NO	Q92769
222	Y	222	-8.57	15.477	33.885	1.12	0.182773109243697	0	0	0	1	-0.5477327677997351	0.16825005298661888	NO	Q92769
223	Y	223	-7.42	11.886	33.615	1.12	0.182626896912611	0	0	0	1	-0.5751508208331543	0.546965369730044	NO	Q92769
224	A	224	-6.759	11.718	29.886	0.17	0.31959706959707	0	0	0	1	-0.814952413343947	0.6823148581053788	NO	Q92769
225	V	225	-3.808	13.718	28.627	0.64	0.427350427350427	0	0	0	1	-0.6456782725395093	0.6328697460282521	NO	Q92769
226	N	226	-3.18	14.301	24.936	1.12	0.428223844282238	0	0	0	1	-0.7021640835481958	0.770226693849852	NO	Q92769
227	F	227	-0.299	16.028	23.198	-0.07	0.388888888888889	0	0	0	1	-0.4231512642330915	0.5620504662041007	NO	Q92769
228	P	228	-1.174	16.677	19.562	1.12	0.386346863468635	0	0	0	1	-0.5988253197173073	0.5782332308207603	NO	Q92769
229	M	229	1.781	17.063	17.203	0.64	0.386346863468635	1	0	0	1	-0.36671626528168394	0.4186519752715837	NO	Q92769
230	R	230	2.664	18.029	13.655	0.4	0.424574209245742	0	0	0	1	-0.3917306256410618	0.24670894089384274	NO	Q92769
231	D	231	5.035	16.42	11.18	1.12	0.421497584541063	0	0	0	1	-0.6250437637162621	0.2831800340891052	NO	Q92769
232	G	232	8.788	16.06	11.563	1.12	0.419975932611312	0	0	0	1	-0.45825122365322524	0.35197103914033234	NO	Q92769
233	I	233	9.23	16.176	15.332	1.12	0.418772563176895	1	0	0	1	-0.28310634559034487	0.0601950615549927	NO	Q92769
234	D	234	12.864	15.634	16.318	0.17	0.417569193742479	0	0	0	1	-0.2343673514136169	-0.1858098215822811	NO	Q92769
235	D	235	14.526	14.009	19.315	1.12	0.420606060606061	0	0	0	1	-0.41592497605124645	-0.014291952799642408	NO	Q92769
236	E	236	15.3	17.412	20.787	0.4	0.377173913043478	0	0	0	1	-0.11609151244086581	-0.16818110614920018	NO	Q92769
237	S	237	11.755	18.677	20.543	-0.31	0.419082125603865	0	0	0	1	0.023524266898007472	-0.1800784124690249	NO	Q92769
238	Y	238	10.286	15.415	21.794	1.12	0.419082125603865	0	0	0	1	-0.3114279105326378	0.09267735756066502	NO	Q92769
239	G	239	12.66	15.302	24.748	-1.02	0.376895306859206	1	0	0	1	-0.2121810465554529	-0.22456772383916498	NO	Q92769
240	Q	240	11.887	18.935	25.537	-0.79	0.420606060606061	0	0	0	1	0.31910950389042253	-0.4137451506229309	NO	Q92769
241	I	241	8.242	18.042	26.127	0.88	0.417874396135266	0	0	0	1	0.3175103984960926	-0.2996161746530778	NO	Q92769
242	F	242	8.298	14.414	27.304	0.4	0.417874396135266	0	0	0	1	-0.08523474414295178	0.04131669935329296	NO	Q92769
243	K	243	10.326	14.698	30.489	-0.07	0.504347826086957	0	0	0	1	0.04187249101661054	-0.3608131535240808	NO	Q92769
244	P	244	8.535	17.755	31.874	0.17	0.507246376811594	0	0	0	1	0.4014491908855934	-0.4024172153912692	NO	Q92769
245	I	245	5.079	16.333	31.181	0.64	0.503597122302158	0	0	0	1	0.3265571499967941	-0.12336653461285696	NO	Q92769
246	I	246	5.813	12.917	32.626	0.64	0.504347826086957	0	0	0	1	-0.11355437106838506	0.1744586180598674	NO	Q92769
247	S	247	7.468	14.39	35.675	-0.31	0.563288563288563	0	0	0	1	0.22635985535809944	-0.19648526325488874	NO	Q92769
248	K	248	4.352	16.438	36.341	-0.07	0.567445674456745	0	0	0	1	0.6340500969475584	-0.2068235050469547	NO	Q92769
249	V	249	2.148	13.443	35.726	1.12	0.478782287822878	0	0	0	1	0.1606575093605075	0.23202793371827607	NO	Q92769
250	M	250	4.106	11.374	38.218	-0.07	0.480555555555556	0	0	0	1	-0.0079139645675084	0.11260632497198375	NO	Q92769
251	E	251	3.973	14.164	40.74	0.17	0.480555555555556	0	0	0	1	0.7338083513074793	-0.6799262662968548	NO	Q92769
252	M	252	0.246	14.712	40.465	0.17	0.431960049937578	0	0	0	1	0.6827189589533387	-0.33816285851798944	NO	Q92769
253	Y	253	-1.044	11.256	39.55	0.64	0.431960049937578	0	0	0	1	-0.16200843047694533	0.21699587208130675	NO	Q92769
254	Q	254	1.304	9.292	41.827	0.64	0.387640449438202	0	0	0	1	-0.11816938177230915	-0.018987844317869533	NO	Q92769
255	P	255	0.797	5.94	40.074	1.12	0.287141073657928	0	0	0	1	-0.40063571438058954	0.193484865864984	NO	Q92769
256	S	256	1.912	2.592	41.518	-0.31	0.161516853932584	0	0	0	1	-0.3443619741007	0.34704509815015117	NO	Q92769
257	A	257	2.389	0.859	38.149	0.64	0.163207547169811	0	0	0	1	-0.2508688607233984	0.3367316524960649	NO	Q92769
258	V	258	3.184	2.021	34.639	0.64	0.186195826645265	1	0	0	1	-0.2875775382254287	0.5334590470100287	NO	Q92769
259	V	259	2.372	0.604	31.209	1.12	0.218476903870162	0	0	0	1	-0.42616863891190954	0.8875685398380556	NO	Q92769
260	L	260	4.44	2.009	28.389	1.12	0.217039800995025	0	0	0	1	-0.1120599190587613	0.7844380318954448	NO	Q92769
261	Q	261	3.423	1.39	24.824	1.12	0.218476903870162	0	0	0	1	-0.26220394473717035	0.9986575527415154	NO	Q92769
262	C	262	6.546	1.681	22.659	0.4	0.186567164179104	0	0	0	1	-0.07585447075512089	0.8559244537311308	NO	Q92769
263	G	263	4.976	2.009	19.175	1.12	0.164473684210526	0	0	0	1	-0.13631563364161597	0.9704879817686338	NO	Q92769
264	A	264	7.905	2.154	16.731	0.4	0.164473684210526	0	0	0	1	-0.5990080117477984	0.6466377792223201	NO	Q92769
265	D	265	6.057	4.083	13.999	1.12	0.163389513108614	0	0	0	1	-0.7729502609582701	0.7167509275936106	NO	Q92769
266	S	266	7.082	7.392	15.589	0.64	0.164003759398496	0	0	0	1	-0.7766675720482877	0.8277079180649304	NO	Q92769
267	L	267	10.592	6.679	14.216	0.88	0.186895810955961	0	0	0	1	-0.4783865991459404	0.5643336159407147	NO	Q92769
268	S	268	12.126	8.495	11.271	0.4	0.186567164179104	0	0	0	1	-0.4303558434641336	0.13238873354026098	NO	Q92769
269	G	269	11.67	6.873	7.886	0.64	0.187800963081862	0	0	0	1	-0.6283303069570337	0.16739172601796679	NO	Q92769
270	D	270	8.586	4.923	8.934	1.12	0.217661691542289	0	0	0	1	-0.7031297476832693	0.4942972564876982	NO	Q92769
271	R	271	6.42	3.706	6.08	-0.31	0.220125786163522	0	0	0	1	-1.0202754664414593	0.3656995888552969	NO	Q92769
272	L	272	3.221	4.991	7.684	0.64	0.219924812030075	0	0	0	1	-1.1825120093726462	0.5886872131312639	NO	Q92769
273	G	273	4.706	7.47	10.173	0.64	0.220754716981132	0	0	0	1	-1.1932953843674867	0.8411247509741507	NO	Q92769
274	C	274	5.61	11.14	9.618	0.17	0.166193181818182	0	0	0	1	-0.7984609978787216	0.442485519470894	NO	Q92769
275	F	275	7.896	11.795	12.637	1.12	0.191200434546442	0	0	0	1	-0.6769462874693493	0.4049727294545857	NO	Q92769
276	N	276	11.664	12.184	12.705	1.12	0.190839694656489	0	0	0	1	-0.5886482603705007	0.12315569987107086	NO	Q92769
277	L	277	12.813	10.381	15.856	0.64	0.193050193050193	0	0	0	1	-0.5077901019037486	0.2292112288531965	NO	Q92769
278	T	278	15.886	8.21	16.149	0.64	0.296861747243427	0	0	0	1	-0.4270378619725179	0.30270581272462666	NO	Q92769
279	V	279	16.084	5.038	18.207	-0.07	0.296861747243427	0	0	0	1	-0.2814180997940628	0.28325588623982356	NO	Q92769
280	K	280	18.055	6.978	20.793	-0.55	0.267432950191571	0	0	0	1	-0.049256186573751144	0.1270871439328423	NO	Q92769
281	G	281	15.398	9.665	21.105	1.12	0.268199233716475	0	0	0	1	-0.39657383980783184	-0.15537497781883325	NO	Q92769
282	H	282	12.651	7.062	21.236	-0.31	0.368181818181818	0	0	0	1	-0.4268010197241582	0.2857130117604248	NO	Q92769
283	A	283	14.536	5.086	23.889	0.88	0.494208494208494	0	0	0	1	-0.3075289749338766	0.17491859328152945	NO	Q92769
284	K	284	15.074	8.147	26.05	0.17	0.491400491400491	0	0	0	1	-0.21499178743218714	-0.22155913982663183	NO	Q92769
285	C	285	11.374	7.871	26.857	1.12	0.540540540540541	0	0	0	1	-0.3484898921062946	-0.039444138623022394	NO	Q92769
286	V	286	11.868	4.344	28.154	0.64	0.542635658914729	0	0	0	1	-0.029968486694033826	0.14033491907432707	NO	Q92769
287	E	287	14.858	5.506	30.145	0.17	0.541538461538462	0	0	0	1	0.046420691460245044	-0.3315869664194468	NO	Q92769
288	V	288	12.938	8.409	31.645	-0.07	0.489457310750086	0	0	0	1	0.18382572088058144	-0.28982065746213187	NO	Q92769
289	V	289	10.019	6.183	32.63	0.64	0.489457310750086	1	0	0	1	-0.008860088820451837	0.18847307376022157	NO	Q92769
290	K	290	12.454	3.635	34.051	-0.07	0.489457310750086	0	0	0	1	0.6906594918645409	-0.35382732569588626	NO	Q92769
291	T	291	13.939	6.227	36.422	0.4	0.495612495612496	0	0	0	1	0.9211646639557114	-0.8998901746690522	NO	Q92769
292	F	292	10.677	6.403	38.397	0.64	0.565705128205128	0	0	0	1	0.44703594446276074	-0.5248637729406118	NO	Q92769
293	N	293	11.301	2.865	39.679	0.64	0.608952116585704	1	0	0	1	1.1900180266586542	-1.068095951652218	NO	Q92769
294	L	294	7.722	1.678	39.329	0.88	0.669847328244275	0	0	0	1	0.2926971108538316	-0.17730458162018517	NO	Q92769
295	P	295	6.576	-1.73	38.167	0.17	0.670498084291188	0	0	0	1	0.42340772234130863	-0.08120907282937588	NO	Q92769
296	L	296	6.733	-1.293	34.427	-0.07	0.61013986013986	0	0	0	1	0.31725229482670825	0.14292940741138851	NO	Q92769
297	L	297	5.103	-3.066	31.519	1.12	0.614869626497534	1	0	0	1	0.19537869348494344	0.4269888162005064	NO	Q92769
298	M	298	6.723	-2.369	28.165	0.4	0.612495612495613	1	0	0	1	0.2666772041235312	0.6417688456631859	NO	Q92769
299	L	299	4.652	-3.144	25.098	1.12	0.561454311454312	0	0	0	1	-0.1421352195148767	0.7972148890753423	NO	Q92769
300	G	300	5.066	-2.893	21.337	1.12	0.561454311454312	0	0	0	1	-0.1928970886495109	0.8447030156639428	NO	Q92769
301	G	301	2.589	-1.374	18.91	1.12	0.565245478036176	0	0	0	1	-0.4596409255363317	1.0045466294430991	NO	Q92769
302	G	302	2.897	0.08	15.424	1.12	0.560897435897436	0	0	0	1	-0.4480467158358796	0.981067430024019	NO	Q92769
303	G	303	6.094	0.219	13.366	1.12	0.561454311454312	0	0	0	1	-0.6134615804160767	0.7186093052862033	NO	Q92769
304	Y	304	6.152	-0.261	9.589	1.12	0.514792899408284	0	0	0	1	-0.9606788025987137	0.4926240762540016	NO	Q92769
305	T	305	9.826	-0.078	8.563	0.88	0.536923076923077	0	0	0	1	-0.6121718250085568	0.4590982995093173	NO	Q92769
306	I	306	10.653	-3.428	10.058	0.64	0.540540540540541	0	0	0	1	-0.6357015344909996	0.40682593540962947	NO	Q92769
307	R	307	14.416	-3.05	10.02	-0.55	0.53639846743295	1	0	0	1	-0.3030564284313036	0.34852937093810804	NO	Q92769
308	N	308	14.008	-0.034	12.295	1.12	0.609543712991989	0	0	0	1	-0.39519089264321144	0.32057243538773256	NO	Q92769
309	V	309	11.361	-1.707	14.435	0.17	0.594295444870158	0	0	0	1	-0.5276496491712329	0.42383004556039916	NO	Q92769
310	A	310	13.782	-4.525	15.167	1.12	0.594295444870158	0	0	0	1	-0.19140840799785183	0.44680576521310855	NO	Q92769
311	R	311	16.514	-2.019	15.94	1.12	0.669230769230769	0	0	0	1	-0.11383304946093416	0.2857130117604248	NO	Q92769
312	C	312	14.262	0.046	18.2	1.12	0.737913486005089	0	0	0	1	-0.3694593649171577	0.4947208464202796	NO	Q92769
313	W	313	12.897	-2.771	20.349	1.12	0.66412213740458	0	0	0	1	-0.22875547215213027	0.5541293344648276	NO	Q92769
314	T	314	16.261	-4.48	20.602	1.12	0.57032967032967	0	0	0	1	-0.2025700306270819	0.22577512642566766	NO	Q92769
315	Y	315	17.797	-1.264	21.905	1.12	0.496197718631179	1	0	0	1	0.011809472735126201	0.05731129228836357	NO	Q92769
316	E	316	14.904	-0.545	24.262	-0.31	0.492897727272727	0	0	0	1	0.054906153241811986	0.23626789968329798	NO	Q92769
317	T	317	15.289	-3.995	25.784	1.12	0.491037735849057	0	0	0	1	0.3953453809097357	0.27696252810993316	NO	Q92769
318	A	318	18.947	-3.19	26.432	0.4	0.485541044776119	0	0	0	1	0.185205705682993	0.026262964826167655	NO	Q92769
319	V	319	17.74	-0.012	28.111	0.64	0.561688311688312	0	0	0	1	0.4415751669367856	-0.2954737142829798	NO	Q92769
320	A	320	15.466	-2.008	30.403	0.17	0.561688311688312	1	0	0	1	0.7583874627580123	-0.13780482040696534	NO	Q92769
321	L	321	18.478	-4.171	31.296	0.64	0.556982343499197	0	0	0	1	0.5095378791776529	-0.2789256752255886	NO	Q92769
322	D	322	20.745	-1.143	31.577	-0.55	0.552380952380952	0	0	0	1	0.715974678088453	-0.6395511685298096	NO	Q92769
323	C	323	23.305	-2.955	29.479	-0.55	0.426814268142681	1	0	0	1	0.13154649302449714	-0.14703060913858915	NO	Q92769
324	E	324	25.386	-1.3	26.792	-0.55	0.428395061728395	0	0	0	1	-0.05202212931051796	-0.09082163705147318	NO	Q92769
325	I	325	25.34	-2.765	23.306	0.88	0.427696078431373	0	0	0	1	0.16264692534180075	0.09996354011521838	NO	Q92769
326	P	326	27.579	-1.956	20.373	0.17	0.426129426129426	0	0	0	1	0.21379982219637156	0.13844464900018238	NO	Q92769
327	N	327	26.371	-0.133	17.279	-0.07	0.509489051094891	1	0	0	1	0.3009151435510809	0.12318788713239513	NO	Q92769
328	E	328	27.754	-2.92	15.132	1.12	0.509489051094891	0	0	0	1	0.5221147670841647	0.12662119500700272	NO	Q92769
329	L	329	24.955	-5.418	14.586	0.88	0.514074074074074	0	0	0	1	0.3205423628220556	0.18513889834038666	NO	Q92769
330	P	330	25.746	-8.977	15.457	1.12	0.637867647058824	0	0	0	1	0.30647899332391443	0.23450629245140028	NO	Q92769
331	Y	331	25.358	-11.67	12.832	-0.31	0.630909090909091	0	0	0	1	0.21979051988463338	0.06027642181643358	NO	Q92769
332	N	332	21.783	-12.783	12.618	-0.55	0.628158844765343	0	0	0	1	-0.13830810929633885	0.09400477019823127	NO	Q92769
333	D	333	19.406	-14.799	10.47	0.64	0.627697841726619	0	0	0	1	-0.18214252385926638	-0.21670959245374874	NO	Q92769
334	Y	334	18.058	-11.471	9.199	0.64	0.629496402877698	0	0	0	1	-0.2208489908642902	0.054802336533842595	NO	Q92769
335	F	335	21.443	-9.71	9.023	1.12	0.625	0	0	0	1	0.3134127298381337	0.1788074747010369	NO	Q92769
336	E	336	21.063	-8.932	5.303	0.17	0.628571428571429	0	0	0	1	0.5461827721720469	-0.022071329856513874	NO	Q92769
337	Y	337	17.95	-6.884	6.086	-0.07	0.632616487455197	0	0	0	1	0.4424093915579514	0.3422157629929814	NO	Q92769
338	F	338	19.975	-4.179	7.787	0.64	0.628571428571429	0	0	0	1	0.6270163734474118	0.2719390162532251	NO	Q92769
339	G	339	21.832	-2.77	4.892	0.88	0.5	0	0	0	1	0.7609258401998191	0.313656006019801	NO	Q92769
340	P	340	23.915	-1.209	3.67	1.12	0.412249705535925	0	0	0	1	0.6466338013055314	0.2163163632311239	NO	Q92769
341	D	341	25.347	-0.082	7.046	1.12	0.40962441314554	0	0	0	1	0.7680491729746016	-0.01919341002044585	NO	Q92769
342	F	342	24.51	-3.013	9.35	0.64	0.52330827067669194	0	0	0	1	0.704560576617956	0.09604329674877952	NO	Q92769
343	K	343	24.321	-0.615	12.309	-0.55	0.612676056338028	0	0	0	1	0.6373421250296673	0.2946540263879053	NO	Q92769
344	L	344	21.869	-0.501	15.22	1.12	0.612676056338028	0	0	0	1	0.4033455845026011	0.2398971568428708	NO	Q92769
345	H	345	21.273	3.249	15.306	-0.07	0.612676056338028	1	0	0	1	0.22179595440635622	0.14218812502937084	NO	Q92769
346	I	346	19.549	5.387	12.706	-0.07	0.702675416456335	0	0	0	1	0.0081464035364981445	0.265241000444281	NO	Q92769
347	S	347	20.035	9.04	11.846	0.17	0.700656234225139	0	0	0	1	-0.18418656402935962	-0.0965048019802743	NO	Q92769
348	P	348	17.325	11.606	11.423	0.17	0.700656234225139	1	0	0	1	-0.5195522932830783	-0.08189094930621428	NO	Q92769
349	S	349	16.23	12.8	8	0.64	0.613074204946997	0	0	0	1	-0.3564567712090938	0.12662119500700272	NO	Q92769
350	N	350	16.34	16.236	6.36	-0.31	0.610526315789474	0	0	0	1	-0.08160805390648368	-0.007106146708960008	NO	Q92769
351	M	351	12.591	16.503	7	-0.31	0.676413255360624	0	0	0	1	-0.03203565274820608	0.12190039667941727	NO	Q92769
352	T	352	11.453	19.848	8.362	-0.31	0.680311890838207	0	0	0	1	0.17700847922589893	0.03828504448324694	NO	Q92769
353	N	353	10.08	20.002	11.881	0.4	0.677933177933178	0	0	0	1	0.14230911379244357	0.005215613774353685	NO	Q92769
354	Q	354	6.652	21.617	11.735	0.4	0.681193561052218	0	0	0	1	0.2074759264391207	-0.0442443940480382	NO	Q92769
355	N	355	6.481	21.76	15.521	1.12	0.685119748723989	0	0	0	1	0.1999259612843571	0.045606204352957626	NO	Q92769
356	T	356	7.883	25.165	16.408	-0.07	0.685119748723989	0	0	0	1	0.6163151077166331	-0.22993563074342985	NO	Q92769
357	P	357	9.193	25.697	19.872	-0.31	0.689519306540583	1	0	0	1	0.5378256910808936	-0.4945734411236886	NO	Q92769
358	E	358	6.426	28.15	20.601	-0.31	0.693459416863672	1	0	0	1	0.9303248653728471	-0.6284490393160548	NO	Q92769
359	Y	359	3.891	25.544	19.541	-0.07	0.698412698412699	0	0	0	1	0.6207738517008334	-0.4156268674388215	NO	Q92769
360	M	360	5.331	22.91	21.827	0.64	0.697904310003954	1	0	0	1	0.2858802962695039	-0.36135109803047544	NO	Q92769
361	E	361	5.421	25.269	24.777	0.17	0.624113475177305	0	0	0	1	0.6415695109580182	-0.47784624302511913	NO	Q92769
362	K	362	1.905	26.479	24.247	0.17	0.621908127208481	0	0	0	1	0.7354802622144757	-0.41440375150849257	NO	Q92769
363	I	363	0.469	22.979	24.366	1.12	0.518617021276596	0	0	0	1	0.36411843952966855	-0.1867294576201223	NO	Q92769
364	K	364	2.654	22.023	27.283	-0.31	0.501067615658363	0	0	0	1	0.4482459605727139	-0.28796414221073974	NO	Q92769
365	Q	365	1.401	24.942	29.319	0.64	0.497526501766784	0	0	0	1	0.9128197279373577	-0.3171951568552078	NO	Q92769
366	R	366	-2.186	23.972	28.625	-0.31	0.556741795175959	1	0	0	1	0.2448046808691575	-0.05407379843359078	NO	Q92769
367	L	367	-1.505	20.428	29.775	0.88	0.624555160142349	0	0	0	1	-0.05349487155730714	0.1909725196297137	NO	Q92769
368	F	368	0.133	21.691	32.937	-0.07	0.72864768683274	0	0	0	1	0.5917546552501821	-0.0810172950702651	NO	Q92769
369	E	369	-3.007	23.592	33.801	-0.55	0.72864768683274	0	0	0	1	0.5575673318639035	0.014793452805500866	NO	Q92769
370	N	370	-5.077	20.459	33.332	1.12	0.767599891274803	0	0	0	1	-0.10053653188284535	0.09681653095760816	NO	Q92769
371	L	371	-2.719	18.518	35.59	1.12	0.767599891274803	0	0	0	1	0.30562375991441604	-0.10540019056448459	NO	Q92769
372	R	372	-3.12	21.2	38.258	0.64	0.77087325485902	0	0	0	1	1.1401191104891377	-0.8064921756091523	NO	Q92769
373	M	373	-6.766	20.199	38.53	-0.07	0.765425387333515	0	0	0	1	0.6729804610491499	-0.5201476833032934	NO	Q92769
374	L	374	-5.881	16.894	40.194	0.64	0.765425387333515	0	0	0	1	0.5043183134336544	-0.6419033145496729	NO	Q92769
375	P	375	-5.942	16.702	43.956	-0.07	0.77087325485902	0	0	0	1	0.950299488328956	-0.7689714695338447	NO	Q92769
376	H	376	-2.676	17.214	45.872	-1.5	0.805287239450941	0	0	0	1	1.4499656062710902	-1.492688366087294	NO	Q92769
377	A	377	-1.119	18.638	49.017	-1.5	0.800151975683891	0	0	0	1	2.1484329052859623	-2.7695690715354924	NO	Q92769
378	P	378	-0.926	22.219	47.813	-1.5	0.794517102615694	0	0	0	1	2.3442684176961013	-2.9509714601634967	NO	Q92769
379	G	379	-3.643	24.816	47.718	-1.5	0.800151975683891	0	0	0	1	2.872944876105224	-3.5345724897775845	NO	Q92769
380	V	380	-4.13	27.329	50.558	-1.5	0.888440181726401	0	0	0	1	3.1057139770912214	-4.78215073871309	NO	Q92769
381	Q	381	-7.706	27.754	51.672	-1.5	0.936170212765957	0	0	0	1	3.1076685131160864	-4.78215073871309	NO	Q92769
382	M	382	-6.978	31.412	51.641	-1.5	0.921233689205219	1	0	0	1	3.243337659209676	-4.78215073871309	NO	Q92769
383	Q	383	-5.512	32.936	48.586	-1.5	0.920567375886525	2	0	0	1	3.243337659209676	-4.78215073871309	NO	Q92769
384	A	384	-2.024	34.18	48.766	-1.5	0.938829787234043	0	0	0	1	3.350595453838614	-4.78215073871309	NO	Q92769
385	I	385	0.727	35.126	46.419	-1.5	0.942170818505338	1	0	0	1	3.3131794927860327	-4.78215073871309	NO	Q92769
