Uniprot_position	aminoacid	Position_in_structure	x	y	z	paraz	mtr	gscount	pscount	OR	pvalue	mtr3dscore	paraz3dscore	HotSpot3D	Uniprot
72	G	72	-45.729	2.428	-6.873	NA	0.423586040914561	0	0	0	1	-0.745762306867606	Inf	NO	Q8N3U4
73	H	73	-45.673	5.39	-4.603	NA	0.42326139088729	0	0	0	1	-0.6942343717472738	Inf	NO	Q8N3U4
74	H	74	-42.888	7.825	-5.23	NA	0.511191335740072	0	0	0	1	0.7919185833394287	Inf	NO	Q8N3U4
75	Q	75	-40.896	8.466	-2.117	NA	0.505714285714286	0	0	0	1	0.11229702062703803	Inf	NO	Q8N3U4
76	Q	76	-39.78	11.946	-1.274	NA	0.505714285714286	0	0	0	1	0.015669803559656567	Inf	NO	Q8N3U4
77	N	77	-37.625	12.504	1.747	NA	0.421744324970131	0	0	0	0.9999999999999999	-0.5429045578982266	Inf	NO	Q8N3U4
78	G	78	-34.545	14.249	2.979	NA	0.421428571428571	0	0	0	1	-0.4221076787830218	Inf	NO	Q8N3U4
79	V	79	-35.208	17.872	4.555	NA	0.424460431654676	0	0	0	1	-0.48915887189768875	Inf	NO	Q8N3U4
80	E	80	-31.93	22.083	3.933	NA	0.421115065243179	1	0	0	1	-0.1563493503799838	Inf	NO	Q8N3U4
81	N	81	-30.386	23.98	7.152	NA	0.417840375586854	0	0	0	1	-0.32094003713807073	Inf	NO	Q8N3U4
82	M	82	-27.047	24.957	8.229	NA	0.413752913752914	1	0	0	1	-0.13741343260148323	Inf	NO	Q8N3U4
83	M	83	-27.835	27.746	10.606	NA	0.414918414918415	0	0	0	1	-0.5135198785393504	Inf	NO	Q8N3U4
84	L	84	-29.196	25.081	12.923	NA	0.412311265969803	0	0	0	1	-0.5095009890559264	Inf	NO	Q8N3U4
85	F	85	-25.959	23.163	13.311	NA	0.412865497076023	0	0	0	1	-0.20678310590291907	Inf	NO	Q8N3U4
86	E	86	-24.228	26.369	14.245	NA	0.410526315789474	0	0	0	0.9999999999999999	-0.36805871183724315	Inf	NO	Q8N3U4
87	V	87	-26.898	27.371	16.701	NA	0.458916083916084	0	0	0	1	-0.6261755665658275	Inf	NO	Q8N3U4
88	V	88	-26.66	24.143	18.664	NA	0.455729166666667	0	0	0	1	-0.29466860686083113	Inf	NO	Q8N3U4
89	K	89	-22.973	23.798	19.504	NA	0.405092592592593	0	0	0	1	-0.1728568257087558	Inf	NO	Q8N3U4
90	M	90	-21.679	27.251	18.786	NA	0.405092592592593	0	0	0	1	-0.45463292536147726	Inf	NO	Q8N3U4
91	G	91	-24.174	29.168	20.864	NA	0.457317073170732	0	0	0	0.9999999999999999	-0.6091410937845904	Inf	NO	Q8N3U4
92	K	92	-25.621	28.33	24.267	NA	0.48951048951049	0	0	0	0.9999999999999999	-0.5140716726154615	Inf	NO	Q8N3U4
93	S	93	-29.102	29.855	23.814	NA	0.48951048951049	0	0	0	0.9999999999999999	-0.7788270085767874	Inf	NO	Q8N3U4
94	A	94	-31.849	27.749	25.321	NA	0.492957746478873	0	0	0	1	-0.6594496443464173	Inf	NO	Q8N3U4
95	M	95	-32.689	24.527	23.55	NA	0.49645390070922	0	0	0	1	-0.5006689933379503	Inf	NO	Q8N3U4
96	Q	96	-36.431	25.033	23.76	NA	0.413427561837456	0	0	0	1	-0.44075618586555854	Inf	NO	Q8N3U4
97	S	97	-35.998	28.438	22.214	NA	0.499290780141844	1	0	0	1	-0.6940624567098519	Inf	NO	Q8N3U4
98	V	98	-34.514	26.986	19.043	NA	0.417556346381969	0	0	0	1	-0.6756972997670223	Inf	NO	Q8N3U4
99	V	99	-37.083	24.225	18.77	NA	0.414319248826291	0	0	0	1	-0.518987379506565	Inf	NO	Q8N3U4
100	D	100	-39.947	26.668	19.054	NA	0.411421911421911	0	0	0	1	-0.5639912388576297	Inf	NO	Q8N3U4
101	D	101	-38.376	28.778	16.373	NA	0.411149825783972	0	0	0	1	-0.7565061014314716	Inf	NO	Q8N3U4
102	W	102	-38.135	25.703	14.225	NA	0.412587412587413	0	0	0	1	-0.5821039717050279	Inf	NO	Q8N3U4
103	I	103	-41.709	24.773	14.94	NA	0.414319248826291	0	0	0	1	-0.5105030991422241	Inf	NO	Q8N3U4
104	E	104	-42.741	28.275	14.076	NA	0.416075650118203	0	0	0	1	-0.6360855168862323	Inf	NO	Q8N3U4
105	S	105	-41.008	27.993	10.696	NA	0.417857142857143	0	0	0	1	-0.814338151041243	Inf	NO	Q8N3U4
106	Y	106	-42.543	24.59	10.116	NA	0.420863309352518	0	0	0	1	-0.6771757283617555	Inf	NO	Q8N3U4
107	K	107	-45.903	26.274	10.375	NA	0.473471223021583	1	0	0	1	-0.6713416270212468	Inf	NO	Q8N3U4
108	H	108	-45.066	29.043	7.941	NA	0.470430107526882	0	0	0	1	-0.8173642052927119	Inf	NO	Q8N3U4
109	D	109	-43.562	26.725	5.367	NA	0.470773381294964	0	0	0	1	-0.8075227650138149	Inf	NO	Q8N3U4
110	R	110	-43.275	23.008	6.021	NA	0.473826714801444	0	0	0	1	-0.8389291238499765	Inf	NO	Q8N3U4
111	D	111	-40.976	22.32	3.105	NA	0.479014598540146	0	0	0	1	-0.6656281921247615	Inf	NO	Q8N3U4
112	I	112	-38.253	24.875	3.766	NA	0.479014598540146	1	0	0	1	-0.5792182148713183	Inf	NO	Q8N3U4
113	A	113	-38.162	24.022	7.454	NA	0.514285714285714	0	0	0	1	-0.9148523157975822	Inf	NO	Q8N3U4
114	L	114	-37.942	20.294	6.94	NA	0.514705882352941	0	0	0	1	-0.9961655019660589	Inf	NO	Q8N3U4
115	L	115	-35.061	20.913	4.605	NA	0.509090909090909	0	0	0	1	-0.6999556099414799	Inf	NO	Q8N3U4
116	D	116	-33.297	22.907	7.285	NA	0.510948905109489	0	0	0	1	-0.5875502955033726	Inf	NO	Q8N3U4
117	L	117	-33.826	19.854	9.459	NA	0.512820512820513	0	0	0	1	-0.8493412788309153	Inf	NO	Q8N3U4
118	I	118	-32.456	17.431	6.881	NA	0.508695652173913	0	0	0	1	-0.6053974071566185	Inf	NO	Q8N3U4
119	N	119	-29.337	19.567	6.472	NA	0.503225806451613	0	0	0	1	-0.19057460303610918	Inf	NO	Q8N3U4
120	F	120	-29.042	19.686	10.228	NA	0.625	0	0	0	1	-0.540683109498748	Inf	NO	Q8N3U4
121	F	121	-28.503	15.945	10.491	NA	0.625	0	0	0	1	-0.8838910329776831	Inf	NO	Q8N3U4
122	I	122	-26.059	15.819	7.599	NA	0.629496402877698	0	0	17.116446075130582	0.09910233931274262	-0.4742204454159877	Inf	NO	Q8N3U4
123	Q	123	-23.923	18.621	8.968	NA	0.841726618705036	0	0	11.592395619719586	0.13043791011925587	-0.1969765555829577	Inf	NO	Q8N3U4
124	C	124	-23.855	17.059	12.42	NA	0.841726618705036	0	0	32.74837392887106	0.06692742285962626	-0.39999234579142223	Inf	NO	Q8N3U4
125	S	125	-22.015	14.17	10.793	NA	0.844124700239808	0	0	32.74837392887106	0.06692742285962626	-0.618304262269743	Inf	NO	Q8N3U4
126	G	126	-19.22	16.521	9.797	NA	0.84652278177458	0	0	11.592395619719586	0.13043791011925587	-0.35137973207831935	Inf	NO	Q8N3U4
127	C	127	-20.406	16.65	6.209	NA	0.845878136200717	0	0	17.116446075130582	0.09910233931274262	-0.040909155028679346	Inf	NO	Q8N3U4
128	K	128	-19.755	19.948	4.446	NA	0.631672597864769	0	0	17.116446075130582	0.09910233931274262	0.28689157790258907	Inf	NO	Q8N3U4
129	G	129	-22.303	19.227	1.737	NA	0.636200716845878	0	0	0	1	0.5698454479716721	Inf	NO	Q8N3U4
130	V	130	-25.645	20.95	1.415	NA	0.636690647482014	0	0	0	1	0.3390158011578311	Inf	NO	Q8N3U4
131	V	131	-28.976	19.517	0.369	NA	0.629893238434164	0	0	0	1	0.5804692718435193	Inf	NO	Q8N3U4
132	T	132	-30.847	21.937	-1.845	NA	0.629893238434164	0	0	0	1	0.1487849993757689	Inf	NO	Q8N3U4
133	A	133	-34.548	22.417	-2.399	NA	0.627659574468085	0	0	0	1	0.05266775460841682	Inf	NO	Q8N3U4
134	E	134	-34.228	20.909	-5.833	NA	0.623674911660777	0	0	0	1	0.4455366879232345	Inf	NO	Q8N3U4
135	M	135	-32.707	17.801	-4.324	NA	0.619298245614035	0	0	0	0.9999999999999999	0.8615568700120764	Inf	NO	Q8N3U4
136	F	136	-35.259	17.663	-1.575	NA	0.614982578397212	0	0	0	1	0.34142854979478215	Inf	NO	Q8N3U4
137	R	137	-38.117	17.841	-4.013	NA	0.619718309859155	0	0	0	1	0.49929714475603837	Inf	NO	Q8N3U4
138	H	138	-36.823	15.387	-6.576	NA	0.615384615384615	0	0	0	1	1.170200751772155	Inf	NO	Q8N3U4
139	M	139	-34.169	13.031	-5.256	NA	1.2280701754386	0	0	0	1	1.0816266388837392	Inf	NO	Q8N3U4
140	Q	140	-34.607	9.929	-3.17	NA	1.23674911660777	0	0	0	1	0.39481149836002505	Inf	NO	Q8N3U4
141	N	141	-32.737	9.652	0.085	NA	1.24555160142349	0	0	0	1	-0.5441328508999086	Inf	NO	Q8N3U4
142	S	142	-30.383	7.046	-1.284	NA	1.25448028673835	0	0	0	1	-0.28253069857718033	Inf	NO	Q8N3U4
143	E	143	-29.426	9.44	-4.035	NA	1.24555160142349	0	0	0	1	0.6017276126311907	Inf	NO	Q8N3U4
144	I	144	-29.13	12.339	-1.635	NA	1.25357142857143	0	0	0	0.9999999999999999	0.2901820557532021	Inf	NO	Q8N3U4
145	I	145	-26.947	10.325	0.686	NA	0.630824372759857	0	0	0	1	-0.2338874829936353	Inf	NO	Q8N3U4
146	R	146	-24.74	9.351	-2.24	NA	0.629893238434164	0	0	0	1	0.576731759642721	Inf	NO	Q8N3U4
147	K	147	-24.281	12.952	-3.342	NA	0.625886524822695	0	0	0	0.9999999999999999	1.5697166284849295	Inf	NO	Q8N3U4
148	M	148	-23.648	13.913	0.253	NA	0.832151300236407	0	0	0	0.9999999999999999	0.621272066438619	Inf	NO	Q8N3U4
149	T	149	-20.842	11.426	0.448	NA	0.832151300236407	0	0	0	0.9999999999999999	0.3188104870846484	Inf	NO	Q8N3U4
150	E	150	-19.39	12.879	-2.745	NA	0.826291079812207	0	0	0	0.9999999999999999	0.88399125832795	Inf	NO	Q8N3U4
151	E	151	-19.747	16.49	-1.553	NA	0.615384615384615	0	0	0	0.9999999999999999	0.8630695808771683	Inf	NO	Q8N3U4
152	F	152	-18.486	15.693	1.957	NA	0.611498257839721	0	0	32.74837392887106	0.06692742285962626	0.3199487510782644	Inf	NO	Q8N3U4
153	D	153	-15.106	17.458	1.5	NA	0.611498257839721	1	0	32.74837392887106	0.06692742285962626	0.26810499771616236	Inf	NO	Q8N3U4
154	E	154	-13.415	16.032	4.601	NA	0.404844290657439	0	0	32.74837392887106	0.06692742285962626	0.1716958850987435	Inf	NO	Q8N3U4
155	D	155	-9.862	16.833	5.659	NA	0.404597701149425	0	0	32.74837392887106	0.06692742285962626	-0.24227923151747993	Inf	NO	Q8N3U4
156	S	156	-9.403	13.838	7.93	NA	0.40625	0	0	17.116446075130582	0.09910233931274262	-0.5610896241563891	Inf	NO	Q8N3U4
157	G	157	-11.411	10.877	9.218	NA	0.40650406504065	0	0	17.116446075130582	0.09910233931274262	-0.5833801865665792	Inf	NO	Q8N3U4
158	D	158	-12.667	12.999	12.093	NA	0.404844290657439	0	0	17.116446075130582	0.09910233931274262	-0.5297203742177776	Inf	NO	Q8N3U4
159	Y	159	-16.326	13.698	12.715	NA	0.40625	0	1	17.116446075130582	0.09910233931274262	-0.37833138102508096	Inf	NO	Q8N3U4
160	P	160	-18.043	15.488	15.577	NA	0.410526315789474	0	0	32.74837392887106	0.06692742285962626	-0.19078817184154317	Inf	NO	Q8N3U4
161	L	161	-19.016	12.451	17.676	NA	0.413145539906103	0	0	32.74837392887106	0.06692742285962626	-0.2526253491408508	Inf	NO	Q8N3U4
162	T	162	-15.417	11.202	17.673	NA	0.415183867141162	0	0	32.74837392887106	0.06692742285962626	-0.220352466368065	Inf	NO	Q8N3U4
163	M	163	-13.636	14.442	18.519	NA	0.415183867141162	1	0	32.74837392887106	0.06692742285962626	-0.10525861592672832	Inf	NO	Q8N3U4
164	A	164	-12.285	15.164	22.004	NA	0.629032258064516	0	0	32.74837392887106	0.06692742285962626	-0.11043705417823485	Inf	NO	Q8N3U4
165	G	165	-12.619	18.216	24.242	NA	0.627240143369176	0	0	0	0.9999999999999999	0.04748514295516398	Inf	NO	Q8N3U4
166	P	166	-15.301	19.709	26.378	NA	0.750537634408602	0	0	0	0.9999999999999999	0.02614947037817661	Inf	NO	Q8N3U4
167	Q	167	-16.677	21.788	23.523	NA	0.742553191489362	0	0	0	0.9999999999999999	-0.16651051319744564	Inf	NO	Q8N3U4
168	W	168	-17.533	18.64	21.629	NA	0.743060498220641	0	0	32.74837392887106	0.06692742285962626	-0.11754339206443272	Inf	NO	Q8N3U4
169	K	169	-18.901	16.94	24.71	NA	0.710204081632653	0	0	0	0.9999999999999999	-0.045554690687990985	Inf	NO	Q8N3U4
170	K	170	-21.153	19.92	25.087	NA	0.619217081850534	0	0	0	0.9999999999999999	-0.12971202169431786	Inf	NO	Q8N3U4
171	F	171	-22.028	19.475	21.429	NA	0.620996441281139	0	0	32.74837392887106	0.06692742285962626	-0.16111846311048567	Inf	NO	Q8N3U4
172	K	172	-23.033	15.833	21.577	NA	0.552380952380952	0	0	17.116446075130582	0.09910233931274262	-0.18513833230044063	Inf	NO	Q8N3U4
173	S	173	-25.348	16.598	24.456	NA	0.552380952380952	0	0	0	1	-0.17834001752346054	Inf	NO	Q8N3U4
174	S	174	-26.858	19.634	22.751	NA	0.552767821585026	0	0	0	1	-0.3237684374248266	Inf	NO	Q8N3U4
175	F	175	-27.458	17.475	19.722	NA	0.553157474020783	0	0	0	1	-0.183313306375317	Inf	NO	Q8N3U4
176	C	176	-29.252	14.83	21.765	NA	0.620071684587814	0	0	0	1	0.26474560319193396	Inf	NO	Q8N3U4
177	E	177	-31.199	17.394	23.755	NA	0.617857142857143	0	0	0	1	0.19225619141752948	Inf	NO	Q8N3U4
178	F	178	-32.457	19.045	20.595	NA	0.613074204946997	0	0	0	1	-0.10814071802942397	Inf	NO	Q8N3U4
179	I	179	-33.855	15.828	19.198	NA	0.529232333502796	1	0	0	1	0.15583682134385735	Inf	NO	Q8N3U4
180	G	180	-35.629	14.999	22.422	NA	0.532282663955262	0	0	0	1	0.588399575381084	Inf	NO	Q8N3U4
181	V	181	-36.971	18.494	22.957	NA	0.530395136778116	1	0	0	1	0.41024175966935944	Inf	NO	Q8N3U4
182	L	182	-38.172	18.699	19.378	NA	0.619642857142857	0	0	0	1	0.02062740755284121	Inf	NO	Q8N3U4
183	V	183	-40.344	15.601	19.601	NA	0.619642857142857	0	0	0	1	0.43395033542681355	Inf	NO	Q8N3U4
184	R	184	-41.713	16.474	23.001	NA	0.626353790613718	1	0	0	1	0.7307631413550838	Inf	NO	Q8N3U4
185	Q	185	-42.726	19.89	21.686	NA	0.626353790613718	0	0	0	1	0.09876105528963464	Inf	NO	Q8N3U4
186	C	186	-44.455	18.206	18.682	NA	0.626811594202899	0	0	0	1	-0.024227402746048086	Inf	NO	Q8N3U4
187	Q	187	-46.333	15.46	20.551	NA	0.625	0	0	0	1	0.8340292818303111	Inf	NO	Q8N3U4
188	Y	188	-49.814	17.001	20.476	NA	0.629090909090909	0	0	0	0.9999999999999999	0.8397312851675958	Inf	NO	Q8N3U4
189	S	189	-50.196	18.134	16.865	NA	0.630434782608696	0	0	0	1	-0.057736442049115724	Inf	NO	Q8N3U4
190	I	190	-47.323	18.155	14.367	NA	0.635531135531136	0	0	0	1	-0.32158964809497964	Inf	NO	Q8N3U4
191	I	191	-46.063	14.679	15.193	NA	0.635531135531136	0	0	0	1	0.5697986923328976	Inf	NO	Q8N3U4
192	Y	192	-49.413	13.328	14.022	NA	0.548761201897733	0	0	0	0.9999999999999999	1.3431180877713567	Inf	NO	Q8N3U4
193	D	193	-49.298	14.907	10.584	NA	0.550793650793651	0	0	0	1	0.032898211314345484	Inf	NO	Q8N3U4
194	E	194	-48.106	12.542	7.908	NA	0.481944444444445	0	0	0	0.9999999999999999	-0.08862189143508974	Inf	NO	Q8N3U4
195	Y	195	-45.13	14.623	6.791	NA	0.321296296296296	0	0	0	1	-1.2347488651128853	Inf	NO	Q8N3U4
196	M	196	-42.656	15.55	9.536	NA	0.325187969924812	0	0	0	1	-0.8868739012545525	Inf	NO	Q8N3U4
197	M	197	-41.785	12.321	11.327	NA	0.185660781166399	0	0	0	1	0.17424263424982356	Inf	NO	Q8N3U4
198	D	198	-41.913	10.126	8.296	NA	0.186895810955961	0	0	0	1	-0.25872176788120044	Inf	NO	Q8N3U4
199	T	199	-39.423	12.39	6.627	NA	0.186895810955961	0	0	0	1	-1.0415980586216045	Inf	NO	Q8N3U4
200	V	200	-37.067	12.466	9.588	NA	0	0	0	0	1	-0.5899907669776634	Inf	NO	Q8N3U4
201	I	201	-37.281	8.745	10.13	NA	0	0	0	0	1	0.16062341061671775	Inf	NO	Q8N3U4
202	S	202	-36.579	7.781	6.538	NA	0	0	0	0	1	-0.4901538194229923	Inf	NO	Q8N3U4
203	L	203	-33.482	9.947	6.456	NA	0	0	0	0	1	-0.5874383310487972	Inf	NO	Q8N3U4
204	L	204	-32.229	8.578	9.748	NA	0	0	0	0	1	-0.5025844628596995	Inf	NO	Q8N3U4
205	T	205	-32.993	5.076	8.606	NA	0	0	0	0	1	-0.2355859524459788	Inf	NO	Q8N3U4
206	G	206	-31.182	5.535	5.316	NA	0	0	0	0	1	-0.5086731213737874	Inf	NO	Q8N3U4
207	L	207	-28.156	7.19	6.829	NA	0	0	0	0	1	-0.7383432672201613	Inf	NO	Q8N3U4
208	S	208	-27.916	4.506	9.474	NA	0	0	0	0	1	-0.3617902692054123	Inf	NO	Q8N3U4
209	D	209	-27.618	2.065	6.587	NA	0	0	0	0	1	-0.7797178866420356	Inf	NO	Q8N3U4
210	S	210	-24.637	3.911	5.112	NA	0	0	0	0	1	-0.5057661425223254	Inf	NO	Q8N3U4
211	Q	211	-21.154	2.492	4.865	NA	0.329588014981273	0	0	0	1	-0.917054537361626	Inf	NO	Q8N3U4
212	V	212	-19.935	5.967	5.66	NA	0.328358208955224	0	0	89.11102855848685	0.033898305084745756	-0.8296968884140863	Inf	NO	Q8N3U4
213	R	213	-19.301	5.88	9.367	NA	0.330223880597015	0	0	89.11102855848685	0.033898305084745756	-0.5789743125760558	Inf	NO	Q8N3U4
214	A	214	-19.903	9.542	10.011	NA	0.332706766917293	0	0	32.74837392887106	0.06692742285962626	-0.7077865241234232	Inf	NO	Q8N3U4
215	F	215	-23.451	9.114	8.781	NA	0.336174242424242	0	0	89.11102855848685	0.033898305084745756	-1.0821679847959231	Inf	NO	Q8N3U4
216	R	216	-23.957	5.693	10.309	NA	0.335526315789474	0	0	89.11102855848685	0.033898305084745756	-0.5880245516821931	Inf	NO	Q8N3U4
217	H	217	-22.674	6.692	13.71	NA	0.3393536121673	0	0	89.11102855848685	0.033898305084745756	-0.5454297380030823	Inf	NO	Q8N3U4
218	T	218	-24.46	10.041	13.861	NA	0.340648854961832	0	0	89.11102855848685	0.033898305084745756	-0.9381600922573795	Inf	NO	Q8N3U4
219	S	219	-27.794	8.857	12.485	NA	0.341954022988506	0	0	0	1	-0.596955985913895	Inf	NO	Q8N3U4
220	T	220	-28.002	5.968	14.92	NA	0.3393536121673	0	0	0	1	-0.10554845629919753	Inf	NO	Q8N3U4
221	L	221	-27.51	8.303	17.828	NA	0.335526315789474	0	0	0	1	0.07231090432263662	Inf	NO	Q8N3U4
222	A	222	-30.181	10.596	16.42	NA	0.334269662921348	0	0	0	1	-0.1641279171875247	Inf	NO	Q8N3U4
223	A	223	-32.533	7.696	15.775	NA	0.441574415744157	0	0	0	1	0.26820630122070305	Inf	NO	Q8N3U4
224	M	224	-31.795	6.279	19.207	NA	0.441574415744157	0	0	0	1	0.682970022860054	Inf	NO	Q8N3U4
225	K	225	-32.617	9.599	20.852	NA	0.658088235294118	0	0	0	1	0.5914338215342209	Inf	NO	Q8N3U4
226	L	226	-35.638	10.052	18.655	NA	1.3125	1	0	0	0.9999999999999999	0.7533694623590117	Inf	NO	Q8N3U4
227	M	227	-36.956	6.736	19.844	NA	1.3029197080292	0	0	0	0.9999999999999999	1.2229798364229527	Inf	NO	Q8N3U4
228	T	228	-36.453	7.667	23.465	NA	1.2992700729927	0	0	0	1	0.73035144857476475	Inf	NO	Q8N3U4
229	A	229	-38.411	10.839	22.856	NA	1.29090909090909	0	0	0	1	0.9548104467830012	Inf	NO	Q8N3U4
230	L	230	-41.112	8.758	21.19	NA	1.3003663003663	0	0	0	1	1.5097220914719007	Inf	NO	Q8N3U4
231	V	231	-41.327	6.42	24.164	NA	0.644927536231884	0	0	0	1	1.0918529812106508	Inf	NO	Q8N3U4
232	N	232	-42.221	9.383	26.33	NA	0.651459854014599	0	0	0	1	0.6690250854711707	Inf	NO	Q8N3U4
233	V	233	-45.013	10.483	24.04	NA	0.646739130434783	0	0	0	1	1.412849933304483	Inf	NO	Q8N3U4
234	A	234	-46.395	6.987	24.138	NA	0.644404332129964	0	0	0	1	1.372183096085503	Inf	NO	Q8N3U4
235	L	235	-46.208	6.977	27.907	NA	0.6375	0	0	0	0.9999999999999999	0.29832295517266205	Inf	NO	Q8N3U4
236	N	236	-47.976	10.291	28.171	NA	0.639784946236559	0	0	0	0.9999999999999999	0.46146472547793743	Inf	NO	Q8N3U4
237	L	237	-50.49	8.982	25.701	NA	0.425	0	0	0	1	0.881021353207736	Inf	NO	Q8N3U4
238	S	238	-51.061	5.899	27.759	NA	0.425328554360812	0	0	0	1	0.34356716062349607	Inf	NO	Q8N3U4
239	I	239	-51.73	7.996	30.803	NA	0.42719614921781	0	0	0	1	-0.4341784467198187	Inf	NO	Q8N3U4
240	N	240	-54.123	10.216	28.879	NA	0.43030303030303	0	0	0	0.9999999999999999	-0.07609911927451551	Inf	NO	Q8N3U4
241	M	241	-55.98	7.114	27.809	NA	0.42719614921781	0	0	0	0.9999999999999999	-0.019850258369596797	Inf	NO	Q8N3U4
242	D	242	-56.244	5.95	31.39	NA	0	0	0	0	0.9999999999999999	-0.8422781272402637	Inf	NO	Q8N3U4
243	N	243	-57.569	9.252	32.602	NA	0	0	0	0	0.9999999999999999	-1.0940746990900956	Inf	NO	Q8N3U4
244	T	244	-59.933	9.65	29.695	NA	0.253763440860215	0	0	0	0.9999999999999999	-0.6763190293253256	Inf	NO	Q8N3U4
245	Q	245	-61.281	6.17	30.188	NA	0.254873646209386	0	0	0	0.9999999999999999	-0.7877020958830818	Inf	NO	Q8N3U4
246	R	246	-61.896	6.978	33.828	NA	0.366459627329193	0	0	0	1	-1.3451799045901316	Inf	NO	Q8N3U4
247	Q	247	-63.874	9.98	32.655	NA	0.368831168831169	0	0	0	0.9999999999999999	-1.1492742452810418	Inf	NO	Q8N3U4
248	Y	248	-65.939	7.819	30.371	NA	0.374275171323142	0	0	0	1	-0.9671222296577949	Inf	NO	Q8N3U4
249	E	249	-66.799	5.504	33.212	NA	0.371848739495798	0	0	0	1	-1.2767262493895388	Inf	NO	Q8N3U4
250	A	250	-67.804	8.346	35.476	NA	0.369440083725798	0	0	0	0.9999999999999999	-1.2503896198099025	Inf	NO	Q8N3U4
251	E	251	-70.27	9.585	32.89	NA	0.371848739495798	0	0	0	1	-0.9106300453637967	Inf	NO	Q8N3U4
252	R	252	-71.656	6.141	32.345	NA	0.369440083725798	0	0	0	1	-0.8848289302293498	Inf	NO	Q8N3U4
253	N	253	-72.478	6.068	36.02	NA	0.369747899159664	0	0	0	1	-1.0625909446544124	Inf	NO	Q8N3U4
254	K	254	-73.863	9.57	36.224	NA	0.369747899159664	0	0	0	1	-0.949928402945502	Inf	NO	Q8N3U4
255	M	255	-76.632	9.003	33.637	NA	0.482142857142857	0	0	0	1	-0.8829040674926084	Inf	NO	Q8N3U4
256	I	256	-78.757	12.117	33.755	NA	0.477272727272727	0	0	0	1	-0.8209784249162728	Inf	NO	Q8N3U4
257	G	257	-81.518	13.474	31.589	NA	0.477272727272727	0	0	0	1	-0.7720700925366765	Inf	NO	Q8N3U4
258	K	258	-81.957	10.998	28.809	NA	0.474184782608696	0	0	0	1	-0.725865135417934	Inf	NO	Q8N3U4
259	R	259	-79.406	8.298	28.425	NA	0.474184782608696	1	0	0	1	-0.7486772547390301	Inf	NO	Q8N3U4
260	A	260	-76.446	10.29	29.63	NA	0.472826086956522	0	0	0	1	-0.7931648198395352	Inf	NO	Q8N3U4
261	N	261	-75.15	13.467	28.104	NA	0.474545454545455	1	0	0	1	-0.7097222627315015	Inf	NO	Q8N3U4
262	E	262	-73.79	13.995	24.641	NA	0.544740973312402	0	0	0	1	-0.543242174043196	Inf	NO	Q8N3U4
263	R	263	-70.526	14.202	26.495	NA	0.544740973312402	0	0	0	1	-0.7134390044348398	Inf	NO	Q8N3U4
264	L	264	-70.57	10.446	26.471	NA	0.542752867570386	0	0	0	1	-0.7758952659634217	Inf	NO	Q8N3U4
265	E	265	-70.237	10.362	22.708	NA	0.536874677668901	0	0	0	1	-0.41777932614376395	Inf	NO	Q8N3U4
266	L	266	-67.425	12.873	22.892	NA	0.536485097636177	0	0	0	1	-0.44118063157034604	Inf	NO	Q8N3U4
267	L	267	-65.526	10.824	25.44	NA	0.538026721479959	0	0	0	1	-0.6493709504382221	Inf	NO	Q8N3U4
268	L	268	-65.993	7.822	23.231	NA	0.629496402877698	0	0	0	1	-0.3313208366136547	Inf	NO	Q8N3U4
269	Q	269	-64.766	9.813	20.273	NA	0.628571428571429	0	0	0	0.9999999999999999	0.1266025274738714	Inf	NO	Q8N3U4
270	K	270	-61.762	11.05	22.24	NA	0.628571428571429	1	0	0	0.9999999999999999	-0.15828570875215148	Inf	NO	Q8N3U4
271	R	271	-60.859	7.589	23.401	NA	0.629032258064516	0	0	0	0.9999999999999999	-0.1382307599696677	Inf	NO	Q8N3U4
272	K	272	-60.984	6.618	19.769	NA	0.633093525179856	0	0	0	0.9999999999999999	0.7739723146451483	Inf	NO	Q8N3U4
273	E	273	-58.838	9.496	18.623	NA	0.782918149466192	0	0	0	1	1.0814813610797633	Inf	NO	Q8N3U4
274	L	274	-56.259	8.64	21.254	NA	0.901177675371224	0	0	0	1	0.5842405750744091	Inf	NO	Q8N3U4
275	Q	275	-56.205	5.032	20.163	NA	1.00857142857143	0	0	0	1	1.0212376586630565	Inf	NO	Q8N3U4
276	E	276	-55.5	6.246	16.67	NA	1.01660649819495	0	0	0	1	1.9194123974137989	Inf	NO	Q8N3U4
277	N	277	-52.644	8.254	18.105	NA	1.26811594202899	0	0	0	1	1.504630070594363	Inf	NO	Q8N3U4
278	Q	278	-51.129	5.266	19.84	NA	1.26714801444043	0	0	0	0.9999999999999999	1.7752304744973928	Inf	NO	Q8N3U4
279	D	279	-51.23	3.419	16.566	NA	1.26618705035971	0	0	0	0.9999999999999999	2.7273046434118613	Inf	NO	Q8N3U4
280	E	280	-49.233	6.056	14.733	NA	1.26071428571429	1	0	0	0.9999999999999999	2.1815628044661812	Inf	NO	Q8N3U4
281	I	281	-46.745	6.074	17.599	NA	1.25622775800712	0	0	0	1	2.151961940859509	Inf	NO	Q8N3U4
282	E	282	-46.275	2.312	17.668	NA	1.26523297491039	0	0	0	1	2.8695016653991723	Inf	NO	Q8N3U4
283	N	283	-45.626	2.386	13.957	NA	1.26523297491039	0	0	0	1	2.917743811995554	Inf	NO	Q8N3U4
284	M	284	-42.954	5.047	14.227	NA	1.26523297491039	0	0	0	1	1.9218619832518393	Inf	NO	Q8N3U4
285	M	285	-41.417	3.201	17.14	NA	1.26618705035971	0	0	0	1	2.3702005621487414	Inf	NO	Q8N3U4
286	N	286	-41.49	0.012	15.106	NA	1.27436823104693	0	0	0	1	3.066323306716241	Inf	NO	Q8N3U4
287	A	287	-39.935	1.669	12.087	NA	1.26978417266187	0	0	0	1	1.4183154397582962	Inf	NO	Q8N3U4
288	I	288	-37.011	2.921	14.11	NA	1.25714285714286	2	0	0	1	1.0060643643448473	Inf	NO	Q8N3U4
289	F	289	-36.597	-0.292	16.064	NA	1.24822695035461	0	0	0	1	1.598616908131861	Inf	NO	Q8N3U4
290	K	290	-36.822	-2.66	13.121	NA	1.24822695035461	0	0	0	1	2.174950347977517	Inf	NO	Q8N3U4
291	G	291	-35.131	-0.376	10.638	NA	1.24822695035461	0	0	0	1	0.6110451303559697	Inf	NO	Q8N3U4
292	V	292	-32.266	0.942	12.765	NA	1.23943661971831	0	0	0	1	0.3234861375742135	Inf	NO	Q8N3U4
293	F	293	-31.947	-0.798	16.117	NA	0.831566548881036	0	0	0	1	0.7101037909768352	Inf	NO	Q8N3U4
294	V	294	-32.05	-4.407	15.062	NA	0.833922261484099	0	0	17.116446075130582	0.09910233931274262	0.6558285760314619	Inf	NO	Q8N3U4
295	H	295	-29.154	-3.903	12.672	NA	0.826291079812207	0	0	0	1	0.6916212797691527	Inf	NO	Q8N3U4
296	R	296	-27.185	-1.247	14.56	NA	0.822843822843823	0	0	0	1	0.2282773106690138	Inf	NO	Q8N3U4
297	Y	297	-26.903	-2.776	18.006	NA	0.822843822843823	0	0	0	1	0.20950962293243802	Inf	NO	Q8N3U4
298	R	298	-24.878	-5.396	16.142	NA	0.819976771196283	0	0	0	1	-0.014796042917704205	Inf	NO	Q8N3U4
299	D	299	-22.732	-2.845	14.259	NA	0.923076923076923	0	0	0	1	-0.012375658061150836	Inf	NO	Q8N3U4
300	A	300	-19.117	-3.701	13.512	NA	0.923076923076923	0	0	0	1	0.06886634807601148	Inf	NO	Q8N3U4
301	I	301	-18.051	-0.585	15.348	NA	0.922473867595819	0	0	0	1	-0.21037474916375212	Inf	NO	Q8N3U4
302	A	302	-18.279	-1.039	19.097	NA	0.925699300699301	0	0	0	1	-0.4102613157186021	Inf	NO	Q8N3U4
303	E	303	-19.022	2.603	19.805	NA	0.925087108013937	0	0	0	1	-0.44619706718596575	Inf	NO	Q8N3U4
304	I	304	-22.222	2.211	17.839	NA	0.621052631578947	0	0	0	1	-0.21079923146877325	Inf	NO	Q8N3U4
305	R	305	-23.154	-0.958	19.674	NA	0.623239436619718	0	0	0	1	-0.46375074761991486	Inf	NO	Q8N3U4
306	A	306	-22.801	0.808	22.995	NA	0.625441696113074	0	0	0	0.9999999999999999	-0.746215632675441	Inf	NO	Q8N3U4
307	I	307	-25.098	3.59	21.883	NA	0.625441696113074	0	0	0	0.9999999999999999	-0.291879306234994	Inf	NO	Q8N3U4
308	C	308	-27.879	1.152	21.074	NA	0.621908127208481	0	0	0	1	0.179628864954001	Inf	NO	Q8N3U4
309	I	309	-27.667	-0.839	24.302	NA	0.622775800711744	0	0	0	1	-1.0153475820058377	Inf	NO	Q8N3U4
310	E	310	-27.62	2.277	26.402	NA	0.623214285714286	0	0	0	1	-0.9592372011027814	Inf	NO	Q8N3U4
311	E	311	-30.888	3.603	24.965	NA	0.623655913978495	0	0	0	1	-0.2944638156000797	Inf	NO	Q8N3U4
312	I	312	-32.698	0.294	25.151	NA	0.623214285714286	0	0	17.116446075130582	0.09910233931274262	-0.9175189015270211	Inf	NO	Q8N3U4
313	G	313	-31.821	0.256	28.813	NA	0.415476190476191	0	0	0	1	-1.5823895184675785	Inf	NO	Q8N3U4
314	I	314	-33.35	3.712	29.078	NA	0.414575866188769	1	0	0	1	-0.8355827849495882	Inf	NO	Q8N3U4
315	W	315	-36.533	2.591	27.383	NA	0.310931899641577	0	0	0	1	-0.11503921486768874	Inf	NO	Q8N3U4
316	M	316	-36.957	-0.291	29.799	NA	0.247857142857143	0	0	32.74837392887106	0.06692742285962626	-1.4009064628687777	Inf	NO	Q8N3U4
317	K	317	-36.402	1.952	32.8	NA	0.246808510638298	0	0	0	1	-1.3006865449449108	Inf	NO	Q8N3U4
318	M	318	-38.69	4.742	31.506	NA	0.246478873239437	0	0	0	0.9999999999999999	-0.3459846167237148	Inf	NO	Q8N3U4
319	Y	319	-41.72	2.791	30.348	NA	0.244912280701754	0	0	0	0.9999999999999999	-0.592013964067371	Inf	NO	Q8N3U4
320	S	320	-41.224	-0.561	32.019	NA	0.245070422535211	0	0	0	0.9999999999999999	-1.4760979517598591	Inf	NO	Q8N3U4
321	D	321	-44.747	-1.801	31.476	NA	0.245070422535211	0	0	0	1	-1.514297629144554	Inf	NO	Q8N3U4
322	A	322	-44.268	-1.689	27.722	NA	0.244366197183099	0	0	89.11102855848685	0.033898305084745756	-1.3082590437406807	Inf	NO	Q8N3U4
323	F	323	-40.502	-2.32	27.406	NA	0.203638497652582	0	0	32.74837392887106	0.06692742285962626	-1.0881771076835036	Inf	NO	Q8N3U4
324	L	324	-39.382	-4.513	30.28	NA	0.245229681978799	0	0	32.74837392887106	0.06692742285962626	-1.9447192247342924	Inf	NO	Q8N3U4
325	N	325	-40.13	-7.902	28.821	NA	0.246099290780142	0	0	89.11102855848685	0.033898305084745756	-2.0370606493235477	Inf	NO	Q8N3U4
326	D	326	-37.898	-10.557	27.318	NA	0.243508771929825	0	0	32.74837392887106	0.06692742285962626	-2.2903217878427333	Inf	NO	Q8N3U4
327	S	327	-38.473	-9.287	23.795	NA	0.241958041958042	0	1	89.11102855848685	0.033898305084745756	-2.0754305658881433	Inf	NO	Q8N3U4
328	Y	328	-36.363	-6.24	24.681	NA	0.24280701754386	0	0	32.74837392887106	0.06692742285962626	-1.5087669611249575	Inf	NO	Q8N3U4
329	L	329	-34.185	-7.824	27.384	NA	0.244366197183099	0	0	17.116446075130582	0.09910233931274262	-2.059155741576435	Inf	NO	Q8N3U4
330	K	330	-32.702	-10.528	25.203	NA	0	0	0	32.74837392887106	0.06692742285962626	-1.9728543462383068	Inf	NO	Q8N3U4
331	Y	331	-30.655	-7.941	23.361	NA	0	0	0	89.11102855848685	0.033898305084745756	-1.2768176160654552	Inf	NO	Q8N3U4
332	V	332	-28.968	-6.837	26.546	NA	0	0	0	17.116446075130582	0.09910233931274262	-1.678527649525696	Inf	NO	Q8N3U4
333	G	333	-28.475	-10.483	27.401	NA	0	0	0	32.74837392887106	0.06692742285962626	-2.151712599046975	Inf	NO	Q8N3U4
334	W	334	-26.71	-11.233	24.135	NA	0.207142857142857	0	0	32.74837392887106	0.06692742285962626	-2.008617271060532	Inf	NO	Q8N3U4
335	T	335	-24.665	-8.062	24.327	NA	0.206690561529271	0	0	0	1	-1.5212557543488905	Inf	NO	Q8N3U4
336	M	336	-23.249	-9.036	27.703	NA	0.177800616649538	0	0	0	0.9999999999999999	-2.0859525869692295	Inf	NO	Q8N3U4
337	H	337	-21.25	-11.556	25.674	NA	0.178442496132027	0	0	0	1	-2.2773219606276367	Inf	NO	Q8N3U4
338	D	338	-19.939	-8.824	23.35	NA	0.178442496132027	0	0	0	1	-1.1930243861356689	Inf	NO	Q8N3U4
339	K	339	-16.175	-8.821	22.847	NA	0.179220779220779	0	0	0	1	-1.1700986469311019	Inf	NO	Q8N3U4
340	Q	340	-15.709	-5.171	23.754	NA	0.18025974025974	0	0	0	1	-1.0217474201823784	Inf	NO	Q8N3U4
341	G	341	-15.569	-3.859	27.31	NA	0.18025974025974	0	0	0	1	-1.4846160687101144	Inf	NO	Q8N3U4
342	E	342	-17.273	-0.592	26.484	NA	0.181580324437467	0	0	0	0.9999999999999999	-1.1766982519841047	Inf	NO	Q8N3U4
343	V	343	-20.264	-2.477	25.179	NA	0.180396246089677	0	0	0	0.9999999999999999	-1.0732778431898542	Inf	NO	Q8N3U4
344	R	344	-20.193	-4.845	28.131	NA	0.212792127921279	0	0	0	1	-1.5909443719278673	Inf	NO	Q8N3U4
345	L	345	-20.407	-2.047	30.683	NA	0.211397058823529	0	0	0	1	-1.4402217574158664	Inf	NO	Q8N3U4
346	K	346	-23.46	-0.582	29.054	NA	0.255555555555556	0	0	0	1	-1.3507945828646648	Inf	NO	Q8N3U4
347	C	347	-25.222	-3.888	29.459	NA	0.319444444444444	0	0	0	1	-1.7165147291126481	Inf	NO	Q8N3U4
348	L	348	-24.473	-3.732	33.167	NA	0.257462686567164	0	0	0	1	-1.6389453630957038	Inf	NO	Q8N3U4
349	T	349	-25.404	-0.093	33.571	NA	0.257037037037037	1	0	0	1	-1.432736088693675	Inf	NO	Q8N3U4
350	A	350	-28.694	-0.722	31.845	NA	0.258518518518519	0	0	0	1	-1.6500725198646706	Inf	NO	Q8N3U4
351	L	351	-29.543	-3.583	34.195	NA	0.25830258302583	0	0	0	1	-1.5767587638787823	Inf	NO	Q8N3U4
352	Q	352	-28.527	-1.693	37.302	NA	0.215073529411765	0	0	0	1	-1.2359468024507672	Inf	NO	Q8N3U4
353	G	353	-31.099	0.87	36.263	NA	0.213503649635036	0	0	0	1	-1.3200184425110304	Inf	NO	Q8N3U4
354	L	354	-33.864	-1.723	36.571	NA	0.255474452554745	0	0	0	1	-1.4706811506686954	Inf	NO	Q8N3U4
355	Y	355	-33.055	-2.47	40.207	NA	0.428223844282238	0	0	0	0.9999999999999999	-1.1485227544176153	Inf	NO	Q8N3U4
356	Y	356	-31.725	0.848	41.265	NA	0.428223844282238	0	0	0	0.9999999999999999	-0.998571329547436	Inf	NO	Q8N3U4
357	N	357	-33.75	2.943	43.203	NA	0.432964329643296	0	0	0	1	-1.033662710992714	Inf	NO	Q8N3U4
358	K	358	-36.991	1.139	42.759	NA	0.431372549019608	0	0	0	1	-1.1232511980891426	Inf	NO	Q8N3U4
359	E	359	-38.275	-2.081	41.441	NA	0.434567901234568	0	0	0	1	-1.249898457246679	Inf	NO	Q8N3U4
360	L	360	-40.222	-5.237	42.023	NA	0.437422552664188	0	0	0	1	-1.0559642239796554	Inf	NO	Q8N3U4
361	N	361	-40.371	-7.163	38.787	NA	0.374603174603175	0	0	0	1	-1.388075454344724	Inf	NO	Q8N3U4
362	S	362	-41.078	-10.817	38.063	NA	0.372166578808645	0	0	0	1	-1.4972251344956828	Inf	NO	Q8N3U4
363	K	363	-40.063	-10.501	34.426	NA	0.372166578808645	0	0	32.74837392887106	0.06692742285962626	-1.9465076057465893	Inf	NO	Q8N3U4
364	L	364	-36.718	-9.089	35.404	NA	0.431734317343173	0	0	32.74837392887106	0.06692742285962626	-1.8683506454035401	Inf	NO	Q8N3U4
365	E	365	-35.967	-11.763	37.97	NA	0.257875457875458	0	0	0	1	-1.1686814095658455	Inf	NO	Q8N3U4
366	L	366	-36.695	-14.457	35.427	NA	0.257875457875458	0	0	0	1	-1.5992055428619736	Inf	NO	Q8N3U4
367	F	367	-34.142	-12.891	33.114	NA	0.324448529411765	0	0	32.74837392887106	0.06692742285962626	-2.045507793334589	Inf	NO	Q8N3U4
368	T	368	-31.543	-12.473	35.803	NA	0.326568265682657	0	0	0	1	-1.468505734467227	Inf	NO	Q8N3U4
369	S	369	-31.973	-16.068	36.809	NA	0.259558823529412	0	0	0	1	-1.2173335365676163	Inf	NO	Q8N3U4
370	R	370	-31.232	-17.051	33.238	NA	0.259558823529412	1	0	0	0.9999999999999999	-1.8942687742835993	Inf	NO	Q8N3U4
371	F	371	-28.186	-14.791	33.076	NA	0.258608058608059	0	0	0	0.9999999999999999	-1.8177268425493809	Inf	NO	Q8N3U4
372	K	372	-26.857	-15.047	36.628	NA	0.256	0	0	0	1	-1.165778574780895	Inf	NO	Q8N3U4
373	D	373	-24.089	-17.444	35.691	NA	0.257142857142857	0	0	0	0.9999999999999999	-1.1992416943104267	Inf	NO	Q8N3U4
374	R	374	-22.846	-15.039	33.053	NA	0.257142857142857	0	0	0	1	-1.7547186533817165	Inf	NO	Q8N3U4
375	I	375	-23.04	-12.096	35.446	NA	0.257142857142857	0	0	0	1	-1.40804082080879	Inf	NO	Q8N3U4
376	V	376	-21.041	-13.639	38.277	NA	0.431013431013431	0	0	0	1	-0.7617649344691365	Inf	NO	Q8N3U4
377	S	377	-18.348	-14.553	35.781	NA	0.433455433455434	0	0	0	1	-1.0281810035299497	Inf	NO	Q8N3U4
378	M	378	-18.203	-10.902	34.764	NA	0.373544973544974	0	0	0	1	-1.2064312018921783	Inf	NO	Q8N3U4
379	T	379	-16.942	-10.175	38.233	NA	0.435802469135802	1	0	0	0.9999999999999999	-0.3359801630527369	Inf	NO	Q8N3U4
380	L	380	-13.694	-11.564	36.773	NA	0.435424354243542	0	0	0	1	-0.39764294008081	Inf	NO	Q8N3U4
381	D	381	-14.026	-9.578	33.472	NA	0.432234432234432	0	0	0	1	-1.4974866048544568	Inf	NO	Q8N3U4
382	K	382	-10.775	-8.631	31.742	NA	0.432598039215686	0	0	0	0.9999999999999999	-1.437487436100155	Inf	NO	Q8N3U4
383	E	383	-11.744	-4.983	31.92	NA	0.42979242979243	0	0	0	1	-1.3235956313752404	Inf	NO	Q8N3U4
384	Y	384	-11.697	-3.891	35.557	NA	0.432598039215686	0	0	0	1	-0.40066082901037925	Inf	NO	Q8N3U4
385	D	385	-14.252	-1.177	35.014	NA	0.431013431013431	0	0	0	1	-0.8721644649714694	Inf	NO	Q8N3U4
386	V	386	-16.66	-3.822	33.773	NA	0.260294117647059	0	0	0	1	-1.2969919230415707	Inf	NO	Q8N3U4
387	A	387	-15.956	-6.051	36.736	NA	0.260294117647059	0	0	0	1	-0.6150024905196788	Inf	NO	Q8N3U4
388	V	388	-16.994	-3.405	39.236	NA	0.434194341943419	0	0	0	1	-0.17377042337343304	Inf	NO	Q8N3U4
389	Q	389	-20.381	-2.864	37.65	NA	0.431013431013431	0	0	0	1	-0.870651036071602	Inf	NO	Q8N3U4
390	A	390	-20.968	-6.597	37.615	NA	0.369747899159664	0	0	0	1	-0.9927234108520223	Inf	NO	Q8N3U4
391	I	391	-20.407	-6.728	41.372	NA	0.320255474452555	1	0	0	1	-0.05027047321878598	Inf	NO	Q8N3U4
392	K	392	-22.487	-3.652	41.979	NA	0.366006256517205	0	0	0	1	-0.15886347235293188	Inf	NO	Q8N3U4
393	L	393	-25.244	-5.267	39.97	NA	0.483516483516484	0	0	0	1	-0.8380291256054038	Inf	NO	Q8N3U4
394	L	394	-24.847	-8.43	42.002	NA	0.645756457564576	0	0	0	1	-0.2887255771592259	Inf	NO	Q8N3U4
395	T	395	-25.325	-6.263	45.063	NA	0.642857142857143	0	0	0	1	0.33345491741834643	Inf	NO	Q8N3U4
396	L	396	-28.56	-4.719	43.784	NA	0.64760147601476	0	0	0	1	-0.39454379360872344	Inf	NO	Q8N3U4
397	V	397	-29.78	-8.176	42.892	NA	0.64760147601476	0	0	0	1	-0.6941053580948807	Inf	NO	Q8N3U4
398	L	398	-29.123	-9.161	46.475	NA	0.585374035558537	0	0	0	1	0.4028216485531756	Inf	NO	Q8N3U4
399	Q	399	-31.459	-6.514	47.833	NA	0.59295967190704	0	0	0	0.9999999999999999	0.047322113677842496	Inf	NO	Q8N3U4
400	S	400	-34.491	-7.601	45.859	NA	0.652255639097744	0	0	0	0.9999999999999999	-0.6082531757917464	Inf	NO	Q8N3U4
401	S	401	-33.833	-11.189	46.749	NA	0.58853459972863	0	0	0	1	-0.2735519733609289	Inf	NO	Q8N3U4
402	E	402	-31.195	-13.659	47.984	NA	0.595197255574614	0	0	0	1	0.40276646113522263	Inf	NO	Q8N3U4
403	E	403	-32.873	-16.384	45.953	NA	0.599173553719008	1	0	0	1	-0.3713235255160642	Inf	NO	Q8N3U4
404	V	404	-30.714	-16.418	42.828	NA	0.603180089872105	0	0	0	0.9999999999999999	-0.6200041129977469	Inf	NO	Q8N3U4
405	L	405	-27.285	-16.271	44.415	NA	0.556083650190114	0	0	0	0.9999999999999999	-0.1931517017903069	Inf	NO	Q8N3U4
406	T	406	-26.033	-19.66	45.514	NA	0.620689655172414	1	0	0	1	-0.17544323656628752	Inf	NO	Q8N3U4
407	A	407	-23.324	-20.426	48.025	NA	0.560344827586207	0	0	0	1	0.5736883992025926	Inf	NO	Q8N3U4
408	E	408	-20.6	-20.749	45.439	NA	0.560344827586207	1	0	0	1	0.11523664844496467	Inf	NO	Q8N3U4
409	D	409	-21.622	-17.56	43.72	NA	0.673076923076923	2	0	0	1	-0.02453838413917048	Inf	NO	Q8N3U4
410	C	410	-21.269	-15.43	46.817	NA	0.673076923076923	0	0	0	1	0.6493830043195334	Inf	NO	Q8N3U4
411	E	411	-18.062	-17.169	47.732	NA	0.66793893129771	0	0	0	0.9999999999999999	0.3355535257191423	Inf	NO	Q8N3U4
412	N	412	-16.53	-16.151	44.419	NA	0.670498084291188	0	0	0	1	0.0011976559864276658	Inf	NO	Q8N3U4
413	V	413	-17.386	-12.518	45.077	NA	0.722781065088757	0	0	0	1	0.43388352760539833	Inf	NO	Q8N3U4
414	Y	414	-15.831	-12.739	48.507	NA	0.779262086513995	0	0	0	1	0.2744177829941998	Inf	NO	Q8N3U4
415	H	415	-12.53	-13.782	46.955	NA	0.774081115335868	0	0	0	1	-0.06030617665119949	Inf	NO	Q8N3U4
416	L	416	-12.403	-10.453	45.087	NA	0.774081115335868	0	0	0	0.9999999999999999	0.3333337384092833	Inf	NO	Q8N3U4
417	V	417	-11.808	-8.628	48.35	NA	0.768238993710692	0	0	0	1	0.3464288462049786	Inf	NO	Q8N3U4
418	Y	418	-8.197	-9.792	47.949	NA	0.840288924558588	0	0	0	1	0.1272998178400761	Inf	NO	Q8N3U4
419	S	419	-7.962	-8.267	44.455	NA	0.805970149253731	0	0	0	1	0.436452841833506	Inf	NO	Q8N3U4
420	A	420	-5.069	-6.075	43.37	NA	0.808988764044944	0	0	0	1	0.8115772672133915	Inf	NO	Q8N3U4
421	H	421	-7.471	-3.471	42.012	NA	0.876404494382023	0	0	0	1	0.5633889895006967	Inf	NO	Q8N3U4
422	R	422	-9.106	-1.433	44.746	NA	0.963293310463122	0	0	0	1	0.6387435358753055	Inf	NO	Q8N3U4
423	P	423	-12.318	-0.474	43.042	NA	0.963293310463122	0	0	0	1	0.4371767686509831	Inf	NO	Q8N3U4
424	V	424	-13.322	-4.079	42.595	NA	0.927169811320755	1	0	0	1	0.39474052157598094	Inf	NO	Q8N3U4
425	A	425	-12.217	-4.923	46.11	NA	0.821629213483146	0	0	0	0.9999999999999999	0.6510926436149028	Inf	NO	Q8N3U4
426	V	426	-14.335	-2.2	47.65	NA	0.822368421052632	0	0	0	1	0.8138527650999839	Inf	NO	Q8N3U4
427	A	427	-17.34	-3.209	45.583	NA	0.813197026022305	0	0	0	0.9999999999999999	0.6810827734772723	Inf	NO	Q8N3U4
428	A	428	-16.899	-6.789	46.719	NA	0.804227941176471	1	0	0	0.9999999999999999	0.8524144197428098	Inf	NO	Q8N3U4
429	G	429	-16.421	-5.574	50.264	NA	0.919117647058824	0	0	0	0.9999999999999999	0.9721957728962222	Inf	NO	Q8N3U4
430	E	430	-19.703	-3.729	50.04	NA	0.923280423280423	0	0	0	0.9999999999999999	1.1879112331620767	Inf	NO	Q8N3U4
431	F	431	-21.357	-6.919	48.824	NA	0.926712692511949	0	0	0	1	0.9514467214991131	Inf	NO	Q8N3U4
432	L	432	-19.637	-8.816	51.624	NA	1.0892634207241	0	0	0	1	0.8112069091783054	Inf	NO	Q8N3U4
433	Y	433	-20.926	-6.427	54.223	NA	1.09433962264151	2	0	0	1	0.8331778645334734	Inf	NO	Q8N3U4
434	K	434	-24.531	-6.556	53.164	NA	1.08709273182957	0	0	0	1	1.4580699944872868	Inf	NO	Q8N3U4
435	K	435	-24.479	-10.281	52.882	NA	1.09335839598997	0	0	0	1	1.2240504575392677	Inf	NO	Q8N3U4
436	L	436	-22.678	-11.179	56.14	NA	1.3219696969697	0	0	0	1	0.4003079719898	Inf	NO	Q8N3U4
437	F	437	-22.989	-8.167	58.429	NA	1.30711610486891	0	0	0	1	0.27977422417647846	Inf	NO	Q8N3U4
438	S	438	-26.346	-7.417	59.964	NA	1.04569288389513	0	0	0	1	0.9828189240347048	Inf	NO	Q8N3U4
439	R	439	-27.223	-3.793	59.739	NA	1.04386617100372	1	0	0	1	1.3532349044927279	Inf	NO	Q8N3U4
440	R	440	-29.989	-1.749	61.223	NA	0.976937269372694	0	0	0	1	2.6491498403061793	Inf	NO	Q8N3U4
441	D	441	-30.665	1.86	60.563	NA	0.976937269372694	0	0	0	1	2.3138893858756258	Inf	NO	Q8N3U4
442	P	442	-30.321	2.249	64.273	NA	0.977777777777778	0	0	0	1	1.5147536512517181	Inf	NO	Q8N3U4
443	E	443	-27.728	0.446	66.33	NA	0.974169741697417	0	0	0	1	0.7448457454747694	Inf	NO	Q8N3U4
444	E	444	-28.587	-1.958	69.101	NA	0.863468634686347	0	0	0	1	-0.17419595672691862	Inf	NO	Q8N3U4
445	D	445	-31.373	-0.691	71.26	NA	0.64760147601476	2	0	0	1	0.1935732987562598	Inf	NO	Q8N3U4
446	G	446	-29.023	-0.741	74.176	NA	0.642857142857143	0	0	0	1	-1.4416115768884348	Inf	NO	Q8N3U4
447	M	447	-28.565	-2.992	77.103	NA	0.638181818181818	0	0	0	1	-1.7281235309149008	Inf	NO	Q8N3U4
448	M	448	-31.956	-3.943	78.378	NA	0.633574007220217	1	0	0	1	-1.7465802723274146	Inf	NO	Q8N3U4
449	K	449	-33.264	-5.847	81.358	NA	0	0	0	0	1	-1.9197514018338722	Inf	NO	Q8N3U4
450	R	450	-33.1	-9.581	81.616	NA	0	0	0	0	0.9999999999999999	-2.586981110982115	Inf	NO	Q8N3U4
451	R	451	-29.837	-9.402	79.81	NA	0	0	0	0	0.9999999999999999	-2.523621236414951	Inf	NO	Q8N3U4
452	G	452	-26.141	-10.035	80.234	NA	0	0	0	0	0.9999999999999999	-1.099894008946028	Inf	NO	Q8N3U4
453	R	453	-23.012	-8.161	79.256	NA	0	0	0	0	0.9999999999999999	-0.6064067741399815	Inf	NO	Q8N3U4
454	Q	454	-22.403	-7.729	75.566	NA	0	0	0	0	1	0.007104729025871583	Inf	NO	Q8N3U4
455	G	455	-20.652	-5.144	73.476	NA	0	0	0	0	1	-0.4098007949297594	Inf	NO	Q8N3U4
456	P	456	-22.838	-4.39	70.522	NA	0	0	0	0	1	-0.6032855314914078	Inf	NO	Q8N3U4
457	N	457	-20.204	-4.549	67.767	NA	0	0	0	0	1	0.04143159264170464	Inf	NO	Q8N3U4
458	A	458	-18.464	-7.613	69.127	NA	0	0	0	0	1	-0.4070738328855463	Inf	NO	Q8N3U4
459	N	459	-20.459	-10.11	67.116	NA	0	0	0	0	0.9999999999999999	-0.7316153455906349	Inf	NO	Q8N3U4
460	L	460	-19.543	-8.325	63.915	NA	0	0	0	0	1	-0.37597582600926216	Inf	NO	Q8N3U4
461	V	461	-15.863	-8.404	64.813	NA	0	0	0	0	0.9999999999999999	0.31846546424893424	Inf	NO	Q8N3U4
462	K	462	-15.91	-12.125	65.433	NA	0	0	0	0	1	0.10252072170914903	Inf	NO	Q8N3U4
463	T	463	-17.569	-12.449	62.054	NA	0	0	0	0	1	-0.7715506051373027	Inf	NO	Q8N3U4
464	L	464	-14.755	-10.687	60.234	NA	0	0	0	0	1	-0.5807534313628812	Inf	NO	Q8N3U4
465	V	465	-12.169	-12.823	61.966	NA	0	0	0	0	1	-0.44707863868824327	Inf	NO	Q8N3U4
466	F	466	-14.031	-15.927	60.883	NA	0	0	0	0	1	-0.9718727517177022	Inf	NO	Q8N3U4
467	F	467	-14.248	-14.628	57.353	NA	0	0	0	0	1	-0.6885924891289188	Inf	NO	Q8N3U4
468	F	468	-10.542	-13.932	57.315	NA	0	0	0	0	1	-0.9734178560808406	Inf	NO	Q8N3U4
469	L	469	-9.82	-17.381	58.698	NA	0	0	0	0	1	-0.9598967143205955	Inf	NO	Q8N3U4
470	E	470	-11.98	-19.198	56.19	NA	0	0	0	0	1	-1.7500047546792825	Inf	NO	Q8N3U4
471	S	471	-10.519	-17.488	53.145	NA	0	0	0	0	0.9999999999999999	-1.3454002385136883	Inf	NO	Q8N3U4
472	E	472	-7.215	-19.183	52.314	NA	0	0	0	0	1	-1.84343949337785	Inf	NO	Q8N3U4
473	L	473	-6.029	-16.517	49.872	NA	0	0	0	0	1	-1.2362413102426493	Inf	NO	Q8N3U4
474	H	474	-4.368	-14.121	52.309	NA	0.36382322713258	0	0	0	1	-0.9662852685741772	Inf	NO	Q8N3U4
475	E	475	-2.198	-14.653	55.372	NA	0.362795477903392	0	0	0	1	-0.732180246395828	Inf	NO	Q8N3U4
476	H	476	-2.521	-11.079	56.547	NA	0.420549581839904	0	0	0	1	-0.20376763696662845	Inf	NO	Q8N3U4
477	A	477	-5.477	-8.711	56.932	NA	0.417857142857143	0	0	0	1	-0.2578323439907569	Inf	NO	Q8N3U4
478	A	478	-4.153	-5.597	55.205	NA	0.416370106761566	1	0	0	1	0.5668899564400218	Inf	NO	Q8N3U4
479	Y	479	-6.081	-6.016	51.957	NA	0.413427561837456	0	0	0	1	0.4573276560641669	Inf	NO	Q8N3U4
480	L	480	-9.142	-7.471	53.596	NA	0.413427561837456	0	0	0	1	0.14969295284225145	Inf	NO	Q8N3U4
481	V	481	-9.209	-4.488	55.932	NA	0.412249705535925	0	0	0	1	0.45391813907302353	Inf	NO	Q8N3U4
482	D	482	-8.836	-1.9	53.164	NA	0.411347517730496	0	0	0	0.9999999999999999	1.011439151074727	Inf	NO	Q8N3U4
483	S	483	-11.69	-3.322	51.13	NA	0.415476190476191	0	0	0	1	1.1219656451894975	Inf	NO	Q8N3U4
484	M	484	-13.956	-2.904	54.148	NA	0.530757498729029	0	0	0	1	1.0660321484181845	Inf	NO	Q8N3U4
485	W	485	-12.62	0.506	55.165	NA	0.70516717325228	0	0	0	1	1.0312469204359735	Inf	NO	Q8N3U4
486	D	486	-15.232	2.426	53.211	NA	0.70516717325228	0	0	0	0.9999999999999999	1.2009430238599201	Inf	NO	Q8N3U4
487	C	487	-18.423	0.62	54.249	NA	0.710204081632653	0	0	0	1	1.5256666883317334	Inf	NO	Q8N3U4
488	A	488	-17.279	-0.684	57.673	NA	0.710204081632653	0	0	0	1	0.9694227837951293	Inf	NO	Q8N3U4
489	T	489	-15.442	2.406	58.953	NA	0.835138387484958	1	0	0	1	1.194519655377547	Inf	NO	Q8N3U4
490	E	490	-17.203	2.495	62.322	NA	0.826762246117085	0	0	0	1	0.7394370760981696	Inf	NO	Q8N3U4
491	L	491	-16.694	-1.197	63.052	NA	0.826762246117085	0	0	0	1	0.2578285221733042	Inf	NO	Q8N3U4
492	L	492	-13.002	-1.104	62.154	NA	0.832731648616125	0	0	0	1	0.4241537288156457	Inf	NO	Q8N3U4
493	K	493	-12.114	1.868	64.354	NA	0.841212121212121	0	0	0	0.9999999999999999	1.0447947514032354	Inf	NO	Q8N3U4
494	D	494	-13.705	0.31	67.425	NA	1.01159420289855	0	0	0	1	0.7298906318207043	Inf	NO	Q8N3U4
495	W	495	-10.445	-0.553	69.159	NA	1.01159420289855	0	0	0	1	1.101052933574145	Inf	NO	Q8N3U4
496	E	496	-11.843	-0.794	72.66	NA	1.01449275362319	0	0	0	1	0.8977011835469534	Inf	NO	Q8N3U4
497	C	497	-14.187	-3.496	71.49	NA	1.01527272727273	0	0	0	1	0.3988874705234533	Inf	NO	Q8N3U4
498	M	498	-11.483	-5.541	69.805	NA	1.00869565217391	0	0	0	0.9999999999999999	0.77376135311493	Inf	NO	Q8N3U4
499	N	499	-9.173	-4.946	72.721	NA	1.00143884892086	1	0	0	1	1.4599194535691633	Inf	NO	Q8N3U4
500	S	500	-11.733	-6.426	75.08	NA	1.00719424460432	1	0	0	1	1.1702540915685506	Inf	NO	Q8N3U4
501	L	501	-12.01	-9.728	73.226	NA	1.05294825511432	0	0	0	1	1.3878145989394384	Inf	NO	Q8N3U4
502	L	502	-8.34	-10.429	73.703	NA	1.04916067146283	0	0	0	0.9999999999999999	1.8113781823671764	Inf	NO	Q8N3U4
503	L	503	-8.353	-9.67	77.441	NA	1.04993983152828	0	0	0	1	2.2858319935891784	Inf	NO	Q8N3U4
504	E	504	-11.632	-9.969	79.347	NA	1.26449275362319	0	0	0	1	2.1071697660479214	Inf	NO	Q8N3U4
505	E	505	-12.886	-13.465	78.584	NA	1.26449275362319	0	0	0	1	3.0119699319877173	Inf	NO	Q8N3U4
506	P	506	-15.638	-13.981	80.976	NA	1.27636363636364	0	0	0	0.9999999999999999	2.6770272969405267	Inf	NO	Q8N3U4
507	L	507	-15.842	-17.701	81.416	NA	1.27737226277372	0	0	0	1	4.3592992903111405	Inf	NO	Q8N3U4
508	S	508	-19.316	-17.574	79.986	NA	1.28571428571429	0	0	0	1	2.5864635326640384	Inf	NO	Q8N3U4
509	G	509	-19.809	-17.732	76.264	NA	1.28102189781022	0	0	0	1	2.194447632454098	Inf	NO	Q8N3U4
510	E	510	-20.565	-20.779	74.215	NA	1.27737226277372	0	0	0	1	4.376537546563203	Inf	NO	Q8N3U4
511	E	511	-17.191	-20.557	72.621	NA	1.27737226277372	0	0	0	1	3.480487591255864	Inf	NO	Q8N3U4
512	A	512	-14.282	-18.557	73.906	NA	1.27272727272727	0	0	0	0.9999999999999999	3.3734678321910447	Inf	NO	Q8N3U4
513	L	513	-11.615	-17.604	71.486	NA	1.26811594202899	0	0	0	1	2.673822253948411	Inf	NO	Q8N3U4
514	T	514	-9.362	-20.226	70.066	NA	1.08695652173913	0	0	0	1	1.82923703036902	Inf	NO	Q8N3U4
515	D	515	-5.736	-19.148	69.821	NA	1.05757575757576	0	0	0	1	1.9311292250431276	Inf	NO	Q8N3U4
516	R	516	-5.894	-19.11	66.06	NA	1.05978260869565	1	0	0	1	1.107391852013256	Inf	NO	Q8N3U4
517	Q	517	-8.769	-16.705	66.4	NA	0.914285714285714	0	0	0	1	0.568581452480017	Inf	NO	Q8N3U4
518	E	518	-6.92	-14.568	68.878	NA	0.920229405630865	0	0	0	1	1.4317658071894361	Inf	NO	Q8N3U4
519	S	519	-3.998	-14.236	66.485	NA	0.930416447021613	0	0	0	1	1.0855858432611665	Inf	NO	Q8N3U4
520	A	520	-6.171	-13.322	63.507	NA	0.985074626865672	1	0	0	1	0.0907013687354231	Inf	NO	Q8N3U4
521	L	521	-7.941	-10.747	65.615	NA	0.989661654135338	0	0	0	0.9999999999999999	0.5844182254899639	Inf	NO	Q8N3U4
522	I	522	-4.607	-9.379	66.701	NA	0.992481203007519	0	0	0	1	1.36313082121303	Inf	NO	Q8N3U4
523	E	523	-3.569	-9.153	63.052	NA	0.883895131086142	0	0	0	1	0.6986468724249715	Inf	NO	Q8N3U4
524	I	524	-6.768	-7.508	61.899	NA	0.881398252184769	0	0	0	0.9999999999999999	0.1850429496947694	Inf	NO	Q8N3U4
525	M	525	-6.553	-5.127	64.814	NA	0.881398252184769	0	0	0	1	1.1267407780380447	Inf	NO	Q8N3U4
526	L	526	-3.118	-3.911	63.759	NA	0.883895131086142	1	0	0	1	1.2354212968979195	Inf	NO	Q8N3U4
527	C	527	-4.196	-3.384	60.193	NA	0.883895131086142	0	0	0	0.9999999999999999	0.9300734606538176	Inf	NO	Q8N3U4
528	T	528	-7.081	-1.188	61.215	NA	0.883895131086142	1	0	0	0.9999999999999999	0.8630199893503195	Inf	NO	Q8N3U4
529	I	529	-4.756	0.885	63.359	NA	0.890566037735849	0	0	0	1	0.9766414067026447	Inf	NO	Q8N3U4
530	R	530	-2.039	1.422	60.79	NA	0.889724310776942	0	0	0	0.9999999999999999	0.7157568848666128	Inf	NO	Q8N3U4
531	Q	531	-4.592	2.348	58.179	NA	0.889724310776942	1	0	0	0.9999999999999999	0.6449428752227733	Inf	NO	Q8N3U4
532	A	532	-6.167	4.722	60.645	NA	0.889724310776942	0	0	0	0.9999999999999999	0.6968046491428704	Inf	NO	Q8N3U4
533	A	533	-2.806	6.146	61.69	NA	0.795505617977528	0	0	0	1	0.4371306116045431	Inf	NO	Q8N3U4
534	E	534	-1.239	6.402	58.262	NA	0.787360594795539	0	0	0	1	0.5639277593812186	Inf	NO	Q8N3U4
535	C	535	-3.94	7.724	55.953	NA	0.787360594795539	0	0	0	1	0.4386455813872937	Inf	NO	Q8N3U4
536	H	536	-3.038	5.805	52.793	NA	0.729684908789387	0	0	0	1	0.6863870950748564	Inf	NO	Q8N3U4
537	P	537	-4.109	2.402	51.63	NA	0.730337078651686	0	0	0	1	0.7727670906833817	Inf	NO	Q8N3U4
538	P	538	-1.744	-0.522	51.559	NA	0.729684908789387	0	0	0	1	0.6486630774615063	Inf	NO	Q8N3U4
539	V	539	0.705	-0.685	48.696	NA	0.729037587773647	0	0	0	1	0.7117757009405979	Inf	NO	Q8N3U4
540	G	540	-0.893	-1.279	45.322	NA	0.731757877280265	0	0	0	0.9999999999999999	0.8730203045070865	Inf	NO	Q8N3U4
541	R	541	-4.201	0.024	46.595	NA	0.731757877280265	0	0	0	1	0.7766619932072456	Inf	NO	Q8N3U4
542	G	542	-3.131	3.646	46.547	NA	0.651851851851852	0	0	0	1	0.78573168449339	Inf	NO	Q8N3U4
543	T	543	-3.393	6.172	43.765	NA	0.651851851851852	0	0	0	0.9999999999999999	0.9964388353077275	Inf	NO	Q8N3U4
544	G	544	0.334	6.3	44.186	NA	0.562400424853956	0	0	0	0.9999999999999999	0.6735146455599454	Inf	NO	Q8N3U4
545	K	545	-0.334	9.752	45.479	NA	0.747742963356346	0	0	0	0.9999999999999999	0.6432378073173672	Inf	NO	Q8N3U4
546	R	546	-1.857	10.514	48.834	NA	0.661654135338346	0	0	0	0.9999999999999999	0.519160928782587	Inf	NO	Q8N3U4
547	V	547	-4.296	13.35	49.268	NA	0.562899786780384	1	0	0	0.9999999999999999	0.12247447283078965	Inf	NO	Q8N3U4
548	L	548	-5.241	14.712	52.531	NA	0.56661316211878	0	0	0	0.9999999999999999	-0.14207941399908836	Inf	NO	Q8N3U4
549	T	549	-8.286	16.891	53.061	NA	0.56661316211878	0	0	0	0.9999999999999999	-0.4591265841224754	Inf	NO	Q8N3U4
550	A	550	-8.838	18.912	56.198	NA	0.49765037593985	0	0	0	0.9999999999999999	-0.659993926091069	Inf	NO	Q8N3U4
551	K	551	-11.48	16.562	57.529	NA	0.380236305048335	0	0	0	0.9999999999999999	-0.4490860412740506	Inf	NO	Q8N3U4
552	E	552	-9.187	13.625	57.04	NA	0.382749326145553	0	0	0	0.9999999999999999	0.02401958160511572	Inf	NO	Q8N3U4
553	K	553	-6.438	15.222	59.102	NA	0.332706766917293	0	0	0	1	0.0010564335179875405	Inf	NO	Q8N3U4
554	K	554	-8.932	15.695	61.887	NA	0.379514824797844	0	0	0	0.9999999999999999	-0.09594736592495864	Inf	NO	Q8N3U4
555	T	555	-10.025	12.099	61.787	NA	0.500475285171103	0	0	0	1	0.24414987058297868	Inf	NO	Q8N3U4
556	Q	556	-6.403	11.115	61.675	NA	0.50381679389313	0	0	0	1	0.21781322531590755	Inf	NO	Q8N3U4
557	L	557	-5.525	13.145	64.733	NA	0.597701149425287	0	0	0	0.9999999999999999	-0.0854157818483946	Inf	NO	Q8N3U4
558	D	558	-8.63	11.921	66.486	NA	0.594295444870158	0	0	0	0.9999999999999999	-0.045466585304677634	Inf	NO	Q8N3U4
559	D	559	-7.731	8.383	65.506	NA	0.594295444870158	0	0	0	1	0.6527585675954026	Inf	NO	Q8N3U4
560	R	560	-4.198	8.52	66.853	NA	0.594295444870158	1	0	0	1	0.324223399868537	Inf	NO	Q8N3U4
561	T	561	-5.232	9.881	70.227	NA	0.662878787878788	0	0	0	0.9999999999999999	0.12384926199072528	Inf	NO	Q8N3U4
562	K	562	-7.951	7.336	70.716	NA	0.664772727272727	0	0	0	1	0.5792074924403292	Inf	NO	Q8N3U4
563	I	563	-5.372	4.74	69.803	NA	0.587002096436059	0	0	0	1	0.740286109667544	Inf	NO	Q8N3U4
564	T	564	-2.526	6.102	71.886	NA	0.656015037593985	0	0	0	1	0.3878186241778679	Inf	NO	Q8N3U4
565	E	565	-4.64	6.526	74.97	NA	0.655430711610487	0	0	0	1	0.4290871863903589	Inf	NO	Q8N3U4
566	L	566	-6.294	3.161	74.636	NA	0.659774436090226	0	0	0	0.9999999999999999	0.8286958054442638	Inf	NO	Q8N3U4
567	F	567	-3.113	1.296	73.762	NA	0.657303370786517	0	0	0	1	0.6748045706452517	Inf	NO	Q8N3U4
568	A	568	-0.799	2.978	76.2	NA	0.655430711610487	0	0	0	1	0.4849049065142971	Inf	NO	Q8N3U4
569	V	569	-2.683	1.062	78.876	NA	0.653558052434457	1	0	0	1	0.9312002181415242	Inf	NO	Q8N3U4
570	A	570	-3.784	-2.055	76.959	NA	0.649253731343284	1	0	0	0.9999999999999999	1.3797531739313529	Inf	NO	Q8N3U4
571	L	571	-0.513	-2.853	75.232	NA	0.647388059701493	0	0	0	1	1.1726276811967231	Inf	NO	Q8N3U4
572	P	572	1.447	-3.918	78.275	NA	0.651685393258427	1	0	0	0.9999999999999999	1.0207586422666362	Inf	NO	Q8N3U4
573	Q	573	-1.392	-6.174	79.327	NA	0.579275905118602	0	0	0	0.9999999999999999	1.3210479106519208	Inf	NO	Q8N3U4
574	L	574	-1.418	-7.53	75.798	NA	0.579782790309106	0	0	0	0.9999999999999999	1.3722736838986087	Inf	NO	Q8N3U4
575	L	575	2.259	-8.383	75.648	NA	0.651685393258427	0	0	0	1	1.1301698770317665	Inf	NO	Q8N3U4
576	A	576	1.978	-10.036	79.004	NA	0.574969021065675	1	0	0	1	1.154391966746216	Inf	NO	Q8N3U4
577	K	577	-0.854	-12.315	77.982	NA	0.649253731343284	0	0	0	1	1.2510691111171743	Inf	NO	Q8N3U4
578	Y	578	0.561	-13.313	74.579	NA	0.574969021065675	0	0	0	1	1.2245503341506738	Inf	NO	Q8N3U4
579	S	579	4.342	-12.841	75.082	NA	0.649253731343284	0	0	0	1	1.0930487959026043	Inf	NO	Q8N3U4
580	V	580	5.165	-16.527	74.506	NA	0.650375939849624	0	0	0	1	1.2797267895772997	Inf	NO	Q8N3U4
581	D	581	3.846	-16.479	70.913	NA	0.746091644204852	0	0	0	1	1.4312791655277655	Inf	NO	Q8N3U4
582	A	582	6.025	-15.07	68.118	NA	0.746091644204852	0	0	0	0.9999999999999999	1.413438618646572	Inf	NO	Q8N3U4
583	E	583	3.398	-14.146	65.536	NA	0.751765344921238	0	0	0	1	1.445346247153279	Inf	NO	Q8N3U4
584	K	584	1.3	-12.254	68.05	NA	0.884615384615385	0	0	0	1	1.4306382680448861	Inf	NO	Q8N3U4
585	V	585	4.121	-10.332	69.635	NA	0.882882882882883	0	0	0	1	1.1730753409689891	Inf	NO	Q8N3U4
586	T	586	5.648	-9.339	66.36	NA	0.794594594594595	0	0	0	1	1.2268122598058626	Inf	NO	Q8N3U4
587	N	587	2.353	-7.799	65.416	NA	0.789230769230769	0	0	0	1	1.1105170987913977	Inf	NO	Q8N3U4
588	L	588	1.578	-6.221	68.822	NA	0.657692307692308	0	0	0	1	1.1701583182608797	Inf	NO	Q8N3U4
589	L	589	5.064	-4.732	69.001	NA	0.655769230769231	0	0	0	1	0.878075568492729	Inf	NO	Q8N3U4
590	Q	590	4.31	-2.584	65.955	NA	0.650763358778626	1	0	0	1	0.9137055055521603	Inf	NO	Q8N3U4
591	L	591	1.621	-0.556	67.748	NA	0.650763358778626	0	0	0	1	0.7994775372566382	Inf	NO	Q8N3U4
592	P	592	3.726	2.119	69.446	NA	0.432950191570881	0	0	0	1	0.539429866342261	Inf	NO	Q8N3U4
593	Q	593	5.032	3.255	66.081	NA	0.431673052362708	0	0	0	1	0.4549157067792677	Inf	NO	Q8N3U4
594	Y	594	1.522	4.613	65.48	NA	0.436692506459948	0	0	0	1	0.5294265012654987	Inf	NO	Q8N3U4
595	F	595	1.318	6.637	68.73	NA	0.434615384615385	0	0	0	1	0.20754895221718514	Inf	NO	Q8N3U4
596	D	596	1.366	10.335	69.424	NA	0.433842239185751	0	0	0	1	0.08342819449868498	Inf	NO	Q8N3U4
597	L	597	4.082	10.163	72.081	NA	0.435504469987229	0	0	0	1	0.3674653149161843	Inf	NO	Q8N3U4
598	E	598	3.46	13.454	73.9	NA	0.435114503816794	0	0	0	1	0.5089009069282802	Inf	NO	Q8N3U4
599	I	599	0.399	11.714	75.323	NA	0.435994930291508	0	0	0	1	0.4107788606118166	Inf	NO	Q8N3U4
600	Y	600	2.656	9.757	77.641	NA	0.435994930291508	0	0	0	1	0.6620098097788388	Inf	NO	Q8N3U4
601	T	601	3.658	12.807	79.666	NA	0.433080808080808	0	0	0	1	0.670253648928583	Inf	NO	Q8N3U4
602	T	602	0.605	15.057	79.367	NA	0.780228136882129	0	0	0	1	0.39668045229426446	Inf	NO	Q8N3U4
603	G	603	-1.586	12.008	79.85	NA	0.774339622641509	0	0	0	0.9999999999999999	0.5400259650186836	Inf	NO	Q8N3U4
604	R	604	0.536	11.175	82.905	NA	0.974431818181818	0	0	0	0.9999999999999999	0.7700837344444854	Inf	NO	Q8N3U4
605	L	605	0.827	7.628	81.556	NA	0.778867924528302	0	0	0	1	0.8465033622701748	Inf	NO	Q8N3U4
606	E	606	4.5	7.102	82.492	NA	0.778867924528302	0	0	0	0.9999999999999999	1.0525602759394193	Inf	NO	Q8N3U4
607	K	607	3.718	4.213	84.791	NA	0.773033707865169	0	0	0	1	1.321701909537352	Inf	NO	Q8N3U4
608	H	608	2.362	2.329	81.77	NA	0.778867924528302	0	0	0	1	0.998702992331777	Inf	NO	Q8N3U4
609	L	609	5.352	3.223	79.643	NA	0.973584905660377	0	0	0	1	0.8483504524237193	Inf	NO	Q8N3U4
610	D	610	7.663	1.78	82.251	NA	0.969924812030075	0	0	0	1	1.2642305246790184	Inf	NO	Q8N3U4
611	A	611	5.471	-1.305	82.231	NA	0.976415094339623	0	0	0	0.9999999999999999	1.1600013027969607	Inf	NO	Q8N3U4
612	L	612	5.747	-1.587	78.464	NA	0.972744360902256	0	0	0	1	0.9246491060680905	Inf	NO	Q8N3U4
613	L	613	9.513	-1.514	78.434	NA	0.972744360902256	0	0	0	1	0.9647299069393472	Inf	NO	Q8N3U4
614	R	614	9.545	-4.248	81.029	NA	0.778195488721805	0	0	0	1	1.1528788227635458	Inf	NO	Q8N3U4
615	Q	615	7.513	-6.478	78.749	NA	0.782706766917293	0	0	0	1	1.1281621352424736	Inf	NO	Q8N3U4
616	I	616	9.69	-5.737	75.776	NA	0.784090909090909	0	0	0	1	1.0327183980239556	Inf	NO	Q8N3U4
617	R	617	12.823	-6.442	77.771	NA	0.784090909090909	2	0	0	0.9999999999999999	0.8024617853885345	Inf	NO	Q8N3U4
618	N	618	11.311	-9.687	78.955	NA	0.786363636363636	0	0	0	1	1.296302585246135	Inf	NO	Q8N3U4
619	I	619	10.406	-10.505	75.378	NA	0.879594423320659	0	0	0	0.9999999999999999	1.1074390674997066	Inf	NO	Q8N3U4
620	V	620	13.786	-9.726	73.907	NA	0.877059569074778	0	0	0	1	0.34275106119965054	Inf	NO	Q8N3U4
621	E	621	15.373	-12.098	76.369	NA	0.875471698113208	1	0	0	1	0.0013538009436979794	Inf	NO	Q8N3U4
622	K	622	13.018	-15.079	75.906	NA	0.869674185463659	0	0	0	1	0.8089191049663731	Inf	NO	Q8N3U4
623	H	623	12.903	-14.932	72.097	NA	0.925628678437667	0	0	0	1	0.24266348049874092	Inf	NO	Q8N3U4
624	T	624	15.363	-15.911	69.373	NA	0.963888888888889	1	0	0	1	-0.5529196589899315	Inf	NO	Q8N3U4
625	D	625	13.108	-15.415	66.325	NA	0.995098039215686	0	0	0	1	0.39931936832618414	Inf	NO	Q8N3U4
626	T	626	14.408	-12.881	63.832	NA	0.894160583941606	0	0	0	0.9999999999999999	-0.17119579648359035	Inf	NO	Q8N3U4
627	D	627	11.154	-11.02	63.304	NA	0.812231404958678	0	0	0	1	0.8959818440418733	Inf	NO	Q8N3U4
628	V	628	10.384	-10.697	66.995	NA	0.811594202898551	0	0	0	0.9999999999999999	0.8286829832249107	Inf	NO	Q8N3U4
629	L	629	13.778	-9.173	67.64	NA	0.815195753151958	0	0	0	0.9999999999999999	0.16320300024219278	Inf	NO	Q8N3U4
630	E	630	13.318	-6.804	64.744	NA	0.749391727493917	0	0	0	1	0.3105554473281924	Inf	NO	Q8N3U4
631	A	631	10.019	-5.555	66.087	NA	0.749391727493917	0	0	0	1	0.6951505710442857	Inf	NO	Q8N3U4
632	C	632	11.545	-5.03	69.501	NA	0.746666666666667	0	0	0	1	0.6364494079598397	Inf	NO	Q8N3U4
633	S	633	14.491	-3.138	68.108	NA	0.642335766423358	0	0	0	1	0.07580869551373615	Inf	NO	Q8N3U4
634	K	634	12.331	-1.088	65.788	NA	0.642335766423358	1	0	0	1	0.3683073636166362	Inf	NO	Q8N3U4
635	T	635	9.921	-0.297	68.618	NA	0.634892086330935	0	0	0	1	0.568694446960547	Inf	NO	Q8N3U4
636	Y	636	12.646	0.846	70.967	NA	0.705435651478817	0	0	0	1	0.5807387243081498	Inf	NO	Q8N3U4
637	H	637	13.76	3.148	68.224	NA	0.639492753623188	0	0	0	1	0.21349890821181	Inf	NO	Q8N3U4
638	A	638	10.35	4.794	68.003	NA	0.634892086330935	1	0	0	1	0.3335011777013984	Inf	NO	Q8N3U4
639	L	639	10.229	5.302	71.769	NA	0.634892086330935	1	0	0	1	0.60439953265373	Inf	NO	Q8N3U4
640	C	640	13.785	6.709	71.705	NA	0.70343725019984	1	0	0	1	0.5964710759302942	Inf	NO	Q8N3U4
641	N	641	12.742	9.915	69.922	NA	0.701438848920863	0	0	0	1	0.3806446618530414	Inf	NO	Q8N3U4
642	E	642	14.506	12.99	71.358	NA	0.705976734857601	0	0	0	1	0.7004118667864737	Inf	NO	Q8N3U4
643	E	643	11.777	15.43	70.401	NA	0.705435651478817	0	0	0	1	0.521423207115198	Inf	NO	Q8N3U4
644	F	644	9.763	13.984	73.274	NA	0.705976734857601	0	0	0	1	0.42985286242460236	Inf	NO	Q8N3U4
645	T	645	10.213	14.381	77.027	NA	0.788530465949821	0	0	0	1	0.6410009017888012	Inf	NO	Q8N3U4
646	I	646	9.822	10.609	77.292	NA	0.788530465949821	0	0	0	1	0.795399398794415	Inf	NO	Q8N3U4
647	F	647	13.268	9.951	75.81	NA	0.79136690647482	0	0	0	1	0.7232346428185605	Inf	NO	Q8N3U4
648	N	648	15.346	10.02	78.978	NA	0.797101449275362	0	0	0	1	1.0125805004536468	Inf	NO	Q8N3U4
649	R	649	13.156	7.429	80.616	NA	0.797101449275362	0	0	0	1	1.0482768190237979	Inf	NO	Q8N3U4
650	V	650	13.518	5.134	77.62	NA	0.726147498710676	0	0	0	0.9999999999999999	1.0160637020083814	Inf	NO	Q8N3U4
651	D	651	17.189	5.814	77.043	NA	0.725590955806783	0	0	0	1	0.7301001217175576	Inf	NO	Q8N3U4
652	I	652	17.937	4.455	80.461	NA	0.787946428571429	0	0	0	1	0.8055597955910717	Inf	NO	Q8N3U4
653	S	653	15.778	1.465	79.744	NA	0.707434052757794	0	0	0	1	1.0093008762845528	Inf	NO	Q8N3U4
654	R	654	17.711	0.876	76.541	NA	0.632616487455197	0	0	0	0.9999999999999999	0.548889005934405	Inf	NO	Q8N3U4
655	S	655	21.109	1.25	78.16	NA	0.562325766626842	1	0	0	1	0.320316198297937	Inf	NO	Q8N3U4
656	Q	656	20.227	-1.298	80.793	NA	0.474462365591398	0	0	0	1	0.5197999758619054	Inf	NO	Q8N3U4
657	L	657	19.071	-3.979	78.378	NA	0.541836734693878	0	0	0	1	0.3587713504508041	Inf	NO	Q8N3U4
658	I	658	22.178	-3.548	76.278	NA	0.542242703533026	0	0	0	1	-0.48780600823068015	Inf	NO	Q8N3U4
659	D	659	24.551	-3.818	79.194	NA	0.542242703533026	0	0	0	1	-0.2767441838988777	Inf	NO	Q8N3U4
660	E	660	22.946	-7.139	79.988	NA	0.538383324860193	0	0	0	0.9999999999999999	-0.1775300672565361	Inf	NO	Q8N3U4
661	L	661	23.293	-8.365	76.418	NA	0.628113879003559	0	0	0	0.9999999999999999	-0.9559782358514357	Inf	NO	Q8N3U4
662	A	662	26.881	-7.267	75.955	NA	0.628113879003559	0	0	0	0.9999999999999999	-0.9698909762399149	Inf	NO	Q8N3U4
663	D	663	28.043	-8.665	79.26	NA	0.627659574468085	0	0	0	1	-0.594289924244964	Inf	NO	Q8N3U4
664	K	664	26.398	-12.003	78.591	NA	0.631672597864769	0	0	0	1	-1.1306978628480815	Inf	NO	Q8N3U4
665	F	665	27.948	-11.998	75.158	NA	0.632616487455197	0	0	0	1	-1.2856509451576976	Inf	NO	Q8N3U4
666	N	666	31.497	-11.738	76.464	NA	0.628571428571429	0	0	0	1	-0.7031107438851879	Inf	NO	Q8N3U4
667	R	667	31.006	-14.625	78.837	NA	0.630824372759857	2	0	0	1	-0.8690368278200689	Inf	NO	Q8N3U4
668	L	668	29.594	-16.89	76.165	NA	0.633574007220217	0	0	0	1	-1.3672609091074008	Inf	NO	Q8N3U4
669	L	669	32.546	-16.007	73.987	NA	0.547880690737834	1	0	0	1	-0.9517735664941654	Inf	NO	Q8N3U4
670	E	670	35.034	-17.067	76.632	NA	0.549450549450549	0	0	0	0.9999999999999999	-0.6833204358684306	Inf	NO	Q8N3U4
671	D	671	34.006	-20.71	76.995	NA	0.426129426129426	0	0	0	1	-1.1197998693244886	Inf	NO	Q8N3U4
672	F	672	33.124	-20.903	73.311	NA	0.426470588235294	0	0	0	0.9999999999999999	-1.1508547608643502	Inf	NO	Q8N3U4
673	L	673	36.521	-19.724	72.066	NA	0.426470588235294	0	0	0	0.9999999999999999	-0.5670069103957894	Inf	NO	Q8N3U4
674	Q	674	38.704	-21.699	74.466	NA	0.424242424242424	0	0	0	1	-0.6161213426275682	Inf	NO	Q8N3U4
675	E	675	40.8	-24.375	72.816	NA	0.425454545454545	0	0	0	0.9999999999999999	-0.7634827192179303	Inf	NO	Q8N3U4
676	G	676	39.961	-27.235	75.129	NA	0.428571428571429	0	0	0	1	-1.073462198401119	Inf	NO	Q8N3U4
677	E	677	36.234	-27.143	74.657	NA	0.367049009384776	0	0	0	0.9999999999999999	-1.2585589161608324	Inf	NO	Q8N3U4
678	E	678	35.005	-27.929	71.213	NA	0.363073749355338	0	0	0	1	-1.0723800911011585	Inf	NO	Q8N3U4
679	P	679	31.559	-26.463	71.304	NA	0.316546762589928	0	0	0	0.9999999999999999	-1.2430950918992747	Inf	NO	Q8N3U4
680	D	680	28.663	-28.606	70.194	NA	0.318840579710145	0	0	0	1	-1.5311493230598086	Inf	NO	Q8N3U4
681	E	681	25.414	-27.645	68.54	NA	0.318592057761733	0	0	0	1	-1.2700454973092445	Inf	NO	Q8N3U4
682	D	682	24.021	-26.578	71.898	NA	0.317204301075269	0	0	0	1	-2.0881376573752677	Inf	NO	Q8N3U4
683	D	683	26.887	-24.376	72.944	NA	0.181259600614439	0	0	0	0.9999999999999999	-1.614001373012443	Inf	NO	Q8N3U4
684	A	684	26.611	-22.623	69.611	NA	0.213333333333333	0	0	0	1	-1.3160623768164814	Inf	NO	Q8N3U4
685	Y	685	22.907	-21.808	69.804	NA	0	0	0	0	0.9999999999999999	-1.5720146108946127	Inf	NO	Q8N3U4
686	Q	686	23.553	-20.257	73.158	NA	0	0	0	0	1	-1.4113125419194361	Inf	NO	Q8N3U4
687	V	687	25.836	-17.843	71.355	NA	0	0	0	0	1	-1.146309617063748	Inf	NO	Q8N3U4
688	L	688	23.626	-17.402	68.332	NA	0	0	0	0	1	-0.8983840369329498	Inf	NO	Q8N3U4
689	S	689	20.599	-16.65	70.434	NA	0	0	0	0	1	-0.9344451958938903	Inf	NO	Q8N3U4
690	T	690	22.5	-13.964	72.287	NA	0	0	0	0	0.9999999999999999	-0.7606290544515089	Inf	NO	Q8N3U4
691	L	691	24.244	-12.631	69.187	NA	0	0	0	0	1	-0.5177171801349993	Inf	NO	Q8N3U4
692	K	692	21.023	-12.186	67.255	NA	0	0	0	0	1	-0.5055887744156333	Inf	NO	Q8N3U4
693	R	693	19.599	-9.962	69.972	NA	0	0	0	0	1	-0.2910636346897077	Inf	NO	Q8N3U4
694	I	694	22.711	-7.834	69.819	NA	0	0	0	0	0.9999999999999999	-0.39077090881688764	Inf	NO	Q8N3U4
695	T	695	22.745	-7.686	66.043	NA	0	0	0	0	0.9999999999999999	-0.4318773137798614	Inf	NO	Q8N3U4
696	A	696	19.08	-6.764	65.887	NA	0.252554744525547	0	0	0	0.9999999999999999	-0.08581188418716681	Inf	NO	Q8N3U4
697	F	697	19.645	-3.876	68.277	NA	0.250909090909091	0	0	0	0.9999999999999999	-0.198553528049178	Inf	NO	Q8N3U4
698	H	698	22.909	-2.602	66.823	NA	0.420924574209246	0	0	0	1	-0.10841273033868325	Inf	NO	Q8N3U4
699	N	699	21.217	-1.928	63.508	NA	0.477022058823529	0	0	0	1	-0.013305746519532546	Inf	NO	Q8N3U4
700	A	700	18.589	0.441	64.891	NA	0.633699633699634	0	0	0	0.9999999999999999	-0.0033169538532463617	Inf	NO	Q8N3U4
701	H	701	20.538	1.745	67.861	NA	0.563725490196078	0	0	0	1	0.0018690288373105189	Inf	NO	Q8N3U4
702	D	702	23.894	3.507	68.219	NA	0.563288563288563	0	0	0	0.9999999999999999	0.07938454917599004	Inf	NO	Q8N3U4
703	L	703	25.578	1.187	70.748	NA	0.567901234567901	0	0	0	1	-0.016418684258055236	Inf	NO	Q8N3U4
704	S	704	28.972	2.817	70.234	NA	0.567901234567901	0	0	0	0.9999999999999999	0.25488877950774297	Inf	NO	Q8N3U4
705	K	705	29.754	2.729	73.94	NA	0.45954045954046	0	0	0	1	0.04986905151179481	Inf	NO	Q8N3U4
706	W	706	30.28	-0.999	73.721	NA	0.462204462204462	0	0	0	1	-0.13657481526765158	Inf	NO	Q8N3U4
707	D	707	33.394	-1.733	71.662	NA	0.462204462204462	1	0	0	1	0.2539617811558955	Inf	NO	Q8N3U4
708	L	708	31.942	-5	70.379	NA	0.505109489051095	0	0	0	1	-0.03649507922085201	Inf	NO	Q8N3U4
709	F	709	33.956	-4.916	67.179	NA	0.504727272727273	0	0	0	1	0.2481570914414634	Inf	NO	Q8N3U4
710	A	710	36.458	-6.988	69.11	NA	0.559967910148416	0	0	0	1	0.32903676674432636	Inf	NO	Q8N3U4
711	C	711	33.916	-9.68	69.986	NA	0.557953637090328	1	0	0	1	-0.2127513823962549	Inf	NO	Q8N3U4
712	N	712	32.546	-9.949	66.461	NA	0.555555555555555	0	0	0	1	-0.16386887213549395	Inf	NO	Q8N3U4
713	Y	713	35.949	-9.762	64.86	NA	0.559139784946237	1	0	0	1	0.5845025973597486	Inf	NO	Q8N3U4
714	K	714	37.256	-12.447	67.156	NA	0.563176895306859	1	0	0	0.9999999999999999	0.13757406562804841	Inf	NO	Q8N3U4
715	L	715	34.255	-14.548	66.126	NA	0.561572402727637	1	0	0	1	-0.03744827235490132	Inf	NO	Q8N3U4
716	L	716	34.71	-14.017	62.365	NA	0.627697841726619	0	0	0	1	0.6830298096188807	Inf	NO	Q8N3U4
717	K	717	38.429	-14.595	62.239	NA	0.627697841726619	0	0	0	1	0.5164292093611629	Inf	NO	Q8N3U4
718	T	718	37.977	-17.704	64.311	NA	0.684761281883584	0	0	0	1	0.18685308192127972	Inf	NO	Q8N3U4
719	G	719	35.549	-18.962	61.702	NA	0.628623188405797	0	0	0	1	0.6020651380489188	Inf	NO	Q8N3U4
720	I	720	38.106	-18.459	58.974	NA	0.633211678832117	0	0	0	1	0.7315940692264928	Inf	NO	Q8N3U4
721	E	721	40.854	-20.44	60.661	NA	0.630909090909091	0	0	0	1	0.6457248188674312	Inf	NO	Q8N3U4
722	N	722	38.726	-23.296	61.896	NA	0.635531135531136	0	0	0	1	0.20655484752892386	Inf	NO	Q8N3U4
723	G	723	36.531	-23.373	58.836	NA	0.682975113122172	1	0	0	1	0.7371111917511853	Inf	NO	Q8N3U4
724	D	724	33.783	-24.658	61.073	NA	0.720041862899006	0	0	0	1	0.1619501900214097	Inf	NO	Q8N3U4
725	M	725	31.379	-22.013	62.295	NA	0.754909090909091	0	0	0	1	-0.21253132455874837	Inf	NO	Q8N3U4
726	P	726	27.674	-22.375	62.044	NA	0.791514598540146	0	0	0	1	-0.22658762775644625	Inf	NO	Q8N3U4
727	E	727	26.348	-20.263	59.196	NA	0.762043795620438	0	0	0	1	0.36975603952069397	Inf	NO	Q8N3U4
728	Q	728	23.831	-18.426	61.309	NA	0.764835164835165	0	0	0	1	-0.531370906160997	Inf	NO	Q8N3U4
729	I	729	26.537	-17.17	63.609	NA	0.681265206812652	0	0	0	1	-0.904129751926852	Inf	NO	Q8N3U4
730	V	730	28.669	-16.083	60.67	NA	0.68836291913215	0	0	0	1	0.17137504878646778	Inf	NO	Q8N3U4
731	I	731	25.823	-14.243	59.022	NA	0.634545454545455	1	0	0	1	0.4450720397811678	Inf	NO	Q8N3U4
732	H	732	24.922	-12.346	62.172	NA	0.691699604743083	0	0	0	0.9999999999999999	-0.4179772553837757	Inf	NO	Q8N3U4
733	A	733	28.509	-11.624	63.042	NA	0.696748506967485	1	0	0	1	-0.19651613789261707	Inf	NO	Q8N3U4
734	L	734	29.004	-10.215	59.565	NA	0.700729927007299	0	0	0	1	0.6093846069636023	Inf	NO	Q8N3U4
735	Q	735	25.876	-8.136	59.899	NA	0.700729927007299	0	0	0	1	0.26934525739650034	Inf	NO	Q8N3U4
736	C	736	26.766	-6.949	63.346	NA	0.850909090909091	0	0	0	1	-0.187023927903999	Inf	NO	Q8N3U4
737	T	737	30.27	-5.784	62.495	NA	0.847172081829121	0	0	0	1	0.31745631147532327	Inf	NO	Q8N3U4
738	H	738	28.758	-3.996	59.539	NA	0.85024154589372	1	0	0	1	0.7401716601001669	Inf	NO	Q8N3U4
739	Y	739	26.653	-1.933	61.929	NA	0.853333333333333	1	0	0	1	0.31459138379697416	Inf	NO	Q8N3U4
740	V	740	29.553	-1.326	64.277	NA	0.852657004830918	1	0	0	1	0.1595377753992036	Inf	NO	Q8N3U4
741	I	741	31.592	0.137	61.462	NA	0.854014598540146	1	0	0	1	0.6350568471134347	Inf	NO	Q8N3U4
742	L	742	28.669	2.167	60.177	NA	0.815195753151958	0	0	0	0.9999999999999999	0.8598600376363661	Inf	NO	Q8N3U4
743	W	743	27.787	3.693	63.508	NA	0.815850815850816	0	0	0	0.9999999999999999	0.5649669859952392	Inf	NO	Q8N3U4
744	Q	744	31.333	4.852	64.071	NA	0.809917355371901	0	0	0	1	0.569657696455099	Inf	NO	Q8N3U4
745	L	745	31.269	6.505	60.68	NA	0.806982872200264	0	0	0	1	0.7699925468987726	Inf	NO	Q8N3U4
746	A	746	28.274	8.485	61.947	NA	0.813519813519813	0	0	0	1	0.9171266937093903	Inf	NO	Q8N3U4
747	K	747	30.167	10.064	64.879	NA	0.767032967032967	0	0	0	1	0.9467261569248558	Inf	NO	Q8N3U4
748	I	748	32.598	11.932	62.703	NA	0.766423357664234	0	0	0	1	0.8390386338687867	Inf	NO	Q8N3U4
749	T	749	30.868	15.225	63.118	NA	0.798357664233577	0	0	0	1	1.001190675723225	Inf	NO	Q8N3U4
750	E	750	31.453	18.921	63.578	NA	0.909801876955162	0	0	0	1	1.3341674538134234	Inf	NO	Q8N3U4
751	S	751	30.81	18.71	67.277	NA	0.906493506493507	0	0	0	1	1.7118783809980211	Inf	NO	Q8N3U4
752	S	752	33.571	16.332	68.088	NA	0.903896103896104	0	0	0	0.9999999999999999	1.1319890596708224	Inf	NO	Q8N3U4
753	S	753	35.685	14.313	65.865	NA	0.90458811261731	0	0	0	1	0.8894821789446606	Inf	NO	Q8N3U4
754	T	754	38.781	12.574	67.028	NA	0.838164251207729	0	0	0	1	0.8987550160069901	Inf	NO	Q8N3U4
755	K	755	41.422	11.509	64.538	NA	0.747292418772563	0	0	0	1	0.5655481987227764	Inf	NO	Q8N3U4
756	E	756	42.288	8.449	66.572	NA	0.629090909090909	0	0	0	1	0.681409605648678	Inf	NO	Q8N3U4
757	D	757	38.797	7.148	66.138	NA	0.422141119221411	1	0	0	1	0.7116776707228801	Inf	NO	Q8N3U4
758	L	758	39.152	8.076	62.477	NA	0.419082125603865	0	0	0	1	0.5785908504533394	Inf	NO	Q8N3U4
759	L	759	42.397	6.205	61.949	NA	0.422141119221411	0	0	0	1	0.42155525571405594	Inf	NO	Q8N3U4
760	R	760	41.078	3.229	63.848	NA	0.632246376811594	1	0	0	1	0.4464500023348123	Inf	NO	Q8N3U4
761	L	761	37.87	3.244	61.823	NA	0.632246376811594	0	0	0	1	0.6767361002594113	Inf	NO	Q8N3U4
762	K	762	39.893	2.863	58.673	NA	0.846060606060606	0	0	0	1	0.3665505045969153	Inf	NO	Q8N3U4
763	K	763	41.612	-0.11	60.222	NA	0.634545454545455	0	0	0	1	0.2836969905932971	Inf	NO	Q8N3U4
764	Q	764	38.375	-1.916	61.017	NA	0.636363636363636	1	0	0	1	0.6541896918149865	Inf	NO	Q8N3U4
765	M	765	36.866	-1.025	57.676	NA	0.636363636363636	0	0	0	1	0.7580982347495517	Inf	NO	Q8N3U4
766	R	766	39.812	-2.204	55.633	NA	0.758695652173913	0	0	0	1	0.6845326512689823	Inf	NO	Q8N3U4
767	V	767	39.995	-5.366	57.706	NA	0.758695652173913	0	0	0	0.9999999999999999	0.8497886293406995	Inf	NO	Q8N3U4
768	F	768	36.298	-6.139	57.5	NA	0.75812274368231	0	0	0	1	1.0455656417264187	Inf	NO	Q8N3U4
769	C	769	36.371	-5.922	53.717	NA	0.760869565217391	0	0	0	1	0.9131483060067707	Inf	NO	Q8N3U4
770	Q	770	39.014	-8.626	53.748	NA	0.75812274368231	0	0	0	0.9999999999999999	0.8224787815212636	Inf	NO	Q8N3U4
771	I	771	36.854	-10.915	55.849	NA	0.765818181818182	0	0	0	1	0.793886380770507	Inf	NO	Q8N3U4
772	C	772	33.807	-10.415	53.668	NA	0.766423357664234	1	0	0	1	0.940908558691894	Inf	NO	Q8N3U4
773	Q	773	35.993	-11.245	50.71	NA	0.851581508515815	0	0	0	1	0.8657893830822638	Inf	NO	Q8N3U4
774	H	774	37.083	-14.558	52.215	NA	0.848484848484848	0	0	0	1	0.8417045383168036	Inf	NO	Q8N3U4
775	Y	775	33.497	-15.424	53.107	NA	0.846060606060606	0	0	0	0.9999999999999999	0.8690994057894452	Inf	NO	Q8N3U4
776	L	776	32.434	-14.649	49.556	NA	0.631768953068592	0	0	0	0.9999999999999999	0.765080420946854	Inf	NO	Q8N3U4
777	T	777	34.049	-17.938	48.515	NA	0.633574007220217	2	0	0	1	0.8300306741970297	Inf	NO	Q8N3U4
778	N	778	32.73	-19.86	51.558	NA	0.633574007220217	0	0	0	1	0.9559171508368084	Inf	NO	Q8N3U4
779	V	779	31.009	-23.079	50.578	NA	0.756989247311828	0	0	0	1	1.0773401036473107	Inf	NO	Q8N3U4
780	N	780	27.802	-22.053	52.32	NA	0.748936170212766	0	0	0	1	1.0912392820447145	Inf	NO	Q8N3U4
781	T	781	25.531	-20.326	49.817	NA	0.744169611307421	0	0	0	0.9999999999999999	0.9891110105920878	Inf	NO	Q8N3U4
782	T	782	23.537	-18.118	52.179	NA	0.743157894736842	0	0	0	1	0.8519184251584648	Inf	NO	Q8N3U4
783	V	783	26.762	-16.921	53.733	NA	0.74006968641115	0	0	0	0.9999999999999999	1.0210840243498849	Inf	NO	Q8N3U4
784	K	784	28.046	-15.84	50.342	NA	0.745774647887324	0	0	0	0.9999999999999999	0.7708181849006966	Inf	NO	Q8N3U4
785	E	785	24.937	-13.809	49.785	NA	0.751063829787234	0	0	0	0.9999999999999999	0.48521513603193084	Inf	NO	Q8N3U4
786	Q	786	25.274	-12.263	53.216	NA	0.759139784946237	0	0	0	0.9999999999999999	0.7954547257754818	Inf	NO	Q8N3U4
787	A	787	28.906	-11.335	52.648	NA	0.761290322580645	0	0	0	1	0.9507421730980324	Inf	NO	Q8N3U4
788	F	788	28.148	-10.089	49.156	NA	0.755871886120997	0	0	0	0.9999999999999999	0.4067841069267355	Inf	NO	Q8N3U4
789	T	789	25.445	-7.576	50.045	NA	0.753191489361702	0	0	0	1	0.06783544908666551	Inf	NO	Q8N3U4
790	I	790	27.375	-6.149	52.943	NA	0.756428571428571	0	0	0	1	0.8450875243676071	Inf	NO	Q8N3U4
791	L	791	30.371	-5.656	50.714	NA	0.756428571428571	0	0	0	1	0.5718555428915381	Inf	NO	Q8N3U4
792	C	792	28.326	-3.954	48.018	NA	0.759139784946237	0	0	0	1	-0.21492190714763137	Inf	NO	Q8N3U4
793	D	793	26.978	-1.674	50.718	NA	0.635379061371841	0	0	0	1	0.09407920372686007	Inf	NO	Q8N3U4
794	I	794	30.35	-0.717	52.194	NA	0.959239130434783	1	0	0	1	0.43842165739894173	Inf	NO	Q8N3U4
795	L	795	31.905	-0.151	48.82	NA	0.960766423357664	0	0	0	1	-0.05549504524444956	Inf	NO	Q8N3U4
796	M	796	29.169	2.322	48.043	NA	0.966240875912409	0	0	0	1	-0.5946515321936356	Inf	NO	Q8N3U4
797	I	797	29.352	4.002	51.417	NA	0.641818181818182	0	0	0	1	0.3537143388560685	Inf	NO	Q8N3U4
798	F	798	33.158	4.29	51.493	NA	0.637184115523466	0	0	0	1	0.4818394240932225	Inf	NO	Q8N3U4
799	S	799	33.201	5.186	47.825	NA	0.641818181818182	0	0	0	1	-0.2434456646186815	Inf	NO	Q8N3U4
800	H	800	34.819	8.384	46.577	NA	0.642857142857143	0	0	0	1	-0.045008984338139685	Inf	NO	Q8N3U4
801	Q	801	31.332	9.798	46.852	NA	0.774907749077491	0	0	0	1	0.03565803118620231	Inf	NO	Q8N3U4
802	I	802	31.576	9.743	50.635	NA	0.769852941176471	0	0	0	1	0.36710019751994655	Inf	NO	Q8N3U4
803	M	803	33.365	13.1	50.545	NA	0.769852941176471	0	0	0	1	0.3447945780171905	Inf	NO	Q8N3U4
804	S	804	30.848	14.809	48.261	NA	0.764835164835165	0	0	0	1	0.40027932237701186	Inf	NO	Q8N3U4
805	G	805	28.688	16.963	50.518	NA	0.639705882352941	0	0	0	1	0.47769255352928996	Inf	NO	Q8N3U4
806	G	806	29.976	14.791	53.217	NA	0.551924090669478	0	0	0	1	0.6196535478934722	Inf	NO	Q8N3U4
807	R	807	33.267	16.311	53.612	NA	0.643382352941177	1	0	0	1	0.5007622437071498	Inf	NO	Q8N3U4
808	D	808	36.837	16.469	52.541	NA	0.638686131386861	0	0	0	1	0.34231608527213336	Inf	NO	Q8N3U4
809	M	809	37.599	15.444	56.094	NA	0.641025641025641	1	0	0	1	0.5263615476013551	Inf	NO	Q8N3U4
810	L	810	36.418	12.035	54.916	NA	0.511355311355311	0	0	0	1	0.477456241403973	Inf	NO	Q8N3U4
811	E	811	39.153	11.703	52.286	NA	0.509489051094891	0	0	0	1	0.11861851939913101	Inf	NO	Q8N3U4
812	P	812	41.304	9.181	54.199	NA	0.503971119133574	0	0	0	1	0.14864156291048658	Inf	NO	Q8N3U4
813	L	813	38.327	6.794	54.438	NA	0.507246376811594	0	0	0	1	0.4028477575187256	Inf	NO	Q8N3U4
814	V	814	37.821	6.401	50.677	NA	0.507246376811594	0	0	0	1	0.4230125464846417	Inf	NO	Q8N3U4
815	Y	815	38.241	2.834	49.538	NA	0.422705314009662	0	0	0	1	0.42537736064241716	Inf	NO	Q8N3U4
816	T	816	38.834	1.482	46.036	NA	0.421179302045728	1	0	0	1	0.025249466725165735	Inf	NO	Q8N3U4
817	P	817	38.342	-2.169	45.481	NA	0.543896103896104	0	0	0	1	0.1292014747557948	Inf	NO	Q8N3U4
818	D	818	41.234	-4.113	43.822	NA	0.541925465838509	0	0	0	0.9999999999999999	0.04702244471970291	Inf	NO	Q8N3U4
819	S	819	40.834	-5.588	40.4	NA	0.541925465838509	0	0	0	0.9999999999999999	-0.4868035570189604	Inf	NO	Q8N3U4
820	S	820	40.78	-8.906	42.197	NA	0.632246376811594	0	0	0	0.9999999999999999	-0.05460167042135459	Inf	NO	Q8N3U4
821	L	821	37.823	-8.033	44.376	NA	0.632246376811594	0	0	0	1	0.28865904393617003	Inf	NO	Q8N3U4
822	Q	822	36.141	-6.419	41.407	NA	0.631768953068592	0	0	0	0.9999999999999999	-0.549526501989481	Inf	NO	Q8N3U4
823	S	823	36.105	-9.713	39.533	NA	0.629496402877698	0	0	0	1	-0.39038159344421924	Inf	NO	Q8N3U4
824	E	824	34.99	-11.833	42.458	NA	0.636363636363636	0	0	0	1	0.2262345602227424	Inf	NO	Q8N3U4
825	L	825	31.934	-9.664	42.889	NA	0.540706605222734	0	0	0	1	-0.21672578956137287	Inf	NO	Q8N3U4
826	L	826	31.317	-10.301	39.219	NA	0.54030612244898	0	0	0	1	-0.8156167193073657	Inf	NO	Q8N3U4
827	S	827	31.957	-14.004	39.697	NA	0.53685815963396	0	0	0	1	-0.198435462534425	Inf	NO	Q8N3U4
828	F	828	29.315	-14.146	42.389	NA	0.622340425531915	0	0	0	1	0.16788213575160765	Inf	NO	Q8N3U4
829	I	829	26.774	-12.41	40.193	NA	0.622775800711744	0	0	0	1	-0.5464267292562143	Inf	NO	Q8N3U4
830	L	830	27.411	-14.766	37.313	NA	0.625	0	0	0	1	-0.4527568137382744	Inf	NO	Q8N3U4
831	D	831	27.142	-17.871	39.415	NA	0.622340425531915	1	0	0	1	0.25630514363435486	Inf	NO	Q8N3U4
832	H	832	24.24	-16.739	41.586	NA	0.501067615658363	1	0	0	1	0.22258298001318613	Inf	NO	Q8N3U4
833	V	833	22.206	-14.276	39.524	NA	0.497526501766784	0	0	0	1	-0.2408555092191882	Inf	NO	Q8N3U4
834	F	834	22.459	-15.815	36.109	NA	0.495438596491228	0	0	0	1	0.0673013270230854	Inf	NO	Q8N3U4
835	I	835	21.553	-19.448	36.49	NA	0.617132867132867	1	0	0	1	0.40484290200696094	Inf	NO	Q8N3U4
836	E	836	19.468	-21.751	34.371	NA	0.74006968641115	0	0	0	1	0.6140237939281825	Inf	NO	Q8N3U4
837	Q	837	18.326	-23.222	37.656	NA	0.986759581881533	0	0	0	1	0.6351678896652624	Inf	NO	Q8N3U4
838	D	838	21.29	-24.667	39.469	NA	0.825174825174825	0	0	0	1	0.8318734223132396	Inf	NO	Q8N3U4
839	D	839	22.081	-25.432	43.033	NA	0.825174825174825	0	0	0	1	0.9163576563918224	Inf	NO	Q8N3U4
840	D	840	19.689	-23.126	44.741	NA	0.819976771196283	0	0	0	1	0.7013297904534738	Inf	NO	Q8N3U4
841	N	841	19.214	-23.282	48.445	NA	0.816608996539792	0	0	0	1	1.0421756055026121	Inf	NO	Q8N3U4
842	N	842	21.502	-26.034	49.566	NA	0.816608996539792	1	0	0	1	1.4517322214603297	Inf	NO	Q8N3U4
843	S	843	20.343	-28.197	52.405	NA	0.816091954022988	0	0	0	1	1.5643706898925922	Inf	NO	Q8N3U4
844	A	844	17.856	-30.886	53.162	NA	0.814302191464821	0	0	0	1	1.8496692170283142	Inf	NO	Q8N3U4
845	D	845	14.383	-29.58	52.681	NA	0.819444444444444	1	0	0	1	1.68064395640001	Inf	NO	Q8N3U4
846	G	846	13.909	-28.274	56.162	NA	0.986111111111111	0	0	0	1	1.7816040434074378	Inf	NO	Q8N3U4
847	Q	847	10.843	-26.55	57.343	NA	0.986111111111111	1	0	0	1	1.8328001459659546	Inf	NO	Q8N3U4
848	Q	848	11.384	-23.094	58.679	NA	0.924479166666667	0	0	0	1	1.9559469070636815	Inf	NO	Q8N3U4
849	E	849	9.449	-19.982	57.932	NA	0.925087108013937	0	0	0	1	1.724605773229585	Inf	NO	Q8N3U4
850	D	850	5.865	-20.224	56.93	NA	0.922473867595819	1	0	0	1	1.373020801462372	Inf	NO	Q8N3U4
851	E	851	7.005	-21.349	53.531	NA	0.825174825174825	0	0	0	1	1.1564538180538737	Inf	NO	Q8N3U4
852	A	852	9.372	-20.545	50.689	NA	0.621052631578947	1	0	0	1	0.9577885762612748	Inf	NO	Q8N3U4
853	S	853	8.154	-19.253	47.37	NA	0.625441696113074	0	0	0	1	0.559001819521758	Inf	NO	Q8N3U4
854	K	854	9.22	-19.292	43.759	NA	0.621908127208481	0	0	0	1	0.46283681762175016	Inf	NO	Q8N3U4
855	I	855	8.847	-15.545	43.842	NA	0.626334519572954	0	0	0	1	-0.01192758829723629	Inf	NO	Q8N3U4
856	E	856	11.126	-15.425	46.865	NA	0.628571428571429	0	0	0	1	0.03842072373449395	Inf	NO	Q8N3U4
857	A	857	14.184	-16.734	45.085	NA	0.632616487455197	0	0	0	1	0.13685023585548897	Inf	NO	Q8N3U4
858	L	858	13.778	-14.143	42.409	NA	0.506093189964158	0	0	0	1	-0.039975078878423	Inf	NO	Q8N3U4
859	H	859	13.42	-11.122	44.669	NA	0.504285714285714	1	0	0	1	-0.36201747783969185	Inf	NO	Q8N3U4
860	K	860	16.604	-12.085	46.409	NA	0.420238095238095	0	0	0	1	-0.11049335755986196	Inf	NO	Q8N3U4
861	R	861	18.467	-12.31	43.132	NA	0.42326139088729	0	0	0	1	-0.23806664512618372	Inf	NO	Q8N3U4
862	R	862	17.304	-8.996	41.793	NA	0.365424430641822	0	0	0	1	-0.47373398360575775	Inf	NO	Q8N3U4
863	N	863	18.419	-7.52	45.092	NA	0.368091762252346	0	0	0	1	-0.5273651653772649	Inf	NO	Q8N3U4
864	L	864	21.901	-8.893	44.57	NA	0.368091762252346	0	0	0	1	-0.46363767327585403	Inf	NO	Q8N3U4
865	L	865	21.906	-7.709	40.985	NA	0.366753246753247	0	0	0	1	-0.5297794526627676	Inf	NO	Q8N3U4
866	A	866	20.977	-4.125	41.763	NA	0.213939393939394	0	0	0	1	-0.8099043435750664	Inf	NO	Q8N3U4
867	A	867	23.586	-4.05	44.491	NA	0.21256038647343	0	0	0	1	-0.6294447565148303	Inf	NO	Q8N3U4
868	F	868	26.294	-4.734	41.914	NA	0	0	0	0	1	-0.6803110122614123	Inf	NO	Q8N3U4
869	C	869	24.735	-2.369	39.378	NA	0	0	0	0	0.9999999999999999	-0.71903388084157	Inf	NO	Q8N3U4
870	K	870	24.756	0.496	41.83	NA	0	0	0	0	1	-0.6783432676409783	Inf	NO	Q8N3U4
871	L	871	28.485	0.047	41.954	NA	0	0	0	0	1	-0.712424248352121	Inf	NO	Q8N3U4
872	I	872	28.593	0.4	38.188	NA	0	0	0	0	0.9999999999999999	-0.843040638888984	Inf	NO	Q8N3U4
873	V	873	26.318	3.412	37.717	NA	0	0	0	0	0.9999999999999999	-1.014522877773862	Inf	NO	Q8N3U4
874	Y	874	28.298	5.075	40.512	NA	0.210909090909091	0	0	0	1	-0.9822108916895074	Inf	NO	Q8N3U4
875	T	875	31.505	3.939	38.885	NA	0.210748792270531	0	0	0	0.9999999999999999	-1.062411270349185	Inf	NO	Q8N3U4
876	V	876	32.749	2.225	42.024	NA	0.36051948051948	0	0	0	1	-0.7733880584485898	Inf	NO	Q8N3U4
877	V	877	33.705	-0.574	39.662	NA	0.363160648874935	0	0	0	0.9999999999999999	-1.0475824237116935	Inf	NO	Q8N3U4
878	E	878	35.099	-0.438	36.153	NA	0.36051948051948	0	0	0	0.9999999999999999	-1.4082958169196922	Inf	NO	Q8N3U4
879	M	879	32.44	0.05	33.488	NA	0.357916451779268	0	0	0	1	-1.1689764462041945	Inf	NO	Q8N3U4
880	N	880	33.84	-2.937	31.611	NA	0.359213250517598	0	0	0	1	-1.016456537053693	Inf	NO	Q8N3U4
881	T	881	32.188	-5.261	34.151	NA	0.359213250517598	0	0	0	1	-0.939590740518159	Inf	NO	Q8N3U4
882	A	882	28.847	-4.171	32.731	NA	0.357916451779268	0	0	0	1	-0.7669966588843223	Inf	NO	Q8N3U4
883	A	883	29.644	-6.136	29.587	NA	0.418772563176895	0	0	0	1	-0.5505932918403965	Inf	NO	Q8N3U4
884	D	884	28.901	-9.447	31.293	NA	0.41726618705036	0	0	0	1	-0.6138195497416716	Inf	NO	Q8N3U4
885	I	885	25.578	-7.991	32.52	NA	0.533807829181495	0	0	0	1	-0.3531775827157415	Inf	NO	Q8N3U4
886	F	886	24.338	-6.226	29.395	NA	0.530395136778116	0	0	8.745408031560343	0.1609488606413873	-0.5003493602613824	Inf	NO	Q8N3U4
887	K	887	24.579	-9.324	27.286	NA	0.530395136778116	0	0	6.99990840148534	0.19064978592841778	-0.8584855685576888	Inf	NO	Q8N3U4
888	Q	888	21.871	-10.901	29.453	NA	0.462455830388693	0	0	0	1	-0.21817469632151695	Inf	NO	Q8N3U4
889	Y	889	19.212	-8.282	28.72	NA	0.52887537993921	1	0	5.817535556369795	0.2195551507166886	-0.49854736937170585	Inf	NO	Q8N3U4
890	M	890	17.459	-10.587	26.27	NA	0.530395136778116	1	0	5.817535556369795	0.2195551507166886	-1.0210307129199114	Inf	NO	Q8N3U4
891	K	891	18.075	-13.966	27.874	NA	0.618374558303887	1	0	0	1	-0.5758985442357165	Inf	NO	Q8N3U4
892	Y	892	16.797	-12.731	31.256	NA	0.612280701754386	0	0	0	0.9999999999999999	0.05430620419095313	Inf	NO	Q8N3U4
893	Y	893	14.314	-10.107	30.051	NA	0.734736842105263	0	0	0	1	0.12966146850831722	Inf	NO	Q8N3U4
894	N	894	11.441	-10.934	32.416	NA	0.73006993006993	1	0	0	1	0.36638749543834315	Inf	NO	Q8N3U4
895	D	895	13.283	-11.472	35.679	NA	0.729616724738676	0	0	0	1	0.020827891453280865	Inf	NO	Q8N3U4
896	Y	896	16.18	-9.047	35.219	NA	0.729616724738676	0	0	0	1	-0.13818888959287076	Inf	NO	Q8N3U4
897	G	897	14.998	-6.878	32.333	NA	0.725	0	0	0	1	0.3555706762554512	Inf	NO	Q8N3U4
898	D	898	13.995	-3.742	34.214	NA	0.725	0	0	0	1	0.2872489386861388	Inf	NO	Q8N3U4
899	I	899	17.181	-3.602	36.265	NA	0.729616724738676	0	0	0	1	-0.3253020633060321	Inf	NO	Q8N3U4
900	I	900	19.44	-4.115	33.287	NA	0.734736842105263	1	0	0	1	-0.3809958769407894	Inf	NO	Q8N3U4
901	K	901	17.731	-1.382	31.306	NA	0.739929328621908	0	0	8.745408031560343	0.1609488606413873	-0.24701044260543223	Inf	NO	Q8N3U4
902	E	902	18.256	1.144	34.098	NA	0.918421052631579	0	0	0	1	-0.46466011408352104	Inf	NO	Q8N3U4
903	T	903	21.906	0.265	34.286	NA	0.921654929577465	0	0	0	1	-0.8234094312418984	Inf	NO	Q8N3U4
904	M	904	22.218	1.007	30.598	NA	0.91578947368421	0	0	0	1	-0.7464324405313753	Inf	NO	Q8N3U4
905	S	905	20.469	4.367	30.858	NA	0.814553990610328	0	0	0	0.9999999999999999	-0.7895639058508493	Inf	NO	Q8N3U4
906	K	906	22.367	5.383	33.961	NA	0.817432273262662	0	0	0	0.9999999999999999	-0.9723641954484068	Inf	NO	Q8N3U4
907	T	907	25.497	4.656	31.955	NA	0.613074204946997	0	0	0	0.9999999999999999	-1.0209632333895917	Inf	NO	Q8N3U4
908	R	908	24.306	6.611	28.938	NA	0.408450704225352	0	0	0	1	-1.2590486907833014	Inf	NO	Q8N3U4
909	Q	909	23.73	9.587	31.181	NA	0.408450704225352	0	0	0	1	-1.1448906501538327	Inf	NO	Q8N3U4
910	I	910	27.141	9.148	32.749	NA	0.40650406504065	0	0	0	1	-0.8506187314137629	Inf	NO	Q8N3U4
911	D	911	29.301	8.593	29.702	NA	0.409356725146199	0	0	0	1	-1.485033482486808	Inf	NO	Q8N3U4
912	K	912	27.654	8.028	26.382	NA	0.409356725146199	0	0	0	0.9999999999999999	-1.866922503011156	Inf	NO	Q8N3U4
913	I	913	30.878	6.971	24.772	NA	0.409090909090909	0	0	0	0.9999999999999999	-1.7634083345423728	Inf	NO	Q8N3U4
914	Q	914	32.207	4.387	27.23	NA	0.408564814814815	0	0	0	0.9999999999999999	-1.202009961002725	Inf	NO	Q8N3U4
915	C	915	28.71	3.048	27.442	NA	0.411421911421911	0	0	0	0.9999999999999999	-1.2674088948841584	Inf	NO	Q8N3U4
916	A	916	28.842	2.347	23.723	NA	0.411971830985915	0	0	0	0.9999999999999999	-1.4248944067350955	Inf	NO	Q8N3U4
917	K	917	32.196	0.668	24.052	NA	0.411421911421911	0	0	0	0.9999999999999999	-0.8965260789185552	Inf	NO	Q8N3U4
918	T	918	30.939	-1.782	26.658	NA	0.408304498269896	0	0	0	1	-0.7501340421741722	Inf	NO	Q8N3U4
919	L	919	27.79	-2.31	24.634	NA	0.612456747404844	0	0	17.116446075130582	0.09910233931274262	-1.0172462794175092	Inf	NO	Q8N3U4
920	I	920	29.779	-3.764	21.743	NA	0.612847222222222	0	0	0	1	-0.7051472022629958	Inf	NO	Q8N3U4
921	L	921	32.023	-5.754	24.047	NA	0.615789473684211	0	0	0	1	-0.5589822986398846	Inf	NO	Q8N3U4
922	S	922	28.838	-7.357	25.232	NA	0.619718309859155	0	0	0	1	-0.8474225462711217	Inf	NO	Q8N3U4
923	L	923	28.096	-8.67	21.759	NA	0.623674911660777	0	0	8.745408031560343	0.1609488606413873	-0.7972674500775235	Inf	NO	Q8N3U4
924	Q	924	31.736	-9.498	21.301	NA	0.623674911660777	0	0	0	1	-0.3173510102889841	Inf	NO	Q8N3U4
925	Q	925	31.57	-11.749	24.343	NA	0.625886524822695	0	0	0	1	-0.6092319941797555	Inf	NO	Q8N3U4
926	L	926	28.418	-13.398	23.061	NA	0.41725768321513	0	0	0	0.9999999999999999	-1.0122024104044363	Inf	NO	Q8N3U4
927	F	927	30.239	-13.993	19.791	NA	0.419928825622776	0	0	0	1	-0.6107311665617944	Inf	NO	Q8N3U4
928	N	928	33.391	-15.554	21.187	NA	0.313829787234043	0	0	0	1	-0.4004145557593893	Inf	NO	Q8N3U4
929	E	929	31.301	-17.831	23.369	NA	0.312943262411348	0	0	0	1	-1.26780563905676	Inf	NO	Q8N3U4
930	M	930	29.424	-19.241	20.389	NA	0.312943262411348	1	0	0	1	-1.1710083907829472	Inf	NO	Q8N3U4
931	I	931	32.74	-20.088	18.833	NA	0.314056939501779	1	0	0	1	-0.8643838813482425	Inf	NO	Q8N3U4
932	Q	932	33.049	-22.806	21.404	NA	0.316308243727599	0	0	0	1	-1.4826748763305224	Inf	NO	Q8N3U4
933	E	933	29.694	-24.231	20.279	NA	0.319746376811594	0	0	0	1	-1.587799031324965	Inf	NO	Q8N3U4
934	N	934	30.813	-24.087	16.725	NA	0.320909090909091	0	0	0	1	-1.5834151109896997	Inf	NO	Q8N3U4
935	G	935	34.265	-24.642	15.486	NA	0.320652173913043	0	0	0	1	-1.4068122288220015	Inf	NO	Q8N3U4
936	Y	936	35.779	-21.365	14.732	NA	0.322727272727273	0	0	0	1	-0.30105617492301606	Inf	NO	Q8N3U4
937	N	937	33.103	-21.138	12.084	NA	0.322080291970803	0	0	0	1	-0.37904683099118974	Inf	NO	Q8N3U4
938	F	938	30.303	-21.37	11.362	NA	0.324175824175824	0	0	0	1	-0.8245137596657972	Inf	NO	Q8N3U4
939	D	939	26.529	-21.389	11.168	NA	0.429090909090909	0	0	0	1	-1.3338312259924359	Inf	NO	Q8N3U4
940	R	940	25.238	-18.074	9.967	NA	0.429440389294404	0	0	0	1	-0.7626766606279961	Inf	NO	Q8N3U4
941	S	941	21.813	-19.544	10.024	NA	0.323260073260073	0	0	0	0.9999999999999999	-1.5310740928085085	Inf	NO	Q8N3U4
942	S	942	22.034	-20.472	13.646	NA	0.320909090909091	0	0	0	1	-1.974087452702081	Inf	NO	Q8N3U4
943	S	943	19.684	-19.82	16.504	NA	0.321167883211679	0	0	0	1	-2.1197592196756916	Inf	NO	Q8N3U4
944	T	944	22.456	-18.529	18.664	NA	0.319090909090909	0	0	0	1	-1.84717901284198	Inf	NO	Q8N3U4
945	F	945	23.803	-16.184	16.009	NA	0.319090909090909	0	0	0	1	-1.3884269254727437	Inf	NO	Q8N3U4
946	S	946	20.356	-15.029	15.012	NA	0.321167883211679	0	0	0	1	-1.547806971381616	Inf	NO	Q8N3U4
947	G	947	19.772	-14.214	18.666	NA	0	0	0	6.99990840148534	0.19064978592841778	-1.7617743899281817	Inf	NO	Q8N3U4
948	I	948	22.875	-12.051	18.871	NA	0	1	0	6.99990840148534	0.19064978592841778	-0.9495045863601361	Inf	NO	Q8N3U4
949	K	949	21.692	-10.033	15.911	NA	0	0	0	17.116446075130582	0.09910233931274262	-1.0144704363837438	Inf	NO	Q8N3U4
950	E	950	18.361	-9.691	17.643	NA	0	0	0	8.745408031560343	0.1609488606413873	-1.4359605336657808	Inf	NO	Q8N3U4
951	L	951	20.056	-8.298	20.707	NA	0	0	0	8.745408031560343	0.1609488606413873	-1.3119575575520077	Inf	NO	Q8N3U4
952	A	952	22.127	-6.06	18.439	NA	0	0	0	24.977036124789404	0.01244423420623455	-0.8838609995881973	Inf	NO	Q8N3U4
953	R	953	19.088	-4.546	16.802	NA	0	0	0	32.73597461019153	0.008394108030730402	-1.2846656364116722	Inf	NO	Q8N3U4
954	R	954	17.857	-3.594	20.261	NA	0	0	1	32.73597461019153	0.008394108030730402	-1.725567894286395	Inf	NO	Q8N3U4
955	F	955	21.067	-1.878	21.346	NA	0	0	0	20.139160331458402	0.01721759719879303	-1.0200801588839536	Inf	NO	Q8N3U4
956	A	956	20.801	0.488	18.391	NA	0	0	0	47.494605568937025	0.005095626893202681	-1.4940776280075865	Inf	NO	Q8N3U4
957	L	957	17.51	2.061	19.427	NA	0	0	0	47.494605568937025	0.005095626893202681	-2.0863666531748026	Inf	NO	Q8N3U4
958	T	958	19.169	3.017	22.67	NA	0	0	0	88.11102855848685	0.002577589953393577	-1.6489349466499428	Inf	NO	Q8N3U4
959	F	959	21.382	5.342	20.69	NA	0	0	0	47.494605568937025	0.005095626893202681	-1.8135708600173872	Inf	NO	Q8N3U4
960	G	960	20.002	8.804	20.763	NA	0	0	0	32.74837392887106	0.06692742285962626	-2.386071759364915	Inf	NO	Q8N3U4
961	L	961	20.34	11.899	18.712	NA	0	0	0	32.74837392887106	0.06692742285962626	-2.829552086942151	Inf	NO	Q8N3U4
962	D	962	21.194	15.005	20.629	NA	0	0	0	0	1	-3.163775499010818	Inf	NO	Q8N3U4
963	Q	963	24.061	17.353	20.123	NA	0	0	0	0	1	-3.5227196200841666	Inf	NO	Q8N3U4
964	L	964	27.636	16.591	19.197	NA	0	0	0	0	0.9999999999999999	-3.3851018071074654	Inf	NO	Q8N3U4
965	K	965	28.252	13.799	21.695	NA	0	0	0	0	0.9999999999999999	-2.7211887148210576	Inf	NO	Q8N3U4
966	T	966	25.187	12.034	20.473	NA	0	0	0	32.74837392887106	0.06692742285962626	-2.2833186652344293	Inf	NO	Q8N3U4
967	R	967	26.832	10.876	17.214	NA	0	0	0	32.74837392887106	0.06692742285962626	-1.6484928717899092	Inf	NO	Q8N3U4
968	E	968	30.374	10.449	18.456	NA	0	0	0	32.74837392887106	0.06692742285962626	-1.6503538205014032	Inf	NO	Q8N3U4
969	A	969	29.262	7.399	20.351	NA	0	0	0	32.74837392887106	0.06692742285962626	-1.7440075436259723	Inf	NO	Q8N3U4
970	I	970	28.073	5.471	17.32	NA	0	1	0	17.116446075130582	0.09910233931274262	-1.0098075775606026	Inf	NO	Q8N3U4
971	A	971	31.272	6.582	15.714	NA	0	0	0	11.592395619719586	0.13043791011925587	-0.6334212302006489	Inf	NO	Q8N3U4
972	M	972	33.182	4.881	18.495	NA	0.514909090909091	0	0	0	1	-0.7159342820831598	Inf	NO	Q8N3U4
973	L	973	31.094	1.734	18.246	NA	0.514909090909091	0	0	17.116446075130582	0.09910233931274262	-0.4127545392414996	Inf	NO	Q8N3U4
974	H	974	31.708	1.035	14.572	NA	0.512635379061372	0	0	6.99990840148534	0.19064978592841778	0.16529771674994637	Inf	NO	Q8N3U4
975	K	975	35.381	1.633	15.116	NA	0.511594202898551	0	0	0	1	-0.006857140220992815	Inf	NO	Q8N3U4
976	D	976	35.67	-1.072	17.758	NA	0.511594202898551	0	0	0	1	0.03388489686087728	Inf	NO	Q8N3U4
977	G	977	33.377	-3.435	15.92	NA	0.510144927536232	0	0	0	1	0.4134822014409031	Inf	NO	Q8N3U4
978	I	978	35.56	-3.147	12.854	NA	0.63898916967509	0	0	0	1	0.7516420515421572	Inf	NO	Q8N3U4
979	E	979	38.726	-3.515	14.887	NA	0.634408602150538	0	0	0	1	0.7210159043124618	Inf	NO	Q8N3U4
980	F	980	37.311	-6.632	16.527	NA	0.766787003610108	0	0	0	1	0.7154347433008265	Inf	NO	Q8N3U4
981	A	981	36.154	-8.16	13.274	NA	0.760714285714286	0	0	0	1	0.872530526755549	Inf	NO	Q8N3U4
982	F	982	39.725	-8.083	11.942	NA	0.842230130486358	0	0	0	1	0.9140935295117694	Inf	NO	Q8N3U4
983	K	983	41.411	-8.984	15.217	NA	0.851318944844125	0	0	0	1	1.029222117234128	Inf	NO	Q8N3U4
984	E	984	42.589	-12.447	14.165	NA	0.850657108721625	0	0	0	1	1.0520743767981733	Inf	NO	Q8N3U4
985	P	985	43.828	-13.397	10.742	NA	0.847619047619047	0	0	0	1	1.426536386188134	Inf	NO	Q8N3U4
986	N	986	43.289	-16.698	8.884	NA	0.846975088967971	0	0	0	1	1.393060347608507	Inf	NO	Q8N3U4
987	P	987	46.011	-19.091	7.459	NA	0.846975088967971	1	0	0	1	1.7949703002604511	Inf	NO	Q8N3U4
988	Q	988	45.025	-18.831	3.83	NA	0.849347568208778	0	0	0	1	1.7994074150856563	Inf	NO	Q8N3U4
989	G	989	42.391	-16.478	2.625	NA	0.849347568208778	0	0	0	1	1.1661360252229493	Inf	NO	Q8N3U4
990	E	990	41.482	-18.588	-0.298	NA	0.852380952380952	0	0	0	1	1.1257858306970336	Inf	NO	Q8N3U4
991	S	991	37.805	-17.919	-0.121	NA	0.855436081242533	0	0	0	1	0.88319650753506	Inf	NO	Q8N3U4
992	H	992	38.6	-17.544	3.538	NA	0.859205776173285	1	0	0	1	0.9540016455334811	Inf	NO	Q8N3U4
993	P	993	38.304	-14.38	5.403	NA	0.924675324675325	0	0	0	1	0.8362838650944553	Inf	NO	Q8N3U4
994	P	994	39.587	-13.416	8.804	NA	0.914696813977389	0	0	0	1	0.9986474448801048	Inf	NO	Q8N3U4
995	L	995	38.083	-15.403	11.653	NA	0.800992779783394	1	0	0	1	0.7434947279550337	Inf	NO	Q8N3U4
996	N	996	35.837	-12.786	13.204	NA	0.803894927536232	0	0	0	1	0.6442161994047988	Inf	NO	Q8N3U4
997	L	997	34.386	-11.682	9.876	NA	0.925443169968717	1	0	0	1	0.7537009073293279	Inf	NO	Q8N3U4
998	A	998	30.848	-12.684	10.884	NA	0.809762773722628	0	0	0	0.9999999999999999	0.11959307909537255	Inf	NO	Q8N3U4
999	F	999	30.697	-9.831	13.394	NA	0.923600209314495	0	0	0	1	0.21554793983162998	Inf	NO	Q8N3U4
1000	L	1000	29.895	-7.325	10.636	NA	0.929621848739496	0	0	0	1	0.6470282977141063	Inf	NO	Q8N3U4
1001	D	1001	26.44	-8.781	10.193	NA	0.931216931216931	0	0	0	1	0.18416454477831137	Inf	NO	Q8N3U4
1002	I	1002	25.926	-7.879	13.825	NA	0.928571428571428	0	0	11.592395619719586	0.13043791011925587	-0.3835885616910976	Inf	NO	Q8N3U4
1003	L	1003	27.709	-4.575	13.378	NA	0.780669144981413	0	0	8.745408031560343	0.1609488606413873	0.03770586280649947	Inf	NO	Q8N3U4
1004	S	1004	25.435	-3.935	10.417	NA	0.867410161090458	0	0	8.745408031560343	0.1609488606413873	0.22716518940286332	Inf	NO	Q8N3U4
1005	E	1005	22.603	-3.401	12.902	NA	0.866666666666667	0	0	32.73597461019153	0.008394108030730402	-0.3626269148027816	Inf	NO	Q8N3U4
1006	F	1006	24.166	-0.1	14.016	NA	0.857142857142857	0	0	47.494605568937025	0.005095626893202681	-0.6708582164813931	Inf	NO	Q8N3U4
1007	S	1007	24.938	1.364	10.599	NA	0.863468634686347	0	0	8.745408031560343	0.1609488606413873	-0.004868016486928245	Inf	NO	Q8N3U4
1008	S	1008	21.295	2.271	10.328	NA	0.73469387755102	1	0	17.116446075130582	0.09910233931274262	-0.02866071360786641	Inf	NO	Q8N3U4
1009	K	1009	21.356	4.629	13.271	NA	0.803571428571429	0	1	47.494605568937025	0.005095626893202681	-1.388033068052244	Inf	NO	Q8N3U4
1010	L	1010	24.012	6.978	12.252	NA	0.794836956521739	0	0	11.592395619719586	0.13043791011925587	-0.8091757197481527	Inf	NO	Q8N3U4
1011	L	1011	25.484	9.225	9.872	NA	0.732600732600733	0	0	8.745408031560343	0.1609488606413873	-0.42808002672408924	Inf	NO	Q8N3U4
1012	R	1012	25.295	10.146	6.253	NA	0.645756457564576	0	0	11.592395619719586	0.13043791011925587	0.3908665738902105	Inf	NO	Q8N3U4
1013	Q	1013	28.468	12.16	6.773	NA	0.560192616372392	0	0	0	1	0.030816337719461403	Inf	NO	Q8N3U4
1014	D	1014	29.916	9.699	9.257	NA	0.558587479935795	0	0	6.99990840148534	0.19064978592841778	-0.14054718565389657	Inf	NO	Q8N3U4
1015	K	1015	29.297	6.753	6.991	NA	0.554904051172708	0	0	6.99990840148534	0.19064978592841778	0.4323884115763475	Inf	NO	Q8N3U4
1016	R	1016	32.106	7.965	4.775	NA	0.643911439114391	1	0	0	1	0.627637394913852	Inf	NO	Q8N3U4
1017	T	1017	34.3	8.533	7.777	NA	0.648698884758364	0	0	0	1	-0.05589207157230891	Inf	NO	Q8N3U4
1018	V	1018	33.493	5.035	8.938	NA	0.644444444444445	0	0	0	0.9999999999999999	0.1968259512627497	Inf	NO	Q8N3U4
1019	Y	1019	34.218	3.566	5.536	NA	0.644444444444445	1	0	0	1	0.4100256229307006	Inf	NO	Q8N3U4
1020	V	1020	37.548	5.31	5.362	NA	0.649253731343284	1	0	0	1	0.3667734396479686	Inf	NO	Q8N3U4
1021	Y	1021	38.259	3.696	8.7	NA	0.651685393258427	0	0	0	1	0.1196973729672266	Inf	NO	Q8N3U4
1022	L	1022	37.09	0.361	7.308	NA	0.577114427860697	0	0	0	0.9999999999999999	0.39708865074831096	Inf	NO	Q8N3U4
1023	E	1023	39.317	0.605	4.25	NA	0.579275905118602	0	0	0	0.9999999999999999	0.46843735328988667	Inf	NO	Q8N3U4
1024	K	1024	42.285	0.704	6.541	NA	0.484141791044776	1	0	0	1	0.4237478321606222	Inf	NO	Q8N3U4
1025	F	1025	41.399	-2.871	7.451	NA	0.490056818181818	0	0	0	0.9999999999999999	0.6204276034113035	Inf	NO	Q8N3U4
1026	M	1026	39.901	-4.158	4.218	NA	0.559568733153639	0	0	0	0.9999999999999999	0.70411928107064	Inf	NO	Q8N3U4
1027	T	1027	41.827	-4.73	1.03	NA	0.563824008690929	0	0	0	1	0.48418606869395625	Inf	NO	Q8N3U4
1028	F	1028	40.942	-4.478	-2.635	NA	0.562194459532863	0	0	0	1	0.05725099523394948	Inf	NO	Q8N3U4
1029	Q	1029	41.112	-8.187	-3.178	NA	0.658396946564885	0	0	0	1	0.5334273822603579	Inf	NO	Q8N3U4
1030	M	1030	38.706	-8.522	-0.289	NA	0.662835249042146	0	0	0	1	0.6002768863145644	Inf	NO	Q8N3U4
1031	S	1031	36.272	-5.985	-1.668	NA	0.66030534351145	1	0	0	0.9999999999999999	0.3407100368579332	Inf	NO	Q8N3U4
1032	L	1032	36.352	-8.056	-4.818	NA	0.66030534351145	0	0	0	0.9999999999999999	0.14150305856050455	Inf	NO	Q8N3U4
1033	R	1033	35.54	-11.442	-3.33	NA	0.652255639097744	0	0	0	1	0.42064341623641605	Inf	NO	Q8N3U4
1034	R	1034	31.796	-11.955	-3.779	NA	0.558587479935795	0	0	0	1	0.3848980563631533	Inf	NO	Q8N3U4
1035	E	1035	31.868	-15.517	-2.382	NA	0.434456928838951	0	0	0	1	0.506708688538658	Inf	NO	Q8N3U4
1036	D	1036	28.995	-16.139	0.008	NA	0.43734335839599	0	0	0	0.9999999999999999	0.37593067325316715	Inf	NO	Q8N3U4
1037	V	1037	31.2	-16.76	2.989	NA	0.557620817843866	0	0	0	1	0.5593877547441393	Inf	NO	Q8N3U4
1038	W	1038	32.398	-13.195	2.453	NA	0.558587479935795	0	0	0	1	0.9015583039198786	Inf	NO	Q8N3U4
1039	L	1039	28.815	-11.969	2.564	NA	0.651685393258427	0	0	0	1	0.8942246920117459	Inf	NO	Q8N3U4
1040	P	1040	28.87	-10.257	6.004	NA	0.522388059701493	0	0	0	1	1.006730915245735	Inf	NO	Q8N3U4
1041	L	1041	31.369	-7.714	4.684	NA	0.518518518518519	0	0	0	1	0.8955404711305907	Inf	NO	Q8N3U4
1042	M	1042	29.406	-7.137	1.508	NA	0.652416356877323	0	0	0	1	0.8202803531083751	Inf	NO	Q8N3U4
1043	S	1043	26.351	-6.672	3.683	NA	0.782222222222222	0	0	0	1	1.167450126338132	Inf	NO	Q8N3U4
1044	Y	1044	28.073	-4.265	6.075	NA	0.781549815498155	0	0	0	1	1.0569512231956686	Inf	NO	Q8N3U4
1045	R	1045	29.264	-2.085	3.231	NA	0.929621848739496	0	0	0	1	0.8989150403654728	Inf	NO	Q8N3U4
1046	N	1046	25.765	-1.057	2.359	NA	0.939989378651089	0	0	0	1	1.1372497376512245	Inf	NO	Q8N3U4
1047	S	1047	25.636	1.938	4.696	NA	0.887218045112782	0	0	11.592395619719586	0.13043791011925587	0.9895471685544254	Inf	NO	Q8N3U4
1048	L	1048	28.218	2.468	7.354	NA	0.761904761904762	0	0	6.99990840148534	0.19064978592841778	0.6261320506492726	Inf	NO	Q8N3U4
1049	L	1049	31.425	0.919	7.746	NA	0.767720828789531	0	0	0	1	0.4850028083433082	Inf	NO	Q8N3U4
1050	A	1050	34.307	2.42	10.514	NA	0.772851669403394	0	0	0	0.9999999999999999	0.3476537993576682	Inf	NO	Q8N3U4
1051	G	1051	36.122	0.645	13.029	NA	0.784880489160645	0	0	0	0.9999999999999999	0.3585126022693039	Inf	NO	Q8N3U4
1052	G	1052	41.31	-0.148	13.874	NA	0.68007662835249	1	0	0	1	0.4367723965967835	Inf	NO	Q8N3U4
1053	D	1053	44.523	0.342	13.478	NA	0.772082878953108	0	0	0	1	0.5983501457553645	Inf	NO	Q8N3U4
1054	D	1054	47.221	1.731	16.141	NA	0.763342318059299	0	0	0	1	0.4560681454986363	Inf	NO	Q8N3U4
1055	D	1055	50.324	-0.079	16.539	NA	0.766974470396524	0	0	0	0.9999999999999999	1.0934681739660597	Inf	NO	Q8N3U4
1056	T	1056	51.472	-0.858	20.365	NA	0.766974470396524	0	0	0	1	1.206518278131036	Inf	NO	Q8N3U4
