Uniprot_position	aminoacid	Position_in_structure	x	y	z	paraz	mtr	gscount	pscount	OR	pvalue	mtr3dscore	paraz3dscore	HotSpot3D	Uniprot
1	M	1	71.612	-8.642	94.325	-1.24	1.33834586466165	0	0	0	1	5.868033329892285	-1.8031372654072797	NO	Q05193
2	G	2	69.82	-11.197	92.256	-0.47	1.34532374100719	0	0	0	1	5.1402792928715755	-1.6338510164996178	NO	Q05193
3	N	3	66.103	-10.874	92.594	-0.72	1.34246575342466	0	0	3.2845694626549458	0.351732257561854	3.6090860510796667	-0.47150763817299274	NO	Q05193
4	R	4	64.432	-14.228	92.755	-1.24	1.34868421052632	0	0	3.3659751501076545	0.18471645529240485	3.512835622923736	-0.1302692151780203	NO	Q05193
5	G	5	61.755	-15.552	94.943	-1.24	1.33962264150943	0	0	2.22769543090561	0.2913796638316982	3.1380238979537163	0.2006863535525948	NO	Q05193
6	M	6	61.693	-18.713	96.966	0.3	1.32934131736527	0	0	2.68364281808613	0.2376214067278943	3.121202875134715	0.4031581775861377	NO	Q05193
7	E	7	59.447	-21.733	97.379	0.81	1.33526011560694	0	0	2.22769543090561	0.2913796638316982	2.6352685325794276	0.3738224633563328	NO	Q05193
8	D	8	58.787	-20.71	100.963	-0.47	1.32596685082873	2	0	1.9014937939232712	0.3448534857127306	3.1127844733387384	0.32826991572147396	NO	Q05193
9	L	9	56.924	-17.562	99.938	1.07	1.33155080213904	0	0	1.3125341250496438	0.6658459326759477	2.4012077907253264	0.6796721784638554	NO	Q05193
10	I	10	53.48	-18.96	99.213	0.04	1.32307692307692	0	0	1.3125341250496438	0.6658459326759477	1.810906307592273	0.9074772389629404	NO	Q05193
11	P	11	53.383	-20.951	102.421	1.58	1.335	0	0	1.3125341250496438	0.6658459326759477	1.9786736005230217	0.8816643844645808	NO	Q05193
12	L	12	54.601	-17.938	104.327	0.81	1.33980582524272	0	0	0.8024583906938062	0.9999999999999999	2.642850422505193	0.9139531705734218	NO	Q05193
13	V	13	51.631	-15.977	103.066	1.07	1.06666666666667	0	0	0.9187363354392892	1	1.8412427490506897	1.053268268326808	NO	Q05193
14	N	14	49.313	-18.87	103.861	0.81	1.06545454545455	0	0	0.9214913307625039	1	1.528434686181797	1.0789182770195664	NO	Q05193
15	R	15	50.346	-18.447	107.456	-1.24	1.11356932153392	1	0	0	0.5977399382232609	2.640421800037601	0.8247984804309554	NO	Q05193
16	L	16	49.602	-14.758	107.27	1.58	1.11709770114943	1	0	0.5748529494616349	1	2.2567348748335885	0.8553491230138595	NO	Q05193
17	Q	17	46.252	-15.56	105.777	0.55	1.12044817927171	0	0	0	0.3655022283600956	1.468948153493838	0.8985728329985283	NO	Q05193
18	D	18	45.523	-17.928	108.64	1.58	1.15573770491803	0	0	0	0.6017122232309312	1.8047890785328875	0.7951400628073689	NO	Q05193
19	A	19	46.586	-15.447	111.278	0.3	1.15885714285714	0	0	0	1	2.4019994125548565	0.7277778462144718	NO	Q05193
20	F	20	44.289	-12.774	109.944	0.81	0.897535667963684	0	0	0	0.3655022283600956	1.8366588378186364	0.5664893728457544	NO	Q05193
21	S	21	41.452	-15.134	109.101	0.3	0.893081761006289	0	0	0	0.3655022283600956	1.452180779245231	0.6421826056250522	NO	Q05193
22	A	22	41.412	-16.269	112.707	0.55	0.895448954489545	1	0	0	1	1.8620777641979298	0.4741341076936552	NO	Q05193
23	I	23	40.272	-12.728	113.494	1.07	0.895448954489545	0	0	0	0.5977399382232609	1.7236929907427911	0.3919043906617728	NO	Q05193
24	G	24	37.997	-12.713	110.493	1.58	0.746913580246914	0	0	0	0.5977399382232609	1.3494925605173678	0.5525275418334824	NO	Q05193
25	Q	25	40.227	-10.365	108.56	0.04	0.741421568627451	0	0	0	0.3655022283600956	1.3701109178701176	0.5383448198777538	NO	Q05193
26	N	26	41.913	-10.407	105.168	0.3	0.742107421074211	0	0	0	0.22462458933686702	1.1392727129455358	0.679029500072333	NO	Q05193
27	A	27	41.138	-7.627	102.719	0.04	0.750414593698176	0	0	0	0.3655022283600956	0.46427711152688866	0.688990099644645	NO	Q05193
28	D	28	42.22	-4.731	104.917	-1.24	0.755305867665418	1	0	0	0.6120843007509589	0.9121775631423371	0.3974506741333454	NO	Q05193
29	L	29	45.688	-6.283	105.272	1.32	0.756056808688388	0	0	0	0.36749759274803173	1.1009864879282079	0.3504032945385534	NO	Q05193
30	D	30	46.702	-5.823	101.624	-0.21	0.750414593698176	1	0	0.6355909138022692	1	0.7305313667634178	0.6578624550369305	NO	Q05193
31	L	31	48.357	-9.255	101.554	1.58	0.672862453531598	0	0	0.9187363354392892	1	1.0255291873271708	0.8411272721563008	NO	Q05193
32	P	32	50.084	-10.333	98.356	1.58	0.576739245884227	0	0	0.9187363354392892	1	0.9822926925914505	0.8790500578367969	NO	Q05193
33	Q	33	47.523	-12.742	96.986	0.3	0.574603174603175	1	0	1.0829567035396315	1	0.7172933184804763	1.195457292015617	NO	Q05193
34	I	34	45.496	-13.664	93.944	1.58	0.57248286768582	0	0	1.3125341250496438	0.6658459326759477	0.05683020306969433	1.3266009406045236	NO	Q05193
35	A	35	41.835	-12.78	94.017	0.81	0.57248286768582	1	0	2.94821827148683	0.13555943402487586	-0.47491599906802207	1.4533969785402099	NO	Q05193
36	V	36	39.678	-14.603	91.531	1.58	0.56621480709072	0	0	5.279267353023032	0.01245879066233393	-0.7506274872674384	1.6192441839661258	YES	Q05193
37	V	37	36.887	-12.502	90.129	1.07	0.562597402597403	0	0	5.279267353023032	0.01245879066233393	-0.6806650850168081	1.5555204111770855	YES	Q05193
38	G	38	34.323	-13.05	87.472	1.58	0.56621480709072	0	0	4.072752703935488	0.02576586470416005	-0.5608391292003712	1.5763037462510776	YES	Q05193
39	G	39	30.692	-12.837	86.613	0.04	0.573015873015873	0	0	4.767671866715426	0.031098944768905564	-0.8094183560024589	1.5199384710242296	YES	Q05193
40	Q	40	28.616	-15.632	87.917	1.58	0.573552841210834	0	0	18.71970868042801	5.453147643131024e-4	-0.9641936373941056	1.7356499027031942	YES	Q05193
41	S	41	29.036	-18.773	85.817	1.58	0.57784911717496	0	0	39.77587883312257	1.9682807103425387e-7	-0.9187027119778821	1.6762378558424624	YES	Q05193
42	A	42	32.256	-17.442	84.291	0.81	0.50561797752809	1	0	16.84463391737827	1.4282835710317766e-5	-0.7582268791023636	1.5548761220627774	YES	Q05193
43	G	43	33.86	-20.762	85.146	1.58	0.503731343283582	0	1	46.201215453798916	2.321901329518498e-8	-1.0379258545366037	1.6126306388089218	YES	Q05193
44	K	44	35.734	-19.848	88.336	1.58	0.449438202247191	0	1	19.80940449731614	2.1253626511074027e-6	-1.1184514730148047	1.613367030729174	YES	Q05193
45	S	45	34.704	-22.885	90.383	1.58	0.449438202247191	0	1	14.129550935857846	8.89896266828569e-5	-1.322497500949522	1.6014767679822506	YES	Q05193
46	S	46	35.675	-25.1	87.505	1.58	0.272727272727273	0	0	33.794297477910725	1.572070069735885e-6	-0.9630968403874108	1.3923842047364452	YES	Q05193
47	V	47	39.163	-23.653	87.358	1.58	0.229007633587786	0	1	9.367693385740482	3.8006419905699463e-4	-0.8113534273011597	1.225264874500446	YES	Q05193
48	L	48	39.669	-24.196	91.075	1.58	0.229007633587786	0	0	4.767671866715426	0.031098944768905564	-1.310307636340216	1.4331626064266798	YES	Q05193
49	E	49	38.356	-27.741	90.964	1.58	0	0	0	9.328922212807631	0.0026779127186774853	-0.9751062401025278	1.2073397013877636	YES	Q05193
50	N	50	40.652	-28.45	88.055	0.55	0	0	0	4.601058529891521	0.01831242364946106	-0.5499994627874323	0.8649627479401294	YES	Q05193
51	F	51	43.587	-27.296	90.126	0.81	0	0	0	2.273156528431152	0.20632355494825175	-0.7895327468056083	1.0080808365317708	NO	Q05193
52	V	52	42.555	-29.511	93.029	0.3	0.276447876447877	0	0	2.22769543090561	0.2913796638316982	-0.988257810589569	0.8489251033067717	NO	Q05193
53	G	53	41.649	-32.462	90.857	1.58	0.277519379844961	0	0	3.3659751501076545	0.18471645529240485	-0.769127309894124	0.7328632665151453	NO	Q05193
54	R	54	38.449	-33.177	92.734	-0.21	0.279377431906615	0	0	2.68364281808613	0.2376214067278943	-0.5956377729624931	0.899989688338761	NO	Q05193
55	D	55	34.976	-31.683	93.031	0.04	0.556589147286822	0	0	3.453425011979145	0.1042212872480848	-0.7832494181447063	0.9893274318197623	NO	Q05193
56	F	56	34.849	-29.821	96.331	0.81	0.556589147286822	0	0	2.68364281808613	0.2376214067278943	-0.7321201132913092	1.03395599268718	NO	Q05193
57	L	57	32.91	-26.567	95.656	-1.24	0.596345514950166	0	0	4.767671866715426	0.031098944768905564	-0.7887378821824891	1.2106911501850355	YES	Q05193
58	P	58	29.237	-25.918	96.12	1.58	0.463824289405685	0	0	2.94821827148683	0.13555943402487586	-0.2939422928884725	1.2185223054002525	NO	Q05193
59	R	59	27.16	-26.19	92.966	1.58	0.460746460746461	0	0	4.767671866715426	0.031098944768905564	-0.4773898316919636	1.4190434565329275	YES	Q05193
60	G	60	23.636	-25.151	92.17	1.58	0.54980694980695	0	0	6.756407691650044	0.08773181946487148	-0.32262478187819893	1.5769226217392105	NO	Q05193
61	S	61	21.588	-22.132	91.262	1.07	0.553488372093023	0	0	47.201215453798916	0.0021967034298872854	-0.9487509913149665	1.869555516012382	YES	Q05193
62	G	62	21.953	-18.663	92.687	1.58	0.554085603112841	0	0	14.440319606532432	0.0033006291267566137	-1.0410997091625094	1.8133953119531991	YES	Q05193
63	I	63	24.772	-17.253	94.731	1.58	0.54980694980695	0	0	5.7407867629557074	0.02059733175327876	-0.6663140874209509	1.479528657774825	YES	Q05193
64	V	64	25.912	-20.416	96.447	1.58	0.551937984496124	0	0	5.279267353023032	0.01245879066233393	-0.0874252187637693	1.3473804048506355	YES	Q05193
65	T	65	29.068	-18.964	97.966	1.58	0.551351351351351	0	1	2.545118793171221	0.12367002714549867	0.02898625250927017	1.2390863532612886	NO	Q05193
66	R	66	28.752	-15.685	99.831	1.58	0.551937984496124	0	0	2.8129295320517103	0.10001360444135392	0.04230753997154851	1.2007714285863447	NO	Q05193
67	R	67	32.159	-15.386	101.516	0.04	0.547692307692308	1	0	1.4654026535368194	0.6454153171466239	0.30322215552340337	1.0408336315960203	NO	Q05193
68	P	68	35.712	-15.326	100.282	1.58	0.623025623025623	0	0	1.6562838793046586	0.627119792969914	0.1411946140822526	1.2197428961438412	NO	Q05193
69	L	69	37.311	-18.724	100.123	1.58	0.618881118881119	0	0	1.5435653035443697	0.45619928178390434	0.004367583084640841	1.2082029533506973	NO	Q05193
70	V	70	41.012	-18.594	100.786	1.07	0.618881118881119	1	0	0	0.36749759274803173	0.41036025487212796	1.0987222926398104	NO	Q05193
71	L	71	42.039	-21.721	98.955	1.58	0.618881118881119	0	0	0.8024583906938062	0.9999999999999999	0.005398998094401599	1.1480419084633025	NO	Q05193
72	Q	72	45.541	-22.81	99.796	0.55	0.571705426356589	1	0	0	0.3655022283600956	0.4690054632329589	1.0396910922333138	NO	Q05193
73	L	73	46.944	-25.563	97.63	1.58	0.628402366863905	0	0	0	1	-0.37173623394971256	0.98265201174128	NO	Q05193
74	V	74	50.006	-27.128	99.148	0.04	0.67557251908397	0	0	0	0.5977399382232609	0.7221184814750453	0.7681475703634307	NO	Q05193
75	N	75	52.114	-29.733	97.456	-0.21	0.673664122137405	1	0	0	0.5977399382232609	0.28883377802295424	0.6396118920589627	NO	Q05193
76	A	76	52.469	-32.629	99.842	0.04	0.674329501915709	0	0	0	1	0.09962041446312918	0.552628566366606	NO	Q05193
77	T	77	53.092	-36.353	99.963	-0.72	0.67953667953668	1	0	0	1	-0.20053694264377936	0.37739910831784834	NO	Q05193
78	T	78	49.58	-37.018	101.211	0.3	0.733887733887734	0	0	0	1	0.20816393243809125	0.3118039072589408	NO	Q05193
79	E	79	46.272	-35.628	100.065	1.58	0.681467181467182	0	0	0	1	-0.09066492225225693	0.42136402299478987	NO	Q05193
80	Y	80	43.775	-34.114	102.476	0.81	0.718575063613232	0	0	0	1	0.023070948864495257	0.5007219507799683	NO	Q05193
81	A	81	42.056	-30.853	103.29	-0.21	0.766233766233766	0	0	0	0.36749759274803173	0.375330134196943	0.5960873182282967	NO	Q05193
82	E	82	41.885	-28.781	106.44	-0.47	0.761185983827493	0	0	0	0.3655022283600956	0.6842853507978395	0.8288365729824816	NO	Q05193
83	F	83	39.679	-25.852	107.389	0.04	0.710440251572327	1	0	0	0.3761852058379784	0.8120390573954182	0.621902531937014	NO	Q05193
84	L	84	41.136	-23.211	109.662	1.07	0.708427672955975	0	0	0	0.3655022283600956	1.2769839178724904	0.6241876106624268	NO	Q05193
85	H	85	37.945	-23.1	111.678	-0.21	0.747169811320755	0	0	0	0.5977399382232609	1.2116076234707307	0.48726569343569404	NO	Q05193
86	C	86	37.968	-26.859	112.207	0.3	0.703121098626717	0	0	0	1	0.8558402962196845	0.4290418875121768	NO	Q05193
87	K	87	41.267	-27.304	114.038	0.55	0.697283950617284	0	0	0	1	1.0567543967143176	0.21830050206098475	NO	Q05193
88	G	88	42.099	-30.999	114.16	0.04	0.703988603988604	1	0	0	1	0.9653270637577549	-0.118878443955887	NO	Q05193
89	K	89	40.036	-32.458	111.391	0.04	0.762654320987654	1	0	0	1	0.8355311734181039	0.5298980464138159	NO	Q05193
90	K	90	41.481	-33.799	108.179	-0.21	0.759840098400984	0	0	0	1	0.6812628447687165	0.4802276509614226	NO	Q05193
91	F	91	38.979	-34.107	105.358	0.55	0.759840098400984	0	0	0	0.6120843007509589	0.6721599592507435	0.5513189890853754	NO	Q05193
92	T	92	39.571	-36.928	102.916	0.81	0.756410256410256	0	0	0	0.5977399382232609	0.5318077455568577	0.4741341076936552	NO	Q05193
93	D	93	36.045	-36.835	101.561	1.58	0.756410256410256	0	0	0	1	0.5830049316709252	0.4906247591620508	NO	Q05193
94	F	94	35.824	-33.787	99.332	0.04	0.695676586187535	0	0	0	1	-0.02920385557020803	0.6835996575231585	NO	Q05193
95	E	95	32.077	-34.06	99.465	-0.21	0.693146853146853	2	0	0	1	0.3534064798518737	0.5736753441006708	NO	Q05193
96	E	96	32.357	-33.265	103.154	0.81	0.741596638655462	0	0	0	0.5977399382232609	0.7464036078949176	0.3202721401825293	NO	Q05193
97	V	97	34.643	-30.407	102.192	1.07	0.741596638655462	0	0	0	0.6017122232309312	0.4924911784049238	0.43723960743959506	NO	Q05193
98	R	98	31.854	-29.048	100.031	0.81	0.778676470588235	2	0	1.9014937939232712	0.3448534857127306	0.16135964409640402	0.7574838696448377	NO	Q05193
99	L	99	29.31	-29.496	102.798	0.04	0.741596638655462	0	0	0.8024583906938062	0.9999999999999999	0.49739969767081244	0.6944289436566364	NO	Q05193
100	E	100	31.526	-27.596	105.184	1.58	0.743697478991597	1	0	0.6355909138022692	1	0.7055806687089732	0.4998351006698032	NO	Q05193
101	I	101	31.781	-24.676	102.788	1.58	0.69294403892944	0	0	0.5242130530091798	1	0.45723076119374034	0.703744430497192	NO	Q05193
102	E	102	28.037	-24.606	102.429	-0.21	0.730839416058394	0	0	0.7097830178706751	1	0.36552074042754434	0.9766610040573451	NO	Q05193
103	A	103	27.645	-24.701	106.191	-0.21	0.784615384615385	0	0	0.9214913307625039	1	0.5819164110936136	0.7660611941358798	NO	Q05193
104	E	104	30.01	-21.765	106.578	-0.21	0.774907749077491	0	0	0.7097830178706751	1	0.567384422825619	0.9116076690932509	NO	Q05193
105	T	105	28.106	-19.72	104.029	1.07	0.734145220588235	1	0	0.5748529494616349	1	0.47523128184194946	0.8752692912183864	NO	Q05193
106	D	106	24.829	-20.386	105.797	0.55	0.740241635687732	1	0	1.0800985202404918	1	0.5866887589387771	0.9787556595556401	NO	Q05193
107	R	107	26.15	-19.683	109.25	-0.47	0.745102611940299	0	0	0.9214913307625039	1	0.7509973465008692	0.8503065372634988	NO	Q05193
108	V	108	27.225	-16.119	108.527	0.81	0.700634157008528	0	0	0.8024583906938062	0.9999999999999999	0.7012004365521469	0.7822236553119734	NO	Q05193
109	T	109	24.967	-15.206	105.575	0.55	0.7	0	0	3.453425011979145	0.1042212872480848	0.40364666461287485	0.901443829345842	NO	Q05193
110	G	110	21.953	-17.435	105.765	1.58	0.751399253731343	0	0	4.159300060516279	0.0763466354164827	0.3267368126833383	0.9795670280885767	NO	Q05193
111	T	111	19.46	-15.053	107.305	0.04	0.711771995043371	1	0	3.3659751501076545	0.18471645529240485	0.37472035630763473	1.1400441329243578	NO	Q05193
112	N	112	20.08	-12.023	105.084	0.55	0.719799498746867	0	0	2.22769543090561	0.2913796638316982	0.0705376588196592	1.1040541429991066	NO	Q05193
113	K	113	21.269	-14.041	102.113	0.3	0.759163533834586	1	0	2.94821827148683	0.13555943402487586	-0.2650415811202125	1.2149198590906845	NO	Q05193
114	G	114	23.842	-11.278	101.892	1.58	0.780010863661054	0	0	2.568524411169141	0.16978976958130076	-0.15785858697008529	1.057949319304014	NO	Q05193
115	I	115	27.588	-11.23	101.427	1.07	0.785987958401751	0	0	2.8129295320517103	0.10001360444135392	-0.02717525859153238	1.1023704007803816	NO	Q05193
116	S	116	30.329	-11.26	104.038	1.58	0.687022900763359	0	0	0.7097830178706751	1	0.38896060076297173	0.9503191243060592	NO	Q05193
117	P	117	33.996	-10.449	103.633	-0.72	0.694230769230769	1	0	0.8024583906938062	0.9999999999999999	0.2693127363181535	1.0080808365317708	NO	Q05193
118	V	118	34.937	-12.846	106.402	-0.21	0.694230769230769	0	0	0.7097830178706751	1	0.8097818394368553	0.7574838696448377	NO	Q05193
119	P	119	37.128	-15.433	104.81	0.3	0.648648648648649	1	0	0.6355909138022692	1	0.6776471073344202	0.9821832776437593	NO	Q05193
120	I	120	36.869	-19.186	104.928	1.58	0.687022900763359	1	0	0.6355909138022692	1	0.6217983311297074	0.857797054311601	NO	Q05193
121	N	121	40.332	-20.701	104.931	-0.21	0.691570881226054	0	0	0	0.3655022283600956	0.913878966666362	0.8645017232850021	NO	Q05193
122	L	122	40.677	-24.06	103.255	1.58	0.591133004926108	0	0	0	0.36749759274803173	0.537808321384057	0.6851938984943767	NO	Q05193
123	R	123	43.976	-25.739	102.694	0.55	0.520673076923077	0	0	0	0.6017122232309312	0.4853662404805975	0.7955685150683839	NO	Q05193
124	V	124	44.3	-28.661	100.367	1.07	0.490045248868778	0	0	0	1	-0.4227510292543837	0.771495476402989	NO	Q05193
125	Y	125	47.402	-30.811	100.614	0.04	0.575516693163752	1	0	0	1	-0.21960943212605097	0.7056649489654255	NO	Q05193
126	S	126	48.135	-32.954	97.584	1.58	0.575516693163752	0	0	0	1	-0.634276943422944	0.5208317421591419	NO	Q05193
127	P	127	50.918	-34.435	95.521	0.04	0.493300022711788	0	0	0	1	-0.7763736758139799	0.6174526417875259	NO	Q05193
128	H	128	48.95	-33.268	92.468	-0.21	0.464607464607465	0	0	0	1	-0.7383928213100229	0.5374425067400268	NO	Q05193
129	V	129	49.154	-29.531	93.021	1.58	0.409947762888939	0	0	0	0.6120843007509589	-0.8237815844454829	0.8288365729824816	NO	Q05193
130	L	130	51.779	-26.857	92.907	0.3	0.409947762888939	0	0	0.5748529494616349	1	0.26299546566813725	0.7088699398983114	NO	Q05193
131	N	131	51.901	-24.478	95.816	0.81	0.406806400721208	0	0	0.7097830178706751	1	0.9067571635701044	0.7887734125428144	NO	Q05193
132	L	132	49.252	-21.964	94.89	1.58	0.430582061068702	0	0	1.0829567035396315	1	0.5881143095421217	0.9998970662128505	NO	Q05193
133	T	133	46.763	-19.916	96.805	1.58	0.367816091954023	0	0	1.3125341250496438	0.6658459326759477	0.3164689089559012	1.1534021197287654	NO	Q05193
134	L	134	43.791	-18.104	95.425	1.32	0.367430025445293	0	0	3.1396478472418115	0.07879996451644135	-0.5191924679433937	1.4139679451332126	NO	Q05193
135	V	135	41.135	-16.077	97.152	1.07	0.315881836794384	0	0	1.3125341250496438	0.6658459326759477	-0.3541387494251978	1.269099147302783	NO	Q05193
136	D	136	37.932	-17.004	95.409	1.58	0.391091797935904	0	0	4.5525025433123005	0.010679481861227837	-0.9336572222403895	1.4864594106286473	YES	Q05193
137	L	137	35.36	-14.229	95.536	1.58	0.392584514721919	0	0	3.1396478472418115	0.07879996451644135	-0.507945566001629	1.4149676670755809	NO	Q05193
138	P	138	31.671	-14.523	94.816	1.58	0.38961038961039	0	0	4.072752703935488	0.02576586470416005	-0.4522380432709756	1.5121108609222835	YES	Q05193
139	G	139	30.748	-14.018	91.18	1.58	0.414866032843561	0	1	7.442945904027444	0.004844912229838566	-0.6464490387914299	1.52831709301741	YES	Q05193
140	M	140	29.135	-10.768	90.121	1.07	0.414866032843561	1	0	3.453425011979145	0.1042212872480848	-0.6900320148607122	1.4696667390651486	NO	Q05193
141	T	141	25.485	-10.603	89.108	1.58	0.411781527023163	0	0	5.214840567650131	0.052454076703681046	-0.9979975259624677	1.5133196223023442	NO	Q05193
142	K	142	23.095	-7.999	87.664	1.07	0.412169919632606	0	0	6.969027027979851	0.03296277880639541	-1.122912380078099	1.4276005170745956	YES	Q05193
143	V	143	19.575	-9.008	88.568	1.58	0.37989417989418	0	0	7.195541777655483	0.01263314551567821	-0.966184771754465	0.9760897343759921	YES	Q05193
144	P	144	18.374	-10.399	91.793	0.55	0.306837606837607	0	0	4.767671866715426	0.031098944768905564	-0.7955382588055823	0.8934460538068971	YES	Q05193
145	V	145	16.581	-13.695	91.51	1.58	0.37989417989418	0	0	3.3659751501076545	0.18471645529240485	-1.0144810617200193	0.8905483090464101	NO	Q05193
146	G	146	14.396	-15.533	93.95	0.04	0.379546652609383	0	0	4.4997523584060035	0.13413189646373508	-0.8956154615400854	0.8934460538068971	NO	Q05193
147	D	147	15.174	-14.767	97.573	0.81	0.40574809805579	0	0	2.68364281808613	0.2376214067278943	-0.5877344732872188	0.9969534966514999	NO	Q05193
148	Q	148	18.218	-12.655	96.877	1.58	0.402797202797203	0	2	2.68364281808613	0.2376214067278943	-0.5348144556980017	1.073032468181382	NO	Q05193
149	P	149	18.211	-9.149	98.201	1.58	0.40314430095452	0	0	2.22769543090561	0.2913796638316982	-0.5230425364229542	1.0432710489031274	NO	Q05193
150	P	150	17.685	-6.295	95.823	-0.47	0.436739659367397	1	0	3.5471444447110256	0.060188413480447435	-0.6665678383581087	0.6546791299046533	NO	Q05193
151	D	151	21.19	-4.978	96.589	1.58	0.433574879227053	1	0	3.5471444447110256	0.060188413480447435	-0.7061011202291942	0.9060402520693732	NO	Q05193
152	I	152	22.876	-8.288	95.854	1.58	0.438339438339438	0	0	5.214840567650131	0.052454076703681046	-0.7291635513729322	1.3187041187540087	NO	Q05193
153	E	153	24.848	-6.995	92.895	-0.21	0.476443264764433	0	0	5.214840567650131	0.052454076703681046	-0.7682642276813705	1.4159673890179487	NO	Q05193
154	F	154	26.328	-4.242	95.015	0.55	0.582319545823196	0	0	4.159300060516279	0.0763466354164827	-0.7701816621670056	1.1834166848855576	NO	Q05193
155	Q	155	26.889	-6.438	98.01	0.55	0.58020202020202	0	0	2.94821827148683	0.13555943402487586	-0.4688433472862678	1.1410438548667259	NO	Q05193
156	I	156	28.968	-8.755	95.888	1.58	0.58020202020202	0	0	4.071221230206763	0.04427853920774298	-0.5238083033624188	1.2800052048558894	YES	Q05193
157	R	157	30.753	-5.995	94.014	1.07	0.584452584452584	0	0	1.0800985202404918	1	-0.35848514423867545	1.2553263546214317	NO	Q05193
158	D	158	31.523	-3.899	97.032	-0.21	0.65036231884058	0	0	1.6336626879194165	0.5161325303767931	-0.20929206761196975	1.1264479145081516	NO	Q05193
159	M	159	32.926	-6.917	98.832	1.07	0.743271221532091	0	0	0.9214913307625039	1	-0.1245546219470736	0.9384531436044876	NO	Q05193
160	L	160	35.187	-7.902	95.981	1.32	0.737327188940092	1	0	0.7097830178706751	1	-0.27483814519663835	0.9889557211125554	NO	Q05193
161	M	161	36.277	-4.308	95.691	0.3	0.654545454545455	0	0	0	0.6120843007509589	-0.17658049117838037	0.9242253717901086	NO	Q05193
162	Q	162	37.582	-4.501	99.214	0.55	0.581818181818182	0	0	0	1	0.2528438467332675	0.5256343766018827	NO	Q05193
163	F	163	40.031	-7.125	98.007	1.07	0.581320450885668	0	0	0	0.36749759274803173	-0.26556370384641725	0.8968390494900859	NO	Q05193
164	V	164	40.858	-5.882	94.506	1.07	0.581320450885668	0	0	0	0.3655022283600956	-0.24266609417176502	1.1015093962367153	NO	Q05193
165	T	165	41.406	-2.25	95.351	0.81	0.577138289368505	0	0	0	0.6120843007509589	0.07568201013437599	0.9067756797051382	NO	Q05193
166	K	166	44.448	-3.273	97.343	0.3	0.577138289368505	0	0	0	0.6017122232309312	0.10005471182969913	0.8762554328208897	NO	Q05193
167	E	167	47.65	-2.788	95.364	0.04	0.432853717026379	0	0	0	0.3655022283600956	0.08877745195918005	0.8738151502113057	NO	Q05193
168	N	168	49.093	-6.138	96.412	0.3	0.433212996389892	0	0	1.3125341250496438	0.6658459326759477	0.288109132694093	0.8698970480533377	NO	Q05193
169	C	169	46.113	-8.047	95.058	0.55	0.435990338164251	0	0	1.4654026535368194	0.6454153171466239	-0.02092339572729742	1.0408522094718369	NO	Q05193
170	L	170	46.792	-9.81	91.809	1.32	0.392391304347826	0	0	1.3125341250496438	0.6658459326759477	-0.09403790499133571	1.2282986560227123	NO	Q05193
171	I	171	43.534	-10.181	89.977	0.04	0.389891696750903	1	0	0.8024583906938062	0.9999999999999999	-0.21966044224084091	1.3292976173612219	NO	Q05193
172	L	172	42.662	-13.375	88.199	1.58	0.390217391304348	0	0	3.5471444447110256	0.060188413480447435	-0.36527959724503445	1.4287638298802603	NO	Q05193
173	A	173	39.977	-12.068	85.953	0.81	0.391636363636364	0	0	2.545118793171221	0.12367002714549867	-0.483325006591407	1.4364416943976472	NO	Q05193
174	V	174	37.944	-14.947	84.617	1.58	0.434782608695652	0	0	7.361176926025056	4.327476072258977e-4	-0.6432300339911692	1.5104092065522956	YES	Q05193
175	S	175	35.807	-14.331	81.552	0.3	0.437956204379562	0	0	9.538971917460767	1.390795847548909e-4	-0.43187240260310394	1.424312893928152	YES	Q05193
176	P	176	34.027	-16.768	79.301	0.55	0.328467153284672	0	0	14.129550935857846	8.89896266828569e-5	-0.24552777893430794	1.4586221918923206	YES	Q05193
177	A	177	35.051	-16.868	75.666	0.55	0.293040293040293	0	1	6.180793707743986	0.00803465450094017	0.055232958280847406	1.3487428432716844	NO	Q05193
178	N	178	31.5	-17.129	74.448	1.58	0.391304347826087	0	0	12.470610514863134	0.0013156177043510753	0.09519113867461039	1.3236853635685872	NO	Q05193
179	S	179	30.849	-13.558	75.397	0.04	0.394160583941606	0	0	9.616810682258233	0.006974381610014637	-0.06385076629288775	1.418428243029932	YES	Q05193
180	D	180	32.105	-10.258	74.15	1.58	0.553505535055351	0	0	6.756407691650044	0.08773181946487148	-0.43247142589138066	1.31490458902583	NO	Q05193
181	L	181	35.152	-9.468	76.256	1.07	0.551470588235294	1	0	2.68364281808613	0.2376214067278943	-0.41727319896995513	1.159311501268179	NO	Q05193
182	A	182	33.896	-5.899	76.395	1.58	0.557620817843866	0	1	4.4997523584060035	0.13413189646373508	-0.8091052003071653	1.1335196318267977	NO	Q05193
183	N	183	31.04	-7.12	78.581	1.32	0.561256218905473	0	0	3.3659751501076545	0.18471645529240485	-0.851287617634691	1.1884751070213004	NO	Q05193
184	S	184	33.338	-8.89	81.063	1.07	0.563358302122347	0	0	3.453425011979145	0.1042212872480848	-0.507217329862933	1.3585288192382552	NO	Q05193
185	D	185	32.62	-7.997	84.639	1.07	0.563358302122347	0	0	2.22769543090561	0.2913796638316982	-0.623575917340403	1.3951731726166927	NO	Q05193
186	A	186	35.998	-9.357	85.67	1.58	0.610583446404342	0	0	2.8129295320517103	0.10001360444135392	-0.37054267881862457	1.5112136249817443	NO	Q05193
187	L	187	37.857	-7.162	83.221	1.58	0.542857142857143	0	0	0.5748529494616349	1	-0.22174558751130735	1.3510098462260325	NO	Q05193
188	K	188	35.716	-4.174	84.053	0.04	0.542322097378277	2	0	0.8024583906938062	0.9999999999999999	-0.2548243937222467	1.3445205942033764	NO	Q05193
189	V	189	36.614	-4.498	87.708	0.81	0.623278236914601	0	0	1.3125341250496438	0.6658459326759477	-0.27624027777855575	1.3825407886885133	NO	Q05193
190	A	190	40.24	-5.027	86.849	0.81	0.620300751879699	0	0	0	0.6120843007509589	-0.23645313215754826	1.2584112109007388	NO	Q05193
191	K	191	40.318	-1.973	84.631	0.3	0.615671641791045	0	0	0.9214913307625039	1	-0.0337282070793584	1.2343882628930196	NO	Q05193
192	E	192	38.788	0.148	87.333	1.58	0.675373134328358	0	0	0	0.5977399382232609	0.04768895150305275	1.289602535502623	NO	Q05193
193	V	193	41.336	-0.773	89.982	1.58	0.747624948368443	1	0	0	0.6017122232309312	-0.14585913948134976	1.0821343137442214	NO	Q05193
194	D	194	44.227	-1.578	87.644	1.58	0.747624948368443	0	0	0	0.6017122232309312	-0.2398454781858535	1.1448703767840656	NO	Q05193
195	P	195	43.845	0.671	84.645	1.58	0.742107421074211	2	0	0	0.5977399382232609	-0.012749152620317348	1.084059704151745	NO	Q05193
196	Q	196	47.38	-0.005	83.378	0.55	0.66789667896679	0	0	0	1	0.14066757577196823	1.1783864097728278	NO	Q05193
197	G	197	46.737	-3.718	83.461	1.58	0.593685936859369	0	0	0	0.6017122232309312	-0.12599031970907276	1.1012962893649878	NO	Q05193
198	Q	198	49.832	-4.467	85.536	-0.47	0.663003663003663	0	0	0	1	-0.00902463990440233	1.0752621510589058	NO	Q05193
199	R	199	48.198	-6.673	88.242	1.58	0.66789667896679	1	0	0.8024583906938062	0.9999999999999999	-0.0606344703328988	1.1983437072477174	NO	Q05193
200	T	200	45.609	-8.564	86.235	1.58	0.67037037037037	0	0	0.5748529494616349	1	-0.07719454552502167	1.2067811265882185	NO	Q05193
201	I	201	45.888	-12.02	84.728	1.32	0.766861391396707	0	0	0.9214913307625039	1	-0.0503162648653784	1.1950764455613818	NO	Q05193
202	G	202	43.214	-12.913	82.237	1.32	0.884803921568627	0	0	1.4654026535368194	0.6454153171466239	-0.2335300651743267	1.1824323432807646	NO	Q05193
203	V	203	41.663	-16.329	82.155	1.07	0.879120879120879	0	0	5.7388905330781235	0.004896229751002869	-0.0763740900303816	1.2202667181772413	YES	Q05193
204	I	204	39.454	-17.149	79.21	1.32	0.888888888888889	1	0	7.709249981708812	0.0018408638749888915	1.9182674093768832e-4	1.3007653881697459	NO	Q05193
205	T	205	37.18	-20.081	79.804	1.58	0.888888888888889	0	0	19.80940449731614	2.1253626511074027e-6	-0.07572350884595717	1.3514272003664654	YES	Q05193
206	K	206	34.665	-21.888	77.609	1.58	0.895522388059701	0	2	16.84463391737827	1.4282835710317766e-5	-0.08238581494214077	1.4550153519433844	YES	Q05193
207	L	207	36.741	-21.62	74.446	0.3	0.898876404494382	0	0	4.5525025433123005	0.010679481861227837	0.4491476291931886	1.101528529671019	NO	Q05193
208	D	208	34.961	-24.781	73.311	1.58	1.04868913857678	0	0	6.180793707743986	0.00803465450094017	0.7116601670638473	1.070463485735539	NO	Q05193
209	L	209	31.685	-22.831	73.339	1.58	0.902255639097744	0	0	18.71970868042801	5.453147643131024e-4	0.23173708245996796	1.370646660963929	NO	Q05193
210	M	210	32.58	-20.064	70.888	0.81	0.902255639097744	0	0	5.214840567650131	0.052454076703681046	0.49524484058509	1.195457292015617	NO	Q05193
211	D	211	30.291	-19.5	67.959	1.58	0.672932330827068	0	0	47.201215453798916	0.0021967034298872854	0.445413765710733	1.3439874091674469	NO	Q05193
212	E	212	31.421	-20.915	64.677	-0.47	0.674812030075188	0	0	0	1	0.8431809018324331	1.4094237544860853	NO	Q05193
213	G	213	33.333	-18.442	62.598	1.58	0.604377104377104	0	0	0	1	0.9292900959500323	0.5907423674995671	NO	Q05193
214	T	214	34.704	-16.799	65.694	1.58	0.604377104377104	0	0	1.3017591258850434	0.5824157453936707	0.6950822174888578	0.9235329236914985	NO	Q05193
215	D	215	37.742	-17.243	67.851	1.07	0.608990670059372	0	0	2.94821827148683	0.13555943402487586	0.5605373055895365	0.9475262503083324	NO	Q05193
216	A	216	39.518	-15.812	70.863	0.81	0.604377104377104	0	0	2.036344383186928	0.3904052568982205	0.44365375419947367	0.9214707794758822	NO	Q05193
217	R	217	42.867	-15.499	69.101	-0.21	0.687022900763359	2	0	1.0829567035396315	1	0.7275099402367747	0.5511412607400653	NO	Q05193
218	D	218	42.979	-11.73	69.386	0.81	0.681818181818182	0	0	0.9214913307625039	1	0.030050172173527765	0.7646702766508461	NO	Q05193
219	V	219	42.392	-11.862	73.121	1.58	0.619834710743802	0	0	1.6562838793046586	0.627119792969914	0.09196564665794463	0.8490947530909311	NO	Q05193
220	L	220	44.706	-14.793	73.774	1.07	0.54188679245283	0	0	0.9945297609786302	1	0.5858844739393904	0.6477600017245795	NO	Q05193
221	E	221	47.43	-13.111	71.737	0.04	0.537827715355805	0	0	0.5242130530091798	1	0.6072475161266403	0.508357758029435	NO	Q05193
222	N	222	46.939	-10.192	74.138	0.55	0.537827715355805	0	0	0	0.6017122232309312	0.2533922210758492	0.8659665173397538	NO	Q05193
223	K	223	46.044	-7.909	71.261	0.04	0.533828996282528	1	0	0	1	-0.28866537112437535	0.6604441931056425	NO	Q05193
224	L	224	42.374	-7.227	71.96	0.3	0.533828996282528	0	0	1.6336626879194165	0.5161325303767931	-0.21001013013547903	0.9180006278299728	NO	Q05193
225	L	225	42.718	-5.915	75.5	0.55	0.483947279486313	0	0	0.7097830178706751	1	-0.06009473626358031	1.0155454270347857	NO	Q05193
226	P	226	46.309	-6.065	76.438	-0.47	0.440740740740741	0	0	0	1	0.01658552455093024	0.9933649295401126	NO	Q05193
227	L	227	47.353	-7.057	79.932	1.07	0.550430504305043	0	0	0	0.5977399382232609	-0.0587508137577868	1.0288750529330268	NO	Q05193
228	R	228	50.976	-7.085	80.929	1.07	0.655677655677656	1	0	0	1	0.11401396242930698	0.9593324903896319	NO	Q05193
229	R	229	50.499	-10.513	82.485	0.04	0.660516605166052	0	0	1.6336626879194165	0.5161325303767931	0.10120507405171983	1.0288750529330268	NO	Q05193
230	G	230	48.614	-11.781	79.465	1.58	0.658088235294118	0	0	0	0.5977399382232609	0.16477184240786832	0.8859329919369795	NO	Q05193
231	Y	231	45.742	-14.194	79.092	0.55	0.614240777809551	0	0	0.6355909138022692	1	0.07008479194327685	0.9513693372556175	NO	Q05193
232	I	232	45.567	-17.925	79.445	0.81	0.617113223854797	1	0	2.545118793171221	0.12367002714549867	0.4640476094081789	0.9423213487671147	NO	Q05193
233	G	233	42.746	-19.897	77.904	0.55	0.489405331510595	0	0	2.764504804241099	0.0899367071804866	0.6129540032217011	0.9781317196199779	NO	Q05193
234	V	234	41.231	-22.961	79.513	1.58	0.448621553884712	0	0	3.8790780096320314	0.011616811630168672	0.3821517657919151	0.9690516919017206	NO	Q05193
235	V	235	38.656	-25.586	78.604	0.04	0.477528089887641	0	0	5.449508082228975	0.0016727773685959607	0.44680935461696986	0.9801816195354522	NO	Q05193
236	N	236	36.719	-26.924	81.568	0.81	0.483432916892993	0	0	7.026182489539891	2.5823065639309485e-4	-0.028120163722594665	1.1127473772805685	YES	Q05193
237	R	237	34.132	-29.607	81.658	1.58	0.480248917748918	0	1	13.440780970239453	3.373479260505442e-5	0.2907860007567804	1.0294082379689564	NO	Q05193
238	S	238	30.721	-28.796	80.325	0.81	0.583881578947369	0	1	18.71970868042801	5.453147643131024e-4	0.7943292145386189	1.190430118819709	NO	Q05193
239	Q	239	27.701	-29.147	82.509	1.58	0.533834586466166	0	0	18.71970868042801	5.453147643131024e-4	0.18607406802832296	1.4390720739082334	NO	Q05193
240	K	240	26.943	-32.415	80.813	0.04	0.571965628356606	0	0	6.756407691650044	0.08773181946487148	0.4067229915839217	0.9600941832981028	NO	Q05193
241	D	241	30.446	-33.583	81.629	1.07	0.664794007490637	0	0	4.4997523584060035	0.13413189646373508	0.4876213073332576	0.755706586191739	NO	Q05193
242	I	242	29.954	-32.478	85.217	1.58	0.708457711442786	1	0	6.969027027979851	0.03296277880639541	-0.33880896627345347	1.0143399652144232	YES	Q05193
243	D	243	26.71	-34.405	85.526	0.55	0.787262273330385	1	0	6.756407691650044	0.08773181946487148	0.3635152058877868	1.018363690796128	NO	Q05193
244	G	244	28.305	-37.365	83.737	0.04	0.871698113207547	0	0	4.4997523584060035	0.13413189646373508	0.8688378937979544	0.8435551683020518	NO	Q05193
245	K	245	31.031	-37.304	86.36	0.55	0.815580618212197	0	0	4.4997523584060035	0.13413189646373508	0.6064898705192302	0.5997238266609488	NO	Q05193
246	K	246	33.703	-37.013	83.723	0.3	0.815580618212197	0	0	2.68364281808613	0.2376214067278943	0.29101269198108853	0.515696046829786	NO	Q05193
247	D	247	37.002	-37.218	85.539	0.55	0.836606441476826	0	0	2.68364281808613	0.2376214067278943	0.1245474145842271	0.5514805603083842	NO	Q05193
248	I	248	39.373	-34.275	85.662	1.07	0.761886127959303	0	0	3.453425011979145	0.1042212872480848	-0.4415649828813038	0.65772666937413	NO	Q05193
249	T	249	42.155	-36.283	84.09	-0.21	0.777627576884083	0	0	0.9214913307625039	1	-0.19574915429630557	0.40998631796721297	NO	Q05193
250	A	250	39.975	-36.84	81.056	-0.21	0.810929537866807	1	0	1.0800985202404918	1	0.642630047090838	0.4543300920734114	NO	Q05193
251	A	251	39.004	-33.191	81.072	0.81	0.873308733087331	0	0	2.273156528431152	0.20632355494825175	-0.016205876725589312	0.6926685637146404	NO	Q05193
252	L	252	42.635	-32.102	81.106	0.3	0.868613138686131	0	0	1.3125341250496438	0.6658459326759477	0.06550752678343175	0.6368737373793734	NO	Q05193
253	A	253	43.416	-34.389	78.215	-0.47	0.804733727810651	2	0	0.6355909138022692	1	0.8292843857972089	0.39120893191925593	NO	Q05193
254	A	254	40.527	-32.992	76.252	-0.47	0.804042672655811	0	0	1.4654026535368194	0.6454153171466239	1.1679312844990095	0.5675879683868182	NO	Q05193
255	E	255	41.701	-29.472	76.985	1.58	0.7742633144093	0	0	2.374835667844401	0.15835054953803349	1.1724682638832087	0.5515221071943008	NO	Q05193
256	R	256	45.177	-30.2	75.699	-0.21	0.818058934847256	2	0	0.38482148536186656	0.48119254169223974	1.4616067188179465	0.3602610178772527	NO	Q05193
257	K	257	43.772	-31.796	72.594	-0.47	0.85892705080897	0	0	0.5242130530091798	1	1.6627875437970223	0.3557405360508926	NO	Q05193
258	F	258	41.568	-28.798	72.033	1.58	0.832234432234432	1	0	1.5435653035443697	0.45619928178390434	1.595903875262466	0.4807792216882464	NO	Q05193
259	F	259	44.461	-26.362	72.013	0.81	0.780882352941176	1	0	0.33831988956922393	0.48143700279913626	1.4475972825110306	0.24126381213113657	NO	Q05193
260	L	260	46.635	-28.55	69.866	0.04	0.824791581249146	1	0	0.44457907930279633	0.699366294801492	1.94182234944398	0.024735291695812078	NO	Q05193
261	S	261	43.761	-29.102	67.421	0.04	0.847619047619048	0	0	0.5748529494616349	1	2.0889606389498105	0.1669030327886492	NO	Q05193
262	H	262	42.274	-25.624	67.028	1.07	0.879012345679012	1	0	0.48134582664761	0.699366294801492	1.753982397448171	0.33093584090112216	NO	Q05193
263	P	263	43.658	-23.773	64.077	-0.72	0.876543209876543	0	0	0.5748529494616349	1	1.5478849261131353	0.34782003370556097	NO	Q05193
264	S	264	43.444	-20.42	65.798	-1.24	0.892989909718534	2	0	0.5748529494616349	1	1.2528493683439679	0.5340308682234141	NO	Q05193
265	Y	265	45.08	-21.641	69.02	1.07	0.929519071310116	0	0	0.41271254139081753	0.702448663617608	1.2791498002784056	0.5262148603103546	NO	Q05193
266	R	266	47.603	-24.298	68.007	0.04	0.920484010371651	3	1	0.44457907930279633	0.699366294801492	1.5693465827666644	0.15962117066111906	NO	Q05193
267	H	267	50.597	-22.012	67.827	-0.98	0.934770591487009	0	0	0.5748529494616349	1	1.6948186528953955	-0.0024616256831202265	NO	Q05193
268	L	268	49.726	-20.744	71.337	1.07	0.934770591487009	0	0	0.38482148536186656	0.48119254169223974	1.130305535791732	0.3533663837919555	NO	Q05193
269	A	269	48.992	-24.196	72.774	0.55	0.903283582089552	0	0	0.33831988956922393	0.48143700279913626	1.2986211543728088	0.2648208964458463	NO	Q05193
270	D	270	52.012	-24.405	75.072	0.55	0.871794871794872	0	0	0.44457907930279633	0.699366294801492	1.4324195718116686	0.4315745164328426	NO	Q05193
271	R	271	50.862	-21.17	76.719	0.04	0.85077004779607	1	0	0.44457907930279633	0.699366294801492	1.103719251945845	0.46308956052082695	NO	Q05193
272	M	272	47.307	-22.418	77.118	0.3	0.814412353445811	0	0	0.31873401407035606	0.48732264898808586	1.2556676572385335	0.5934269355126395	NO	Q05193
273	G	273	45.445	-24.779	79.398	0.55	0.819747416762342	0	0	1.5011913575573148	0.5084681912135759	0.8801046660532353	0.6329851637552658	NO	Q05193
274	T	274	45.057	-25.454	83.085	0.55	0.77705223880597	0	0	0.9945297609786302	1	0.020231772193284182	0.8245128455902788	NO	Q05193
275	P	275	48.419	-26.964	83.824	-0.21	0.77705223880597	2	0	0.5242130530091798	1	-0.015194731194539197	0.6685181379354344	NO	Q05193
276	Y	276	50.115	-23.967	82.255	-0.21	0.785087719298246	1	0	0	0.36749759274803173	0.6026691292136428	0.6214297570283078	NO	Q05193
277	L	277	47.835	-21.684	84.192	1.58	0.77571305099395	0	0	1.4654026535368194	0.6454153171466239	0.12215658435250924	1.0139739342973089	NO	Q05193
278	Q	278	48.736	-23.297	87.465	0.3	0.723306544202067	1	0	1.4654026535368194	0.6454153171466239	-0.48330715149069653	1.0067478739419466	NO	Q05193
279	K	279	52.408	-23.083	86.589	0.55	0.746982937994174	1	0	0.7097830178706751	1	0.4070447074108698	0.6937334849141195	NO	Q05193
280	V	280	52.134	-19.433	85.636	-0.21	0.736584595959596	0	0	0.7097830178706751	1	0.7656156183208509	0.7969395623036315	NO	Q05193
281	L	281	50.178	-18.482	88.712	1.58	0.702490566037736	0	0	1.0829567035396315	1	0.1984904927943024	1.1110765800576923	NO	Q05193
282	N	282	52.591	-20.239	90.982	1.32	0.670411985018727	1	0	1.0829567035396315	1	1.092602833980245	0.7796999128085731	NO	Q05193
283	Q	283	55.454	-18.396	89.362	0.3	0.671052631578947	0	0	2.22769543090561	0.2913796638316982	1.6399364010097996	0.5975283588659445	NO	Q05193
284	Q	284	53.824	-14.995	89.272	0.04	0.734819897084048	0	0	1.187318805817102	0.6875186610990878	1.1074239257326106	0.7973394510805787	NO	Q05193
285	L	285	52.497	-15.303	92.78	1.58	0.764328063241107	0	1	1.0829567035396315	1	1.1795068279054328	0.8882919317929105	NO	Q05193
286	T	286	55.871	-16.332	94.114	0.3	0.803546831955923	1	0	1.4654026535368194	0.6454153171466239	1.9821895176718185	0.6808575630526632	NO	Q05193
287	N	287	57.529	-13.468	92.299	-0.21	0.774123989218329	0	0	1.9014937939232712	0.3448534857127306	2.2242487564672744	0.4260888626977973	NO	Q05193
288	H	288	54.813	-11.122	93.46	1.58	0.774891774891775	0	0	1.6562838793046586	0.627119792969914	1.3324559023172744	0.5960873182282967	NO	Q05193
289	I	289	55.265	-12.063	97.095	1.58	0.771967654986523	0	1	0.9945297609786302	1	1.9758655945956083	0.766947904032589	NO	Q05193
290	R	290	58.984	-11.59	96.79	0.04	0.805263157894737	1	0	1.3125341250496438	0.6658459326759477	2.5409723003312705	0.4018494506797649	NO	Q05193
291	D	291	58.575	-8.123	95.427	0.3	0.782894736842105	0	0	1.9014937939232712	0.3448534857127306	1.9778988782541596	0.496223202039312	NO	Q05193
292	T	292	55.864	-7.025	97.852	0.55	0.777755710029792	1	0	1.4654026535368194	0.6454153171466239	0.9701455230107993	0.6875773871562844	NO	Q05193
293	L	293	56.805	-8.739	101.088	1.58	0.742395437262358	0	0	1.187318805817102	0.6875186610990878	1.852203502702045	0.7710039187701967	NO	Q05193
294	P	294	59.161	-6.074	102.37	1.58	0.738212927756654	1	0	0.9214913307625039	1	0.9612328814869152	1.0285195962424072	NO	Q05193
295	G	295	56.559	-3.406	101.711	-0.47	0.698412698412699	0	0	0.8024583906938062	0.9999999999999999	0.6378627260957822	0.803947137061564	NO	Q05193
296	L	296	53.971	-5.516	103.456	0.81	0.693161475116362	0	0	0.5748529494616349	1	0.7648180797422784	0.6676041064452692	NO	Q05193
297	R	297	56.041	-5.746	106.583	0.55	0.691897654584222	3	0	0.7097830178706751	1	1.1717103083774094	0.7285064220399659	NO	Q05193
298	N	298	56.369	-1.988	106.675	0.55	0.657992565055762	0	0	0	0.6017122232309312	0.909938017752796	0.5063256553516632	NO	Q05193
299	K	299	52.651	-1.64	106.168	0.55	0.630774697938877	0	0	0	0.6120843007509589	0.8930965614118553	0.3608762313802484	NO	Q05193
300	L	300	51.953	-4.07	108.955	1.32	0.690480038791013	1	0	0	0.36749759274803173	1.2296924375840774	0.33690751330353425	NO	Q05193
301	Q	301	54.441	-2.473	111.276	0.3	0.742499598909033	0	0	0	0.3655022283600956	0.48909035766391323	0.37625656895514203	NO	Q05193
302	S	302	52.977	0.952	110.727	-0.47	0.75065893516078	0	0	0	0.6120843007509589	0.8468130278628175	0.12536338815935924	NO	Q05193
303	Q	303	49.548	-0.511	111.27	0.04	0.771995043370508	0	0	0	0.2251048702825722	0.9002988940487857	-0.009769397057920634	NO	Q05193
304	L	304	50.662	-2.106	114.489	-0.47	0.799253731343284	0	0	0	0.3761852058379784	0.6412186295203396	0.169456944305287	NO	Q05193
305	L	305	46.818	-3.238	113.023	0.04	0.799253731343284	0	0	0	0.22462458933686702	1.1250191114131962	0.14032219055627432	NO	Q05193
306	S	306	43.369	-2.044	113.923	0.04	0.765656276808693	1	0	0	0.5977399382232609	1.2887738386894767	0.14014832587064507	NO	Q05193
307	I	307	44.317	1.608	113.842	0.04	0.791111111111111	1	0	0	0.1378248316215292	0.8921592680154758	0.04783178633976904	NO	Q05193
308	E	308	46.047	1.168	110.525	0.55	0.808565866320571	0	0	0	0.2251048702825722	1.059275064846446	-0.02942370062374098	NO	Q05193
309	K	309	42.875	-0.02	108.877	-0.47	0.876127973748975	0	0	0	0.36749759274803173	1.2026339014498302	-0.10331374947268829	NO	Q05193
310	E	310	40.877	2.947	110.078	0.04	0.902408111533587	1	0	0	0.1378248316215292	1.0688000610392472	-0.09622740134558912	NO	Q05193
311	V	311	43.748	5.313	109.486	1.07	0.893081761006289	0	0	0	0.14102147744756602	0.9951198404598365	-0.28369780568949904	NO	Q05193
312	E	312	43.956	4.114	105.919	0.3	0.934210526315789	0	0	0	0.2308911121522572	1.1889252620768656	-0.07250750295230879	NO	Q05193
313	E	313	40.19	4.374	105.569	-0.47	0.889724310776942	0	0	0	0.3761852058379784	1.4165178473391677	-0.08601485719585979	NO	Q05193
314	Y	314	40.19	7.942	106.885	0.55	0.880597014925373	0	0	0	0.2251048702825722	1.1121697129134196	-0.0017252576028081834	NO	Q05193
315	K	315	43.299	9.177	105.143	0.04	0.828800626100567	3	0	0	0.2251048702825722	1.2189282879868641	0.02871686826281916	NO	Q05193
316	N	316	41.628	7.921	101.979	-0.47	0.796022960229602	1	0	0	0.3655022283600956	1.4664167782717128	-0.24714898752786077	NO	Q05193
317	F	317	38.281	9.381	102.981	-1.24	0.793096405228758	0	0	0	0.3761852058379784	1.0330686062168597	0.05012505531150943	NO	Q05193
318	R	318	39.574	12.884	102.397	-1.24	0.79019129019129	2	0	0	0.36749759274803173	0.9018370812024804	0.00462659891217978	NO	Q05193
319	P	319	41.963	13.608	99.589	1.58	0.79019129019129	1	0	0	0.6120843007509589	1.1006417644819815	-0.026540490006253088	NO	Q05193
320	D	320	42.895	17.12	100.656	-0.47	0.789537712895377	0	0	0	0.3655022283600956	0.827749804959178	-0.02581341950271266	NO	Q05193
321	D	321	46.539	16.237	100.152	0.55	0.740465293668955	1	0	0	0.6120843007509589	0.9623554175207669	-0.47265017753569916	NO	Q05193
322	P	322	46.723	16.255	96.394	0.04	0.673150266971777	0	0	0	0.6120843007509589	0.9258873189958686	-0.3306237459869675	NO	Q05193
323	A	323	45.029	18.467	93.899	-0.98	0.644160583941606	0	0	0	1	0.758249107165456	-0.1995832698488741	NO	Q05193
324	R	324	42.134	16.024	94.145	-0.72	0.683984542722198	1	0	0	1	0.8561756613565927	-0.0636210856868147	NO	Q05193
325	K	325	39.886	17.196	97.038	1.58	0.677109974424552	0	0	0	0.3655022283600956	0.7272012629030004	0.010598271314591805	NO	Q05193
326	T	326	37.034	18.068	94.662	0.3	0.679663056558364	0	0	0	1	0.23581160100235019	0.3179870614571165	NO	Q05193
327	K	327	37.316	14.591	93.266	-0.21	0.638181818181818	0	0	0	1	0.6088174160099779	0.15898366681381187	NO	Q05193
328	A	328	35.78	13.55	96.558	0.04	0.754147812971342	0	0	0	1	0.6097744856267266	-0.1723908330164622	NO	Q05193
329	L	329	32.778	15.796	96.045	1.58	0.753542292829541	0	0	0	0.5977399382232609	0.188216244356764	-0.13452028505908098	NO	Q05193
330	L	330	32.338	14.372	92.583	1.32	0.800638686131387	0	0	0	1	-0.004413338965259116	0.5531673638765979	NO	Q05193
331	Q	331	32.202	10.872	93.893	0.55	0.734098018769552	0	0	0	1	0.48678988209957197	0.16104369990717637	NO	Q05193
332	M	332	29.811	11.772	96.663	0.3	0.686733556298774	0	0	0	0.5977399382232609	0.1629958350242958	-0.330213603651637	NO	Q05193
333	V	333	27.453	13.354	94.188	1.07	0.691188811188811	0	0	0	1	-0.35811896746008753	-0.25725144084021195	NO	Q05193
334	Q	334	27.759	10.388	91.866	0.3	0.700729927007299	0	0	0	1	-0.14258958457179424	0.10766460710558355	NO	Q05193
335	Q	335	26.812	8.153	94.779	-0.21	0.641818181818182	0	0	0	1	-0.11043154083815498	-0.01911172616573136	NO	Q05193
336	F	336	23.777	10.263	95.501	1.58	0.589410589410589	0	0	0	0.3655022283600956	-0.3397608033926735	-0.6549994598236375	NO	Q05193
337	A	337	22.712	10.174	91.893	0.55	0.523420074349443	0	0	0	0.5977399382232609	-0.6069492187488209	-0.3176110482569363	NO	Q05193
338	V	338	23.059	6.421	91.602	0.3	0.527340823970038	1	0	0	1	-0.5319975457109405	-0.08028311805961612	NO	Q05193
339	D	339	21.205	5.791	94.812	1.07	0.479835953520164	0	0	3.6493564544185557	0.03495844200495545	-0.47543222435932353	-0.2810606081518729	NO	Q05193
340	F	340	18.434	7.966	93.449	0.55	0.479835953520164	0	0	3.302242956425774	0.045994332979377134	-0.642794639694902	-0.538015455812638	NO	Q05193
341	E	341	18.157	6.301	90.079	0.04	0.483471074380165	0	0	7.442945904027444	0.004844912229838566	-0.7639450819611369	-0.004780308507436127	NO	Q05193
342	K	342	18.12	2.877	91.631	-0.21	0.485309367438645	0	0	6.180793707743986	0.00803465450094017	-0.6109273490450771	0.04650213134942339	YES	Q05193
343	R	343	15.608	3.703	94.319	-0.21	0.481646655231561	3	0	3.6493564544185557	0.03495844200495545	-0.5433566205506447	-0.21757826481149956	NO	Q05193
344	I	344	13.105	5.468	92.076	0.81	0.483926719668165	0	0	4.072752703935488	0.02576586470416005	-0.5168828747692005	-0.25697907077541815	NO	Q05193
345	E	345	13.265	2.835	89.354	0.81	0.482093663911846	0	0	6.180793707743986	0.00803465450094017	-0.6010972773263794	0.1252494597328786	YES	Q05193
346	G	346	12.794	-0.219	91.641	1.58	0.602058319039451	0	2	3.302242956425774	0.045994332979377134	-0.6355923250242154	0.24751818205406495	YES	Q05193
347	S	347	10.648	-1.849	89.05	0.3	0.597548518896834	0	0	4.072752703935488	0.02576586470416005	-0.6133645541159032	0.17323611296654656	YES	Q05193
348	G	348	10.646	-5.041	87.115	-1.24	0.547752808988764	0	0	9.616810682258233	0.006974381610014637	-0.7911036231821423	0.3460427502524622	YES	Q05193
349	D	349	8.467	-7.844	85.929	0.3	0.547752808988764	1	0	13.493525630875741	0.04785675329397299	-0.6970200482731848	0.5162176408866738	YES	Q05193
350	Q	350	10.298	-9.95	88.425	0.04	0.6	0	0	9.616810682258233	0.006974381610014637	-0.8735932080819457	0.3722576811856697	YES	Q05193
351	I	351	9.015	-9.243	91.867	1.07	0.60442804428044306	0	0	7.195541777655483	0.01263314551567821	-0.7897195653699761	0.5106191980094124	YES	Q05193
352	D	352	11.083	-6.472	93.318	-0.47	0.60392156862745106	0	0	5.531795558369435	0.002897763866443352	-0.7672398512620823	0.45320068534705793	YES	Q05193
353	T	353	12.31	-5.841	96.818	0.55	0.65	0	0	6.172663796969257	0.0018827571714714556	-0.7889613886414474	0.5381425772779185	YES	Q05193
354	Y	354	10.085	-7.388	99.412	-0.72	0.652416356877323	1	0	7.195541777655483	0.01263314551567821	-0.6904781491807186	0.5291029459216401	YES	Q05193
355	E	355	10.033	-4.233	101.414	1.07	0.656716417910448	1	0	9.328922212807631	0.0026779127186774853	-0.2829130011293065	0.43566861581587385	YES	Q05193
356	L	356	8.488	-1.391	99.548	0.3	0.656716417910448	0	0	3.6493564544185557	0.03495844200495545	-0.31071316609871524	0.044539307316056015	YES	Q05193
357	S	357	10.519	1.411	98	-0.21	0.610656753407683	0	0	3.6493564544185557	0.03495844200495545	-0.4148275225635568	-0.2681356316112569	NO	Q05193
358	G	358	10.075	4.816	96.38	0.55	0.65	0	1	2.767620029667684	0.07382499634807607	-0.32807102915249725	-0.33643409573748284	NO	Q05193
359	G	359	9.716	3.623	92.809	0.3	0.553046218487395	0	2	3.302242956425774	0.045994332979377134	-0.4270716796312299	0.0622793808617336	YES	Q05193
360	A	360	7.363	0.874	93.815	0.55	0.516176470588235	0	0	2.557439910181723	0.14805056110263948	-0.3989103534637293	0.04674821675062167	NO	Q05193
361	R	361	5.215	3.139	95.887	1.07	0.516605166051661	1	0	2.557439910181723	0.14805056110263948	-0.31772483260432366	-0.01666640349042992	NO	Q05193
362	I	362	5.099	5.585	93.037	1.32	0.516605166051661	0	0	2.557439910181723	0.14805056110263948	-0.137265784302602	0.08567072437348573	NO	Q05193
363	N	363	4.023	2.752	90.796	0.04	0.516605166051661	1	0	4.072752703935488	0.02576586470416005	-0.20298763185230112	0.278683707380017	YES	Q05193
364	R	364	1.188	2.075	93.182	0.04	0.516605166051661	1	0	3.6493564544185557	0.03495844200495545	-0.36462670752986764	0.2962788135656953	YES	Q05193
365	I	365	0.301	5.724	93.266	-0.21	0.465085287846482	1	0	2.132916709143821	0.2560312229061939	0.009266497445713449	0.19430717544415083	NO	Q05193
366	F	366	0.151	6.017	89.539	1.58	0.466417910447761	2	0	1.324107113041339	0.7161009458784641	0.17595531308572038	0.24852066820456856	NO	Q05193
367	H	367	-1.625	2.822	88.673	1.07	0.463356346255975	1	0	0.48134582664761	0.699366294801492	-0.03172847846362493	0.3136073272334088	NO	Q05193
368	E	368	-3.479	1.684	91.783	0.04	0.496323529411765	0	0	0.5748529494616349	1	-0.6860002947529003	0.18641463379387643	NO	Q05193
369	R	369	-4.555	4.652	93.889	0.04	0.492307692307692	1	0	0.5242130530091798	1	-0.38730884599515875	0.27484477512132366	NO	Q05193
370	F	370	-5.003	7.486	91.422	-0.21	0.493096646942801	0	0	0.3602055826760138	0.47925406273796467	0.1935635393381462	0.30989664759146596	NO	Q05193
371	P	371	-7.563	5.463	89.592	0.3	0.430147058823529	0	0	0.44457907930279633	0.699366294801492	0.07713362945286435	0.25255764061946445	NO	Q05193
372	F	372	-9.369	5.033	92.902	-0.21	0.430147058823529	1	0	0.5748529494616349	1	-0.49616524434024994	0.12469017473015512	NO	Q05193
373	E	373	-9.083	8.687	93.75	-0.21	0.43050430504305	0	1	0.48134582664761	0.699366294801492	-0.044402186884928134	0.09870413636287702	NO	Q05193
374	L	374	-10.791	9.431	90.48	-0.47	0.427350427350427	2	0	0.41271254139081753	0.702448663617608	0.34997542466745757	0.1557464719528104	NO	Q05193
375	V	375	-13.466	6.8	90.983	-0.21	0.428223844282238	0	0	0.7097830178706751	1	0.035975016689791764	0.06495853643929572	NO	Q05193
376	K	376	-14.437	8.354	94.292	0.04	0.427878787878788	0	0	0.9214913307625039	1	-0.7738552865510618	-0.1454806706148366	NO	Q05193
377	M	377	-14.979	11.581	92.376	0.04	0.319746376811594	1	0	0.7097830178706751	1	-0.20943261321173254	-0.04253604108414244	NO	Q05193
378	E	378	-17.623	9.98	90.154	0.55	0.391508133443617	0	0	0.5748529494616349	1	-0.3773132398044621	-0.07504647931387856	NO	Q05193
379	F	379	-21.351	10.618	90.056	-0.72	0.3904052936311	1	0	0	0.6120843007509589	-0.6777122991395315	-0.08257877585320209	NO	Q05193
380	D	380	-23.442	7.708	91.227	-0.47	0.39010989010989	0	0	0	1	-1.5997611399299656	-0.4089368060153668	NO	Q05193
381	E	381	-26.425	6.678	89.182	-0.72	0.316964285714286	0	0	0	1	-0.7759784662348278	-0.288499715546553	NO	Q05193
382	K	382	-29.007	8.533	91.19	-0.21	0.254480286738351	1	0	0	1	-1.3200388702535835	-0.4016603984662094	NO	Q05193
383	E	383	-27.115	11.782	91.462	-0.21	0.281746031746032	1	0	2.22769543090561	0.2913796638316982	-1.654207444503108	-0.31066348566755003	NO	Q05193
384	L	384	-26.124	11.608	87.831	0.3	0.283772981614708	0	0	2.22769543090561	0.2913796638316982	-0.4360283698445352	0.08490903146501484	NO	Q05193
385	R	385	-29.713	11.245	86.726	-0.21	0.346753246753247	1	0	2.22769543090561	0.2913796638316982	-0.08632813962856178	-0.1380831338080237	NO	Q05193
386	R	386	-30.612	14.039	89.091	-0.21	0.316725978647687	0	0	1.6562838793046586	0.627119792969914	-0.772190986073632	-0.18025531229642447	NO	Q05193
387	E	387	-27.866	16.121	87.506	0.3	0.291325695581015	0	0	1.4654026535368194	0.6454153171466239	-0.5356836960161979	0.2664204515536352	NO	Q05193
388	I	388	-29.085	15.408	84.01	1.07	0.317857142857143	0	0	1.187318805817102	0.6875186610990878	0.0038089245286257465	0.10433220063102329	NO	Q05193
389	S	389	-32.722	16.107	84.82	-0.47	0.293183684642759	0	0	1.4654026535368194	0.6454153171466239	0.11703798538096098	0.01024072370226247	NO	Q05193
390	Y	390	-31.727	19.325	86.516	0.04	0.229529335912315	0	2	1.6562838793046586	0.627119792969914	-0.8422673373210816	0.04907484236195104	NO	Q05193
391	A	391	-29.704	20.221	83.455	0.3	0.254285714285714	0	0	2.273156528431152	0.20632355494825175	-0.41254845394471484	0.4018494506797649	NO	Q05193
392	I	392	-32.904	19.618	81.513	0.04	0.42230130486358203	1	0	2.94821827148683	0.13555943402487586	-0.02563926993626599	0.2877650525081091	NO	Q05193
393	K	393	-34.884	21.864	83.828	0.3	0.425328554360812	1	0	4.159300060516279	0.0763466354164827	-0.5800230413132474	0.10033331286155095	NO	Q05193
394	N	394	-32.164	24.434	83.339	1.07	0.425328554360812	1	0	3.453425011979145	0.1042212872480848	-0.9436041431305628	0.14179546499765883	NO	Q05193
395	I	395	-32.615	24.581	79.6	0.04	0.421115065243179	0	0	3.453425011979145	0.1042212872480848	-0.5264266156561547	0.3751140295924356	NO	Q05193
396	H	396	-36.188	25.194	78.6	0.04	0.418439716312057	0	0	3.453425011979145	0.1042212872480848	-0.7305925251403604	0.28545829371888776	NO	Q05193
397	G	397	-35.029	25.07	75.866	1.58	0.541433655312659	0	1	1.0800985202404918	1	-0.23407641504309204	0.3451541085259127	NO	Q05193
398	I	398	-34.578	25.026	72.13	-0.47	0.58560794044665	0	0	1.3017591258850434	0.5824157453936707	0.013148363920343907	0.3702582373009335	NO	Q05193
399	R	399	-36.967	22.337	71.107	0.81	0.58560794044665	0	0	1.6336626879194165	0.5161325303767931	0.014666956217468378	0.2859959593013379	NO	Q05193
400	T	400	-35.095	19.864	69.015	0.04	0.636690647482014	1	0	2.185410145791143	0.43973240359418153	-0.3323468137479507	0.30804024818179043	NO	Q05193
401	G	401	-33.859	16.41	69.664	0.04	0.69371139809096	0	0	2.185410145791143	0.43973240359418153	0.10631961040096204	0.43224099772775465	NO	Q05193
402	L	402	-30.305	17.649	69.564	0.55	0.69371139809096	0	0	2.185410145791143	0.43973240359418153	0.3796484256475488	0.6470383979165543	NO	Q05193
403	F	403	-30.677	20.972	71.288	1.58	0.698224852071006	0	0	1.6336626879194165	0.5161325303767931	0.35541256119306225	0.6179671185765808	NO	Q05193
404	T	404	-31.647	20.137	74.84	0.55	0.698224852071006	0	0	3.453425011979145	0.1042212872480848	0.0736787896837028	0.43338353709046107	NO	Q05193
405	P	405	-29.853	16.909	74.79	0.81	0.698224852071006	0	0	0.9214913307625039	1	0.39074960676624215	0.39327747587135753	NO	Q05193
406	D	406	-26.588	18.238	73.434	0.04	0.769565217391304	0	0	1.3017591258850434	0.5824157453936707	0.2376437995400215	0.47422931930721407	NO	Q05193
407	M	407	-26.336	20.825	76.185	-0.21	0.767391304347826	2	0	2.568524411169141	0.16978976958130076	-0.12451300521816197	0.5637044331491576	NO	Q05193
408	A	408	-27.486	18.419	78.837	0.55	0.804545454545455	0	0	2.568524411169141	0.16978976958130076	0.11138977952777387	0.37318050144016324	NO	Q05193
409	F	409	-24.629	16.25	77.661	1.58	0.769565217391304	0	0	2.22769543090561	0.2913796638316982	0.025914063261444093	0.4587790711069802	NO	Q05193
410	E	410	-22.116	19.05	77.675	1.58	0.766787003610108	0	0	0	1	-0.1383493286859671	0.6456673506813065	NO	Q05193
411	T	411	-23.35	20.413	80.943	0.04	0.771119133574007	0	0	1.6562838793046586	0.627119792969914	-0.44012118086103125	0.5397111065323237	NO	Q05193
412	I	412	-23.157	17.117	82.793	0.3	0.768345323741007	1	0	1.4654026535368194	0.6454153171466239	-0.14839593652531227	0.2907418920387336	NO	Q05193
413	V	413	-19.849	16.104	81.278	1.58	0.723505434782609	0	0	0	0.6120843007509589	0.005626875585178407	0.40954963457074883	NO	Q05193
414	K	414	-18.215	19.367	82.151	1.07	0.680946291560102	0	0	0	0.6017122232309312	-0.2414377183282709	0.5255483790154424	NO	Q05193
415	K	415	-19.695	19.036	85.596	0.55	0.688429217840983	1	0	0	0.3655022283600956	-0.4516231141340735	0.30694251428428815	NO	Q05193
416	Q	416	-18.176	15.614	86.127	0.81	0.693528693528694	0	0	0	0.3655022283600956	-0.08783019766516645	0.19002265283400183	NO	Q05193
417	V	417	-14.91	16.647	84.484	1.07	0.743066457352172	0	0	0	0.2308911121522572	-0.019062562033798375	0.21298490734302766	NO	Q05193
418	K	418	-14.401	19.613	86.784	-0.21	0.743066457352172	0	0	0	0.36749759274803173	-0.33942894815956237	0.005692968984039084	NO	Q05193
419	K	419	-14.24	17.067	89.635	-0.21	0.783088235294118	0	0	0.6355909138022692	1	-0.10917320021409263	0.04781458682248098	NO	Q05193
420	I	420	-11.043	15.467	88.273	1.58	0.839023109243698	0	0	0.5748529494616349	1	-0.09720258188199644	-0.1843874963248792	NO	Q05193
421	R	421	-8.883	18.363	89.341	-0.47	0.81043956043956	2	0	0.6355909138022692	1	-0.47327275587727363	-0.27931866840380726	NO	Q05193
422	E	422	-8.681	17.381	92.994	-0.21	0.805200729927007	0	0	1.0800985202404918	1	-0.21257019232712449	-0.24980930023344655	NO	Q05193
423	P	423	-7.665	13.778	92.44	1.58	0.641818181818182	1	0	0.48134582664761	0.699366294801492	-0.04956466019506665	-0.1572421052309317	NO	Q05193
424	C	424	-5.168	14.984	89.835	0.81	0.68012022327179	0	0	0.48134582664761	0.699366294801492	0.0070750994466570365	-0.3232697985325532	NO	Q05193
425	L	425	-3.612	17.625	92.049	1.07	0.709090909090909	0	0	0.8024583906938062	0.9999999999999999	-0.09621845814393228	-0.6164085126432844	NO	Q05193
426	K	426	-3.728	15.13	94.866	-0.21	0.709090909090909	0	0	0.5242130530091798	1	-0.043053401042195565	-0.2385057774717381	NO	Q05193
427	C	427	-1.724	12.615	92.89	0.3	0.709651257096513	0	0	0.3602055826760138	0.47925406273796467	0.13723876656583425	-0.11046519955777635	NO	Q05193
428	V	428	1.029	15.091	92.28	1.07	0.712826797385621	0	0	0	0.22462458933686702	-0.25086940060312546	-0.4433250005595687	NO	Q05193
429	D	429	1.279	15.525	96.045	-0.21	0.728991596638655	0	0	0	0.6120843007509589	-0.32443327847239817	-0.5776850030865686	NO	Q05193
430	M	430	1.476	11.842	96.873	-0.21	0.734391534391534	0	0	1.187318805817102	0.6875186610990878	0.05479916163006056	-0.03277252289374244	NO	Q05193
431	V	431	4.358	11.707	94.421	0.81	0.714179104477612	0	0	1.5435653035443697	0.45619928178390434	-0.25835683018816313	-0.22786808577928813	NO	Q05193
432	I	432	6.068	14.842	95.674	-0.47	0.71685393258427	0	0	0.7097830178706751	1	-0.704641414041683	-0.8659925127290473	NO	Q05193
433	S	433	5.842	13.154	99.036	0.3	0.722264150943396	1	0	0.8024583906938062	0.9999999999999999	-0.4266699190984901	-0.8083739438733423	NO	Q05193
434	E	434	7.545	9.904	98.068	-1.24	0.717481203007519	1	0	1.324107113041339	0.7161009458784641	-0.4175728615031395	-0.44169774752783536	NO	Q05193
435	L	435	10.118	11.895	96.126	-1.24	0.623896698267408	0	0	1.5435653035443697	0.45619928178390434	-0.7253858364978141	-0.7434320064971115	NO	Q05193
436	I	436	11.028	13.912	99.204	-1.24	0.621025308241402	1	0	0.8024583906938062	0.9999999999999999	-0.8325004748265886	-1.2937789357707414	NO	Q05193
437	S	437	11.156	10.735	101.222	-1.24	0.556503198294243	0	0	1.5435653035443697	0.45619928178390434	-0.4934945752640127	-1.1643519709726808	NO	Q05193
438	T	438	13.695	9.344	98.758	-1.24	0.556503198294243	0	0	2.767620029667684	0.07382499634807607	-0.6474943936972188	-0.6032604667882391	NO	Q05193
439	V	439	15.954	12.392	98.723	-1.24	0.548311076197957	1	0	0.41271254139081753	0.702448663617608	-0.7708813096099781	-1.246881723115295	NO	Q05193
440	R	440	16.116	12.093	102.474	-1.24	0.551941651882515	1	0	0.5242130530091798	1	-0.40517502353113416	-1.674601587102812	NO	Q05193
441	Q	441	17.113	8.441	102.436	-1.24	0.584795321637427	0	0	0.5748529494616349	1	-0.26118899089128933	-1.4274156797625097	NO	Q05193
442	C	442	19.725	8.848	99.749	-1.24	0.582089552238806	0	0	0.5748529494616349	1	-0.3988239021717233	-0.9889394798592612	NO	Q05193
443	T	443	21.133	11.795	101.652	-1.24	0.581577860388269	1	0	0	0.6120843007509589	-0.3014713415206368	-1.5571485406165961	NO	Q05193
444	K	444	21.875	9.569	104.627	-1.24	0.613507625272331	2	0	0	1	-0.1296308006218273	-1.6865030387976703	NO	Q05193
445	K	445	24.964	8.346	102.774	-1.24	0.619841966637401	0	0	0	0.5977399382232609	-0.04967685129364428	-1.22537203619574	NO	Q05193
446	L	446	26.16	11.966	103.134	-1.24	0.61578832276405	0	0	0	0.5977399382232609	0.15345051738105317	-0.907621633737799	NO	Q05193
447	Q	447	26.347	11.926	106.925	-1.24	0.623919874312647	0	0	0	1	0.09676724271182857	-1.3094284292531955	NO	Q05193
448	Q	448	30.032	11.535	106.303	-1.24	0.623919874312647	0	0	0	0.6120843007509589	0.4180551183552515	-0.8154119863476135	NO	Q05193
449	Y	449	29.772	15.195	105.303	-1.24	0.658582089552239	0	0	0	0.3655022283600956	0.3088410774379167	-0.8522502251936616	NO	Q05193
450	P	450	27.354	17.383	107.201	-1.24	0.624502432551968	0	0	0	0.6017122232309312	0.15277708097431228	-1.1046115498358529	NO	Q05193
451	R	451	27.52	20.515	105.057	-1.24	0.631626034444196	1	0	0	1	0.04425761094182087	-0.9208641378981431	NO	Q05193
452	L	452	27.295	18.585	101.824	-1.24	0.622222222222222	0	0	0	1	-0.08918592779346364	-0.6567192822327639	NO	Q05193
453	R	453	24.34	16.584	103.011	-1.24	0.620454545454546	1	0	0	0.5977399382232609	-0.17303476881555385	-1.2002746395550112	NO	Q05193
454	E	454	22.725	19.725	104.295	-1.24	0.710526315789474	0	0	0	0.6017122232309312	-0.28349118887958497	-1.6199289627836773	NO	Q05193
455	E	455	23.148	21.819	101.178	-1.24	0.664150943396226	0	0	0	1	-0.6341205191196466	-1.074006728773491	NO	Q05193
456	M	456	22.36	18.963	98.836	-1.24	0.594795539033457	0	0	0	0.6017122232309312	-0.6676107031813702	-0.9383046348728609	NO	Q05193
457	E	457	19.172	17.909	100.545	-1.24	0.597014925373134	0	0	0	0.3655022283600956	-0.6535273998380138	-1.7158674205558544	NO	Q05193
458	R	458	18.204	21.53	100.577	-1.24	0.601503759398496	0	0	0	0.6017122232309312	-1.1284326697408624	-1.9282453256236287	NO	Q05193
459	I	459	18.818	22.145	96.889	-1.24	0.439450686641698	0	0	0	0.5977399382232609	-1.2339737072747052	-1.3480638372413283	NO	Q05193
460	V	460	17.1	19.022	95.669	-1.24	0.218091697645601	0	0	0	0.6017122232309312	-0.9705457747593257	-1.0884523233515848	NO	Q05193
461	T	461	14.185	19.66	97.95	-1.24	0.217901234567901	0	0	0	0.3655022283600956	-0.9715236214257374	-1.6972312377060932	NO	Q05193
462	T	462	13.876	23.109	96.442	-1.24	0.217901234567901	1	0	0	1	-1.3615518267384135	-1.9089260236724115	NO	Q05193
463	H	463	14.049	21.855	92.884	-1.24	0.220149253731343	0	0	0	1	-1.3418572415375403	-1.2932790747995575	NO	Q05193
464	I	464	11.292	19.448	93.763	-1.24	0.188699360341151	1	0	0	0.6017122232309312	-1.0225409140104014	-1.1854143389124745	NO	Q05193
465	R	465	9.137	22.246	95.114	-1.24	0.188871054039593	0	0	0	1	-1.1827714065835357	-1.3308241877462696	NO	Q05193
466	E	466	9.562	24.282	91.949	-1.24	0.438661710037175	0	0	0	1	-1.790865144561655	-1.7239592875717278	NO	Q05193
467	R	467	8.704	21.276	89.827	-1.24	0.435424354243542	1	0	0	1	-1.0820022915088165	-0.9733680532417707	NO	Q05193
468	E	468	5.678	20.773	91.978	-1.24	0.438271604938272	0	0	0	1	-0.706295369934091	-0.9470325209313886	NO	Q05193
469	G	469	4.448	24.185	91.004	-1.24	0.437884378843788	0	0	0	1	-1.2848296399293437	-1.3672584985347955	NO	Q05193
470	R	470	4.939	23.678	87.303	-1.24	0.437118437118437	1	0	0	1	-1.1214415312485937	-1.2486827829356595	NO	Q05193
471	T	471	3.516	20.17	87.425	-1.24	0.434306569343066	0	0	0	1	-0.6156559748358692	-0.700416943463328	NO	Q05193
472	K	472	0.358	21.199	89.2	-1.24	0.368231046931408	0	0	0	0.5977399382232609	-0.5949617545935051	-0.9338790365182312	NO	Q05193
473	E	473	-0.252	24.017	86.8	-1.24	0.364285714285714	0	0	0	1	-0.870392200961415	-1.1053313496343575	NO	Q05193
474	Q	474	0.005	21.611	83.896	-1.24	0.361702127659574	0	0	0	1	-0.6294117991530553	-0.7805645357850688	NO	Q05193
475	V	475	-2.352	19.11	85.473	-1.24	0.364006100660905	0	0	0	0.5977399382232609	-0.16806701336649466	-0.40039228270507937	NO	Q05193
476	M	476	-4.956	21.766	86.014	-1.24	0.42434988179669	0	0	0	0.5977399382232609	-0.40367948838448864	-0.5842504739961805	NO	Q05193
477	L	477	-4.484	22.916	82.458	-1.24	0.428912783751493	0	0	0	0.5977399382232609	-0.8527995259291545	-0.7460979316767596	NO	Q05193
478	L	478	-5.098	19.447	81.128	-1.24	0.321428571428571	0	0	0	1	-0.3440672085543147	-0.472574008244852	NO	Q05193
479	I	479	-8.408	19.247	82.883	-1.24	0.321428571428571	0	0	0	0.6017122232309312	-0.12184868305528711	-0.1704149120009582	NO	Q05193
480	D	480	-9.342	22.642	81.519	-0.47	0.256428571428571	0	0	0	1	-1.0848717300222128	-0.3791696842233589	NO	Q05193
481	I	481	-8.41	21.568	78.052	1.07	0.254804270462634	1	0	0	1	-1.3141223442487202	-0.36993588882839545	NO	Q05193
482	E	482	-10.628	18.546	78.534	0.55	0.253900709219858	0	0	0	0.6017122232309312	-0.2286666714948763	0.050411713932977005	NO	Q05193
483	L	483	-13.378	20.96	79.579	0.3	0.252112676056338	0	0	0	1	-0.5658322116854804	0.09510399808608716	NO	Q05193
484	A	484	-13.011	23.182	76.541	0.81	0.252112676056338	1	0	0	1	-1.3281046311158289	0.23318525098068735	NO	Q05193
485	Y	485	-14.306	20.78	73.923	1.07	0.251408450704225	0	0	0	1	-1.2945331497784542	0.49317643040542836	NO	Q05193
486	M	486	-16.477	17.682	73.906	0.3	0.206597222222222	0	0	0	0.5977399382232609	-0.53707573716058	0.625330150025133	NO	Q05193
487	N	487	-14.905	15.544	71.219	0.81	0.176964903608502	0	0	0	1	-1.227858494508812	0.5695361444796382	NO	Q05193
488	T	488	-17.937	13.689	69.972	0.55	0.175862068965517	0	0	0	1	-0.740383277903031	0.4628411823984994	NO	Q05193
489	N	489	-15.852	12.493	67.031	-0.21	0.307758620689655	0	0	0	1	-2.1005547519124557	0.2300115305287252	NO	Q05193
490	H	490	-13.792	10.163	69.237	0.04	0.305841924398625	0	0	0	1	-1.0246498158628552	0.097223066818628065	NO	Q05193
491	E	491	-14.12	6.618	67.899	-0.47	0.305841924398625	0	0	0	1	-1.6909062167658726	0.17631218048152525	NO	Q05193
492	D	492	-14.58	5.095	71.352	-0.21	0.306228373702422	0	0	0	1	-0.3691505281119098	0.07781326068610153	NO	Q05193
493	F	493	-17.612	7.299	71.647	1.58	0.308159722222222	0	0	0	1	-0.7626799788965208	0.08615543804251269	NO	Q05193
494	I	494	-20.443	4.999	70.864	-0.47	0.307958477508651	0	0	0	1	-0.6885409182208716	0.06434332293629991	NO	Q05193
495	G	495	-23.473	7.156	70.885	-0.21	0.351952545724172	0	0	0	1	-0.6112605446465296	0.24933534844580268	NO	Q05193
496	F	496	-25.857	9.296	68.953	0.55	0.407789232531501	0	0	0	1	-0.18136772210357957	0.4206078696711079	NO	Q05193
497	A	497	-29.032	7.533	68.038	0.55	0.350963914977756	0	0	0	1	-0.3010900713188741	0.24329355062018684	NO	Q05193
498	N	498	-32.513	8.457	67.066	0.55	0.306034482758621	0	0	0	1	-0.08504512500834996	0.27655096723629846	NO	Q05193
499	A	499	-35.698	8.081	69.017	0.55	0.409457900807382	0	0	0	1	0.2845259192992029	0.2672868772370209	NO	Q05193
500	Q	500	-38.929	9.199	67.519	-0.21	0.41087962962963	0	0	0	1	-0.20621645995796786	-0.09961107561206574	NO	Q05193
501	Q	501	-41.779	10.923	69.246	0.55	0.412311265969803	0	0	0	1	0.26785922440763915	-0.445229232830746	NO	Q05193
502	R	502	-45.172	9.553	68.469	0.55	0.413752913752914	0	0	0	1	-0.5023703013623497	-0.9984721820167914	NO	Q05193
503	S	503	-47.672	11.922	67.017	-1.24	0.551670551670552	0	0	0	1	-1.1888030249355996	-1.2655724952539276	NO	Q05193
504	N	504	-50.67	12.49	69.206	-1.24	0.494773519163763	1	0	0	1	-0.3131379030601732	-1.682726311459835	NO	Q05193
505	Q	505	-54.06	13.722	68.205	-1.24	0.490277777777778	0	0	0	1	-0.4810236911465781	-1.9610933323014368	NO	Q05193
506	M	506	-56.922	15.004	70.287	-1.24	0.494773519163763	0	0	0	1	0.41587782081090796	-2.3189937876692106	NO	Q05193
507	N	507	-60.548	15.543	69.497	-1.24	0.480769230769231	0	0	0	1	-0.5869710063656091	-2.3189937876692106	NO	Q05193
508	K	508	-62.45	18.587	70.583	-1.24	0.585394581861013	0	0	0	1	-0.2395200711661436	-2.3189937876692106	NO	Q05193
509	K	509	-66.076	19.275	71.111	-1.24	0.581286549707602	0	0	0	1	0.0063822132550334625	-2.3189937876692106	NO	Q05193
510	K	510	-67.255	22.356	69.34	-1.24	0.581286549707602	0	0	0	1	-0.053721569793961185	-2.3189937876692106	NO	Q05193
511	T	511	-70.573	21.55	70.854	-1.24	0.625	1	0	0	1	0.033614099682065454	-2.3189937876692106	NO	Q05193
512	S	512	-70.936	23.196	74.195	-1.24	0.628975265017668	0	0	0	1	0.17248286668111568	-2.3189937876692106	NO	Q05193
513	G	513	-71.819	21.266	77.291	-1.24	0.673286052009456	0	0	0	1	0.32661856657533284	-2.3189937876692106	NO	Q05193
514	N	514	-69.47	19.205	79.35	-1.24	0.707597173144876	1	0	0	1	0.32661856657533284	-2.3189937876692106	NO	Q05193
515	Q	515	-70.372	15.57	79.607	-1.24	0.705609540636042	0	0	0	1	0.5955063963435266	-2.3189937876692106	NO	Q05193
516	D	516	-68.53	12.3	79.727	-1.24	0.705609540636042	0	0	0	1	0.2744939803216539	-1.907908124967455	NO	Q05193
517	E	517	-69.621	9.558	77.418	-1.24	0.758007117437722	0	0	0	1	0.30784038932019425	-1.8333106913042077	NO	Q05193
518	I	518	-67.423	6.528	77.53	-1.24	0.812150482968989	1	0	0	1	-0.08743564255551507	-1.6354505716074066	NO	Q05193
519	L	519	-68.246	3.226	75.885	-1.24	0.812755102040816	0	0	0	1	0.12702081623262249	-1.8263308144702193	NO	Q05193
520	V	520	-68.147	0.31	78.254	-1.24	0.773063235696688	0	0	0	1	0.061158117726017806	-1.5771048948185342	NO	Q05193
521	I	521	-66.184	-2.866	77.664	-1.24	0.808163265306123	0	0	0	1	0.23927375551884897	-1.3468197388241592	NO	Q05193
522	R	522	-67.972	-5.042	80.175	-1.24	0.805867346938776	1	0	0	1	0.3107626243724691	-1.44254790274624	NO	Q05193
523	K	523	-70.179	-5.132	83.233	-1.24	0.802999491611591	2	0	0	1	-0.2325472902033428	-1.3375524751044297	NO	Q05193
524	G	524	-70.619	-8.022	85.614	-1.24	0.754838709677419	0	0	0	1	-0.33024259235756914	-1.3475306522053987	NO	Q05193
525	W	525	-70.723	-9.142	89.211	-1.24	0.76304347826087	0	0	1.6336626879194165	0.5161325303767931	-0.45427182097996816	-1.4690232976337811	NO	Q05193
526	L	526	-67.338	-10.01	90.722	-1.24	0.768	0	0	1.3017591258850434	0.5824157453936707	-0.5094098222788187	-1.2983047040233535	NO	Q05193
527	T	527	-66.082	-10.905	94.158	-1.24	0.796380090497738	0	0	6.756407691650044	0.08773181946487148	-0.3344219345013304	-1.3822543276703165	NO	Q05193
528	I	528	-63.367	-9.378	96.307	-1.24	0.797047970479705	1	0	6.969027027979851	0.03296277880639541	-0.31959786953028535	-1.4610505934915101	NO	Q05193
529	N	529	-61.755	-12.02	98.489	-1.24	0.862745098039216	1	0	7.195541777655483	0.01263314551567821	0.09777030435882203	-1.4546627597818338	NO	Q05193
530	N	530	-59.097	-9.66	99.839	-1.24	0.831986531986532	0	0	5.7407867629557074	0.02059733175327876	-0.12950000272225062	-1.2352952021422083	NO	Q05193
531	I	531	-61.205	-6.696	100.963	-1.24	0.837445082798243	0	0	7.195541777655483	0.01263314551567821	0.24328629002516847	-1.3842137826773582	NO	Q05193
532	G	532	-62.093	-6.445	104.636	-1.24	0.82962962962963	0	0	9.616810682258233	0.006974381610014637	1.0076049341166655	-1.836304511024668	NO	Q05193
533	I	533	-61.022	-9.947	105.39	-1.24	0.823529411764706	0	0	9.616810682258233	0.006974381610014637	1.6636272223036606	-1.9720133719796114	NO	Q05193
534	M	534	-61.213	-8.526	108.839	-1.24	0.771428571428571	0	0	14.440319606532432	0.0033006291267566137	1.9077166287887115	-2.3189937876692106	NO	Q05193
535	K	535	-64.675	-7.221	108.214	-1.24	0.857142857142857	0	1	14.440319606532432	0.0033006291267566137	1.9077166287887115	-2.3189937876692106	NO	Q05193
536	G	536	-67.401	-9.728	107.541	-1.24	0.856447688564477	1	1	9.616810682258233	0.006974381610014637	1.8180690739151608	-2.3189937876692106	NO	Q05193
537	G	537	-67.354	-11.714	104.366	-1.24	0.857142857142857	0	1	9.616810682258233	0.006974381610014637	1.68166801168346	-2.3189937876692106	NO	Q05193
538	S	538	-65.427	-10.77	101.277	-1.24	1.07142857142857	0	0	9.616810682258233	0.006974381610014637	1.1921704710912377	-1.8441784819887066	NO	Q05193
539	K	539	-68.581	-9.6	99.554	-1.24	0.769230769230769	0	1	9.616810682258233	0.006974381610014637	0.5580362679058113	-1.7437937709083104	NO	Q05193
540	E	540	-69.284	-9.456	95.835	-1.24	0.761454545454546	0	0	5.214840567650131	0.052454076703681046	0.09402886105690524	-1.6003365285268971	NO	Q05193
541	Y	541	-69.601	-6.143	93.992	-1.24	0.630434782608696	0	0	2.68364281808613	0.2376214067278943	-0.3685732966345772	-1.563590988377921	NO	Q05193
542	W	542	-70.901	-4.861	90.656	-1.24	0.628623188405797	0	0	1.3017591258850434	0.5824157453936707	-0.7935124871148573	-1.306475404438816	NO	Q05193
543	F	543	-68.041	-4.029	88.31	-1.24	0.625	0	0	0	1	-0.6373869168790086	-1.1586308109046104	NO	Q05193
544	V	544	-68.037	-1.723	85.331	-1.24	0.497841726618705	0	0	0	1	-0.6677900260583095	-1.1525813656473332	NO	Q05193
545	L	545	-65.051	-1.69	83.042	-1.24	0.312274368231047	0	0	0	1	-0.17454022075377	-1.2703965503409103	NO	Q05193
546	T	546	-64.805	1.198	80.637	0.3	0.315217391304348	0	0	0	1	-0.29956500924851026	-1.3793841582228727	NO	Q05193
547	A	547	-61.838	1.845	78.403	-0.47	0.502527075812274	0	0	0	1	-0.058136533786046066	-1.4546627597818338	NO	Q05193
548	E	548	-60.419	4.391	80.835	-0.21	0.415770609318996	0	0	0	1	-0.23207880044632	-1.4296411477385638	NO	Q05193
549	N	549	-61.37	3.054	84.216	0.04	0.414285714285714	0	0	0	1	-0.5503708918977634	-1.320338215372987	NO	Q05193
550	L	550	-62.64	0.081	86.16	0.55	0.41726618705036	0	0	0	0.5977399382232609	-0.8746695664187178	-1.1331614469489286	NO	Q05193
551	S	551	-65.106	1.23	88.764	0.3	0.357916451779268	0	0	0	1	-1.0485925360180786	-1.0744367167056923	NO	Q05193
552	W	552	-67.267	-0.879	91.02	-0.47	0.21030303030303	0	0	0	1	-1.0727181235423044	-1.0398201588227078	NO	Q05193
553	Y	553	-70.612	-0.447	92.744	-0.21	0.211070559610706	0	0	2.185410145791143	0.43973240359418153	-0.9725761759622189	-1.234152662779502	NO	Q05193
554	K	554	-72.586	-2.008	95.582	-0.21	0.315454545454545	0	0	3.2845694626549458	0.351732257561854	-0.8106363687729748	-1.4972223510426463	NO	Q05193
555	D	555	-75.328	-3.388	93.377	-0.21	0.364495798319328	0	0	2.185410145791143	0.43973240359418153	-0.7174683139912367	-1.6275497388022675	NO	Q05193
556	D	556	-76.315	-3.95	89.763	-0.47	0.364495798319328	0	0	0	1	-0.8907840309897059	-1.5831984380863016	NO	Q05193
557	E	557	-78.616	-0.969	90.238	-0.47	0.362114076399791	0	0	0	1	-1.1377128221034394	-1.4966342793118415	NO	Q05193
558	E	558	-75.474	1.167	90.395	-0.21	0.362114076399791	0	0	0	1	-1.2265410005706037	-1.3328680637173334	NO	Q05193
559	K	559	-76.777	3.638	92.895	-0.47	0.314545454545455	0	0	0	1	-2.0014844862942525	-1.0513463647464811	NO	Q05193
560	E	560	-73.602	3.669	94.945	-0.47	0.417569193742479	0	0	0	1	-1.725062056154443	-0.9414945654321529	NO	Q05193
561	K	561	-70.105	3.814	93.536	-0.47	0.420606060606061	0	0	0	1	-1.6880667446817637	-0.8002162128236185	NO	Q05193
562	K	562	-67.756	2.171	95.968	-0.47	0.419975932611312	1	0	0	1	-1.590742436317397	-0.7802217739762569	NO	Q05193
563	Y	563	-64.565	2.744	94.048	0.04	0.421179302045728	0	0	0	1	-1.8761180811731504	-0.6964885413772188	NO	Q05193
564	M	564	-63.106	3.891	90.727	1.07	0.379061371841155	0	0	0	1	-1.9784475241789519	-0.5107694453641757	NO	Q05193
565	L	565	-59.765	2.756	89.343	1.32	0.377697841726619	0	0	0	1	-2.1301028430494835	-0.8420712381440956	NO	Q05193
566	S	566	-57.853	3.956	86.284	-0.21	0.339695891297315	0	0	0	1	-1.2004596222511488	-1.1678300955798202	NO	Q05193
567	V	567	-56.809	1.24	83.855	-0.21	0.339695891297315	0	0	0	1	-0.8508893626222362	-1.3657454058652654	NO	Q05193
568	D	568	-53.659	3.181	83.116	-0.47	0.339695891297315	0	0	0	1	-0.7329474773890885	-1.5394772651400708	NO	Q05193
569	N	569	-50.605	1.282	84.364	-0.21	0.339458413926499	1	0	0	1	-0.8827701018917021	-1.7031650711704713	NO	Q05193
570	L	570	-52.682	-1.69	85.392	-1.24	0.339458413926499	0	0	0	1	-1.2150725475878552	-1.5721245950323783	NO	Q05193
571	K	571	-51.612	-5.291	84.79	-1.24	0.338258914230646	0	0	0	0.6017122232309312	-0.9807987947695497	-1.7085689735616505	NO	Q05193
572	L	572	-53.117	-8.65	85.672	-1.24	0.369718309859155	0	0	0	0.6120843007509589	-0.6881833453409081	-1.2546411727026288	NO	Q05193
573	R	573	-51.839	-11.858	87.273	-1.24	0.337067861715749	0	0	0	1	-1.1280444102137293	-1.2792829676064041	NO	Q05193
574	D	574	-53.26	-15.234	88.254	0.3	0.337799043062201	0	0	0	1	-1.245686684286367	-1.0269087172663725	NO	Q05193
575	V	575	-53.862	-16.114	91.889	0.81	0.337571519389701	1	0	0	1	-1.5342042136963534	-0.8909109874352512	NO	Q05193
576	E	576	-52.787	-19.667	91.868	-0.21	0.38353196099675	0	0	0	1	-2.1017118187410713	-0.2129128957471152	NO	Q05193
577	K	577	-52.557	-22.855	89.908	0.04	0.384069830878342	0	0	0	1	-2.043741519133517	-0.13080240021394995	NO	Q05193
578	G	578	-55.352	-25.278	90.514	0.04	0.312056737588653	0	0	0	1	-1.9827602950925176	-0.014404005447155251	NO	Q05193
579	F	579	-57.67	-27.814	88.993	0.3	0.340186315451333	0	0	0	1	-1.770983289652225	-0.34136201803925686	NO	Q05193
580	M	580	-61.333	-27.41	88.31	0.3	0.340425531914894	0	0	0	1	-1.5958647624043272	-0.20388976436984432	NO	Q05193
581	S	581	-62.577	-27.098	91.847	0.3	0.343831168831169	0	0	0	1	-1.799854293248827	-0.2986326438311888	NO	Q05193
582	S	582	-62.566	-24.021	94.027	0.3	0.378214285714286	0	0	0	1	-1.8114100944091407	-0.3435432295498781	NO	Q05193
583	K	583	-63.104	-20.511	92.753	0.3	0.347285807717462	0	0	0	1	-1.0436824651960508	-0.6279441277147505	NO	Q05193
584	H	584	-60.777	-19.179	90.122	-0.47	0.347018572825024	0	0	0	1	-0.8724827079615133	-0.6004717687384755	NO	Q05193
585	I	585	-59.017	-16.044	91.144	1.07	0.286868686868687	0	0	0	1	-0.8612282313386127	-0.8181540808181089	NO	Q05193
586	F	586	-56.95	-13.36	89.439	0.55	0.285829307568438	0	0	0	1	-0.6820872400198917	-1.1335457244523013	NO	Q05193
587	A	587	-55.533	-10.078	90.684	-1.24	0.283995186522262	0	0	0	1	-0.9194634353138766	-1.1768249782696534	NO	Q05193
588	L	588	-54.95	-6.57	89.368	-1.24	0.282174260591527	0	0	0	1	-1.3888517611200513	-0.996161713527763	NO	Q05193
589	F	589	-51.842	-4.584	90.233	-1.24	0.284219001610306	0	0	0	1	-2.0287067185018652	-0.9950191741650566	NO	Q05193
590	N	590	-50.133	-1.27	89.403	-1.24	0.32	0	0	0	1	-1.8042226549365379	-1.4087469591430708	NO	Q05193
591	T	591	-46.802	-1.371	87.616	-1.24	0.158967391304348	1	0	0	1	-1.35332119345783	-1.7819123995539266	NO	Q05193
592	E	592	-45.425	2.066	88.215	-1.24	0.158967391304348	0	0	0	1	-1.4628143569269179	-1.475672789173823	NO	Q05193
593	Q	593	-45.485	2.19	91.957	-1.24	0.158393501805054	0	0	0	1	-2.7804147678125974	-1.142787598408415	NO	Q05193
594	R	594	-46.887	-0.335	94.506	-0.47	0.156696428571429	0	0	0	1	-2.7058570278186873	-1.2397150254663623	NO	Q05193
595	N	595	-50.522	0.293	95.128	-0.98	0.179081632653061	0	0	0	1	-2.6659096712568116	-1.0889359097795213	NO	Q05193
596	V	596	-53.692	-0.146	93.114	0.55	0.177427554651754	0	0	0	1	-2.4295177898692177	-0.862295498127634	NO	Q05193
597	Y	597	-56.637	0.049	95.518	0.55	0.20699881376038	0	0	0	1	-1.943938831782093	-0.7916944450941913	NO	Q05193
598	K	598	-55.931	2.151	98.519	0.55	0.208333333333333	0	0	0	1	-2.165095748978639	-0.5254926230608692	NO	Q05193
599	D	599	-53.233	0.377	100.462	0.04	0.357142857142857	0	0	0	1	-1.8421124230510384	-1.1403216176172406	NO	Q05193
600	Y	600	-53.796	-2.975	98.775	-0.21	0.357142857142857	0	0	0	1	-1.7084170950852275	-1.1505187814293951	NO	Q05193
601	R	601	-50.897	-3.627	96.468	1.07	0.422705314009662	1	0	0	1	-2.2336737919999163	-1.256743781996651	NO	Q05193
602	Q	602	-53.103	-5.754	94.265	-0.47	0.420863309352518	0	0	0	1	-1.8904003198687838	-0.9801661624498735	NO	Q05193
603	L	603	-56.85	-6.167	93.937	-1.24	0.423913043478261	0	0	0	1	-1.4920807430315828	-0.9136703715403621	NO	Q05193
604	E	604	-57.97	-9.753	94.364	1.58	0.512	0	0	1.6336626879194165	0.5161325303767931	-0.8248396076069242	-1.1653146661764426	NO	Q05193
605	L	605	-60.825	-10.704	92.102	1.32	0.42979242979243	0	0	2.185410145791143	0.43973240359418153	-0.4878703605285706	-1.3046092568130623	NO	Q05193
606	A	606	-62.403	-14.137	92.209	-0.98	0.428921568627451	0	0	1.6336626879194165	0.5161325303767931	-0.28546367030640707	-1.1104410395620168	NO	Q05193
607	C	607	-65.073	-15.848	90.131	-0.98	0.324074074074074	0	0	1.6336626879194165	0.5161325303767931	-0.24225174756112705	-0.8444039226762878	NO	Q05193
608	E	608	-66.584	-19.333	90.07	0.04	0.515129151291513	0	0	0	1	-0.6941373237183697	-0.7940845849104277	NO	Q05193
609	T	609	-65.773	-20.582	86.589	-0.47	0.515129151291513	0	0	0	1	-0.7050300243215903	-0.513096070975505	NO	Q05193
610	Q	610	-62.586	-20.571	84.601	-0.47	0.648698884758364	0	0	0	1	-0.882309439611977	-0.39187761215480454	NO	Q05193
611	E	611	-64.691	-19.246	81.775	-0.21	0.653558052434457	0	0	0	1	-0.23552734389895566	-0.6037061632579017	NO	Q05193
612	E	612	-65.858	-16.254	83.694	-0.47	0.648698884758364	0	0	0	1	0.120630423473089	-0.8582800632363567	NO	Q05193
613	V	613	-62.27	-15.421	84.393	-0.72	0.648698884758364	0	0	0	1	-0.36164258684435546	-0.8617439274008102	NO	Q05193
614	D	614	-61.081	-15.863	80.845	-0.47	0.864931846344486	1	0	0	1	-0.24003580820700046	-0.9092989165873987	NO	Q05193
615	S	615	-63.817	-13.645	79.477	0.55	0.924057355284121	0	0	0	1	0.8434987574521513	-1.2818085809344917	NO	Q05193
616	W	616	-63.008	-11.018	82.052	0.55	0.930979133226324	0	0	0	1	0.009538951442177618	-1.376553210647623	NO	Q05193
617	K	617	-59.337	-11.248	81.289	-0.21	0.808550185873606	0	0	0	1	-0.16946856944967317	-1.3413833423793864	NO	Q05193
618	A	618	-60.146	-10.802	77.634	-0.21	0.718106995884774	0	0	0	1	0.8176001231868749	-1.5176928479578025	NO	Q05193
619	S	619	-62.093	-7.689	78.497	0.55	0.722841800908715	0	0	0	1	0.45439176343777954	-1.4837975135308465	NO	Q05193
620	F	620	-59.216	-6.385	80.561	-1.24	0.72346600331675	0	0	0	1	-0.2943463517251375	-1.4651772098629559	NO	Q05193
621	L	621	-57.018	-7.002	77.556	-1.24	0.650557620817844	0	0	0	0.5977399382232609	0.4263875545794905	-1.703698256206401	NO	Q05193
622	R	622	-59.292	-4.835	75.442	-1.24	0.714869281045752	0	0	0	1	0.44196052947295394	-1.4093337524570695	NO	Q05193
623	A	623	-58.843	-2.277	78.189	-1.24	0.719557195571956	1	0	0	1	0.030853164679967123	-1.5918817372428697	NO	Q05193
624	G	624	-55.107	-2.492	77.78	-1.24	0.716911764705882	0	0	0	1	-0.017535427771552807	-1.6345780870031583	NO	Q05193
625	V	625	-54.481	-4.443	80.912	-1.24	0.773626373626374	1	0	0	0.5977399382232609	-0.4066373797806448	-1.6664573321583924	NO	Q05193
626	Y	626	-52.297	-7.368	79.936	-1.24	0.765217391304348	0	0	0	0.5977399382232609	-0.30043088467291035	-1.802492283508978	NO	Q05193
627	P	627	-51.466	-10.362	81.972	-1.24	0.759712230215827	0	0	0	0.6120843007509589	-0.24216849385021008	-1.6781720226112693	NO	Q05193
628	E	628	-47.806	-10.318	82.803	-1.24	0.81045918367347	0	0	0	1	-0.525953483884547	-2.0157737759318306	NO	Q05193
629	R	629	-46.617	-10.788	79.261	-1.24	0.787366548042705	2	0	0	1	0.5332885095350042	-2.3189937876692106	NO	Q05193
630	V	630	-45.914	-8.559	76.329	-1.24	0.787366548042705	1	0	0	1	0.7461508397253099	-2.3189937876692106	NO	Q05193
631	G	631	-47.819	-5.312	76.254	-1.24	0.784010600706714	0	0	0	1	0.4932314050286142	-2.2274636898346216	NO	Q05193
632	D	632	-47.192	-1.598	76.317	-1.24	0.811101905550953	0	0	0	0.5977399382232609	0.32590590127416585	-2.167456987983943	NO	Q05193
633	K	633	-48.534	0.787	78.844	-1.24	0.840989399293286	0	0	0	0.5977399382232609	0.12084137066900338	-2.079060521500871	NO	Q05193
634	E	634	-49.11	4.47	78.452	-1.24	0.857672349888807	0	0	0	1	0.18789489050997768	-1.5799993278707236	NO	Q05193
635	K	635	-51.35	6.414	80.742	-1.24	0.866828994193669	0	0	0	1	0.17839013585382732	-1.5924266406312375	NO	Q05193
636	A	636	-52.966	9.622	79.705	-1.24	0.915674603174603	0	0	0	1	0.493619130115015	-1.456833584570976	NO	Q05193
637	S	637	-53.033	11.871	82.717	-1.24	0.927458033573141	0	0	0	0.6017122232309312	1.0409649085629764	-1.5157389400621597	NO	Q05193
638	E	638	-52.891	14.424	79.944	-1.24	0.927458033573141	0	0	0	0.5977399382232609	1.3475542663668014	-1.786341936775496	NO	Q05193
639	T	639	-54.488	17.687	80.769	-1.24	0.906474820143885	0	0	0	0.6120843007509589	1.6785650591342318	-1.9860863808606393	NO	Q05193
640	E	640	-54.172	21.237	79.596	-1.24	0.900695762175838	1	0	0	0.5977399382232609	1.7057085425952163	-2.2242509082078663	NO	Q05193
641	E	641	-54.628	23.622	82.428	-1.24	0.883574007220217	0	0	0	0.5977399382232609	1.8883921943408284	-2.3189937876692106	NO	Q05193
642	N	642	-53.239	26.512	84.377	-1.24	0.779769016328156	0	0	0	0.5977399382232609	1.731026443213548	-2.3189937876692106	NO	Q05193
643	G	643	-51.255	25.891	87.498	-1.24	0.785399117529082	3	0	0	0.6120843007509589	1.5669099869647405	-1.9430983373388113	NO	Q05193
644	S	644	-50.842	22.235	88.218	-1.24	0.779769016328156	1	0	0	0.3655022283600956	1.711368368794615	-1.8817820582069025	NO	Q05193
645	D	645	-52.969	19.433	89.464	-1.24	0.750579801813199	1	0	0	0.6120843007509589	1.702759302948342	-1.9967976873860112	NO	Q05193
646	S	646	-52.295	17.464	92.582	-0.47	0.717741935483871	0	0	0	0.6017122232309312	1.463946468070965	-1.8177998538953453	NO	Q05193
647	F	647	-49.694	15.731	90.496	0.04	0.716637010676157	1	0	0	0.6120843007509589	1.7198127096432154	-1.594272281140225	NO	Q05193
648	M	648	-46.291	17.284	90.21	-1.24	0.797491039426523	1	0	0	0.6120843007509589	1.5900671810554223	-1.462504734498591	NO	Q05193
649	H	649	-46.771	18.443	86.639	-1.24	0.851318944844125	1	0	0	0.3655022283600956	1.8053087653515325	-1.6923445513236641	NO	Q05193
650	S	650	-44.434	17.113	84.003	-0.47	0.842230130486358	0	0	0	0.36749759274803173	1.536292215583913	-1.3752562740737404	NO	Q05193
651	M	651	-45.005	13.724	82.52	0.04	0.842230130486358	1	0	0	1	2.182820280149537	-1.325585878621347	NO	Q05193
652	D	652	-42.702	11.117	83.952	0.55	0.923167848699763	0	0	0	1	1.7254994053320463	-1.1705132202767567	NO	Q05193
653	P	653	-42.619	8.915	80.906	-0.47	0.929761904761905	0	0	0	1	1.726473045685964	-1.0302093865364133	NO	Q05193
654	Q	654	-40.997	11.087	78.241	-0.21	0.929062870699881	0	0	0	1	1.3337521980505216	-0.4416212137906205	NO	Q05193
655	L	655	-38.317	12.368	80.543	-0.47	0.929062870699881	0	0	3.3659751501076545	0.18471645529240485	0.7758440210062862	-0.0969451504324175	NO	Q05193
656	E	656	-37.773	8.864	81.749	-0.21	0.935	0	0	0	1	1.2382028348325809	-0.2235765964657081	NO	Q05193
657	R	657	-36.496	7.841	78.323	0.3	0.975	0	0	0	1	1.091324878134403	-0.11160773892048274	NO	Q05193
658	Q	658	-34.663	11.006	77.47	0.3	0.978494623655914	0	0	0	1	0.7758282458230723	0.07466303330913177	NO	Q05193
659	V	659	-32.6	11.09	80.616	0.55	0.983516483516484	0	0	2.68364281808613	0.2376214067278943	0.40087630386659856	-0.025514037530666608	NO	Q05193
660	E	660	-31.522	7.556	80.017	0.55	1.0461038961039	0	0	0	1	0.5707093995478663	-0.038146689525731727	NO	Q05193
661	T	661	-30.335	8.314	76.533	-0.21	0.848699763593381	0	0	0	1	0.6247267436838424	0.11446271631368657	NO	Q05193
662	I	662	-28.325	11.248	77.738	1.58	0.886942239255406	0	0	0	1	0.3869860878091805	0.2981830458368726	NO	Q05193
663	R	663	-26.993	9.267	80.636	-0.72	0.854761904761905	0	0	0	1	0.18146003638009578	0.08074901634951977	NO	Q05193
664	N	664	-25.631	6.683	78.252	-0.21	0.815909090909091	0	0	0	1	0.46988364711404873	0.35502109597242687	NO	Q05193
665	L	665	-23.925	9.254	76.12	0.04	0.766548042704626	0	0	0	1	0.42466351178673595	0.41124683693802494	NO	Q05193
666	V	666	-22.446	10.928	79.146	1.07	0.763829787234043	0	0	0	0.6120843007509589	0.233915219472241	0.3476930848874824	NO	Q05193
667	D	667	-21.162	7.668	80.53	-0.21	0.763829787234043	0	0	0	1	0.34178283048842656	0.2679230639276188	NO	Q05193
668	S	668	-19.465	6.736	77.291	0.81	0.769285714285714	0	0	0	1	0.05712697371908479	0.3250115627241261	NO	Q05193
669	Y	669	-17.804	10.085	76.865	1.58	0.769285714285714	0	0	0	1	-0.03591549677107374	0.45920492668762525	NO	Q05193
670	M	670	-16.727	9.876	80.46	-0.21	0.772043010752688	0	0	0	0.6120843007509589	0.26973458066937067	0.3932274585133904	NO	Q05193
671	A	671	-15.136	6.506	79.917	0.04	0.766548042704626	1	0	0	1	0.6346243375067734	0.2908403261992129	NO	Q05193
672	I	672	-13.018	8.079	77.251	0.04	0.769285714285714	2	0	0	1	0.061181663102977714	0.3398222581666163	NO	Q05193
673	V	673	-12.005	10.945	79.505	0.04	0.968525179856115	0	0	0	0.6017122232309312	-0.0071865438085217765	0.36551669894570205	NO	Q05193
674	N	674	-11.158	8.745	82.472	0.3	0.962365591397849	0	0	0.6355909138022692	1	0.5470507146784045	0.2674383502585918	NO	Q05193
675	K	675	-9.034	6.478	80.366	1.58	0.962365591397849	0	0	0	0.6017122232309312	0.9227043968136305	0.22201375498978052	NO	Q05193
676	T	676	-7.237	9.531	79.097	-0.21	0.952127659574468	0	0	0	0.5977399382232609	0.6777577608636103	0.09313531487650074	NO	Q05193
677	V	677	-6.701	11.188	82.449	1.07	0.954787234042553	1	0	0.44457907930279633	0.699366294801492	0.2610150745151675	0.006513253654700064	NO	Q05193
678	R	678	-5.481	7.998	83.966	-0.21	0.944736842105263	0	0	0.44457907930279633	0.699366294801492	0.3687360878317571	0.03470450770374031	NO	Q05193
679	D	679	-2.981	7.702	81.143	0.55	0.792844522968198	0	0	0	0.5977399382232609	1.0578866414826786	0.3575950926976044	NO	Q05193
680	L	680	-1.906	11.359	81.042	-0.72	0.787852112676056	0	0	0	1	0.3268829259343307	-0.05589909551128192	NO	Q05193
681	M	681	-1.447	12.399	84.637	0.81	0.795656028368794	1	0	0	0.36749759274803173	0.24619534725834974	-0.07727582441184219	NO	Q05193
682	P	682	1.246	9.866	85.281	1.58	0.798487544483986	0	0	0	0.6120843007509589	0.19302892178506242	0.3131630063701341	NO	Q05193
683	K	683	3.144	10.826	82.154	0.04	0.73265306122449	0	0	0	1	0.2338705294147791	0.1424754378167594	NO	Q05193
684	T	684	2.838	14.485	82.992	0.04	0.792844522968198	0	0	0	1	-0.03349017342202654	-0.3040248092397985	NO	Q05193
685	I	685	4.222	13.905	86.456	1.07	0.801339285714286	0	0	0	0.6120843007509589	-0.0997007298255192	-0.2977023209730001	NO	Q05193
686	M	686	7.021	11.736	85.189	0.81	0.796875	0	0	2.68364281808613	0.2376214067278943	-0.17368552781498653	0.07733970818708508	NO	Q05193
687	H	687	8	14.24	82.587	0.55	0.729134664618536	0	0	0	1	-0.3276227325836609	-0.2680859559867914	NO	Q05193
688	L	688	7.706	17.427	84.588	0.81	0.510791366906475	0	0	0	1	-0.7365598991669674	-0.6908405734076875	NO	Q05193
689	M	689	8.667	16.169	88.044	1.07	0.51	0	0	0	0.5977399382232609	-0.752420969324199	-0.8572465045513241	NO	Q05193
690	I	690	10.453	12.842	88.199	1.07	0.42434988179669	0	0	3.453425011979145	0.1042212872480848	-0.615938318241422	-0.34292801604688233	NO	Q05193
691	N	691	12.517	12.87	85.058	0.55	0.426190476190476	0	0	0	1	-0.6681482110333958	-8.693083812488868e-4	NO	Q05193
692	N	692	13.04	16.548	85.53	-0.21	0.634751773049645	0	0	0	1	-1.02737031830437	-0.6074698223350521	NO	Q05193
693	T	693	14.435	16.038	89.006	0.04	0.424673784104389	0	0	0	1	-1.1513251307064671	-0.7561852161402934	NO	Q05193
694	K	694	16.522	13.107	87.854	0.04	0.426190476190476	0	0	0	0.6017122232309312	-1.0495331149673952	-0.19352434898603718	NO	Q05193
695	E	695	18.188	15.09	85.098	-0.21	0.424673784104389	0	0	0	1	-1.1369404029029027	-0.012302025978586434	NO	Q05193
696	F	696	18.711	17.872	87.558	0.04	0.424673784104389	0	0	0	1	-1.4216681451142603	-0.3366118240827927	NO	Q05193
697	I	697	20.616	15.611	89.895	1.32	0.421985815602837	0	0	0	1	-1.128018476354146	-0.34025002785737146	NO	Q05193
698	F	698	22.606	13.976	87.127	-0.21	0.506761565836299	0	0	0	1	-0.8468529080285533	0.20766346059418836	NO	Q05193
699	S	699	23.439	17.024	85.038	-0.21	0.423809523809524	1	0	0	1	-0.8377819452192516	0.33626769126041867	NO	Q05193
700	E	700	22.981	20.279	86.935	-0.21	0.54531490015361	0	0	0	1	-1.2907594458555713	-0.24930856993883438	NO	Q05193
701	L	701	23.343	19.605	90.656	1.07	0.541836734693878	0	0	0	1	-0.9622407290282211	-0.39632854810691287	NO	Q05193
702	L	702	27.108	19.269	90.778	0.81	0.547705002578649	0	0	0	1	-0.549431040081342	-0.055865666982383544	NO	Q05193
703	A	703	27.543	22.408	88.758	0.3	0.42326139088729	0	0	0	1	-0.7952431869997165	0.18240572374929265	NO	Q05193
704	N	704	25.324	24.342	91.107	0.04	0.427536231884058	0	0	0	1	-1.2000563352858271	-0.37844261371981847	NO	Q05193
705	L	705	27.352	22.97	93.96	1.58	0.384782608695652	0	0	0	1	-0.5041127282470161	-0.33977957047272767	NO	Q05193
706	Y	706	30.529	24.034	92.208	0.81	0.348539547095504	0	0	0	1	-0.3759358957470509	0.1263260833631211	NO	Q05193
707	S	707	29.662	27.539	91.077	-0.21	0.427878787878788	0	0	0	1	-1.1664138579153096	0.14432107832574664	NO	Q05193
708	C	708	27.758	28.341	94.237	-0.21	0.426328502415459	0	0	0	1	-0.8016143656765586	-0.17558994323204008	NO	Q05193
709	G	709	29.916	26.353	96.565	-0.21	0.427878787878788	0	0	0	1	-0.5473025764909054	-0.15523196913290818	NO	Q05193
710	D	710	33.008	26.439	98.676	-0.47	0.540747549019608	0	0	0	1	-0.3540986951332452	0.034877834108609077	NO	Q05193
711	Q	711	34.204	23.02	97.7	0.3	0.594609769792252	0	0	0	1	-0.13618922727602234	-0.08494848712400048	NO	Q05193
712	N	712	36.459	23.246	100.7	0.55	0.645220588235294	0	0	0	1	0.12636448713186627	-0.07001930611797044	NO	Q05193
713	T	713	33.693	24.411	103.044	-0.21	0.645220588235294	1	0	0	1	0.003287590085898002	-0.17837177820210778	NO	Q05193
714	L	714	31.074	21.904	101.901	1.58	0.645220588235294	0	0	0	1	0.012238413149670625	-0.4435154237866864	NO	Q05193
715	M	715	33.441	18.985	102.473	1.07	0.613507625272331	0	0	0	1	0.3018868705624678	-0.40485950868178716	NO	Q05193
716	E	716	34.145	20.083	106.05	0.04	0.686159844054581	0	0	0	0.5977399382232609	0.3782896451626909	-0.5368687693016095	NO	Q05193
717	E	717	34.454	17.685	108.951	1.58	0.686754059870867	0	0	0	0.3655022283600956	0.35732168715489554	-0.43566575520216666	NO	Q05193
718	S	718	31.658	17.406	111.397	0.3	0.689316575019639	0	0	0	0.5977399382232609	0.17267892448754504	-0.43588118349951194	NO	Q05193
719	A	719	33.321	17.993	114.713	-0.21	0.659774436090226	1	0	0	1	0.15517625602120108	-0.04975827475264396	NO	Q05193
720	E	720	32.489	14.462	115.645	1.07	0.594795539033457	0	0	0	0.5977399382232609	0.12897454808597397	-0.11460690474758697	NO	Q05193
721	Q	721	34.72	12.744	113.128	0.55	0.62488936094884	0	0	0	0.36749759274803173	0.40679338867407633	-0.2875588007772654	NO	Q05193
722	A	722	37.347	15.428	113.254	0.81	0.592083193559208	1	0	0	0.22462458933686702	0.3943907059559255	-0.1908238014014585	NO	Q05193
723	Q	723	37.886	14.833	116.931	0.55	0.5899064171123	0	0	0	0.6017122232309312	0.03535245058184766	0.5807711148795841	NO	Q05193
724	R	724	37.459	11.104	116.696	1.07	0.616153602031101	1	0	0	0.36749759274803173	0.387684041096871	0.5513189890853754	NO	Q05193
725	R	725	40.081	11.002	114.005	1.58	0.618410574932314	1	0	0	0.13752599719121342	0.694685960925877	0.173752892309063	NO	Q05193
726	D	726	42.359	13.187	116.045	0.3	0.611688720856963	1	0	0	0.2308911121522572	0.41772439282027024	0.4139603679244525	NO	Q05193
727	E	727	41.939	10.508	118.66	-0.47	0.589522946859903	2	0	0	0.36749759274803173	0.22157063602675242	0.3460427502524622	NO	Q05193
728	M	728	42.715	7.935	116.008	0.55	0.589049338146811	0	0	0	0.2308911121522572	0.7289665356463474	0.203381574613338	NO	Q05193
729	L	729	45.883	9.676	114.939	-0.21	0.587944664031621	1	0	0	0.2308911121522572	0.6333819595819925	0.27164566490574577	NO	Q05193
730	R	730	47.012	10.244	118.494	0.55	0.615942028985507	0	0	0	0.3655022283600956	0.1689305128957798	0.31086299248965327	NO	Q05193
731	M	731	46.566	6.578	119.175	0.3	0.587944664031621	2	0	0	0.22462458933686702	0.5465621560020791	0.17564569918661327	NO	Q05193
732	Y	732	48.426	5.763	116.02	0.55	0.56600790513834	0	0	0	0.3761852058379784	0.7372666486666308	0.03531435986901929	NO	Q05193
733	H	733	51.484	7.717	117.083	-0.47	0.570154483197961	0	0	0	0.3655022283600956	0.4499790849461806	-0.03391506225644884	NO	Q05193
734	A	734	51.355	6.495	120.648	-0.21	0.61766735679779206	0	0	0	0.6120843007509589	0.2995769582302296	-0.20337168984100576	NO	Q05193
735	L	735	51.183	2.895	119.605	1.58	0.61543751074437	0	0	0	0.6017122232309312	0.44925393002110675	-0.0371936534711715	NO	Q05193
736	K	736	53.996	3.318	117.14	0.3	0.653284671532847	1	0	0	0.6017122232309312	0.36907056166476393	0.10699812581067147	NO	Q05193
737	E	737	56.335	4.866	119.659	-0.21	0.692114902641218	0	0	0	1	0.13993114920548838	0.06998881155202558	NO	Q05193
738	A	738	55.496	2.222	122.179	1.58	0.661764705882353	0	0	0	1	0.05548482647604264	0.06998881155202558	NO	Q05193
739	L	739	56.008	-0.695	119.875	-0.47	0.656363636363636	1	0	0	1	0.09940878352594623	0.08033887401418927	NO	Q05193
740	S	740	59.299	0.537	118.487	-0.47	0.651624548736462	1	0	0	1	-0.00990050282387887	0.0913358153802382	NO	Q05193
741	I	741	60.628	1.351	121.877	-0.47	0.617220801364024	0	0	0	1	-0.28421518882732333	0.38158841931443843	NO	Q05193
742	I	742	59.849	-2.179	122.943	1.32	0.50865539452496	0	0	0	1	-0.6314116728355529	0.30058530808666556	NO	Q05193
743	G	743	61.639	-3.752	120.046	1.07	0.437575757575758	0	0	0	1	-0.5527452202759632	0.14309065131975512	NO	Q05193
744	D	744	60.644	-6.771	118.069	0.55	0.437575757575758	0	0	0	1	-0.7436397526079349	-0.07838620975871256	NO	Q05193
745	I	745	58.273	-9.371	119.37	0.81	0.402452619843924	0	0	0	1	-0.8372274563803541	-0.26756436192990374	NO	Q05193
746	N	746	61.284	-11.506	120.466	-0.21	0.399888919744515	1	0	0	1	-2.0285405248554484	-0.11360718280521886	NO	Q05193
747	T	747	59.156	-13.611	122.807	-0.21	0.23629799803085	0	0	0	1	-2.1171478049498567	-0.2662313993400796	NO	Q05193
748	T	748	61.197	-15.086	125.532	-1.24	0.237812911725955	0	0	0	1	-2.3837397276272507	-0.9833652726654515	NO	Q05193
749	T	749	60.05	-16.823	128.619	-0.98	0.24042624042624	0	0	0	1	-2.6001780921975066	-1.6700314296519865	NO	Q05193
750	V	750	61.021	-15.649	132.008	-0.72	0.263503649635037	0	0	0	1	-2.621143006463605	-1.905394538369501	NO	Q05193
751	S	751	60.339	-16.962	135.497	-1.24	0.32967032967033	0	0	0	1	-2.5505048855677357	-2.1110516236566492	NO	Q05193
752	T	752	59.471	-14.917	138.506	-1.24	0.333333333333333	0	0	0	1	-2.4540500840163477	-2.069463190854137	NO	Q05193
753	P	753	60.358	-16.024	141.973	-1.24	0.38165524512388	0	0	0	1	-2.314626249695628	-2.1110516236566492	NO	Q05193
