Uniprot_position	aminoacid	Position_in_structure	x	y	z	paraz	mtr	gscount	pscount	OR	pvalue	mtr3dscore	paraz3dscore	HotSpot3D	Uniprot
1	M	1	-15.411	-18.651	137.028	1.11	0.875318066157761	0	0	0	1	1.1958376013820924	1.112230262031323	NO	Q9H2P0
2	F	2	-18.871	-18.339	135.617	1.11	0.8743961352657	0	0	0	1	1.1106786381532052	1.2649267886272129	NO	Q9H2P0
3	Q	3	-21.017	-21.033	137.096	1.11	0.87962962962963	0	0	0	1	1.216517167974218	0.8713090756244745	NO	Q9H2P0
4	L	4	-24.72	-20.616	136.751	0.87	0.87280701754386	0	0	0	1	1.0924512775715833	0.9729109952440473	NO	Q9H2P0
5	P	5	-27.453	-23.087	136.385	1.11	0.866666666666667	0	0	0	0.9999999999999999	0.9654157725216365	0.9259274485991583	NO	Q9H2P0
6	V	6	-29.05	-23.195	133.013	1.11	0.86626746506986	0	0	0	0.9999999999999999	0.9501726065738832	1.0316404285501588	NO	Q9H2P0
7	N	7	-32.459	-21.79	133.761	0.16	0.870905587668593	0	0	0	0.9999999999999999	0.9253475684192239	0.9259274485991583	NO	Q9H2P0
8	N	8	-33.749	-22.128	130.304	1.11	0.653631284916201	0	0	0	0.9999999999999999	0.8848172613338938	0.8598568361297829	NO	Q9H2P0
9	L	9	-32.675	-22.243	126.723	1.11	0.650537634408602	1	0	0	0.9999999999999999	0.8397538956482888	0.9107556783284129	NO	Q9H2P0
10	G	10	-32.534	-18.487	126.544	-0.32	0.6484375	0	0	0	0.9999999999999999	0.838452980683436	0.9729109952440473	NO	Q9H2P0
11	S	11	-30.205	-18.652	129.503	0.63	0.774874371859296	0	0	0	0.9999999999999999	0.8724833440844671	0.8297416878289268	NO	Q9H2P0
12	L	12	-27.682	-20.49	127.382	0.87	0.771844660194175	0	0	0	0.9999999999999999	0.9332821984280607	0.9779138728960496	NO	Q9H2P0
13	R	13	-28.023	-17.648	124.999	1.11	0.769014084507042	0	0	0	0.9999999999999999	0.8441161833467481	0.8704607615878307	NO	Q9H2P0
14	K	14	-26.755	-15.477	127.813	1.11	0.765610859728507	0	0	0	0.9999999999999999	0.9319544586453536	0.8253661733241323	NO	Q9H2P0
15	A	15	-23.974	-17.968	128.405	0.4	0.76578947368421	1	0	0	0.9999999999999999	0.9544896389317091	0.9104527090296113	NO	Q9H2P0
16	R	16	-23.265	-17.352	124.787	1.11	0.763404255319149	0	0	0	0.9999999999999999	0.8490721697948711	0.7757323608292693	NO	Q9H2P0
17	K	17	-23.063	-13.612	125.248	1.11	0.760493827160494	0	0	0	1	0.7940005008818488	0.6578520561539704	NO	Q9H2P0
18	T	18	-20.634	-13.872	128.11	-0.08	0.757768924302789	0	0	0	1	0.9474202517593987	0.9847599159987891	NO	Q9H2P0
19	V	19	-18.552	-16.254	126.056	1.11	0.755813953488372	0	0	0	0.9999999999999999	0.8858539193709477	1.006191007450844	NO	Q9H2P0
20	K	20	-18.975	-14.194	122.917	1.11	0.897574123989218	0	0	0	0.9999999999999999	0.8083023897993413	1.006191007450844	NO	Q9H2P0
21	K	21	-17.303	-11.366	124.736	-0.32	0.782967032967033	0	0	0	0.9999999999999999	0.7998157997947389	0.9518989091056387	NO	Q9H2P0
22	I	22	-14.452	-13.549	125.849	1.11	0.78125	0	0	0	0.9999999999999999	0.8296339083413506	0.9234803888780704	NO	Q9H2P0
23	L	23	-14.034	-14.914	122.374	1.11	0.699440447641887	0	0	0	0.9999999999999999	0.7410830748360182	0.8471321255801254	NO	Q9H2P0
24	S	24	-14.202	-11.42	120.968	-0.08	0.698924731182796	0	0	0	0.9999999999999999	0.7049392552728547	0.8984052239713923	NO	Q9H2P0
25	D	25	-11.95	-9.899	123.582	1.11	0.681332901973471	0	0	0	0.9999999999999999	0.6966712222985181	0.8471321255801254	NO	Q9H2P0
26	I	26	-9.141	-12.257	122.815	1.11	0.744169611307421	1	0	0	0.9999999999999999	0.6412960334115654	0.9909213547912549	NO	Q9H2P0
27	G	27	-8.613	-12.44	119.159	1.11	0.739929328621908	0	0	0	1	0.5456748513074666	0.7707838622821804	NO	Q9H2P0
28	L	28	-9.751	-8.993	118.422	1.11	0.743060498220641	0	0	0	1	0.5028055606011692	0.684330681783037	NO	Q9H2P0
29	E	29	-6.387	-8.238	119.883	0.63	0.743571428571428	0	0	0	1	0.35584918239886265	0.8471321255801254	NO	Q9H2P0
30	Y	30	-4.706	-11.247	118.439	-0.08	0.738297872340425	0	0	0	1	0.3178766979013883	0.7890226140700227	NO	Q9H2P0
31	C	31	-6.234	-10.315	115.093	1.11	0.615248226950355	1	0	0	1	0.2904517287010641	0.7342003194519151	NO	Q9H2P0
32	K	32	-5.307	-6.712	115.52	1.11	0.619642857142857	0	0	0	1	0.26322501099382184	0.7342003194519151	NO	Q9H2P0
33	E	33	-1.696	-7.359	116.425	1.11	0.615248226950355	0	0	0	1	0.2217170290610739	0.6685620208665985	NO	Q9H2P0
34	H	34	-1.246	-9.572	113.44	-0.32	0.613074204946997	0	0	0	1	0.1778067734719482	0.6685620208665985	NO	Q9H2P0
35	I	35	-2.985	-7.134	111.172	0.87	0.556978233034571	2	0	0	1	0.12389507363306772	0.7202592762761874	NO	Q9H2P0
36	E	36	-0.572	-4.455	112.242	0.16	0.556978233034571	0	0	0	1	0.058461062090196594	0.5780419230741334	NO	Q9H2P0
37	D	37	2.072	-7.077	111.595	1.11	0.509096244131455	0	0	0	1	0.043223296311209955	0.5871238733487906	NO	Q9H2P0
38	F	38	0.716	-7.625	108.095	0.4	0.569558101472995	0	0	0	1	-0.08536871500319232	0.6371744015107769	NO	Q9H2P0
39	K	39	1.073	-3.949	107.374	1.11	0.6113074204947	0	0	0	1	-0.12068010243461004	0.5499192434559828	NO	Q9H2P0
40	Q	40	4.684	-4.081	108.324	-0.08	0.607017543859649	2	0	0	1	-0.13970458279590633	0.46000727770400723	NO	Q9H2P0
41	F	41	4.971	-6.701	105.652	1.11	0.610915492957747	0	0	0	1	-0.13923932053612756	0.34219247513235324	NO	Q9H2P0
42	E	42	2.867	-4.911	103.098	0.63	0.559689420899385	0	0	0	1	-0.2003907786239945	0.4060088265253326	NO	Q9H2P0
43	P	43	2.354	-1.249	103.228	1.11	0.514880952380952	0	0	0	1	-0.21550110472554462	0.5069908243488963	NO	Q9H2P0
44	N	44	-0.671	0.311	101.613	0.16	0.514880952380952	0	0	0	0.9999999999999999	-0.1998759229943005	0.34219247513235324	NO	Q9H2P0
45	D	45	-0.131	4.03	101.377	0.63	0.515232974910394	0	0	0	0.9999999999999999	-0.2658897762886581	0.30491807049194264	NO	Q9H2P0
46	F	46	2.041	6.045	99.035	-0.08	0.515232974910394	0	0	0	1	-0.36163498325160864	0.3540495917808977	NO	Q9H2P0
47	Y	47	5.612	6.799	100.006	1.11	0.513739545997611	0	0	0	1	-0.3809563003967461	0.5067461183767876	NO	Q9H2P0
48	L	48	8.057	8.818	97.983	0.4	0.510083036773428	0	0	0	1	-0.4511663753297445	0.6789841647453658	NO	Q9H2P0
49	K	49	11.731	7.948	98.095	0.63	0.523131672597865	0	0	0	1	-0.49654994653964435	0.6789841647453658	NO	Q9H2P0
50	N	50	14.49	10.219	96.898	1.11	0.528417818740399	0	0	0	1	-0.53986443972482	1.11162432343372	NO	Q9H2P0
51	T	51	17.147	8.958	94.553	1.11	0.413381123058542	0	0	0	1	-0.4980056012365931	0.6562614673352629	NO	Q9H2P0
52	T	52	19.214	10.129	91.639	0.63	0.450961225154774	0	0	0	1	-0.5098780357988159	0.7626036912145434	NO	Q9H2P0
53	W	53	18.168	9.928	88.032	1.11	0.453891432308699	1	0	0	1	-0.4506150753672272	1.0348216061875732	NO	Q9H2P0
54	E	54	19.002	11.988	85.018	-0.56	0.498924731182796	0	0	0	1	-0.4355703032748303	0.8089579939311529	NO	Q9H2P0
55	D	55	15.558	13.528	84.688	1.11	0.567364290385873	0	0	0	1	-0.33995605338647644	0.6707213656871466	NO	Q9H2P0
56	V	56	14.366	15.966	82.052	1.11	0.553157474020783	0	0	0	1	-0.14034119657745278	0.11727908476762824	NO	Q9H2P0
57	G	57	11.977	18.889	82.024	0.4	0.552767821585026	0	0	0	1	-0.09623904005186756	0.0628657987029024	NO	Q9H2P0
58	L	58	12.973	19.465	85.575	1.11	0.556758924989972	0	0	0	1	-0.17475701039124894	0.30421114212807265	NO	Q9H2P0
59	W	59	12.803	22.842	87.132	1.11	0.569828722002635	0	0	0	1	-0.1000212529498052	0.6414159716939961	NO	Q9H2P0
60	D	60	15.569	24.814	85.546	0.63	0.573553719008265	0	0	0	1	-0.08805300261753272	0.34219247513235324	NO	Q9H2P0
61	P	61	15.628	28.132	83.866	1.11	0.573122529644269	0	0	0	1	-0.09356789419062603	0.37278319342344907	NO	Q9H2P0
62	S	62	14.144	27.999	80.419	1.11	0.577305905773059	0	0	0	1	-0.0876306923837942	0.20453424282242233	NO	Q9H2P0
63	L	63	16.667	26.945	77.869	-1.51	0.640221402214022	0	0	0	1	-0.0909162733245392	0.20453424282242233	NO	Q9H2P0
64	T	64	16.096	25.992	74.307	0.16	0.58710407239819	1	0	0	1	-0.06502605741865158	-0.30021260898065777	NO	Q9H2P0
65	K	65	13.674	23.293	73.354	1.11	0.545168067226891	0	0	0	1	-0.04368214707316545	-0.21792614742620606	NO	Q9H2P0
66	N	66	14.578	19.955	74.806	-0.08	0.58710407239819	0	0	0	1	-0.061485933114573385	0.1350377467435239	NO	Q9H2P0
67	Q	67	14.742	16.881	72.726	-0.08	0.591452991452992	0	0	0	0.9999999999999999	-0.03482372059343699	-0.21792614742620606	NO	Q9H2P0
68	D	68	11.731	14.663	72.597	0.16	0.644444444444445	0	0	0	0.9999999999999999	-0.0656743702714703	0.576378562217969	NO	Q9H2P0
69	Y	69	12.521	11.196	71.521	1.11	0.584175084175084	0	0	0	0.9999999999999999	-0.05680441048583443	0.6594426449726776	NO	Q9H2P0
70	R	70	9.199	9.752	70.652	1.11	0.584175084175084	1	0	0	1	-0.25921766064660046	0.7285609590946805	NO	Q9H2P0
71	T	71	9.59	6.074	70.051	1.11	0.584175084175084	1	0	0	1	-0.31092414096272597	0.8928254043720772	NO	Q9H2P0
72	K	72	7.688	3.962	67.627	1.11	0.53155637254902	0	0	0	1	-0.43962514510382006	1.1119039874018446	NO	Q9H2P0
73	P	73	5.534	2.153	66.737	1.11	0.527676399026764	1	0	0	1	-0.5133966860212267	0.75469084599879	NO	Q9H2P0
74	F	74	1.846	2.215	66.02	0.63	0.581085581085581	1	0	0	1	-0.6502794821111493	0.8095363898652282	NO	Q9H2P0
75	C	75	0.483	-1.177	65.196	1.11	0.580623755806238	0	0	0	1	-0.6808571496874335	0.6511109892556397	NO	Q9H2P0
76	C	76	-2.795	-2.153	63.641	1.11	0.584893048128342	0	0	0	1	-0.9074589056947554	0.4798507074422842	NO	Q9H2P0
77	S	77	-5.043	-4.341	65.684	0.4	0.580623755806238	0	0	0	0.9999999999999999	-0.6196816693894132	0.41302373105911816	NO	Q9H2P0
78	A	78	-6.763	-5.658	62.601	0.16	0.575976370200197	1	0	0	0.9999999999999999	-0.997616241418154	0.2808825061203673	NO	Q9H2P0
79	C	79	-3.718	-6.957	60.812	1.11	0.627240143369176	0	0	0	0.9999999999999999	-0.8725381256075971	0.31746604895063263	NO	Q9H2P0
80	P	80	-0.092	-6.93	61.5	-0.56	0.571428571428571	0	0	0	1	-0.5976846818267654	0.5056857258309829	NO	Q9H2P0
81	F	81	0.792	-3.507	60.244	0.63	0.571428571428571	0	0	0	1	-0.840762812096258	0.452087702606668	NO	Q9H2P0
82	S	82	3.108	-1.108	61.887	1.11	0.520462633451957	0	0	0	1	-0.740437043157306	0.6441151527196809	NO	Q9H2P0
83	S	83	4.153	2.387	61.092	0.63	0.47638326585695	0	0	0	1	-0.8173526641940273	0.7478793832927969	NO	Q9H2P0
84	K	84	6.453	4.983	62.566	1.11	0.474717590102206	0	0	0	1	-0.6187979253253152	1.0046939826802959	NO	Q9H2P0
85	F	85	3.898	7.704	62.029	0.16	0.47306352184401	0	0	0	1	-0.8072595953280566	0.9765000161683096	NO	Q9H2P0
86	F	86	0.351	7.966	63.282	0.4	0.380849919311458	0	0	0	1	-0.814202465313678	0.960382049472077	NO	Q9H2P0
87	S	87	-0.824	9.41	59.987	0.63	0.311619718309859	0	0	0	1	-1.0924714219733467	0.6498991120604344	NO	Q9H2P0
88	A	88	0.225	6.266	58.183	0.4	0.31140350877193	0	0	0	1	-1.036350657510274	0.6282671041260165	NO	Q9H2P0
89	Y	89	-1.76	4.368	60.778	0.63	0.267102615694165	0	0	0	1	-0.890664255386658	0.4829509096489282	NO	Q9H2P0
90	K	90	-4.838	6.375	59.926	1.11	0.208920187793427	0	0	0	1	-1.111847985464888	0.4585194653935857	NO	Q9H2P0
91	S	91	-4.447	5.75	56.23	0.63	0.191093117408907	0	0	0	1	-1.204720507022137	0.3373802209608465	NO	Q9H2P0
92	H	92	-4.102	2.035	56.775	1.11	0.176323676323676	0	0	0	1	-1.041084332157471	0.24816182184981936	NO	Q9H2P0
93	F	93	-7.279	1.998	58.812	0.4	0.248421052631579	0	0	0	1	-1.0762125045284618	0.3190566377693398	NO	Q9H2P0
94	R	94	-9.194	3.614	55.998	0.4	0.176207068193131	1	0	0	1	-1.4134363638487804	0.11953317635071037	NO	Q9H2P0
95	N	95	-8.495	0.413	54.098	0.16	0.189761458054141	0	0	0	1	-1.3570878175637644	0.2975225122237654	NO	Q9H2P0
96	V	96	-9.619	-1.516	57.154	-0.08	0.206876456876457	0	0	0	1	-1.2965983099788225	0.25437269247524763	NO	Q9H2P0
97	H	97	-13.242	-1.552	56.194	1.11	0.206736353077816	0	0	0	1	-1.514680144084401	0.23846680428817554	NO	Q9H2P0
98	S	98	-12.886	-4.817	54.289	-0.08	0.190962883270576	0	0	0	1	-1.5504599768589518	0.18502301997961434	NO	Q9H2P0
99	E	99	-16.577	-5.47	53.985	0.63	0.189761458054141	1	0	0	0.9999999999999999	-1.7780928969787195	0.011350000841258673	NO	Q9H2P0
100	D	100	-17.513	-4.995	50.364	0.63	0.190962883270576	0	0	0	1	-1.8423950170785062	0.03345757876591612	NO	Q9H2P0
101	F	101	-15.352	-2.589	48.541	0.4	0.265234765234765	0	0	0	1	-1.670882691301544	0.0410706534537455	NO	Q9H2P0
102	E	102	-15.466	-0.214	51.413	0.63	0.265413533834586	0	0	0	1	-1.627468967040792	0.023843353017286045	NO	Q9H2P0
103	N	103	-13.01	2.231	52.806	0.63	0.28582995951417	0	0	0	1	-1.5866025733559008	0.27664093593714806	NO	Q9H2P0
104	R	104	-13.179	5.416	54.74	0.4	0.409457900807382	0	0	0	1	-1.4868272046594078	0.1652536146039145	NO	Q9H2P0
105	I	105	-13.778	8.133	52.258	0.87	0.384948096885813	0	0	0	1	-1.2946259866379657	0.15469579316959717	NO	Q9H2P0
106	L	106	-12.219	11.515	52.472	0.63	0.385199652777778	0	0	0	1	-1.1408684432389942	0.2350735481416003	NO	Q9H2P0
107	L	107	-11.852	13.951	49.638	0.87	0.38654181184669	0	0	0	1	-0.8082932285134066	0.2656128534607783	NO	Q9H2P0
108	N	108	-14.208	13.395	46.755	0.4	0.341214917339485	1	0	0	1	-0.8450502483728906	0.21968270776249071	NO	Q9H2P0
109	C	109	-13.625	14.623	43.257	1.11	0.321034545125701	0	0	0	1	-0.700342847399431	0.2798221135745623	NO	Q9H2P0
110	P	110	-15.965	17.336	42.277	1.11	0.27262313860252	0	0	0	0.9999999999999999	-0.8314861605207869	0.5081094802213938	NO	Q9H2P0
111	Y	111	-16.043	16.31	38.639	0.16	0.274329501915709	0	0	0	1	-0.5738804796106816	0.9616545205270428	NO	Q9H2P0
112	C	112	-16.874	12.683	39.238	1.11	0.32486388384755	0	0	0	1	-0.7246377808786868	0.8487227143988325	NO	Q9H2P0
113	T	113	-17.084	10.51	42.256	0.16	0.345293209876543	0	0	0	1	-0.9809573478935388	0.6295395751809824	NO	Q9H2P0
114	F	114	-13.662	9.897	43.69	1.11	0.365604575163399	0	0	0	1	-0.8302034768717711	0.19180953227276484	NO	Q9H2P0
115	N	115	-12.165	8.19	46.734	0.16	0.365604575163399	1	0	0	1	-0.9548956080161127	0.18202129338841294	NO	Q9H2P0
116	A	116	-10.194	8.14	50.061	0.4	0.395288921604711	1	0	0	1	-1.1841503797035	0.23799551871226232	NO	Q9H2P0
117	D	117	-6.485	8.64	49.459	0.16	0.435069444444444	0	0	0	1	-1.0734064540512431	0.228026016144867	NO	Q9H2P0
118	K	118	-5.497	12.292	49.177	-0.56	0.473544973544974	0	0	0	1	-0.7949746011767326	0.11418879791985426	NO	Q9H2P0
119	K	119	-2.651	11.682	46.77	1.11	0.486413043478261	2	0	0	1	-0.6599155834087872	0.10273655842516251	NO	Q9H2P0
120	T	120	-4.85	9.578	44.591	0.16	0.543856991364945	0	0	0	1	-0.555839823314776	0.23380107708663442	NO	Q9H2P0
121	L	121	-7.238	12.475	44.314	0.63	0.573315911730546	0	0	0	1	-0.700342847399431	0.2798221135745623	NO	Q9H2P0
122	E	122	-4.458	14.696	43.069	-0.56	0.602440884820748	0	0	0	1	-0.4142298091044279	-0.1512044042832195	NO	Q9H2P0
123	T	123	-3.61	12.127	40.446	0.16	0.629370629370629	0	0	0	1	-0.11985045754759759	-0.37656087227860274	NO	Q9H2P0
124	H	124	-7.261	11.738	39.58	1.11	0.599832915622389	0	0	0	1	-0.4364402779261907	-0.03548012513146194	NO	Q9H2P0
125	I	125	-7.574	15.474	39.101	0.4	0.597735597735598	0	0	0	1	-0.36058280163255013	0.009119045095539534	NO	Q9H2P0
126	K	126	-4.604	15.338	36.798	0.63	0.596070596070596	0	0	0	1	0.028901219150864268	-0.2839839926274714	NO	Q9H2P0
127	I	127	-6.591	13.422	34.289	0.63	0.565025252525253	1	0	0	1	0.00275662318393082	-0.2438845569475073	NO	Q9H2P0
128	F	128	-9.483	15.725	33.8	1.11	0.59079283887468	0	0	0	1	-0.0679943537143966	-0.07193901366559027	NO	Q9H2P0
129	H	129	-11.007	13.592	31.198	1.11	0.617647058823529	0	0	0	1	0.05433050337567304	0.11546126897482001	NO	Q9H2P0
130	A	130	-13.296	16.479	30.457	1.11	0.617241379310345	0	0	0	1	0.07851060312799817	-0.10011029798408326	NO	Q9H2P0
131	P	131	-13.648	19.138	27.863	1.11	0.64407796101949	1	0	0	1	0.2434937879271584	0.08609655232176423	NO	Q9H2P0
132	N	132	-11.824	22.316	28.685	0.16	0.620689655172414	1	0	0	0.9999999999999999	0.4176376460712724	-0.21220002767886026	NO	Q9H2P0
133	A	133	-11.756	25.592	26.946	-0.56	0.64767616191904	1	0	0	0.9999999999999999	0.4572155434786533	-0.19188943199383005	NO	Q9H2P0
134	S	134	-8.279	26.717	27.589	-0.32	0.64767616191904	1	0	0	0.9999999999999999	0.4546993880416758	-0.25949353522175395	NO	Q9H2P0
135	A	135	-7.228	30.278	27.907	0.4	0.591530729939034	1	0	0	1	0.5205788814436942	-0.4737907118631651	NO	Q9H2P0
136	P	136	-3.664	31.21	27.357	0.16	0.621527777777778	1	0	0	1	0.5603925726239497	-0.4268071652182759	NO	Q9H2P0
137	S	137	-1.61	30.238	30.347	0.63	0.651124338624339	0	0	0	1	0.5580807794475101	-0.38178126635025716	NO	Q9H2P0
138	S	138	0.765	32.951	29.328	-0.08	0.651124338624339	0	0	0	1	0.45309469903099114	-0.3709054453676438	NO	Q9H2P0
139	S	139	0.89	35.172	26.338	0.63	0.734035860333438	0	0	0	0.9999999999999999	0.4765812498556703	-0.17720707366730223	NO	Q9H2P0
140	L	140	2.061	32.745	23.73	0.63	0.773809523809524	0	0	0	1	0.5705400477330012	-0.10085881036935726	NO	Q9H2P0
141	S	141	1.725	32.979	20.019	0.63	0.734035860333438	0	0	0	0.9999999999999999	0.623526926125584	-0.10201560223750802	NO	Q9H2P0
142	T	142	-0.155	30.179	18.422	-0.08	0.766338259441708	0	0	0	1	0.5949110822920236	-0.5188166107311838	NO	Q9H2P0
143	F	143	2.398	28.347	16.381	0.4	0.711814137419674	1	0	0	0.9999999999999999	0.7177308003470997	-0.6454764218946974	NO	Q9H2P0
144	K	144	3.224	24.733	16.062	-0.32	0.711814137419674	0	0	0	1	0.6168866457353814	-1.2242689703248322	NO	Q9H2P0
145	D	145	6.655	24.196	17.461	0.63	0.737092176116566	0	0	0	1	0.6135050370621651	-1.6428623706142143	NO	Q9H2P0
146	K	146	7.504	20.797	18.726	-0.08	0.703557312252964	1	0	0	0.9999999999999999	0.37706981698505326	-1.5523241270669543	NO	Q9H2P0
147	N	147	4.008	19.988	19.77	-1.51	0.678957406230134	0	0	0	0.9999999999999999	0.3924894208741655	-1.3108128091563536	NO	Q9H2P0
148	K	148	2.625	17.262	21.907	-1.51	0.682692307692308	1	0	0	1.0000000000000002	0.42106926418989965	-1.5196640366561667	NO	Q9H2P0
149	N	149	0.967	15.129	19.327	-1.51	0.653739612188366	0	0	0	1.0000000000000002	0.38011180032533726	-1.4318635338635302	NO	Q9H2P0
150	D	150	0.314	11.479	19.855	-1.51	0.658036454018227	0	0	0	1.0000000000000002	0.28039900979654736	-1.5996084138051019	NO	Q9H2P0
151	G	151	-0.627	11.385	16.233	-1.51	0.662910798122066	0	0	0	0.9999999999999999	0.3823680136257417	-2.1431748535893833	NO	Q9H2P0
152	L	152	-3.774	12.479	14.525	-1.51	0.617957746478873	1	0	0	1	0.39478130133763406	-2.3700988583916085	NO	Q9H2P0
153	K	153	-5.152	13.342	17.901	1.11	0.625	0	0	0	1	0.4812943127349558	-2.2186142089909238	NO	Q9H2P0
154	P	154	-2.602	15.468	19.582	0.16	0.620567375886525	2	0	0	1	0.4438034629444234	-1.7957902555837342	NO	Q9H2P0
155	K	155	-2.042	14.242	23.082	-0.32	0.673076923076923	0	0	0	1	0.37173819527733876	-1.7646147147370734	NO	Q9H2P0
156	Q	156	-1.859	17.747	24.366	0.4	0.714285714285714	0	0	0	1	0.36101001150320533	-1.7914901809841945	NO	Q9H2P0
157	A	157	-1.824	20.871	22.296	0.4	0.745714285714286	0	0	0	1	0.46540670973184534	-1.8235888540152936	NO	Q9H2P0
158	D	158	-4.035	23.777	23.223	1.11	0.829151732377539	0	0	0	1	0.49813655209126956	-1.0928772448206545	NO	Q9H2P0
159	S	159	-5.87	21.037	25.011	-0.08	0.802415210688592	0	0	0	1.0000000000000002	0.3944385248952028	-0.8626816984945032	NO	Q9H2P0
160	V	160	-6.655	19.619	28.409	0.63	0.754347826086957	1	0	0	1.0000000000000002	0.3532081204123651	-0.6289342981801428	NO	Q9H2P0
161	E	161	-3.802	19.114	30.792	-0.08	0.751624548736462	0	0	0	1.0000000000000002	0.3413125665050043	-0.6840015800415916	NO	Q9H2P0
162	Q	162	-2.543	15.759	31.732	-1.51	0.716356107660455	0	0	0	1	0.3160232168334284	-0.5585096070346246	NO	Q9H2P0
163	A	163	0.736	14.978	33.317	-1.51	0.71120246659815	0	0	0	0.9999999999999999	0.2932772826146106	-0.7724407560457245	NO	Q9H2P0
164	V	164	4.196	16.268	33.498	-1.51	0.749458483754513	0	0	0	0.9999999999999999	0.2594496736372771	-0.8701254026895596	NO	Q9H2P0
165	Y	165	5.893	13.055	32.617	0.63	0.75	0	0	0	1	0.3100697077167759	-0.5604753554229855	NO	Q9H2P0
166	Y	166	7.433	12.962	29.199	0.16	0.705681818181818	0	0	0	1	0.32295767172021517	-0.965230219849662	NO	Q9H2P0
167	C	167	9.497	10.233	27.668	1.11	0.664171122994652	0	0	0	1	0.3921859014721996	-0.45874129457847396	NO	Q9H2P0
168	K	168	12.847	11.641	26.759	-0.08	0.590374331550802	0	0	0	1	0.3594505537423195	-0.23736025081113757	NO	Q9H2P0
169	K	169	13.09	9.344	23.778	1.11	0.589940323955669	0	0	0	1	0.39131865662240983	-0.145884709237376	NO	Q9H2P0
170	C	170	9.844	10.054	22.022	1.11	0.501818181818182	0	0	0	0.9999999999999999	0.38871319349749045	-0.8417653439865107	NO	Q9H2P0
171	T	171	8.422	12.829	24.19	0.87	0.501818181818182	1	0	0	1	0.3573912292365517	-1.0942951411390451	NO	Q9H2P0
172	Y	172	5.405	10.625	24.836	0.63	0.537662337662338	1	0	0	0.9999999999999999	0.3600471343876243	-1.229231116137633	NO	Q9H2P0
173	R	173	3.971	12.284	27.986	-0.08	0.537662337662338	1	0	0	1	0.3511645733644837	-1.0265815028569392	NO	Q9H2P0
174	D	174	1.983	10.309	30.531	0.4	0.582818641212802	0	0	0	0.9999999999999999	0.335286072999983	-0.7057067184964096	NO	Q9H2P0
175	P	175	-0.271	10.94	33.431	0.4	0.582818641212802	0	0	0	1	0.29814446170481834	-0.48896248213391047	NO	Q9H2P0
176	L	176	1.673	8.735	35.79	1.11	0.583262890955199	0	0	0	1	0.29399740689891213	-0.46274957840161607	NO	Q9H2P0
177	Y	177	5.346	8.189	36.468	1.11	0.633699633699634	0	0	0	1	0.4582532063094123	-0.5316811532649035	NO	Q9H2P0
178	E	178	4.938	4.445	36.604	-0.08	0.691308691308691	0	0	0	1	0.491423675450825	-0.06268467872038477	NO	Q9H2P0
179	I	179	3.293	4.456	33.229	-0.32	0.691844919786096	2	0	0	1	0.49291798987352997	-0.4024344503962396	NO	Q9H2P0
180	V	180	6.118	6.359	31.652	0.4	0.74537037037037	0	0	0	1	0.39172169748104485	-0.25685433599663976	NO	Q9H2P0
181	R	181	8.61	4.122	33.357	0.63	0.745972738537795	0	0	0	1	0.44673753669114746	0.06571921864434078	NO	Q9H2P0
182	K	182	7.059	1.007	31.949	1.11	0.786960251644267	0	0	0	1	0.6392414635269423	-0.07193901366559027	NO	Q9H2P0
183	H	183	6.988	2.597	28.564	1.11	0.786960251644267	0	0	0	1	0.41895336649043347	-0.0592914225738094	NO	Q9H2P0
184	I	184	10.633	3.454	28.838	0.63	0.788245462402766	0	0	0	1	0.38505593913876945	-0.18060032981387747	NO	Q9H2P0
185	Y	185	11.747	0.224	30.496	0.16	0.800561797752809	0	0	0	0.9999999999999999	0.5737814767228734	-0.3328400719284975	NO	Q9H2P0
186	R	186	10.486	-1.936	27.728	-0.56	0.799256505576208	0	0	0	1.0000000000000002	0.6493203188564842	-0.5838888228343553	NO	Q9H2P0
187	E	187	11.972	0.742	25.491	-0.56	0.771747211895911	0	0	0	1	0.47200587371262775	-0.3589886529481233	NO	Q9H2P0
188	H	188	15.437	1.341	26.886	1.11	0.690547263681592	0	0	0	1	0.46916854464094265	-0.31717888971353453	NO	Q9H2P0
189	F	189	18.031	0.002	24.523	1.11	0.651685393258427	0	0	0	0.9999999999999999	0.4773107764338672	-0.6345481410696976	NO	Q9H2P0
190	Q	190	20.405	1.428	22.004	-0.08	0.656015037593985	0	0	0	0.9999999999999999	0.4429161100160229	-0.7049083052854508	NO	Q9H2P0
191	H	191	20.287	-0.583	18.866	0.4	0.703030303030303	1	0	0	1	0.3821238960166796	-0.5611939273128486	NO	Q9H2P0
192	V	192	21.146	-0.307	15.23	0.63	0.741477272727273	0	0	0	1	0.3812165061573959	-0.4228918696645351	NO	Q9H2P0
193	A	193	19.485	-2.129	12.424	0.16	0.780585998658018	0	0	0	1	0.39167221475543706	-0.2616528800423018	NO	Q9H2P0
194	A	194	20.731	-5.666	12.472	0.16	0.689927064853144	0	0	0	1	0.23137033114279493	-0.028752117254631553	NO	Q9H2P0
195	P	195	19.489	-8.988	11.414	0.16	0.556107249255214	1	0	0	1	0.19225614378698588	0.039113005676875034	NO	Q9H2P0
196	Y	196	17.571	-10.838	14.065	1.11	0.530798479087452	0	0	0	1	0.18548084738785262	0.13699539452039422	NO	Q9H2P0
197	I	197	15.476	-13.916	14.479	0.4	0.555023923444976	1	0	0	1	0.006105589488995831	0.4434760298104351	NO	Q9H2P0
198	A	198	12.158	-13.382	12.835	0.87	0.554518371400199	0	0	0	1	0.006105589488995831	0.4434760298104351	NO	Q9H2P0
199	K	199	9.687	-12.213	15.406	0.16	0.584795321637427	0	0	0	1	-0.01551628570958107	0.4434760298104351	NO	Q9H2P0
200	A	200	6.378	-10.468	15.332	0.4	0.582605076987099	2	0	0	1	0.005970206635968719	0.5862755593121469	NO	Q9H2P0
201	G	201	6.44	-7.872	12.634	1.11	0.652985074626866	0	0	0	1	0.05548574651394917	0.4434760298104351	NO	Q9H2P0
202	E	202	8.231	-4.882	13.997	1.11	0.650557620817844	0	0	0	1	0.25430817452592597	0.07728713732584752	NO	Q9H2P0
203	K	203	7.467	-1.424	12.786	0.16	0.650557620817844	0	0	0	1	0.3778439509846522	-0.2819412297298677	NO	Q9H2P0
204	S	204	10.375	0.462	11.398	0.16	0.685388845247447	0	0	0	1	0.5377581047064081	-0.33088242415162716	NO	Q9H2P0
205	L	205	11.164	3.415	13.524	-0.08	0.750404312668464	2	0	0	1	0.48104735467378945	-0.46704770285394487	NO	Q9H2P0
206	N	206	9.906	6.118	11.261	0.87	0.77529049897471	0	0	0	1	0.4508190950496875	-0.5298633374720952	NO	Q9H2P0
207	G	207	7.515	8.964	11.691	0.16	0.718353344768439	1	0	0	1	0.45270278172499834	-1.5260263919309955	NO	Q9H2P0
208	A	208	7.78	11.99	13.896	-0.32	0.717703349282297	1	0	0	0.9999999999999999	0.335268587812672	-1.7262731526861315	NO	Q9H2P0
209	V	209	5.555	10.449	16.491	0.16	0.715015321756895	0	0	0	1	0.297024032095727	-1.3840186221968178	NO	Q9H2P0
210	P	210	7.897	7.628	17.188	0.16	0.72041166380789	0	0	0	0.9999999999999999	0.3346929756544065	-1.184579992181853	NO	Q9H2P0
211	L	211	11.123	8.692	18.809	-0.32	0.691823899371069	0	0	0	1	0.3768810258283927	-0.49421834083920385	NO	Q9H2P0
212	G	212	13.786	7.017	20.866	0.16	0.697084917617237	0	0	0	1	0.44031564382775445	-0.2726424027897333	NO	Q9H2P0
213	S	213	13.951	3.291	21.272	-0.08	0.661596958174905	0	0	0	1	0.4249864024196407	-0.2873416373901997	NO	Q9H2P0
214	N	214	10.693	1.441	21.726	-0.08	0.65719696969697	0	0	0	1	0.42390973636151824	-0.2312870935033465	NO	Q9H2P0
215	A	215	12.313	-1.554	23.289	0.16	0.625901875901876	0	0	0	0.9999999999999999	0.5085703661078501	-0.5028654066233511	NO	Q9H2P0
216	R	216	15.412	-3.414	24.362	-0.32	0.620813397129187	1	0	0	0.9999999999999999	0.5771255625036692	-0.7663611721164436	NO	Q9H2P0
217	E	217	16.103	-7.05	24.618	-0.32	0.627705627705628	0	0	0	0.9999999999999999	0.4751801474529934	-0.918982847473806	NO	Q9H2P0
218	E	218	14.6	-6.892	28.059	-0.32	0.65719696969697	0	0	0	1	0.653097968729499	-0.7052825614780879	NO	Q9H2P0
219	S	219	14.302	-9.949	30.197	0.16	0.711551606288448	1	0	0	1.0000000000000002	0.6863004814721043	-0.9174858227032582	NO	Q9H2P0
220	S	220	10.881	-11.448	29.831	-0.32	0.742247744052502	3	0	0	1	0.6767950277633642	-0.491507424243842	NO	Q9H2P0
221	I	221	9.211	-13.608	32.382	0.16	0.713602187286398	1	0	0	1	0.6341038544260691	0.10455437421797074	NO	Q9H2P0
222	H	222	8.093	-17.125	31.682	0.4	0.677482154445166	1	0	0	1	0.6224131753463849	0.20580671387738822	NO	Q9H2P0
223	C	223	5.285	-18.794	33.49	1.11	0.648698884758364	0	0	0	1	0.6008839608650681	0.3063319272196823	NO	Q9H2P0
224	K	224	6.332	-21.801	35.468	1.11	0.617283950617284	0	0	0	1	0.49828722678451937	0.39540490106728476	NO	Q9H2P0
225	R	225	3.268	-23.784	34.515	0.63	0.676691729323308	1	0	0	1	0.49876323278861695	0.5083367071954947	NO	Q9H2P0
226	C	226	3.556	-23.644	30.773	1.11	0.714285714285714	0	0	0	1	0.5346182068784258	0.4276408344597502	NO	Q9H2P0
227	L	227	5.861	-22.391	28.115	-0.08	0.759083044982699	0	0	0	1	0.5365612692322071	0.3354169799046137	NO	Q9H2P0
228	F	228	4.679	-18.902	27.414	0.16	0.759083044982699	0	0	0	1	0.6039525596456837	0.23846680428817554	NO	Q9H2P0
229	M	229	6.748	-15.792	27.716	0.16	0.801930147058824	0	0	0	1	0.6403601553447857	0.11418879791985426	NO	Q9H2P0
230	P	230	5.118	-12.598	28.734	0.16	0.796703296703297	0	0	0	1	0.6308813523198048	-0.01842481593896742	NO	Q9H2P0
231	K	231	6.677	-9.12	28.608	-0.32	0.824822236586943	1	0	0	1	0.6663951858168138	-0.29172946861421956	NO	Q9H2P0
232	S	232	5.18	-7.651	31.759	1.11	0.798357664233577	1	0	0	1	0.6994596113738674	0.01851109335838196	NO	Q9H2P0
233	Y	233	4.625	-9.143	35.177	0.4	0.798357664233577	1	0	0	1	0.6742374584323677	0.09403017752276531	NO	Q9H2P0
234	E	234	1.098	-7.854	35.267	0.63	0.789118705035971	1	0	0	0.9999999999999999	0.6379865748582961	0.4319884438975498	NO	Q9H2P0
235	A	235	0.481	-9.714	32.058	1.11	0.791967509025271	1	0	0	1.0000000000000002	0.6212460016817505	0.11546126897482001	NO	Q9H2P0
236	L	236	1.612	-12.883	33.76	1.11	0.633574007220217	0	0	0	1	0.594649873097259	0.26612184188276455	NO	Q9H2P0
237	V	237	-0.894	-12.483	36.497	0.4	0.584578884934757	0	0	0	0.9999999999999999	0.550053419194172	0.44884868537584593	NO	Q9H2P0
238	Q	238	-3.711	-12.219	34.02	0.4	0.630357142857143	0	0	0	1	0.5463556383999355	0.6228591021424122	NO	Q9H2P0
239	H	239	-2.261	-15.162	32.161	1.11	0.671886120996441	0	0	0	1	0.5865410098082543	0.33941617464879176	NO	Q9H2P0
240	V	240	-2.167	-17.394	35.182	0.63	0.676702508960574	0	0	0	1	0.5503634115669126	0.3777009559547176	NO	Q9H2P0
241	I	241	-5.716	-16.655	36.119	0.87	0.68158844765343	0	0	0	1	0.47300166224378815	0.621268513323705	NO	Q9H2P0
242	E	242	-7.172	-17.274	32.715	0.16	0.684057971014493	0	0	0	0.9999999999999999	0.4557551796241821	0.5559320187706559	NO	Q9H2P0
243	D	243	-4.85	-20.019	31.567	0.16	0.689051094890511	0	0	0	1	0.47078184069290746	0.5722114055467359	NO	Q9H2P0
244	H	244	-4.306	-21.934	34.725	1.11	0.696678966789668	0	0	0	0.9999999999999999	0.42062205042066164	0.6154675423378317	NO	Q9H2P0
245	E	245	-7.704	-21.92	36.306	0.4	0.701234567901235	0	0	0	1	0.45066147132297774	0.023843353017286045	NO	Q9H2P0
246	R	246	-10.475	-24.444	36.025	0.16	0.743066457352172	1	0	0	0.9999999999999999	0.4529723114404201	0.0410706534537455	NO	Q9H2P0
247	I	247	-14.14	-24.543	36.982	0.87	0.736213235294118	0	0	0	0.9999999999999999	0.494794044038328	-0.15291444443613786	NO	Q9H2P0
248	G	248	-16.897	-27.128	36.857	-0.56	0.745798319327731	0	0	0	0.9999999999999999	0.5125357280025454	-0.44442599521010934	NO	Q9H2P0
249	Y	249	-16.05	-30.409	35.292	0.16	0.700197238658777	0	0	0	0.9999999999999999	0.4531225960414999	-0.17402589602988777	NO	Q9H2P0
250	Q	250	-14.689	-30.55	31.8	0.16	0.659851301115242	1	0	0	0.9999999999999999	0.439950029526243	-0.031579830710111015	NO	Q9H2P0
251	V	251	-13.076	-33.436	30.062	0.63	0.597643097643098	0	0	0	1	0.4179140471416894	0.03345757876591612	NO	Q9H2P0
252	T	252	-9.626	-32.7	28.791	1.11	0.601554579249747	0	0	0	1	0.29526627016040735	0.3540495917808977	NO	Q9H2P0
253	A	253	-6.526	-34.742	28.277	0.87	0.661710037174721	0	0	0	0.9999999999999999	0.20460462547918185	0.3299635325261889	NO	Q9H2P0
254	M	254	-2.913	-33.765	28.306	0.63	0.661111111111111	1	0	0	1	0.24560417100753912	0.24270837447139482	NO	Q9H2P0
255	I	255	-0.536	-35.482	25.971	0.87	0.604934099357891	0	0	0	1	0.36223925582279076	0.41721869058098326	NO	Q9H2P0
256	G	256	3.159	-34.896	25.812	-0.32	0.661111111111111	0	0	0	0.9999999999999999	0.47611236504679794	-0.1026766261621655	NO	Q9H2P0
257	H	257	6.208	-36.834	24.818	-0.08	0.717914438502674	0	0	0	0.9999999999999999	0.5475084992579468	-0.18993178421695972	NO	Q9H2P0
258	T	258	9.386	-35.974	26.6	1.11	0.762820512820513	0	0	0	1	0.6134727334830113	-0.27355131068613736	NO	Q9H2P0
259	N	259	12.403	-38.192	26.684	-0.32	0.762820512820513	1	0	0	1	0.6867388092228169	-0.44442599521010934	NO	Q9H2P0
260	V	260	16.105	-37.84	26.196	0.63	0.762820512820513	0	0	0	1	0.7235810480876261	0.07546932153303929	NO	Q9H2P0
261	V	261	17.97	-40.5	24.34	0.4	0.754528985507246	0	0	0	1	0.8871082096938132	-0.25037415932783263	NO	Q9H2P0
262	V	262	21.22	-40.806	22.499	0.4	0.708692767086928	2	0	0	1	1.197203174815701	-0.7898109958436696	NO	Q9H2P0
263	P	263	21.415	-42.716	19.323	1.11	0.713286713286713	0	0	0	1	1.0430628171898317	-0.1358517643809153	NO	Q9H2P0
264	R	264	23.976	-45.441	19.126	-0.56	0.768450184501845	0	0	0	0.9999999999999999	0.9370995204588057	-0.09711624844298743	NO	Q9H2P0
265	S	265	26.001	-45.264	15.981	0.4	0.774163568773234	0	0	0	0.9999999999999999	1.0476393036701797	-0.02675608422723428	NO	Q9H2P0
266	K	266	29.381	-44.243	14.754	-0.56	0.725920919229469	0	0	0	1.0000000000000002	1.1408287325338773	-0.06777456294024778	NO	Q9H2P0
267	P	267	29.564	-41.285	12.526	1.11	0.843771043771044	0	0	0	1	1.3132150954517747	-0.27675922090874006	NO	Q9H2P0
268	L	268	32.256	-41.273	9.926	0.4	0.846907739101048	0	0	0	1	1.3459035794423848	-0.2717334948933291	NO	Q9H2P0
269	M	269	34.623	-38.606	11.062	0.63	0.88723667905824	0	0	0	1	1.4832249624483282	-0.2717334948933291	NO	Q9H2P0
270	L	270	37.838	-38.134	12.913	-0.32	0.892193308550186	0	0	0	0.9999999999999999	1.5562528964254594	-0.14490588534894083	NO	Q9H2P0
271	I	271	37.453	-38.013	16.632	0.87	0.898009950248756	1	0	0	0.9999999999999999	1.5562528964254594	-0.14490588534894083	NO	Q9H2P0
272	A	272	38.399	-34.765	18.247	1.11	0.898009950248756	0	0	0	0.9999999999999999	1.7094893856447848	-0.09831386825942576	NO	Q9H2P0
273	P	273	39.848	-35.295	21.743	1.11	0.951751487111699	1	0	0	0.9999999999999999	1.7244967630895935	0.055018893863946976	NO	Q9H2P0
274	K	274	37.275	-33.132	23.299	0.16	0.966542750929368	0	0	0	0.9999999999999999	1.7244967630895935	0.055018893863946976	NO	Q9H2P0
275	P	275	34.638	-35.718	23.926	0.4	0.977443609022556	0	0	0	0.9999999999999999	1.7383980191217445	-0.16448236311764458	NO	Q9H2P0
276	Q	276	31.568	-35.231	21.724	0.4	1.00478468899522	0	0	0	1	1.528408655669869	-0.3153610739207263	NO	Q9H2P0
277	D	277	28.754	-37.298	20.186	-0.08	0.954545454545455	0	0	0	1	1.3705786055644462	-0.27900475806456204	NO	Q9H2P0
278	K	278	27.424	-37.162	16.599	-0.32	0.968221771467208	0	0	0	1	1.3829886045406785	-0.2569039450046306	NO	Q9H2P0
279	K	279	24.809	-38.754	14.386	-0.56	0.968221771467208	1	0	0	1	1.3268438231667983	-0.3799541284251781	NO	Q9H2P0
280	S	280	24.827	-41.493	11.739	0.4	0.923476005188067	1	0	0	0.9999999999999999	1.192316517684289	-0.25949353522175395	NO	Q9H2P0
281	M	281	24.465	-45.234	12.057	0.4	0.917312661498708	0	0	0	1	1.0378048466658958	-0.09722317878374079	NO	Q9H2P0
282	G	282	27.231	-47.461	13.316	1.11	0.931905931905932	1	0	0	0.9999999999999999	1.0307374876902247	0.0628657987029024	NO	Q9H2P0
436	P	436	28.631	-50.25	15.374	1.11	0.596535699197296	2	0	0	1	0.7953294844108156	0.32297193332308044	NO	Q9H2P0
437	P	437	27.216	-51.87	18.484	1.11	0.568903173965448	1	0	0	1	0.5518556638750532	0.12240202018372413	NO	Q9H2P0
438	G	438	28.867	-51.844	21.751	1.11	0.603992395437262	1	0	0	1	0.3711233979660192	-0.03723525762106979	NO	Q9H2P0
439	N	439	29.433	-53.106	25.256	0.16	0.599433962264151	0	0	0	1	0.03895639258166113	0.1281859795244775	NO	Q9H2P0
440	T	440	29.431	-56.153	27.535	-0.08	0.562462760675273	0	0	0	0.9999999999999999	-0.10715088498407538	0.1627244795878335	NO	Q9H2P0
441	S	441	27.808	-56.888	30.945	0.4	0.559285004965243	0	0	0	1	-0.2665227152238055	-0.028752117254631553	NO	Q9H2P0
442	S	442	29.795	-55.345	33.869	0.63	0.556166535742341	0	0	0	1	-0.3059981056951988	-0.2471929816904183	NO	Q9H2P0
443	T	443	30.398	-56.428	37.452	0.16	0.556166535742341	0	0	0	1	-0.42028629160129694	0.055018893863946976	NO	Q9H2P0
444	Q	444	27.838	-56.677	40.22	0.16	0.527881040892193	0	0	0	1	-0.9135969948570872	0.5087705041460514	NO	Q9H2P0
445	K	445	27.043	-59.552	42.526	0.16	0.458487084870849	0	0	0	1	-1.117154058765277	0.6295395751809824	NO	Q9H2P0
446	W	446	25.072	-61.938	40.678	1.11	0.437037037037037	0	0	0	1	-1.285147543095953	0.7106949513532422	NO	Q9H2P0
447	K	447	21.685	-63.481	41.336	1.11	0.414458235491446	0	0	0	0.9999999999999999	-1.541046564628089	0.893982196240228	NO	Q9H2P0
448	I	448	19.153	-61.038	42.713	-0.08	0.434194341943419	0	0	0	0.9999999999999999	-1.5586959451159097	0.9116645862248169	NO	Q9H2P0
449	C	449	15.85	-61.573	44.413	1.11	0.431013431013431	0	0	0	0.9999999999999999	-1.6945609013411236	0.7439513204709463	NO	Q9H2P0
450	T	450	12.768	-60.14	42.823	0.4	0.408759124087591	0	0	0	0.9999999999999999	-1.6193773394850328	1.0698145601991313	NO	Q9H2P0
451	I	451	11.094	-59.572	46.179	0.63	0.367049009384776	0	0	0	1	-1.6946154855719617	0.41302373105911816	NO	Q9H2P0
452	C	452	14.074	-58.28	48.113	1.11	0.283636363636364	0	0	0	1	-1.6592928881718345	0.5871238733487906	NO	Q9H2P0
453	N	453	17.2	-56.426	47.167	1.11	0.237771739130435	1	0	0	1	-1.4628637339091597	0.9518989091056387	NO	Q9H2P0
454	E	454	19.288	-59.245	48.606	1.11	0.169082125603865	0	0	0	1	-1.537859226483563	1.0421196019439944	NO	Q9H2P0
455	L	455	21.616	-61.014	46.218	1.11	0.181159420289855	0	0	0	0.9999999999999999	-1.6093345309429847	0.9818480829210644	NO	Q9H2P0
456	F	456	23.365	-64.374	46.393	1.11	0.195094760312152	0	0	0	0.9999999999999999	-1.63149096770322	1.0038774237145427	NO	Q9H2P0
457	P	457	26.252	-66.127	44.802	1.11	0.181159420289855	0	0	0	1	-1.6048599512218324	0.8999022487419402	NO	Q9H2P0
458	E	458	24.388	-69.246	43.77	-0.08	0.181159420289855	0	0	0	1	-1.6895108580233995	0.9998286521760154	NO	Q9H2P0
459	N	459	20.988	-70.311	42.551	1.11	0.179856115107914	0	0	0	1	-1.7865456285841055	1.1509345899531978	NO	Q9H2P0
460	V	460	20.583	-72.688	45.462	1.11	0.168115942028986	0	0	0	1	-2.030997520537845	1.0261869811717343	NO	Q9H2P0
461	Y	461	20.73	-69.852	47.907	1.11	0.157039711191336	0	0	0	1	-1.8461821780607466	0.8253661733241323	NO	Q9H2P0
462	S	462	18.245	-67.824	45.939	0.4	0.155357142857143	0	0	0	0.9999999999999999	-1.7569634319140044	0.8490684945768123	NO	Q9H2P0
463	V	463	16.052	-70.877	45.963	1.11	0.154151943462898	1	0	0	1	-1.8398234982151431	0.6753485331597493	NO	Q9H2P0
464	H	464	16.213	-70.836	49.709	1.11	0.153609154929577	0	0	0	1	-2.0675018692196145	0.7890226140700227	NO	Q9H2P0
465	F	465	15.801	-67.097	49.757	0.63	0.153508771929825	0	0	0	0.9999999999999999	-1.8332136368544418	0.8490684945768123	NO	Q9H2P0
466	E	466	12.546	-67.283	47.869	1.11	0.144385026737968	0	0	0	0.9999999999999999	-1.8134515560755269	0.9104527090296113	NO	Q9H2P0
467	K	467	11.343	-69.377	50.67	-0.32	0.144701783152285	0	0	0	1	-2.0049186671815322	0.8516766650621459	NO	Q9H2P0
468	E	468	10.527	-66.493	52.993	-0.56	0.15472027972028	0	0	0	1	-2.033363420828519	0.6789841647453658	NO	Q9H2P0
469	H	469	10.254	-65.953	56.721	1.11	0.0822299651567944	0	0	0	1	-2.3301539146583976	0.4378206028994762	NO	Q9H2P0
470	K	470	7.558	-65.045	59.4	1.11	0.0881035340965654	0	0	0	1	-2.3212353301061297	0.011350000841258813	NO	Q9H2P0
471	A	471	6.483	-65.467	63.068	0.16	0.0875496031746032	0	0	0	1	-2.2552714393056132	0.16090666379502527	NO	Q9H2P0
472	E	472	3.516	-64.225	65.016	1.11	0.0946127043688019	0	0	0	1	-2.276471183975732	0.4644819011939968	NO	Q9H2P0
473	K	473	1.29	-64.448	68.024	1.11	0.102564102564103	0	0	0	1	-2.229143166652624	0.18731845796112115	NO	Q9H2P0
474	V	474	-1.382	-66.235	66.077	0.63	0.0947368421052632	0	0	0	1	-2.333050151982495	0.34620268694194223	NO	Q9H2P0
475	P	475	-3.449	-66.264	62.995	0.16	0.0946745562130178	0	0	0	1	-2.3792151406367643	0.5078065109225923	NO	Q9H2P0
476	A	476	-6.974	-65.151	63.594	1.11	0.0946745562130178	0	0	0	1	-2.3880759759536287	0.6074834102282426	NO	Q9H2P0
477	V	477	-10.309	-66.62	62.691	0.63	0.0880281690140845	0	0	0	1	-2.41237744828075	0.5056857258309827	NO	Q9H2P0
478	A	478	-13.656	-65.915	64.224	1.11	0.175668854114084	0	0	0	1	-2.405438567792215	0.5067461183767876	NO	Q9H2P0
479	N	479	-13.817	-67.74	67.487	0.4	0.0951991271140207	0	0	0	1	-2.4068294573128854	0.37278319342344907	NO	Q9H2P0
480	Y	480	-14.729	-67.326	71.113	0.63	0.103869047619048	0	0	0	1	-2.4056763270734303	0.5056857258309827	NO	Q9H2P0
481	I	481	-12.229	-65.173	72.892	0.87	0.103132387706856	0	0	0	1	-2.369889994206218	0.44630374326591443	NO	Q9H2P0
482	M	482	-9.568	-67.541	74.094	0.16	0.103723404255319	0	0	0	1	-2.3512167860543762	0.35510998432670265	NO	Q9H2P0
483	K	483	-8.411	-67.042	77.612	0.16	0.104838709677419	0	0	0	1	-2.3387017137080433	-0.02132936943399799	NO	Q9H2P0
484	I	484	-4.731	-67.335	76.921	0.63	0.0967741935483871	0	0	0	1	-2.3147403698632076	0.23114045578988807	NO	Q9H2P0
485	H	485	-1.803	-68.916	75.068	0.4	0.179723502304147	0	0	0	1	-2.249611554235173	0.0410706534537455	NO	Q9H2P0
486	N	486	-0.143	-68.591	71.665	0.16	0.179723502304147	0	0	0	1	-2.250545150132357	0.07021785368714895	NO	Q9H2P0
487	F	487	3.22	-69.186	70.041	-0.08	0.156583629893238	0	0	0	1	-2.192700195855459	0.015254173396267341	NO	Q9H2P0
488	T	488	5.533	-68.411	72.79	1.11	0.157258064516129	0	0	0	1	-2.0783407607145072	0.12124522831557337	NO	Q9H2P0
489	S	489	8.368	-69.994	74.585	-0.08	0.157706093189964	0	0	0	0.9999999999999999	-1.849732184143617	0.10273655842516251	NO	Q9H2P0
490	K	490	7.849	-68.674	78.019	0.63	0.157706093189964	0	0	0	0.9999999999999999	-1.856242079225476	0.12124522831557337	NO	Q9H2P0
491	C	491	10.467	-68.503	80.712	1.11	0.169304556354916	0	0	0	0.9999999999999999	-1.74693846599416	0.21725895337207982	NO	Q9H2P0
492	L	492	10.02	-70.886	83.56	1.11	0.182052604435276	0	0	0	1	-1.7957415645728971	0.41903650637379136	NO	Q9H2P0
493	Y	493	11.544	-68.48	86.033	-0.08	0.183229813664596	1	0	0	1	-1.82163607590653	0.25331229992944265	NO	Q9H2P0
494	C	494	9.887	-65.266	84.973	1.11	0.183229813664596	0	0	0	1	-1.8270696486341325	0.27207309112445044	NO	Q9H2P0
495	N	495	7.029	-64.573	82.724	-0.08	0.183229813664596	0	0	0	1	-1.850768678797722	0.3754089273463943	NO	Q9H2P0
496	R	496	9.078	-63.372	79.814	-0.32	0.182194616977226	0	0	0	0.9999999999999999	-1.7800987634576304	0.12349792826934046	NO	Q9H2P0
497	Y	497	7.713	-64.73	76.649	0.16	0.211191335740072	0	0	0	0.9999999999999999	-1.849732184143617	0.10273655842516251	NO	Q9H2P0
498	L	498	9.474	-64.28	73.385	0.63	0.211191335740072	0	0	0	1	-1.880473604068463	0.1375912003655287	NO	Q9H2P0
499	P	499	9.204	-66.043	70.114	0.16	0.211515151515152	0	0	0	1	-1.9952713785078173	0.13121567251249117	NO	Q9H2P0
500	T	500	12.676	-67.387	69.862	0.16	0.213064713064713	1	0	0	1	-1.8877520022700387	0.2463440060570113	NO	Q9H2P0
501	D	501	16.339	-67.498	70.935	0.63	0.212727272727273	0	0	0	1	-1.5054628942727473	0.4343275451015311	NO	Q9H2P0
502	T	502	15.914	-64.417	73.031	0.16	0.21195652173913	0	0	0	1	-1.3912905204484443	0.20198930071249083	NO	Q9H2P0
503	L	503	14.284	-66.728	75.49	1.11	0.364675324675325	0	0	0	0.9999999999999999	-1.613143631593287	0.29471371323956025	NO	Q9H2P0
504	L	504	17.448	-68.782	75.278	0.87	0.367049009384776	0	0	0	1	-1.3819331954892404	0.33987889139605204	NO	Q9H2P0
505	N	505	19.338	-65.581	75.862	-0.32	0.366006256517205	0	0	0	1	-1.0037216262146746	0.3540495917808977	NO	Q9H2P0
506	H	506	17.492	-65.03	79.091	1.11	0.366300366300366	0	0	0	0.9999999999999999	-1.4418043305166348	0.30315074958226795	NO	Q9H2P0
507	M	507	18.031	-68.51	80.411	0.63	0.364963503649635	0	0	0	0.9999999999999999	-1.4418043305166348	0.30315074958226795	NO	Q9H2P0
508	L	508	21.633	-68.932	79.387	1.11	0.395927601809955	0	0	0	1	-0.8839558873547538	0.8455415367614182	NO	Q9H2P0
509	I	509	23.375	-66.155	81.376	0.63	0.321691176470588	0	0	0	1	-0.5505083629989806	0.7906194404919407	NO	Q9H2P0
510	H	510	27.199	-66.073	80.707	1.11	0.321691176470588	0	0	0	1	-0.20807084854482566	0.6324863502556399	NO	Q9H2P0
511	G	511	28.924	-68.419	78.28	1.11	0.320255474452555	0	0	0	1	-0.15830811279945356	0.5048374117943389	NO	Q9H2P0
512	L	512	30.847	-66.396	75.765	1.11	0.431372549019608	0	0	0	1	0.16803628730348072	0.29582020980909574	NO	Q9H2P0
513	S	513	34.404	-65.818	76.816	0.4	0.393846153846154	0	0	0	1	0.26224932462326245	0.34103568326420275	NO	Q9H2P0
514	C	514	36.96	-63.829	74.922	1.11	0.514909090909091	0	0	1	0.06432748538011698	0.44839040689345366	0.18006364561154264	NO	Q9H2P0
515	P	515	40.24	-65.473	74.427	-0.08	0.551242236024845	0	0	0	1	0.40481616294321454	0.31746604895063263	NO	Q9H2P0
516	Y	516	42.113	-62.238	74.988	0.63	0.553246753246753	0	0	1	0.052631578947368404	0.505045103347312	0.16636011117344984	NO	Q9H2P0
517	C	517	40.912	-61.595	78.485	1.11	0.560694945848375	0	0	0	0.9999999999999999	0.3903974792686677	0.27929191730166014	NO	Q9H2P0
518	R	518	38.677	-62.595	81.38	-0.32	0.75327972915785	2	0	0	1	0.17711928722728937	0.5499192434559828	NO	Q9H2P0
519	S	519	35.581	-60.898	79.986	0.16	0.779166666666667	0	0	0	1	0.3430418267156539	0.10213061982755972	NO	Q9H2P0
520	T	520	32.552	-63.077	79.359	1.11	0.770906949352179	0	0	0	1	0.30138669328767725	0.21615245680254433	NO	Q9H2P0
521	F	521	29.299	-62.107	77.688	1.11	0.820567375886525	0	0	0	1	0.2094684754952028	0.17802442917730266	NO	Q9H2P0
522	N	522	25.774	-63.436	77.511	-0.32	0.826428571428571	0	0	0	1	-0.12139118316897184	0.5326104756896785	NO	Q9H2P0
523	D	523	25.406	-62.579	73.867	1.11	0.782070835451619	0	0	0	1	-0.17876518099287544	0.45902845381557195	NO	Q9H2P0
524	V	524	27.792	-62.986	70.97	0.63	0.779297534616684	0	0	0	1	0.24632939529964382	0.2507450337659154	NO	Q9H2P0
525	E	525	27.277	-59.373	69.986	0.16	0.773809523809524	0	0	1	0.02923976608187135	0.4485036655648895	0.18779120262550467	NO	Q9H2P0
526	K	526	28.4	-58.095	73.336	-0.32	0.779297534616684	0	0	1	0.04678362573099415	0.4494680274443193	0.3917692694816683	NO	Q9H2P0
527	M	527	31.609	-60.024	72.973	0.63	0.784863945578231	1	0	1	0.06432748538011698	0.44839040689345366	0.18006364561154264	NO	Q9H2P0
528	A	528	32.075	-58.734	69.464	0.4	0.833464134358813	0	0	1	0.06432748538011698	0.6090630395464749	0.11056714953264407	NO	Q9H2P0
529	A	529	31.704	-55.226	70.765	-0.56	0.829192546583851	2	0	1	0.07017543859649127	0.6706271107324722	0.07456041363663524	NO	Q9H2P0
530	H	530	34.243	-56.078	73.419	1.11	0.791814946619217	0	0	1	0.07602339181286553	0.6307621030546713	0.0017871880645464336	NO	Q9H2P0
531	M	531	36.656	-57.425	70.825	-0.08	0.791814946619217	0	0	1	0.07602339181286553	0.6015936595435626	0.009119045095539534	NO	Q9H2P0
532	R	532	36.555	-54.102	69.044	1.11	0.789590747330961	1	1	1	0.07017543859649127	0.7214164757164725	-0.12464848661436903	NO	Q9H2P0
533	M	533	38.73	-52.74	71.759	0.16	0.786790780141844	3	0	1	0.06432748538011698	0.7262391274570354	0.016087338967971074	NO	Q9H2P0
534	V	534	41.184	-55.632	71.646	-0.56	0.741779497098646	1	0	1	0.06432748538011698	0.7203001410042517	-0.13099628272380914	NO	Q9H2P0
535	H	535	41.514	-56.643	68.028	1.11	0.741779497098646	0	0	1	0.06432748538011698	0.7173962107741374	-0.06418170349093277	NO	Q9H2P0
536	I	536	42.277	-53.266	66.643	0.87	0.772168938246677	2	0	1	0.0584795321637427	1.0114887692169414	-0.4007984161827123	NO	Q9H2P0
537	D	537	41.382	-49.84	67.707	-0.32	0.815371024734982	0	0	1	0.0584795321637427	0.8705647076363251	-0.16897343742928841	NO	Q9H2P0
538	E	538	38.3	-50.536	65.724	0.16	0.835680751173709	0	0	1	0.06432748538011698	0.8143034054467319	-0.06650209188528203	NO	Q9H2P0
539	E	539	35.907	-47.648	65.955	0.16	0.871328671328671	0	0	1	0.07602339181286553	0.6440176659614062	-0.21945311269216494	NO	Q9H2P0
540	M	540	33.146	-48.104	63.434	0.16	0.870138888888889	0	0	1	0.07017543859649127	0.5134847710577902	-0.2297656607202353	NO	Q9H2P0
541	G	541	31.238	-44.871	63.729	0.16	0.864137931034483	0	0	1	0.02923976608187135	0.4082866360481074	0.023843353017286045	NO	Q9H2P0
542	P	542	32.632	-41.484	63.046	1.11	0.867128027681661	0	0	0	1	0.41000902689842894	0.053958501318142164	NO	Q9H2P0
543	K	543	31.275	-38.139	64.245	0.16	0.847568748861774	2	0	0	1	0.24629336246209904	-0.2022177116442151	NO	Q9H2P0
544	T	544	30.222	-36.041	61.316	0.4	0.900890437475803	0	0	0	1	0.36925507436338795	-0.12965683950805582	NO	Q9H2P0
545	D	545	31.195	-32.656	62.698	-0.32	0.860576923076923	0	0	0	1	0.3419312962944848	-0.40116197934127384	NO	Q9H2P0
546	S	546	34.515	-33.549	64.174	1.11	0.815067079463364	0	0	0	1	0.5540762099339848	0.09403017752276531	NO	Q9H2P0
547	T	547	36.137	-36.69	63.057	0.87	0.792253521126761	0	0	0	0.9999999999999999	0.6739364976537393	0.15288688823851848	NO	Q9H2P0
548	L	548	35.908	-38.322	66.405	-0.32	0.823589222165735	0	0	0	1	0.3714787811750854	-0.04387423703828241	NO	Q9H2P0
549	S	549	35.137	-41.987	66.304	0.4	0.694920737625364	0	0	0	1	0.46581516332665823	-0.09767763273194281	NO	Q9H2P0
550	F	550	33.602	-44.036	69.031	1.11	0.702787593246957	0	0	1	0.0584795321637427	0.4670379823140609	-0.12018151898180011	NO	Q9H2P0
551	D	551	33.674	-47.712	69.793	0.16	0.71031746031746	0	0	1	0.07602339181286553	0.5019063708072824	-0.2926383765106236	NO	Q9H2P0
552	L	552	29.928	-47.844	69.992	1.11	0.482913669064748	0	0	1	0.0584795321637427	0.42051826980419754	-0.273668589124383	NO	Q9H2P0
553	T	553	27.958	-46.496	67.11	0.4	0.38220640569395	1	0	1	0.040935672514619874	0.21901610521808687	-0.0738824240040834	NO	Q9H2P0
554	L	554	24.591	-47.353	65.635	0.63	0.429256594724221	0	0	0	1	0.15419559416526063	-0.2191986184811718	NO	Q9H2P0
555	Q	555	22.331	-49.104	68.085	0.16	0.468279921517332	0	0	0	1	-0.06485005941682301	-0.43965422875398774	NO	Q9H2P0
556	Q	556	19.521	-47.714	70.116	0.63	0.47167325428195	0	0	0	1	-0.5784941496473084	-0.15522802817243922	NO	Q9H2P0
557	G	557	21.703	-45.511	72.237	1.11	0.538949275362319	0	0	0	1	-0.5611095845543865	-0.05723123134196022	NO	Q9H2P0
558	S	558	25.158	-44.635	71.072	0.63	0.542883211678832	0	0	0	1	-0.06950049196276029	-0.043019216961823155	NO	Q9H2P0
559	H	559	28.185	-42.894	72.411	-0.32	0.393406593406593	0	0	0	1	-0.060848316911043095	-0.054504507652747794	NO	Q9H2P0
560	T	560	28.383	-41.096	69.12	-0.08	0.479946524064171	0	0	0	1	0.16833809623555174	-0.07795433137997378	NO	Q9H2P0
561	N	561	24.697	-40.276	69.173	-0.08	0.530855018587361	0	0	0	1	-0.04508925503807867	-0.09813208668014498	NO	Q9H2P0
562	I	562	24.865	-38.807	72.634	-0.08	0.526470588235294	0	0	0	1	-0.40904236716396647	-0.20810994214504178	NO	Q9H2P0
563	H	563	28.103	-37.283	71.565	1.11	0.526470588235294	0	0	0	1	0.1251724829832993	-0.042633619672439664	NO	Q9H2P0
564	L	564	26.336	-35.393	68.869	1.11	0.478609625668449	0	0	0	1	0.18420357116343802	-0.17402589602988777	NO	Q9H2P0
565	L	565	23.862	-33.853	71.206	-0.56	0.475116124751161	0	0	0	0.9999999999999999	0.004485602073920548	-0.6844988675803139	NO	Q9H2P0
566	V	566	26.324	-33.277	73.974	0.16	0.475116124751161	0	0	0	0.9999999999999999	-0.1197430993084345	-0.7270963509917864	NO	Q9H2P0
567	T	567	29.323	-32.199	72.019	-0.08	0.475116124751161	0	0	0	1	0.14152884826928705	-0.5245445431153601	NO	Q9H2P0
568	T	568	28.952	-31.867	68.283	1.11	0.544403892944039	0	0	0	1	0.27804132019675193	-0.5098673637512049	NO	Q9H2P0
569	Y	569	28.135	-29.54	65.444	0.16	0.476443264764433	0	0	0	1	0.4344911172137238	-0.6524473502827708	NO	Q9H2P0
570	N	570	24.719	-27.981	65.376	-0.08	0.549938725490196	1	0	0	1	0.3443367680203109	-0.648021364004629	NO	Q9H2P0
571	L	571	23.682	-24.996	63.369	-0.08	0.554012345679012	0	0	0	1	0.6112332214788864	-1.5021675596503876	NO	Q9H2P0
572	R	572	22.458	-22.158	65.46	0.63	0.614240777809551	1	0	0	0.9999999999999999	0.9744400043949188	-1.6311726843676388	NO	Q9H2P0
573	D	573	21.133	-18.71	64.793	0.63	0.622800495662949	0	0	0	1	1.0603506621676302	-1.2316614212155856	NO	Q9H2P0
574	A	574	22.872	-15.854	66.551	-0.32	0.618765432098765	0	0	0	1	1.2923733128880612	-1.3486289566210647	NO	Q9H2P0
575	P	575	20.488	-13.227	67.688	-0.08	0.738683127572017	1	0	0	1	1.450162219066654	-0.7537343439556297	NO	Q9H2P0
576	A	576	22.293	-10.751	65.521	0.87	0.769785575048733	0	0	0	1	1.3572103106967226	-0.8477014372454081	NO	Q9H2P0
577	E	577	25.549	-10.445	63.704	1.11	0.817843866171004	0	0	0	1	1.4907803382374805	-1.5714717867512007	NO	Q9H2P0
578	S	578	28.169	-8.855	65.856	-0.08	0.839766081871345	0	0	0	1	1.5765943006802157	-1.4842166286964065	NO	Q9H2P0
579	V	579	29.336	-5.432	64.917	-0.56	0.840540011739386	0	0	0	1	1.441640796734324	-0.7724407560457245	NO	Q9H2P0
580	A	580	32.938	-4.726	64.153	0.4	0.841319717203456	0	0	0	1	1.3054860115602691	-0.17402589602988777	NO	Q9H2P0
581	Y	581	34.097	-1.514	62.633	1.11	0.865858208955224	0	0	0	1	1.3339391434448562	-0.44442599521010934	NO	Q9H2P0
582	H	582	37.715	-1.731	61.648	-0.32	0.824626865671642	0	0	0	0.9999999999999999	1.495758769271893	-1.462402839182708	NO	Q9H2P0
583	A	583	39.755	-2.642	58.648	1.11	0.865858208955224	1	0	0	0.9999999999999999	1.535367520222369	-1.309706312586818	NO	Q9H2P0
584	Q	584	42.714	-4.957	58.673	0.16	0.969298245614035	0	0	0	1	1.5993970672252276	-1.7646147147370734	NO	Q9H2P0
585	N	585	44.075	-7.856	56.725	-1.51	0.969298245614035	1	0	0	1	1.7673026249079191	-2.9566474208710583	NO	Q9H2P0
586	N	586	42.587	-11.022	58.087	-1.51	0.996268656716418	0	0	0	0.9999999999999999	1.8670063494616718	-3.3993865561861245	NO	Q9H2P0
587	P	587	42.926	-14.7	57.752	-1.51	1.0082788671024	1	0	0	0.9999999999999999	2.0714739479741264	-4.417716864340658	NO	Q9H2P0
588	P	588	39.994	-16.557	56.386	-1.51	1.0273631840796	1	0	0	0.9999999999999999	2.10240895379407	-4.948973529788859	NO	Q9H2P0
589	V	589	37.766	-18.329	58.842	-1.51	1.04281225451689	0	0	0	0.9999999999999999	2.1683760528361815	-4.948973529788859	NO	Q9H2P0
590	P	590	34.253	-19.209	59.581	-1.51	1.04187047544512	3	0	0	0.9999999999999999	2.1683760528361815	-4.948973529788859	NO	Q9H2P0
591	P	591	32.84	-17.079	62.293	-1.51	1.04967474866943	1	0	0	1	1.682780636693074	-3.0296630218821883	NO	Q9H2P0
592	K	592	31.613	-18.533	65.536	-1.51	1.04575805184603	0	0	0	0.9999999999999999	1.1832966790304171	-1.9554853729819355	NO	Q9H2P0
593	P	593	28.804	-16.307	66.528	-1.51	1.04967474866943	1	0	0	1	1.372082756127389	-1.8851460007768843	NO	Q9H2P0
594	Q	594	27.004	-16.99	69.738	0.16	1.05759682224429	0	0	0	1	1.258694856467374	-1.2260867861176405	NO	Q9H2P0
595	P	595	25.033	-14.189	71.238	0.16	1.12174776564052	0	0	0	0.9999999999999999	1.39709837733573	-0.9306438825286005	NO	Q9H2P0
596	K	596	23.113	-14.522	74.468	-0.32	1.12481203007519	1	0	0	1	1.4509895818716152	-0.40370692145120535	NO	Q9H2P0
597	V	597	20.003	-12.846	75.758	0.63	1.0755873340143	1	0	0	1	1.781827561749693	-0.3328400719284975	NO	Q9H2P0
598	Q	598	19.661	-11.848	79.353	-0.08	1.085009733939	0	0	0	1	2.1623249567869176	-0.09831386825942576	NO	Q9H2P0
599	E	599	16.851	-10.007	81.02	-0.08	1.02790395846853	0	0	0	1	2.3552907352018138	-0.5557672125196124	NO	Q9H2P0
600	K	600	17.093	-8.396	84.388	1.11	1.07462686567164	1	0	0	0.9999999999999999	2.367309791587967	0.2630679113508468	NO	Q9H2P0
601	A	601	14.658	-7.29	87.024	0.4	1.05629314922995	0	0	0	1	2.365866557006007	0.23705294756043588	NO	Q9H2P0
602	D	602	14.076	-7.617	90.723	-0.56	1.06231191361303	1	0	0	1	2.3582408364533	0.43039785507884265	NO	Q9H2P0
603	I	603	15.41	-11.105	90.859	0.63	1.05767790262172	2	0	0	1	2.35579246220889	0.23705294756043588	NO	Q9H2P0
604	P	604	17.227	-12.906	93.537	1.11	1.09452736318408	1	0	0	1	2.3726764678739687	0.23705294756043588	NO	Q9H2P0
605	V	605	20.283	-14.764	92.417	1.11	1.11334516065444	0	0	0	1	2.3566722670209037	0.38522513262755875	NO	Q9H2P0
606	K	606	18.749	-17.602	90.523	1.11	1.08231132075472	1	0	0	0.9999999999999999	1.5709436433019666	-0.1862961526313431	NO	Q9H2P0
607	S	607	20.543	-20.333	88.7	-0.08	1.06666666666667	0	0	0	0.9999999999999999	1.061493258148669	-0.3283130114444847	NO	Q9H2P0
608	S	608	24.16	-19.607	88.085	-0.08	1.05864661654135	0	0	0	1	1.2053275718431193	-0.20053570967500745	NO	Q9H2P0
609	P	609	25.245	-18.049	84.911	1.11	1.04166666666667	0	0	0	0.9999999999999999	1.8576601683937701	-0.007870540968014022	NO	Q9H2P0
610	Q	610	25.337	-20.005	81.707	1.11	0.968553459119497	1	0	0	0.9999999999999999	1.6451116642181371	-0.4412448175726949	NO	Q9H2P0
611	A	611	28.831	-21.18	81.028	1.11	0.911458333333333	1	0	0	0.9999999999999999	1.379170334943419	-0.4268071652182759	NO	Q9H2P0
612	A	612	30.903	-21.829	77.963	0.87	0.82311320754717	1	0	0	0.9999999999999999	1.3002735366860563	-0.5541766237009051	NO	Q9H2P0
613	V	613	30.088	-25.182	76.498	0.16	0.884664131812421	1	0	0	1	0.5010164955713515	-0.3868299369327122	NO	Q9H2P0
614	P	614	31.241	-27.81	74.132	1.11	0.884664131812421	0	0	0	1	0.21891525563133182	-0.1572110999464118	NO	Q9H2P0
615	Y	615	29.924	-28.393	70.614	-0.08	0.831749049429658	0	0	0	0.9999999999999999	0.36614616612383233	-0.4953248374087392	NO	Q9H2P0
616	K	616	26.178	-28.071	70.874	-0.32	0.739332488381918	0	0	0	1	0.21303264583410395	-0.47835855667586263	NO	Q9H2P0
617	K	617	23.447	-25.513	70.908	-0.08	0.738636363636364	0	0	0	1	0.46968758310582526	-0.7292637467447499	NO	Q9H2P0
618	D	618	22.267	-24.189	74.209	-0.32	0.703877005347594	0	0	0	1.0000000000000002	0.5376208846397221	-0.6436335327806093	NO	Q9H2P0
619	V	619	22.229	-27.593	75.779	-0.32	0.624588086185044	1	0	0	0.9999999999999999	0.07668506805212999	-0.7960050348413864	NO	Q9H2P0
620	G	620	21.07	-27.355	79.329	-0.56	0.628753180661578	1	0	0	0.9999999999999999	0.19045323540794942	-1.0216188657425729	NO	Q9H2P0
621	K	621	22.558	-28.919	82.444	-0.32	0.628136882129278	0	0	0	1	0.03965767094289865	-0.6612173601301997	NO	Q9H2P0
622	T	622	20.948	-31.562	84.754	0.63	0.572506738544474	0	0	0	1	-0.5518813753216929	-0.6826325766996975	NO	Q9H2P0
623	L	623	17.711	-31.524	86.919	-0.08	0.626972010178117	0	0	0	1	-0.56174242932237	-0.6093382439336702	NO	Q9H2P0
624	C	624	16.808	-32.834	90.204	1.11	0.632432432432433	0	0	0	0.9999999999999999	-0.641759380531023	-0.29478339914613727	NO	Q9H2P0
625	P	625	13.153	-32.624	90.927	1.11	0.628205128205128	0	0	0	1	-0.565581434654592	-0.46308890401627356	NO	Q9H2P0
626	L	626	13.943	-32.728	94.628	0.4	0.574712643678161	0	0	0	1	-0.5988801958643759	0.017299216163176655	NO	Q9H2P0
627	C	627	16.502	-29.955	94.628	1.11	0.478462377317339	0	0	0	1	-0.6053110383108199	0.0836494926006764	NO	Q9H2P0
628	F	628	17.115	-26.93	92.505	1.11	0.446998722860792	0	0	0	1	0.024159090109624776	-0.38454500438819167	NO	Q9H2P0
629	S	629	18.588	-28.262	89.291	-1.51	0.308862240421176	0	0	0	1	-0.1322497060894937	-0.6189363113196976	NO	Q9H2P0
630	I	630	17.553	-28.305	85.606	-1.51	0.333333333333333	0	0	0	1	-0.1015965355483808	-0.936448136463532	NO	Q9H2P0
631	L	631	17.747	-31.548	83.52	-1.51	0.41025641025641	0	0	0	1	-0.6270134739970362	-0.5801562410731225	NO	Q9H2P0
632	K	632	19.634	-32.387	80.321	-1.51	0.41025641025641	0	0	0	1	-0.5972347243136071	-1.31317668819127	NO	Q9H2P0
633	G	633	23.277	-31.778	79.867	1.11	0.41025641025641	0	0	0	1	-0.2914096475280388	-1.0524853779044563	NO	Q9H2P0
634	P	634	25.807	-34.118	78.62	1.11	0.407171775592828	0	0	0	1	-0.2417420269019379	-0.7270023260369859	NO	Q9H2P0
635	I	635	24.807	-36.7	81.122	0.4	0.407171775592828	1	0	0	1	-0.6920536528732404	-1.0605140643226925	NO	Q9H2P0
636	S	636	21.409	-37.812	82.298	0.63	0.332706766917293	0	0	0	1	-0.6984525699640504	-0.7643615747443545	NO	Q9H2P0
637	D	637	23.313	-40.544	84.075	0.63	0.380236305048335	0	0	0	0.9999999999999999	-0.7145415099909229	-0.3881693801484657	NO	Q9H2P0
638	A	638	24.999	-37.756	85.943	1.11	0.380236305048335	1	0	0	0.9999999999999999	-0.7629324899927858	-0.4647855320895612	NO	Q9H2P0
639	L	639	21.624	-36.931	87.369	0.16	0.380592991913747	0	0	0	1	-0.6480607806069723	-0.3247194589281463	NO	Q9H2P0
640	A	640	21.545	-40.506	88.509	-0.56	0.355220125786164	0	0	0	1	-0.6210937908669967	-0.12933792445668593	NO	Q9H2P0
641	H	641	24.804	-40.009	90.345	-0.32	0.355220125786164	0	0	0	1	-0.5795090575999448	0.3228740509342369	NO	Q9H2P0
642	H	642	23.547	-36.803	91.897	1.11	0.380952380952381	0	0	0	1	-0.6305285020198595	0.202576595045552	NO	Q9H2P0
643	L	643	20.267	-38.323	92.893	1.11	0.473045822102426	0	0	0	0.9999999999999999	-0.6520726479739127	0.16211854099023074	NO	Q9H2P0
644	R	644	21.932	-41.36	94.306	0.63	0.469924812030075	0	0	0	1	-0.7017604921367911	0.5565845680296129	NO	Q9H2P0
645	E	645	24.456	-39.491	96.366	1.11	0.471267454350161	0	0	0	1	-0.6833070034836493	0.5885891430484484	NO	Q9H2P0
646	R	646	22.538	-36.689	97.996	1.11	0.503731343283582	1	0	0	1	-0.6712146627543266	0.48494916049080045	NO	Q9H2P0
647	H	647	18.994	-37.861	97.456	1.11	0.591416018925313	0	0	0	1	-0.6604577734396749	0.5700405837832737	NO	Q9H2P0
648	Q	648	19.604	-41.459	98.246	-0.08	0.595318860244233	0	0	0	1	-0.7658903716107526	0.3860734466642025	NO	Q9H2P0
649	V	649	21.946	-43.637	100.186	0.63	0.599794941900205	0	0	0	1	-0.779163427149957	0.5499192434559828	NO	Q9H2P0
650	I	650	23.429	-46.812	98.844	0.63	0.548818407960199	0	0	0	1	-0.7779031588431672	0.45404921925266256	NO	Q9H2P0
651	Q	651	20.584	-47.795	96.638	0.16	0.478038815117467	0	0	0	1	-0.7530544579431483	0.31327267842858625	NO	Q9H2P0
652	T	652	18.807	-50.893	97.724	1.11	0.436567164179104	1	0	0	0.9999999999999999	-0.7874651765874909	0.3190566377693398	NO	Q9H2P0
653	V	653	16.75	-52.471	95.081	1.11	0.436183395291202	0	0	0	0.9999999999999999	-0.7672688222506195	0.5064569204097499	NO	Q9H2P0
654	H	654	13.184	-51.246	95.286	1.11	0.35394385026738	0	0	0	0.9999999999999999	-0.9416554021477226	0.7092810946255026	NO	Q9H2P0
655	P	655	12.404	-49.475	98.506	0.4	0.350082644628099	0	0	0	0.9999999999999999	-0.8019710868694196	0.30421114212807265	NO	Q9H2P0
656	V	656	13.595	-45.933	98.972	1.11	0.351360318513603	0	0	0	0.9999999999999999	-0.7265447140894051	0.5421133285809827	NO	Q9H2P0
657	E	657	17.111	-45.639	100.295	-0.32	0.322080291970803	0	0	0	1	-0.7687626256692413	0.6122782286962296	NO	Q9H2P0
658	K	658	18.111	-44.821	103.829	1.11	0.354545454545455	1	0	0	1	-0.7899585914106795	0.6414159716939961	NO	Q9H2P0
659	K	659	20.765	-47.146	105.116	-0.32	0.354545454545455	0	0	0	0.9999999999999999	-0.8758419852525315	0.30491807049194264	NO	Q9H2P0
660	L	660	22.8	-46.38	108.149	-0.08	0.431734317343173	0	0	0	1	-0.8595189567682195	0.24111778565268766	NO	Q9H2P0
661	T	661	21.296	-43.092	109.166	0.16	0.388560885608856	0	0	0	0.9999999999999999	-0.9007145394943255	0.4463037432659147	NO	Q9H2P0
662	Y	662	23.146	-39.895	109.858	0.63	0.35719131614654	0	0	0	0.9999999999999999	-0.9230510526088805	0.8384561865689952	NO	Q9H2P0
663	K	663	22.542	-37.619	112.782	1.11	0.35719131614654	0	0	0	0.9999999999999999	-0.9634878471594209	0.8547063580501596	NO	Q9H2P0
664	C	664	22.192	-33.891	112.462	1.11	0.359226594301221	0	0	0	0.9999999999999999	-0.9089626054930696	0.9128764634200225	NO	Q9H2P0
665	I	665	25.134	-31.923	113.639	1.11	0.437037037037037	0	0	0	0.9999999999999999	-0.9343688005534112	0.9250709776967775	NO	Q9H2P0
666	H	666	22.999	-29.567	115.663	1.11	0.436654366543665	0	0	0	0.9999999999999999	-0.7671669663333891	1.0503926335707068	NO	Q9H2P0
667	C	667	20.547	-32.01	117.129	1.11	0.401930173147885	0	0	0	1	-0.5452205032634821	1.0136137552714775	NO	Q9H2P0
668	L	668	19.363	-35.54	117.844	0.4	0.357575757575758	0	0	0	1	-0.6116583009341705	0.9128764634200225	NO	Q9H2P0
669	G	669	17.366	-36.01	114.657	1.11	0.359918891517405	0	0	0	0.9999999999999999	-0.7626969989541547	1.0889016260236175	NO	Q9H2P0
670	V	670	18.57	-38.728	112.345	1.11	0.359918891517405	0	0	0	1	-0.9738500743789472	0.8110787790227625	NO	Q9H2P0
671	Y	671	18.214	-38.721	108.572	1.11	0.397752808988764	0	0	0	1	-0.8657806949934055	0.612163763533864	NO	Q9H2P0
672	T	672	17.653	-41.264	105.81	1.11	0.441947565543071	0	0	0	1	-0.8136922972780922	0.6866593869816672	NO	Q9H2P0
673	S	673	19.122	-39.163	103.022	0.4	0.441947565543071	0	0	0	1	-0.7689039451636166	0.6083317242648866	NO	Q9H2P0
674	N	674	21.7	-36.413	102.683	1.11	0.292703150912106	0	0	0	1	-0.7699431229810504	0.6441524685863953	NO	Q9H2P0
675	M	675	19.466	-33.789	101.145	1.11	0.478968792401628	0	0	0	1	-0.6733968220063583	0.9738898191324826	NO	Q9H2P0
676	T	676	16.946	-34.093	103.92	1.11	0.478968792401628	0	0	0	1	-0.775263821276617	0.8809015497311395	NO	Q9H2P0
677	A	677	19.704	-33.956	106.451	0.16	0.436183395291202	1	0	0	1	-0.8353873713318932	0.9119338922681958	NO	Q9H2P0
678	S	678	20.97	-30.714	105.049	0.4	0.435802469135802	0	0	0	1	-0.8565516949855667	1.113772651188857	NO	Q9H2P0
679	T	679	17.557	-29.214	104.519	0.16	0.402279202279202	0	0	0	1	-0.7486621818487608	0.8503133032175397	NO	Q9H2P0
680	I	680	16.044	-30.274	107.774	1.11	0.404918501572777	1	0	0	0.9999999999999999	-0.9301481878462997	1.0570898496494738	NO	Q9H2P0
681	T	681	17.506	-29.013	110.968	0.16	0.401930173147885	0	0	0	0.9999999999999999	-0.847929888404027	1.0871664382213917	NO	Q9H2P0
682	L	682	15.978	-29.062	114.472	0.63	0.401930173147885	0	0	0	0.9999999999999999	-0.7948668152213297	1.0570898496494738	NO	Q9H2P0
683	H	683	12.487	-30.097	115.505	1.11	0.437884378843788	0	0	0	1	-0.7640591239314936	1.2006972972813226	NO	Q9H2P0
684	L	684	10.526	-29.252	118.596	1.11	0.508547008547009	0	0	0	1	-0.5717270226484926	1.0594034333857751	NO	Q9H2P0
685	V	685	12.601	-31.732	120.484	1.11	0.572494669509595	0	0	0	1	-0.49756493889066716	1.021852189665807	NO	Q9H2P0
686	H	686	16.062	-30.467	121.198	0.4	0.574638844301766	0	0	0	0.9999999999999999	-0.3212247752369236	0.6686513170809822	NO	Q9H2P0
687	C	687	17.629	-31.554	124.427	1.11	0.574638844301766	0	0	0	0.9999999999999999	-0.1406211574604958	0.5451073781220787	NO	Q9H2P0
688	R	688	18.83	-35.114	124.582	1.11	0.670411985018727	0	0	0	0.9999999999999999	-0.10685948483395297	0.5535548750415993	NO	Q9H2P0
689	G	689	18.781	-34.702	127.449	0.4	0.715106117353308	0	0	0	0.9999999999999999	0.078312620392803	0.23576762326249082	NO	Q9H2P0
690	V	690	22.311	-34.018	128.545	0.4	0.670411985018727	2	0	0	0.9999999999999999	0.09678466466239698	0.08746690576557352	NO	Q9H2P0
691	G	691	23.457	-30.576	127.614	0.16	0.704570303958015	0	0	0	0.9999999999999999	0.1631423322869302	0.015977168313861565	NO	Q9H2P0
692	K	692	21.355	-27.48	128.046	1.11	0.711150131694469	0	0	0	0.9999999999999999	0.34713718164235247	0.06918959424879277	NO	Q9H2P0
693	T	693	21.557	-24.001	126.609	-1.51	0.755597014925373	0	0	0	0.9999999999999999	0.5667330497681345	-0.09449645509452852	NO	Q9H2P0
694	Q	694	20.403	-20.762	128.099	0.16	0.761278195488722	0	0	0	0.9999999999999999	0.8560908813006527	0.08492196365564202	NO	Q9H2P0
695	N	695	17.686	-18.957	126.226	0.63	0.767045454545455	0	0	0	0.9999999999999999	1.01378717098356	-0.02132936943399799	NO	Q9H2P0
696	G	696	18.765	-15.38	125.955	0.4	0.806017063313875	0	0	0	0.9999999999999999	1.0759076251496074	-0.2699156791005209	NO	Q9H2P0
697	Q	697	21.197	-13.836	128.396	0.4	0.793290478103656	0	0	0	1	1.1772762151238323	-0.3235412449883631	NO	Q9H2P0
698	D	698	19.675	-13.042	131.716	1.11	0.822137404580153	0	0	0	0.9999999999999999	1.2913448459965806	0.28406368375778157	NO	Q9H2P0
739	P	739	21.83	-10.701	133.528	1.11	0.976480129764801	2	0	0	1	1.3882045126889841	0.24270837447139482	NO	Q9H2P0
740	S	740	21.654	-10.488	137.255	0.16	0.975757575757576	3	0	0	1	1.7490617955855787	0.36041194705572654	NO	Q9H2P0
741	F	741	22.443	-7.713	139.578	0.4	0.940217391304348	2	0	0	1	1.8776151944088895	0.43357903271625725	NO	Q9H2P0
742	F	742	23.729	-8.111	142.949	0.4	1.03164153748142	1	0	0	0.9999999999999999	1.9791795679294155	0.20771542045983662	NO	Q9H2P0
743	E	743	24.221	-5.474	145.63	1.11	1.04293688278231	0	0	0	1	1.8675088712996417	0.08492196365564202	NO	Q9H2P0
744	E	744	22.049	-2.434	145.028	-0.08	1.00057836899942	0	0	0	1	1.8675088712996417	0.08492196365564202	NO	Q9H2P0
745	K	745	24.724	0.021	146.034	0.63	1.00135448916409	0	0	0	1	1.797703508690447	0.20453424282242233	NO	Q9H2P0
746	P	746	22.131	2.603	146.521	0.4	0.986519607843137	1	0	0	1	1.7451676963988068	0.38522513262755875	NO	Q9H2P0
747	E	747	25.058	4.916	146.906	1.11	0.984995944849959	0	0	0	1	1.6987327908622065	0.4378206028994762	NO	Q9H2P0
748	E	748	28.653	5.095	147.839	-0.56	0.877536231884058	0	0	0	1	1.5152324681927756	0.6707213656871466	NO	Q9H2P0
749	P	749	28.973	2.857	150.802	1.11	0.876895306859206	1	0	0	1	1.4728698440484567	0.7580591517325229	NO	Q9H2P0
750	V	750	30.611	5.704	152.625	0.63	0.834532374100719	1	0	0	1	1.0118306130161072	0.8516766650621459	NO	Q9H2P0
751	V	751	28.391	7.61	154.978	1.11	0.833930704898447	1	0	0	1	1.0502217589649887	1.112230262031323	NO	Q9H2P0
752	L	752	28.978	10.898	156.689	1.11	0.839328537170264	0	0	0	1	0.882580592903596	1.171612244596391	NO	Q9H2P0
753	A	753	32.361	10.399	158.265	1.11	0.797727272727273	0	0	0	1	0.2822499314609586	0.7707838622821804	NO	Q9H2P0
754	L	754	35.32	12.698	158.486	1.11	0.798888162197515	0	0	0	1	0.33549101013349486	1.158887534046734	NO	Q9H2P0
755	D	755	37.704	10.204	157.018	1.11	0.717368961973279	0	0	0	1	0.33548421637178927	0.7399509097964718	NO	Q9H2P0
756	P	756	36.736	7.077	155.266	1.11	0.627697841726619	0	0	0	1	0.5369560596118076	0.5062916644285858	NO	Q9H2P0
757	K	757	39.931	5.263	155.969	1.11	0.502527075812274	2	0	0	1	0.26390914832701207	0.6583822524268725	NO	Q9H2P0
758	G	758	39.639	3.519	159.252	-0.32	0.502898550724638	0	0	0	1	0.15600995727622094	0.6583822524268725	NO	Q9H2P0
759	H	759	40.121	0.28	161.093	0.4	0.528587656190837	1	0	0	1	-0.1484648088646172	0.4406483163549558	NO	Q9H2P0
760	E	760	39.159	-0.009	164.69	1.11	0.525558500567967	0	0	0	1	-0.30221661077577616	0.2808825061203673	NO	Q9H2P0
761	D	761	36.391	2.515	164.897	-0.32	0.529366895499619	0	0	0	1	-0.259731838958134	0.8704607615878307	NO	Q9H2P0
762	D	762	37.138	5.862	166.375	0.16	0.569890510948905	0	0	0	1	-0.3316789990464874	0.6338257934713935	NO	Q9H2P0
763	S	763	34.226	7.157	168.321	1.11	0.57197802197802206	0	0	0	1	-0.5935417300316781	0.6122782286962296	NO	Q9H2P0
764	Y	764	32.419	10.12	166.884	1.11	0.521891711229947	0	0	0	1	-0.4030275753992313	0.8096649222950228	NO	Q9H2P0
765	E	765	33.019	13.254	168.827	1.11	0.485994397759104	0	0	0	1	-0.46384275567231437	0.5073823539042704	NO	Q9H2P0
766	A	766	29.271	13.498	169.137	-0.56	0.407085561497326	0	0	0	1	-0.6915374110513683	0.39989597537892846	NO	Q9H2P0
767	R	767	29.037	10.044	170.663	0.63	0.363160648874935	0	0	0	1	-0.7960220272089422	0.4823570898232776	NO	Q9H2P0
768	K	768	31.728	10.913	173.136	1.11	0.363160648874935	0	0	0	1	-0.7958901707172045	0.5552272655709827	NO	Q9H2P0
769	S	769	29.926	13.994	174.299	0.4	0.408587722240859	0	0	0	1	-0.8010329087005824	0.39989597537892846	NO	Q9H2P0
770	F	770	26.817	11.971	174.861	1.11	0.408587722240859	0	0	0	1	-0.8567275198995352	0.41400255494755317	NO	Q9H2P0
771	L	771	28.683	9.279	176.742	1.11	0.446654901331622	0	0	0	1	-0.8225178092176484	0.7035492430265579	NO	Q9H2P0
772	T	772	30.446	11.817	178.889	-0.08	0.498805542283803	0	0	0	1	-0.8550167807160207	0.5576449605754176	NO	Q9H2P0
773	K	773	27.189	13.478	179.79	-0.08	0.443382704252269	1	0	0	1	-0.905043233111294	0.47175316436522974	NO	Q9H2P0
774	Y	774	25.687	10.156	180.747	1.11	0.420924574209246	0	0	0	1	-0.8644670420435879	0.5539743709937857	NO	Q9H2P0
775	F	775	28.843	9.331	182.646	1.11	0.384322437321485	0	0	0	1	-0.79406058734093	0.6964101230350443	NO	Q9H2P0
776	N	776	28.585	12.463	184.699	-0.32	0.383500557413601	0	0	0	1	-0.7403516202414254	0.4532444944748187	NO	Q9H2P0
777	K	777	25.096	11.509	185.754	1.11	0.38099016185338	2	0	0	1	-0.8145789760871494	0.6295395751809824	NO	Q9H2P0
778	Q	778	25.958	7.99	186.773	0.16	0.380711462450593	0	0	0	1	-0.7833154617394329	0.7302657050056395	NO	Q9H2P0
779	P	779	28.898	5.773	186.334	1.11	0.41395908543923	0	0	0	1	-0.771822659526856	0.554953194882221	NO	Q9H2P0
780	Y	780	26.97	2.509	186.029	1.11	0.415458937198068	0	0	0	1	-0.842406021357008	0.8745179156761274	NO	Q9H2P0
781	P	781	24.516	2.112	183.285	1.11	0.439090909090909	0	0	0	1	-0.8256592642819481	0.9494192219216027	NO	Q9H2P0
782	T	782	22.339	-0.993	183.835	0.63	0.442307692307692	0	0	0	1	-0.7593631938454655	1.0729957378365458	NO	Q9H2P0
783	R	783	21.256	-2.882	180.744	0.63	0.442307692307692	0	0	0	1	-0.6596714277884862	0.828045059755639	NO	Q9H2P0
784	R	784	18.14	-0.945	179.994	0.63	0.462200956937799	1	0	0	1	-0.6984134410826315	0.982559402144337	NO	Q9H2P0
785	E	785	20.033	2.311	179.952	1.11	0.438447653429603	0	0	0	1	-0.7610042822314789	0.9194316173395429	NO	Q9H2P0
786	I	786	22.89	0.902	177.902	1.11	0.461188943581977	0	0	0	1	-0.8351102335434326	0.8297416878289268	NO	Q9H2P0
787	E	787	20.435	-0.189	175.277	1.11	0.458215431050745	1	0	0	1	-0.758442131866289	0.6789841647453658	NO	Q9H2P0
788	K	788	18.996	3.291	175.182	-0.08	0.512123128821421	1	0	0	1	-0.8098653731740041	0.8916686125039265	NO	Q9H2P0
789	L	789	22.414	4.896	174.976	1.11	0.466397849462366	0	0	0	1	-0.8287648361841515	0.6769391219784565	NO	Q9H2P0
790	A	790	23.336	2.52	172.206	0.4	0.466726618705036	0	0	0	1	-0.8293972031878156	0.8205044905410271	NO	Q9H2P0
791	A	791	20.288	3.609	170.297	0.4	0.439583775748567	0	0	0	1	-0.7977820671265348	0.6338257934713935	NO	Q9H2P0
792	S	792	21.102	7.259	170.718	-0.32	0.438002539145155	0	0	0	0.9999999999999999	-0.8791024659213856	0.68019604194057115	NO	Q9H2P0
793	L	793	24.715	6.792	169.655	0.4	0.330935251798561	0	0	0	0.9999999999999999	-0.7787073284502868	0.7252293985144066	NO	Q9H2P0
794	W	794	24.083	4.17	167.007	1.11	0.310035842293907	0	0	0	0.9999999999999999	-0.7725601328537159	0.6441151527196809	NO	Q9H2P0
795	L	795	26.787	2.077	168.632	0.63	0.354081632653061	0	0	0	0.9999999999999999	-0.7566750392336414	0.5292500046266447	NO	Q9H2P0
796	W	796	26.519	-1.476	169.896	1.11	0.354326676907322	0	0	0	0.9999999999999999	-0.7735389344433682	0.5068976030261882	NO	Q9H2P0
797	K	797	25.589	-2.134	173.478	1.11	0.413669064748201	0	0	0	1	-0.8169079036387217	0.7082207020796979	NO	Q9H2P0
798	S	798	28.889	-3.922	173.825	-0.32	0.532233109850438	0	0	0	1	-0.8479778413564322	0.8775300452265293	NO	Q9H2P0
799	D	799	30.786	-0.916	172.646	1.11	0.532233109850438	0	0	0	1	-0.7721013370597604	0.7092810946255026	NO	Q9H2P0
800	I	800	29.119	1.318	175.153	0.63	0.477645098583727	0	0	0	0.9999999999999999	-0.8126280729463516	0.7662393228001599	NO	Q9H2P0
801	A	801	29.576	-1.107	178.004	1.11	0.480422104970842	0	0	0	1	-0.770749683112008	0.8953042440895429	NO	Q9H2P0
802	S	802	33.262	-1.319	177.245	1.11	0.384337683976673	0	0	0	1	-0.7720873209572985	0.68019604194057115	NO	Q9H2P0
803	H	803	33.437	2.433	176.999	0.16	0.311371841155235	0	0	0	1	-0.7475941507712289	0.8288403541649927	NO	Q9H2P0
804	F	804	32.066	2.779	180.49	1.11	0.342148760330579	0	0	0	1	-0.7662409592389233	0.6244496909611194	NO	Q9H2P0
805	S	805	34.244	0.054	181.903	0.4	0.377454545454545	0	0	0	1	-0.730063116636556	0.6893457147643725	NO	Q9H2P0
806	N	806	37.348	1.687	180.574	-0.08	0.457180500658762	0	0	0	1	-0.7530372369788293	0.7217563010467354	NO	Q9H2P0
807	K	807	36.179	5.16	181.389	0.63	0.501083032490975	0	0	0	0.9999999999999999	-0.7524373445040012	0.41802660871112013	NO	Q9H2P0
808	R	808	35.645	4.342	185.027	1.11	0.498924731182796	0	0	0	0.9999999999999999	-0.7585105894790968	0.3063319272196823	NO	Q9H2P0
809	K	809	39.039	2.875	185.618	0.16	0.498924731182796	0	0	0	0.9999999999999999	-0.728989328498541	0.167950699992157	NO	Q9H2P0
810	K	810	40.669	5.373	183.35	-0.08	0.449045616305403	0	0	0	0.9999999999999999	-0.7182536900535437	0.06456242677619002	NO	Q9H2P0
811	C	811	39.481	8.395	185.104	1.11	0.513392857142857	0	0	0	0.9999999999999999	-0.7005089072952683	-0.0975102023299737	NO	Q9H2P0
812	V	812	38.167	7.327	188.43	0.4	0.470540098199673	0	0	0	1	-0.6308639366673948	0.0037665874833820124	NO	Q9H2P0
813	R	813	39.585	10.25	190.172	0.63	0.470845880098549	2	0	0	1	-0.35652540830403845	0.11909690056043647	NO	Q9H2P0
814	D	814	39.447	13.225	187.913	-0.32	0.47190398254228	0	0	0	1	-0.4021287508634684	-0.0168757207416178	NO	Q9H2P0
815	C	815	35.747	13.273	187.171	0.4	0.473267866884888	0	0	0	0.9999999999999999	-0.5799963311626147	-0.006695952301891802	NO	Q9H2P0
816	E	816	34.908	12.139	190.644	0.16	0.510233918128655	0	0	0	1	-0.5297796801400952	0.22127728301934027	NO	Q9H2P0
817	K	817	36.628	14.893	192.362	-0.08	0.566801619433198	0	0	0	1	-0.30068869704645657	-0.045718397987508166	NO	Q9H2P0
818	Y	818	37.498	18.493	191.895	0.4	0.611498257839721	1	0	0	1	-0.2169150172255445	-0.03469031551113829	NO	Q9H2P0
819	K	819	40.595	20.109	193.366	1.11	0.611498257839721	1	0	0	1	-0.07878244916378335	0.146000574293998	NO	Q9H2P0
820	P	820	40.593	19.459	197.039	1.11	0.658536585365854	0	0	0	1	0.07211201079239712	0.3266914640991343	NO	Q9H2P0
821	G	821	42.728	21.306	199.527	0.4	0.65625	1	0	0	1	0.4063870216440121	0.8884874348665122	NO	Q9H2P0
822	V	822	45.764	19.746	201.131	1.11	0.75	0	0	0	1	0.7395497247923992	1.4929111859752424	NO	Q9H2P0
823	L	823	47.737	20.366	204.274	1.11	0.778546712802768	0	0	0	0.9999999999999999	0.8650087336098221	1.2670475737188225	NO	Q9H2P0
824	L	824	51.283	21.521	203.881	1.11	0.776785714285714	0	0	0	0.9999999999999999	0.9430266053063407	1.202515113074131	NO	Q9H2P0
825	G	825	53.965	20.374	206.239	1.11	0.845344129554656	0	0	0	1	1.0544418194804788	1.4606449556528969	NO	Q9H2P0
826	F	826	53.838	17.608	208.743	1.11	0.87218045112781994	1	0	0	1	1.0389140974033253	1.0380027838249875	NO	Q9H2P0
827	N	827	54.374	18.37	212.359	0.4	0.814553990610328	0	0	0	1	0.9867536574260721	1.1136441187590629	NO	Q9H2P0
828	M	828	55.462	15.906	214.935	1.11	0.814035087719298	0	0	0	1	1.0093340265367525	0.9407496389097484	NO	Q9H2P0
829	K	829	52.707	15.724	217.456	-0.32	0.782217782217782	0	0	0	1	0.8641476481237227	0.2808825061203673	NO	Q9H2P0
830	E	830	53.74	13.906	220.542	1.11	0.729616724738676	0	0	0	0.9999999999999999	0.791184290238208	0.07546932153303929	NO	Q9H2P0
831	L	831	51.774	15.096	223.485	1.11	0.729616724738676	0	0	0	0.9999999999999999	0.7729442255939631	0.2808825061203673	NO	Q9H2P0
832	N	832	50.079	12.537	225.596	-0.08	0.684015679442509	2	0	0	1	0.6256448952009963	0.5067461183767876	NO	Q9H2P0
833	K	833	46.847	14.03	226.743	-0.08	0.724567474048443	0	0	0	1	0.6256448952009963	0.5067461183767876	NO	Q9H2P0
834	V	834	46.321	13.825	230.447	1.11	0.724567474048443	0	0	0	1	0.5968583999603863	0.5953646382761879	NO	Q9H2P0
835	K	835	43.38	15.128	232.368	1.11	0.692882030861125	1	0	0	1	0.6149548661662162	0.42085432216659974	NO	Q9H2P0
836	H	836	44.265	18.119	234.443	1.11	0.697302697302697	0	0	0	0.9999999999999999	0.7977750533877506	-1.0899158576381889	NO	Q9H2P0
837	E	837	42.308	20.873	236.075	0.4	0.75046904315197	1	0	0	1	0.9062498241699054	-1.0085548295782576	NO	Q9H2P0
838	M	838	42.992	24.295	237.454	0.63	0.755244755244755	1	0	0	1	0.9294481795475263	-1.5642005235799676	NO	Q9H2P0
839	D	839	42.352	24.902	241.114	0.4	0.81712962962963	0	0	0	1	0.9560313460406252	-2.3374713954437687	NO	Q9H2P0
840	F	840	42.435	28.606	240.44	1.11	0.793096405228758	0	0	0	1	1.0154232134506336	-2.220795587942294	NO	Q9H2P0
841	D	841	41.387	30.498	237.376	0.63	0.81712962962963	1	0	0	1	1.025620899654516	-1.9176647055148979	NO	Q9H2P0
842	A	842	45.043	30.909	236.644	-1.51	0.81712962962963	0	0	0	1	1.0154232134506336	-2.220795587942294	NO	Q9H2P0
843	E	843	46.914	27.673	236.648	-1.51	0.811494252873563	1	0	0	1	0.9695209517075588	-1.8626528255628434	NO	Q9H2P0
844	W	844	48.998	27.257	239.718	-1.51	0.829987339482728	1	0	0	1	0.9656978755332365	-2.119846217581678	NO	Q9H2P0
845	L	845	50.644	24.17	241.005	-1.51	0.821986707382792	0	0	0	1	0.9560313460406252	-2.3374713954437687	NO	Q9H2P0
846	F	846	50.15	23.78	244.696	-1.51	0.780887372013652	0	0	0	1	1.020428217336161	-3.4058131776758507	NO	Q9H2P0
847	E	847	50.327	20.556	246.594	-1.51	0.780887372013652	0	0	0	1	1.0600364113940544	-4.408880259792285	NO	Q9H2P0
848	N	848	47.867	19.33	249.192	-1.51	0.763971785132935	0	0	0	1	1.043178423845312	-4.462889586791943	NO	Q9H2P0
849	H	849	47.693	17.491	252.494	-1.51	0.833333333333333	0	0	0	0.9999999999999999	1.0024275965974325	-4.948973529788859	NO	Q9H2P0
850	D	850	44.748	16.716	254.712	-1.51	0.833333333333333	0	0	0	1	0.9984589890993116	-4.948973529788859	NO	Q9H2P0
851	E	851	46.113	18.94	257.409	-1.51	0.814814814814815	0	0	0	1	0.9984589890993116	-4.948973529788859	NO	Q9H2P0
852	K	852	44.719	21.455	259.82	-1.51	0.810996563573883	1	0	0	1	1.0078108580347636	-4.948973529788859	NO	Q9H2P0
853	D	853	45.126	25.07	259	-1.51	0.79336620349619	0	0	0	1	1.0078108580347636	-4.948973529788859	NO	Q9H2P0
854	S	854	46.925	25.199	262.295	-1.51	0.773661270236613	1	0	0	1	1.0065963033985632	-4.948973529788859	NO	Q9H2P0
855	R	855	49.289	22.614	260.858	-1.51	0.759845890410959	1	0	0	1	1.0317791245926888	-4.948973529788859	NO	Q9H2P0
