Uniprot_position	aminoacid	Position_in_structure	x	y	z	paraz	mtr	gscount	pscount	OR	pvalue	mtr3dscore	paraz3dscore	HotSpot3D	Uniprot
1	M	1	-25.768	-40.889	136.199	-1.22	1.42276422764228	0	0	0	0.9999999999999999	3.032324676465916	-1.470568610104855	NO	P28472
2	W	2	-27.681	-42.123	133.213	-1.22	1.42635658914729	0	0	0	0.9999999999999999	3.032324676465916	-1.470568610104855	NO	P28472
3	G	3	-29.132	-39.392	131.096	-1.22	1.41176470588235	1	0	0	0.5733682157867326	3.0195055802266944	-1.332349462267702	NO	P28472
4	L	4	-28.573	-37.555	127.878	-0.95	1.3986013986014	0	0	0	0.33632037134429177	3.0036888279901426	-1.2874731155673276	NO	P28472
5	A	5	-26.469	-34.476	127.585	-0.41	1.40268456375839	2	0	0	0.33632037134429177	2.993759201013932	-1.348056183612833	NO	P28472
6	G	6	-27.699	-31.616	125.51	-0.41	1.39102564102564	1	0	0	0.19843488764279243	2.954427273910033	-1.2874731155673276	NO	P28472
7	G	7	-29.288	-28.225	125.634	-0.68	1.3780487804878	2	0	0	0.20079733956105272	2.92796988667885	-1.2874731155673276	NO	P28472
8	R	8	-29.01	-24.924	123.898	-1.22	1.38235294117647	0	0	0	0.1171150532360458	2.9105104259713963	-1.3413247316077768	NO	P28472
9	L	9	-28.566	-21.469	125.281	-1.22	1.37078651685393	2	0	0	0.19843488764279243	2.893061420080919	-1.5028795797291246	NO	P28472
10	F	10	-28.733	-18.462	123.054	-1.22	1.36021505376344	0	0	0	0.19843488764279243	2.876739160063607	-1.6105828118100234	NO	P28472
11	G	11	-29.361	-14.798	123.541	-1.22	1.36458333333333	2	0	0	0.20079733956105272	2.859359421720321	-1.718286043890922	NO	P28472
12	I	12	-28.374	-11.544	121.954	-1.22	1.36868686868687	1	0	0	0.20079733956105272	2.841941745841367	-1.718286043890922	NO	P28472
13	F	13	-28.883	-8.099	123.344	-0.95	1.35922330097087	1	0	0	0.33632037134429177	2.8264546194845455	-1.718286043890922	NO	P28472
14	S	14	-28.496	-4.831	121.551	-1.22	1.34418604651163	1	0	0	0.33632037134429177	2.818481832098838	-1.718286043890922	NO	P28472
15	A	15	-28.972	-1.196	122.335	-1.22	1.34841628959276	0	0	0	0.5733682157867326	2.8052708288343142	-1.718286043890922	NO	P28472
16	P	16	-30.732	1.102	120.012	-1.22	1.34061135371179	1	0	0	0.9999999999999999	2.787125950326069	-1.6105828118100234	NO	P28472
17	V	17	-28.992	4.143	118.656	-1.22	1.34468085106383	0	0	0	1	2.775850870561837	-1.5567311957695738	NO	P28472
18	L	18	-30.994	7.178	117.789	-1.22	1.33884297520661	0	0	0	0.9999999999999999	2.7742136949044784	-1.4490279636886754	NO	P28472
19	V	19	-29.626	10.172	116.001	-0.68	1.33333333333333	0	0	0	0.9999999999999999	2.5387894523096106	-1.395176347648226	NO	P28472
20	A	20	-31.645	13.069	114.762	-0.68	1.33725490196078	0	0	0	1	2.194165481159281	-1.3413247316077768	NO	P28472
21	V	21	-30.825	16.491	113.476	-0.68	1.34099616858238	0	0	0	1	1.963639010166778	-1.2336214995268782	NO	P28472
22	V	22	-32.977	19.213	112.067	-0.95	0.889714993804213	0	0	0	0.9999999999999999	1.7365968464862203	-1.1438688061261293	NO	P28472
23	C	23	-32.37	22.711	110.891	-0.95	0.669144981412639	0	0	0	0.5733682157867326	1.2313119319536678	-1.2238302966104329	NO	P28472
24	C	24	-34.929	25.318	111.7	-0.68	0.895522388059701	0	0	0	0.9999999999999999	1.4545547571255428	-1.2066956915066533	NO	P28472
25	A	25	-34.496	28.075	109.209	-0.95	1.00466417910448	1	0	0	0.5733682157867326	0.9510880974162509	-1.2820879539632826	NO	P28472
26	Q	26	-34.734	28.509	105.526	-0.95	0.99814126394052	0	0	0	0.5733682157867326	0.9839090172786246	-1.1528440754662042	NO	P28472
27	S	27	-33.451	25.018	104.937	-0.41	0.997222222222222	0	0	0	0.5733682157867326	0.6901626432459034	-0.9374376113044068	NO	P28472
28	V	28	-34.386	25.499	101.336	-0.95	0.990774907749078	2	0	0	0.5733682157867326	0.8107872717120347	-0.9553881499845567	NO	P28472
29	N	29	-33.915	28.964	99.947	-0.95	0.987132352941176	0	0	0.5372742393422367	1	0.8968346975032995	-0.9428227729084518	NO	P28472
30	D	30	-35.634	30.309	96.915	-0.68	0.983516483516483	0	0	1.6601112495151105	0.5514092268934025	1.0281866349818969	-0.9946549533473842	NO	P28472
31	P	31	-33.366	29.943	93.942	-0.68	0.990774907749078	0	0	0.6502244314206873	1	0.7202254573767592	-0.8297343792235082	NO	P28472
32	G	32	-34.094	33.056	92.047	-0.95	1.06074074074074	0	0	1.6601112495151105	0.5514092268934025	0.9189980016169488	-0.8171690021474034	NO	P28472
33	N	33	-33.063	34.986	95.084	-0.95	1.06171003717472	0	0	0.6502244314206873	1	0.988434287001312	-1.065335199400474	NO	P28472
34	M	34	-29.982	36.613	93.664	-0.68	1.06966292134831	0	0	0.8192541533573364	1	1.0032425230235134	-0.7590541331704185	NO	P28472
35	S	35	-28.972	38.13	96.955	-0.68	1.06074074074074	0	0	0.8192541533573364	1	1.2333908918833265	-0.9374376113044068	NO	P28472
36	F	36	-28.786	34.779	98.695	-0.68	1.05294117647059	0	0	0.3959367180777281	0.6853554789421503	0.888634859491043	-0.8746107259238827	NO	P28472
37	V	37	-26.853	33.162	95.883	-0.68	0.752100840336134	0	1	0.5372742393422367	1	0.4249401944327567	-0.4382745549294727	NO	P28472
38	K	38	-24.466	36.073	95.767	-0.68	0.752100840336134	0	0	0.6502244314206873	1	0.5874575790680517	-0.32381261800139216	NO	P28472
39	E	39	-23.685	35.792	99.433	-0.68	0.749345892203035	1	0	0.4565277593449939	0.6813976862244416	0.43992748062817194	-0.5365422474477285	NO	P28472
40	T	40	-23.283	32.038	99.187	-0.68	0.749345892203035	2	0	0.3959367180777281	0.6853554789421503	0.34944121111437215	-0.3246062207640935	NO	P28472
41	V	41	-20.786	32.225	96.352	-0.41	0.749345892203035	0	0	0.3959367180777281	0.6853554789421503	-0.08916033769913605	0.10050885915264064	NO	P28472
42	D	42	-18.992	35.105	98.021	0.67	0.744525547445255	1	0	0.4565277593449939	0.6813976862244416	0.19964174685304253	-0.16509206546112049	NO	P28472
43	K	43	-18.511	33.064	101.174	-0.14	0.579075425790754	1	0	0.34874298880409427	0.45358265959844235	0.04144299332157963	-0.05486945953037624	NO	P28472
44	L	44	-17.168	30.083	99.288	1.21	0.491758241758242	0	0	0.34874298880409427	0.45358265959844235	-0.2834027462153202	0.2721525336041472	NO	P28472
45	L	45	-14.42	32.212	97.735	0.4	0.435151515151515	0	0	0	0.19843488764279243	-0.3756536548860589	0.17549578686487918	NO	P28472
46	K	46	-13.626	34.075	100.943	-0.68	0.388808664259928	1	0	0	0.20079733956105272	-0.2746438749380176	0.20690922955514132	NO	P28472
47	G	47	-10.38	32.788	102.398	-0.41	0.389891696750903	1	0	0	0.5733682157867326	-0.46845049572449765	0.4393687054630808	NO	P28472
48	Y	48	-10.031	30.355	99.518	0.13	0.389891696750903	0	0	0	0.5733682157867326	-0.497436673463686	0.6781108699090729	NO	P28472
49	D	49	-6.43	29.469	98.767	0.13	0.388489208633094	0	0	0	1	-0.6766528093082278	0.8665915260506456	NO	P28472
50	I	50	-5.869	28.564	95.11	-0.95	0.391304347826087	0	0	0	1	-0.7209964739096849	0.8151877107393075	NO	P28472
51	R	51	-2.347	27.395	95.902	-0.41	0.474308300395257	0	0	3.328652491018209	0.41275389702409077	-0.7696302216404477	0.887533821177487	NO	P28472
52	L	52	-3.698	24.366	97.738	0.94	0.4725959960617	0	0	3.328652491018209	0.41275389702409077	-0.7753505603949128	1.2076517609734911	NO	P28472
53	R	53	-5.315	21.385	96.044	1.75	0.516129032258065	0	0	52.18252708765457	0.052999527633443545	-0.8247907829949984	1.1493125102630044	NO	P28472
54	P	54	-8.344	19.822	97.658	1.75	0.428571428571429	0	0	0	0.9999999999999999	-0.7596748806097935	1.007952018156825	NO	P28472
55	D	55	-7.338	17.554	100.537	0.13	0.354446997046275	0	0	0	1	-0.785847808317749	1.0819979902124428	NO	P28472
56	F	56	-3.878	19.051	100.372	0.94	0.259927797833935	0	0	52.18252708765457	0.23287671232876697	-0.758880603192406	1.0460969128521433	NO	P28472
57	G	57	-2.468	17.104	103.318	0.13	0.260144927536232	0	0	0	1	-0.7514578225092047	1.1855587902902298	NO	P28472
58	G	58	-4.437	13.92	102.752	1.75	0.260144927536232	0	0	0	1	-0.7514578225092047	1.1855587902902298	NO	P28472
59	P	59	-5.47	11.556	100.059	-0.68	0.354446997046275	0	0	3.328652491018209	0.41275389702409077	-0.8001011973221251	0.8194713620152523	NO	P28472
60	P	60	-5.089	12.238	96.376	0.67	0.352883675464321	0	0	6.818396518329287	0.13544323728546678	-0.8173913566299278	1.023658739501956	NO	P28472
61	V	61	-7.819	14.054	94.501	1.21	0.350372047880945	0	0	6.818396518329287	0.13544323728546678	-0.8490447638737652	0.8222431363702754	NO	P28472
62	C	62	-9.454	12.067	91.754	-0.41	0.319395017793594	0	0	6.818396518329287	0.13544323728546678	-0.8225050051997486	0.8076913210064041	NO	P28472
63	V	63	-9.96	13.872	88.5	1.21	0.233952427500815	0	0	7.201646782387851	0.02646163744788982	-0.7872323266642223	0.9161916987194804	YES	P28472
64	G	64	-12.262	12.297	85.96	-0.41	0.234985231375123	0	0	0.8192541533573364	1	-0.7008013260945245	0.4680895673513205	NO	P28472
65	M	65	-11.676	13.061	82.312	0.94	0.234139960758666	0	0	1.1034135243127348	1	-0.6576850617575017	0.4068826086321756	NO	P28472
66	N	66	-14.286	13.178	79.589	-0.41	0.232287285668069	1	0	0	0.5906437985981855	-0.6882851197868697	0.48963021376750027	NO	P28472
67	I	67	-13.603	14.106	75.977	1.21	0.232467532467533	0	0	0	0.19843488764279243	-0.7087928957642345	0.48963021376750027	NO	P28472
68	D	68	-16.065	14.94	73.235	-0.41	0.253900709219858	0	0	0	0.33632037134429177	-0.7392705187182297	0.68419089107493	NO	P28472
69	I	69	-14.239	15.308	69.946	1.21	0.253710247349823	0	0	0.3959367180777281	0.6853554789421503	-0.7490648456825281	0.665545492832968	NO	P28472
70	A	70	-15.641	17.913	67.654	-0.14	0.230818826563507	1	0	0.4565277593449939	0.6813976862244416	-0.7756464233419764	0.7761208111026906	NO	P28472
71	S	71	-13.403	16.996	64.751	1.75	0.230346166289227	1	0	0.4565277593449939	0.6813976862244416	-0.822404286350849	0.7828223455432799	NO	P28472
72	I	72	-10.004	15.941	63.477	0.94	0.228239845261122	0	0	0.8136067689402303	0.9999999999999999	-0.7493710103523256	0.8450508796344658	NO	P28472
73	D	73	-9.142	18.915	61.331	-0.14	0.226790876967555	0	0	1.1034135243127348	1	-0.8643794609238132	0.9922452968116939	NO	P28472
74	M	74	-6.11	17.628	59.537	-0.41	0.276023391812866	1	0	2.0590273636760252	0.38900075756462177	-0.8561872430806775	1.0475329559465552	NO	P28472
75	V	75	-3.416	14.976	59.589	1.21	0.246853146853147	0	0	2.339215140888151	0.24247411859524026	-0.8600034184998678	0.9996366950917556	NO	P28472
76	S	76	-0.223	16.119	58.003	0.4	0.275243664717349	0	1	5.243558598954485	0.08271515409572855	-1.0091807133118547	1.1318605976573033	NO	P28472
77	E	77	2.488	13.717	56.945	0.67	0.311837455830389	0	1	6.1605146872046825	0.01718674494200134	-1.0577466053117688	1.1785595086298002	YES	P28472
78	V	78	4.93	16.514	56.192	0.13	0.311837455830389	0	0	6.1605146872046825	0.01718674494200134	-1.1200889057779468	0.9008607362582042	YES	P28472
79	N	79	4.824	17.955	59.711	0.94	0.310070671378092	0	0	9.288765513159134	0.007777433704143421	-1.111985213987389	0.9522645515695422	YES	P28472
80	M	80	4.07	14.494	61.125	1.75	0.310070671378092	0	0	6.1605146872046825	0.01718674494200134	-1.0957865648150753	1.0620529472344986	YES	P28472
81	D	81	1.305	15.746	63.369	1.21	0.310070671378092	0	0	6.1605146872046825	0.01718674494200134	-1.0537510165922956	0.828895394822331	YES	P28472
82	Y	82	-2.497	15.904	63.523	1.21	0.154489436619718	0	0	4.591809202544939	0.03205072936122618	-0.9638879326679562	1.0092255361037274	YES	P28472
83	T	83	-4.98	18.478	64.775	0.67	0.248763250883392	0	0	2.339215140888151	0.24247411859524026	-0.9897810124895794	0.9774625002515706	NO	P28472
84	L	84	-7.991	17.699	66.906	0.67	0.248763250883392	0	0	1.4475980296547613	0.6985613621252352	-0.8834669934980943	0.8760155588577241	NO	P28472
85	T	85	-10.62	19.975	68.339	1.48	0.411695906432749	0	0	0.5372742393422367	1	-0.9363224709787314	0.9168530343550648	NO	P28472
86	M	86	-12.346	18.741	71.4	0.67	0.374468085106383	0	0	0.3959367180777281	0.6853554789421503	-0.8343824823021679	0.9351299464657629	NO	P28472
87	Y	87	-14.501	19.467	74.425	1.21	0.377142857142857	0	0	0.3109011630680452	0.4581985266956843	-0.7563542418597251	0.9294184114311697	NO	P28472
88	F	88	-12.335	18.622	77.398	0.94	0.378494623655914	0	0	0.34874298880409427	0.45358265959844235	-0.7500885935283004	0.825838951749765	NO	P28472
89	Q	89	-14.146	18.084	80.681	0.4	0.378494623655914	0	0	0.4565277593449939	0.6813976862244416	-0.7176753102942809	0.8019695868021063	NO	P28472
90	Q	90	-12.715	17.471	84.113	0.4	0.279365079365079	0	0	1.6807128780669953	0.6237406829668427	-0.7681069416687052	0.6526405109710224	NO	P28472
91	Y	91	-14.601	16.4	87.221	-0.41	0.280575539568345	0	0	1.6601112495151105	0.5514092268934025	-0.7451526374149712	0.6781108699090729	NO	P28472
92	W	92	-13.299	16.583	90.784	1.75	0.254347826086957	0	0	1.6601112495151105	0.5514092268934025	-0.7245873380390331	0.7647100902984441	NO	P28472
93	R	93	-14.698	17.337	94.218	0.13	0.283636363636364	0	0	1.6601112495151105	0.5514092268934025	-0.6839404173676191	0.8787515683823599	NO	P28472
94	D	94	-13.584	20.247	96.319	1.75	0.255272727272727	0	0	0	0.9999999999999999	-0.6625861101252128	0.9109399157310155	NO	P28472
95	K	95	-15.015	20.427	99.828	-0.68	0.34965034965035	0	0	0	1	-0.5749065455068233	0.9721406934899263	NO	P28472
96	R	96	-14.237	24.082	100.262	1.75	0.428921568627451	0	0	0	0.5906437985981855	-0.5064449681039469	0.6355507217480726	NO	P28472
97	L	97	-16.778	24.613	97.433	1.75	0.424908424908425	0	0	0.34874298880409427	0.45358265959844235	-0.4568677997868924	0.6016997930949217	NO	P28472
98	A	98	-19.749	22.891	99.103	-0.41	0.427696078431373	1	0	0.5372742393422367	1	-0.3977812433290586	0.4756686836829393	NO	P28472
99	Y	99	-22.827	25.04	99.724	0.67	0.466577540106952	0	0	0.34874298880409427	0.45358265959844235	-0.02039402222768939	0.08982276134598255	NO	P28472
100	S	100	-26.064	24.421	101.505	-0.95	0.466577540106952	1	0	0.34874298880409427	0.45358265959844235	0.18215637430242548	-0.17917211447678968	NO	P28472
101	G	101	-29.313	26.123	100.905	-0.95	0.432465923172243	0	0	0.3959367180777281	0.6853554789421503	0.44741750262309055	-0.6557522350928258	NO	P28472
102	I	102	-29.471	26.064	97.136	-0.14	0.433208489388265	0	0	0.4565277593449939	0.6813976862244416	0.48945417839648275	-0.5739392030313739	NO	P28472
103	P	103	-30.945	23.06	95.481	0.13	0.432465923172243	0	0	0.8192541533573364	1	0.2118389074181309	-0.37738080448373384	NO	P28472
104	L	104	-29.479	23.95	92.116	-0.41	0.369936034115139	0	0	1.6807128780669953	0.6237406829668427	0.1363866765183099	-0.2985616210063489	NO	P28472
105	N	105	-26.238	23.304	90.316	0.67	0.367949393779652	0	0	2.255741226254351	0.33058221182526776	-0.3461632168004559	0.2540293935905345	NO	P28472
106	L	106	-24.69	26.682	89.957	0.94	0.365253793825222	0	0	1.7026422880528307	0.43507006446431545	-0.16535554050709256	0.13551504162272743	NO	P28472
107	T	107	-23.276	27.512	86.592	0.13	0.342435424354244	0	0	2.0590273636760252	0.38900075756462177	-0.44828182008577727	0.37490285785523875	NO	P28472
108	L	108	-20.952	30.433	87.102	0.67	0.342156862745098	0	0	2.0590273636760252	0.38900075756462177	-0.4655942665414043	0.35392414134556804	NO	P28472
109	D	109	-19.307	32.751	84.626	1.75	0.345273631840796	0	0	1.1034135243127348	1	-0.4880096971322532	0.48963021376750027	NO	P28472
110	N	110	-16.031	31.38	83.28	-0.68	0.344981412639405	1	1	1.1034135243127348	1	-0.5839190432733318	0.7007285486460616	NO	P28472
111	R	111	-14.005	34.129	84.966	0.4	0.34726368159204	1	0	0.6502244314206873	1	-0.5951050772636897	0.5561527982880553	NO	P28472
112	V	112	-14.496	32.327	88.287	0.67	0.325	0	0	1.1034135243127348	1	-0.5228299770851711	0.5621227738219513	NO	P28472
113	A	113	-12.105	29.629	87.068	-0.68	0.350248756218906	0	0	1.3346533089128523	0.664502108978768	-0.6340976849805673	0.7130146951204751	NO	P28472
114	D	114	-9.301	32.11	87.706	0.4	0.282249466950959	0	0	0.8192541533573364	1	-0.6448747434201696	0.3639764430064519	NO	P28472
115	Q	115	-10.497	32.079	91.332	-0.41	0.2843716433942	0	0	0.6502244314206873	1	-0.5891031550590194	0.40768210240159913	NO	P28472
116	L	116	-10.426	28.313	91.861	1.48	0.286253369272237	0	0	1.3346533089128523	0.664502108978768	-0.5942926340628207	0.725231033944466	NO	P28472
117	W	117	-7.911	25.516	91.905	1.75	0.307402031930334	0	0	52.18252708765457	0.23287671232876697	-0.7248543896490922	0.9545491655833794	NO	P28472
118	V	118	-7.886	23.508	88.687	0.13	0.305099394987035	0	0	5.243558598954485	0.08271515409572855	-0.7730368133351526	1.0309079955074012	NO	P28472
119	P	119	-5.707	20.619	87.681	1.75	0.305099394987035	0	0	52.18252708765457	5.394088304398535e-4	-0.8303173701245896	1.0927683134205326	YES	P28472
120	D	120	-2.396	21.158	85.868	1.75	0.281746031746032	0	1	52.18252708765457	5.394088304398535e-4	-0.7996681577444327	1.4006200517851015	YES	P28472
121	T	121	-3.325	18.717	83.09	0.4	0.409363468634686	0	0	52.18252708765457	2.2188448344334384e-5	-0.7786876459171962	1.085472288021504	YES	P28472
122	Y	122	-1.168	19.038	79.976	1.21	0.409363468634686	0	0	16.47194956479919	1.343217533324896e-4	-0.7417820412085554	1.0425068051161133	YES	P28472
123	F	123	-0.727	17.089	76.744	0.94	0.438271604938272	0	0	9.224752597002952	0.001519888371665106	-0.7802919704960486	0.8665915260506456	YES	P28472
124	L	124	2.7	15.509	76.418	0.67	0.460640138408305	0	1	11.519935698279982	0.002131846961428676	-0.7311628975410638	0.7796004539853042	YES	P28472
125	N	125	2.54	15.189	72.609	-0.14	0.489430147058824	0	0	9.288765513159134	0.007777433704143421	-0.8719159552797615	0.7828223455432799	YES	P28472
126	D	126	1.257	18.746	72.166	-0.14	0.407858455882353	0	0	4.776710926953573	0.051373909106218335	-0.9406454824519522	0.9503607065580111	NO	P28472
127	K	127	3.107	20.861	69.614	1.75	0.362540849673203	0	1	5.243558598954485	0.08271515409572855	-0.9393215510192452	0.9321500151433664	NO	P28472
128	K	128	0.82	23.894	69.903	-0.41	0.362540849673203	0	0	2.59215722686688	0.35408817242641316	-0.9073070941850518	0.7911992635940165	NO	P28472
129	S	129	-2.596	24.285	71.476	0.94	0.362540849673203	0	0	2.59215722686688	0.35408817242641316	-0.8644106281983838	0.9765385754665629	NO	P28472
130	F	130	-5.057	27.006	72.393	-0.14	0.366584056175134	0	0	1.3346533089128523	0.664502108978768	-0.7464824473771673	0.8967484310332972	NO	P28472
131	V	131	-8.413	27.46	74.096	0.13	0.367249271743654	1	0	0.5372742393422367	1	-0.6256200027466657	0.9977085042360873	NO	P28472
132	H	132	-10.962	29.145	71.831	1.75	0.411245353159851	0	0	0.5372742393422367	1	-0.6404734374508659	1.064047451532293	NO	P28472
133	G	133	-11.507	32.777	72.914	-0.14	0.411245353159851	0	0	0.5372742393422367	1	-0.5959696232891626	0.8665915260506456	NO	P28472
134	V	134	-14.567	33.999	71.033	0.4	0.410083643122677	0	0	0	0.5733682157867326	-0.4549739010255165	0.8323223158430869	NO	P28472
135	T	135	-16.885	35.376	72.116	1.75	0.470415778251599	0	0	0.6502244314206873	1	-0.42256705326597466	0.6027186074524438	NO	P28472
136	V	136	-15.498	34.601	75.548	0.4	0.473515248796148	1	0	0.5372742393422367	1	-0.5149965969973888	0.9419837885072745	NO	P28472
137	K	137	-13.038	31.985	76.636	-0.41	0.508036739380023	0	0	0.4565277593449939	0.6813976862244416	-0.6037303064193977	0.8323223158430868	NO	P28472
138	N	138	-14.66	28.663	75.989	1.75	0.555555555555556	0	0	0.4565277593449939	0.6813976862244416	-0.6014795721436879	0.895588550072426	NO	P28472
139	R	139	-14.544	27.595	79.582	-0.14	0.555555555555556	2	0	0.8136067689402303	0.9999999999999999	-0.6306052491776286	0.7487911159621625	NO	P28472
140	M	140	-17.219	26.472	81.988	0.94	0.512820512820513	0	0	0.9379084597000499	1	-0.6287396503536282	0.7158070011373873	NO	P28472
141	I	141	-17.541	26.079	85.742	0.94	0.513302486986698	0	0	1.3346533089128523	0.664502108978768	-0.6542314526279984	0.7066685450820384	NO	P28472
142	R	142	-20.495	24.213	87.206	0.13	0.471322357939458	1	1	1.3346533089128523	0.664502108978768	-0.6094299796016791	0.6112306370846439	NO	P28472
143	L	143	-20.573	23.852	90.951	1.21	0.504807692307692	0	0	1.1034135243127348	1	-0.5320667396816368	0.5590704555038691	NO	P28472
144	H	144	-22.571	21.18	92.732	-0.41	0.504807692307692	0	0	1.1002811634809795	0.9999999999999999	-0.5252579039589996	0.4519340825391857	NO	P28472
145	P	145	-23.923	21.378	96.264	-0.41	0.505776275007044	0	0	0.6502244314206873	1	-0.4401809763844184	0.3639764430064519	NO	P28472
146	D	146	-21.71	18.47	97.342	0.94	0.507635746606335	0	0	1.1002811634809795	0.9999999999999999	-0.5510872816978455	0.5053369351126313	NO	P28472
147	G	147	-18.561	20.286	96.266	1.75	0.441975308641975	0	0	1.1002811634809795	0.9999999999999999	-0.5592341674231532	0.7682537924115641	NO	P28472
148	T	148	-18.037	18.674	92.89	-0.68	0.442379182156134	0	0	1.6601112495151105	0.5514092268934025	-0.637855336393763	0.7723511979798592	NO	P28472
149	V	149	-16.927	20.958	90.13	1.21	0.411021814006889	0	0	1.6601112495151105	0.5514092268934025	-0.6824422429752581	0.8070713188480436	NO	P28472
150	L	150	-17.23	20.456	86.4	0.13	0.411781527023163	0	0	1.3346533089128523	0.664502108978768	-0.7105220463895314	0.7748982338736643	NO	P28472
151	Y	151	-14.588	22.262	84.369	0.4	0.477960701009028	0	0	1.1034135243127348	1	-0.7479014883327716	0.8085974780070846	NO	P28472
152	G	152	-14.972	22.26	80.608	0.94	0.332407407407407	0	0	0.9379084597000499	1	-0.7229883384935517	0.7637838954279694	NO	P28472
153	L	153	-12.619	23.584	78.007	1.21	0.33271375464684	0	0	0.8136067689402303	0.9999999999999999	-0.7299722497013197	0.7050366779292975	NO	P28472
154	R	154	-12.759	23.675	74.23	1.75	0.329963235294118	0	0	0.34874298880409427	0.45358265959844235	-0.7610992554087129	0.8909116107140742	NO	P28472
155	I	155	-9.272	23.024	72.988	1.21	0.262271062271062	1	0	0.4565277593449939	0.6813976862244416	-0.829400701574564	0.9122838063273905	NO	P28472
156	T	156	-7.736	22.697	69.565	1.21	0.238428238428238	0	0	1.1034135243127348	1	-0.9130039888181781	0.9395517800409318	NO	P28472
157	T	157	-4.471	20.842	69.78	0.13	0.263235294117647	1	1	1.4475980296547613	0.6985613621252352	-0.9273233112575812	0.9459518023207812	NO	P28472
158	T	158	-1.787	19.914	67.327	0.13	0.188025210084034	0	0	3.559908970354708	0.08556107327043551	-0.9671392011827045	0.9273917377092172	NO	P28472
159	A	159	-0.239	16.722	68.633	0.67	0.188719030047443	0	0	4.591809202544939	0.03205072936122618	-0.9383892224598612	0.8142357882335419	YES	P28472
160	A	160	2.803	14.96	67.268	0.4	0.1875	1	0	11.519935698279982	0.002131846961428676	-0.9947281215295128	0.7885995304058568	YES	P28472
161	C	161	2.384	11.586	65.656	1.75	0.188191881918819	0	0	4.591809202544939	0.03205072936122618	-0.9743478004213446	0.8917222802028552	YES	P28472
162	M	162	5.456	9.997	64.115	-0.95	0.187830687830688	0	1	5.243558598954485	0.08271515409572855	-1.0921462715591026	0.9649292596897269	NO	P28472
163	M	163	4.619	8.087	60.978	1.21	0.187830687830688	0	0	2.0590273636760252	0.38900075756462177	-1.1213701208231621	1.0425068051161133	NO	P28472
164	D	164	6.102	5.023	59.32	1.75	0.186772486772487	1	0	16.47194956479919	1.343217533324896e-4	-1.185759415785974	1.1832390283684875	YES	P28472
165	L	165	5.642	5.706	55.583	0.94	0.18816631130064	0	0	22.2272137367811	6.886980408638054e-6	-1.1318074997075542	1.2031641263034538	YES	P28472
166	R	166	7.268	2.567	54.248	-0.41	0.18816631130064	1	0	7.639171047828149	0.005295557406621478	-1.1619213779646296	1.2076517609734911	YES	P28472
167	R	167	3.849	1.039	53.364	-0.41	0.18816631130064	0	0	6.1605146872046825	0.01718674494200134	-0.8703856589788743	0.9970781341486573	YES	P28472
168	Y	168	2.471	4.369	52.056	1.21	0.163425925925926	0	0	10.928150232177908	4.0939747903087604e-4	-0.9677967739527898	1.1341124573483614	YES	P28472
169	P	169	-0.159	4.797	50.705	1.75	0.162822878228782	0	0	9.224752597002952	0.001519888371665106	-0.7841798366816993	1.1250792830448022	YES	P28472
170	L	170	-1.361	1.328	51.844	1.21	0.161764705882353	0	1	7.201646782387851	0.02646163744788982	-0.6019479531568128	0.7756008644650587	YES	P28472
171	D	171	-0.377	2.015	55.491	1.75	0.284444444444444	0	0	3.559908970354708	0.08556107327043551	-0.8077141591020429	0.9570622409986004	NO	P28472
172	E	172	-2.092	2.355	58.873	-0.68	0.284444444444444	0	0	1.1034135243127348	1	-0.6859210692989889	0.7454253899596345	NO	P28472
173	Q	173	-0.853	4.769	61.499	1.75	0.317028985507246	0	0	2.339215140888151	0.24247411859524026	-0.8068932995050654	0.823510233218286	NO	P28472
174	N	174	-1.677	5.234	65.125	-0.41	0.283049472830495	0	0	0.4565277593449939	0.6813976862244416	-0.6740910178541802	0.8037646406701213	NO	P28472
175	C	175	-1.75	8.621	66.77	1.75	0.283860502838605	0	0	1.4475980296547613	0.6985613621252352	-0.7985244582769867	0.6016997930949217	NO	P28472
176	T	176	-2.086	9.268	70.466	-0.41	0.320512820512821	0	0	2.0590273636760252	0.38900075756462177	-0.7598519546244716	0.5353224940442451	NO	P28472
177	L	177	-2.945	12.045	72.903	1.21	0.282828282828283	0	0	4.591809202544939	0.03205072936122618	-0.7008905455881754	0.7514089028530178	YES	P28472
178	E	178	-1.129	11.825	76.211	-0.14	0.280998389694042	0	0	5.693972956355425	0.010959060959056034	-0.5575992919122064	0.5720905008294384	YES	P28472
179	I	179	-2.912	13.504	79.097	1.21	0.280998389694042	0	0	5.693972956355425	0.010959060959056034	-0.6195287971330656	0.5264069271609779	YES	P28472
180	E	180	-0.833	13.994	82.234	1.75	0.280998389694042	0	1	9.224752597002952	0.001519888371665106	-0.5610304125703957	0.6571685747822315	YES	P28472
181	S	181	-0.564	16.27	85.275	1.75	0.252898550724638	0	0	27.954467940123546	1.4733768217137192e-4	-0.6652364774566898	1.0150914369500663	YES	P28472
182	Y	182	2.451	18.488	85.288	1.21	0.283049472830495	0	1	27.954467940123546	1.4733768217137192e-4	-0.5726063912608703	1.1565617662684495	YES	P28472
183	G	183	3.181	19.368	88.925	1.48	0.257564575645757	0	0	18.644633164552836	0.002681741774030761	-0.5852882616101728	1.2599424606069711	YES	P28472
184	Y	184	1.311	16.838	91.012	1.75	0.235214599526867	0	1	23.12206992493789	6.434650019856979e-4	-0.6703276261938013	1.1681605758771618	YES	P28472
185	T	185	2.47	13.272	91.487	0.67	0.324626865671642	0	1	23.12206992493789	6.434650019856979e-4	-0.5180264365404389	0.7786338865179115	YES	P28472
186	T	186	0.341	10.183	92.019	-0.41	0.344981412639405	1	0	9.288765513159134	0.007777433704143421	-0.5089801505409159	0.6456142050570776	YES	P28472
187	D	187	0.358	10.959	95.711	0.13	0.368560807222517	0	0	6.818396518329287	0.13544323728546678	-0.6796031360888926	0.8822982473957766	NO	P28472
188	D	188	-1.442	14.255	95.02	1.75	0.344981412639405	0	0	14.449229413756239	0.01060837366531712	-0.7403374089834087	1.1525621767482042	YES	P28472
189	I	189	-3.59	13.547	91.943	1.21	0.346964064436183	0	0	23.12206992493789	6.434650019856979e-4	-0.7715634883636295	0.9294184114311697	YES	P28472
190	E	190	-5.195	10.557	90.282	-0.41	0.344691358024691	0	0	6.1605146872046825	0.01718674494200134	-0.6722255136541728	0.6942663547212077	YES	P28472
191	F	191	-6.766	10.416	86.839	0.67	0.340903540903541	0	0	3.648237516172137	0.05314239776339626	-0.687291193853936	0.6220760802453622	NO	P28472
192	Y	192	-9.479	8.163	85.497	-0.41	0.402444649446494	0	0	0.9379084597000499	1	-0.6070604085945568	0.20136568084509504	NO	P28472
193	W	193	-11.706	8.066	82.459	1.75	0.40359778597786	0	0	0.3959367180777281	0.6853554789421503	-0.5355101847637456	0.009861270861679	NO	P28472
194	R	194	-15.237	8.871	83.474	-0.68	0.433333333333333	0	0	0	0.33632037134429177	-0.69751804809254625	0.1416659255061354	NO	P28472
195	G	195	-17.34	6.214	81.869	-0.68	0.433705080545229	0	0	0	0.5906437985981855	-0.6516027654317254	-0.1229319186926108	NO	P28472
196	G	196	-14.359	4.034	81.026	-0.14	0.410526315789474	1	0	0	0.20079733956105272	-0.48433155287489377	-0.06683648531714276	NO	P28472
197	D	197	-14.966	2.779	77.523	-0.14	0.410526315789474	1	0	0	0.20079733956105272	-0.41234245772054606	-0.18493213452865445	NO	P28472
198	K	198	-17.63	5.444	76.931	-0.68	0.433333333333333	0	0	0	0.33632037134429177	-0.5059963782452049	-0.20146552541826607	NO	P28472
199	A	199	-15.516	8.384	78.125	-1.22	0.498495308904231	0	0	0	0.33632037134429177	-0.5317811586988337	0.047675571780364426	NO	P28472
200	V	200	-14.4	9.601	74.707	1.21	0.500802568218299	1	0	0	0.20079733956105272	-0.5383077402941979	0.12343922469244485	NO	P28472
201	T	201	-17.247	10.25	72.309	0.13	0.47940074906367	1	0	0	0.19843488764279243	-0.5565260872091718	0.229656894951538	NO	P28472
202	G	202	-17.578	11.594	68.783	0.13	0.502229356161941	0	0	0	0.20079733956105272	-0.6087750718134293	0.40768210240159913	NO	P28472
203	V	203	-14.954	9.247	67.348	-1.22	0.482124616956078	0	0	0	0.11709586753789578	-0.4521934443909706	0.3193896211234992	NO	P28472
204	E	204	-17.47	7.688	64.953	0.67	0.482124616956078	0	0	0	0.20079733956105272	-0.40093295202166773	0.39538988569671396	NO	P28472
205	R	205	-18.647	11.118	63.804	-0.68	0.51786002909326	0	0	0	0.33632037134429177	-0.48499536671024834	0.442510049732107	NO	P28472
206	I	206	-15.18	12.059	62.566	1.21	0.529368029739777	0	0	0	0.19843488764279243	-0.4933725406788918	0.573399394274866	NO	P28472
207	E	207	-15.041	12.599	58.849	-0.68	0.529368029739777	1	0	0	0.33632037134429177	-0.5455731956398091	0.6511850618888482	NO	P28472
208	L	208	-11.54	12.494	57.436	1.48	0.555555555555556	0	0	0.5372742393422367	1	-0.5011114876491538	0.6856500961547357	NO	P28472
209	P	209	-11.302	12.474	53.707	0.4	0.559748427672956	1	0	0	0.5733682157867326	-0.33532262290271603	0.6681908353753058	NO	P28472
210	Q	210	-8.067	10.479	53.466	1.75	0.536363636363636	0	0	2.59215722686688	0.35408817242641316	-0.5275948949560646	0.8085974780070846	NO	P28472
211	F	211	-8.387	8.356	56.568	1.21	0.562420785804816	0	0	0.9379084597000499	1	-0.5399264454468193	0.7085109757383588	NO	P28472
212	S	212	-10.803	6.05	58.303	-0.68	0.59425885512842	0	0	0	0.33632037134429177	-0.34646640008538515	0.5594378641903051	NO	P28472
213	I	213	-10.709	5.519	62.049	0.94	0.564482029598309	1	0	0	0.20079733956105272	-0.30472060057314626	0.42231569371693856	NO	P28472
214	V	214	-10.515	1.782	62.596	-0.41	0.598319327731092	1	0	0	0.5906437985981855	-0.30019191647073756	0.43822639845616224	NO	P28472
215	E	215	-10.6	1.808	66.367	-0.41	0.6275390625	0	0	0	0.5906437985981855	-0.322044100511735	0.25627321092555316	NO	P28472
216	H	216	-9.766	3.851	69.447	-0.14	0.582619339045288	0	0	0	0.19843488764279243	-0.34061824544312486	0.04535438143379334	NO	P28472
217	R	217	-8.436	2.795	72.826	-0.68	0.600721153846154	1	0	0	0.11709586753789578	-0.3322152416141853	-0.04681473063543724	NO	P28472
218	L	218	-8.311	4.378	76.28	-0.68	0.571984435797665	0	0	0.3959367180777281	0.6853554789421503	-0.42916122521536715	-0.025550246352798286	NO	P28472
219	V	219	-5.516	3.544	78.629	-0.41	0.610107421875	0	0	0.5372742393422367	1	-0.3756362769348303	0.08367187746257457	NO	P28472
220	S	220	-4.799	4.566	82.21	-1.22	0.606031128404669	1	0	1.3346533089128523	0.664502108978768	-0.3922216024693816	0.011179317408123564	NO	P28472
221	R	221	-1.285	4.233	83.574	-0.68	0.603682170542636	1	0	2.255741226254351	0.33058221182526776	-0.2827359351526236	0.026995875965458344	NO	P28472
222	N	222	1.292	5.726	85.885	-0.41	0.599038461538462	0	0	3.4779242183192633	0.1389686707435671	-0.3428106960352447	0.26345342639761316	NO	P28472
223	V	223	4.573	6.894	84.418	-0.41	0.641221374045802	0	0	6.1605146872046825	0.01718674494200134	-0.2863003806038217	0.3325630003161897	YES	P28472
224	V	224	7.676	7.207	86.535	-0.95	0.641875140860942	0	0	5.243558598954485	0.08271515409572855	-0.08239749378550128	0.23832267224540343	NO	P28472
225	F	225	10.078	10.102	86.172	0.67	0.637179487179487	0	0	10.51367637936947	0.03945108583748167	-0.16480568850685468	0.3891071971586616	YES	P28472
226	A	226	13.027	11.318	88.18	-0.41	0.595067049808429	0	0	52.18252708765457	0.23287671232876697	0.059445996720841644	0.3639764430064519	NO	P28472
227	T	227	10.756	13.692	90.036	0.67	0.634738186462324	0	0	10.51367637936947	0.03945108583748167	-0.27743847372772534	0.6636123578981826	YES	P28472
228	G	228	8.184	11.068	90.865	1.75	0.638974358974359	0	0	10.51367637936947	0.03945108583748167	-0.350643823108107	0.7199954601627557	YES	P28472
229	A	229	5.368	8.957	89.506	-0.41	0.627763041556145	0	0	9.288765513159134	0.007777433704143421	-0.38384783482132895	0.6699160587724827	YES	P28472
230	Y	230	2.688	10.759	87.546	1.21	0.523135867963454	0	0	7.639171047828149	0.005295557406621478	-0.4438836287546949	0.7449911027335019	YES	P28472
231	P	231	-0.753	9.772	86.411	0.13	0.523668639053255	0	0	7.639171047828149	0.005295557406621478	-0.5454993431202332	0.692609381919963	YES	P28472
232	R	232	-1.3	9.403	82.681	0.13	0.565134099616858	0	1	7.639171047828149	0.005295557406621478	-0.48956033696126705	0.5105725088943417	YES	P28472
233	L	233	-4.282	8.934	80.445	1.21	0.493207941483804	0	0	1.7026422880528307	0.43507006446431545	-0.5077921082525875	0.28586734226309746	NO	P28472
234	S	234	-3.816	8.122	76.781	-0.68	0.544615384615385	0	0	2.0590273636760252	0.38900075756462177	-0.4409002466562147	0.34113030286807944	NO	P28472
235	L	235	-6.215	8.354	73.851	0.67	0.542528735632184	0	0	0.9871810218645595	1	-0.546191823038222	0.23170931588955873	NO	P28472
236	S	236	-5.148	6.496	70.734	-0.68	0.456885456885457	0	0	0	0.20079733956105272	-0.4621294673152607	0.2941687925836472	NO	P28472
237	F	237	-6.53	6.261	67.213	1.75	0.393133997785161	0	0	0	0.33632037134429177	-0.5084201457356803	0.43073000872325873	NO	P28472
238	R	238	-5.747	3.727	64.515	-0.68	0.393133997785161	2	0	0	0.5906437985981855	-0.4739693619874884	0.5224094583138607	NO	P28472
239	L	239	-5.958	5.526	61.212	1.21	0.39010989010989	0	0	0.5372742393422367	1	-0.5376215095515811	0.7571511450652162	NO	P28472
240	K	240	-6.365	3.592	57.989	0.4	0.513996138996139	0	0	0.6502244314206873	1	-0.5312236390347184	0.8665915260506456	NO	P28472
241	R	241	-5.49	5.373	54.777	1.75	0.58742415885273	0	0	1.3346533089128523	0.664502108978768	-0.5748717282857623	0.8107454057124017	NO	P28472
242	N	242	-8.026	5.437	51.961	-0.14	0.58411472697187	0	0	1.1002811634809795	0.9999999999999999	-0.43079123700259064	0.9977085042360873	NO	P28472
243	I	243	-6.398	4.232	48.744	-0.14	0.515077821011673	0	0	6.818396518329287	0.13544323728546678	-0.49799292212614643	0.8194713620152523	NO	P28472
244	G	244	-8.945	5.788	46.369	-0.14	0.515077821011673	0	0	6.818396518329287	0.13544323728546678	-0.3409865998788125	0.9552883054113855	NO	P28472
245	Y	245	-7.183	9.129	45.941	-0.14	0.511100386100386	0	0	6.818396518329287	0.13544323728546678	-0.3409865998788125	0.9552883054113855	NO	P28472
246	F	246	-3.888	7.474	45.042	1.21	0.453488372093023	0	0	52.18252708765457	4.309986369043395e-6	-0.5435747779984532	1.0999485288925925	YES	P28472
247	I	247	-5.316	5.128	42.482	0.94	0.451737451737452	0	0	23.12206992493789	6.434650019856979e-4	-0.5132940405763744	0.9459518023207812	YES	P28472
248	L	248	-6.813	8.007	40.578	0.94	0.448275862068966	0	0	18.644633164552836	0.002681741774030761	-0.3179556524942059	0.6906762469851777	YES	P28472
249	Q	249	-3.811	10.316	40.977	-0.14	0.501436781609196	0	1	23.12206992493789	6.434650019856979e-4	-0.6530533710686146	0.6781108699090729	YES	P28472
250	T	250	-0.726	8.085	40.973	0.13	0.497623574144487	0	0	33.11266265925584	3.229366598254237e-5	-0.827280554206732	0.7911992635940165	YES	P28472
251	Y	251	-1.576	4.521	39.995	1.75	0.500475285171103	0	0	19.238426547998248	3.116835619559449e-5	-0.7098158457299252	0.8544314837189311	YES	P28472
252	M	252	-3.898	4.881	37.043	0.13	0.500475285171103	0	0	18.644633164552836	0.002681741774030761	-0.5247700224327677	0.8127399100101962	YES	P28472
253	P	253	-1.739	7.367	35.281	1.75	0.590356394129979	0	1	23.12206992493789	6.434650019856979e-4	-0.7058274349882978	0.899370770597006	YES	P28472
254	S	254	1.255	5.15	35.878	0.67	0.378088077336198	0	1	33.11266265925584	3.229366598254237e-5	-0.7842829903660998	0.9360317677870144	YES	P28472
255	I	255	-0.518	2.175	34.358	0.4	0.376332622601279	1	0	9.288765513159134	0.007777433704143421	-0.543195121202264	0.7134509929356178	YES	P28472
256	L	256	-1.798	4.175	31.4	0.94	0.374933616569304	0	2	18.644633164552836	0.002681741774030761	-0.5006263703213493	1.0140981265092675	YES	P28472
257	I	257	1.591	5.657	30.655	0.4	0.440699126092385	0	0	38.67017931383001	6.786644145055604e-6	-0.770603189113897	1.2663989784721632	YES	P28472
258	T	258	3.129	2.203	30.684	0.67	0.444025157232704	0	0	9.288765513159134	0.007777433704143421	-0.6397828089919247	0.9419837885072745	YES	P28472
259	I	259	0.444	0.831	28.403	0.67	0.442355889724311	0	0	7.201646782387851	0.02646163744788982	-0.4440143516353233	0.8396657180304208	YES	P28472
260	L	260	1.004	3.756	26.061	0.4	0.441947565543071	0	0	11.519935698279982	0.002131846961428676	-0.6685188736725629	1.3043530499923626	YES	P28472
261	S	261	4.704	2.87	25.905	1.75	0.533834586466166	0	0	6.1605146872046825	0.01718674494200134	-0.6797177744002814	1.1578798128148942	YES	P28472
262	W	262	3.583	-0.421	24.315	1.75	0.535849056603774	0	0	1.6807128780669953	0.6237406829668427	-0.3908843765723282	0.8142357882335419	NO	P28472
263	V	263	2.073	1.283	21.272	1.21	0.449936628643853	0	0	2.255741226254351	0.33058221182526776	-0.5469918905011534	1.1178990675727423	NO	P28472
264	S	264	5.544	1.552	19.751	1.75	0.388615216201423	0	0	3.400984258836946	0.23143538873345212	-0.6072616442037782	1.0599050195291815	NO	P28472
265	F	265	5.704	-2.213	19.229	1.75	0.33969465648855	0	0	0	0.33632037134429177	-0.37707724773054857	0.5491504209701022	NO	P28472
266	W	266	2.849	-2.089	16.742	1.75	0.337735849056604	0	0	0	0.5733682157867326	-0.3826900274670814	0.6624041485639419	NO	P28472
267	I	267	4.465	0.797	14.82	1.21	0.388919065725149	0	0	0	1	-0.634877024392589	0.9922452968116939	NO	P28472
268	N	268	6.733	0.035	11.877	0.67	0.390403489640131	1	0	0	0.5733682157867326	-0.5410565293696358	0.5879679474065816	NO	P28472
269	Y	269	10.395	0.098	12.752	-0.68	0.388919065725149	0	0	0	0.33632037134429177	-0.3996452452859468	0.36004976267016914	NO	P28472
270	D	270	11.157	2.528	9.969	-0.41	0.388528138528139	0	0	0	0.5733682157867326	-0.5386469995950092	0.5838705418382866	NO	P28472
271	A	271	9.313	5.188	11.954	0.94	0.226641414141414	0	0	0	0.9999999999999999	-0.8041138124694625	1.1493125102630046	NO	P28472
272	S	272	12.245	6.448	13.946	0.4	0.226190476190476	0	0	1.1002811634809795	0.9999999999999999	-0.7521582669178959	1.106475997503556	NO	P28472
273	A	273	10.677	9.705	15.011	0.67	0.228770595690748	0	0	3.400984258836946	0.23143538873345212	-0.8524969180777386	1.164192562063655	NO	P28472
274	A	274	7.45	8.124	16.131	1.75	0.27557251908397	0	0	3.400984258836946	0.23143538873345212	-0.8407477253781637	1.4148988893715841	NO	P28472
275	R	275	8.906	5.284	18.152	1.75	0.228136882129278	0	0	3.400984258836946	0.23143538873345212	-0.7003321949802314	1.3377931664045772	NO	P28472
276	V	276	11.502	7.454	19.817	0.67	0.229007633587786	0	0	3.400984258836946	0.23143538873345212	-0.7525883181452321	1.3377931664045772	NO	P28472
277	A	277	8.969	10.174	20.477	0.4	0.227503168567807	0	0	6.818396518329287	0.13544323728546678	-0.8716530162073692	1.551975730201819	NO	P28472
278	L	278	6.772	7.719	22.277	1.48	0.228371501272265	0	0	6.818396518329287	0.13544323728546678	-0.8104729146249999	1.52627382254615	NO	P28472
279	G	279	9.66	6.451	24.349	1.75	0.388919065725149	0	0	6.818396518329287	0.13544323728546678	-0.8233379718170043	1.4110911993485222	NO	P28472
280	I	280	11.031	9.836	25.306	1.21	0.388919065725149	0	1	14.449229413756239	0.01060837366531712	-0.9188063355587287	1.3512560704146894	YES	P28472
281	T	281	7.634	11.138	26.255	0.4	0.387445887445887	0	1	52.18252708765457	5.394088304398535e-4	-0.9300047349355206	1.3740394464318026	YES	P28472
282	T	282	6.92	8.089	28.368	1.21	0.384905660377358	0	0	38.67017931383001	6.786644145055604e-6	-0.845739066819197	1.264495133460632	YES	P28472
283	V	283	10.274	8.153	30.111	0.94	0.339962121212121	0	0	52.18252708765457	1.1094224172167224e-4	-0.9644546790964416	1.0668522232010664	YES	P28472
284	L	284	9.949	11.824	31.008	1.75	0.192991913746631	0	0	52.18252708765457	1.1094224172167224e-4	-0.9756929787987945	1.112435860148349	YES	P28472
285	T	285	6.411	11.468	32.289	0.13	0.192991913746631	0	0	38.67017931383001	6.786644145055604e-6	-0.9167262101715332	1.022575517340223	YES	P28472
286	M	286	7.453	8.73	34.661	1.21	0.193722943722944	0	0	44.67480333937478	1.3684859116025326e-6	-0.9286192987207782	1.0446010346287975	YES	P28472
287	T	287	10.253	10.822	36.077	0.67	0.169811320754717	0	2	52.18252708765457	4.309986369043395e-6	-1.1265861206879708	0.7796004539853042	YES	P28472
288	T	288	7.907	13.735	36.635	1.21	0.168539325842697	0	1	52.18252708765457	4.309986369043395e-6	-1.0559317031158801	0.6095724494939556	YES	P28472
289	I	289	5.396	11.533	38.388	0.13	0.168867924528302	0	0	33.11266265925584	3.229366598254237e-5	-0.9785898667798908	0.740937755289597	YES	P28472
290	N	290	7.935	10.207	40.892	-0.41	0.169811320754717	0	0	51.18252708765457	2.6478701219542283e-7	-1.0759490032752055	0.9254917310948869	YES	P28472
291	T	291	9.452	13.584	41.593	0.13	0.150375939849624	0	0	52.18252708765457	5.394088304398535e-4	-1.2129160709416753	0.6285106972402379	YES	P28472
292	H	292	6.139	15.364	42.188	-0.41	0.135338345864662	0	0	52.18252708765457	1.1094224172167224e-4	-1.146045035353663	0.44528182408713024	YES	P28472
293	L	293	5.122	12.78	44.689	0.13	0.244467143343548	0	1	52.18252708765457	2.2188448344334384e-5	-1.0961825858891663	0.9570622409986004	YES	P28472
294	R	294	8.342	13.191	46.63	-0.14	0.266914498141264	0	1	52.18252708765457	8.120264173559965e-7	-1.160621811341668	0.7651019419744141	YES	P28472
295	E	295	7.75	16.937	46.988	-0.14	0.296571664601404	0	0	52.18252708765457	5.394088304398535e-4	-1.162063124514843	0.3639764430064519	YES	P28472
296	T	296	4.311	16.383	48.491	-0.14	0.33210332103321	0	0	52.18252708765457	5.394088304398535e-4	-1.1234820822761789	0.3482697216613208	YES	P28472
297	L	297	5.728	14.246	51.286	1.21	0.29520295202952	0	0	52.18252708765457	2.2188448344334384e-5	-1.1572407191872316	0.9245855740942064	YES	P28472
298	P	298	8.37	14.629	53.967	1.75	0.293040293040293	0	0	33.11266265925584	3.229366598254237e-5	-1.1058802023683614	0.9321500151433664	YES	P28472
299	K	299	12.108	14.274	53.34	0.4	0.264705882352941	0	1	52.18252708765457	1.1094224172167224e-4	-1.0525430871609949	0.8887657208908306	YES	P28472
300	I	300	12.174	10.564	54.393	0.13	0.264705882352941	0	0	11.519935698279982	0.002131846961428676	-1.1289885970327094	0.9522645515695422	YES	P28472
301	P	301	15.335	8.7	53.545	0.67	0.265682656826568	0	1	7.201646782387851	0.02646163744788982	-1.1632938411304241	1.1565617662684495	YES	P28472
302	Y	302	13.693	5.417	52.593	0.4	0.266666666666667	0	1	9.224752597002952	0.001519888371665106	-1.1988337601688948	1.1807259529532665	YES	P28472
303	V	303	11.656	4.12	49.707	1.21	0.240858772224086	0	0	10.928150232177908	4.0939747903087604e-4	-1.209712151938118	1.1021923462276113	YES	P28472
304	K	304	7.938	4.24	50.199	1.75	0.219557195571956	0	0	12.758914253002121	1.0401248355646347e-4	-1.164967834546525	1.1089237982326674	YES	P28472
305	A	305	5.815	1.479	48.71	1.75	0.21875	0	3	6.1605146872046825	0.01718674494200134	-0.9579118222420699	0.9970781341486573	YES	P28472
306	I	306	4.575	3.852	46.041	1.21	0.236894492368945	0	0	19.238426547998248	3.116835619559449e-5	-0.9433853158069213	0.8450508796344658	YES	P28472
307	D	307	8.17	4.513	44.965	1.75	0.239516940623952	0	0	22.2272137367811	6.886980408638054e-6	-1.1362208069168265	0.8323223158430869	YES	P28472
308	M	308	8.657	0.803	44.49	0.94	0.237762237762238	1	0	7.201646782387851	0.02646163744788982	-0.8375502203155591	0.48963021376750027	YES	P28472
309	Y	309	5.793	0.82	42.012	1.48	0.325091575091575	0	0	7.201646782387851	0.02646163744788982	-0.722324866807106	0.5210436564577623	YES	P28472
310	L	310	6.961	3.964	40.226	0.94	0.216727716727717	0	0	22.2272137367811	6.886980408638054e-6	-0.9323634346146051	0.7748982338736643	YES	P28472
311	M	311	10.525	2.741	39.933	0.13	0.216727716727717	0	0	27.954467940123546	1.4733768217137192e-4	-1.0911918630981292	1.0550721821922182	YES	P28472
312	G	312	9.217	-0.504	38.548	0.67	0.215151515151515	0	0	11.519935698279982	0.002131846961428676	-0.6892977118463741	0.47706483669139543	YES	P28472
313	C	313	7.086	1.287	35.993	0.67	0.216911764705882	0	0	7.639171047828149	0.005295557406621478	-0.6570446786527472	0.597333445848399	YES	P28472
314	F	314	10.093	3.342	35.018	-0.14	0.23596256684492	0	0	11.519935698279982	0.002131846961428676	-0.9260076956725365	1.0439850847721255	YES	P28472
315	V	315	12	0.212	34.143	-0.14	0.235098235098235	0	0	10.51367637936947	0.03945108583748167	-0.7396113108498955	0.9069802380809825	YES	P28472
316	F	316	9.161	-1.024	31.945	1.75	0.325367647058824	0	0	1.6601112495151105	0.5514092268934025	-0.5212471354273394	0.5507590752188211	NO	P28472
317	V	317	9.081	2.297	30.142	0.94	0.323260073260073	0	0	9.224752597002952	0.001519888371665106	-0.7520930854953308	1.1021923462276113	YES	P28472
318	F	318	12.846	2.491	29.855	1.75	0.352355673523557	0	0	14.449229413756239	0.01060837366531712	-0.8337959333279319	1.2313927960020763	YES	P28472
319	L	319	13.177	-0.991	28.441	0.13	0.350082644628099	0	0	3.328652491018209	0.41275389702409077	-0.5575595327605821	0.9965781854586266	NO	P28472
320	A	320	10.603	-0.245	25.775	0.94	0.296223776223776	0	0	2.255741226254351	0.33058221182526776	-0.5031897767293695	0.8576162567105706	NO	P28472
321	L	321	12.839	2.563	24.575	1.21	0.365714285714286	0	0	6.818396518329287	0.13544323728546678	-0.6860493344265988	1.2959085761508944	NO	P28472
322	L	322	15.863	0.297	24.652	1.21	0.393846153846154	0	0	1.6601112495151105	0.5514092268934025	-0.5804867697536268	1.2295913082492298	NO	P28472
323	E	323	13.971	-2.233	22.643	1.75	0.429090909090909	0	0	0	0.9999999999999999	-0.3495339454894869	0.5783269931282402	NO	P28472
324	Y	324	13.608	0.244	19.792	1.75	0.348814229249012	1	0	0.8192541533573364	1	-0.5553366151634123	0.9702558869285104	NO	P28472
325	A	325	17.267	1.097	19.935	0.94	0.426328502415459	0	0	0	0.9999999999999999	-0.5483931513764347	0.7796004539853042	NO	P28472
326	F	326	18.042	-2.571	19.682	0.13	0.491917502787068	0	0	0	0.5906437985981855	-0.12937955188394734	-0.13863864003774184	NO	P28472
327	V	327	15.692	-2.934	16.734	0.67	0.493706293706294	0	0	0	0.19843488764279243	-0.24635856839609754	-0.006371512920848769	NO	P28472
328	N	328	17.069	0.185	15.119	0.13	0.535279805352798	0	0	0	0.33632037134429177	-0.30647723874775906	0.02471126195162111	NO	P28472
329	Y	329	20.517	-1.279	15.299	0.4	0.541205412054121	0	0	0	0.19843488764279243	0.043107237890839284	-0.4393101629302506	NO	P28472
330	I	330	19.633	-4.635	13.796	0.13	0.5899064171123	0	0	0	0.19843488764279243	0.08866604759551824	-0.6802497209043299	NO	P28472
331	F	331	17.352	-3.501	10.968	-0.14	0.594609769792252	1	0	0	0.11709586753789578	0.00576876003815334	-0.6648138050996322	NO	P28472
332	F	332	19.938	-2.996	8.429	-1.22	0.596787827557058	0	0	0	0.19843488764279243	0.26485925220630385	-1.1019842158724464	NO	P28472
333	G	333	20.443	-6.819	8.741	-1.22	0.596787827557058	0	0	0	0.1171150532360458	0.2910237663107555	-1.1932327874965412	NO	P28472
334	R	334	23.024	-6.862	11.488	-0.41	0.601709401709402	0	0	0	0.1171150532360458	0.3084148805900421	-1.09360729782171	NO	P28472
335	G	335	23.319	-3.914	9.458	-0.41	0.702602230483271	0	0	0	0.06791913952026789	0.4565492664896905	-1.1259182674459796	NO	P28472
336	P	336	24.862	-5.701	6.552	-0.68	0.697416974169742	1	0	0	0.11709586753789578	0.5797152463294906	-1.3499409901742487	NO	P28472
337	Q	337	28.182	-4.395	7.524	-1.22	0.698005698005698	0	0	0	0.19843488764279243	0.6704079846061294	-1.2066956915066533	NO	P28472
338	R	338	28.088	-5.917	10.991	-0.95	0.804227941176471	0	0	0	0.33632037134429177	0.5427244500111507	-1.1570955188378187	NO	P28472
339	Q	339	28.457	-3.511	13.823	-0.95	0.857843137254902	0	0	0	0.5733682157867326	0.46842154822809423	-0.8768545432589013	NO	P28472
340	K	340	31.147	-0.865	13.763	-0.68	0.827205882352941	1	0	0	0.9999999999999999	0.6722039443753522	-0.9496766149499635	NO	P28472
341	K	341	30.711	1.946	16.184	-0.41	0.827205882352941	1	0	0	1	0.7910158005478978	-0.9805189041367663	NO	P28472
342	L	342	31.22	5.279	14.54	-0.68	0.878193430656934	0	0	0	1	1.0798983873672678	-1.1259182674459796	NO	P28472
343	A	343	28.946	8.184	13.875	-0.95	0.875	0	0	0	0.9999999999999999	1.1101481456602995	-1.1124553634358672	NO	P28472
344	E	344	29.743	11.086	11.67	-0.68	0.874320652173913	0	0	0	1	1.1649322582077224	-1.018215035365081	NO	P28472
345	K	345	29.28	14.426	13.306	-0.95	0.943157894736842	0	0	0	0.9999999999999999	1.2133702210426875	-1.1595755274712602	NO	P28472
346	T	346	26.959	16.714	11.461	-0.68	0.936348090442713	1	0	0	0.9999999999999999	1.2379264102891878	-1.4265897903384883	NO	P28472
347	A	347	28.008	20.26	10.857	-0.41	0.892753623188406	0	0	0	0.5906437985981855	1.3343792987139282	-1.4821674197135672	NO	P28472
348	K	348	26.922	22.502	13.657	-0.68	0.914285714285714	0	0	0	0.9999999999999999	1.3919812246325194	-1.4821674197135672	NO	P28472
349	A	349	24.682	25.358	12.718	-1.22	0.935064935064935	0	0	0	0.9999999999999999	1.4163920476800904	-1.5208301184092745	NO	P28472
350	K	350	25.485	28.946	13.465	-1.22	0.94039294039294	0	0	0	1	1.4459451481235837	-1.5627147086629574	NO	P28472
351	N	351	22.819	31.544	13.826	-1.22	1.05148480056229	0	0	0	1	1.496323355065084	-1.6644344278504726	NO	P28472
352	D	352	21.326	30.05	10.713	-1.22	1.05074626865672	0	0	0	1	1.4459451481235837	-1.5627147086629574	NO	P28472
353	R	353	18.768	27.354	10.229	-1.22	1.0016051364366	2	0	0	1	1.432844617656483	-1.5836570037897986	NO	P28472
354	S	354	19.98	24.401	8.246	-1.22	1.00071073205402	0	0	0	0.5906437985981855	1.3864220072669984	-1.5522435610995364	NO	P28472
355	K	355	19.126	20.751	7.966	-1.22	0.950841750841751	0	0	0	0.5906437985981855	1.3278231364721855	-1.5522435610995364	NO	P28472
356	S	356	20.405	18.029	5.72	-1.22	0.934411764705882	0	0	0	0.5906437985981855	1.2673162813744445	-1.5322531884784605	NO	P28472
357	E	357	19.944	14.31	5.465	-1.22	0.84305438151592	2	0	0	0.5906437985981855	1.211126421385539	-1.5627147086629574	NO	P28472
358	S	358	21.302	11.905	2.925	-1.22	0.855757575757576	0	0	0	0.5906437985981855	1.1590662020550095	-1.677897331860585	NO	P28472
359	N	359	20.906	8.203	2.537	-1.22	0.867883022774327	0	0	0	0.5906437985981855	1.1140505783939683	-1.7721376599313712	NO	P28472
360	R	360	23.005	5.882	0.471	-1.22	0.867883022774327	2	0	0	0.33632037134429177	1.1007289592925489	-1.7721376599313712	NO	P28472
361	V	361	23.634	2.229	0.964	-1.22	0.872023460410557	0	0	0	0.33632037134429177	0.8634885927081466	-1.6007916088935779	NO	P28472
362	D	362	26.325	-0.019	-0.393	-1.22	0.908455882352941	1	0	0	0.33632037134429177	0.8993663417277311	-1.6007916088935779	NO	P28472
363	A	363	26.92	-3.503	0.859	-1.22	0.908455882352941	1	0	0	0.20079733956105272	0.8067937924107704	-1.5298053877493494	NO	P28472
364	H	364	29.407	-6.187	0.009	-1.22	0.921015180265655	1	0	0	0.33632037134429177	1.0254094010710575	-1.5665223986860193	NO	P28472
365	G	365	30.148	-9.423	1.76	-1.22	0.965607210626186	0	0	0	0.20079733956105272	0.9099106332359584	-1.6105828118100234	NO	P28472
366	N	366	30.682	-13.088	1.125	-1.22	0.960639606396064	1	0	0	0.33632037134429177	0.948051099144783	-1.7093107745508471	NO	P28472
367	I	367	30.791	-15.924	3.587	-1.22	0.953601953601954	1	0	0	0.5906437985981855	0.9434798924082027	-1.7721376599313712	NO	P28472
368	L	368	31.861	-19.5	3.082	-1.22	0.922840600259955	0	0	0	0.5733682157867326	1.0227748006249548	-1.6590492662464276	NO	P28472
369	L	369	31.681	-22.066	5.826	-1.22	0.899330554502968	0	0	0	0.5906437985981855	0.9534688869112249	-1.6350608191011367	NO	P28472
370	T	370	32.486	-25.717	5.479	-1.22	0.876950146627566	0	0	0	0.5733682157867326	1.119973117027163	-1.395176347648226	NO	P28472
371	S	371	32.626	-28.392	8.11	-0.41	0.856502757352941	2	0	0	0.33632037134429177	0.9601347510072359	-1.0559111665933953	NO	P28472
372	L	372	33.47	-32.011	7.61	-0.95	0.91638608305275	0	0	0	0.33632037134429177	1.0133233169022313	-1.0600996256187636	NO	P28472
373	E	373	33.985	-34.665	10.218	-0.14	0.89399208538194	1	0	0	0.19843488764279243	0.910197891918747	-0.9839458251575222	NO	P28472
374	V	374	34.006	-38.409	9.946	-0.41	0.89399208538194	1	0	0	0.20079733956105272	0.898955275517343	-0.9154074047424048	NO	P28472
375	H	375	34.816	-41.368	12.12	-0.95	0.885856079404467	0	0	0	0.5906437985981855	0.8958489686152447	-1.0496284780553429	NO	P28472
376	N	376	35.636	-44.875	11.04	-0.41	0.85602819028442	2	0	0	0.20079733956105272	0.9401407136029754	-1.121022665987757	NO	P28472
377	E	377	36.4	-48.081	12.853	-0.14	0.871046228710462	1	0	0	0.11709586753789578	0.9277937779184	-1.1752822488163914	NO	P28472
378	M	378	37.312	-51.511	11.603	-1.22	0.908512533401196	0	0	0	0.1171150532360458	0.9329091768508989	-1.2381091341969157	NO	P28472
379	N	379	37.86	-54.861	13.235	-1.22	0.901385927505331	1	0	0	0.19843488764279243	0.9642136104354649	-1.2238302966104329	NO	P28472
380	E	380	38.987	-58.203	11.902	-1.22	0.888888888888889	1	0	0	0.5733682157867326	0.9980357844371092	-1.3574802164199116	NO	P28472
381	V	381	39.24	-61.604	13.496	-1.22	0.879801734820322	0	0	0	0.5733682157867326	0.9859513987151236	-1.4265897903384883	NO	P28472
382	S	382	40.592	-64.946	12.402	-1.22	0.858021160995139	0	0	0	0.5733682157867326	1.0680474808710059	-1.4328724788765406	NO	P28472
383	G	383	41.785	-68.228	13.812	-0.68	0.878109452736318	0	0	0	0.9999999999999999	1.1103404993270964	-1.3574802164199116	NO	P28472
384	G	384	41.293	-71.962	13.693	-0.14	0.905919359450958	1	0	0	0.5906437985981855	1.1472442366684585	-1.3266379272331088	NO	P28472
385	I	385	42.873	-75.137	14.967	-0.95	0.906716417910448	1	0	0	0.5906437985981855	1.2595455312336905	-1.1313034290500243	NO	P28472
386	G	386	42.79	-78.785	14.035	-0.14	0.93520295202952	0	0	0	0.5906437985981855	1.305186915266852	-1.1752822488163914	NO	P28472
387	D	387	44.616	-81.876	15.178	-0.68	0.941176470588235	1	0	0	0.9999999999999999	1.3694516687445992	-1.1313034290500243	NO	P28472
388	T	388	44.473	-85.358	13.752	-0.14	1.03911439114391	0	0	0	0.5733682157867326	1.3752230708547195	-1.332349462267702	NO	P28472
389	R	389	46.141	-88.548	14.861	-0.68	1.02631578947368	0	0	0	0.5733682157867326	1.4475308682911125	-1.168999560278339	NO	P28472
390	N	390	46.204	-92.07	13.538	-1.22	1.00738007380074	0	0	0	0.5906437985981855	1.4431414459156977	-1.395176347648226	NO	P28472
391	S	391	47.377	-95.275	15.126	-0.95	1.00738007380074	1	0	0	0.5733682157867326	1.5200009974962523	-1.3574802164199116	NO	P28472
392	A	392	46.874	-98.94	14.47	-0.41	1.02773722627737	1	0	0	0.5733682157867326	1.5055383118330696	-1.463714768063343	NO	P28472
393	I	393	47.751	-102.192	16.149	-1.22	1.00571428571429	1	0	0	0.9999999999999999	1.5616474790167338	-1.395176347648226	NO	P28472
394	S	394	47.685	-105.666	14.719	-0.95	1.03529411764706	0	0	0	0.9999999999999999	1.5750822512077791	-1.3266379272331088	NO	P28472
395	F	395	48.454	-109.146	15.922	-0.68	1.00938477580813	0	0	0	0.9999999999999999	1.5757057621408714	-1.065335199400474	NO	P28472
396	D	396	49.434	-112.205	13.974	-0.41	0.999148453022992	0	0	0	1	1.5735005376897797	-0.9643634193246315	NO	P28472
397	N	397	47.176	-115.133	14.601	-0.41	1.00657706605662	0	0	0	0.9999999999999999	1.5625060707024507	-0.8768545432589013	NO	P28472
398	S	398	47.077	-118.445	12.826	-0.41	0.933862433862434	1	0	0	0.9999999999999999	1.5460957300991192	-0.8028085712032835	NO	P28472
399	G	399	43.908	-120.224	11.84	-0.41	1.05468164794007	0	0	0	1	1.613280909580629	-0.8297343792235082	NO	P28472
400	I	400	41.652	-120.009	8.846	-0.68	0.966791510611735	0	0	0	1	1.633880471340937	-0.9710948713296876	NO	P28472
401	Q	401	38.878	-117.487	8.866	-0.68	1.02082128397918	0	0	0	1	1.6398876610022042	-1.0600996256187636	NO	P28472
402	Y	402	36.581	-116.129	6.242	-0.68	1.10588972431078	1	0	0	0.9999999999999999	1.6959736530659928	-1.1797698834864287	NO	P28472
403	R	403	36.524	-112.42	6.888	-0.68	1.05185185185185	0	0	0	0.9999999999999999	1.6674420247274218	-1.2538158555420467	NO	P28472
404	K	404	38.996	-109.729	7.68	-1.22	1.0450184501845	0	0	0	0.9999999999999999	1.6162200233992088	-1.395176347648226	NO	P28472
405	Q	405	38.87	-107.172	10.397	-1.22	1.03823529411765	0	0	0	1	1.5984616467771504	-1.4637147680633436	NO	P28472
406	S	406	39.041	-103.648	9.152	-1.22	0.976937269372694	0	0	0	0.9999999999999999	1.5314446138048496	-1.5459608725614842	NO	P28472
407	M	407	38.969	-100.716	11.452	-1.22	0.923600209314495	0	0	0	0.5733682157867326	1.4961322423558037	-1.6150704464800607	NO	P28472
408	P	408	36.937	-97.839	10.353	-1.22	0.933862433862434	0	0	0	0.9999999999999999	1.4226786800632605	-1.621353135018113	NO	P28472
409	R	409	37.96	-94.578	11.889	-1.22	0.908492993994853	1	0	0	0.9999999999999999	1.4252687085573452	-1.4580032330287502	NO	P28472
410	E	410	35.577	-91.877	12.919	-1.22	0.908492993994853	0	0	0	0.9999999999999999	1.3642183580411713	-1.5459608725614842	NO	P28472
411	G	411	35.989	-88.332	14.084	-1.22	0.911882893226177	0	0	0	0.5733682157867326	1.3626283873759064	-1.395176347648226	NO	P28472
412	H	412	33.72	-85.379	14.393	-1.22	0.91025641025641	0	0	0	0.5733682157867326	1.2920086463702503	-1.395176347648226	NO	P28472
413	G	413	33.915	-81.639	14.433	-1.22	0.911882893226177	0	0	0	0.5733682157867326	1.2566773946044898	-1.395176347648226	NO	P28472
414	R	414	31.931	-78.704	13.211	-1.22	0.93816631130064	2	0	0	0.5733682157867326	1.1704703033834714	-1.4328724788765406	NO	P28472
415	F	415	32.947	-75.17	12.496	-1.22	0.875621890547264	0	0	0	0.5733682157867326	1.126208331234781	-1.395176347648226	NO	P28472
416	L	416	30.749	-72.411	13.753	-1.22	0.821629213483146	0	0	0	0.9999999999999999	1.0593360607132694	-1.4370609379019088	NO	P28472
417	G	417	31.393	-68.747	14.265	-1.22	0.824718045112782	0	0	0	0.9999999999999999	1.0033049399385414	-1.4294455578557848	NO	P28472
418	D	418	29.567	-65.515	14.8	-1.22	0.792452830188679	0	0	0	0.9999999999999999	0.8655403775003073	-1.4328724788765406	NO	P28472
419	R	419	31.056	-62.622	12.955	-0.68	0.82089552238806	0	0	0	0.5906437985981855	0.8999414832549941	-1.463714768063343	NO	P28472
420	S	420	29.167	-59.398	12.954	-0.68	0.729037587773647	0	0	0	0.33632037134429177	0.8992594112790646	-1.4294455578557848	NO	P28472
421	L	421	30.007	-55.758	12.894	-0.95	0.726337448559671	1	0	0	0.20079733956105272	0.8613730464474763	-1.3081852755828849	NO	P28472
422	P	422	27.953	-53.772	15.255	-0.14	0.764728986645719	2	0	0	0.33632037134429177	0.8116105454386158	-1.2238302966104329	NO	P28472
423	H	423	25.991	-50.885	13.901	-0.95	0.76904948939513	1	0	0	0.20079733956105272	0.7515127701306819	-1.09360729782171	NO	P28472
424	K	424	27.035	-47.732	15.62	-0.95	0.756240042485396	0	0	0	0.20079733956105272	0.7876327845424781	-1.121022665987757	NO	P28472
425	K	425	26.134	-44.722	13.594	-0.95	0.697761194029851	0	0	0	0.19843488764279243	0.7584961607881404	-1.0182150353650807	NO	P28472
426	T	426	26.461	-41.174	14.708	-0.95	0.69711453354576	0	0	0	0.20079733956105272	0.7708055112760039	-1.0182150353650807	NO	P28472
427	H	427	24.761	-38.369	12.927	-0.68	0.731358529111338	0	0	0	0.5733682157867326	0.7073247115232049	-0.9805189041367663	NO	P28472
428	L	428	25.314	-34.718	13.482	-0.68	0.704840032813782	0	0	0	0.33632037134429177	0.7521270689027033	-0.9868015926748187	NO	P28472
429	R	429	22.43	-32.837	12.01	-0.41	0.726279650436954	2	0	0	0.5906437985981855	0.6587549077461949	-0.9839458251575222	NO	P28472
430	R	430	22.449	-29.226	12.927	-0.41	0.66542750929368	0	0	0	0.5906437985981855	0.5334711679818608	-1.0600996256187636	NO	P28472
431	R	431	20.575	-26.495	11.186	-0.95	0.663568773234201	0	0	0	0.9999999999999999	0.45082645356943013	-1.2066956915066533	NO	P28472
432	S	432	21.047	-23.397	13.185	-0.41	0.692419589461775	0	0	0	0.9999999999999999	0.4427865777463214	-1.3009360195774398	NO	P28472
433	S	433	23.138	-21.348	10.841	-1.22	0.721548507462687	0	0	0	0.5906437985981855	0.6515255450408994	-1.4759537717088997	NO	P28472
434	Q	434	21.559	-18.091	10.051	-1.22	0.690111524163569	1	0	0	0.33632037134429177	0.4304083351519927	-1.5417724135361157	NO	P28472
435	L	435	23.669	-15.915	7.914	-1.22	0.686937269372694	0	0	0	0.19843488764279243	0.5826845542179536	-1.5836570037897986	NO	P28472
436	K	436	22.985	-16.79	4.344	-1.22	0.686937269372694	0	0	0	0.33632037134429177	0.6404300117992904	-1.639092490890261	NO	P28472
437	I	437	20.721	-14.649	2.415	-1.22	0.686700767263427	1	0	0	0.19843488764279243	0.5387371722685628	-1.7014574138782816	NO	P28472
438	K	438	16.991	-14.645	2.397	-1.22	0.653284671532847	0	0	0	0.5906437985981855	0.30782236946873387	-1.7378684497238124	NO	P28472
439	I	439	16.115	-11.559	4.276	-1.22	0.626750700280112	1	0	0	0.19843488764279243	0.27668258320501016	-1.5142167620534297	NO	P28472
440	P	440	18.194	-11.29	7.405	-0.95	0.623913799096281	0	0	0	0.1171150532360458	0.30677915857745647	-1.460734836740947	NO	P28472
441	D	441	17.52	-7.737	8.561	-1.22	0.628501400560224	0	0	0	0.11709586753789578	0.2200401879285492	-1.2201585955167658	NO	P28472
442	L	442	13.9	-7.83	9.105	-1.22	0.659926470588235	1	0	0	0.11709586753789578	0.10198098581925183	-1.0182150353650807	NO	P28472
443	T	443	14.021	-11.291	10.379	-1.22	0.655109489051095	1	0	0	0.1171150532360458	0.23045343038875904	-1.2968386140091448	NO	P28472
444	D	444	15.173	-10.973	13.871	-1.22	0.655109489051095	1	0	0	0.19843488764279243	0.1811109214692554	-1.078528845330384	NO	P28472
445	V	445	13.965	-7.387	14.037	-1.22	0.592279411764706	0	0	0	0.1171150532360458	-0.013852280086262094	-0.5439733844282206	NO	P28472
446	N	446	10.398	-8.368	13.283	-1.22	0.627500485531171	0	0	0	0.1171150532360458	-0.05373561523006809	-0.4653384440164677	NO	P28472
447	A	447	10.705	-11.202	15.766	-1.22	0.658671586715867	1	0	0	0.20079733956105272	0.07998459030848333	-0.7611959588083909	NO	P28472
448	I	448	11.879	-8.885	18.516	-0.68	0.657407407407407	1	0	0	0.19843488764279243	-0.06727861289120976	-0.2768577878748951	NO	P28472
449	D	449	8.843	-6.661	18.102	-0.14	0.657407407407407	0	0	0	0.1171150532360458	-0.18743187789845206	0.16652051752480432	NO	P28472
450	R	450	6.573	-9.685	17.978	-1.22	0.61298024744953294	0	0	0	0.20079733956105272	-0.0440403551590577	-0.26429241079879023	NO	P28472
451	W	451	8.097	-11.013	21.181	-0.95	0.693333333333333	0	0	0	0.5906437985981855	0.024150025765909997	-0.43563846183658356	NO	P28472
452	S	452	7.878	-7.704	23.005	-0.68	0.695910780669145	0	0	0	0.5906437985981855	-0.1537357124504001	0.18562915547464118	NO	P28472
453	R	453	4.187	-7.468	22.302	-0.41	0.64760147601476	0	0	0	0.5733682157867326	-0.06417127033285705	0.03727663902772595	NO	P28472
454	I	454	3.504	-10.539	24.413	-0.95	0.601248439450687	1	0	0	0.5733682157867326	0.12400486471337481	-0.6412537230819355	NO	P28472
455	V	455	6.287	-10.37	26.985	-0.95	0.596449704142012	0	0	0	0.9999999999999999	0.047061432525971086	-0.5335504910010369	NO	P28472
456	F	456	5.876	-6.783	28.116	-0.68	0.643700787401575	0	0	0	0.9999999999999999	-0.19310264878505562	0.12444894249320328	NO	P28472
457	P	457	2.239	-7.047	29.023	-0.68	0.64574898785425106	1	0	0	0.9999999999999999	-0.15265905510438987	-0.017817706613656822	NO	P28472
458	F	458	2.91	-10.431	30.586	-0.95	0.587121212121212	0	0	0	1	0.13228963531425605	-0.7459651987161425	NO	P28472
459	T	459	5.737	-9.153	32.727	-1.22	0.648068669527897	0	0	0	1	-0.07981181210763444	-0.7097921434970529	NO	P28472
460	F	460	3.823	-6.026	33.695	-0.68	0.648230088495575	0	0	3.4779242183192633	0.1389686707435671	-0.2696474842386688	-0.07581175465721762	NO	P28472
461	S	461	0.847	-8.111	34.744	-1.22	0.645454545454546	0	0	0	0.9999999999999999	-0.0756989604959283	-0.5874021070414861	NO	P28472
462	L	462	3.108	-10.253	36.862	-0.95	0.741239892183288	0	0	0	0.9999999999999999	0.14188233430392622	-1.1360154454535638	NO	P28472
463	F	463	4.626	-7.134	38.357	-0.95	0.642512077294686	0	0	0	0.9999999999999999	-0.24306206581732037	-0.4753907456773517	NO	P28472
464	N	464	1.232	-5.872	39.448	-0.68	0.511442786069652	0	0	1.1002811634809795	0.9999999999999999	-0.19384426139058042	-0.2957058534890524	NO	P28472
465	L	465	0.318	-9.275	40.78	-0.95	0.642487046632124	0	0	0	1	0.16961597738927736	-1.09360729782171	NO	P28472
466	V	466	3.385	-9.462	42.951	-0.95	0.63903743315508	0	0	0	0.9999999999999999	0.0012478898984089964	-0.8061742972058116	NO	P28472
467	Y	467	3.131	-5.838	44.055	-0.41	0.642458100558659	0	0	14.449229413756239	0.01060837366531712	-0.4203804798115317	-0.07581175465721764	NO	P28472
468	W	468	-0.504	-5.801	45.064	-0.41	0.638728323699422	0	0	14.449229413756239	0.01060837366531712	-0.2667881067280498	-0.20146552541826607	NO	P28472
469	L	469	-0.422	-9.178	46.744	-1.22	0.63855421686747	0	0	52.18252708765457	0.23287671232876697	0.09458529690357324	-0.9839458251575222	NO	P28472
470	Y	470	2.614	-8.233	48.784	-1.22	0.642405063291139	0	0	14.449229413756239	0.01060837366531712	-0.30463206371785007	-0.3181440268392396	NO	P28472
471	Y	471	1.29	-4.914	49.992	-0.68	0.641447368421053	0	0	7.201646782387851	0.02646163744788982	-0.6646991694096919	0.28230149201177035	YES	P28472
