Uniprot_position	aminoacid	Position_in_structure	x	y	z	paraz	mtr	gscount	pscount	OR	pvalue	mtr3dscore	paraz3dscore	HotSpot3D	Uniprot
51	P	51	23.288	-8.055	7.952	-0.92	0.838610038610039	1	0	0	0.4964881474978051	2.155081294555787	-0.5062371998225469	NO	Q00577
52	G	52	21.164	-5.038	7.477	0.55	0.838610038610039	1	0	0.5877932934955797	1	1.61283560179976	-0.13598247289770735	NO	Q00577
53	G	53	24.466	-3.286	7.596	0.79	0.832183908045977	0	0	0	0.4964881474978051	2.339035855109266	-0.6845079942678399	NO	Q00577
54	L	54	28.182	-4.136	7.411	-0.19	0.689655172413793	0	0	0	0.4964881474978051	2.339035855109266	-0.6845079942678399	NO	Q00577
55	Q	55	28.383	-2.887	10.953	-0.92	0.593406593406593	0	0	0	0.4964881474978051	2.339035855109266	-0.6845079942678399	NO	Q00577
56	H	56	28.74	-5.927	12.895	-1.17	0.588876772082879	0	0	0	0.4964881474978051	2.339035855109266	-0.6845079942678399	NO	Q00577
57	E	57	26.968	-4.354	15.845	0.79	0.588876772082879	0	0	0	0.4964881474978051	1.8685946452373947	-0.13598247289770735	NO	Q00577
58	T	58	23.48	-3.287	15.589	-0.43	0.58500814774579	0	0	1.2035416565341885	1	0.7584807956412171	0.2959813751812721	NO	Q00577
59	Q	59	21.55	-0.119	16.24	0.79	0.508522727272727	0	0	1.2035416565341885	1	0.4779587868772344	0.40061858061655276	NO	Q00577
60	E	60	19.926	0.537	19.478	0.79	0.448621553884712	0	0	20.024127411464757	0.03863651712642053	-0.48205957144603717	0.9387261344147433	YES	Q00577
61	L	61	20.625	-0.968	22.483	0.79	0.448621553884712	0	0	20.024127411464757	0.204126426690079	-0.3345333888768481	0.9387261344147433	NO	Q00577
62	A	62	18.441	-3.647	20.956	0.79	0.445692883895131	0	0	20.024127411464757	0.01629978066270866	-0.2652787017909318	0.8937888516949638	YES	Q00577
63	S	63	16.601	-4.29	17.719	0.79	0.445692883895131	0	0	12.115878829212097	0.008856451770857554	-0.1472904936525869	0.8835031631225052	YES	Q00577
64	K	64	13.782	-6.366	16.254	0.79	0.449056603773585	0	0	14.217332974495624	0.003916064451548774	-0.3870642965568154	0.8559658123652761	YES	Q00577
65	R	65	12.737	-6.711	12.631	0.79	0.401123595505618	0	0	5.931169314178479	0.035249953921849896	-0.4707396002375702	0.839260009757013	YES	Q00577
66	V	66	9.375	-7.973	11.454	0.3	0.298245614035088	0	0	20.024127411464757	0.0010671962358802987	-1.0201279877975904	0.9369941715032859	YES	Q00577
67	D	67	8.081	-8.761	7.997	0.79	0.333333333333333	0	0	8.396038823972358	0.04143348968853803	-1.0547065688633563	0.7370990059378476	YES	Q00577
68	I	68	4.368	-8.082	7.84	0.79	0	0	1	6.747574887099601	0.08540417001786624	-1.036198255273386	0.6771890765513732	NO	Q00577
69	Q	69	2.711	-8.403	4.464	0.79	0	0	0	5.213359014036993	0.16979962256795011	-1.0658359970828717	0.6405794353658326	NO	Q00577
70	N	70	4.54	-6.108	2.043	-0.43	0	0	0	2.5567566840115856	0.4003191442008387	-1.241782468724673	0.30667186366227606	NO	Q00577
71	K	71	6.059	-4.034	4.837	0.79	0	0	0	5.931169314178479	0.035249953921849896	-1.1562053694678243	0.4966386044277516	YES	Q00577
72	R	72	9.01	-4.402	7.17	0.79	0	0	0	8.080760217576154	0.008400104716415734	-1.1145220036312344	0.5633875668492117	YES	Q00577
73	F	73	8.956	-2.979	10.678	0.79	0	0	1	10.664543952624408	8.762975931141956e-4	-1.0067436770040479	0.6373969946115972	YES	Q00577
74	Y	74	11.947	-2.245	12.824	0.79	0	0	1	19.024127411464757	7.039908181653121e-4	-0.6507876583176803	0.8836497138303978	YES	Q00577
75	L	75	11.7	-1.794	16.569	0.79	0	0	1	20.024127411464757	1.5254273880096908e-4	-0.6385064596955012	0.8870897988682965	YES	Q00577
76	D	76	14.826	-0.23	18.012	0.79	0	0	0	20.024127411464757	0.00040909189042078093	-0.5932971788044578	0.8890395231984459	YES	Q00577
77	V	77	15.562	0.575	21.638	0.79	0	0	0	20.024127411464757	0.0027124570995290982	-0.45900611830226307	0.8890395231984459	YES	Q00577
78	K	78	17.899	3.561	21.754	0.79	0.0875768757687577	0	0	20.024127411464757	0.08969191475776199	-0.6680451313812765	0.8283211850352721	NO	Q00577
79	Q	79	19.353	5.917	24.295	0.79	0.0772737139136097	0	0	0	1	-0.700683297315176	0.8249494939236182	NO	Q00577
80	N	80	20.469	9.511	24.28	0.3	0.0734567901234568	0	0	0	1	-1.0622616985010687	0.8283211850352719	NO	Q00577
81	A	81	21.642	11.909	26.942	0.06	0.140090001956564	0	0	0	1	-1.424501003770939	0.659646956816635	NO	Q00577
82	K	82	18.085	12.534	28.032	0.3	0.139571150097466	0	0	0	1	-1.335869888678294	0.7083750671909078	NO	Q00577
83	G	83	17.096	8.899	28.229	0.79	0.139571150097466	0	0	0	1	-0.673648846486381	0.6500633118399775	NO	Q00577
84	R	84	15.884	5.728	26.536	0.79	0.131135531135531	0	0	20.024127411464757	0.45588235294117646	-0.6215869588650611	0.7828445380163075	NO	Q00577
85	F	85	13.204	5.419	23.9	0.79	0.139181286549708	0	0	20.024127411464757	0.01629978066270866	-0.7363529558430841	0.8076513531826354	YES	Q00577
86	L	86	11.872	3.066	21.27	0.79	0.146371463714637	0	0	20.024127411464757	0.0010671962358802987	-0.6508080892074133	0.8896094426180281	YES	Q00577
87	K	87	11.894	3.924	17.601	0.79	0.138667702466498	0	0	20.024127411464757	0.00040909189042078093	-0.7260455516412802	1.039062429235509	YES	Q00577
88	I	88	9.316	2.246	15.4	0.79	0.139698689101937	0	1	20.024127411464757	5.523099163483382e-5	-0.7490372193767341	0.9698365609130523	YES	Q00577
89	A	89	10.016	2.349	11.698	0.79	0.13930737624731	0	1	14.217332974495624	0.003916064451548774	-0.9374866312563401	0.7487875351249141	YES	Q00577
90	E	90	7.763	1.232	8.874	0.79	0.146913580246914	0	0	10.664543952624408	8.762975931141956e-4	-1.088321544575473	0.6525229640718583	YES	Q00577
91	V	91	9.322	0.474	5.512	0.79	0.156716417910448	0	0	6.958864626788447	0.017485012495591836	-1.20465415509604	0.5039639687007806	YES	Q00577
92	G	92	6.935	0.156	2.614	-0.43	0.14787277984304	0	0	5.931169314178479	0.035249953921849896	-1.3019388847985636	0.444328922187983	YES	Q00577
93	A	93	7.485	-2.208	-0.278	-0.19	0.13930737624731	1	0	1.8576546065478519	0.6533954686665399	-1.5312434219221542	0.2624701133098423	NO	Q00577
94	G	94	8.603	0.777	-2.331	0.79	0.140878512069648	0	0	0.5877932934955797	1	-1.489950789371273	-0.04143164555388453	NO	Q00577
95	G	95	11.11	1.714	0.315	-0.92	0.141669964384646	0	0	1.8576546065478519	0.6533954686665399	-1.5013000460746653	0.20277512496161024	NO	Q00577
96	N	96	9.238	4.651	1.817	-0.19	0.14787277984304	1	0	2.5567566840115856	0.4003191442008387	-1.3877444819690954	0.2518696121056145	NO	Q00577
97	K	97	10.025	5.159	5.487	0.79	0.14787277984304	0	1	5.931169314178479	0.035249953921849896	-1.1704999425627973	0.5012500667027705	YES	Q00577
98	S	98	7.768	6.33	8.311	0.79	0.15599128540305	0	0	6.958864626788447	0.017485012495591836	-0.9139422686535212	0.5584424198854528	YES	Q00577
99	R	99	8.845	6.455	11.934	0.3	0.147325102880658	0	0	8.080760217576154	0.008400104716415734	-0.9218364392092611	0.5251866823252205	YES	Q00577
100	L	100	7.493	7.233	15.402	0.79	0.155849793792056	0	1	10.664543952624408	8.762975931141956e-4	-0.9380513207143054	0.7590643708619782	YES	Q00577
101	T	101	9.337	7.597	18.698	0.79	0.221189591078067	0	0	5.931169314178479	0.035249953921849896	-0.9925484163752872	0.8616833910585032	YES	Q00577
102	L	102	7.995	6.393	22.025	0.79	0.234200743494424	0	0	20.024127411464757	0.0027124570995290982	-1.0309629541726986	0.7599450730493134	YES	Q00577
103	S	103	9.049	6.718	25.623	0.79	0.234200743494424	0	0	20.024127411464757	0.03863651712642053	-1.0077931821560744	0.686047635811984	YES	Q00577
104	M	104	9.306	3.375	27.369	0.3	0.235074626865672	0	0	20.024127411464757	0.08969191475776199	-0.567916055865507	0.7269066405760303	NO	Q00577
105	S	105	6.228	4.113	29.413	0.06	0.249766791044776	0	0	1.1967664773245357	1	-0.5517191994410172	0.5376728026376656	NO	Q00577
106	V	106	4.276	4.853	26.268	0.79	0.251644736842105	0	0	5.213359014036993	0.16979962256795011	-0.8383598380756111	0.5660376921502687	NO	Q00577
107	A	107	5.638	1.716	24.645	0.79	0.248838289962825	0	0	10.179526805793609	0.019452222671900554	-0.7658631930432976	0.5973723002384481	YES	Q00577
108	V	108	4.3	-0.407	27.464	0.06	0.26542750929368	0	0	5.213359014036993	0.16979962256795011	-0.4917808456970858	0.5456532467033179	NO	Q00577
109	E	109	0.931	1.279	27.189	0.79	0.222014925373134	0	0	2.5567566840115856	0.4003191442008387	-0.8423227681475479	0.40456417659827526	NO	Q00577
110	F	110	0.972	0.619	23.464	0.06	0.266417910447761	0	0	4.114147894305109	0.1289654407826805	-0.8297796168878309	0.5971507930956148	NO	Q00577
111	R	111	1.789	-3.014	24.107	0.3	0.29574555968608	0	0	3.3067670957004007	0.23250079047379313	-0.6933640524226461	0.5647553734562089	NO	Q00577
112	D	112	-1.074	-3.369	26.562	0.79	0.166977611940299	1	0	1.8576546065478519	0.6533954686665399	-0.6945310811114409	0.5975827320241401	NO	Q00577
113	Y	113	-3.614	-1.866	24.178	-0.68	0.166977611940299	0	0	4.114147894305109	0.1289654407826805	-0.782227422548347	0.659646956816635	NO	Q00577
114	L	114	-2.652	-4.04	21.246	0.79	0.13271375464684	0	0	4.986177034972194	0.06868075522543059	-0.6661786711169393	0.7683065935238085	NO	Q00577
115	G	115	-4.358	-7.007	22.876	0.79	0.120648867860764	0	0	1.2035416565341885	1	-0.6509763237130691	0.717402590797089	NO	Q00577
116	D	116	-7.733	-5.307	23.037	0.79	0.11986531986532	1	0	3.3067670957004007	0.23250079047379313	-0.7540700354040348	0.6164584632007005	NO	Q00577
117	F	117	-7.35	-4.248	19.442	0.79	0.219753086419753	0	0	4.986177034972194	0.06868075522543059	-0.6780553621279657	0.7220531332608793	NO	Q00577
118	I	118	-6.519	-7.783	18.435	0.79	0.23973063973064	0	0	2.5567566840115856	0.4003191442008387	-0.6266418215089855	0.8553039704586645	NO	Q00577
119	E	119	-9.446	-9.206	20.357	0.79	0.241519674355495	0	0	1.2035416565341885	1	-0.6248986097706705	0.7548085020073895	NO	Q00577
120	H	120	-11.761	-6.69	18.743	0.79	0.241519674355495	0	0	3.785072405761427	0.3239561141229271	-0.6083336732862608	0.7970089353243222	NO	Q00577
121	Y	121	-10.363	-7.433	15.304	0.79	0.333333333333333	0	0	5.213359014036993	0.16979962256795011	-0.573293971836671	0.8643050203885811	NO	Q00577
122	A	122	-10.712	-11.176	15.707	0.79	0.333333333333333	0	0	0	1	-0.4519182800555672	0.8077210207517524	NO	Q00577
123	Q	123	-14.426	-10.748	16.439	-0.43	0.363636363636364	0	0	0	1	-0.2736534332266802	0.6357761011272138	NO	Q00577
124	L	124	-15.291	-8.74	13.337	0.79	0.397388059701493	0	0	20.024127411464757	0.204126426690079	-0.3943155267506929	0.6724701437572331	NO	Q00577
125	G	125	-17.373	-9.976	10.437	0.79	0.362614913176711	0	0	0	1	-0.17050508784336196	0.38865027280532793	NO	Q00577
126	P	126	-17.338	-8.463	7.023	-0.19	0.32962962962963	0	0	20.024127411464757	0.204126426690079	-0.2606453363236327	0.3463948186963093	NO	Q00577
127	S	127	-17.271	-4.719	6.661	0.06	0.327205882352941	0	0	1.2035416565341885	1	-0.4055050231596126	0.0950217886848248	NO	Q00577
128	Q	128	-20.459	-3.269	5.403	-0.43	0.328413284132841	0	0	0.7844123970522223	1	-0.33540634230348143	-0.2815749646232677	NO	Q00577
129	P	129	-20.376	-0.521	2.885	-0.19	0.328413284132841	0	0	0.5735422455562277	0.6809037648041159	-0.44105202401815674	-0.5138578366329595	NO	Q00577
130	P	130	-23.058	2.024	2.203	-0.68	0.360606060606061	1	0	0	0.24473222124670768	-0.2375884960512165	-0.9079164067440385	NO	Q00577
131	D	131	-23.071	3.949	-1.041	-0.68	0.360932747549848	0	0	0	0.4964881474978051	-0.18453991250470367	-1.1967841354122426	NO	Q00577
132	L	132	-21.289	6.851	0.612	0.3	0.238846024823885	1	0	0	0.058115940249390666	-0.3622221469577353	-1.0581471657458903	NO	Q00577
133	A	133	-17.627	6.936	1.449	0.06	0.240621831699899	0	0	0.6894652576632204	0.7188713231960111	-0.5483570472984362	-0.5490300065271715	NO	Q00577
134	Q	134	-16.705	6.134	4.996	-0.68	0.24040404040404	0	0	0.6894652576632204	0.7188713231960111	-0.5700430577415485	-0.2549027357868236	NO	Q00577
135	A	135	-15.138	9.208	6.475	0.55	0.201532784558615	1	0	0.6894652576632204	0.7188713231960111	-0.6570676199225745	-0.08092980425861461	NO	Q00577
136	Q	136	-16.433	11.837	8.785	-0.43	0.21709717097171	1	0	0.2796437088051856	0.36620885699024425	-0.6744552376955293	-0.2671197357084116	NO	Q00577
137	D	137	-15.459	14.985	10.576	0.3	0.23596256684492	0	0	0.3827716948892846	0.6197253141941464	-0.6933373287837379	-0.29240343359532833	NO	Q00577
138	E	138	-13.215	14.704	13.574	0.79	0.23596256684492	0	0	0.3827716948892846	0.6197253141941464	-0.7068839637522407	-0.08922716051429572	NO	Q00577
139	P	139	-15.122	11.652	14.418	0.79	0.236833277423683	0	0	1.6661343699819637	0.6937705484813693	-0.7550527887150388	0.058140849403039735	NO	Q00577
140	R	140	-14.34	9.209	11.678	0.06	0.21709717097171	0	1	1.6661343699819637	0.6937705484813693	-0.7885732433053325	0.21475780048929521	NO	Q00577
141	R	141	-15.094	5.671	10.812	-0.43	0.217283950617284	1	0	1.9600165042641076	0.49368248818318894	-0.6886968657601348	0.14014062676231606	NO	Q00577
142	A	142	-12.879	4.222	13.428	0.06	0.216911764705882	0	0	3.862424367806036	0.09520097271566377	-0.8549024286136594	0.4769421892869929	NO	Q00577
143	L	143	-13.843	0.756	14.457	0.79	0.215506715506716	0	0	5.931169314178479	0.035249953921849896	-0.5972471391444127	0.48063526712588517	YES	Q00577
144	K	144	-12.026	1.342	17.703	0.79	0.216911764705882	0	2	4.114147894305109	0.1289654407826805	-0.789779924404361	0.6504875375733506	NO	Q00577
145	S	145	-9.927	4.191	19.039	0.3	0.235764235764236	0	0	4.986177034972194	0.06868075522543059	-0.881780455979685	0.5770656329191831	NO	Q00577
146	E	146	-7.58	4.861	21.941	0.3	0.288156288156288	0	0	4.114147894305109	0.1289654407826805	-0.9600647179421579	0.5368521186734673	NO	Q00577
147	F	147	-5.314	7.772	22.766	0.3	0.286060606060606	0	0	10.179526805793609	0.019452222671900554	-0.9233887170191942	0.5531587522229722	YES	Q00577
148	L	148	-2.034	7.952	24.662	0.55	0.162683823529412	0	0	2.5567566840115856	0.4003191442008387	-0.9274471284234925	0.49329926967687576	NO	Q00577
149	V	149	-0.277	10.993	26.04	-0.92	0.145551455514555	0	0	1.8576546065478519	0.6533954686665399	-0.9517597142806505	0.5540508000101443	NO	Q00577
150	R	150	3.253	11.715	27.028	0.79	0.145016339869281	0	0	0.5877932934955797	1	-0.9518721639341142	0.5750139230086874	NO	Q00577
151	E	151	4.22	15.27	27.776	0.3	0.118649732620321	0	0	0.5877932934955797	1	-1.1197098059281858	0.5266521894041458	NO	Q00577
152	N	152	3.073	17.386	24.848	0.79	0	0	0	0.3827716948892846	0.6197253141941464	-0.9753978403756313	0.01868488958581475	NO	Q00577
153	R	153	2.961	14.402	22.499	0.79	0	0	1	0.885526911169796	1	-0.7059584127192396	0.1355376601805083	NO	Q00577
154	K	154	-0.28	12.699	21.566	0.79	0	0	0	1.6661343699819637	0.6937705484813693	-0.7632786470109535	0.5411987041134804	NO	Q00577
155	Y	155	-0.592	9.247	20.055	0.79	0	0	0	3.247686632355066	0.16726788097877904	-0.7524554719200893	0.5666205642839321	NO	Q00577
156	Y	156	-3.773	8.104	18.375	0.79	0	0	0	5.262127296772497	0.014900995345001796	-0.7147146655793424	0.43569620166696316	YES	Q00577
157	M	157	-4.448	4.423	17.826	0.3	0	0	1	5.931169314178479	0.035249953921849896	-0.7569450256843547	0.5970853478034138	YES	Q00577
158	D	158	-7.239	3.822	15.334	0.79	0.110285006195787	0	1	8.080760217576154	0.008400104716415734	-0.7127562499369429	0.6651228042128903	YES	Q00577
159	L	159	-8.436	0.485	14.022	0.79	0.190298507462687	0	0	9.310552807735675	0.0020843033947877602	-0.6745189099428999	0.7024359069236836	YES	Q00577
160	K	160	-9.799	1.173	10.57	0.79	0.178277153558052	0	0	8.080760217576154	0.008400104716415734	-0.6773022839584103	0.6461619279694254	YES	Q00577
161	E	161	-11.046	-0.658	7.534	0.79	0.167134831460674	0	0	6.958864626788447	0.017485012495591836	-0.5563123967757823	0.45224224933225105	YES	Q00577
162	N	162	-10.763	0.032	3.838	0.79	0.156716417910448	0	2	2.5567566840115856	0.4003191442008387	-0.628258287302848	0.3578002868322947	NO	Q00577
163	Q	163	-10.7	-1.852	0.562	0.79	0.166511194029851	0	0	20.024127411464757	0.204126426690079	-0.6229002016789646	0.20277512496161024	NO	Q00577
164	R	164	-7.192	-2.976	1.466	0.79	0.155696479335229	0	0	20.024127411464757	0.03863651712642053	-0.8232016466186506	0.8842359166619679	YES	Q00577
165	G	165	-8.33	-4.57	4.682	0.79	0.222014925373134	0	0	20.024127411464757	0.03863651712642053	-0.6263376018076412	0.8598107986798763	YES	Q00577
166	R	166	-8.282	-3.773	8.371	0.79	0.222222222222222	0	0	12.115878829212097	0.008856451770857554	-0.5519705868227753	0.7853141888344968	YES	Q00577
167	F	167	-5.288	-1.981	9.824	0.79	0.223684210526316	0	0	20.024127411464757	5.523099163483382e-5	-0.798002329706166	0.9417570695097938	YES	Q00577
168	L	168	-4.088	-0.2	12.925	0.79	0.283614697120159	0	0	19.024127411464757	7.039908181653121e-4	-0.689274980739371	0.79476285289599	YES	Q00577
169	R	169	-3.227	3.415	12.364	0.79	0.282548476454294	0	1	20.024127411464757	1.9379295310467932e-5	-0.7113258372503501	0.8551034123051459	YES	Q00577
170	I	170	-0.807	4.883	14.833	0.79	0.336792452830189	0	0	8.080760217576154	0.008400104716415734	-0.740140766602891	0.6759796475515021	YES	Q00577
171	R	171	-0.412	8.616	14.616	0.79	0.354518371400199	0	1	4.531804679281344	0.029911122511035178	-0.7058104196149888	0.44037046013240705	YES	Q00577
172	Q	172	1.813	10.953	16.591	0.79	0.356858054226475	0	0	3.3138910451455237	0.07002097431162142	-0.7042221555545388	0.2930592428845054	NO	Q00577
173	T	173	1.103	14.68	16.735	0.79	0.357214328597158	1	0	1.2185954243631243	1	-0.6569936771353143	0.07690435029389787	NO	Q00577
174	V	174	2.09	17.756	18.777	0.06	0.357214328597158	1	0	0.5735422455562277	0.6809037648041159	-0.5883538507834076	-0.09569981677955001	NO	Q00577
175	N	175	0.149	20.59	17.143	-0.19	0.359582161510647	0	0	0.2175143506379385	0.20886140308330828	-0.3598388723554786	-0.40638731751175605	NO	Q00577
176	R	176	-2.339	21.154	14.381	0.79	0.360216129677807	0	0	0.2175143506379385	0.20886140308330828	-0.1441294687050454	-0.6880699906402283	NO	Q00577
177	G	177	-3.902	24.291	13.095	0.79	0.325577200577201	0	0	0	0.11973452359756132	0.13467337020170214	-0.9911246420030309	NO	Q00577
178	P	178	-5.912	26.021	10.525	-1.17	0.326815136701068	0	0	0	0.4964881474978051	0.10204853680760129	-0.9079164067440385	NO	Q00577
179	G	179	-4.13	26.953	7.365	0.06	0.314350400557297	0	0	0	0.4964881474978051	0.08740590334878137	-0.9073464873244562	NO	Q00577
180	L	180	-0.449	26.218	7.598	-0.43	0.326815136701068	1	0	0	0.4964881474978051	0.12096551180224259	-1.259214736974469	NO	Q00577
181	G	181	1.969	26.35	10.476	0.79	0.328971283169756	0	0	0	0.11973452359756132	0.14200717224795326	-1.283493304248668	NO	Q00577
182	S	182	0.881	23.058	11.919	-0.43	0.367408906882591	0	0	0	0.058115940249390666	0.14671528685957233	-1.1002861308306868	NO	Q00577
183	T	183	3.663	21.006	13.429	-1.9	0.370257037943696	1	0	0.2175143506379385	0.20886140308330828	-0.12640778101293976	-0.5829952882387389	NO	Q00577
184	Q	184	5.323	17.802	12.249	-1.9	0.370257037943696	0	0	0.6894652576632204	0.7188713231960111	-0.11167269872406096	-0.2388310081546072	NO	Q00577
185	G	185	3.351	14.636	12.24	-0.92	0.370257037943696	1	0	1.2185954243631243	1	-0.451984611070405	0.1606577258672731	NO	Q00577
186	Q	186	4.275	10.995	11.927	0.79	0.3503861003861	0	0	3.3138910451455237	0.07002097431162142	-0.6500128801563905	0.3639809036434153	NO	Q00577
187	T	187	2.226	7.856	11.444	0.79	0.331143951833607	0	0	8.080760217576154	0.008400104716415734	-0.7549543142753404	0.6339055963655084	YES	Q00577
188	I	188	2.59	4.148	10.787	0.79	0.331143951833607	0	1	12.163025501849345	3.535295212254434e-4	-0.9832028479135678	0.7487875351249141	YES	Q00577
189	A	189	0.013	1.698	9.479	0.06	0.306191687871077	0	1	20.024127411464757	6.575118051765893e-6	-0.9725591989714528	0.8660064383631386	YES	Q00577
190	L	190	0.078	-1.899	10.666	0.79	0.258620689655172	0	0	20.024127411464757	1.9379295310467932e-5	-0.9336886749175093	0.8768061365874155	YES	Q00577
191	P	191	-2.047	-4.534	8.972	0.79	0.244343891402715	0	1	20.024127411464757	0.00040909189042078093	-0.9014658601174095	0.8836497138303978	YES	Q00577
192	A	192	-4.485	-5.968	11.492	0.79	0.242731575388776	0	0	20.024127411464757	0.0010671962358802987	-0.7380389414565172	1.0266832047335268	YES	Q00577
193	Q	193	-3.186	-9.481	10.959	0.79	0.257902298850575	0	0	20.024127411464757	0.03863651712642053	-0.6934535938425258	1.0019274082310619	YES	Q00577
194	G	194	0.266	-8.3	12.12	0.79	0.256202290076336	0	0	20.024127411464757	0.01629978066270866	-0.8756873724442373	0.9042802715479168	YES	Q00577
195	L	195	-0.789	-6.947	15.529	0.3	0.273282442748092	0	0	4.986177034972194	0.06868075522543059	-0.6949620627401658	0.8606335394961151	NO	Q00577
196	I	196	-0.134	-10.088	17.542	0.79	0.196703296703297	0	0	2.5567566840115856	0.4003191442008387	-0.6587222853345256	0.8292794012022616	NO	Q00577
197	E	197	3.343	-10.545	16.111	0.79	0.227099236641221	0	0	20.024127411464757	0.01629978066270866	-0.6415084957839329	0.8472600457475399	YES	Q00577
198	F	198	4.052	-6.868	16.67	0.79	0.227969348659004	0	0	16.51085321596608	0.0016833639226492513	-0.7391588249169141	0.7593905568572875	YES	Q00577
199	R	199	2.781	-7.013	20.235	0.79	0.124346917450366	0	1	3.3067670957004007	0.23250079047379313	-0.6196827439403949	0.6938145452454545	NO	Q00577
200	D	200	4.95	-9.986	21.101	0.79	0.2264631043257	0	0	6.747574887099601	0.08540417001786624	-0.5206710112065337	0.6771890765513732	NO	Q00577
201	A	201	8.002	-8.277	19.657	0.79	0.31237203860778	0	0	20.024127411464757	0.0010671962358802987	-0.5591520762994202	0.7692852051587491	YES	Q00577
202	L	202	7.349	-5.193	21.734	0.79	0.31237203860778	0	1	12.115878829212097	0.008856451770857554	-0.6234234650072262	0.7345343685497281	YES	Q00577
203	A	203	6.956	-7.338	24.838	0.06	0.31237203860778	0	0	6.747574887099601	0.08540417001786624	-0.43441385548824835	0.6339055963655084	NO	Q00577
204	K	204	10.302	-8.987	24.239	-0.19	0.289244975556763	0	0	20.024127411464757	0.01629978066270866	-0.3068798849707718	0.7931196069722521	YES	Q00577
205	L	205	12.056	-5.627	24.225	0.79	0.291166848418757	0	1	20.024127411464757	0.006726893606832144	-0.401518233559013	0.8394197646999882	YES	Q00577
206	I	206	10.027	-4.363	27.157	0.79	0.27175572519084	0	1	6.747574887099601	0.08540417001786624	-0.4131634885407317	0.707092748496848	NO	Q00577
207	D	207	11.149	-7.229	29.324	0.3	0.290874524714829	0	0	20.024127411464757	0.08969191475776199	-0.07754721026453915	0.569314728812866	NO	Q00577
208	D	208	14.762	-6.271	28.734	0.79	0.481132075471698	0	0	20.024127411464757	0.08969191475776199	0.1286940620507328	0.659646956816635	NO	Q00577
209	Y	209	14.338	-2.569	29.323	0.79	0.47978436657682	0	0	20.024127411464757	0.08969191475776199	-0.31927849240467093	0.704711299493594	NO	Q00577
210	G	210	12.558	-0.713	32.049	0.79	0.47978436657682	0	0	20.024127411464757	0.204126426690079	-0.28837963786919807	0.5516990376621453	NO	Q00577
211	V	211	12.519	2.756	33.462	0.06	0.442786069651741	0	0	20.024127411464757	0.45588235294117646	-0.18189397799105753	0.5971507930956146	NO	Q00577
212	E	212	15.301	3.372	35.899	0.3	0.439506172839506	0	0	0	0.24473222124670768	0.17455532752061248	0.0945718523009441	NO	Q00577
213	E	213	14.097	4.684	39.197	0.3	0.436274509803922	0	0	0	0.24473222124670768	0.6490441414441399	-0.09435643529053503	NO	Q00577
214	E	214	14.247	5.513	42.503	0.3	0.408653846153846	0	0	0.3827716948892846	0.6197253141941464	0.2919238056441126	0.13560605051085814	NO	Q00577
215	P	215	15.866	7.272	45.319	-0.68	0.408653846153846	1	0	0.3827716948892846	0.6197253141941464	0.03083088813108413	0.3082916346442463	NO	Q00577
216	A	216	16.229	4.245	47.537	-0.19	0.384615384615385	2	0	0.5735422455562277	0.6809037648041159	-0.03407202195198729	0.46324972525273733	NO	Q00577
217	E	217	17.992	0.915	47.821	0.79	0.386029411764706	0	0	0.5735422455562277	0.6809037648041159	-0.0073980695864344125	0.5161622439971002	NO	Q00577
218	L	218	15.977	-2.014	49.068	0.79	0.385692738633915	0	0	0.885526911169796	1	0.031155262731081202	0.5161622439971002	NO	Q00577
219	P	219	17.594	-4.718	51.133	0.79	0.386029411764706	0	0	1.2108000966930599	0.9999999999999999	-0.032611591288861305	0.6583646381225753	NO	Q00577
220	E	220	15.778	-7.964	52.028	0.79	0.343459752321981	0	0	0.7844123970522223	1	0.05071646195574839	0.810960562715693	NO	Q00577
221	G	221	12.464	-7.399	53.833	0.79	0.346003898635478	0	0	0.885526911169796	1	-0.002981072622513202	0.8606335394961151	NO	Q00577
222	T	222	9.734	-9.487	55.479	0.79	0.386710239651416	0	0	0.885526911169796	1	0.06805998801598565	0.7357311993308506	NO	Q00577
223	S	223	5.954	-9.716	55.832	0.79	0.406364468864469	2	0	1.2108000966930599	0.9999999999999999	0.09556557150039112	0.8077210207517524	NO	Q00577
224	L	224	3.547	-11.041	58.411	0.06	0.401947463768116	0	0	0.7844123970522223	1	0.16578030115221853	0.7915833024499002	NO	Q00577
225	T	225	-0.131	-11.845	58.429	-0.19	0.406364468864469	0	0	1.2035416565341885	1	0.27001087217521763	0.3897565869727521	NO	Q00577
226	V	226	-2.526	-11.658	61.324	0.79	0.382460676578324	0	0	0.5735422455562277	0.6809037648041159	0.4613718603928558	-0.49073539160991264	NO	Q00577
227	D	227	-6.359	-11.538	61.39	0.79	0.381064834693001	0	0	2.450320210483446	0.5880357570436588	0.4268881670453966	-0.08446426250778781	NO	Q00577
228	N	228	-7.555	-8.781	59.066	0.3	0.36019536019536	0	1	2.450320210483446	0.5880357570436588	0.32694787271715947	0.28264526076305	NO	Q00577
229	K	229	-4.186	-7.166	58.576	0.79	0.412507282967567	0	0	0.7844123970522223	1	0.28675188181176836	0.16613744798847274	NO	Q00577
230	R	230	-0.87	-7.695	56.903	0.79	0.412151702786378	0	0	0.7844123970522223	1	0.14789717907165228	0.6396873875786605	NO	Q00577
231	F	231	2.37	-6.089	57.954	0.79	0.411798727588201	0	1	0.885526911169796	1	0.12186831618681551	0.5189864600682277	NO	Q00577
232	F	232	5.229	-5.371	55.628	0.3	0.28978428978429	0	0	0.6894652576632204	0.7188713231960111	0.04305829601453118	0.7312595238848983	NO	Q00577
233	F	233	8.775	-4.622	56.643	0.79	0.290032679738562	0	0	0.6894652576632204	0.7188713231960111	0.048983762025093386	0.7699263645057789	NO	Q00577
234	D	234	10.704	-2.703	54.041	0.79	0.291922919229192	0	0	0.8265099849367468	0.9999999999999999	0.02840803306267813	0.6856597074675627	NO	Q00577
235	V	235	14.248	-1.466	54.298	0.79	0.308823529411765	0	1	0.6391065164100819	0.7423408849696417	-0.04931888262868456	0.7750556392820183	NO	Q00577
236	G	236	15.057	1.554	52.251	0.79	0.308823529411765	0	0	0.9488742678522925	0.9999999999999999	-0.07806434264229771	0.6341978627345249	NO	Q00577
237	S	237	18.053	3.758	51.857	-0.19	0.326923076923077	0	1	1.2185954243631243	1	-0.062488347043642	0.5736758513279292	NO	Q00577
238	N	238	18.475	7.35	50.842	0.79	0.329044117647059	0	0	0.885526911169796	1	-0.13093056431130626	0.44768721973968945	NO	Q00577
239	K	239	21.155	9.998	51.048	0.79	0.187336473050759	0	0	0.3827716948892846	0.6197253141941464	-0.15884905372819713	0.344196558077921	NO	Q00577
240	Y	240	20.581	10.58	54.751	0.79	0.174847374847375	0	0	0.7844123970522223	1	-0.2638886996067104	0.40219681900924187	NO	Q00577
241	G	241	20.87	6.903	55.505	0.79	0.1875	0	0	0.885526911169796	1	-0.20445018091707473	0.45647068373560234	NO	Q00577
242	V	242	18.976	3.634	55.91	0.3	0.279434850863422	0	0	1.2185954243631243	1	-0.15701801467557114	0.5750139230086874	NO	Q00577
243	F	243	15.433	3.468	57.195	0.79	0.260805860805861	0	0	0.9488742678522925	0.9999999999999999	-0.18334510986670152	0.7448499100441647	NO	Q00577
244	M	244	12.883	0.768	57.921	0.3	0.227994847574066	1	0	0.9488742678522925	0.9999999999999999	-0.08628511491216433	0.6931527033388432	NO	Q00577
245	R	245	9.261	1.313	57.038	0.3	0.242928832116788	0	1	1.226989507087583	1	-0.04999324157798801	0.7630873314707933	NO	Q00577
246	V	246	6.438	-0.638	58.601	0.79	0.257454545454546	1	0	0.9488742678522925	0.9999999999999999	-0.009549207911353276	0.837222449570038	NO	Q00577
247	S	247	3.194	-0.734	56.719	0.79	0.273852501289324	0	0	0.6894652576632204	0.7188713231960111	0.1128935943832535	0.36324815010395256	NO	Q00577
248	E	248	-0.115	-1.94	58.033	0.79	0.297304884896126	0	0	0.5582690978232017	0.4939683817528202	0.3121863819636346	-0.5401507577548581	NO	Q00577
249	V	249	-2.855	-3.012	55.721	0.79	0.322080291970803	0	0	0.5735422455562277	0.6809037648041159	0.24627507389401002	0.014076433479162879	NO	Q00577
250	K	250	-6.354	-3.549	56.961	0.3	0.324175824175824	0	0	1.2035416565341885	1	0.31314908261818847	-0.3165472926430807	NO	Q00577
251	P	251	-9.02	-4.456	54.313	0.79	0.386181818181818	0	0	20.024127411464757	0.45588235294117646	0.1828351999909018	0.7888652252180469	NO	Q00577
252	T	252	-8.319	-1.694	51.881	-0.19	0.351360318513603	0	0	20.024127411464757	0.45588235294117646	0.1490137696603998	0.7326225479513115	NO	Q00577
253	Y	253	-6.367	0.765	53.858	0.79	0.351648351648352	0	0	20.024127411464757	0.204126426690079	0.30270963630280123	-0.46337925946996994	NO	Q00577
254	R	254	-2.675	1.082	54.383	0.79	0.322878228782288	0	0	1.2035416565341885	1	0.22323533701717627	-0.28816974647843235	NO	Q00577
255	N	255	-0.616	3.139	56.791	0.79	0.300516647531573	0	0	0.7844123970522223	1	0.2515437215198322	-0.5747985059982782	NO	Q00577
256	S	256	3.094	3.238	57.449	-0.19	0.298541607091793	0	0	0.5735422455562277	0.6809037648041159	0.13933735129961575	-0.3029469428575978	NO	Q00577
257	I	257	5.708	4.397	59.948	0.79	0.321296296296296	1	0	1.6661343699819637	0.6937705484813693	0.06732357351252684	-0.3201560314184585	NO	Q00577
258	T	258	9.321	4.965	59.075	0.79	0.391096083403776	0	0	1.6661343699819637	0.6937705484813693	-0.11635166342588413	0.2680465556306768	NO	Q00577
259	V	259	12.175	4.409	61.474	0.79	0.424019607843137	0	0	1.6661343699819637	0.6937705484813693	-0.14616907092957418	0.5959413640957435	NO	Q00577
260	P	260	15.684	5.552	60.852	0.79	0.34692513368984	0	1	1.6661343699819637	0.6937705484813693	-0.22896114423986683	0.6396873875786605	NO	Q00577
261	Y	261	18.6	3.189	61.376	0.3	0.318681318681319	0	0	5.213359014036993	0.16979962256795011	-0.14856912721401264	0.5960195244732863	NO	Q00577
262	K	262	20.08	5.23	64.193	0.79	0.230258792302588	0	0	1.1967664773245357	1	-0.14483576336809853	0.6275889894651397	NO	Q00577
263	V	263	16.994	4.475	66.318	0.06	0.251636363636364	0	0	1.1967664773245357	1	0.16912630898365735	0.31741034535756046	NO	Q00577
264	W	264	16.697	0.766	65.481	0.79	0.251824817518248	0	0	3.785072405761427	0.3239561141229271	0.17341975370950027	0.30559201634096245	NO	Q00577
265	A	265	18.435	-0.811	68.478	-0.19	0.252941176470588	0	0	20.024127411464757	0.45588235294117646	0.48233206433595344	0.13096527809426078	NO	Q00577
266	K	266	16.647	1.508	70.852	0.3	0.342148760330579	0	0	1.1967664773245357	1	0.5282821625738141	0.1284250658241232	NO	Q00577
267	F	267	13.435	0.649	69.048	0.79	0.415458937198068	0	0	0.5877932934955797	1	0.5054242283722127	0.23420211009856826	NO	Q00577
268	G	268	14.001	-3.073	69.434	0.79	0.534545454545455	0	0	0	1	0.7008673545495094	-0.03024050058754433	NO	Q00577
269	H	269	14.795	-2.884	73.117	-1.41	0.540031397174254	0	0	0	1	0.9488047827615973	-0.19144627926934937	NO	Q00577
270	T	270	11.725	-0.86	73.833	-0.19	0.540031397174254	0	0	0	1	1.0179276550180982	-0.10546986397238671	NO	Q00577
271	F	271	9.638	-3.237	71.799	0.79	0.54359243697479	0	0	0	0.4964881474978051	1.0683450100122658	-1.0756355502210682	NO	Q00577
272	C	272	10.88	-5.992	74.003	0.06	0.588034188034188	0	0	0	0.4964881474978051	1.2547458036744912	-0.84971757660318	NO	Q00577
273	K	273	10.071	-4.012	77.139	0.3	0.500729927007299	1	0	0	0.4964881474978051	1.398658887125977	-0.790580055653598	NO	Q00577
274	Y	274	6.449	-3.801	76.086	0.79	0.536103896103896	0	0	0	0.24473222124670768	1.4364039700135025	-1.1340604324342312	NO	Q00577
275	S	275	6.315	-7.476	75.594	-0.92	0.625454545454546	0	0	0	0.11973452359756132	1.4810952085319373	-1.1235087814659674	NO	Q00577
276	E	276	7.477	-7.908	79.146	0.3	0.625454545454546	0	0	0	0.058115940249390666	1.50608343415152	-0.7764149996151912	NO	Q00577
277	E	277	4.703	-5.675	80.521	0.79	0.621376811594203	0	0	0	0.058115940249390666	1.5574687028100795	-0.7414999362260538	NO	Q00577
278	M	278	1.97	-7.809	79.028	0.79	0.619565217391305	0	0	0	0.006290135762710206	1.5030850079354792	-0.9087453804452489	NO	Q00577
279	K	279	1.073	-10.274	81.718	0.3	0.615523465703971	0	0	0	0.006290135762710206	1.5402644460057808	-0.6582917009670615	NO	Q00577
280	K	280	-2.237	-9.551	83.009	-0.19	0.611510791366906	0	0	0	0.01333243413741659	1.687264111123173	-0.7756951014009823	NO	Q00577
281	I	281	-1.244	-5.933	82.447	0.79	0.60752688172043	1	0	0	0.027966847682607106	1.7735435203337442	-0.8150195413521498	NO	Q00577
282	Q	282	-4.703	-5.446	83.795	-0.19	0.607142857142857	1	0	0	0.058115940249390666	2.0438610032317586	-0.5621068389237375	NO	Q00577
283	E	283	-8.102	-6.144	82.377	-0.19	0.662337662337662	2	0	0	0.11973452359756132	2.226965773519691	-0.4086669951900847	NO	Q00577
284	K	284	-9.371	-3.084	80.668	-0.68	0.65803946942737	0	0	0	0.058115940249390666	2.436418325441437	-2.0677462655490437	NO	Q00577
285	Q	285	-12.352	-1.887	82.604	-0.43	0.725978647686833	0	0	0	0.058115940249390666	2.5827827618985624	-1.9130789030655218	NO	Q00577
286	R	286	-14.467	0.989	81.434	0.3	0.806642941874259	0	0	0	0.11973452359756132	2.640331698301815	-2.164018807503073	NO	Q00577
287	E	287	-15.196	3.885	83.739	0.3	0.811904761904762	1	0	0	1	2.753234502998568	-2.4143274165835487	NO	Q00577
288	K	288	-17.975	6.422	83.891	0.79	0.817745803357314	0	0	0	1	2.9206477343093726	-1.911951589927887	NO	Q00577
289	R	289	-16.377	8.615	81.279	-1.9	0.766129032258065	0	0	0	1	2.8110351154666677	-2.4694956163990995	NO	Q00577
290	A	290	-15.006	7.108	78.155	-1.9	0.771660649819495	0	0	0	1	2.753234502998568	-2.4143274165835487	NO	Q00577
291	A	291	-11.314	7.707	78.01	-1.9	0.619565217391305	0	0	0	1	2.7257763679564126	-2.5967430795348934	NO	Q00577
292	C	292	-8.226	6.392	76.373	-1.9	0.683316683316683	0	0	0	0.4964881474978051	2.5113519789378294	-2.80004887975674	NO	Q00577
293	E	293	-5.531	4.974	78.56	-1.9	0.690372358269037	0	0	0	0.4964881474978051	2.5757604631927	-2.530170114606921	NO	Q00577
294	Q	294	-2.249	4.812	76.757	-1.9	0.690372358269037	0	0	0	0.4964881474978051	1.9711415634469007	-3.417427043733174	NO	Q00577
295	L	295	0.754	6.846	75.802	0.3	0.69439785306944	0	0	0	1	1.9994762331920135	-3.0257369699112675	NO	Q00577
296	H	296	0.964	9.451	72.705	-0.92	0.689310689310689	0	0	0	0.4964881474978051	1.6537503144777332	-2.686272239265615	NO	Q00577
297	Q	297	1.398	13.252	71.872	-0.92	0.631868131868132	0	0	0	1	1.4070697852921161	-2.3007994682027864	NO	Q00577
298	Q	298	-0.081	16.572	70.663	0.06	0.561660561660562	0	0	0	1	1.2765541312617734	-2.035786938097092	NO	Q00577
299	Q	299	-0.973	18.381	67.474	-0.19	0.319444444444444	0	0	0	1	1.0497600043736708	-2.600007163483409	NO	Q00577
300	Q	300	1.688	17.539	64.94	-0.43	0.425925925925926	1	0	0	1	1.047798033703282	-2.802328557435069	NO	Q00577
301	Q	301	2.182	15.434	61.83	-1.9	0.383333333333333	0	0	0	0.4964881474978051	0.7718896431146629	-2.4125036744408854	NO	Q00577
302	Q	302	0.576	12.044	61.937	-1.9	0.424354243542435	0	0	0	0.4964881474978051	0.7696519410567062	-2.112042156437182	NO	Q00577
303	Q	303	-1.337	9.391	60.082	-1.9	0.425505050505051	0	0	0	0.24473222124670768	0.35828119281562687	-1.558160939815519	NO	Q00577
304	E	304	-4.988	8.694	60.686	-1.9	0.480058365758755	0	0	0	0.24473222124670768	0.43356149957762335	-1.983761436795236	NO	Q00577
305	E	305	-5.772	5.192	61.748	-1.9	0.4815	0	0	0	0.24473222124670768	0.3546411116492407	-1.504906998756329	NO	Q00577
306	T	306	-6.942	3.152	64.647	-1.9	0.483024691358025	0	0	0	0.4964881474978051	0.5243450036713954	-2.1273811305299355	NO	Q00577
307	A	307	-4.215	1.904	66.872	-1.9	0.483050847457627	1	0	0	0.4964881474978051	1.0757447123365047	-2.821848297555757	NO	Q00577
308	A	308	-3.853	-1.734	67.602	-1.9	0.48471615720524	1	0	0.3827716948892846	0.6197253141941464	0.7397399785372147	-1.97936491555846	NO	Q00577
309	A	309	-1.044	-2.998	69.691	-1.9	0.486486486486487	0	0	0	0.24473222124670768	1.3116016015682395	-2.444846601502172	NO	Q00577
310	T	310	-0.256	-6.603	69.055	-1.9	0.482142857142857	0	0	0.3827716948892846	0.6197253141941464	0.9680187491868532	-1.4937935700744773	NO	Q00577
311	L	311	0.664	-8.872	71.876	-1.9	0.479857819905213	1	0	0	0.027966847682607106	1.3796967184605198	-0.9768248456571516	NO	Q00577
312	L	312	3.957	-10.555	71.355	-1.9	0.477439024390244	0	0	0	0.11973452359756132	1.3291457923963894	-0.9586392350868488	NO	Q00577
313	L	313	3.554	-12.029	74.774	-1.9	0.479166666666667	0	0	0	0.027966847682607106	1.4131349839596283	-1.0225220209363741	NO	Q00577
314	Q	314	0.204	-12.813	76.249	-0.43	0.481020942408377	0	0	0	0.027966847682607106	1.4463753911953412	-1.1727189665372555	NO	Q00577
315	G	315	-0.454	-15.27	79.01	0.79	0.483016304347826	1	0	0	0.027966847682607106	1.4968262401508756	-0.9086288060185161	NO	Q00577
316	E	316	1.768	-18.264	78.768	0.79	0.480337078651685	1	0	0	0.11973452359756132	1.3113256874163068	-1.4107481689353658	NO	Q00577
317	E	317	2.627	-19.141	75.221	0.79	0.483088235294118	0	0	0	0.11973452359756132	1.2021933606400808	-1.577571724753052	NO	Q00577
318	E	318	3.402	-22.669	74.178	-0.92	0.485429447852761	1	0	0	0.24473222124670768	1.0576957980578159	-1.4100154153959028	NO	Q00577
319	G	319	4.973	-23.415	70.844	-1.9	0.487980769230769	0	0	0	0.4964881474978051	1.0689645311347877	-1.3105074847368614	NO	Q00577
320	E	320	6.836	-20.796	68.92	-0.68	0.490771812080537	0	0	0	0.4964881474978051	1.0550480660180197	-2.1991909773972846	NO	Q00577
