Uniprot_position	aminoacid	Position_in_structure	x	y	z	paraz	mtr	gscount	pscount	OR	pvalue	mtr3dscore	paraz3dscore	HotSpot3D	Uniprot
155	V	155	-6.285	15.333	45.834	-0.61	0.957446808510638	0	0	0	0.5076604554865423	0.7374956728192348	-1.444064517090696	NO	Q9BZK7
156	E	156	-8.732	18.135	46.799	-0.61	0.963523131672598	0	0	0	1	0.7697074541562776	-1.8579645107691214	NO	Q9BZK7
157	I	157	-7.959	20.07	50.009	-1.24	0.961607142857143	0	0	0	0.5076604554865423	0.9236979159665996	-2.0645018456006787	NO	Q9BZK7
158	P	158	-10.844	19.577	52.543	-1.24	0.795053003533569	0	0	0	0.5076604554865423	1.3089564918755152	-2.3238599174121353	NO	Q9BZK7
159	P	159	-12.742	22.718	53.726	-1.24	0.545179202423019	0	0	0	1	1.2025771824243225	-2.5517464425809266	NO	Q9BZK7
160	N	160	-11.295	22.49	57.26	-1.24	0.549059481443823	0	0	0	1	1.5039885566259583	-2.876119587085898	NO	Q9BZK7
161	K	161	-7.726	23.054	55.984	-0.3	0.636042402826855	0	0	0	0.26149068322981367	0.9034477085052698	-1.9979872456825292	NO	Q9BZK7
162	A	162	-8.741	26.138	53.968	-1.24	0.543259557344064	0	0	0	0.26149068322981367	0.8080738057175575	-1.7780456352865142	NO	Q9BZK7
163	V	163	-9.185	29.495	55.739	-1.24	0.543259557344064	0	0	0.45707262367209806	0.6369049891208917	0.7677489647943545	-1.990959580664938	NO	Q9BZK7
164	V	164	-11.082	31.965	53.525	-1.24	0.427046263345196	0	0	0.6999072926233763	1.0000000000000002	0.7454397836903374	-1.2347932964584212	NO	Q9BZK7
165	L	165	-10.231	35.53	54.545	-0.92	0.552995391705069	0	0	2.916895499319817	0.5655827548410669	0.7676929188601279	-0.8854380621559625	NO	Q9BZK7
166	R	166	-12.779	38.099	53.32	-0.61	0.723232323232323	0	1	2.916895499319817	0.5655827548410669	0.9037502708591266	-0.8017916764859782	NO	Q9BZK7
167	G	167	-12.642	41.863	53.836	1.57	0.723232323232323	0	0	41.41606141387407	0.16811594202898544	0.9944183419531355	-0.02875173426322905	NO	Q9BZK7
168	H	168	-11.25	43.174	50.577	1.89	0.728530728530729	0	0	41.41606141387407	0.06675191815856778	0.726458351228649	0.03936017073660608	NO	Q9BZK7
169	E	169	-14.033	44.714	48.443	-0.61	0.663568773234201	0	0	41.41606141387407	0.41428571428571426	0.8962233065549426	-3.188684610342355e-4	NO	Q9BZK7
170	S	170	-12.355	44.202	45.039	-0.3	0.761194029850746	0	0	41.41606141387407	0.06675191815856778	0.6481193884925353	-0.12642141496914788	NO	Q9BZK7
171	E	171	-9.886	41.852	43.352	0.01	0.671698113207547	0	0	41.41606141387407	0.06675191815856778	0.8870886947632147	0.5067656482427985	NO	Q9BZK7
172	V	172	-6.769	41.021	45.369	1.26	0.671698113207547	0	0	4.517339820953219	0.29974533616171967	0.7712461276858202	0.3947957761855338	NO	Q9BZK7
173	F	173	-3.878	41.248	42.9	0.64	0.67680608365019	0	1	10.112974379125992	0.017548418104779532	0.16936068240617214	0.6687649621052558	NO	Q9BZK7
174	I	174	-1.017	40.308	45.218	-0.61	0.674904942965779	0	0	10.112974379125992	0.017548418104779532	0.10127726702000688	0.7397779475928591	NO	Q9BZK7
175	C	175	-0.196	38.459	48.44	1.26	0.677480916030534	0	0	2.223419159363888	0.642406428679666	0.16544212048239823	0.5037360426959118	NO	Q9BZK7
176	A	176	3.058	37.686	50.253	0.01	0.671102661596958	1	0	0.8329431866503142	1	0.03570243080254242	0.5376460946293385	NO	Q9BZK7
177	W	177	3.991	35.982	53.514	1.26	0.670454545454545	0	0	0.11344654007003682	0.020675936058144526	-0.18464166061869525	0.4763766661106512	NO	Q9BZK7
178	N	178	6.281	37.61	56.045	0.01	0.673003802281369	0	0	0.11344654007003682	0.020675936058144526	-0.5587635787796992	0.7320977207538516	NO	Q9BZK7
179	P	179	9.836	36.091	56.12	0.95	0.667924528301887	0	0	0	0.03630251729032127	-0.8995166894460545	0.5248048731488798	NO	Q9BZK7
180	V	180	10.013	35.427	59.896	0.01	0.663533834586466	1	0	0	0.03630251729032127	-0.7313793774946513	0.368582827393599	NO	Q9BZK7
181	S	181	6.362	34.926	60.995	0.01	0.663533834586466	2	0	0	0.008247076959774308	-0.2788345996689789	0.5522174208002784	NO	Q9BZK7
182	D	182	2.936	33.782	59.737	0.33	0.662921348314607	0	0	0	0.0039115879156323766	0.1929275894888681	-0.07340765866308764	NO	Q9BZK7
183	L	183	1.811	37.286	58.781	0.01	0.589263420724095	0	0	0.11344654007003682	0.020675936058144526	-0.14929725528600557	0.1309355220789846	NO	Q9BZK7
184	L	184	0.166	37.319	55.344	1.89	0.657992565055762	0	0	0.12993891731545082	0.038394487529733304	0.27369530768493106	-0.017294596535155072	NO	Q9BZK7
185	A	185	0.104	40.615	53.449	1.89	0.657992565055762	0	0	1.4715218502556955	0.7099365992636213	-0.10697434995871652	0.474944132825397	NO	Q9BZK7
186	S	186	-2.369	41.184	50.619	1.26	0.659851301115242	0	1	3.068556478062472	0.22358969426954317	0.33352051726530296	0.47450975176470694	NO	Q9BZK7
187	G	187	-3.043	44.091	48.215	1.57	0.597643097643098	0	0	3.068556478062472	0.22358969426954317	0.19874888259276818	0.7722605936252452	NO	Q9BZK7
188	S	188	-6.28	44.871	46.409	1.89	0.653136531365314	0	0	41.41606141387407	0.009812018725253054	0.08822374467959178	0.1961177026135818	NO	Q9BZK7
189	G	189	-8.164	47.116	43.96	0.64	0.716417910447761	0	0	41.41606141387407	0.06675191815856778	-0.03631484486369154	-0.02354433273805301	NO	Q9BZK7
190	D	190	-10.141	48.562	46.902	1.89	0.721144024514811	0	0	41.41606141387407	0.02590372943466809	-0.24925352539875104	-0.0012196898914670993	NO	Q9BZK7
191	S	191	-6.918	50.576	47.598	-0.3	0.771223470661673	0	0	41.41606141387407	0.009812018725253054	-0.5886012394408712	-0.019319459802532815	NO	Q9BZK7
192	T	192	-6.086	48.727	50.775	1.89	0.663533834586466	0	0	41.41606141387407	0.003622899221631903	-0.42897743080408646	0.2566531704600038	YES	Q9BZK7
193	A	193	-3.294	46.461	51.822	0.64	0.658582089552239	0	0	3.9804447465402983	0.11753471077534909	-0.2723915988551839	0.817228055167147	NO	Q9BZK7
194	R	194	-4.221	44.08	54.629	0.01	0.659176029962547	0	0	3.9804447465402983	0.11753471077534909	0.16188041924940086	0.5596114710590289	NO	Q9BZK7
195	I	195	-2.016	42.212	57.09	1.26	0.659176029962547	0	0	0.5648936724606898	0.5064627224382348	-0.30151159407590217	0.7228057432817013	NO	Q9BZK7
196	W	196	-3.659	38.972	58.212	1.26	0.606060606060606	0	0	0.4369181669242411	0.45515117969788327	0.5198015352930174	-0.5426043613673449	NO	Q9BZK7
197	N	197	-2.3	37.227	61.306	-0.3	0.441509433962264	0	0	0.26136678737959473	0.3893402089760452	0.2585529196461799	-1.0405842391055704	NO	Q9BZK7
198	L	198	-2.299	33.434	60.858	1.57	0.446134347275032	0	0	0	0.03630251729032127	0.4428231151362105	-1.4598635768123622	NO	Q9BZK7
199	S	199	-0.159	32.71	63.981	0.33	0.449553001277139	2	0	0	0.01735447880998898	0.27130188316903214	-1.1159156886030746	NO	Q9BZK7
200	E	200	-3.119	30.841	65.664	-0.92	0.502385496183206	0	0	0	0.03630251729032127	0.36342153218107726	-2.1861764522696783	NO	Q9BZK7
201	N	201	-6.422	32.131	67.183	-0.92	0.498579545454546	0	0	0	0.13635258126612096	-0.08259925216913988	-2.6200877524460386	NO	Q9BZK7
202	S	202	-7.447	33.172	70.723	-1.55	0.574154852780807	0	0	0	0.13635258126612096	-0.08022426258115277	-2.9542574061978026	NO	Q9BZK7
203	T	203	-10.418	35.431	71.641	-1.55	0.578571428571429	1	0	0	0.5076604554865423	0.04276197607173529	-4.254705451232029	NO	Q9BZK7
204	S	204	-11.11	35.534	67.902	-1.55	0.502385496183206	0	0	0	0.13635258126612096	-0.17451080895751184	-3.031162598533592	NO	Q9BZK7
205	G	205	-9.762	33.882	64.712	-1.55	0.441509433962264	0	0	0	0.13635258126612096	-0.040010052160596485	-2.8062618043613665	NO	Q9BZK7
206	S	206	-7.187	35.167	62.224	-1.55	0.43859649122807	1	0	0.3349411900430835	0.39484164853481934	0.4121290602285312	-2.1043237293394306	NO	Q9BZK7
207	T	207	-6.856	38.91	62.919	-1.55	0.434567901234568	0	0	0.3349411900430835	0.39484164853481934	0.21093481783665272	-1.1611688392271995	NO	Q9BZK7
208	Q	208	-6.96	41.593	60.27	-1.24	0.355555555555556	0	0	0.9391100973158899	0.9999999999999999	0.2400345190065033	-0.32025780272526294	NO	Q9BZK7
209	L	209	-5.175	44.937	59.959	-0.92	0.325925925925926	0	0	2.916895499319817	0.5655827548410669	-0.1858199675130467	0.5864602361645948	NO	Q9BZK7
210	V	210	-6.282	47.361	57.211	0.64	0.325645756457565	0	0	41.41606141387407	0.02590372943466809	0.02204865975127131	0.5936604767119623	NO	Q9BZK7
211	L	211	-3.515	49.474	55.683	0.33	0.329291044776119	0	0	6.238877538772632	0.15218886799602144	-0.7317012182585042	1.150518380185315	NO	Q9BZK7
212	R	212	-5.377	52.311	53.953	0.33	0.326286764705882	0	0	41.41606141387407	0.02590372943466809	-0.8001126196064746	0.7018810882196065	YES	Q9BZK7
213	H	213	-4.172	55.87	53.317	-0.61	0.323260073260073	0	1	4.517339820953219	0.29974533616171967	-1.3769359918315605	0.29179821811199375	NO	Q9BZK7
214	C	214	-6.244	59.097	53.48	0.64	0.320909090909091	0	0	41.41606141387407	0.41428571428571426	-1.6972035388082207	-0.7285085958161293	NO	Q9BZK7
215	I	215	-9.975	59.062	52.533	0.64	0.212996389891697	0	0	41.41606141387407	0.41428571428571426	-1.502078493901997	-0.9004510990059041	NO	Q9BZK7
216	R	216	-12.516	61.832	51.816	0.64	0.196056650930297	0	0	41.41606141387407	0.41428571428571426	-2.24678219464654	-1.2638437639291662	NO	Q9BZK7
217	E	217	-16.245	60.978	52.28	-0.3	0.183747412008282	0	0	0	1	-2.3215188284896104	-1.158502407793118	NO	Q9BZK7
218	G	218	-16.074	57.462	50.695	-0.92	0.19932622122403101	0	0	0	1	-1.6425887484493584	-1.0697483329158362	NO	Q9BZK7
219	G	219	-13.053	58.715	48.754	1.89	0.19932622122403101	0	0	41.41606141387407	0.41428571428571426	-1.7594602271367066	-1.455036471647182	NO	Q9BZK7
220	Q	220	-12.735	60.335	45.36	-0.3	0.280706378492356	0	0	0	1	-2.070335265534357	-1.8786565628672738	NO	Q9BZK7
221	D	221	-9.986	58.277	43.738	-0.61	0.304273504273504	0	0	41.41606141387407	0.16811594202898544	-1.573335340660855	-1.1052100570901844	NO	Q9BZK7
222	V	222	-9.238	56.253	46.859	-1.55	0.221393034825871	0	0	41.41606141387407	0.16811594202898544	-1.374028718143029	-0.5256439528527056	NO	Q9BZK7
223	P	223	-11.847	53.586	46.055	-1.55	0.191192266380236	0	0	41.41606141387407	0.16811594202898544	-1.0108518318298818	-0.4691210481469835	NO	Q9BZK7
224	S	224	-11.011	53.895	42.344	-1.55	0.191192266380236	0	0	41.41606141387407	0.41428571428571426	-0.9339954184262304	-0.6684850310662444	NO	Q9BZK7
225	N	225	-7.541	54.108	40.648	-1.55	0.178787878787879	0	0	41.41606141387407	0.16811594202898544	-1.0593698903735032	-0.5890288372285841	NO	Q9BZK7
226	K	226	-5.592	53.84	43.955	-1.24	0.177443609022556	0	0	41.41606141387407	0.02590372943466809	-1.109820941321358	-0.15078178509848625	NO	Q9BZK7
227	D	227	-5.445	50.019	43.69	-0.3	0.177443609022556	0	0	41.41606141387407	0.003622899221631903	-0.5655299483972577	-0.020174259675533473	NO	Q9BZK7
228	V	228	-2.645	48.374	45.684	1.26	0.176119402985075	0	0	41.41606141387407	0.009812018725253054	-0.5932707853087803	0.26744218874711184	YES	Q9BZK7
229	T	229	-0.812	46.812	42.765	0.01	0.177278401997503	0	0	41.41606141387407	0.003622899221631903	-0.7177108500964631	0.4794906545939519	YES	Q9BZK7
230	S	230	2.379	45.629	44.44	0.95	0.177114427860697	0	0	3.068556478062472	0.22358969426954317	-0.8255464686786039	0.8684933738104982	NO	Q9BZK7
231	L	231	3.828	44.897	47.876	1.89	0.176456009913259	0	0	3.068556478062472	0.22358969426954317	-0.9600441153635086	1.3100417220018397	NO	Q9BZK7
232	D	232	6.99	43.34	49.34	0.01	0.174814814814815	0	0	1.4534379410442513	0.686417945149861	-1.418491185074513	1.200203387623759	NO	Q9BZK7
233	W	233	8.189	42.576	52.893	1.89	0.175308641975309	0	0	0.6767822524913081	0.7263111460793847	-1.3556382632940853	1.1992745515259005	NO	Q9BZK7
234	N	234	11.668	43.529	54.129	-0.61	0.17546468401487	0	0	0.5378672047011762	0.6913176647568946	-2.0000518254609765	1.0464235218172344	NO	Q9BZK7
235	S	235	14.158	40.734	55.085	0.64	0.187830687830688	1	0	0	0.07173031444894636	-2.0360779162830127	0.6172647435498544	NO	Q9BZK7
236	E	236	13.551	41.273	58.831	-0.3	0.203031169573921	0	0	0	0.07173031444894636	-2.0413381397707706	0.552512179377175	NO	Q9BZK7
237	G	237	9.721	41.1	58.444	0.64	0.200619892927585	0	0	0.21218194133675744	0.22630848605149115	-1.003819938718166	0.8793079643559516	NO	Q9BZK7
238	T	238	9.264	44.441	60.215	0.95	0.201923076923077	0	0	0.26136678737959473	0.3893402089760452	-1.5304463190884838	0.7420537346648653	NO	Q9BZK7
239	L	239	8.181	46.625	57.285	0.95	0.238428238428238	0	0	0.5378672047011762	0.6913176647568946	-1.6271865832361827	0.924202744843985	NO	Q9BZK7
240	L	240	5.871	46.21	54.305	0.95	0.260363636363636	1	0	0.8329431866503142	1	-1.1858364574274505	1.2170610696386204	NO	Q9BZK7
241	A	241	6.32	48.32	51.177	0.95	0.262043795620438	0	0	0.8329431866503142	1	-1.60680752977231	1.0545664245351418	NO	Q9BZK7
242	T	242	3.295	49.013	48.907	0.33	0.263468634686347	0	1	2.601354869189934	0.2617755792069643	-1.3765293797253269	0.855966134292386	NO	Q9BZK7
243	G	243	2.929	50.323	45.343	1.57	0.263468634686347	0	0	12.302893295848252	0.007233218932077575	-1.3557038459538433	0.804488654255774	YES	Q9BZK7
244	S	244	-0.305	51.891	44.124	1.26	0.261764705882353	0	0	41.41606141387407	0.003622899221631903	-1.4220556147165944	0.14203980686437737	YES	Q9BZK7
245	Y	245	-2.197	52.737	40.926	0.01	0.392647058823529	0	1	41.41606141387407	0.009812018725253054	-1.1227246635628234	0.020194122397680977	YES	Q9BZK7
246	D	246	-1.88	56.517	41.517	0.64	0.392988929889299	0	0	41.41606141387407	0.02590372943466809	-1.3878652111773448	-0.6248106267956123	NO	Q9BZK7
247	G	247	1.908	56.024	41.64	-0.3	0.439506172839506	0	0	41.41606141387407	0.02590372943466809	-0.9585068577559112	0.14977371047723992	YES	Q9BZK7
248	F	248	2.719	56.163	45.346	0.01	0.498134328358209	0	0	6.238877538772632	0.15218886799602144	-1.5970678629606108	0.30913002243352306	NO	Q9BZK7
249	A	249	5.277	54.004	47.099	0.64	0.496282527881041	0	0	2.601354869189934	0.2617755792069643	-1.350728182515732	0.7139038370964915	NO	Q9BZK7
250	R	250	4.569	53.64	50.835	0.01	0.37532946758039	0	0	1.4534379410442513	0.686417945149861	-1.6346453700408237	1.0047596367639604	NO	Q9BZK7
251	I	251	6.17	51.904	53.822	1.89	0.187664733790195	0	0	1.4534379410442513	0.686417945149861	-1.6985249941700948	0.860240133657389	NO	Q9BZK7
252	W	252	3.956	50.373	56.515	1.89	0.186610437532947	0	1	1.4534379410442513	0.686417945149861	-1.4424554851952094	0.9262660548822624	NO	Q9BZK7
253	T	253	4.8	48.588	59.758	0.64	0.186772486772487	0	0	1.4366906905572627	1	-1.43132839217127	0.6200708452019118	NO	Q9BZK7
254	K	254	3.929	44.969	60.612	0.33	0.326851851851852	0	0	0.3349411900430835	0.39484164853481934	-0.8107983963261164	0.6229594792555	NO	Q9BZK7
255	D	255	1.507	46.455	63.192	0.01	0.326851851851852	0	0	1.4211370910643455	0.9999999999999999	-1.207104786823509	0.4517047460784842	NO	Q9BZK7
256	G	256	-0.37	48.233	60.327	0.64	0.261710037174721	0	0	1.4366906905572627	1	-1.0496644365651915	0.43932488584882046	NO	Q9BZK7
257	N	257	0.829	51.782	60.937	0.33	0.261710037174721	0	0	1.4366906905572627	1	-1.5136739047355199	0.6147062391023905	NO	Q9BZK7
258	L	258	1.922	54.095	58.102	0.95	0.261940298507463	0	0	2.223419159363888	0.642406428679666	-1.6933466846189595	0.5608125809025878	NO	Q9BZK7
259	A	259	5.688	54.613	58.436	0.64	0.26	0	0	1.4534379410442513	0.686417945149861	-1.403725024210341	0.7143228477504184	NO	Q9BZK7
260	S	260	6.401	56.691	55.309	0.33	0.258088235294118	1	0	1.4534379410442513	0.686417945149861	-1.0095635282895181	0.6862872258149338	NO	Q9BZK7
261	T	261	5.114	57.781	51.855	0.64	0.256204379562044	0	0	1.4534379410442513	0.686417945149861	-1.0034252736685485	0.696825978625827	NO	Q9BZK7
262	L	262	8.267	57.85	49.706	0.64	0.257142857142857	0	0	1.4366906905572627	1	-0.8166016549472728	0.680169439407734	NO	Q9BZK7
263	G	263	7.1	59.581	46.55	0.64	0.255272727272727	0	0	1.4366906905572627	1	-0.7082286837856627	0.5638737827048318	NO	Q9BZK7
264	Q	264	5.029	59.31	43.418	0.64	0.255272727272727	0	0	41.41606141387407	0.02590372943466809	-0.21102980357841605	0.2817630283803724	YES	Q9BZK7
265	H	265	5.481	57.735	39.952	0.01	0.255474452554745	0	0	41.41606141387407	0.06675191815856778	-0.014071419441415536	0.34571576727013476	NO	Q9BZK7
266	K	266	3.491	59.262	37.076	0.33	0.256934306569343	0	0	41.41606141387407	0.06675191815856778	0.2512005892656747	0.0626470052609173	NO	Q9BZK7
267	G	267	0.741	56.617	36.89	0.64	0.256934306569343	0	1	41.41606141387407	0.06675191815856778	-0.6157535042606547	-0.2594494471144239	NO	Q9BZK7
268	P	268	0.662	53.094	38.38	-0.61	0.255272727272727	0	0	41.41606141387407	0.02590372943466809	-0.6099586680654517	-0.0014952352701877206	NO	Q9BZK7
269	I	269	3.567	51.291	40.016	0.33	0.257142857142857	0	0	41.41606141387407	0.02590372943466809	-0.513165484082448	0.1247420809431006	YES	Q9BZK7
270	F	270	3.617	47.709	38.634	0.95	0.257142857142857	0	0	41.41606141387407	4.5465947573059077e-4	0.18663934085780362	0.15431299256145004	NO	Q9BZK7
271	A	271	6.424	46.142	40.667	0.64	0.256934306569343	0	0	41.41606141387407	0.0013019794077739658	-0.18826433019186609	0.41126386932824927	YES	Q9BZK7
272	L	272	8.052	46.886	44.02	1.57	0.256934306569343	0	0	1.4211370910643455	0.9999999999999999	-0.7482141265480011	0.790087592355961	NO	Q9BZK7
273	K	273	10.914	45.087	45.775	0.01	0.256934306569343	0	0	0.3349411900430835	0.39484164853481934	-0.7785320201093495	1.0091572929417505	NO	Q9BZK7
274	W	274	13.154	45.681	48.821	1.89	0.255072463768116	0	0	0.26136678737959473	0.3893402089760452	-1.021019432171935	1.0317896254113015	NO	Q9BZK7
275	N	275	16.897	45.02	48.582	1.26	0.256727272727273	0	0	0	0.07173031444894636	-0.8165385217524241	0.8232336697450606	NO	Q9BZK7
276	K	276	18.316	42.189	50.78	-0.3	0	0	0	0	0.13635258126612096	-1.2878770236030885	0.8929356619562446	NO	Q9BZK7
277	K	277	19.913	44.753	53.162	0.33	0	0	0	0	0.13635258126612096	-1.4798446072210982	0.8123713407693558	NO	Q9BZK7
278	G	278	16.568	46.6	53.561	0.95	0	0	0	0	0.07173031444894636	-1.4231102935350977	0.9023316584382459	NO	Q9BZK7
279	N	279	17.773	50.174	53.003	0.33	0	0	0	0	0.13635258126612096	-1.1762935098209752	0.573210781665925	NO	Q9BZK7
280	F	280	16.574	50.505	49.391	-0.3	0	0	0	0	0.07173031444894636	-0.42883948604682637	0.6478864951233364	NO	Q9BZK7
281	I	281	13.235	49.98	47.697	1.26	0	0	0	0.21218194133675744	0.22630848605149115	-0.57373650238580165	0.8646094960913879	NO	Q9BZK7
282	L	282	13.063	49.588	43.907	0.64	0	0	0	0.6887739260901076	1	0.10032852347678979	0.6897222969226152	NO	Q9BZK7
283	S	283	9.905	50.452	41.955	0.33	0	0	0	41.41606141387407	0.06675191815856778	0.009823941217619444	0.4549470904243487	NO	Q9BZK7
284	A	284	8.843	50.129	38.31	1.26	0	0	0	41.41606141387407	0.0013019794077739658	0.7162652839739627	0.06016132352068679	NO	Q9BZK7
285	G	285	6.172	52.471	36.865	0.64	0	0	0	12.302893295848252	0.007233218932077575	0.7932270228776007	0.10525623328774188	NO	Q9BZK7
286	V	286	4.025	52.951	33.763	-0.61	0.423586040914561	0	1	14.691661480355386	0.0028599547666924297	1.005010658508204	-0.1766026364346422	NO	Q9BZK7
287	D	287	5.947	56.228	33.163	1.89	1.26978417266187	0	0	10.112974379125992	0.017548418104779532	1.1301377394161098	-0.27338233640515663	NO	Q9BZK7
288	K	288	8.761	54.121	31.69	-0.61	1.27173913043478	0	0	12.302893295848252	0.007233218932077575	1.9714764627129306	-0.3507352851715407	NO	Q9BZK7
289	T	289	11.041	54.565	34.674	0.01	1.27173913043478	0	0	14.691661480355386	0.0028599547666924297	1.7063922648636638	-0.15387675015590227	NO	Q9BZK7
290	T	290	12.504	52.715	37.613	0.64	1.27636363636364	0	0	12.302893295848252	0.007233218932077575	1.6106729112655511	-0.015079471042556436	NO	Q9BZK7
291	I	291	13.221	54.46	40.924	0.33	1.28571428571429	0	0	41.41606141387407	0.16811594202898544	0.7205571825426922	0.3615337073844084	NO	Q9BZK7
292	I	292	15.49	53.444	43.802	0.95	1.28205128205128	0	0	0.3349411900430835	0.39484164853481934	0.6119477295556864	0.6698653941256705	NO	Q9BZK7
293	W	293	14.122	54.972	47.025	-0.3	0.63768115942029	0	0	0	0.13635258126612096	-0.5357901233864728	0.7135864047829105	NO	Q9BZK7
294	D	294	15.96	55.343	50.303	0.95	0.641818181818182	0	0	0	0.13635258126612096	-0.5070821533927088	0.6809197339671077	NO	Q9BZK7
295	A	295	13.862	53.558	52.933	0.64	0.643115942028986	1	0	0.45707262367209806	0.6369049891208917	-1.3572885794165106	0.7985987462638547	NO	Q9BZK7
296	H	296	15.389	55.479	55.845	0.01	0.641818181818182	0	0	0	0.5076604554865423	-1.3535529277436327	0.6204835072095672	NO	Q9BZK7
297	T	297	15.133	59.058	54.481	0.33	0.641818181818182	0	0	0	0.5076604554865423	-1.0089801104091047	0.5603724080944218	NO	Q9BZK7
298	G	298	12.007	58.611	52.325	0.95	0.641304347826087	0	0	0	0.5076604554865423	-0.6751167799204135	0.5486803178775173	NO	Q9BZK7
299	E	299	13.645	60.345	49.358	0.64	0.636200716845878	0	0	0	0.5076604554865423	-0.15467981744385778	0.3374153117843419	NO	Q9BZK7
300	A	300	14.2	59.137	45.784	0.95	0.424133811230585	0	0	0	1	0.23024918990008017	0.3723819379402682	NO	Q9BZK7
301	K	301	17.882	58.178	45.497	-0.3	0.42719614921781	0	0	0	0.26149068322981367	0.6788891256888109	0.25867062916409717	NO	Q9BZK7
302	Q	302	17.9	57.838	41.698	0.01	0.425659472422062	0	0	0.6999072926233763	1.0000000000000002	1.2944557465197377	0.0891970439688423	NO	Q9BZK7
303	Q	303	15.43	57.535	38.793	0.64	0.424133811230585	0	0	41.41606141387407	0.41428571428571426	1.3463699661163266	0.14556111914909048	NO	Q9BZK7
304	F	304	16.44	55.56	35.689	1.26	0.42719614921781	0	0	1.4211370910643455	0.9999999999999999	1.9477178788617246	0.06449022889511166	NO	Q9BZK7
305	P	305	14.743	56.712	32.428	-0.3	0.764028776978417	0	0	8.097466553026278	0.07505082618263519	2.3944330455613674	-0.16581447252022097	NO	Q9BZK7
306	F	306	16.102	54.02	30.086	-0.92	0.842230130486358	0	0	12.302893295848252	0.007233218932077575	2.5773792904951467	-0.023888217744432613	NO	Q9BZK7
307	H	307	12.929	52.193	28.998	0.33	0.842230130486358	0	0	17.309236185856395	0.0010855566012287748	2.456780372265839	0.0416079346868292	NO	Q9BZK7
308	S	308	10.821	53.762	26.198	-1.24	0.842230130486358	1	0	14.691661480355386	0.0028599547666924297	3.487470048542971	-0.4520250506869716	NO	Q9BZK7
309	A	309	7.592	52.058	27.318	-0.61	0.838633686690224	0	1	14.691661480355386	0.0028599547666924297	2.983547519130224	-0.23839310364687613	NO	Q9BZK7
310	P	310	5.995	50.919	30.68	-1.24	0.833333333333333	0	0	17.309236185856395	0.0010855566012287748	1.7737356491370322	-0.2147443962850825	NO	Q9BZK7
311	A	311	8.398	49.247	33.133	0.95	0.830409356725146	0	0	17.309236185856395	0.0010855566012287748	1.6269634803272888	-0.03496131494985408	NO	Q9BZK7
312	L	312	6.651	45.983	34.019	0.01	0.827505827505827	0	0	9.91245042165461	0.0024244670360584666	1.4592803737647095	0.22736667282578915	NO	Q9BZK7
313	D	313	8.968	44.289	36.546	-0.3	0.830409356725146	0	0	12.302893295848252	0.007233218932077575	1.1069022973944218	0.5704796369775774	NO	Q9BZK7
314	V	314	12.202	44.697	38.558	0.95	0.832748538011696	0	0	8.097466553026278	0.07505082618263519	1.0539308689887648	0.8773093348831374	NO	Q9BZK7
315	D	315	14.501	42.32	40.426	0.64	0.833333333333333	0	0	1.4534379410442513	0.686417945149861	0.934176320387684	0.9230365261266981	NO	Q9BZK7
316	W	316	17.629	42.964	42.495	1.89	0.831566548881036	0	0	0.26136678737959473	0.3893402089760452	0.3878253769158003	0.8111333547463893	NO	Q9BZK7
317	Q	317	20.923	41.259	41.575	0.95	0.754285714285714	0	0	0.26136678737959473	0.3893402089760452	0.7137783247012699	0.8636385266616105	NO	Q9BZK7
318	S	318	22.699	42.755	44.599	0.95	0.749466192170819	0	0	0.26136678737959473	0.3893402089760452	0.5031745645571887	0.6539091298296593	NO	Q9BZK7
319	N	319	22.007	45.536	47.129	0.95	0.744169611307421	0	0	0.45707262367209806	0.6369049891208917	0.47797913912779255	0.6796592391073599	NO	Q9BZK7
320	N	320	22.996	48.133	44.456	0.64	0.746808510638298	2	0	0.45707262367209806	0.6369049891208917	0.6435976359634994	0.5408397397320636	NO	Q9BZK7
321	T	321	22.509	46.461	41.011	0.01	0.746808510638298	1	0	0.45707262367209806	0.6369049891208917	1.1415913678694796	0.617594873155979	NO	Q9BZK7
322	F	322	19.168	45.382	39.568	0.64	0.748936170212766	0	0	1.4534379410442513	0.686417945149861	0.8840374153799659	0.7546754340245972	NO	Q9BZK7
323	A	323	17.519	44.438	36.294	0.01	0.748936170212766	0	0	2.601354869189934	0.2617755792069643	1.1258870843880826	0.7440718854645691	NO	Q9BZK7
324	S	324	14.273	45.85	34.894	0.64	0.942170818505338	0	0	14.691661480355386	0.0028599547666924297	1.5344337645770834	0.5616228990267113	NO	Q9BZK7
325	C	325	12.012	44.892	32.012	-0.92	0.942170818505338	0	1	23.37679683460816	1.3820842814225279e-4	1.6200608274199102	0.3861946523631801	NO	Q9BZK7
326	S	326	9.419	46.656	29.908	0.64	0.936170212765957	0	2	20.19027419333355	3.9551287021513524e-4	1.8603620102935383	0.25026810559736584	NO	Q9BZK7
327	T	327	6.686	46.842	27.251	0.64	0.943548387096774	0	0	30.88442486355716	1.4799087586919959e-5	1.706358609225361	0.30352157060220575	NO	Q9BZK7
328	D	328	9.504	48.028	24.873	0.95	0.943548387096774	0	1	17.309236185856395	0.0010855566012287748	2.5349054815971304	0.024186906147428466	NO	Q9BZK7
329	M	329	10.795	44.433	24.603	0.64	0.942170818505338	0	1	26.92026938730911	4.625637047357339e-5	1.3507221419001716	0.5608726044673376	NO	Q9BZK7
330	C	330	14.103	45.268	26.352	0.01	0.935512367491166	0	0	17.309236185856395	0.0010855566012287748	1.5217181390287569	0.2564838732260939	NO	Q9BZK7
331	I	331	15.802	44.441	29.641	1.26	1.23943661971831	0	1	20.19027419333355	3.9551287021513524e-4	1.0758160586635575	0.7573173741009684	NO	Q9BZK7
332	H	332	18.212	46.844	31.375	0.01	1.23943661971831	0	0	6.041795277283272	0.027926765704007536	1.953397240366934	0.4673475152058889	NO	Q9BZK7
333	V	333	20.724	45.932	34.061	0.33	1.23426573426573	0	0	1.4534379410442513	0.686417945149861	1.2144416352082323	0.6418312174104751	NO	Q9BZK7
334	C	334	21.231	49.094	36.101	0.95	1.24295774647887	0	1	1.4534379410442513	0.686417945149861	2.2294633624377114	0.3777430170140827	NO	Q9BZK7
335	K	335	23.387	50.044	39.055	-0.3	1.23859649122807	0	0	0.45707262367209806	0.6369049891208917	1.853995702579064	0.5245196229131733	NO	Q9BZK7
336	L	336	23.079	52.793	41.645	0.01	1.23943661971831	0	0	0.45707262367209806	0.6369049891208917	1.4367184648785645	0.5484806427125225	NO	Q9BZK7
337	G	337	25.379	55.724	40.717	0.33	NA	0	0	0.45707262367209806	0.6369049891208917	1.2410724715462012	0.2887032530545779	NO	Q9BZK7
338	Q	338	25.429	54.922	36.985	-0.3	NA	0	0	0.45707262367209806	0.6369049891208917	1.1279010417634645	2.52509703411849e-4	NO	Q9BZK7
339	D	339	23.51	57.171	34.541	-0.3	NA	0	0	41.41606141387407	0.41428571428571426	0.9927300895064827	0.048843461104842195	NO	Q9BZK7
340	R	340	23.499	54.41	31.909	0.33	0	0	0	41.41606141387407	0.41428571428571426	1.14463516004191	0.00103439561265378	NO	Q9BZK7
341	P	341	22.596	50.688	32	1.89	0	0	0	2.916895499319817	0.5655827548410669	2.237784316788798	0.15475316536961584	NO	Q9BZK7
342	I	342	25.696	48.604	32.812	1.26	0	0	0	0.9391100973158899	0.9999999999999999	1.2185571171429805	0.15475316536961584	NO	Q9BZK7
343	K	343	24.225	46.022	30.438	0.64	0	0	0	2.916895499319817	0.5655827548410669	0.4142765027912299	0.3594453115097995	NO	Q9BZK7
344	T	344	21.254	45.914	28.017	0.33	0	0	0	41.41606141387407	0.009812018725253054	0.5892570553568842	0.7249934885677287	NO	Q9BZK7
345	F	345	19.679	42.593	27.064	0.95	0.630824372759857	0	0	41.41606141387407	4.5465947573059077e-4	0.1986061163426518	1.180740959603129	NO	Q9BZK7
346	Q	346	17.666	42.491	23.83	0.95	0.634892086330935	0	0	41.41606141387407	0.0013019794077739658	0.3204707994031362	1.072428275658293	NO	Q9BZK7
347	G	347	16.119	39.643	21.831	1.57	0.635379061371841	0	0	41.41606141387407	4.5465947573059077e-4	-0.5613743050888883	1.4650034207386655	YES	Q9BZK7
348	H	348	12.499	39.49	22.94	1.89	0.508303249097473	0	1	23.37679683460816	1.3820842814225279e-4	-0.06260193864030857	1.2013740599859022	YES	Q9BZK7
349	T	349	9.976	40.221	20.132	0.95	0.508303249097473	0	0	41.41606141387407	5.049100470831505e-5	0.5844547113886545	1.208311566201559	NO	Q9BZK7
350	N	350	7.135	41.335	22.43	0.64	0.510144927536232	0	0	30.88442486355716	1.4799087586919959e-5	0.9463905431622913	0.9651741870326345	NO	Q9BZK7
351	E	351	6.515	42.807	25.956	0.01	0.507913669064748	0	0	15.167141806132852	8.164581372105879e-5	1.172083648955778	0.5944858007272731	NO	Q9BZK7
352	V	352	8.817	41.413	28.695	1.26	0.509747292418773	0	0	30.88442486355716	1.4799087586919959e-5	1.2478800593005501	0.8238508475277712	NO	Q9BZK7
353	N	353	6.488	40.684	31.629	0.01	0.427007299270073	0	0	40.41606141387407	1.3095384569539606e-6	0.7892842192796613	1.1669535700450282	NO	Q9BZK7
354	A	354	8.825	39.544	34.373	-0.3	0.363636363636364	0	0	20.19027419333355	3.9551287021513524e-4	0.7767462150370988	1.0587017689670377	NO	Q9BZK7
355	I	355	12.503	39.05	35.074	1.26	0.319090909090909	0	0	12.302893295848252	0.007233218932077575	1.2565113177506224	1.2013740599859022	NO	Q9BZK7
356	K	356	14.16	37.116	37.856	1.89	0.318181818181818	0	0	2.223419159363888	0.642406428679666	0.700630310160304	1.1967660009004162	NO	Q9BZK7
357	W	357	17.781	36.584	38.835	1.26	0.316546762589928	0	0	0.45707262367209806	0.6369049891208917	0.46565413032900216	1.0940819379954827	NO	Q9BZK7
358	D	358	18.889	33.153	40.085	0.64	0.312943262411348	0	0	0	0.26149068322981367	0.7273038300070719	0.8148473128152885	NO	Q9BZK7
359	P	359	19.528	32.792	43.883	1.89	0.312943262411348	0	0	0	0.03791610916090818	1.0787266234812891	-0.07897859576643641	NO	Q9BZK7
360	T	360	23.279	33.518	43.351	0.01	0.313167259786477	2	0	0	0.13635258126612096	1.0844289693502072	0.03379067650741004	NO	Q9BZK7
361	G	361	22.64	36.554	41.077	-0.3	0.311837455830389	0	0	0	0.13635258126612096	0.7090823944419172	0.6300664360540105	NO	Q9BZK7
362	N	362	24.674	35.294	38.109	-0.3	0.309649122807018	0	0	0	0.26149068322981367	-0.5074100256223828	1.0534409826960813	NO	Q9BZK7
363	L	363	21.943	34.298	35.628	0.64	0.308771929824561	0	0	0	0.5076604554865423	-0.6630359808828037	1.1831481546477858	NO	Q9BZK7
364	L	364	18.89	36.313	34.681	0.95	0.310739436619718	0	0	2.223419159363888	0.642406428679666	0.005078222880596591	1.113979284411118	NO	Q9BZK7
365	A	365	15.681	34.671	33.466	1.26	0.308566433566434	0	0	41.41606141387407	0.06675191815856778	-0.056301342938677224	1.3249480843191899	NO	Q9BZK7
366	S	366	13.001	36.578	31.533	1.26	0.274281274281274	0	0	23.37679683460816	1.3820842814225279e-4	0.4813858763314444	1.2410682150079988	NO	Q9BZK7
367	C	367	9.516	35.88	30.205	1.26	0.275243664717349	0	1	11.477051095093708	0.0010151607230594443	0.44303260672495837	1.1044389452464431	NO	Q9BZK7
368	S	368	7.659	37.612	27.384	1.89	0.273325590398761	0	0	8.636471318979371	9.363366577583719e-4	0.7020835230400093	1.0627196254136677	NO	Q9BZK7
369	D	369	4.433	37.905	25.381	0.01	0.247719298245614	0	0	6.475548046089686	0.005513552175850891	0.4182762283797795	1.1344024549934848	NO	Q9BZK7
370	D	370	6.426	36.464	22.423	1.89	0.245993031358885	0	3	3.947565505377161	0.08033480780432863	-0.1254116806322404	0.9774361438315395	NO	Q9BZK7
371	M	371	5.882	33.059	24.082	0.95	0.273325590398761	0	0	2.381754806464489	0.2993841444402914	-0.09685516149210528	1.1344024549934848	NO	Q9BZK7
372	T	372	9.613	32.742	24.866	0.33	0.273325590398761	0	0	3.947565505377161	0.08033480780432863	-0.2735566927561984	1.2722329596788124	NO	Q9BZK7
373	L	373	11.612	32.31	28.053	1.26	0.271604938271605	0	0	2.381754806464489	0.2993841444402914	-0.3607065955079475	1.3331022459590565	NO	Q9BZK7
374	K	374	15.156	33.64	27.82	0.01	0.272551296941541	0	0	10.112974379125992	0.017548418104779532	-0.6994985709701463	1.6529350599908992	YES	Q9BZK7
375	I	375	18.205	33.168	30.042	1.57	0.2710027100271	0	0	1.4534379410442513	0.686417945149861	-0.9476019263205867	1.6026291503565762	NO	Q9BZK7
376	W	376	20.923	35.86	30.117	1.89	0.174825174825175	0	0	41.41606141387407	0.06675191815856778	-1.0007957797335294	1.0976293833244506	NO	Q9BZK7
377	S	377	24.48	36.213	31.413	0.64	0.175324675324675	0	0	0	1	-1.416915660328893	0.8555239964270408	NO	Q9BZK7
378	M	378	26.587	39.367	31.808	0.33	0.175824175824176	0	0	41.41606141387407	0.41428571428571426	-0.9505648716763524	0.9272564437006356	NO	Q9BZK7
379	K	379	29.411	37.684	29.824	0.01	0.204678362573099	0	0	0	1	-2.6011998957980382	0.9680480831573779	NO	Q9BZK7
380	Q	380	27.609	38.086	26.445	0.95	0.174216027874564	0	0	0	1	-2.3049503891472476	1.063991999937272	NO	Q9BZK7
381	D	381	24.947	40.379	24.877	-0.3	0.174216027874564	0	0	41.41606141387407	0.41428571428571426	-0.6879970776657639	1.0665711374851188	NO	Q9BZK7
382	N	382	22.85	37.593	23.315	0.33	0.174216027874564	0	0	41.41606141387407	0.16811594202898544	-1.5370912079191743	1.1590074271999418	NO	Q9BZK7
383	C	383	20.699	35.234	25.414	1.89	0.175553319919517	0	0	41.41606141387407	0.16811594202898544	-1.436737094684405	1.373775076517516	NO	Q9BZK7
384	V	384	22.424	32.043	26.671	1.26	0.20481220657277	0	0	0	0.5076604554865423	-1.5542537276166453	1.2186212156904763	NO	Q9BZK7
385	H	385	19.177	30.14	26.111	0.01	0.246478873239437	0	0	0.9391100973158899	0.9999999999999999	-1.5215976059427878	1.3061996964133233	NO	Q9BZK7
386	D	386	16.024	31.011	24.161	-0.3	0.308098591549296	0	0	8.097466553026278	0.07505082618263519	-1.3883541535485235	1.5452590663654513	NO	Q9BZK7
387	L	387	13.413	28.528	25.388	0.95	0.305944055944056	0	0	1.491109234385539	0.7307978486026735	-0.8987730549902428	1.5686039456556746	NO	Q9BZK7
388	Q	388	10.439	28.309	23.033	0.95	0.305749128919861	1	0	2.601354869189934	0.2617755792069643	-0.6889687301183713	1.0592349240156882	NO	Q9BZK7
389	A	389	7.848	25.727	24.181	-0.3	0.305749128919861	0	0	0.9342322856061438	1	-0.2940625643451569	1.0054971603521106	NO	Q9BZK7
390	H	390	4.851	27.679	25.494	0.01	0.489198606271777	0	0	1.5123958884355024	0.535740357547831	-0.2035653250694853	0.8902519160323314	NO	Q9BZK7
391	N	391	2.274	28.542	22.779	0.64	0.492631578947368	1	0	1.4715218502556955	0.7099365992636213	-0.050202237768729695	1.0080807833565624	NO	Q9BZK7
392	K	392	0.904	31.64	24.511	-0.3	0.617957746478873	0	0	1.860946483079553	0.5064627224382348	0.03966370663573252	1.0308070968216456	NO	Q9BZK7
393	E	393	2.258	34.583	26.508	0.01	0.617957746478873	0	0	3.7133538523041136	0.03792947133511881	0.13753126548466038	1.147688697847106	NO	Q9BZK7
394	I	394	4.455	33.761	29.52	1.26	0.700396825396825	0	0	3.7133538523041136	0.03792947133511881	-0.0776727428972932	1.1057740282123871	YES	Q9BZK7
395	Y	395	3.393	35.943	32.448	0.33	0.703296703296703	1	1	5.552101025693917	0.021071550960456306	0.20285527345193904	0.7718125605883621	NO	Q9BZK7
396	T	396	5.661	35.029	35.368	0.64	0.705764411027569	0	0	3.2463589349989035	0.1483971212033525	0.05934899439696979	0.91647732818904	NO	Q9BZK7
397	I	397	8.76	33.032	36.234	1.57	0.825174825174825	0	0	3.9804447465402983	0.11753471077534909	-0.052888141139224354	1.3162316521166717	NO	Q9BZK7
398	K	398	10.351	31.851	39.464	-0.3	0.830985915492958	0	0	2.601354869189934	0.2617755792069643	-0.030124958312807797	0.9482121707439393	NO	Q9BZK7
399	W	399	13.606	30.193	40.435	1.26	0.839857651245552	0	0	0	0.07173031444894636	0.016174408467647682	0.6427083039075826	NO	Q9BZK7
400	S	400	13.613	27.426	43.042	1.26	0.839243498817967	0	0	0	0.0018556290493236638	0.3562869010662517	-0.46204684230146137	NO	Q9BZK7
401	P	401	15.308	28.188	46.417	-0.61	0.838633686690224	0	0	0	0.0018556290493236638	0.44153362736254	-0.9957956733461083	NO	Q9BZK7
402	T	402	17.896	25.528	45.544	0.64	0.844602609727165	0	0	0	0.0018556290493236638	0.7701013451848473	-1.1106336149050848	NO	Q9BZK7
403	G	403	21.575	25.303	44.507	0.64	0.850657108721625	0	0	0	0.01735447880998898	1.2077878606559234	-1.1621211361679427	NO	Q9BZK7
404	P	404	24.633	27.106	45.97	-0.3	0.856115107913669	0	0	0	0.03791610916090818	1.5315306518428424	-2.1191795616150273	NO	Q9BZK7
405	G	405	23.821	29.319	49.038	-1.55	0.913978494623656	1	0	0	0.03791610916090818	1.6857148259377674	-2.0041196841863873	NO	Q9BZK7
406	T	406	20.027	28.81	49.393	-1.55	0.918737060041408	0	0	0	0.01735447880998898	1.1858939490183362	-1.6194833850722345	NO	Q9BZK7
407	N	407	19.421	26.63	52.515	-1.55	0.733506493506494	1	0	0	0.03791610916090818	1.4765392797957206	-1.7415938246102818	NO	Q9BZK7
408	N	408	19.028	23.623	50.143	-1.55	0.730273336771532	1	0	0	0.03630251729032127	1.1277223827034109	-1.974335196927961	NO	Q9BZK7
409	P	409	22.562	23.58	48.607	-1.55	0.714573268921095	1	0	0	0.01735447880998898	1.6077112787236183	-2.2801177446006564	NO	Q9BZK7
410	N	410	22.554	19.982	47.318	-1.55	0.638489208633094	0	0	0	0.03791610916090818	1.9347655712452774	-3.096363195743155	NO	Q9BZK7
411	A	411	19.165	20.308	45.548	-1.55	0.717761557177616	0	0	0	0.01735447880998898	1.2439323144953132	-2.0775382135697944	NO	Q9BZK7
412	N	412	19.016	20.946	41.759	-1.55	0.723039215686275	0	0	0	0.01735447880998898	1.0071744556259203	-1.1471312769155009	NO	Q9BZK7
413	L	413	18.33	24.493	40.503	-1.24	0.725081699346405	0	0	0	0.0018556290493236638	0.7596273871557127	-0.7525805462626978	NO	Q9BZK7
414	M	414	15.128	24.744	38.51	1.26	0.725081699346405	0	0	0	0.01735447880998898	0.3428085969067037	0.06449022889511166	NO	Q9BZK7
415	L	415	13.071	27.461	36.89	1.89	0.725081699346405	0	0	0.17697794461982555	0.12767798996183924	-0.0658824190666983	0.8849998541167167	NO	Q9BZK7
416	A	416	9.262	27.598	36.823	0.64	0.781751824817518	0	0	0.3102053633808158	0.17812191408113523	-0.11787971762618311	0.6086041094147197	NO	Q9BZK7
417	S	417	7.339	29.376	34.058	1.89	0.781751824817518	0	0	1.5123958884355024	0.535740357547831	-0.23088677105194472	0.8676246116891183	NO	Q9BZK7
418	A	418	3.617	30.16	34.046	1.57	0.782417582417582	0	0	2.896162411962175	0.1806015712275821	-0.18572434162788892	0.33483575108021174	NO	Q9BZK7
419	S	419	1.823	30.915	30.778	1.89	0.7875	0	0	3.7133538523041136	0.03792947133511881	-0.28724696965500407	0.4629841742877334	YES	Q9BZK7
420	F	420	-1.538	31.92	29.306	0.01	0.789705882352941	0	0	5.502630987990071	0.007209036723707107	-0.054454787756552894	0.30427186516157934	YES	Q9BZK7
421	D	421	-1.737	28.536	27.473	1.89	0.731209150326798	0	0	2.381754806464489	0.2993841444402914	0.0016280879623469047	0.12735240806129333	NO	Q9BZK7
422	S	422	-2.743	27.068	30.848	-0.3	0.653846153846154	0	0	2.896162411962175	0.1806015712275821	-0.038221936147923886	-0.19411129590230952	NO	Q9BZK7
423	T	423	0.549	25.271	31.427	0.33	0.577453365774534	1	0	1.860946483079553	0.5064627224382348	-0.0597449393661005	0.18748953090665105	NO	Q9BZK7
424	V	424	3.297	25.493	34.011	1.26	0.576969696969697	1	0	1.2627355409831411	0.7609473882061292	-0.06979340140589194	-0.061646791444907104	NO	Q9BZK7
425	R	425	6.723	24.299	32.899	0.33	0.486818181818182	0	0	0	0.03630251729032127	0.17017797550303757	0.45936846907780005	NO	Q9BZK7
426	L	426	9.693	23.377	35.094	1.26	0.484090909090909	0	0	0	0.01735447880998898	-0.14087796566260782	-0.1357106509058521	NO	Q9BZK7
427	W	427	13.141	23.725	33.499	0.33	0.480595667870036	0	0	0	0.03630251729032127	0.10250621605934859	0.5414866153116316	NO	Q9BZK7
428	D	428	16.761	22.672	34.065	1.26	0.43030303030303	0	0	0	0.07173031444894636	0.5508098311383913	0.1932014741400287	NO	Q9BZK7
429	V	429	18.384	25.972	33.098	0.33	0.433455433455434	0	0	0	0.26149068322981367	-0.0930039975155276	0.9320918714609279	NO	Q9BZK7
430	D	430	21.99	24.753	32.695	0.64	0.43030303030303	0	0	0	0.26149068322981367	-0.48592790697549004	0.8078500005115655	NO	Q9BZK7
431	R	431	20.959	21.901	30.356	0.33	0.484090909090909	2	0	0	0.26149068322981367	-0.22860965971456595	0.5461315231243513	NO	Q9BZK7
432	G	432	18.313	24.145	28.652	1.89	0.484090909090909	0	0	0	0.13635258126612096	-0.8048955572391469	0.933487640016233	NO	Q9BZK7
433	I	433	15.566	21.504	28.858	-0.3	0.43030303030303	0	0	0	0.07173031444894636	-0.5253217166208765	0.7045540125873748	NO	Q9BZK7
434	C	434	11.988	21.231	30.123	0.33	0.43030303030303	1	0	0	0.03791610916090818	-0.25499201641906866	0.929237221337382	NO	Q9BZK7
435	I	435	11.802	18.724	33.02	0.33	0.39010989010989	0	0	0	0.03630251729032127	0.03616006166981423	-0.22918756655302355	NO	Q9BZK7
436	H	436	8.025	18.793	33.593	-0.3	0.287915652879157	1	0	0	0.03791610916090818	-0.2210491673019611	-0.4584442374727232	NO	Q9BZK7
437	T	437	4.948	20.201	31.829	0.64	0.288970288970289	0	0	0.21218194133675744	0.22630848605149115	-0.020106003091903923	-0.3356543645281321	NO	Q9BZK7
438	L	438	2.056	20.684	34.262	1.26	0.327490774907749	0	0	0.21218194133675744	0.22630848605149115	-0.31957168903321004	-0.3866868994748572	NO	Q9BZK7
439	T	439	-1.322	20.663	32.503	-1.55	0.325091575091575	0	0	0.6887739260901076	1	-0.22443016280690417	-0.23010459323670238	NO	Q9BZK7
440	K	440	-4.134	20.575	35.118	0.01	0.325091575091575	0	0	1.0663092864843664	1	-0.5721877378552455	-0.9227259729675212	NO	Q9BZK7
441	H	441	-5.187	24.239	34.775	0.01	0.374275171323142	0	1	4.968037503164869	0.058615275500796725	-0.3892631759909107	-0.6026466834812143	NO	Q9BZK7
442	Q	442	-7.792	25.098	32.107	-0.3	0.374275171323142	0	0	2.223419159363888	0.642406428679666	-0.21639941023490228	-0.8758109907227085	NO	Q9BZK7
443	E	443	-7.274	28.888	32.017	-0.3	0.371533228676086	0	0	4.968037503164869	0.058615275500796725	-0.12640079812406727	-0.7459673730630911	NO	Q9BZK7
444	P	444	-4.247	31.301	32.068	0.33	0.369134515119917	0	1	2.896162411962175	0.1806015712275821	0.034219877027787046	-0.20065493630941753	NO	Q9BZK7
445	V	445	-1.757	30.706	34.933	0.64	0.366753246753247	0	0	3.947565505377161	0.08033480780432863	-0.002311897295928294	-0.212118365327275	NO	Q9BZK7
446	Y	446	-0.927	34.013	36.648	1.26	0.368091762252346	0	3	4.713020087682142	0.041820847529919665	0.23127813564835686	-0.12377118096103798	NO	Q9BZK7
447	S	447	1.294	32.857	39.483	0.64	0.213598074608905	0	0	2.896162411962175	0.1806015712275821	0.1689891462759932	-0.2740645598855548	NO	Q9BZK7
448	V	448	3.792	30.202	40.551	1.26	0.214801444043321	0	0	1.491109234385539	0.7307978486026735	0.02000168575988337	0.22419042585777443	NO	Q9BZK7
449	A	449	5.673	29.933	43.832	0.64	0.183747412008282	0	0	0.48076004485066376	0.3419502965843131	-0.1867123137251446	0.11499010791706162	NO	Q9BZK7
450	F	450	8.157	27.365	45.163	0.64	0.182425488180884	0	0	0	0.03791610916090818	-0.33175312502814386	-0.17368452652336433	NO	Q9BZK7
451	S	451	8.039	25.924	48.689	-0.3	0.183747412008282	0	0	0	0.01735447880998898	-0.647156877982901	-0.6139342031023782	NO	Q9BZK7
452	P	452	11.012	27.044	50.909	1.89	0.181771633384537	0	0	0	0.008247076959774308	-0.3829760109722956	-0.6971462832343144	NO	Q9BZK7
453	D	453	12.732	23.653	50.393	-0.3	0.212066905615293	1	0	0	0.008247076959774308	-0.03395344476711004	-1.6231864517684977	NO	Q9BZK7
454	G	454	12.07	23.633	46.601	-0.3	0.212829736211031	1	0	0	0.01735447880998898	0.33521008441190325	-1.2977394240232187	NO	Q9BZK7
455	R	455	10.264	20.275	46.865	-0.3	0.214199759326113	1	0	0	0.03630251729032127	-0.4816554499347849	-1.6017867823614926	NO	Q9BZK7
456	Y	456	6.827	21.63	45.963	0.64	0.184935064935065	1	0	0	0.01735447880998898	-0.801710586943621	-0.5373085322690999	NO	Q9BZK7
457	L	457	5.456	24.293	43.63	-1.24	0.186289900575615	0	0	0	0.008247076959774308	-0.42306951129172193	-0.1616141627994421	NO	Q9BZK7
458	A	458	2.151	26.144	43.998	-0.61	0.184935064935065	0	0	0.6638289639392212	0.7490488419177466	-0.6305085192066451	-0.3569540727694254	NO	Q9BZK7
459	S	459	0.388	27.441	40.864	-0.61	0.214801444043321	0	0	1.860946483079553	0.5064627224382348	-0.3520297519859588	-0.3603856255386558	NO	Q9BZK7
460	G	460	-2.518	29.922	40.674	-0.92	0.36616812790098	0	0	4.713020087682142	0.041820847529919665	-0.06553251803975764	-0.4873305780086053	NO	Q9BZK7
461	S	461	-4.807	30.299	37.66	-0.61	0.32129963898917	0	0	3.947565505377161	0.08033480780432863	-0.10860245317309246	-0.5505137165140745	NO	Q9BZK7
462	F	462	-7.926	32.18	36.509	-1.55	0.323905109489051	0	0	41.41606141387407	0.0013019794077739658	0.030174640353526846	-0.537996302281859	NO	Q9BZK7
463	D	463	-9.913	28.873	36.485	-0.3	0.434676434676435	0	1	41.41606141387407	0.003622899221631903	-0.35527095864076785	-1.050974478941181	NO	Q9BZK7
464	K	464	-10.05	29.644	40.231	-1.24	0.4375	0	0	41.41606141387407	0.003622899221631903	-0.3305552504085711	-0.9950882527615561	NO	Q9BZK7
465	C	465	-7.773	26.774	41.21	-1.55	0.437884378843788	0	0	10.112974379125992	0.017548418104779532	-0.1995716569680508	-1.1306953371234116	NO	Q9BZK7
466	V	466	-4.653	26.45	43.313	-0.61	0.490808823529412	0	0	8.097466553026278	0.07505082618263519	-0.1580143809031505	-1.0832328575967622	NO	Q9BZK7
467	H	467	-2.622	23.368	42.427	-0.61	0.489963503649635	0	0	0.5378672047011762	0.6913176647568946	-0.4609746118005306	-1.1266377240715484	NO	Q9BZK7
468	I	468	0.359	22.096	44.427	-0.92	0.490384615384615	0	0	0.17697794461982555	0.12767798996183924	-0.5797845775746543	-0.9888695322740971	NO	Q9BZK7
469	W	469	2.878	19.988	42.511	-0.61	0.490384615384615	0	0	0.15053311385856766	0.07053400486747331	-0.9828963057180399	-1.0964655526422473	NO	Q9BZK7
470	N	470	5.877	17.828	43.441	-0.92	0.487226277372263	0	0	0	0.01735447880998898	-1.37848757222766	-1.3001280088204716	NO	Q9BZK7
471	T	471	8.946	19.472	41.833	-1.55	0.432234432234432	1	0	0	0.01735447880998898	-0.40016931477917417	-0.5478431558791661	NO	Q9BZK7
472	Q	472	10.93	16.271	41.249	-1.24	0.432234432234432	0	0	0	0.03630251729032127	-0.4399813112101603	-1.2397142908997125	NO	Q9BZK7
473	T	473	8.161	13.941	40.006	-1.24	0.432234432234432	0	0	0	0.07173031444894636	-1.0695524262081582	-1.1389859222545893	NO	Q9BZK7
474	G	474	5.884	16.572	38.391	-0.61	0.435424354243542	0	0	0	0.03630251729032127	-0.7867903376742587	-1.0884415691600577	NO	Q9BZK7
475	A	475	2.886	15	40.119	-1.24	0.435802469135802	1	0	0	0.03791610916090818	-0.8708070569611993	-1.3932245577475433	NO	Q9BZK7
476	L	476	-0.206	16.89	41.316	1.89	0.434194341943419	0	0	0.21218194133675744	0.22630848605149115	-0.6032449970435069	-1.437402973252829	NO	Q9BZK7
477	V	477	-0.294	16.537	45.125	0.95	0.371848739495798	0	0	0	0.07173031444894636	-0.39150559680850594	-1.6715238157103849	NO	Q9BZK7
478	H	478	-2.996	19.005	46.246	0.64	0.324175824175824	1	0	0	0.13635258126612096	0.12905895534898834	-1.6909281003370285	NO	Q9BZK7
479	S	479	-5.84	20.941	44.598	0.01	0.432598039215686	0	0	0.6999072926233763	1.0000000000000002	0.029320089446365872	-1.8839622172514154	NO	Q9BZK7
480	Y	480	-8.092	23.724	45.911	0.64	0.490277777777778	0	0	1.4366906905572627	1	0.28697131919320096	-1.6239851524284763	NO	Q9BZK7
481	R	481	-10.911	25.557	44.117	-0.3	0.486672794117647	0	0	2.916895499319817	0.5655827548410669	0.30876367451716147	-1.947458919719691	NO	Q9BZK7
482	G	482	-11.516	29.196	45.139	0.01	0.486672794117647	0	0	41.41606141387407	0.41428571428571426	0.482196095243635	-1.7149938546573555	NO	Q9BZK7
483	T	483	-14.43	31.558	44.496	0.33	0.491138059701493	0	0	41.41606141387407	0.16811594202898544	0.3157713700024356	-1.3697218692499968	NO	Q9BZK7
484	G	484	-12.458	33.941	42.243	0.01	0.491138059701493	0	0	41.41606141387407	0.06675191815856778	0.39785181382967255	-1.123998539282055	NO	Q9BZK7
485	G	485	-9.647	33.792	39.671	1.57	0.49438202247191	0	0	41.41606141387407	0.0013019794077739658	-0.07780691618395832	-0.7948691078580208	NO	Q9BZK7
486	I	486	-6.255	33.488	41.364	0.01	0.498579545454546	0	0	41.41606141387407	0.0013019794077739658	-0.06324248907543516	-0.7378174829655664	NO	Q9BZK7
487	F	487	-3.796	36.358	40.848	0.64	0.498579545454546	0	0	7.213739483824002	0.012783578742950606	0.1244908462993939	-0.21967839855052818	NO	Q9BZK7
488	E	488	-0.975	35.378	43.248	-0.3	0.499049429657795	0	0	4.968037503164869	0.058615275500796725	0.03705770887528707	0.03228210553164831	NO	Q9BZK7
489	V	489	0.062	32.304	45.268	0.33	0.500954198473283	0	0	3.9804447465402983	0.11753471077534909	0.01631628524214231	-0.41769157165003734	NO	Q9BZK7
490	C	490	2.758	32.234	47.956	0.64	0.504807692307692	0	0	0.3349411900430835	0.39484164853481934	-0.24139961294991583	-0.3285776500989767	NO	Q9BZK7
491	W	491	4.275	29.968	50.642	0.33	0.336538461538462	0	0	0	0.008247076959774308	-0.3470560429846177	-0.24468755415764323	NO	Q9BZK7
492	N	492	4.945	30.792	54.305	-0.3	0.384615384615385	0	0	0	0.0039115879156323766	-0.09493371492119715	0.13254015901467625	NO	Q9BZK7
493	A	493	8.38	30.701	55.982	0.64	0.388704318936877	0	0	0	0.0039115879156323766	-0.46989758781584196	0.23775536672480765	NO	Q9BZK7
494	A	494	7.843	27.206	57.471	-0.3	0.193050193050193	1	0	0	0.008247076959774308	-0.31028743867309	0.07264521618925526	NO	Q9BZK7
495	G	495	6.564	25.82	54.121	0.64	0.22463768115942	0	0	0	0.0039115879156323766	-0.6906720742364497	-0.42698073573960577	NO	Q9BZK7
496	D	496	3.365	24.332	55.524	0.01	0.384037015615963	0	0	0	0.03791610916090818	-0.7225947656259452	-0.3394508549985623	NO	Q9BZK7
497	K	497	0.972	27.137	54.464	0.64	0.381345926800472	1	0	0	0.008247076959774308	-0.15909564430482925	-0.3973178588149336	NO	Q9BZK7
498	V	498	0.025	28.451	51.024	1.26	0.498940677966102	0	0	0	0.03791610916090818	-0.25451200997459883	-0.7078754954333564	NO	Q9BZK7
499	G	499	-1.615	31.865	50.594	-0.61	0.594541910331384	0	0	0.45707262367209806	0.6369049891208917	0.12756003926424478	-0.5207491465772847	NO	Q9BZK7
500	A	500	-3.667	32.678	47.52	0.64	0.597979797979798	0	0	2.601354869189934	0.2617755792069643	0.1991243730196989	-0.6383745257229632	NO	Q9BZK7
501	S	501	-5.253	35.967	46.404	0.01	0.600207684319834	0	0	10.112974379125992	0.017548418104779532	0.6493696458523955	-0.31900223880744705	NO	Q9BZK7
502	A	502	-8.428	35.969	44.315	0.33	0.601180891035963	0	0	41.41606141387407	0.0013019794077739658	0.615487479085987	-0.5681206288407075	NO	Q9BZK7
503	S	503	-10.564	38.172	42.039	0.64	0.598459845984598	0	0	41.41606141387407	0.003622899221631903	0.6737680938623526	-0.4206627381051567	NO	Q9BZK7
504	D	504	-13.627	38.089	44.358	0.01	0.596371882086168	0	0	41.41606141387407	0.16811594202898544	0.9230626950448773	-0.28448427557885514	NO	Q9BZK7
505	G	505	-11.853	39.851	47.267	0.95	0.594152046783626	0	0	41.41606141387407	0.06675191815856778	1.1780208914087007	0.21373632166383608	NO	Q9BZK7
506	S	506	-10.962	36.553	48.94	-0.61	0.590990990990991	0	0	41.41606141387407	0.06675191815856778	0.9936089160004583	-0.4830304663973007	NO	Q9BZK7
507	V	507	-7.544	35.645	50.319	-0.61	0.591760299625468	0	0	2.223419159363888	0.642406428679666	0.925261399072209	-0.13840192486882247	NO	Q9BZK7
508	C	508	-7.299	31.909	51.027	-0.92	0.670588235294118	0	0	0.6887739260901076	1	0.6995232034984141	-0.7154938709593033	NO	Q9BZK7
509	V	509	-4.839	30.195	53.381	-0.61	0.77125328659071	0	0	0.4369181669242411	0.45515117969788327	0.698347002343562	-0.8481805780362125	NO	Q9BZK7
510	L	510	-4.238	26.481	52.778	-0.92	0.671974522292994	0	0	0	0.26149068322981367	0.40970239153574395	-1.3804030376394156	NO	Q9BZK7
511	D	511	-2.984	24.371	55.741	-0.3	0.676666666666667	1	0	0	0.13635258126612096	0.35380064547003776	-1.4887589868429176	NO	Q9BZK7
