Uniprot_position	aminoacid	Position_in_structure	x	y	z	paraz	mtr	gscount	pscount	OR	pvalue	mtr3dscore	paraz3dscore	HotSpot3D	Uniprot
2	V	2	27.509	64.045	28.989	-0.6	0.450909090909091	0	0	0	1	0.15884782073067877	-2.097674918506639	NO	P13639
3	N	3	26.526	64.839	32.602	-0.6	0.480769230769231	0	0	0	0.9999999999999999	0.14910444629379338	-1.3449879567049918	NO	P13639
4	F	4	23.108	63.811	33.937	0.15	0.44973544973545	0	0	0	1	-0.004456473802770027	-1.371689962033688	NO	P13639
5	T	5	21.283	64.378	37.236	-0.6	0.420118343195266	0	0	0	0.9999999999999999	-0.14369430603591404	-1.2800799200364226	NO	P13639
6	V	6	19.904	61.616	39.478	-0.22	0.396428571428571	1	0	0	1	-0.5135564910009365	-1.1351864862652379	NO	P13639
7	D	7	16.39	62.47	38.209	0.9	0.445515911282546	0	0	0	1	-0.5419058270795579	-0.8560040288948146	NO	P13639
8	Q	8	17.477	62.163	34.565	-0.6	0.448179271708684	0	0	0	1	-0.07811510374588576	-0.9838294536297187	NO	P13639
9	I	9	19.28	58.888	35.251	0.52	0.446103314422216	0	0	0	0.9999999999999999	-0.5196790990806439	-0.7843053810461423	NO	P13639
10	R	10	16.317	57.483	37.189	-1.72	0.419512195121951	0	0	0	1	-0.861222949886911	-0.4138576420626236	NO	P13639
11	A	11	13.736	58.432	34.516	-1.35	0.399600897979546	1	0	0	0.9999999999999999	-0.6830089605215383	-0.049128028535843395	NO	P13639
12	I	12	16.1	56.915	31.912	0.52	0.378440366972477	0	0	0	0.9999999999999999	-0.43965863404853295	-0.7327539982094441	NO	P13639
13	M	13	16.243	53.602	33.868	0.9	0.380357142857143	0	0	0	1	-0.6980477907821879	0.025521490709163097	NO	P13639
14	D	14	12.412	53.462	34.016	0.9	0.382173913043478	2	0	0	1	-0.5231902933858327	-0.04415463960505683	NO	P13639
15	K	15	12.304	52.879	30.241	-0.97	0.367173252279635	0	0	0	1	-0.5491827699431622	-0.1158249940199122	NO	P13639
16	K	16	13.781	49.353	30.321	-1.35	0.351942663145983	0	0	0	0.9999999999999999	-0.4490686608795811	0.09929752820635719	NO	P13639
17	A	17	12.914	48.873	26.616	-1.72	0.350492880613363	0	0	0	1	-0.5078656664364577	-0.3994192325366401	NO	P13639
18	N	18	15.588	51.506	25.843	-0.97	0.368627450980392	1	0	0	0.9999999999999999	-0.5782832421000655	-1.0294059319029598	NO	P13639
19	I	19	18.267	49.883	28.061	0.9	0.395652173913043	0	0	0	1	-0.7164884526966013	-0.44282781290031914	NO	P13639
20	R	20	21.167	47.786	26.743	0.9	0.380482456140351	0	0	0	1	-0.843066378425436	-0.2056249988970701	NO	P13639
21	N	21	23.077	45.464	29.087	0.9	0.413752913752914	0	0	0	1	-0.8215168370327496	0.42036288254783666	NO	P13639
22	M	22	26.282	44.48	27.311	-0.22	0.370408163265306	1	0	0	1	-0.9354268989860746	0.6036527157228097	NO	P13639
23	S	23	29.977	43.645	27.578	0.15	0.353571428571429	0	0	0	1	-0.7719461385743716	0.6036527157228097	NO	P13639
24	V	24	33.001	43.625	25.247	0.15	0.340631842352205	0	0	0	0.9999999999999999	-0.7267133116795038	0.5832664387483529	NO	P13639
25	I	25	34.229	40.183	24.181	-0.22	0.341861560194632	0	0	0	0.9999999999999999	-0.6253604529592709	0.5763954702076948	NO	P13639
26	A	26	37.712	40.812	22.878	0.52	0.340631842352205	0	0	0	1	-0.5715989797141314	0.587465057856598	NO	P13639
27	H	27	41.357	39.88	23.312	0.9	0.296762589928058	0	0	0	1	-0.6508579924779877	0.6733695049052606	NO	P13639
28	V	28	43.442	42.646	24.997	0.15	0.329090909090909	0	0	0	1	-0.7194770275482624	0.6267035961892958	NO	P13639
29	D	29	45.82	42.761	21.967	-1.35	0.317956204379562	0	0	0	1	-0.4661723104142522	0.5294524362649967	NO	P13639
30	H	30	42.864	43.471	19.603	0.9	0.278033088235294	0	0	0	1	-0.3248871935631161	0.4583648669431691	NO	P13639
31	G	31	42.403	47.014	21	0.9	0.25664592760181	0	0	0	1	-0.21584345488764106	0.31953378851317393	NO	P13639
32	K	32	39.703	45.993	23.464	0.9	0.333639705882353	0	0	0	0.9999999999999999	-0.4120214403005666	0.6370969233151651	NO	P13639
33	S	33	40.727	48.694	25.972	0.15	0.374310661764706	0	0	0	1	-0.5041343407642634	0.36881640269591925	NO	P13639
34	T	34	41.145	51.159	23.09	-0.22	0.390694327857057	1	0	0	1	-0.4255012274016951	-0.07705733100387072	NO	P13639
35	L	35	37.633	50.674	21.65	-0.22	0.393620877129395	0	0	0	1	-0.7562626023787737	-0.07162948124761406	NO	P13639
36	T	36	35.903	50.789	25.065	-0.6	0.380946828358209	0	0	0	1	-0.7154003526499082	-0.19215790055737997	NO	P13639
37	D	37	37.639	54.146	25.693	0.9	0.413119963681761	0	0	0	0.9999999999999999	-0.5926047506491426	-0.43085060906085326	NO	P13639
38	S	38	36.082	55.489	22.434	-0.6	0.410048439788217	0	0	0	1	-0.75180721740966	-0.4885888582643524	NO	P13639
39	L	39	32.538	54.652	23.598	0.9	0.400969376514651	0	0	0	0.9999999999999999	-0.8602239188408896	-0.8724190218186505	NO	P13639
40	V	40	33.245	56.248	27.016	0.15	0.403995560488346	0	0	0	1	-0.7586122337848814	-1.1215037816713411	NO	P13639
41	C	41	34.83	59.295	25.311	-1.35	0.413533834586466	0	0	0	1	-0.6969506015394539	-1.329508533326038	NO	P13639
42	K	42	31.822	59.75	22.991	-0.6	0.426456766917293	0	0	0	1	-0.8685577412360831	-1.700369718446815	NO	P13639
43	A	43	28.789	58.629	25.018	-0.6	0.442326490713587	1	0	0	1	-0.743322222544157	-1.3434048338594171	NO	P13639
44	G	44	30.219	58.349	28.571	-1.72	0.425707547169811	0	0	0	1	-0.3468896282578829	-1.0565502529669795	NO	P13639
45	I	45	27.841	59.369	31.311	-0.97	0.451127819548872	1	0	0	1	-0.237896405625019	-0.9544089346610232	NO	P13639
46	I	46	29.455	61.441	34.046	-1.35	0.452830188679245	0	0	0	0.9999999999999999	-0.2739701808548352	-1.0992521105640944	NO	P13639
47	A	47	27.563	62.443	37.204	-0.6	0.476337903582486	2	0	0	0.9999999999999999	-0.299124577063422	-0.6607490701571582	NO	P13639
48	S	48	26.175	65.94	37.958	-0.97	0.464474393530997	2	0	0	1	-0.07885109371092705	-0.9081148827543994	NO	P13639
49	A	49	25.232	64.754	41.42	-1.35	0.489203354297694	1	0	0	1	-0.2470014258728123	-0.6362038422453791	NO	P13639
50	R	50	27.976	66.082	43.671	0.9	0.466233766233766	0	0	0	1	-0.03424775129055392	-0.5729517156796526	NO	P13639
51	A	51	25.351	65.982	46.501	-1.35	0.466702878870179	0	0	0	1	-0.12116473856041764	-0.6416416569237617	NO	P13639
52	G	52	27.525	67.716	49.13	-0.97	0.467651888341544	1	0	0	0.9999999999999999	0.12106859399624505	-0.7183236917602657	NO	P13639
53	E	53	26.395	65.253	51.683	0.15	0.470769230769231	1	0	0	1	0.10737623651189449	-0.6447199513457129	NO	P13639
54	T	54	28.98	64.1	54.197	-0.97	0.484615384615385	0	0	0	1	0.2782102494942541	-0.12598336561235088	NO	P13639
55	R	55	26.784	61.399	55.698	-1.35	0.482758620689655	0	0	0	1	0.26821336362525416	-1.0110193973040555	NO	P13639
56	F	56	23.809	60.898	53.358	0.15	0.480916030534351	0	0	0	1	0.021803282145329308	-1.01964364747233	NO	P13639
57	T	57	26.159	58.673	51.188	0.9	0.495489243580847	0	0	0	1	-0.10219380754341754	-0.7375964916194377	NO	P13639
58	D	58	29.953	58.562	51.488	0.9	0.495489243580847	0	0	0	1	0.0037989541662707678	-0.5258098353892012	NO	P13639
59	T	59	31.099	59.55	54.846	-0.97	0.480792908150702	0	0	0	1	0.2937001001859589	-0.36714574575492104	NO	P13639
60	R	60	34.663	59.858	53.58	-1.35	0.491666666666667	1	0	0	1	0.2742891096560919	-0.2778752075183387	NO	P13639
61	K	61	35.969	63.368	54.013	-0.97	0.432551319648094	0	0	0	1	0.24838793660029293	-0.3871986351322025	NO	P13639
62	D	62	37.443	63.881	50.539	-0.22	0.450381679389313	1	0	0	1	0.21333059550212974	-0.07245035976013434	NO	P13639
63	E	63	36.577	66.171	47.61	0.9	0.386041439476554	0	0	0	1	0.20317246869889474	-0.2970537578077047	NO	P13639
64	Q	64	32.999	67.026	46.57	0.9	0.429090909090909	1	0	0	1	0.20100058471095744	-0.367145745754921	NO	P13639
65	E	65	33.661	65.2	43.285	0.9	0.388157894736842	0	0	0	1	-0.06894366889941014	-0.6774378234875932	NO	P13639
66	R	66	35.558	62.322	44.904	0.9	0.372981132075472	0	0	0	0.9999999999999999	-0.005045939344363144	-0.31496132603041643	NO	P13639
67	C	67	32.416	61.168	46.757	0.15	0.371578947368421	0	0	0	1	-0.03463283638638804	-0.4730390738700393	NO	P13639
68	I	68	33.206	57.473	47.637	0.15	0.421492537313433	0	0	0	0.9999999999999999	-0.13992426671709066	-0.39770252956792146	NO	P13639
69	T	69	35.321	55.71	45.085	-0.6	0.419555555555556	0	0	0	1	-0.2034663882470113	0.06656960449085407	NO	P13639
70	I	70	34.93	52.115	43.992	0.9	0.434194341943419	0	0	0	1	-0.24205849216171735	0.06590620063175605	NO	P13639
71	K	71	36.606	49.596	41.736	0.9	0.42979242979243	0	0	0	1	-0.1627471508318963	0.4394025733039502	NO	P13639
72	S	72	35.262	50.157	38.174	0.9	0.4096	0	0	0	1	-0.44150674902975734	0.3927923095739882	NO	P13639
73	T	73	32.89	47.26	37.413	0.9	0.391304347826087	0	0	0	1	-0.5338441687484813	0.6427783820059021	NO	P13639
74	A	74	30.395	48.915	35.04	-0.6	0.391002499305748	0	0	0	1	-0.5494669687743262	0.34696830226962394	NO	P13639
75	I	75	30.023	52.099	32.956	0.15	0.439877811718967	0	0	0	1	-0.5062814079432564	-0.11511800112520035	NO	P13639
76	S	76	26.858	53.944	31.86	0.15	0.406642599277978	0	0	0	0.9999999999999999	-0.43353384730233957	-0.2660553217316916	NO	P13639
77	L	77	26.615	55.263	28.262	0.15	0.426666666666667	0	0	0	1	-0.46220685307032366	-0.7639818723790188	NO	P13639
78	F	78	23.963	57.471	26.577	-3.22	0.386752472139382	0	0	0	1	-0.4475008659059565	-1.2010904222677403	NO	P13639
79	Y	79	22.887	57.517	22.946	-3.22	0.426666666666667	2	0	0	0.9999999999999999	-0.7785925862798877	-1.4746281275037332	NO	P13639
80	E	80	20.06	59.279	21.109	-3.22	0.459130434782609	1	0	0	1	-0.3989505451396409	-2.7339325967036516	NO	P13639
81	L	81	18.674	58.573	17.613	-3.22	0.485249517507582	1	0	0	0.9999999999999999	-0.41423066371853523	-3.4383649767171693	NO	P13639
82	S	82	15.986	59.887	15.217	-3.22	0.507913669064748	1	0	0	1	-0.07335930294835243	-4.51891472536472	NO	P13639
83	E	83	12.318	58.729	15.192	-3.22	0.490141627325743	2	0	0	1	0.2712539941999817	-4.952080589585788	NO	P13639
84	N	84	13.045	57.081	11.821	-3.22	0.471622701838529	1	0	0	1	0.20746875209644042	-5.301915557950152	NO	P13639
85	D	85	15.998	55.137	13.337	-3.22	0.457710159876225	0	0	0	0.9999999999999999	-0.010002275470537274	-3.8050553172052837	NO	P13639
86	L	86	13.872	53.879	16.177	-3.22	0.460662525879917	0	0	0	0.9999999999999999	-0.11458823072681908	-3.681636683880007	NO	P13639
87	N	87	11.45	52.254	13.685	-3.22	0.444777611194403	0	0	0	1	-0.03681150748640576	-3.8089659083747036	NO	P13639
88	F	88	14.307	50.033	12.365	-3.22	0.444416780779286	0	0	0	1	0.11635858643033635	-3.7578430758994736	NO	P13639
89	I	89	14.477	48.428	15.831	0.15	0.461956521739131	0	0	0	0.9999999999999999	-0.3329912455123361	-2.373208654652023	NO	P13639
90	K	90	12.733	45.006	15.863	-0.97	0.45863309352518	1	0	0	1	-0.4153154393356191	-2.0551065042145145	NO	P13639
91	Q	91	11.78	45.195	19.54	-0.6	0.426523297491039	0	0	0	1	-0.5603918625060125	-1.6268985422640974	NO	P13639
92	S	92	9.378	47.322	21.621	-0.6	0.459917780061665	0	0	0	1	-0.3766269442723219	-1.7909008915419105	NO	P13639
93	K	93	11.058	50.698	22.318	-0.97	0.459549411162314	0	0	0	1	-0.32721365495911603	-2.1410173039677103	NO	P13639
94	D	94	9.899	53.962	23.926	-0.97	0.426190476190476	1	0	0	1	-0.15223850854867177	-2.0311133979771356	NO	P13639
95	G	95	11.413	57.373	23.105	0.9	0.383571428571429	2	0	0	1	0.008547705523017073	-3.213681807885469	NO	P13639
96	A	96	14.675	58.181	21.385	-1.35	0.372528616024974	1	0	0	0.9999999999999999	-0.11621324583553008	-3.5264256963841087	NO	P13639
97	G	97	17.091	58.062	24.314	-0.22	0.398220244716351	0	0	0	1	-0.13790478645635973	-2.400522346872307	NO	P13639
98	F	98	18.936	54.86	25.18	0.15	0.412442396313364	0	0	0	1	-0.44878724512259577	-1.3879433565815897	NO	P13639
99	L	99	20.953	53.864	28.248	0.9	0.347958900305471	0	0	0	1	-0.4595581429977592	-0.9803419946075828	NO	P13639
100	I	100	23.776	51.45	27.541	-0.22	0.313309090909091	1	0	0	1	-0.8452559412924451	-0.3321100989894539	NO	P13639
101	N	101	25.299	49.548	30.474	0.9	0.315328467153285	0	0	0	1	-0.7744729425948306	0.1133523343237867	NO	P13639
102	L	102	28.847	48.596	29.487	0.52	0.315328467153285	0	0	0	1	-0.7042739772947472	0.18589183496589626	NO	P13639
103	I	103	29.975	45.882	31.929	0.15	0.325812274368231	0	0	0	1	-0.7871879674214641	0.782050666528086	NO	P13639
104	D	104	33.701	45.366	32.57	0.9	0.342155009451796	0	0	0	1	-0.8259306740655149	0.8819104053186323	NO	P13639
105	S	105	35.148	42.035	31.459	0.15	0.385340632603406	0	0	0	0.9999999999999999	-0.9183447441740891	0.9327198891424667	NO	P13639
106	P	106	38.333	40.142	32.573	0.9	0.346227621483376	0	0	0	1	-0.9179008330180715	1.2237289427189593	NO	P13639
107	G	107	41.697	40.506	30.813	0.9	0.332720588235294	0	0	0	1	-0.9028315864438294	1.098826009247398	NO	P13639
108	H	108	42.635	36.816	30.592	0.9	0.375407407407407	0	0	0	1	-1.0305345245377528	0.8076193569308227	NO	P13639
109	V	109	40.519	33.706	29.842	0.9	0.378208955223881	0	0	0	1	-1.2368505516527915	0.7856993877531251	NO	P13639
110	D	110	41.715	31.686	32.907	-0.22	0.351058671407791	1	0	0	1	-1.5125476106629632	0.9167009185543904	NO	P13639
111	F	111	39.634	34.075	35.027	0.9	0.256328553726323	0	0	0	0.9999999999999999	-1.2793108968928741	0.7996563843272261	NO	P13639
112	S	112	36.79	31.662	34.123	0.9	0.213864886095837	0	0	0	1	-1.1171370247889558	0.8606640238312032	NO	P13639
113	S	113	34.706	32.543	37.177	-0.6	0.215909090909091	0	0	0	1	-0.795806799158059	0.9104193132635559	NO	P13639
114	E	114	35.015	36.313	36.584	0.9	0.229404309252218	0	0	0	1	-0.6537588175629392	1.2463798675854936	NO	P13639
115	V	115	34.173	35.843	32.855	0.9	0.244759972954699	0	0	0	1	-0.8118566727404839	0.858691270250201	NO	P13639
116	T	116	30.876	34.007	33.509	0.9	0.24315222272115	0	0	0	1	-0.6123991870561777	0.7320827476537145	NO	P13639
117	A	117	29.882	36.592	36.119	0.9	0.258349236641221	0	0	0	1	-0.4004213713932834	1.1339684839455642	NO	P13639
118	A	118	30.147	39.521	33.683	0.52	0.273764258555133	0	0	0	1	-0.6313820743738023	0.9167668820062893	NO	P13639
119	L	119	28.286	37.607	30.915	0.9	0.258620689655172	0	0	0	0.9999999999999999	-0.6123246399866589	0.6366546540757664	NO	P13639
120	R	120	25.404	36.497	33.121	0.9	0.241805118994163	1	0	0	1	-0.34279415246004274	0.43888659252465184	NO	P13639
121	V	121	24.223	40.078	33.794	0.15	0.257902298850575	0	0	0	1	-0.5614246653824001	0.9604399642395478	NO	P13639
122	T	122	24.545	41.057	30.061	0.15	0.297021511307226	0	0	0	0.9999999999999999	-0.7386693801281492	0.7686499085743056	NO	P13639
123	D	123	22.049	40.437	27.263	0.9	0.298172757475083	1	0	0	1	-0.7597882270245928	0.4674631450462246	NO	P13639
124	G	124	24.272	41.611	24.363	0.9	0.28046875	0	0	0	0.9999999999999999	-0.7593067250262676	0.6031479519169742	NO	P13639
125	A	125	27.951	41.553	23.516	-0.22	0.300840336134454	0	0	0	1	-0.7585353094169405	0.5935776301583339	NO	P13639
126	L	126	30.297	43.562	21.299	0.15	0.200560224089636	0	0	0	1	-0.6885825799389468	0.5473715513721557	NO	P13639
127	V	127	32.71	41.01	19.796	0.15	0.215144230769231	0	0	0	0.9999999999999999	-0.3428838400505176	0.6648067921990292	NO	P13639
128	V	128	35.997	42.465	18.51	-0.6	0.2796875	0	0	0	1	-0.2831163246892195	0.5183476325366165	NO	P13639
129	V	129	37.995	40.397	15.995	0.15	0.373333333333333	0	0	0	1	-0.0916012771651714	0.4641696507102769	NO	P13639
130	D	130	41.174	41.212	14.063	0.9	0.373333333333333	0	0	0	1	-0.025032971842077048	0.5694297296871654	NO	P13639
131	C	131	41.466	41.76	10.296	0.15	0.351377952755906	0	0	0	1	0.19792271673755837	0.5239955302559647	NO	P13639
132	V	132	44.691	39.877	9.728	-0.22	0.413857242501744	0	0	0	1	0.13845090640592203	0.6692720104814197	NO	P13639
133	S	133	44.486	37.095	12.334	-0.97	0.390865173473869	0	0	0	1	-0.16058000796284055	0.3000877628933627	NO	P13639
134	G	134	40.685	36.875	12.438	0.9	0.369871529216743	0	0	0	0.9999999999999999	-0.06516822129416977	0.5021645990040736	NO	P13639
135	V	135	39.074	35.027	15.309	0.9	0.35515873015873	0	0	0	0.9999999999999999	-0.05815221949915314	0.5060930890282779	NO	P13639
136	C	136	41.638	34.044	17.929	0.15	0.295562435500516	0	0	0	1	-0.6314332536442371	0.516100619465478	NO	P13639
137	V	137	41.012	30.789	19.87	0.15	0.346899224806202	0	0	0	1	-0.8587149045729262	0.8930564329513004	NO	P13639
138	Q	138	40.519	32.716	23.147	0.15	0.362348178137652	0	0	0	1	-1.0945910028164503	0.7758068655012809	NO	P13639
139	T	139	37.745	35.061	21.825	0.9	0.325670498084291	0	0	0	1	-0.7223173506089857	0.698572347591583	NO	P13639
140	E	140	36.113	32.021	20.225	0.9	0.386363636363636	0	0	0	1	-0.38739712491037276	0.6986014442520698	NO	P13639
141	T	141	35.96	30.248	23.644	-0.6	0.425033921302578	0	0	0	1	-0.8105678246901625	0.9006138806144482	NO	P13639
142	V	142	34.465	33.306	25.421	0.15	0.425033921302578	0	0	0	1	-0.8504847800263987	0.820196388426223	NO	P13639
143	L	143	31.978	33.648	22.543	0.52	0.425033921302578	0	0	0	1	-0.3122015484959627	0.5536600671198557	NO	P13639
144	R	144	30.72	30.088	23.179	0.15	0.429845626072041	2	0	0	1	-0.14530952096633215	0.5605642417519462	NO	P13639
145	Q	145	30.209	30.951	26.869	-0.97	0.47167325428195	0	0	0	1	-0.6280885608478239	0.6667235688275676	NO	P13639
146	A	146	28.206	34.056	25.892	0.9	0.468580803937654	0	0	0	0.9999999999999999	-0.3983092573047236	0.5462105946187341	NO	P13639
147	I	147	26.14	31.887	23.543	0.15	0.452020202020202	1	0	0	1	0.16788601881110668	-0.012294551832166122	NO	P13639
148	A	148	25.519	29.487	26.503	-0.97	0.449056603773585	0	0	0	0.9999999999999999	0.31177514453485944	-0.1234034617158585	NO	P13639
149	E	149	24.007	32.474	28.363	0.9	0.432727272727273	0	0	0	0.9999999999999999	-0.16049601555586993	-0.06526846512935834	NO	P13639
150	R	150	21.933	33.246	25.208	0.9	0.413352685050798	0	0	0	0.9999999999999999	0.15378409901741694	-0.5646591674409271	NO	P13639
151	I	151	23.755	36.543	24.629	0.52	0.433155893536122	0	0	0	0.9999999999999999	-0.40305454811263824	0.2634311709342649	NO	P13639
152	K	152	23.359	38.223	21.267	-1.35	0.41649605147704	1	0	0	1	-0.23089469470888233	0.1893275483754417	NO	P13639
153	P	153	26.728	38.919	19.496	-0.6	0.398428731762065	0	0	0	1	-0.11168761003128776	0.6284063327609808	NO	P13639
154	V	154	27.625	41.956	17.373	-0.6	0.39766081871345	1	0	0	0.9999999999999999	-0.30410269355539477	0.5643120427741234	NO	P13639
155	L	155	30.956	41.907	15.509	0.15	0.494291283764968	1	0	0	1	-0.05333047831298329	0.7236776308868617	NO	P13639
156	M	156	33.478	44.543	14.734	0.15	0.473515248796148	1	0	0	0.9999999999999999	-0.2641720535847146	0.5487111168568729	NO	P13639
157	M	157	36.5	43.902	12.569	0.15	0.513302486986698	0	0	0	0.9999999999999999	-0.030702845312168273	0.4864782314622991	NO	P13639
158	N	158	39.34	45.922	14.146	0.9	0.50947187141217	0	0	0	1	-0.16494267216182504	0.34663402900728774	NO	P13639
159	K	159	42.886	46.833	13.023	0.9	0.476865671641791	0	0	0	1	0.05326849479432182	0.2416529396378107	NO	P13639
160	M	160	41.945	47.339	9.383	0.15	0.423880597014925	1	0	0	1	0.5009745016227747	0.528067270472239	NO	P13639
161	D	161	44.639	49.978	9.152	0.9	0.425074626865672	0	0	0	1	0.7466303915620647	0.5281981746868603	NO	P13639
162	R	162	47.28	47.211	9.374	0.9	0.442786069651741	0	0	0	0.9999999999999999	0.5362354565201998	0.5090599785092441	NO	P13639
163	A	163	45.983	45.468	6.253	-0.6	0.456820131541321	0	0	0	1	0.5573753459646361	0.4751120017195376	NO	P13639
164	L	164	46.273	48.718	4.29	0.52	0.469852941176471	0	0	0	0.9999999999999999	1.091795853550818	0.5125428487695087	NO	P13639
165	L	165	49.411	50.439	5.618	0.9	0.487637362637363	0	0	0	1	1.3831838879554366	0.3030429255384357	NO	P13639
166	E	166	51.59	47.368	6.273	0.9	0.51970802919708	0	0	0	0.9999999999999999	0.6772176709344186	0.8666346585630855	NO	P13639
167	L	167	51.193	44.783	3.492	0.9	0.510427528675704	0	0	0	1	0.450927140005194	0.38732537036475445	NO	P13639
168	Q	168	49.26	46.927	0.919	-0.6	0.48121113814544503	0	0	0	1	0.8809126347397105	0.16619075066540911	NO	P13639
169	L	169	46.133	44.842	0.236	0.9	0.517818181818182	0	0	0	1	0.7290272222230985	0.15554864709237815	NO	P13639
170	E	170	43.788	45.324	-2.706	-1.35	0.511861313868613	2	0	0	1	1.0819111611209373	-0.3692565762156875	NO	P13639
171	P	171	40.058	46.261	-2.199	0.9	0.465328467153285	0	0	0	1	1.19128116834981	0.01581920926985431	NO	P13639
172	E	172	38.955	42.756	-3.312	-0.6	0.433455433455434	0	0	0	1	1.252522613579052	-0.23627425718739936	NO	P13639
173	E	173	41.457	40.858	-1.1	0.15	0.45131845841785	0	0	0	1	0.629536273096753	0.0676853291629735	NO	P13639
174	L	174	40.463	43.035	1.83	-0.6	0.433455433455434	0	0	0	1	0.7175190662013596	0.35194383121285927	NO	P13639
175	Y	175	36.745	42.228	1.282	0.9	0.433455433455434	0	0	0	1	0.9962076422116839	0.33989199443924484	NO	P13639
176	Q	176	37.645	38.504	0.942	-0.22	0.441350649350649	1	0	0	1	0.8026345193540954	0.4173948713695241	NO	P13639
177	T	177	39.342	38.755	4.343	-0.97	0.430656934306569	0	0	0	1	0.29668128572331426	0.10470304113234116	NO	P13639
178	F	178	36.161	40.257	5.867	-0.22	0.485187137585662	2	0	0	0.9999999999999999	0.6467504619580177	0.5625206212033883	NO	P13639
179	Q	179	33.996	37.598	4.305	-0.22	0.488794476898566	0	0	0	1	0.854363370469532	0.5952109762114236	NO	P13639
180	R	180	36.195	34.818	5.745	-0.22	0.486557722720084	0	0	0	1	0.29461274622574163	0.26697525723055643	NO	P13639
181	I	181	36.386	36.546	9.183	0.9	0.521822704658526	0	0	0	0.9999999999999999	0.4176034302376126	0.4639485160905775	NO	P13639
182	V	182	32.586	37.016	9.321	0.9	0.506474978050922	1	0	0	1	0.5150424234659134	0.5227404418738874	NO	P13639
183	E	183	32.267	33.393	8.174	0.15	0.519882843302918	0	0	0	0.9999999999999999	0.7643190319663975	0.5434242984105224	NO	P13639
184	N	184	34.637	32.265	10.989	-0.6	0.530215992647059	2	0	0	1	0.3729256910992649	0.5833612107282241	NO	P13639
185	V	185	32.379	34.017	13.548	0.9	0.526345802919708	0	0	0	1	0.4148802978658852	0.5026747163654255	NO	P13639
186	N	186	29.112	32.769	11.984	0.9	0.45475719110283	0	0	0	1	0.753531701598001	0.6323324774180064	NO	P13639
187	V	187	30.518	29.204	12.048	-0.22	0.515942028985507	0	0	0	0.9999999999999999	0.8379650191343719	0.6982959293169588	NO	P13639
188	I	188	30.871	29.522	15.846	0.52	0.522111913357401	1	0	0	1	0.44696425522459926	0.6015495331984952	NO	P13639
189	I	189	27.575	31.338	16.303	0.9	0.525475543478261	0	0	0	0.9999999999999999	0.7173400104215878	-0.4509024159609755	NO	P13639
190	S	190	25.396	28.898	14.292	0.9	0.507712504102396	1	0	0	1	1.0042251929124508	-0.8875335456390439	NO	P13639
191	T	191	27.135	25.838	15.791	-0.6	0.572250639386189	2	0	0	0.9999999999999999	0.9456471026099834	-0.08457590807364847	NO	P13639
192	Y	192	26.78	26.785	19.447	0.9	0.572250639386189	0	0	0	1	0.7276524517498755	-0.05476857939636965	NO	P13639
193	G	193	23.662	29.034	19.543	-0.22	0.55948051948052	0	0	0	1	0.8912047588484648	-0.7003431864605052	NO	P13639
194	E	194	21.215	26.353	18.991	-0.6	0.537084398976982	0	0	0	0.9999999999999999	1.0285344042100997	-0.8670607598797818	NO	P13639
195	G	195	20.287	25.182	22.59	-1.35	0.537084398976982	0	0	0	0.9999999999999999	0.9161399870765494	-1.2959475421208053	NO	P13639
196	E	196	16.709	23.619	22.053	0.9	0.546497584541063	0	0	0	1	1.0727667337015758	-2.4898203107734775	NO	P13639
197	S	197	16.945	23.285	18.19	-3.22	0.565714285714286	0	0	0	1	1.3489053621516343	-2.0890246525007528	NO	P13639
198	G	198	17.671	26.954	17.381	-3.22	0.6	0	0	0	1	1.1519022443960958	-1.5154375164118852	NO	P13639
199	P	199	14.84	28.611	19.585	-3.22	0.6	0	0	0	1	0.966504676771076	-1.9360515273440289	NO	P13639
200	M	200	16.534	31.967	19.369	-3.22	0.575669099756691	0	0	0	1	0.6748234859144852	-1.1542900603559316	NO	P13639
201	G	201	16.302	31.589	15.563	-3.22	0.590094043887147	0	0	0	1	1.1017376930515528	-2.2433636091320897	NO	P13639
202	N	202	19.177	33.161	13.69	0.9	0.61339937434828	1	0	0	1	1.1612617521884425	-1.6503195828548631	NO	P13639
203	I	203	21.83	34.809	15.887	0.52	0.587956021989005	4	0	0	1	0.6173294773636895	-0.40842755862333974	NO	P13639
204	M	204	24.461	35.029	13.046	0.15	0.586666666666667	0	0	0	1	0.9462521688540516	-0.14681229560020834	NO	P13639
205	I	205	25.891	38.408	12.065	0.52	0.593137254901961	0	0	0	1	0.5414405650904559	0.6972715557109986	NO	P13639
206	D	206	25.465	39.949	8.623	-0.6	0.607753357753358	2	0	0	1	0.9284653865459632	0.9287799906580044	NO	P13639
207	P	207	27.222	43.14	7.32	0.9	0.568802521008403	0	0	0	0.9999999999999999	0.9704293674601208	0.9695519058934294	NO	P13639
208	V	208	24.154	43.9	5.184	0.15	0.564650677789364	0	0	0	0.9999999999999999	1.288899850961893	-0.09760442275093491	NO	P13639
209	L	209	21.946	43.963	8.262	0.9	0.528937728937729	1	0	0	0.9999999999999999	0.839340900026183	-0.42263836760507134	NO	P13639
210	G	210	24.327	46.322	10.076	0.9	0.527472527472528	0	0	0	1	0.2237962080014447	-0.012294551832166137	NO	P13639
211	T	211	25.395	43.766	12.739	0.52	0.549199084668192	1	0	0	1	-0.09316143029032257	0.3935447815437985	NO	P13639
212	V	212	29.007	44.004	11.496	0.9	0.546147978642258	1	0	0	0.9999999999999999	0.12618113202637551	0.5209861706125747	NO	P13639
213	G	213	31.262	47.075	11.751	0.15	0.549199084668192	2	0	0	1	-0.23907615825739903	0.3369481398144974	NO	P13639
214	F	214	34.756	47.692	10.346	0.9	0.496894409937888	0	0	0	0.9999999999999999	-0.06613590152765182	0.40699055618801766	NO	P13639
215	G	215	37.466	50.122	11.462	-0.22	0.533596837944664	0	0	0	1	-0.1702190793924287	0.40018803407726633	NO	P13639
216	S	216	40.546	50.969	13.536	0.9	0.563027838598686	0	0	0	1	-0.31227552472769793	0.28615628185230396	NO	P13639
217	G	217	40.737	51.584	17.279	-0.22	0.566630042379532	0	0	0	1	-0.4023970424962653	0.1802543731255565	NO	P13639
218	L	218	44.082	53.4	16.849	-0.6	0.513675889328063	0	0	0	1	-0.012721633692055258	0.12942712014039298	NO	P13639
219	H	219	43.035	56.182	14.501	-0.22	0.496894409937888	0	0	0	1	-0.005305591656657518	0.1569998430341551	NO	P13639
220	G	220	39.525	56.103	16.028	-0.22	0.474308300395257	0	0	0	1	-0.39520337387043364	0.013636959733347626	NO	P13639
221	W	221	37.397	55.409	12.952	-0.6	0.499131039277025	0	0	0	1	-0.19863458434692727	0.17372678573147893	NO	P13639
222	A	222	34.814	52.742	12.183	0.15	0.393065693430657	0	0	0	1	-0.1533537087008375	0.22546990610526774	NO	P13639
223	F	223	31.773	52.125	10.018	0.9	0.472087912087912	0	0	0	1	-0.07772480349120238	0.36797609114106167	NO	P13639
224	T	224	28.737	49.94	9.337	0.9	0.4921875	0	0	0	1	-0.042797369571018776	0.3436764119081905	NO	P13639
225	L	225	27.139	49.291	5.918	0.9	0.530855018587361	0	0	0	1	0.7025799573882325	0.3637293012854721	NO	P13639
226	K	226	24.03	51.038	7.223	-1.35	0.532835820895522	0	0	0	0.9999999999999999	0.457030088985767	-0.46017305963298655	NO	P13639
227	Q	227	26.023	54.292	7.734	-0.22	0.525171624713959	0	0	0	1	-0.007323601383465345	-0.247883824721615	NO	P13639
228	F	228	27.275	54.36	4.123	0.9	0.484848484848485	0	0	0	1	0.9747354368994142	0.24320088197570608	NO	P13639
229	A	229	23.76	53.471	2.932	0.9	0.425837320574163	0	0	0	1	1.0883211162813713	-0.7490301566152564	NO	P13639
230	E	230	22.416	56.475	4.953	-0.6	0.425837320574163	1	0	0	1	0.8581890682678373	-1.9893189548539594	NO	P13639
231	M	231	24.875	58.749	3.111	0.15	0.478651685393258	1	0	0	1	0.9183541670403412	-1.5357165661956773	NO	P13639
232	Y	232	24.176	57.428	-0.431	0.9	0.457233065442021	0	0	0	0.9999999999999999	1.142175836474063	-2.1934872114901656	NO	P13639
233	V	233	20.457	57.692	0.709	-0.22	0.440298507462687	0	0	0	0.9999999999999999	0.979450671374708	-3.406546161993764	NO	P13639
234	A	234	20.903	61.401	1.588	-1.35	0.515533722782793	0	0	0	1	0.9150211990720439	-3.3871108859735215	NO	P13639
235	K	235	23.041	62.526	-1.32	-0.97	0.515533722782793	0	0	0	1	1.2589878264658194	-3.095394116295594	NO	P13639
236	F	236	20.573	60.892	-3.714	0.9	0.556197478991597	0	0	0	1	1.0275910963047	-3.412018685410566	NO	P13639
237	A	237	17.264	60.07	-1.781	-3.22	0.55012987012987	0	0	0	0.9999999999999999	1.0247143561173948	-3.4318077209802516	NO	P13639
238	A	238	16.758	63.758	-1.311	-3.22	0.546583850931677	3	0	0	1	1.0542172234573575	-3.866586025136627	NO	P13639
239	K	239	17.678	64.632	-4.914	-3.22	0.563176895306859	0	0	0	1	1.1433122614590745	-4.03260284087591	NO	P13639
240	G	240	15.951	61.381	-6.05	-3.22	0.569343065693431	2	0	0	1	1.1433122614590745	-4.03260284087591	NO	P13639
241	E	241	12.614	62.665	-4.794	-3.22	0.564040404040404	0	0	0	1	1.192587099553304	-4.409913785737918	NO	P13639
242	G	242	13.007	65.77	-6.99	0.9	0.569343065693431	0	0	0	1	1.3070036882174756	-4.5523542489461795	NO	P13639
243	Q	243	14.764	64.03	-9.898	-0.6	0.565217391304348	0	0	0	1	1.3411337358052535	-4.736916604618325	NO	P13639
244	L	244	12.496	60.965	-10.317	0.52	0.567272727272727	0	0	0	1	1.3411337358052535	-4.736916604618325	NO	P13639
245	G	245	15.569	58.684	-10.008	-3.22	0.609163636363636	0	0	0	1	1.234750525608898	-4.642934391246103	NO	P13639
246	P	246	14.506	57.054	-6.719	-3.22	0.575389688249401	2	0	0	1	1.1495664695909291	-3.9596284163751263	NO	P13639
247	A	247	16.537	55.697	-3.916	-3.22	0.522700119474313	0	0	0	0.9999999999999999	1.0265399142580414	-3.3376872984707178	NO	P13639
248	E	248	16.267	53.593	-0.859	-3.22	0.526079136690648	0	0	0	0.9999999999999999	1.042216238543877	-3.3928756367491313	NO	P13639
249	R	249	18.547	52.897	2.094	-3.22	0.529891304347826	2	0	0	0.9999999999999999	0.9574268986020028	-2.3183672689665853	NO	P13639
250	A	250	17.283	49.495	3.199	-3.22	0.505035971223022	0	0	0	1	0.9417088354295895	-1.8932397752604508	NO	P13639
251	K	251	14.039	48.335	1.491	-3.22	0.529482551143201	1	0	0	1	1.026583234654769	-2.7776085904272003	NO	P13639
252	K	252	14.33	45.24	-0.805	-0.97	0.531818181818182	0	0	0	1	1.168202396966055	-2.574441158578427	NO	P13639
253	V	253	17.025	42.782	-1.896	-0.97	0.584085439229844	0	0	0	1	1.350659510661164	-0.9993394687544812	NO	P13639
254	E	254	18.702	45.63	-3.95	-0.22	0.506093189964158	0	0	0	0.9999999999999999	1.3174050195387277	-0.8619009520867972	NO	P13639
255	D	255	18.508	48.516	-1.429	0.15	0.546583850931677	1	0	0	1	1.1175917649120972	-1.653842486106625	NO	P13639
256	M	256	21.664	50.384	-0.8	0.15	0.575976370200197	1	0	0	1	1.1844879597811235	-0.9520040956717929	NO	P13639
257	M	257	22.692	48.499	2.325	-0.22	0.554940711462451	0	0	0	1	1.1885668277207821	-0.6513947395594879	NO	P13639
258	K	258	21.855	44.987	0.958	0.9	0.554940711462451	1	0	0	1	1.3109690940066934	-0.3327787873155668	NO	P13639
259	K	259	23.715	45.751	-2.232	0.15	0.608231046931408	0	0	0	1	1.334670035532946	-0.1575174612120447	NO	P13639
260	L	260	26.71	47.142	-0.296	0.9	0.63768115942029	0	0	0	1	1.3143771197601426	0.20177454709141962	NO	P13639
261	W	261	27.794	43.567	0.421	0.9	0.633574007220217	0	0	0	1	1.3131638430951846	0.5049966298722686	NO	P13639
262	G	262	27.802	40.226	-1.323	0.9	0.63768115942029	0	0	0	1	1.3346617752485888	0.23747099864430293	NO	P13639
263	D	263	27.519	39.912	-5.077	0.9	0.633574007220217	0	0	0	1	1.3796355209907842	-0.014033964389557337	NO	P13639
264	R	264	25.842	43.123	-6.197	-1.35	0.633574007220217	0	0	0	1	1.5329167861890196	0.013518695887498192	NO	P13639
265	Y	265	27.699	45.054	-8.889	0.9	0.546583850931677	0	0	0	1	1.5282679085736426	-0.26195602779339155	NO	P13639
266	F	266	27.115	48.511	-10.413	0.9	0.579710144927536	0	0	0	1	1.5204702639127134	-0.40817075712949524	NO	P13639
267	D	267	28.384	48.626	-14.028	-0.22	0.546583850931677	0	0	0	1	1.5283270168297753	-1.0224741706044818	NO	P13639
268	P	268	30.403	51.876	-14.704	0.9	0.546583850931677	1	0	0	1	1.5245005940815965	-0.9955399739251015	NO	P13639
269	A	269	29.621	51.949	-18.466	-1.35	0.554073143933448	0	0	0	1	1.5060274639000202	-0.6674867656011227	NO	P13639
270	N	270	26.018	50.704	-18.477	0.52	0.525686977299881	2	0	0	0.9999999999999999	1.362915550896096	-0.5466366959354306	NO	P13639
271	G	271	25.229	52.461	-15.138	-1.72	0.522321428571429	2	0	0	1	1.273401891764266	-0.3156063020045395	NO	P13639
272	K	272	23.014	49.55	-14.205	0.9	0.557122302158273	0	0	0	1	1.3156060780270744	-0.5032943104743589	NO	P13639
273	F	273	22.822	47.172	-11.248	0.9	0.517319477751132	0	0	0	1	1.407925733028975	-0.3794589234427255	NO	P13639
274	S	274	23.701	43.504	-11.815	0.15	0.527324785260799	2	0	0	1	1.4778264455461325	-0.6381439026025558	NO	P13639
275	K	275	24.099	40.328	-9.742	0.9	0.54573484069887	0	0	0	1	1.5292060258959048	-0.08256358303438446	NO	P13639
276	S	276	26.616	38.788	-12.172	-1.35	0.549689440993789	0	0	0	1	1.6675183277095298	-0.7556762133920899	NO	P13639
277	A	277	30.316	39.651	-11.649	0.9	0.534608608104707	1	0	0	1	1.6849303496582941	-0.8811329629515584	NO	P13639
278	T	278	30.684	40.203	-15.426	-0.22	0.536566881394468	0	0	0	1	1.6057928833269663	-0.8420825994273785	NO	P13639
279	S	279	28.902	42.35	-18.046	0.15	0.58128078817734	0	0	0	1	1.5188629295665141	-1.1186013897877871	NO	P13639
280	P	280	27.32	40.808	-21.267	-0.6	0.630070993914807	0	0	0	1	1.6200932878530958	-1.5326759651748114	NO	P13639
281	E	281	30.791	41.263	-22.857	-0.97	0.645454545454546	1	0	0	1	1.7012112743782222	-1.942880684717097	NO	P13639
282	G	282	32.441	39.031	-20.19	-0.22	0.66904047976012	0	0	0	1	1.8681354827260284	-2.2563390081409187	NO	P13639
283	K	283	34.465	41.793	-18.583	-0.6	0.713643178410795	0	0	0	1	1.7426605486993163	-2.281216652857095	NO	P13639
284	K	284	34.937	41.693	-14.774	-3.22	0.671473354231975	1	0	0	1	1.6618347227168586	-1.3200615322932936	NO	P13639
285	L	285	32.796	44.005	-12.577	-3.22	0.666625171168928	0	0	0	1	1.5509715386080185	-0.7788280466197431	NO	P13639
286	P	286	33.741	45.482	-9.152	-3.22	0.64336917562724	0	0	0	1	1.533578990230708	-0.13038092907228108	NO	P13639
287	R	287	31.412	44.693	-6.278	0.9	0.571883711668658	1	0	0	1	1.4419348510041723	0.06079408854105936	NO	P13639
288	T	288	29.497	47.464	-4.631	0.15	0.621681964773009	0	0	0	1	1.4122769726511764	0.5044161514955579	NO	P13639
289	F	289	31.408	47.155	-1.282	0.9	0.639784946236559	0	0	0	1	1.3531828552218406	0.33199918955151436	NO	P13639
290	C	290	34.753	47.671	-3.022	0.15	0.613793103448276	0	0	0	1	1.5226251091375638	0.18312136998614023	NO	P13639
291	Q	291	33.486	50.521	-5.231	-0.22	0.614262761092572	0	0	0	0.9999999999999999	1.6208201783740532	0.20240154464117688	NO	P13639
292	L	292	31.271	52.585	-2.885	-0.22	0.614262761092572	0	0	0	0.9999999999999999	1.614094000608919	0.7700130965041296	NO	P13639
293	I	293	32.771	51.759	0.555	0.9	0.597601918465228	0	0	0	1	1.2431739736265315	0.5942804796522971	NO	P13639
294	L	294	36.391	50.693	0.172	0.9	0.62012344241295	1	0	0	1	1.3611651220278582	0.5716150600465472	NO	P13639
295	D	295	37.326	52.86	-2.849	0.15	0.647810218978102	1	0	0	1	1.8117167870029922	-0.11361665236938208	NO	P13639
296	P	296	36.57	56.271	-1.104	0.9	0.670591005415588	0	0	0	0.9999999999999999	2.048756874679077	0.19774495986096954	NO	P13639
297	I	297	38.623	55.051	1.89	0.52	0.665191568650285	1	0	0	1	1.53656174778104	0.46328511223147956	NO	P13639
298	F	298	41.521	53.761	-0.286	0.15	0.680305755395683	1	0	0	1	1.6382995946569126	0.09034157610853369	NO	P13639
299	K	299	41.532	57.174	-1.996	0.9	0.682761732851986	0	0	0	1	2.5937573398442115	-0.07705733100387072	NO	P13639
300	V	300	42.321	59.087	1.262	0.15	0.663328286945383	0	0	0	0.9999999999999999	2.4592531760941037	-0.2767508575093944	NO	P13639
301	F	301	44.834	56.396	2.299	-0.22	0.768345323741007	1	0	0	1	1.9622867862607456	-0.026012089623271832	NO	P13639
302	D	302	46.689	56.743	-1.041	-1.35	0.768345323741007	0	0	0	0.9999999999999999	2.367151142680189	-0.6720795615487245	NO	P13639
303	A	303	46.398	60.56	-1.35	-0.97	0.755999150562752	2	0	0	0.9999999999999999	2.8184042567714656	-0.7019469105042706	NO	P13639
304	I	304	47.28	61.583	2.244	0.15	0.778286461739699	1	0	0	1	2.503805509915463	-0.6815353179114341	NO	P13639
305	M	305	49.978	58.978	2.946	-0.22	0.801971326164875	1	0	0	1	2.3563979917339126	-0.5348723341674253	NO	P13639
306	N	306	51.832	59.986	-0.219	-0.6	0.808476221287609	0	0	0	1	2.706829665094306	-0.9084682174184842	NO	P13639
307	F	307	51.638	63.732	0.665	-1.72	0.802762608416319	0	0	0	1	2.791235004680023	-1.196702116836147	NO	P13639
308	K	308	49.747	64.615	-2.526	-1.35	0.797695262483995	1	0	0	1	3.146898250839105	-1.4736097443866967	NO	P13639
309	K	309	48.623	68.032	-1.289	-0.97	0.816870629370629	1	0	0	1	3.1162928813081177	-1.5133266859511185	NO	P13639
310	E	310	46.797	68.795	-4.578	-0.6	0.792663476874003	1	0	0	0.9999999999999999	3.4177342084187083	-1.6749675877736592	NO	P13639
311	E	311	44.449	65.783	-4.445	-0.97	0.778508771929825	0	0	0	0.9999999999999999	3.324679065129314	-1.256755243444953	NO	P13639
312	T	312	43.772	65.968	-0.66	-0.97	0.774233637116819	1	0	0	1	2.9937797874150114	-0.7129921240611287	NO	P13639
313	A	313	41.926	69.318	-0.602	-0.6	0.758547008547009	1	0	0	0.9999999999999999	3.1789322558296873	-0.9071053551427285	NO	P13639
314	K	314	39.649	68.29	-3.486	0.15	0.761208576998051	0	0	0	0.9999999999999999	3.257914003477698	-0.7428180196013339	NO	P13639
315	L	315	39.117	64.812	-1.981	-0.97	0.782957393483709	0	0	0	0.9999999999999999	2.9262411377741016	-0.47203778249762435	NO	P13639
316	I	316	38.187	66.091	1.492	0.52	0.814559866499791	5	0	0	1	2.5756039345433095	-0.11243887015576597	NO	P13639
317	E	317	35.541	68.489	0.055	0.15	0.796016704143913	0	0	0	1	2.868160500618358	-0.17097043980743643	NO	P13639
318	K	318	34.339	65.58	-2.101	-0.6	0.823803191489362	0	0	0	1	2.8104859108532363	-0.29841958928231826	NO	P13639
319	L	319	33.518	63.59	1.069	0.9	0.800714285714286	0	0	0	0.9999999999999999	2.0197210627394133	0.29647589743827346	NO	P13639
320	D	320	31.948	66.386	3.207	-1.35	0.75531914893617	1	0	0	1	2.0929998350651045	0.0808502454577539	NO	P13639
321	I	321	34.967	66.93	5.453	0.9	0.737955490339936	1	0	0	0.9999999999999999	2.276263650805101	-0.18933122324470136	NO	P13639
322	K	322	35.863	70.363	6.871	0.15	0.743226600985222	0	0	0	1	2.5674089574219963	-0.22769327248819646	NO	P13639
323	L	323	39.133	70.654	8.81	0.9	0.741688295637128	0	0	0	0.9999999999999999	2.382913349478313	-0.09792691073799642	NO	P13639
324	D	324	39.315	73.01	11.794	-0.22	0.752464694910738	0	0	0	1	2.4833386827058668	-0.10691050466328234	NO	P13639
325	S	325	42.09	75.485	10.861	-1.35	0.764620938628159	2	0	0	1	3.173728212036338	-0.6993670066077783	NO	P13639
326	E	326	45.147	74.113	12.806	0.9	0.784195493494129	0	0	0	1	2.66126105428508	-0.40327342094880875	NO	P13639
327	D	327	44.292	70.551	11.719	0.15	0.790630515000802	1	0	0	1	2.1487416465924403	0.08207230519819764	NO	P13639
328	K	328	44.907	71.576	8.035	-0.97	0.767527675276753	2	0	0	1	2.619414297287123	-0.24893923995199818	NO	P13639
329	D	329	48.74	71.665	8.302	-0.97	0.747089947089947	1	0	0	1	2.5766907992175963	-0.6472529478986325	NO	P13639
330	K	330	48.967	68.014	9.283	-0.97	0.749867233138609	0	0	0	1	2.428317925414068	-0.5244026150820236	NO	P13639
331	E	331	50.485	65.391	7.02	-0.6	0.752665245202559	0	0	0	0.9999999999999999	2.496165779359269	-0.71226652609024	NO	P13639
332	G	332	51.093	61.598	7.105	-0.6	0.542361720807726	0	0	0	1	2.3725383036206784	-0.8573861202679355	NO	P13639
333	K	333	49.717	59.657	10.074	0.15	0.536357716518342	0	0	0	1	1.8504767299394553	-0.3397508373836691	NO	P13639
334	P	334	49.067	62.959	11.994	0.9	0.534385813148789	0	0	0	1	1.9070172806748928	-0.3142242106314186	NO	P13639
335	L	335	46.716	63.957	9.14	0.9	0.57149446494465	0	0	0	1	2.2939237509542934	-0.37171921175324835	NO	P13639
336	L	336	45.159	60.593	8.312	0.9	0.518681318681319	0	0	0	0.9999999999999999	1.8121841955660907	-0.2032316418977087	NO	P13639
337	K	337	44.143	60.094	11.939	0.15	0.461418143899896	0	0	0	0.9999999999999999	0.8777716640914726	-0.14030183223788345	NO	P13639
338	A	338	42.352	63.455	12.255	-0.6	0.466123949579832	1	0	0	0.9999999999999999	1.4953017559696595	-0.01569247403730238	NO	P13639
339	V	339	40.568	63.103	8.887	0.9	0.505251206358217	0	0	0	1	1.8741326082845293	-0.2154992415998556	NO	P13639
340	M	340	39.4	59.55	9.641	0.15	0.503393665158371	0	0	0	0.9999999999999999	1.1096959742280668	0.28873618574879634	NO	P13639
341	R	341	37.852	60.553	12.952	0.15	0.47946127946128	0	0	0	1	0.1373331240321546	0.04048285274116035	NO	P13639
342	R	342	35.9	63.446	11.41	0.15	0.481243663399797	2	0	0	1	0.5927417692550231	-0.036232478136299276	NO	P13639
343	W	343	34.873	61.132	8.578	0.15	0.399626865671642	0	0	0	0.9999999999999999	0.7088086087589086	0.040696853986030665	NO	P13639
344	L	344	33.797	57.92	10.314	-0.22	0.16589219330855	0	0	0	1	0.17516632213063743	0.2893811617229194	NO	P13639
345	P	345	33.718	58.398	14.134	-0.6	0	1	0	0	1	-0.4253317075904154	-0.3062633643222421	NO	P13639
346	A	346	34.388	54.919	15.537	-1.72	0	0	0	0	0.9999999999999999	-0.38032975432024113	-0.10746334121253069	NO	P13639
347	G	347	32.153	55.196	18.589	-0.6	0	0	0	0	1	-0.5791874170419641	-0.6693111262136423	NO	P13639
348	D	348	29.128	56.217	16.462	-0.22	0	0	0	0	1	-0.7332490170002338	-1.2394036465627336	NO	P13639
349	A	349	29.324	53.017	14.357	0.52	0	0	0	0	1	-0.49533559587869913	-0.21139661247122302	NO	P13639
350	L	350	29.579	50.918	17.543	-0.22	0	0	0	0	0.9999999999999999	-0.5933227141863794	-0.17018902660801807	NO	P13639
351	L	351	26.767	52.696	19.422	0.15	0.270229007633588	0	0	0	0.9999999999999999	-0.7992015085111345	-0.7349916370082792	NO	P13639
352	Q	352	24.602	52.234	16.324	-0.6	0.273076923076923	0	0	0	1	-0.6528583602733028	-1.3303377881499103	NO	P13639
353	M	353	24.934	48.432	16.413	0.9	0.226282051282051	0	0	0	1	-0.5518384532475892	-0.4921895067459786	NO	P13639
354	I	354	24.296	48.318	20.194	-0.22	0.226282051282051	1	0	0	1	-0.8261799836330361	-0.22514842163377607	NO	P13639
355	T	355	21.126	50.444	20.072	-0.6	0.226282051282051	0	0	0	0.9999999999999999	-0.7272752225024489	-1.4934614259481274	NO	P13639
356	I	356	19.731	48.929	16.852	-0.6	0.225415070242656	0	0	0	0.9999999999999999	-0.5292011369557723	-1.6819418334718694	NO	P13639
357	H	357	20.439	45.202	17.217	0.9	0.224554707379135	0	0	0	0.9999999999999999	-0.3668345492081556	-0.6066194615288779	NO	P13639
358	L	358	21.435	44.389	20.804	0.52	0.224334600760456	0	0	0	0.9999999999999999	-0.692632644230535	0.14473064098094995	NO	P13639
359	P	359	18.49	43.11	22.94	0.9	0.222641509433962	0	0	0	0.9999999999999999	-0.622162737262283	-0.34292028453658946	NO	P13639
360	S	360	16.912	45.081	25.759	0.9	0.221177944862155	0	0	0	1	-0.7109321264476951	-0.08328595612540227	NO	P13639
361	P	361	16.312	43.454	29.205	0.9	0.191743617599131	0	0	0	0.9999999999999999	-0.3942363985474144	0.19327974157857894	NO	P13639
362	V	362	12.655	43.251	28.188	-1.35	0.383487235198262	0	0	0	1	-0.2089175758391766	0.06349073017042473	NO	P13639
363	T	363	13.512	41.169	25.126	-0.6	0.442355889724311	1	0	0	1	-0.20598459716181022	-0.3825548081185163	NO	P13639
364	A	364	16.364	39.01	26.435	0.52	0.382749326145553	0	0	0	1	-0.26583207759375244	-0.17126067899579184	NO	P13639
365	Q	365	14.856	38.053	29.802	-0.97	0.37988228999465	0	0	0	0.9999999999999999	-0.10341646955059909	0.3464154657203755	NO	P13639
366	K	366	11.902	36.495	27.908	0.9	0.377398720682303	1	0	0	0.9999999999999999	0.38292137539376675	-0.49013680060224774	NO	P13639
367	Y	367	14.217	33.707	26.656	-1.35	0.374603174603175	0	0	0	0.9999999999999999	0.4568125365486095	-1.080958246570785	NO	P13639
368	R	368	16.93	33.84	29.362	0.15	0.371848739495798	0	0	0	1	0.16480635921834574	-0.4364685071066786	NO	P13639
369	C	369	14.843	33.498	32.522	-0.22	0.488051470588235	0	0	0	1	0.5400944510301586	0.06289536773277266	NO	P13639
370	E	370	14.307	29.709	32.504	0.9	0.488051470588235	1	0	0	1	0.9267960157350453	-0.36638147955360895	NO	P13639
371	L	371	18.048	29.035	32.483	-1.35	0.486263736263736	1	0	0	1	0.5567361939718437	-0.28400247927250805	NO	P13639
372	L	372	18.711	31.848	34.992	-0.97	0.487637362637363	0	0	0	1	0.45606471150216776	-0.18199168466255328	NO	P13639
373	Y	373	16.189	30.403	37.46	0.9	0.436274509803922	0	0	0	1	0.8996825309200244	-0.2472009089843082	NO	P13639
374	E	374	16.87	27.087	39.241	-0.6	0.441140024783147	0	0	0	0.9999999999999999	0.9977110253559803	-0.20412468555418684	NO	P13639
375	G	375	13.201	26.771	40.306	0.9	0.656826568265683	0	0	0	1	1.1939818303378602	-0.43085060906085326	NO	P13639
376	P	376	10.074	25.876	38.294	-0.6	0.64963503649635	0	0	0	0.9999999999999999	1.2020860170201357	-0.6459261401804365	NO	P13639
377	P	377	9.816	27.77	34.895	-0.6	0.598478444632291	1	0	0	1	1.1762121777333394	-0.3891335630545718	NO	P13639
378	D	378	6.086	28.345	35.654	0.9	0.650735294117647	0	0	0	1	1.6883749550317368	-0.24924965619622855	NO	P13639
379	D	379	6.278	29.757	39.212	-0.6	0.648351648351648	0	0	0	1	1.3930540650819105	-0.1708385129036385	NO	P13639
380	E	380	5.362	33.403	39.918	0.15	0.687104622871046	0	0	0	1	1.3255116926380353	0.23308397312446108	NO	P13639
381	A	381	9.03	34.462	40.251	-0.6	0.679663056558364	0	0	0	0.9999999999999999	1.0150277342821363	0.15612912546908891	NO	P13639
382	A	382	10.278	32.932	36.94	0.52	0.594705174488568	0	0	0	1	0.935246867424915	-0.011161911097120678	NO	P13639
383	M	383	7.244	34.402	35.201	-0.97	0.637184115523466	1	0	0	1	1.1614204999984872	0.29214831670867336	NO	P13639
384	G	384	8.132	37.847	36.667	0.52	0.679663056558364	0	0	0	0.9999999999999999	0.8347822341662253	0.3371093838080282	NO	P13639
385	I	385	11.66	37.545	35.254	0.15	0.637184115523466	0	0	0	0.9999999999999999	0.6193643671918533	0.28269811279955886	NO	P13639
386	K	386	10.353	36.528	31.766	-1.35	0.636690647482014	0	0	0	1	0.706738651309437	0.05874534132913899	NO	P13639
387	S	387	7.966	39.464	31.801	-0.6	0.599238256453661	0	0	0	0.9999999999999999	0.5792226274567558	-0.10107897074056574	NO	P13639
388	C	388	10.586	41.753	33.384	0.9	0.569144684252598	0	0	0	1	0.2992939500414581	0.1581678787921707	NO	P13639
389	D	389	7.839	42.74	35.841	0.9	0.578339350180506	0	0	0	1	0.4768648193817886	0.4044989702655987	NO	P13639
390	P	390	8.908	45.642	38.158	0.9	0.550359712230216	3	0	0	1	0.26287527781013637	0.23903509597813463	NO	P13639
391	K	391	5.737	45.192	40.256	-0.97	0.550799381124291	0	0	0	0.9999999999999999	0.6581225900263059	0.7182340996474597	NO	P13639
392	G	392	6.405	41.548	41.238	0.9	0.550799381124291	0	0	0	1	0.8668839679247197	0.3511698600439115	NO	P13639
393	P	393	8.461	40.172	44.133	0.9	0.544897959183674	1	0	0	0.9999999999999999	0.7778249528552604	0.36443793722587225	NO	P13639
394	L	394	12.13	41.079	44.008	0.9	0.50070126227209	0	0	0	0.9999999999999999	0.5462822085806933	0.38659254052040193	NO	P13639
395	M	395	14.517	38.887	42.043	0.9	0.506143667296786	1	0	0	1	0.553841531313055	0.4565847332545894	NO	P13639
396	M	396	17.953	40.465	42.146	0.15	0.517391304347826	0	0	0	1	0.24174272081994758	0.6418909549761943	NO	P13639
397	Y	397	21.135	38.651	41.159	-0.22	0.504496402877698	0	0	0	0.9999999999999999	0.07517244113651983	0.7245881852032706	NO	P13639
398	I	398	24.354	39.734	42.93	-0.97	0.504899432697267	1	0	0	0.9999999999999999	0.12091358047350667	0.5806171311292276	NO	P13639
399	S	399	27.253	38.836	40.616	0.15	0.535673981191223	0	0	0	1	-0.20865492743019462	0.8434155234946542	NO	P13639
400	K	400	30.107	40.132	42.783	0.9	0.514180672268908	0	0	0	1	-0.17256312657879536	0.8724394423301933	NO	P13639
401	M	401	31.223	42.344	45.674	0.9	0.499681893370658	0	0	0	1	0.08675161402223255	0.6350237862554837	NO	P13639
402	V	402	33.041	45.584	44.818	-0.97	0.509939292941317	0	0	0	1	-0.024995794900964412	0.575289797109198	NO	P13639
403	P	403	35.84	47.069	47.052	-0.6	0.464944649446495	0	0	0	1	0.0663340555102286	0.37058950028296306	NO	P13639
404	T	404	35.148	50.692	48.078	0.9	0.470149253731343	0	0	0	1	0.01722820861143628	0.0911155472774814	NO	P13639
405	S	405	37.007	53.515	49.802	-0.6	0.482833957553059	0	0	0	1	0.039512891344716285	-0.06838204976951177	NO	P13639
406	D	406	34.186	53.534	52.509	0.9	0.444444444444444	0	0	0	1	0.15295047655568644	-0.31367137408217016	NO	P13639
407	K	407	36.233	51.952	55.319	-1.35	0.447368421052632	0	0	0	1	0.316704390508269	-0.14645286626478368	NO	P13639
408	G	408	36.888	48.604	53.559	-0.22	0.46308962264151	1	0	0	1	0.3613196112585979	0.20015948530255856	NO	P13639
409	R	409	33.175	48.098	52.857	-0.22	0.435788192331102	0	0	0	1	0.2968070339856438	0.2938959935417811	NO	P13639
410	F	410	32.008	46.173	49.828	0.9	0.420582706766917	0	0	0	1	0.25911229079524695	0.47542741316769815	NO	P13639
411	Y	411	29.061	47.169	47.669	-0.22	0.378524436090226	1	0	0	1	0.01491408646986792	0.3036996283484521	NO	P13639
412	A	412	27.046	44.354	46.12	0.9	0.381014150943396	1	0	0	0.9999999999999999	0.0411872824362054	0.472918890011425	NO	P13639
413	F	413	26.972	44.598	42.31	0.9	0.390358825661472	0	0	0	0.9999999999999999	-0.2066504843966058	0.6267035961892958	NO	P13639
414	G	414	24.258	42.933	40.29	0.9	0.34505255527365	1	0	0	1	-0.4171797975498373	0.650954692816324	NO	P13639
415	R	415	21.109	43.167	38.234	0.9	0.405175348995574	0	0	0	0.9999999999999999	-0.4071881819268179	0.8500495620856345	NO	P13639
416	V	416	17.428	43.482	39.128	0.9	0.409779614325069	0	0	0	1	-0.06697004400806753	0.5546275310810405	NO	P13639
417	F	417	15.575	40.812	37.087	-0.22	0.414489724834552	1	0	0	0.9999999999999999	0.106913509193372	0.5321898092120275	NO	P13639
418	S	418	12.109	41.158	38.704	0.9	0.455470737913486	0	0	0	0.9999999999999999	0.31511716066385537	0.4192793229113098	NO	P13639
419	G	419	10.467	43.703	41.023	0.9	0.468392175572519	0	0	0	0.9999999999999999	0.49355607226719994	0.42923635740912364	NO	P13639
420	L	420	12.055	46.91	42.243	-0.97	0.465304182509506	1	0	0	0.9999999999999999	0.10531450629612286	0.516514542925951	NO	P13639
421	V	421	14.571	47.445	45.061	0.15	0.53271349862259	1	0	0	0.9999999999999999	-0.09259773529940048	0.16851266417225227	NO	P13639
422	S	422	14.278	50.55	47.274	-1.72	0.538836642284918	0	0	0	1	-0.2116060117368021	-0.3527444347080787	NO	P13639
423	T	423	16.713	52.108	49.762	-0.6	0.552562260536399	0	0	0	1	-0.15801718768745812	-0.6052926538106818	NO	P13639
424	G	424	15.707	51.043	53.346	0.9	0.528535980148883	0	0	0	1	-0.0347189099510243	-0.8117771049549455	NO	P13639
425	L	425	13.756	48.065	51.954	-0.6	0.561236623067777	0	0	0	1	0.09393512761217572	-0.4041664646052869	NO	P13639
426	K	426	13.967	44.716	53.764	-1.72	0.561236623067777	0	0	0	0.9999999999999999	0.5183248782271266	-0.11692790293566266	NO	P13639
427	V	427	15.019	41.778	51.587	0.9	0.583516483516483	0	0	0	0.9999999999999999	0.5204618015339264	0.034843290523400954	NO	P13639
428	R	428	15.78	38.068	51.792	0.15	0.57603550295858	0	0	0	0.9999999999999999	0.5927443785781663	0.030118251908521458	NO	P13639
429	I	429	19.475	37.372	51.229	0.15	0.553133903133903	0	0	0	1	0.556316640418863	0.34420411952338215	NO	P13639
430	M	430	19.779	33.869	49.801	0.15	0.551014616148716	2	0	0	0.9999999999999999	0.5943978921375508	0.08312384497485854	NO	P13639
431	G	431	23.339	32.551	49.65	0.9	0.533379120879121	0	0	0	0.9999999999999999	0.65792918521159	0.49329540785751974	NO	P13639
432	P	432	24.822	29.86	47.351	-1.35	0.554700854700855	0	0	0	1	0.6510260210667467	0.3188081905422855	NO	P13639
433	N	433	23.588	27.038	49.637	0.9	0.51769523252413	1	0	0	1	0.6303424702298275	-0.06533338349394852	NO	P13639
434	Y	434	20.054	28.421	50.171	0.9	0.58300395256917	0	0	0	0.9999999999999999	0.636731801337944	0.06819601395186863	NO	P13639
435	T	435	17.049	26.217	49.378	0.9	0.582444626743232	1	0	0	1	0.8015439448811881	-0.1875140735436937	NO	P13639
436	P	436	13.329	27.387	49.662	-0.97	0.6	2	0	0	1	0.7775154450180646	-0.2628104115513208	NO	P13639
437	G	437	12.68	24.515	52.082	-1.72	0.530337078651685	0	0	0	0.9999999999999999	0.8178947624272428	-0.3857474391904256	NO	P13639
438	K	438	15.261	25.182	54.81	-0.97	0.53433962264151	0	0	0	0.9999999999999999	0.7730350705154471	-0.6611844289396913	NO	P13639
439	K	439	16.467	28.434	56.401	-0.6	0.530337078651685	0	0	0	1	0.7249301627159656	-0.4301540350088004	NO	P13639
440	E	440	20.146	27.618	55.844	0.9	0.482124616956078	0	0	0	0.9999999999999999	0.7175900840152157	-0.7415959598608901	NO	P13639
441	D	441	22.241	30.487	54.356	0.9	0.478540047313282	0	0	0	1	0.5977747527073769	-0.37945892344272536	NO	P13639
442	L	442	19.326	32.923	54.687	-1.35	0.475420875420875	1	0	0	1	0.6828838136478291	0.0036568051863903363	NO	P13639
443	Y	443	19.509	36.435	56.095	-0.22	0.47192513368984	1	0	0	0.9999999999999999	0.5618823534561929	0.39778673891206956	NO	P13639
444	L	444	16.526	38.844	56.265	0.52	0.451406649616368	0	0	0	0.9999999999999999	0.5040400444639458	-0.02536711364914874	NO	P13639
445	K	445	18.243	42.282	56.276	-0.97	0.451406649616368	1	0	0	1	0.541400714044637	-0.1875140735436937	NO	P13639
446	P	446	17.667	45.813	54.955	-0.22	0.35036496350365	0	0	0	1	0.4696416266378818	-0.30325253142325875	NO	P13639
447	I	447	19.239	47.437	51.909	0.15	0.369440083725798	0	0	0	1	0.13753283044856054	-0.33277878731556676	NO	P13639
448	Q	448	20.922	50.435	53.557	-0.97	0.408429752066116	0	0	0	1	0.012211185141946168	-0.5115868587130842	NO	P13639
449	R	449	21.394	52.187	50.208	0.9	0.408429752066116	0	0	0	1	-0.3189351272364443	-0.5212704150434668	NO	P13639
450	T	450	20.753	51.733	46.462	-0.97	0.409920371599204	0	0	0	1	-0.49743407717247473	-0.31515978017630036	NO	P13639
451	I	451	23.491	53.401	44.393	-0.6	0.390774907749077	1	0	0	0.9999999999999999	-0.5683929269871374	-0.2875262504482049	NO	P13639
452	L	452	24.416	53.802	40.743	0.52	0.274228005437949	0	0	0	1	-0.578418966437391	-0.23602724511220327	NO	P13639
453	M	453	27.788	52.249	39.943	-0.97	0.274228005437949	0	0	0	1	-0.5003148517389773	0.006471245800745642	NO	P13639
454	M	454	28.763	54.94	37.418	-0.22	0.276266875366856	0	0	0	1	-0.4469815476517059	-0.3305665983799312	NO	P13639
455	G	455	32.276	53.771	36.479	0.52	0.277832126785365	0	0	0	1	-0.4746368108174729	-0.21342962429749118	NO	P13639
456	R	456	34.363	54.543	39.527	0.9	0.275781705185473	0	0	0	1	-0.35793558355789334	-0.1712606789957918	NO	P13639
457	Y	457	31.858	56.624	41.536	0.9	0.273993808049536	0	0	0	1	-0.23363579736170048	-0.17089406107365868	NO	P13639
458	V	458	28.543	55.87	43.204	-1.72	0.215328467153285	0	0	0	1	-0.3030868437627731	-0.12250049535208618	NO	P13639
459	E	459	25.303	57.77	43.199	-1.35	0.217524509803922	0	0	0	1	-0.39940881547573753	-0.5027414739251105	NO	P13639
460	P	460	22.488	57.382	45.832	-1.35	0.231821141740829	0	0	0	0.9999999999999999	-0.3348761197534888	-0.7843053810461421	NO	P13639
461	I	461	19.029	56.738	44.367	0.15	0.154547427827219	0	0	0	1	-0.43450641406042373	-0.8548983557963178	NO	P13639
462	E	462	15.659	55.941	45.944	-0.6	0.16542750929368	0	0	0	1	-0.4863279478663445	-0.639929989915512	NO	P13639
463	D	463	14.685	52.864	43.9	-0.6	0.16542750929368	1	0	0	1	-0.48740583739637044	-0.20874299703483085	NO	P13639
464	V	464	15.603	50.807	40.849	0.9	0.16635687732342	0	0	0	0.9999999999999999	-0.394947882868134	-0.026196368473021283	NO	P13639
465	P	465	13.1	48.842	38.673	0.9	0.165129151291513	0	0	0	1	-0.2459114242326803	0.26472323409682896	NO	P13639
466	C	466	13.717	45.543	36.974	0.15	0.177283950617284	0	0	0	1	-0.018055757991069107	0.3286303094165075	NO	P13639
467	G	467	16.037	45.272	33.933	0.9	0.221604938271605	0	0	0	0.9999999999999999	-0.24396529064114195	0.5716150600465472	NO	P13639
468	N	468	18.614	47.636	35.412	0.9	0.233774690688083	0	0	0	1	-0.4923800182415776	0.2646258111524859	NO	P13639
469	I	469	22.167	47.195	36.713	-0.6	0.27888910468052	0	0	0	0.9999999999999999	-0.6270496805658594	0.46917769945052684	NO	P13639
470	V	470	22.571	48.523	40.253	0.9	0.32967032967033	0	0	0	1	-0.5232936923367474	-0.12017858184524303	NO	P13639
471	G	471	24.819	48.61	43.336	-0.6	0.416425679583574	0	0	0	1	-0.3199990370437092	0.1254798671787597	NO	P13639
472	L	472	23.741	47.907	46.898	0.52	0.394160583941606	0	0	0	0.9999999999999999	-0.14914973889479177	-0.006985298386640645	NO	P13639
473	V	473	25.164	49.023	50.178	-1.72	0.435990338164251	0	0	0	1	6.808891985720548e-4	-0.1302050265338838	NO	P13639
474	G	474	25.036	47.279	53.539	0.9	0.435990338164251	0	0	0	1	0.3776574112908069	0.08140572715795563	NO	P13639
475	V	475	24.878	43.578	52.657	0.9	0.482620320855615	0	0	0	1	0.36387681047515646	0.3992751450061999	NO	P13639
476	D	476	28.62	42.648	52.429	0.9	0.505602240896359	0	0	0	1	0.2617531730220563	0.31534605165261764	NO	P13639
477	Q	477	28.606	40.948	55.838	0.9	0.525090909090909	0	0	0	1	0.35627065359171156	0.6147070430706063	NO	P13639
478	F	478	25.851	38.556	54.64	-0.97	0.499654934437543	0	0	0	1	0.40320563305199497	0.5364875818088285	NO	P13639
479	L	479	27.112	37.813	51.096	0.52	0.455755395683453	0	0	0	1	0.4872273255165959	0.5936529354612585	NO	P13639
480	V	480	30.679	36.635	50.45	0.9	0.410865874363328	0	0	0	0.9999999999999999	0.4792527828921493	0.633739697725184	NO	P13639
481	K	481	30.677	37.124	46.653	0.9	0.410865874363328	0	0	0	0.9999999999999999	0.2641045358435481	0.49952130680545614	NO	P13639
482	T	482	27.488	36.058	44.814	0.9	0.409398496240602	1	0	0	1	0.19831364053700878	0.8235134077217132	NO	P13639
483	G	483	23.894	35.287	45.774	0.52	0.434886499402628	0	0	0	0.9999999999999999	0.4960116453000814	0.8030584553995237	NO	P13639
484	T	484	20.218	35.969	45.121	0.9	0.414972449173475	1	0	0	1	0.4950010328138852	0.5136090335430592	NO	P13639
485	I	485	18.114	38.678	46.755	0.9	0.394223826714801	1	0	0	1	0.4815040520791726	0.26475825541669085	NO	P13639
486	T	486	14.337	38.107	46.888	0.9	0.374419804022692	1	0	0	1	0.6920465896742626	0.08721051092506342	NO	P13639
487	T	487	11.171	39.104	48.752	-0.6	0.376811594202899	0	0	0	1	0.6708912014822936	-0.2711029597900462	NO	P13639
488	F	488	9.103	35.974	48.083	-0.97	0.395652173913043	1	0	0	1	0.8851653512394643	0.294162880151763	NO	P13639
489	E	489	9.238	33.199	50.712	0.9	0.398540145985401	0	0	0	1	0.8449159586043976	-0.13625336766184928	NO	P13639
490	H	490	9.08	30.47	48.038	-0.97	0.463686131386861	1	0	0	1	1.068887633989676	-0.22187839344497193	NO	P13639
491	A	491	11.584	32.114	45.633	0.9	0.463686131386861	0	0	0	1	1.020975773537125	0.10406938052618518	NO	P13639
492	H	492	14.364	29.785	44.461	-0.97	0.484976076555024	0	0	0	1	0.8764753586496274	-0.04609848424596235	NO	P13639
493	N	493	17.954	30.844	43.832	-0.97	0.435619735258724	0	0	0	0.9999999999999999	0.7359115500718327	-0.004635743052335116	NO	P13639
494	M	494	18.96	32.156	40.414	0.15	0.435619735258724	1	0	0	0.9999999999999999	0.6452553209422961	0.3436764119081905	NO	P13639
495	R	495	21.726	30.204	38.586	0.9	0.457400722021661	0	0	0	1	0.417140907831014	0.41795901915251665	NO	P13639
496	V	496	24.555	30.309	41.11	-0.6	0.494282300733914	0	0	0	1	0.3809035458593316	0.4820677339921927	NO	P13639
497	M	497	28.261	30.531	40.344	0.15	0.499654934437543	0	0	0	1	-0.1662680095709193	0.5802653260524333	NO	P13639
498	K	498	30.21	28.091	42.503	0.9	0.513333333333333	0	0	0	0.9999999999999999	-0.3639101139356537	0.6982959293169588	NO	P13639
499	F	499	33.284	29.301	44.366	0.9	0.486746062235882	0	0	0	1	-0.4151089831198162	0.516100619465478	NO	P13639
500	S	500	35.631	27.717	46.907	0.15	0.513787510137875	0	0	0	1	-0.7100506099439791	0.34832364348713607	NO	P13639
501	V	501	36.838	29.604	49.997	-0.6	0.466294547015887	0	0	0	1	-0.4637164696487632	0.33646440783390497	NO	P13639
502	S	502	39.22	26.788	51.016	0.15	0.388578789179906	0	0	0	1	-0.6431368035844277	0.46067429704406154	NO	P13639
503	P	503	42.882	27.905	51.465	-0.6	0.440389294403893	0	0	0	1	-0.7109921372382904	0.3414724565741549	NO	P13639
504	V	504	44.647	24.948	49.811	0.9	0.4080022541561	0	0	0	1	-0.8604454081310966	0.4979600993057989	NO	P13639
505	V	505	47.751	26.784	48.561	0.15	0.376433785192909	1	0	0	0.9999999999999999	-0.7922183633017638	0.6678562095626129	NO	P13639
506	R	506	50.01	29.137	50.483	0.15	0.331801470588235	0	0	0	1	-0.6565521690078987	0.5001488509964949	NO	P13639
507	V	507	53.381	30.899	50.239	0.15	0.307408458699972	0	0	0	1	-0.7521060722317542	0.7479590793244368	NO	P13639
508	A	508	55.526	32.144	53.125	0.9	0.285450711649974	0	0	0	1	-0.48868761035069397	0.8789271418346079	NO	P13639
509	V	509	56.03	35.889	52.717	0.9	0.307692307692308	0	0	0	1	-0.6941004595256155	0.6219406966880792	NO	P13639
510	E	510	58.951	36.919	55.036	0.9	0.30969402344867	0	0	0	0.9999999999999999	-0.6422419774508632	0.7002308572393281	NO	P13639
511	A	511	60.727	40.312	54.923	-0.6	0.447335811648079	1	0	0	0.9999999999999999	-0.4524443974537786	0.45200724662681296	NO	P13639
512	K	512	64.005	41.105	53.173	-1.35	0.447335811648079	0	0	0	1	-0.3193853289524575	0.17372678573147893	NO	P13639
513	N	513	64.336	44.839	53.828	0.9	0.445679012345679	0	0	0	1	-0.08358023271852114	0.4186419348898235	NO	P13639
514	P	514	63.338	45.892	57.43	0.9	0.449004975124378	0	0	0	1	-0.027454047124306973	0.5716150600465472	NO	P13639
515	A	515	63.26	49.457	56.056	-0.22	0.451127819548872	1	0	0	1	0.08107411778300298	0.3805807644639244	NO	P13639
516	D	516	59.971	48.78	54.196	0.15	0.478411513859275	0	0	0	1	-0.2673904234459396	0.07617453862475171	NO	P13639
517	L	517	58.893	46.05	56.66	0.9	0.513297111810123	0	0	0	1	-0.16153933938535517	0.5193150964978013	NO	P13639
518	P	518	56.366	48.313	58.57	0.9	0.517142033995967	0	0	0	1	0.24174773750121936	0.3132452727654737	NO	P13639
519	K	519	54.479	48.551	55.266	0.9	0.517142033995967	1	0	0	0.9999999999999999	-0.1485869187640055	0.40410948799993474	NO	P13639
520	L	520	54.218	44.782	54.954	0.15	0.51764025448236	0	0	0	1	-0.4321428523629537	0.4583648669431691	NO	P13639
521	V	521	52.957	43.852	58.475	0.15	0.452471482889734	0	0	0	1	-0.29196207915044253	0.6256360497493679	NO	P13639
522	E	522	50.133	46.39	58.29	0.15	0.452926208651399	0	0	0	1	6.312258791996859e-4	0.5694297296871654	NO	P13639
523	G	523	49.579	45.673	54.587	0.9	0.45338441890166	0	0	0	1	-0.3664713756532592	0.5047364154275362	NO	P13639
524	L	524	49.117	41.984	55.117	0.9	0.519157648435215	0	0	0	1	-0.46616131424364854	0.38217054308122245	NO	P13639
525	K	525	46.061	42.743	57.238	0.15	0.517191142191142	0	0	0	1	-0.19825839968544884	0.3936522775394858	NO	P13639
526	R	526	45.071	45.236	54.511	0.15	0.502358490566038	2	0	0	1	-0.09777061422432805	0.1951372723840534	NO	P13639
527	L	527	45.106	42.414	51.921	0.15	0.447798742138365	0	0	0	1	-0.4868988043194137	0.12424988056432384	NO	P13639
528	A	528	42.684	40.408	54.108	-0.6	0.447798742138365	0	0	0	1	-0.3749257597758497	0.23391322794833364	NO	P13639
529	K	529	40.4	43.476	54.05	0.9	0.419811320754717	0	0	0	1	0.22048004021610865	0.09772407033541951	NO	P13639
530	S	530	40.545	43.77	50.223	0.9	0.50377358490566	0	0	0	1	-0.00976073300048556	0.20900883307654847	NO	P13639
531	D	531	39.715	40.068	49.64	-1.35	0.447798742138365	0	0	0	0.9999999999999999	-0.21589067300258005	0.4345007559006147	NO	P13639
532	P	532	37.457	37.857	51.912	0.9	0.396613190730838	0	0	0	1	0.0851676962950848	0.1327692683699399	NO	P13639
533	M	533	39.152	34.731	50.484	-0.97	0.39622641509434	0	0	0	1	-0.35640447507299255	0.4196663084957836	NO	P13639
534	V	534	42.804	35.728	50.959	0.15	0.378498727735369	0	0	0	1	-0.5349695511744366	0.24036298768956452	NO	P13639
535	Q	535	44.058	34.66	54.387	0.15	0.338403041825095	0	0	0	1	-0.5168138476638833	0.21157360557188842	NO	P13639
536	C	536	47.053	36.18	56.146	-0.22	0.354864433811802	0	0	0	0.9999999999999999	-0.5107814431189558	0.5783303981300639	NO	P13639
537	I	537	47.944	34.488	59.446	-0.97	0.355213127876726	0	0	0	1	-0.7141059906561832	0.6818103434183727	NO	P13639
538	I	538	50.789	33.789	61.909	0.15	0.355213127876726	2	0	0	1	-0.8357000085109791	0.9973950507905668	NO	P13639
539	E	539	52.258	30.242	62.04	0.9	0.372474747474747	0	0	0	1	-1.3521420477907502	0.9080252906415933	NO	P13639
540	E	540	53.595	29.052	65.452	0.9	0.372117400419287	0	0	0	1	-1.3690552259895057	1.250524358361149	NO	P13639
541	S	541	57.111	29.446	63.967	0.9	0.35253227408143	1	0	0	1	-0.49282618479698614	1.4416497093754126	NO	P13639
542	G	542	56.52	33.268	63.964	0.9	0.234851835471031	0	0	0	1	-0.8507525816605099	1.4024608524499607	NO	P13639
543	E	543	56.073	33.287	60.187	0.9	0.234851835471031	0	0	0	1	-0.7677961572688898	0.803611291948772	NO	P13639
544	H	544	53.447	35.331	58.316	0.9	0.220149253731343	0	0	0	1	-0.6410143512460532	0.6684427556575473	NO	P13639
545	I	545	51.867	33.28	55.494	0.15	0.206253641483783	1	0	0	1	-0.5424493743389622	0.6880259272674605	NO	P13639
546	I	546	49.38	34.177	52.716	0.9	0.207602339181287	0	0	0	1	-0.5495518323186297	0.45373786538967736	NO	P13639
547	A	547	46.913	31.474	51.728	-0.6	0.260294117647059	2	0	0	1	-0.5961265790898106	0.4602997948655384	NO	P13639
548	G	548	44.913	31.433	48.452	0.9	0.258394160583942	1	0	0	1	-0.5466972361652855	0.35402759974464143	NO	P13639
549	A	549	42.176	29.491	46.676	-0.6	0.246089676746611	1	0	0	1	-0.7283238092156236	0.4016409273242384	NO	P13639
550	G	550	44.391	28.247	43.853	0.9	0.235567352355674	0	0	0	1	-0.8482566622219693	0.5842141585470645	NO	P13639
551	E	551	47.691	28.863	42.038	0.9	0.279841897233202	0	0	0	0.9999999999999999	-0.8755874854400941	0.6377603271742631	NO	P13639
552	L	552	46.45	31.831	39.992	0.9	0.280069819105046	0	0	0	1	-1.1702442640663637	0.6544598036274205	NO	P13639
553	H	553	44.507	33.472	42.858	-0.22	0.322080291970803	0	0	0	1	-0.8843724953670381	0.40934669290981424	NO	P13639
554	L	554	47.5	33.178	45.166	0.9	0.307866736438165	0	0	0	1	-0.7665451410367023	0.5465871211333573	NO	P13639
555	E	555	50.07	34.677	42.74	0.15	0.307866736438165	0	0	0	0.9999999999999999	-1.0408725322735313	0.5448837869005381	NO	P13639
556	I	556	47.648	37.57	41.975	-0.22	0.309873949579832	1	0	0	1	-1.1980185886295716	0.4624106253263049	NO	P13639
557	C	557	47.03	38.387	45.666	0.15	0.29110291102911	0	0	0	1	-0.8027163725673861	0.35895140801279113	NO	P13639
558	L	558	50.824	38.168	45.777	0.15	0.292441140024783	0	0	0	1	-0.8461591460178483	0.3895367165617479	NO	P13639
559	K	559	51.436	40.859	43.151	0.15	0.276512175962294	0	0	0	1	-1.1815616737162424	0.03882201699292749	NO	P13639
560	D	560	49.05	43.287	44.909	0.9	0.293799417394923	0	0	0	1	-0.6730854441526538	-0.06927509342598993	NO	P13639
561	L	561	51.007	42.647	48.139	0.9	0.220349563046192	0	0	0	1	-0.6177342415901999	0.16812567858777838	NO	P13639
562	E	562	54.441	43.672	46.86	-0.22	0.220149253731343	1	0	0	1	-0.6104854717010704	0.1197524805285466	NO	P13639
563	E	563	53.05	46.768	45.12	-0.6	0.247444237918216	0	0	0	1	-0.7345629098885901	0.14131310594923277	NO	P13639
564	D	564	50.348	48.159	47.494	-1.35	0.263703703703704	0	0	0	1	-0.47718991992785387	0.1892416311318952	NO	P13639
565	H	565	51.774	46.986	50.81	-0.22	0.263940520446097	0	0	0	0.9999999999999999	-0.3099768252781393	0.2645384664437645	NO	P13639
566	A	566	55.47	46.808	49.967	-0.22	0.303688876179583	1	0	0	1	-0.35622248548444196	0.40080076125268327	NO	P13639
567	C	567	57.943	47.971	47.323	-1.35	0.264419475655431	0	0	0	1	-0.43911313088527	0.15188910950007103	NO	P13639
568	I	568	59.841	44.896	46.051	0.9	0.262453531598513	1	0	0	1	-0.6023290070927453	0.021458142072187606	NO	P13639
569	P	569	58.908	41.113	46.212	-0.97	0.349938042131351	1	0	0	1	-0.7832393730415409	0.030745796099560102	NO	P13639
570	I	570	60.263	39.948	49.572	0.9	0.349938042131351	0	0	0	1	-0.60250632281944	0.201019453268056	NO	P13639
571	K	571	61.013	36.361	50.717	0.9	0.347654320987654	0	0	0	1	-0.6600426315448836	0.5678144855084919	NO	P13639
572	K	572	58.236	34.776	48.642	-1.35	0.328066914498141	0	0	0	1	-0.8748786531387105	0.6996354948016761	NO	P13639
573	S	573	58.746	31.04	49.086	-0.22	0.363168724279835	0	0	0	1	-0.5758937303513599	0.8180855579654565	NO	P13639
574	D	574	57.658	28.379	46.587	0.9	0.498495308904231	0	0	0	1	-0.48498755109645136	1.0906993119734472	NO	P13639
575	P	575	53.947	27.261	46.581	0.9	0.496649029982363	0	0	0	1	-0.6437768816581888	0.8085868208920073	NO	P13639
576	V	576	52.947	24.934	49.435	0.9	0.524907063197026	0	0	0	1	-0.3295642452143939	0.8361180810445757	NO	P13639
577	V	577	49.853	22.712	49.498	0.9	0.550487329434698	0	0	0	1	-0.5105350454825913	0.6750767942485276	NO	P13639
578	S	578	47.771	22.546	52.705	0.15	0.481676413255361	0	0	0	1	-0.9593285516310259	0.6307771286574417	NO	P13639
579	Y	579	47.265	19.004	54.092	0.15	0.47638326585695	0	0	0	1	-1.0845529552811688	0.9011802009819709	NO	P13639
580	R	580	45.295	17.354	56.899	-1.35	0.475989243180945	1	0	0	0.9999999999999999	-1.413624716115421	1.1342075483992933	NO	P13639
581	E	581	46.382	14.9	59.602	0.9	0.5079950799508	0	0	0	1	-1.7423598776972844	0.9992417188427929	NO	P13639
582	T	582	43.924	12.035	60.261	0.9	0.461037551551986	0	0	0	1	-1.688118803245346	0.8447813549692678	NO	P13639
583	V	583	43.728	8.545	61.781	0.9	0.461437908496732	0	0	0	0.9999999999999999	-1.6399718832720773	0.6011977281217009	NO	P13639
584	S	584	42.679	5.259	60.077	-0.97	0.406709558823529	1	0	0	0.9999999999999999	-1.3991526370095106	0.751221898958236	NO	P13639
585	E	585	41.664	3.159	63.028	0.9	0.407057195571956	0	0	0	1	-1.4476282854579823	0.3656371672788571	NO	P13639
586	E	586	41.319	3.073	66.79	-0.6	0.410083643122677	0	0	0	1	-1.2097396297816976	0.42719102819388644	NO	P13639
587	S	587	44.396	3.567	68.995	0.9	0.411613805970149	0	0	0	1	-1.288993844261767	0.2114196908507909	NO	P13639
588	N	588	46.318	0.242	69.271	0.15	0.414325842696629	1	0	0	1	-1.0965870259545796	0.10779110791753657	NO	P13639
589	V	589	46.55	0.753	73.034	0.15	0.466198419666374	1	0	0	0.9999999999999999	-0.627395063013711	-0.45879096825986554	NO	P13639
590	L	590	45.243	3.333	75.551	-0.97	0.49533582089552203	0	0	0	1	-0.7657415376761555	-0.1963663687885331	NO	P13639
591	C	591	47.104	6.575	75.65	0.9	0.493494423791822	0	0	0	1	-0.6758934227503722	0.004624269147574962	NO	P13639
592	L	592	48.183	8.042	78.949	-0.22	0.529850746268657	0	0	0	1	-0.4282962547629016	-0.04016669748781101	NO	P13639
593	S	593	50.038	11.21	79.98	-0.22	0.535338345864662	0	0	1	0.019011406844106467	-0.2885327539195748	0.3772467348130727	NO	P13639
594	K	594	50.258	13.08	83.216	-0.6	0.535338345864662	0	0	1	0.019011406844106467	-0.48924353426773504	0.7000032186602259	NO	P13639
595	S	595	50.781	16.696	84.17	0.15	0.502358490566038	0	0	1	0.019011406844106467	-0.6419717911697848	0.7920519822826698	NO	P13639
596	P	596	54.239	18.263	84.832	0.9	0.547477417933466	0	1	1	0.00760456273764259	-0.8893683789360154	1.4903850597195798	NO	P13639
597	N	597	53.531	18.182	88.6	0.9	0.567697228144989	0	0	1	0.019011406844106467	-0.9847725813033746	1.00362755546683	NO	P13639
598	K	598	52.653	14.449	88.382	0.9	0.62280701754386	0	0	1	0.011406844106463884	-0.2649623653829247	0.7676478195871416	NO	P13639
599	H	599	49.316	14.882	90.139	0.15	0.559348739495798	0	0	1	0.02281368821292776	-1.017389859280752	0.48158400201160034	NO	P13639
600	N	600	46.852	14.602	87.218	0.9	0.525	0	0	1	0.030418250950570346	-1.0773674455576905	0.5936529354612585	NO	P13639
601	R	601	46.474	11.911	84.51	0.15	0.521611721611722	0	0	1	0.026615969581749045	-0.7143051085424438	0.523367986064926	NO	P13639
602	L	602	44.385	11.689	81.35	0.52	0.5	0	0	0	1	-0.9271451178252086	0.24678470499713792	NO	P13639
603	Y	603	43.592	8.455	79.564	-0.6	0.552631578947369	1	0	0	0.9999999999999999	-0.8384343521689017	0.12851057533506016	NO	P13639
604	M	604	42.167	8.344	76.03	0.9	0.540441176470588	1	0	0	1	-1.201013817261682	0.0583876235619783	NO	P13639
605	K	605	41.821	6.659	72.63	-0.97	0.330555555555556	0	0	0	0.9999999999999999	-1.2969061332217497	0.3501504833823706	NO	P13639
606	A	606	41.643	8.169	69.142	0.9	0.330555555555556	1	0	0	1	-1.3362039277972624	0.28672260221982665	NO	P13639
607	R	607	39.485	6.804	66.37	-0.22	0.311111111111111	2	0	0	0.9999999999999999	-1.28263768230072	0.33989199443924495	NO	P13639
608	P	608	38.371	7.94	62.865	0.9	0.347640318508448	0	0	0	0.9999999999999999	-1.1462899368055075	0.6494674540995224	NO	P13639
609	F	609	35.296	9.993	62.169	-0.22	0.462777777777778	0	0	0	1	-0.627354562347791	0.7399848309170968	NO	P13639
610	P	610	33.385	8.901	58.99	-1.35	0.437884378843788	0	0	0	1	-0.42949393980258505	0.9014633611657323	NO	P13639
611	D	611	33.688	11.264	55.994	-0.97	0.461481481481482	2	0	0	1	-0.6933760721516546	0.9741306542502672	NO	P13639
612	G	612	29.901	11.781	55.725	0.9	0.442379182156134	1	0	0	1	-0.2983489949142827	0.5426221828354311	NO	P13639
613	L	613	29.842	12.969	59.264	0.9	0.403911427186035	0	0	0	0.9999999999999999	-0.34835426028880956	0.31688749003111	NO	P13639
614	A	614	32.962	15.231	58.83	0.9	0.401648618070147	0	0	0	1	-0.5553792098497184	0.7139512552343101	NO	P13639
615	E	615	31.22	16.727	55.802	0.9	0.405797101449275	0	0	0	1	-0.5098422132674656	0.26583953866742666	NO	P13639
616	D	616	28.051	17.063	57.952	0.9	0.405797101449275	0	0	0	1	-0.21581192280628403	0.09861711399189767	NO	P13639
617	I	617	30.041	19.191	60.459	0.9	0.37089552238806	0	0	0	1	-0.27405653001431884	0.2382668157736645	NO	P13639
618	D	618	31.663	21.257	57.656	0.15	0.37123595505618	0	0	0	1	-0.4547532256840277	0.5553262550530071	NO	P13639
619	K	619	28.24	21.73	55.934	-0.97	0.371578947368421	0	0	0	1	-0.171650720077422	0.570590686440587	NO	P13639
620	G	620	26.542	23.006	59.141	-1.72	0.306531204644412	0	0	0	1	-0.1666826505647972	0.22599761372045934	NO	P13639
621	E	621	24.297	19.977	59.684	-1.72	0.320010449320794	0	0	0	1	-0.0560142881481461	0.11561573807382614	NO	P13639
622	V	622	26.218	19.057	62.907	0.9	0.338286818895735	0	0	0	0.9999999999999999	-0.07557073503712146	0.2893811617229194	NO	P13639
623	S	623	26.693	22.384	64.61	-0.22	0.356173677069199	1	0	0	1	-0.1549665313355164	0.26438834272564965	NO	P13639
624	A	624	28.864	23.293	67.615	-0.6	0.347673397717296	2	0	0	1	-0.10197832180866098	0.4000751632817948	NO	P13639
625	R	625	26.33	25.669	69.231	-0.6	0.377013963480129	0	0	0	1	-0.1586741472265002	-0.33098388707179	NO	P13639
626	Q	626	23.267	23.615	68.249	-0.22	0.390677025527192	0	0	0	1	-0.1358032857461662	-0.3153298837299153	NO	P13639
627	E	627	21.279	22.086	71.109	-0.6	0.390677025527192	0	0	0	1	-0.10337701644227763	-0.17097043980743645	NO	P13639
628	L	628	23.251	19.012	72.09	-1.35	0.38166002174701	0	0	0	0.9999999999999999	0.09379078059493301	-0.4965220627460664	NO	P13639
629	K	629	20.174	16.779	72.351	0.9	0.380235917188252	0	0	0	0.9999999999999999	0.03469964912772048	-0.6447199513457128	NO	P13639
630	Q	630	18.862	17.818	68.903	-0.6	0.405656722200697	0	0	0	0.9999999999999999	-0.08479126325112916	-0.6484139046520542	NO	P13639
631	R	631	22.36	17.447	67.398	-1.35	0.418873375060183	0	0	0	1	0.014866873275302294	-0.3804575959187869	NO	P13639
632	A	632	22.835	14.047	69.106	0.52	0.405783582089552	1	0	0	1	0.0760011951224422	-0.3952052334316616	NO	P13639
633	R	633	19.444	12.969	67.77	-0.22	0.418873375060183	0	0	0	0.9999999999999999	0.10251493994759006	-0.2788426714795233	NO	P13639
634	Y	634	20.686	13.774	64.238	0.15	0.444702602230483	0	0	0	1	0.009432316976409115	0.1647023445712789	NO	P13639
635	L	635	24.018	11.967	64.693	-0.22	0.441420664206642	0	0	0	1	0.11386355459090797	-0.006985298386640677	NO	P13639
636	A	636	22.272	8.824	65.947	-0.97	0.473950617283951	1	0	0	0.9999999999999999	0.1713630301613169	0.06662991393259025	NO	P13639
637	E	637	19.471	8.684	63.346	-0.6	0.493952650540401	1	0	0	0.9999999999999999	0.22562773449994486	0.26438834272564965	NO	P13639
638	K	638	21.274	9.831	60.202	0.9	0.513509898341359	1	0	0	0.9999999999999999	0.08045927710571411	0.3132452727654738	NO	P13639
639	Y	639	24.837	8.758	60.82	0.9	0.487770789657582	0	0	0	1	0.09581105680261658	0.3000877628933627	NO	P13639
640	E	640	24.909	5.672	63.043	0.15	0.404858299595142	1	0	0	1	0.28690899204966475	0.08207230519819764	NO	P13639
641	W	641	26.247	7.222	66.251	0.9	0.436953807740325	0	0	0	1	0.30139602255111236	-0.18933122324470136	NO	P13639
642	D	642	25.552	5.834	69.665	0.9	0.424140708915145	1	0	0	1	0.27052040071364164	-0.17009972224237024	NO	P13639
643	V	643	23.12	8.428	71.022	0.15	0.424140708915145	1	0	0	1	0.24595796951511775	-0.22769327248819646	NO	P13639
644	A	644	24.865	8.225	74.406	-0.6	0.453358208955224	0	0	0	1	0.09494588186542943	-0.43131499176222193	NO	P13639
645	E	645	28.259	9.183	72.861	-1.72	0.483271375464684	0	0	0	0.9999999999999999	-0.3273671143442401	-0.014863219213429844	NO	P13639
646	A	646	26.819	12.018	70.717	0.9	0.49493654659659	1	0	0	1	-0.04732658553708644	-0.05881372487867473	NO	P13639
647	R	647	25.287	13.547	73.836	0.9	0.49493654659659	0	0	0	1	0.08499348746717401	-0.2186449138947015	NO	P13639
648	K	648	28.725	13.721	75.505	-1.35	0.498198661863098	0	0	0	1	-0.2000324010670508	0.16380930091480078	NO	P13639
649	I	649	30.414	15.936	72.905	0.9	0.481592039800995	1	0	0	1	-0.3676106407073597	0.26415920652431646	NO	P13639
650	W	650	32.772	18.276	74.753	0.9	0.481592039800995	0	0	0	0.9999999999999999	-0.9663684471343474	0.5227404418738874	NO	P13639
651	C	651	33.963	20.352	71.8	0.15	0.51645264847512	0	0	0	1	-0.784488259839457	0.9283486754554948	NO	P13639
652	F	652	34.706	20.61	68.084	0.9	0.523880597014925	0	0	0	0.9999999999999999	-0.8855724587136701	1.0065157893411958	NO	P13639
653	G	653	38.149	21.509	66.729	0.9	0.4875	0	0	0	0.9999999999999999	-1.179481322516789	1.202701087185117	NO	P13639
654	P	654	40.092	23.426	65.551	0.9	0.469641060046964	0	0	0	1	-1.2380989103629192	1.0792348640334093	NO	P13639
655	D	655	38.644	26.913	66.036	0.9	0.470588235294118	0	0	0	1	-1.059913295390578	1.2062145089388927	NO	P13639
656	G	656	35.782	25.418	68.155	0.52	0.427007299270073	1	0	0	1	-0.726415303306903	1.3202370472213676	NO	P13639
657	T	657	33.946	24.184	65.022	0.9	0.423913043478261	0	0	0	1	-0.510369906055296	0.9174265165252788	NO	P13639
658	G	658	36.246	21.956	62.917	0.9	0.423586040914561	2	0	0	0.9999999999999999	-0.8223100371677721	0.892433697528009	NO	P13639
659	P	659	35.594	18.312	61.941	0.9	0.383695652173913	0	0	0	1	-0.6441997555361474	0.669542000424076	NO	P13639
660	N	660	37.261	16.811	65.054	0.9	0.385869565217391	1	0	0	1	-0.849483350358293	0.9001237956810152	NO	P13639
661	I	661	35.482	15.805	68.288	0.9	0.388363636363636	1	0	0	1	-0.7644460322931764	0.8197023642758309	NO	P13639
662	L	662	36.164	15.227	71.968	0.9	0.362935928629359	0	0	0	1	-0.9526134533625277	0.6902680368730864	NO	P13639
663	T	663	33.79	12.685	73.603	-0.6	0.384285100901675	0	0	0	0.9999999999999999	-0.7063573080491473	0.5306021760449553	NO	P13639
664	D	664	33.581	12.268	77.389	0.9	0.381818181818182	0	0	0	0.9999999999999999	-0.843812540619586	-0.051576591870332505	NO	P13639
665	I	665	33.472	8.485	78.118	-1.72	0.302642796248934	0	0	0	1	-0.6023341823136091	-0.18596613120579827	NO	P13639
666	T	666	34.643	8.797	81.803	0.9	0.272535885167464	0	0	0	1	-0.8907746959469103	-0.7438445497833065	NO	P13639
667	K	667	32.893	7.041	84.671	-0.97	0.272535885167464	0	0	0	1	-1.3723626278622871	-0.6658282559533776	NO	P13639
668	G	668	32.391	8.951	87.95	-0.6	0.270785659801678	0	0	0	1	-1.531586721056859	-0.7200062377797172	NO	P13639
669	V	669	35.328	11.367	87.911	-0.97	0.270785659801678	0	0	0	1	-1.3372261243363026	-0.5681143958737295	NO	P13639
670	Q	670	34.933	14.001	90.627	-0.22	0.286868686868687	0	0	0	1	-1.7512691445708883	-0.8451315767595967	NO	P13639
671	Y	671	35.867	17.607	89.669	-0.6	0.289537712895377	0	0	0	1	-1.7623747849599951	-0.3430822785021831	NO	P13639
672	L	672	35.855	16.608	85.962	0.9	0.246783088235294	0	0	0	1	-1.5704290092904094	-0.053617061315740094	NO	P13639
673	N	673	33.844	19.632	84.829	-0.6	0.24700184501845	1	0	0	0.9999999999999999	-1.8271032737050477	0.3523308167973331	NO	P13639
674	E	674	36.459	21.891	86.524	-0.97	0.261764705882353	0	0	0	1	-2.2912365513870023	0.2290759081424105	NO	P13639
675	I	675	39.121	20.919	83.96	0.15	0.26007326007326	0	0	0	1	-2.0155698920210847	0.6125509805285377	NO	P13639
676	K	676	36.756	20.995	80.946	0.9	0.162545787545788	0	0	0	0.9999999999999999	-1.794396964951061	0.8243426625455856	NO	P13639
677	D	677	37.852	24.422	79.625	0.9	0.0918737060041408	0	0	0	1	-2.052032547042726	1.2098740465312	NO	P13639
678	S	678	41.505	23.311	79.841	0.9	0.0922077922077922	0	0	0	0.9999999999999999	-2.2438894302771493	1.360256270758624	NO	P13639
679	V	679	40.788	20.025	77.993	0.15	0.107575757575758	0	0	0	1	-1.734620185809553	1.173760490604608	NO	P13639
680	V	680	38.798	21.89	75.298	0.9	0.117355371900826	0	0	0	1	-1.4559199829800757	1.3345895345576233	NO	P13639
681	A	681	41.543	24.549	74.958	-0.97	0.118215118215118	0	0	0	1	-1.6866016650360538	1.5686265087986573	NO	P13639
682	G	682	44.177	21.797	74.559	0.9	0.215936739659367	0	0	0	1	-1.9237787677570057	1.5569332687056363	NO	P13639
683	F	683	42.022	20.11	71.892	0.9	0.214371980676329	0	0	0	1	-1.7450446316679613	1.304264878222431	NO	P13639
684	Q	684	41.883	23.334	69.816	0.9	0.233860342555995	0	0	0	0.9999999999999999	-1.534851491754936	1.4570640931603374	NO	P13639
685	W	685	45.671	23.555	69.978	0.9	0.233860342555995	0	0	0	0.9999999999999999	-1.9479579442897506	1.318352377167112	NO	P13639
686	A	686	46.22	19.849	69.146	0.52	0.233016081391533	0	0	0	1	-2.0861045944861796	1.252916632883351	NO	P13639
687	T	687	43.773	19.699	66.229	0.9	0.213598074608905	1	0	0	1	-1.6618143491917814	1.1732327829894165	NO	P13639
688	K	688	45.101	22.989	64.825	0.15	0.198439241917503	0	0	0	1	-1.4290852528165923	1.2787743060277403	NO	P13639
689	E	689	48.624	21.555	64.535	0.9	0.117685950413223	0	0	0	1	-1.5950345455822335	1.217917702017739	NO	P13639
690	G	690	49.056	17.796	64.496	0.9	0.107099879663057	0	0	0	0.9999999999999999	-1.7733212388449013	1.0256857337818397	NO	P13639
691	A	691	52.038	15.743	65.576	-0.6	0.0994983277591973	1	0	0	1	-1.064068338479805	0.4060318163916467	NO	P13639
692	L	692	53.012	14.493	62.054	0.9	0.0993359158826785	0	0	0	1	-0.6976024952586023	0.43455684076792983	NO	P13639
693	C	693	54.102	17.857	60.621	0.9	0.0860911270983213	0	0	0	0.9999999999999999	-0.10455451645857923	0.5542820082377602	NO	P13639
694	E	694	52.064	20.715	62.184	0.15	0.0864019253910951	0	0	0	1	-0.4699533980104414	0.943548043477264	NO	P13639
695	E	695	49.119	20.478	59.761	0.9	0.0863309352517986	0	0	0	0.9999999999999999	-0.9875766312595933	1.1596055098677032	NO	P13639
696	N	696	45.492	20.74	60.857	-0.97	0.0866425992779783	1	0	0	1	-1.4945454297730931	1.2360920724460651	NO	P13639
697	M	697	43.687	17.559	61.966	0.15	0.0935064935064935	1	0	0	0.9999999999999999	-1.5382623035944076	1.245057157763476	NO	P13639
698	R	698	40.572	16.272	60.213	0.9	0.0941915227629513	0	0	0	1	-1.191894373055862	1.0812931929712357	NO	P13639
699	G	699	38.103	13.474	61.014	-0.6	0.166051660516605	0	0	0	1	-0.9166093963739749	1.0540076787664727	NO	P13639
700	V	700	39.752	12.726	64.363	0.9	0.164981617647059	1	0	0	1	-1.2990065657136134	0.708839312077624	NO	P13639
701	R	701	37.61	11.661	67.304	0.15	0.154708037060978	0	0	0	1	-0.8030240822735406	0.660828688638354	NO	P13639
702	F	702	39.101	11.415	70.786	0.9	0.163777372262774	0	0	0	0.9999999999999999	-1.1864336406514824	0.4780427188329246	NO	P13639
703	D	703	37.436	9.484	73.508	-0.97	0.163777372262774	0	0	0	0.9999999999999999	-0.9416237952407489	0.22172318203740723	NO	P13639
704	V	704	38.575	10.441	77.111	0.15	0.175980392156863	0	0	0	1	-1.0632080701509456	0.07491878476633179	NO	P13639
705	H	705	38.471	7.051	78.899	-1.35	0.177121771217712	2	0	0	1	-0.9668867985011534	-0.2934928400346049	NO	P13639
706	D	706	39.513	8.088	82.365	0.9	0.179429987608426	0	0	0	1	-0.7504778145034051	-0.3639795000637712	NO	P13639
707	V	707	40.897	11.04	84.335	-0.22	0.207034601086646	0	0	0	1	-1.082975661255452	-0.12384476106657429	NO	P13639
708	T	708	42.665	11.227	87.715	-0.6	0.205698005698006	0	0	0	1	-0.8813347472293411	-0.18463169815588842	NO	P13639
709	L	709	42.755	14.643	89.394	0.15	0.207034601086646	1	0	0	1	-1.2195746424062646	0.10112879927574238	NO	P13639
710	H	710	44.406	16.325	92.348	-1.72	0.192430703624733	1	0	0	1	-1.1932090854900086	0.13566188789024955	NO	P13639
711	A	711	41.887	17.281	95.074	-0.97	0.192430703624733	2	0	0	1	-1.746632779079557	-0.24651799324700135	NO	P13639
712	D	712	43.022	20.942	95.121	0.15	0.191005291005291	0	0	0	1	-1.7468786946989203	-0.14107580340683118	NO	P13639
713	A	713	42.23	23.167	92.124	-0.6	0.102469486233324	0	0	0	1	-1.947010428764025	0.3060583976252451	NO	P13639
714	I	714	45.527	25.135	92.289	0.52	0.103517300543323	1	0	0	1	-1.8813002307049476	0.5544662870875097	NO	P13639
715	H	715	47.414	21.959	91.291	0.9	0.0967484008528785	0	0	1	0.026615969581749045	-1.4284842079248221	0.6786702318186421	NO	P13639
716	R	716	45.116	21.182	88.323	0.9	0.0973782771535581	0	0	1	0.030418250950570346	-1.5788579108380127	0.6871570199260223	NO	P13639
717	G	717	45.05	24.57	86.594	0.9	0.104973973395026	0	0	1	0.026615969581749045	-1.8961263045018422	0.8235134077217132	NO	P13639
718	G	718	45.437	25.346	82.856	0.9	0.115019011406844	0	0	1	0.011406844106463884	-2.2862619791807304	1.3015469192679325	NO	P13639
719	G	719	49.241	25.091	82.968	0.9	0.125	1	0	1	0.011406844106463884	-2.1416940102359785	1.4238939002054356	NO	P13639
720	Q	720	48.956	21.508	84.231	0.9	0.0982142857142857	0	0	1	0.019011406844106467	-1.461297895323632	1.1055670484608136	NO	P13639
721	I	721	45.967	20.002	82.325	0.9	0.104580812445981	0	0	1	0.019011406844106467	-1.6560239425056653	0.9221340545803114	NO	P13639
722	I	722	46.405	21.689	78.908	0.9	0.112562189054726	0	0	1	0.00760456273764259	-1.827195602361726	1.318352377167112	NO	P13639
723	P	723	49.862	20.127	78.176	0.9	0.104684788895315	0	0	1	0.00760456273764259	-1.2191632783645157	1.2334969926442994	NO	P13639
724	T	724	48.571	16.791	79.534	0.9	0.113836477987421	0	0	1	0.019011406844106467	-0.9827214410473443	0.9368197713835709	NO	P13639
725	A	725	45.512	16.673	77.292	0.9	0.113207547169811	0	0	1	0.02281368821292776	-1.3244825309877628	0.9437221869902773	NO	P13639
726	R	726	47.531	17.852	74.309	0.9	0.114068441064639	0	0	0	1	-1.593233584497892	0.8972417002441995	NO	P13639
727	R	727	50.285	15.217	74.694	0.9	0.125391849529781	0	0	1	0.030418250950570346	-0.6829046406104291	0.4979600993057989	NO	P13639
728	C	728	47.638	12.562	75.393	0.15	0.137022900763359	0	0	0	1	-0.9787100519687357	0.20721122261963767	NO	P13639
729	L	729	45.9	13.506	72.162	0.15	0.136501901140684	0	0	0	0.9999999999999999	-1.3468503489028107	0.560404933792643	NO	P13639
730	Y	730	49.253	13.344	70.298	0.9	0	0	0	0	0.9999999999999999	-0.9838059813126633	0.5996146052761261	NO	P13639
731	A	731	50.078	9.923	71.667	-0.22	0	0	0	0	1	-0.6256293554661704	0.24414070410942837	NO	P13639
732	S	732	46.502	8.606	70.873	-0.22	0	1	0	0	1	-0.7719001297145259	0.15868796892560993	NO	P13639
733	V	733	46.804	9.965	67.314	-0.6	0	0	0	0	1	-1.1044385968718984	0.4186419348898235	NO	P13639
734	L	734	50.095	8.23	66.737	0.9	0	0	0	0	1	-0.6849241915875629	0.22423858833648733	NO	P13639
735	T	735	48.766	4.96	68.17	-0.6	0	1	0	0	0.9999999999999999	-0.5457894322819399	-0.039539153296772316	NO	P13639
736	A	736	45.734	5.1	65.768	0.9	0.136015325670498	0	0	0	0.9999999999999999	-1.1538310818954503	0.4827933319630812	NO	P13639
737	Q	737	47.509	4.471	62.44	0.15	0.136015325670498	1	0	0	1	-1.2472465727436421	0.6872140693979348	NO	P13639
738	P	738	48.182	8.069	61.29	0.9	0.13587786259542	0	0	0	1	-1.3607710500648722	0.7288677904903933	NO	P13639
739	R	739	47.723	9.286	57.696	0.9	0.135361216730038	2	0	0	0.9999999999999999	-1.5064401843976163	0.8655289854645887	NO	P13639
740	L	740	47.584	12.511	55.7	0.9	0.122364327687522	0	0	0	1	-1.4450023391425262	0.7002308572393281	NO	P13639
741	M	741	44.85	13.911	53.479	0.9	0.123178348369188	1	0	0	1	-1.0261771253269107	0.7441537210771105	NO	P13639
742	E	742	45.438	15.95	50.303	0.9	0.123650296064089	0	0	0	1	-0.9402580273760115	0.7819161927728633	NO	P13639
743	P	743	43.025	18.61	48.922	0.9	0.123776223776224	0	0	0	1	-0.851985898028885	0.7473141033503137	NO	P13639
744	I	744	41.242	17.827	45.632	-0.6	0.122831367106176	1	0	0	1	-0.5283590819638254	0.7100543374605875	NO	P13639
745	Y	745	39.809	20.268	43.074	0.9	0.112167300380228	0	0	0	1	-0.5481975819754673	0.7294797676937473	NO	P13639
746	L	746	36.606	19.698	41.116	-0.22	0.121556473829201	0	0	0	1	-0.41182203236448534	0.8180855579654565	NO	P13639
747	V	747	37.358	20.939	37.579	0.9	0.222853535353535	0	0	0	0.9999999999999999	-0.5568371825139292	0.7097639167592938	NO	P13639
748	E	748	34.547	21.687	35.09	0.9	0.222853535353535	0	0	0	1	-0.6109061225836209	0.46067429704406154	NO	P13639
749	I	749	35.711	22.142	31.492	0.15	0.222641509433962	1	0	0	1	-0.41118823998854903	0.43837061174535336	NO	P13639
750	Q	750	33.69	23.228	28.452	0.9	0.222641509433962	1	0	0	1	-0.3758781998587512	0.3980844201308957	NO	P13639
751	C	751	35.368	21.819	25.386	0.15	0.4	1	0	0	1	-0.34853496528553257	0.34696830226962394	NO	P13639
752	P	752	34.335	20.977	21.709	0.9	0.48168249660787	1	0	0	1	-0.027330062867062223	0.289570860538838	NO	P13639
753	E	753	34.029	17.179	20.966	-1.72	0.482124616956078	0	0	0	1	0.172493882641815	0.40318072259719745	NO	P13639
754	Q	754	37.027	17.419	18.62	-0.6	0.482124616956078	0	0	0	1	-0.30190485293415603	0.26415920652431646	NO	P13639
755	V	755	39.41	18.629	21.402	0.15	0.59648529908753	0	0	0	1	-0.5123775513747223	0.5039357555975903	NO	P13639
756	V	756	37.858	16.602	24.315	0.9	0.546778190830236	0	0	0	0.9999999999999999	-0.16473335429103522	0.5014609888504847	NO	P13639
757	G	757	40.618	14.008	23.712	-0.22	0.546778190830236	0	0	0	1	0.1247770131067417	0.26390461074505733	NO	P13639
758	G	758	43.13	16.603	24.913	0.52	0.508036739380023	0	0	0	1	-0.19102890187052368	0.5217875043986063	NO	P13639
759	I	759	41.437	17.024	28.335	0.15	0.508036739380023	0	0	0	1	-0.21216447817021591	0.7183488186942404	NO	P13639
760	Y	760	41.82	13.312	29.142	0.9	0.566098081023454	0	0	0	1	0.6950427287113312	0.6446016794712116	NO	P13639
761	G	761	45.444	13.525	27.948	-0.6	0.55983131259884	0	0	0	1	0.6860868990384964	1.020082855537066	NO	P13639
762	V	762	46.343	15.954	30.774	0.9	0.655555555555556	1	0	0	1	0.17231259308445265	0.9647542293361336	NO	P13639
763	L	763	44.201	14.381	33.529	0.9	0.742332713754647	0	0	0	1	0.36489181151455474	0.8347083478439924	NO	P13639
764	N	764	45.956	11.036	33.019	-0.6	0.698666083533785	0	0	0	0.9999999999999999	1.219817439112585	1.0895383552200255	NO	P13639
765	R	765	49.365	12.574	33.91	0.9	0.657992565055762	0	0	0	1	0.86020573129335	1.269914372909523	NO	P13639
766	K	766	48.054	14.682	36.835	0.15	0.696536881236549	1	0	0	1	0.23803556486432487	0.978584059785879	NO	P13639
767	R	767	46.417	11.823	38.795	0.9	0.657992565055762	2	0	0	1	0.6655523442797668	0.9362920637683793	NO	P13639
768	G	768	43.014	13.112	37.632	0.9	0.625687352710134	0	0	0	1	0.4487578377470734	0.7928309792384289	NO	P13639
769	H	769	39.773	11.201	37.852	0.9	0.629804849201656	0	0	0	1	0.813657187920473	0.8211251538289602	NO	P13639
770	V	770	36.793	11.834	35.524	0.9	0.63217253660467	2	0	0	1	0.6984155356648198	0.6996354948016761	NO	P13639
771	F	771	33.434	12.209	37.3	-0.97	0.6	1	0	0	1	0.32072376995337926	0.8306449992070171	NO	P13639
772	E	772	31.153	12.744	34.272	-0.22	0.666666666666667	0	0	0	1	0.3218609218276012	0.45900984291729224	NO	P13639
773	E	773	31.064	13.621	30.561	0.15	0.634920634920635	0	0	0	1	0.5165518112050353	0.4394025733039502	NO	P13639
774	S	774	27.855	15.346	29.396	-0.22	0.555037313432836	0	0	0	1	0.5345989398299492	0.26495620200721454	NO	P13639
775	Q	775	26.998	17.212	26.178	-0.6	0.558676654182272	1	0	0	0.9999999999999999	0.6404587391889158	0.14578605621133317	NO	P13639
776	V	776	24.618	19.895	24.899	0.15	0.585576208178439	0	0	0	1	0.7848842572197023	-0.4965220627460664	NO	P13639
777	A	777	21.388	19.149	23.006	-0.6	0.585576208178439	2	0	0	1	1.0310320471648131	-1.0629976715975966	NO	P13639
778	G	778	22.433	20.288	19.465	0.9	0.532342007434944	0	0	0	1	1.1022624437160164	-1.246306632664159	NO	P13639
779	T	779	25.978	21.631	19.844	0.15	0.508089696281578	0	0	0	0.9999999999999999	0.7806772867567131	-0.5474106671043782	NO	P13639
780	P	780	29.139	19.441	19.651	0.9	0.4753053637812	0	0	0	0.9999999999999999	0.781975230996913	-0.014763708634565137	NO	P13639
781	M	781	30.236	21.081	22.943	0.15	0.476190476190476	1	0	0	0.9999999999999999	0.3059759184865084	-0.04300910352957445	NO	P13639
782	F	782	31.043	18.617	25.762	0.15	0.444444444444444	0	0	0	1	0.20426912633439376	0.4386286021350026	NO	P13639
783	V	783	31.271	19.494	29.467	-0.6	0.407239819004525	0	0	0	1	0.09638478188231955	0.15627424506326665	NO	P13639
784	V	784	33.896	17.345	31.219	0.15	0.393246187363834	0	0	0	1	0.17517742461872032	0.43385577992649166	NO	P13639
785	K	785	33.902	17.198	35.025	0.9	0.445679012345679	0	0	0	0.9999999999999999	-0.044107873954545525	0.5089148589150664	NO	P13639
786	A	786	36.77	15.617	36.943	0.9	0.412925364598227	0	0	0	1	0.16179909622553978	0.5456642620288887	NO	P13639
787	Y	787	38.757	15.559	40.182	0.15	0.429442379182156	1	0	0	1	-0.11936108436541311	0.8017576635189393	NO	P13639
788	L	788	42.23	17.114	40.104	0.52	0.427851851851852	0	0	0	1	-0.32379822107652745	0.8235134077217132	NO	P13639
789	P	789	44.717	17.01	43.073	0.9	0.442401960784314	0	0	0	0.9999999999999999	-0.39616281599756425	1.0226196172279314	NO	P13639
790	V	790	45.792	20.466	44.259	-0.22	0.427851851851852	0	0	0	1	-0.6754528412386855	0.9430879081786517	NO	P13639
791	N	791	49.447	19.444	44.253	-0.97	0.387453874538745	1	0	0	1	-0.48951020441166204	1.1340550417650177	NO	P13639
792	E	792	49.042	18.54	40.522	0.15	0.387808641975309	0	0	0	0.9999999999999999	-0.16621828486312845	1.1340550417650177	NO	P13639
793	S	793	47.235	21.738	39.456	0.9	0.254912373871482	0	0	0	1	-0.5808098912306336	0.9333152515801189	NO	P13639
794	F	794	50.38	23.888	39.193	0.9	0.254673721340388	0	0	0	1	-0.7009928661111445	1.0675694812706635	NO	P13639
795	G	795	50.625	24.976	35.55	0.9	0.252801120448179	0	0	0	1	-0.8573704442158736	0.9177167557136342	NO	P13639
796	F	796	47.494	22.933	34.727	0.9	0.265201465201465	0	0	0	1	-0.6984602923481157	0.7611534449664978	NO	P13639
797	T	797	45.776	25.726	32.737	-0.6	0.207452938916635	0	0	0	1	-1.26766688542093	0.9162978085705634	NO	P13639
798	A	798	48.968	26.193	30.711	-0.6	0.206124401913876	0	0	0	1	-1.7025988911413295	0.8972417002441995	NO	P13639
799	D	799	49.246	22.491	29.69	0.9	0.216787439613527	0	0	0	1	-0.755853484762718	0.7505389832209292	NO	P13639
800	L	800	45.472	22.258	29.193	0.9	0.217575757575758	1	0	0	1	-0.7181725458291408	0.6989409052910819	NO	P13639
801	R	801	45.432	24.83	26.395	0.9	0.217575757575758	0	0	0	1	-1.1137808177913757	0.5335601693055888	NO	P13639
802	S	802	48.244	22.918	24.628	0.15	0.247693726937269	0	0	0	0.9999999999999999	-1.0789766050296372	0.5537291716885118	NO	P13639
803	N	803	46.337	19.632	24.584	-1.35	0.165129151291513	0	0	0	1	-0.6027589035077382	0.5899399656642796	NO	P13639
804	T	804	43.09	21.343	23.442	0.9	0.176137761377614	0	0	0	1	-0.8329984160812195	0.3198614779193816	NO	P13639
805	G	805	44.716	24.119	21.359	-0.97	0.163919413919414	0	0	0	1	-1.001516479869228	0.4978076284376197	NO	P13639
806	G	806	43.08	26.713	23.661	0.9	0.145579886455799	0	0	0	1	-1.1723904788098134	0.6284512730224036	NO	P13639
807	Q	807	39.567	25.474	22.933	0.9	0.0812952898550725	0	0	0	1	-0.730207106832579	0.35520265718737587	NO	P13639
808	A	808	39.034	24.232	26.507	0.9	0.0811600719424461	0	0	0	1	-0.7954661000119707	0.453233101583842	NO	P13639
809	F	809	37.497	26.476	29.157	0.9	0.0856465005931198	0	0	0	1	-0.9997489044573997	0.6891372704844109	NO	P13639
810	P	810	38.809	25.379	32.634	-0.6	0.0917641077783427	0	0	0	1	-1.382075898384357	0.7993587031084001	NO	P13639
811	Q	811	36.933	26.12	35.875	-0.6	0.275292323335028	0	0	0	1	-1.1548485156874202	1.0193921261185543	NO	P13639
812	C	812	37.915	24.466	39.166	-0.6	0.342586002372479	0	0	0	1	-1.078321503698829	0.663937884857591	NO	P13639
813	V	813	37.009	24.836	42.832	0.9	0.342586002372479	0	0	0	1	-0.916609298755708	0.6021945091726183	NO	P13639
814	F	814	38.002	22.91	46.018	0.9	0.342586002372479	0	0	0	1	-0.8582116549053824	0.7646111862927057	NO	P13639
815	D	815	35.801	19.808	46.533	-1.35	0.369687660010241	0	0	0	1	-0.7586272603078348	0.8147785902435889	NO	P13639
816	H	816	37.112	17.322	49.048	0.9	0.298593879239041	0	0	0	1	-0.8822152578810483	0.8235134077217132	NO	P13639
817	W	817	40.034	15.893	50.982	0.9	0.277492291880781	0	0	0	0.9999999999999999	-0.9858385200574603	0.791348372129081	NO	P13639
818	Q	818	41.558	12.555	49.885	0.9	0.277492291880781	0	0	0	1	-1.076775468226236	0.7613192959312722	NO	P13639
819	I	819	43.443	10.218	52.227	0.9	0.277492291880781	0	0	0	1	-1.1286118239280172	1.0416074264001924	NO	P13639
820	L	820	46.83	9.02	51.057	0.15	0.277720474471377	0	0	0	1	-0.847499885850437	0.8354089251951952	NO	P13639
821	P	821	47.258	5.215	51.578	0.9	0.36896197327852	0	0	0	0.9999999999999999	-1.173907423076468	1.1357655423108113	NO	P13639
822	G	822	51.037	5.178	52.086	0.9	0.343405275779376	0	0	0	1	-0.9378627561068235	0.6071860623636579	NO	P13639
823	D	823	52.589	5.444	55.519	0.9	0.321942446043165	0	0	0	0.9999999999999999	-0.7777094479505935	0.7161106105332553	NO	P13639
824	P	824	53.166	9.182	56.589	0.9	0.347151515151515	0	0	0	0.9999999999999999	-0.3901639567087351	0.5171255727961728	NO	P13639
825	F	825	55.825	7.873	59	-0.22	0.344927536231884	0	0	0	0.9999999999999999	-0.31296890336501876	0.3178187387638012	NO	P13639
826	D	826	57.862	5.862	56.416	0.9	0.367199587416194	2	0	0	1	-0.18814791386547913	0.42441567703250827	NO	P13639
827	N	827	60.074	8.656	54.763	-0.97	0.367199587416194	1	0	0	1	0.633258113558079	0.2659657296188855	NO	P13639
828	S	828	60.363	6.748	51.422	0.9	0.343682310469314	1	0	0	1	0.02724280618678285	0.04961134334266055	NO	P13639
829	S	829	56.558	6.493	50.792	-0.6	0.322202166064982	0	0	0	0.9999999999999999	-0.5231748379342679	0.44991228707176656	NO	P13639
830	R	830	54.639	9.179	48.847	-0.22	0.324545454545455	1	0	0	1	-0.5899347647635753	0.5688240131201627	NO	P13639
831	P	831	52.947	10.561	52.072	0.9	0.383211678832117	0	0	0	1	-0.5957371553078664	0.7145867740827131	NO	P13639
832	S	832	56.022	10.677	54.257	-0.22	0.382887700534759	0	0	0	1	-0.009015882039058601	0.6584114473042503	NO	P13639
833	Q	833	57.968	12.176	51.318	-0.22	0.479214340198322	0	0	0	1	0.4145934967345806	0.3353808481973782	NO	P13639
834	V	834	55.662	15.181	51.664	-0.6	0.502198241406875	0	0	0	0.9999999999999999	-0.06362325563577462	0.638423731033361	NO	P13639
835	V	835	56.079	14.967	55.436	-0.22	0.507676767676768	0	0	0	0.9999999999999999	0.014279895455299906	0.5548348447870086	NO	P13639
836	A	836	59.894	14.905	55.342	-0.6	0.652727272727273	1	0	0	1	0.7225494509305564	0.38543810076559626	NO	P13639
837	E	837	60.11	17.841	52.891	-0.6	0.762165450121655	0	0	0	0.9999999999999999	1.2884633966075154	0.4394025733039502	NO	P13639
838	T	838	57.682	19.803	55.126	0.9	0.767094017094017	0	0	0	1	0.9124930223365063	0.5647859026734792	NO	P13639
839	R	839	59.487	19.022	58.416	0.9	0.769736842105263	0	0	0	0.9999999999999999	0.848578908153049	0.1647023445712789	NO	P13639
840	K	840	62.851	19.949	56.891	0.15	0.77027027027027	0	0	0	1	1.7152195785057425	0.08207230519819764	NO	P13639
841	R	841	61.315	23.175	55.532	0.9	0.764763779527559	1	0	0	1	1.1971468467022628	0.7865286425769976	NO	P13639
842	K	842	59.961	24.195	58.958	0.9	0.653225806451613	0	0	0	1	0.7070259588216021	1.173760490604608	NO	P13639
843	G	843	63.358	23.461	60.611	0.9	0.650205761316872	0	0	0	1	1.640148397201361	0.6112241728103416	NO	P13639
844	L	844	61.884	20.598	62.616	0.9	0.653191489361702	0	0	0	0.9999999999999999	1.269344736526759	0.3941252599205094	NO	P13639
845	K	845	63.585	17.302	63.354	-1.35	0.650655021834061	0	0	0	1	1.6167900667229325	0.3119553208172276	NO	P13639
846	E	846	63.375	15.048	60.228	0.9	0.653846153846154	1	0	0	1	1.365921075500671	0.15188910950007103	NO	P13639
847	G	847	62.1	12.047	62.205	-1.35	0.657276995305164	0	0	0	1	1.070623872461193	4.5996774943240446e-4	NO	P13639
848	I	848	58.459	12.191	63.277	0.15	0.734417344173442	2	0	0	1	0.5645341053950085	0.07500727232375723	NO	P13639
849	P	849	58.285	11.829	67.118	-0.6	0.738860688099267	1	0	0	1	0.011946996929735594	-0.2571714787489875	NO	P13639
850	A	850	56.994	8.411	68.212	-0.6	0.743680188124633	0	0	0	0.9999999999999999	-0.5540008850062301	-0.4463018880336639	NO	P13639
851	L	851	53.957	8.103	70.518	-1.35	0.740740740740741	0	0	0	1	-0.3693116513499328	-0.09883195766942722	NO	P13639
852	D	852	56.326	7.292	73.449	-0.97	0.663841807909605	1	0	0	1	0.26540054921545386	-0.4452464728032807	NO	P13639
853	N	853	57.532	10.941	73.44	-0.97	0.764158918005072	0	0	0	1	0.14224618381769286	-0.3551341152757974	NO	P13639
854	F	854	54.042	12.17	74.305	0.9	0.897119341563786	0	0	0	1	-0.3363688140085572	-0.03490830995600411	NO	P13639
855	L	855	53.082	9.103	76.39	-1.72	0.893162393162393	0	0	0	1	-0.16378824494385116	-0.033832423309514296	NO	P13639
856	D	856	53.858	9.09	80.148	0.9	0.888888888888889	0	0	1	0.01520912547528518	0.3245782297544329	0.16559538822775705	NO	P13639
