Uniprot_position	aminoacid	Position_in_structure	x	y	z	paraz	mtr	gscount	pscount	OR	pvalue	mtr3dscore	paraz3dscore	HotSpot3D	Uniprot
10	L	10	184.421	142.138	166.726	-0.77	0.964846671652954	0	0	0	1	1.2829553095075865	-9.077187871034946e-4	NO	O95259
11	V	11	184.491	138.392	165.971	-0.45	0.847081218274112	1	0	0	1	0.6787539331120951	-0.16025925469955865	NO	O95259
12	A	12	182.758	136.2	163.381	-0.77	0.846674876847291	0	0	0	1	0.772651354999736	-0.8991863577507341	NO	O95259
13	P	13	183.336	132.936	161.45	-0.77	0.849282296650718	0	0	5.069503588574043	0.2533271973472818	0.6169900634025766	-1.2411538115223355	NO	O95259
14	Q	14	185.499	133.685	158.414	-0.77	0.84389400921659	0	0	3.378018805829266	0.32332777259597406	0.5905317124341711	-1.248556705934926	NO	O95259
15	N	15	187.429	131.786	155.721	-0.77	0.846412556053812	0	0	5.069503588574043	0.2533271973472818	0.3399938838676451	-1.2692848102901793	NO	O95259
16	T	16	190.96	133.212	156.333	-0.77	0.842391304347826	0	0	1.4255836059815363	0.5460674639730352	0.16482755881318084	-1.2692848102901793	NO	O95259
17	F	17	192.579	131.132	153.56	-0.77	0.841244725738397	0	0	1.4255836059815363	0.5460674639730352	0.015378101100105247	-1.2692848102901793	NO	O95259
18	L	18	195.005	133.542	151.815	-0.77	0.749885688157293	0	0	1.0974579084629144	1	-0.040653094420226986	-1.2692848102901793	NO	O95259
19	E	19	196.514	135.041	155.007	-0.77	0.575412635173591	1	0	0	1	-0.007435788177497151	-1.2692848102901793	NO	O95259
20	N	20	197.468	131.597	156.466	-0.77	0.5	0	0	0	1	-0.08887937043411155	-1.2692848102901793	NO	O95259
21	I	21	199.186	130.809	153.117	-0.77	0.445707070707071	2	0	0	1	-0.2378190938379221	-1.2454160840629178	NO	O95259
22	V	22	200.96	134.245	153.203	-0.77	0.445264452644526	0	0	0	1	-0.3571386487097258	-1.2692848102901793	NO	O95259
23	R	23	202.048	133.748	156.861	-0.77	0.445264452644526	0	0	0	1	-0.3342257616217803	-1.2692848102901793	NO	O95259
24	R	24	203.57	130.31	156.237	-0.77	0.447761194029851	0	0	0	1	-0.27706360926721313	-1.2692848102901793	NO	O95259
25	S	25	204.993	131.545	152.874	-0.77	0.444444444444444	0	0	0	0.607342932514731	-0.2977468642144091	-1.2561570108651854	NO	O95259
26	N	26	208.628	132.412	153.836	-0.77	0.378151260504202	1	0	0	0.6029950047167999	-0.4987758817325443	-1.2389898885401935	NO	O95259
27	D	27	208.899	134.475	150.63	-0.77	0.492700729927007	0	0	0	1	-0.4165751347318162	-1.2546983664846307	NO	O95259
28	T	28	207.354	131.978	148.165	-0.77	0.439950980392157	1	0	0	0.3709757017197771	-0.08968356262117973	-1.2381926537572991	NO	O95259
29	N	29	204.927	132.036	145.233	-0.77	0.438339438339438	0	0	0	0.607342932514731	-0.027534575210954208	-1.2474051445818561	NO	O95259
30	F	30	201.82	130.13	144.224	-0.77	0.522181818181818	0	0	0	0.3709757017197771	0.1750868859838449	-1.2500733964975055	NO	O95259
31	V	31	198.625	129.911	142.18	-0.77	0.538507821901324	0	0	0	0.607342932514731	0.3975907212822833	-1.2404676896011686	NO	O95259
32	L	32	195.137	128.617	143.021	-0.77	0.540458937198068	0	0	0	1	0.3679351185674035	-1.2299014120151979	NO	O95259
33	G	33	192.844	126.56	140.754	-0.77	0.59866220735786	0	0	0	1	0.38895123509476787	-1.2255254788735332	NO	O95259
34	N	34	189.374	125.002	140.953	-0.45	0.59866220735786	0	0	0	1	0.29679129122726394	-1.2311718442176167	NO	O95259
35	A	35	189.347	121.185	141.238	-0.77	0.599160839160839	1	0	0	1	0.5098422449360804	-1.2446701863683158	NO	O95259
36	Q	36	185.78	120.385	140.121	-0.77	0.649090909090909	0	0	0	1	0.2682011447777444	-1.231776811933054	NO	O95259
37	I	37	185.813	122.546	136.966	-0.77	0.596989966555184	1	0	0	1	0.4074125841308191	-1.2505308111116167	NO	O95259
38	V	38	187.148	120.993	133.706	-0.77	0.601347557551937	0	0	0	1	0.46808755638843913	-1.2446701863683158	NO	O95259
39	D	39	190.742	121.918	132.664	-0.77	0.595317725752508	0	0	0	1	0.6475213678583743	-1.2495931111526886	NO	O95259
40	W	40	191.538	123.035	136.267	-0.77	0.599160839160839	0	0	0	1	0.5281828148087084	-1.2323628744073842	NO	O95259
41	P	41	191.16	126.826	135.787	-0.77	0.596989966555184	0	0	0	1	0.39912547307259694	-1.2552193109062573	NO	O95259
42	I	42	193.426	129.275	137.665	-0.77	0.644927536231884	1	0	0	1	0.3636715584905321	-1.2454160840629178	NO	O95259
43	V	43	191.381	131.639	139.884	-0.77	0.640794223826715	0	0	0	1	0.34035887243450474	-1.2541373494151864	NO	O95259
44	Y	44	194.174	133.42	141.796	-0.77	0.633928571428572	0	0	0	1	0.3553254382982407	-1.243029211440192	NO	O95259
45	S	45	197.913	134.196	141.611	-0.77	0.669022379269729	1	0	0	0.6029950047167999	0.29833503298662295	-1.2474051445818561	NO	O95259
46	N	46	200.163	136.08	144.023	-0.77	0.669022379269729	1	0	0	0.6141375447936199	0.052961147643588766	-1.2454160840629178	NO	O95259
47	D	47	202.419	139.032	143.117	-0.77	0.669503546099291	0	0	0	1	0.2088871999803745	-1.2692848102901793	NO	O95259
48	G	48	205.566	136.872	143.59	-0.77	0.669503546099291	1	0	0	1	0.033003908346751716	-1.2541373494151864	NO	O95259
49	F	49	204.24	134.442	140.941	-0.77	0.712273641851107	0	0	0	0.607342932514731	0.25011406260497276	-1.242123845962606	NO	O95259
50	C	50	203.515	137.341	138.548	-0.77	0.709774436090226	0	0	0	0.6029950047167999	0.5498838871910031	-1.2692848102901793	NO	O95259
51	K	51	207.052	138.7	139.085	-0.77	0.765425387333515	1	0	0	0.6029950047167999	0.5107405623415211	-1.2692848102901793	NO	O95259
52	L	52	208.571	135.256	138.403	-0.77	0.765425387333515	2	0	0	0.607342932514731	0.6416160045764632	-1.2577014578563614	NO	O95259
53	S	53	206.526	134.24	135.338	-0.77	0.76273022751896	0	0	0	0.607342932514731	0.9405277599747128	-1.2692848102901793	NO	O95259
54	G	54	206.37	137.768	133.845	-0.77	0.765425387333515	0	0	0	1	1.1626307622478107	-1.2692848102901793	NO	O95259
55	Y	55	202.596	138.092	133.406	-0.77	0.77087325485902	0	0	0	0.6029950047167999	1.0573391139807429	-1.2692848102901793	NO	O95259
56	H	56	199.74	140.189	134.842	-0.77	0.765425387333515	0	0	0	1	0.8017751282982131	-1.2692848102901793	NO	O95259
57	R	57	197.055	138.633	137.126	-0.77	0.829210836277974	0	0	0	1	0.6038404873795118	-1.2692848102901793	NO	O95259
58	A	58	194.308	139.088	134.476	-0.77	0.788732394366197	0	0	0	1	0.7343741018132794	-1.2692848102901793	NO	O95259
59	E	59	196.021	137.116	131.642	-0.77	0.788732394366197	0	0	0	1	0.9689533019677865	-1.2692848102901793	NO	O95259
60	V	60	197.05	134.288	134.067	-0.77	0.791519434628975	2	0	0	1	0.7508582695513839	-1.2692848102901793	NO	O95259
61	M	61	193.46	133.621	135.265	-0.77	0.793768069386444	0	0	0	1	0.6025494401985202	-1.253531450980187	NO	O95259
62	Q	62	191.227	131.104	133.402	-0.77	0.826291079812207	0	0	0	1	0.558440281393606	-1.2541373494151864	NO	O95259
63	K	63	194.333	129.216	132.167	-0.77	0.932862190812721	0	0	0	1	0.5936795797084885	-1.2546983664846307	NO	O95259
64	S	64	194.965	125.565	133.164	-0.77	0.832151300236407	0	0	0	1	0.5894281816161285	-1.2438761662418043	NO	O95259
65	S	65	196.744	125.016	136.524	-0.77	0.863549877684153	0	0	0	0.6029950047167999	0.6273889757425042	-1.2308619827048315	NO	O95259
66	T	66	199.167	122.602	134.812	-0.77	0.869696140158774	1	0	0	0.6141375447936199	0.9424054332763001	-1.2404676896011686	NO	O95259
67	C	67	200.306	125.709	132.873	-0.77	0.837485172004745	0	0	0	0.6034241993062951	1.0258494305723183	-1.2577014578563614	NO	O95259
68	S	68	199.731	124.839	129.188	-0.77	0.8	0	0	0	0.6029950047167999	1.211178748687681	-1.2692848102901793	NO	O95259
69	F	69	200.894	128.299	128.058	-0.77	0.863549877684153	0	0	0	1	1.4481202623471792	-1.2692848102901793	NO	O95259
70	M	70	204.262	127.913	129.863	-0.77	0.864768683274021	0	0	0	1	1.540889386177622	-1.2692848102901793	NO	O95259
71	Y	71	205.227	124.709	128.023	-0.77	0.802999491611591	1	0	0	0.6029950047167999	1.598261583764413	-1.2692848102901793	NO	O95259
72	G	72	207.597	124.471	125.029	-0.77	0.799596163553761	0	0	0	1	1.6441063747316242	-1.2692848102901793	NO	O95259
73	E	73	209.78	122.215	122.873	-0.77	0.82051282051282	0	0	0	1	1.5997269014389135	-1.2692848102901793	NO	O95259
74	L	74	212.296	121.267	125.594	-0.77	0.82051282051282	0	0	0	1	1.5050238305120478	-1.2692848102901793	NO	O95259
75	T	75	209.465	120.581	128.112	-0.77	0.814814814814815	0	0	0	1	1.5456978841737672	-1.2692848102901793	NO	O95259
76	D	76	209.164	116.838	128.904	-0.77	0.872466633712308	1	0	0	1	1.586843389636498	-1.2692848102901793	NO	O95259
77	K	77	205.834	115.207	127.914	-0.77	0.898842592592593	0	0	0	1	1.5047280873061077	-1.2692848102901793	NO	O95259
78	D	78	206.235	112.341	130.444	-0.77	0.905128205128205	0	0	0	1	1.6590530327833037	-1.2692848102901793	NO	O95259
79	T	79	206.481	114.913	133.285	-0.77	0.839749134948097	3	0	0	0.6029950047167999	1.6519341799522882	-1.2692848102901793	NO	O95259
80	I	80	203.313	116.696	131.921	-0.77	0.840277777777778	1	0	0	1	1.5911991609875713	-1.2692848102901793	NO	O95259
81	E	81	201.446	113.357	131.772	-0.77	0.834991349480969	0	0	0	1	1.5710955328054528	-1.2692848102901793	NO	O95259
82	K	82	202.45	112.528	135.378	-0.77	0.838414634146342	0	0	0	0.6034241993062951	1.680109395363419	-1.2692848102901793	NO	O95259
83	V	83	201.259	116.013	136.479	-0.77	0.837890625	0	0	0	0.607342932514731	1.511201720275149	-1.2573504471765484	NO	O95259
84	R	84	197.904	115.377	134.698	-0.77	0.862745098039216	2	0	0	0.6029950047167999	1.4178312441489007	-1.2692848102901793	NO	O95259
85	Q	85	197.534	112.004	136.499	-0.77	0.888888888888889	0	0	0	0.6034241993062951	1.5732996364724776	-1.2692848102901793	NO	O95259
86	T	86	198.273	113.634	139.931	-0.77	0.913269088213491	0	0	0	0.607342932514731	1.3770288483714028	-1.2389898885401935	NO	O95259
87	F	87	195.604	116.3	139.185	-0.77	0.867605633802817	0	0	0	0.6034241993062951	0.8797182245672688	-1.2381926537572991	NO	O95259
88	E	88	193.066	113.548	138.247	-0.77	0.865140845070422	1	0	0	0.6029950047167999	0.9759689054269834	-1.252161593648883	NO	O95259
89	N	89	193.829	111.357	141.309	-0.77	0.865140845070422	0	0	0	1	1.396599184859747	-1.2461181054225432	NO	O95259
90	Y	90	193.966	114.262	143.865	-0.77	0.910674573758339	0	0	0	1	0.9339725753867325	-1.253531450980187	NO	O95259
91	E	91	197.462	113.66	145.29	-0.77	0.920397078104514	2	0	0	1	1.100822244076983	-1.2377780916701944	NO	O95259
92	M	92	200.278	115.654	146.989	-0.77	0.901497241922774	1	0	0	1	1.0023308013194807	-1.2299014120151979	NO	O95259
93	N	93	203.413	115.471	144.826	-0.77	0.898311739301139	0	0	0	1	1.2537150382988484	-1.2130228127544918	NO	O95259
94	S	94	206.548	117.403	143.87	-0.77	0.938829787234043	0	0	0	1	1.1105019953974367	-1.2285433637988192	NO	O95259
95	F	95	208.17	117.647	140.427	-0.77	0.997879858657244	0	0	0	0.6034241993062951	1.2482656960483565	-1.2323628744073842	NO	O95259
96	E	96	211.228	119.255	138.768	-0.77	0.976609657947686	0	0	0	1	1.1534523375129428	-1.2446701863683158	NO	O95259
97	I	97	210.024	120.548	135.315	-0.77	0.987755102040816	0	0	0	0.6029950047167999	1.335526770304328	-1.2692848102901793	NO	O95259
98	L	98	211.369	122.828	132.521	-0.77	0.987036095577021	0	0	0	0.6034241993062951	1.2929627689542564	-1.2692848102901793	NO	O95259
99	M	99	209.047	125.626	131.358	-0.77	0.987755102040816	0	0	0	0.6141375447936199	1.4015181224320141	-1.2692848102901793	NO	O95259
100	Y	100	209.282	128.946	129.481	-0.77	0.936832740213523	1	0	0	1	1.3860899067528416	-1.2692848102901793	NO	O95259
101	K	101	208.398	132.513	130.503	-0.77	0.933510638297872	1	0	0	1	1.3881261375009002	-1.2692848102901793	NO	O95259
102	K	102	206.688	135.405	128.59	-0.77	1.03723404255319	0	0	0	1	1.42987029786238	-1.2692848102901793	NO	O95259
103	N	103	210.101	136.486	127.233	-0.77	0.963591568573775	0	0	0	1	1.6767138439550995	-1.2692848102901793	NO	O95259
104	R	104	210.949	132.856	126.306	-0.77	0.939501779359431	0	0	0	1	1.5567587038339776	-1.2692848102901793	NO	O95259
105	T	105	213.794	131.913	128.653	-0.77	0.934163701067616	0	0	0	1	1.360970119529696	-1.2692848102901793	NO	O95259
106	P	106	213.852	128.286	129.929	-0.77	0.933510638297872	0	0	0	1	1.264977592600917	-1.2692848102901793	NO	O95259
107	V	107	213.502	127.782	133.688	-0.77	0.871276595744681	0	0	0	0.6029950047167999	1.1654219616406452	-1.2692848102901793	NO	O95259
108	W	108	213.441	124.646	135.826	-0.77	0.792623746360401	0	0	0	0.6029950047167999	1.1201157842063525	-1.2692848102901793	NO	O95259
109	F	109	210.572	124.942	138.274	-0.77	0.797727272727273	1	0	0	0.6034241993062951	0.905134479749767	-1.2389898885401935	NO	O95259
110	F	110	210.169	122.873	141.368	-0.77	0.8775	0	0	0	1	0.7034632314033527	-1.2345347529887252	NO	O95259
111	V	111	206.404	122.436	141.363	-0.77	0.876241134751773	0	0	0	1	0.9435360565727192	-1.236465311727695	NO	O95259
112	K	112	204.758	121.123	144.538	-0.77	0.875618374558304	0	0	0	0.6029950047167999	0.7717344460357056	-1.2299014120151979	NO	O95259
113	I	113	201.108	120.244	144.006	-0.77	0.881850533807829	0	0	0	1	0.9591211476755916	-1.2389898885401935	NO	O95259
114	A	114	198.6	119.949	146.856	-0.77	0.888172043010753	0	0	0	1	0.6935709438638591	-1.2404676896011686	NO	O95259
115	P	115	194.805	119.301	146.73	-0.45	0.761290322580645	0	0	0	1	0.5674183255070965	-1.2288915812901984	NO	O95259
116	I	116	192.643	121.291	149.187	-0.77	0.704898446833931	0	0	0.9824414423110819	1	0.403619117616064	-1.236465311727695	NO	O95259
117	R	117	189.818	119.585	151.151	-0.77	0.634408602150538	1	0	1.0974579084629144	1	0.3838558272188054	-1.2411538115223355	NO	O95259
118	N	118	186.598	121.342	152.321	-0.77	0.632616487455197	0	0	1.6710814986612244	0.4980040189819448	0.22025693346478176	-1.252161593648883	NO	O95259
119	E	119	184.468	121.6	155.517	-0.77	0.630357142857143	0	0	2.01403195917021	0.44516233676951794	0.1692837318260797	-1.2692848102901793	NO	O95259
120	Q	120	182.247	118.954	153.87	-0.77	0.634892086330935	0	0	3.378018805829266	0.32332777259597406	0.08885723292006573	-1.2692848102901793	NO	O95259
121	D	121	185.366	116.67	153.527	-0.77	0.634408602150538	0	0	2.01403195917021	0.44516233676951794	0.22559639614673296	-1.243029211440192	NO	O95259
122	K	122	185.441	116.872	149.678	-0.77	0.633928571428572	0	0	2.5268705724966707	0.38709793015237437	0.2504721798561728	-1.2461181054225432	NO	O95259
123	V	123	188.267	118.173	147.421	-0.77	0.703835508105971	1	0	0.9824414423110819	1	0.4336603892721802	-1.2411538115223355	NO	O95259
124	V	124	187.411	121.624	145.973	-0.77	0.709987966305656	0	0	1.4255836059815363	0.5460674639730352	0.23844888828420063	-1.2401119226790822	NO	O95259
125	L	125	190.543	123.726	145.302	-0.77	0.637184115523466	0	0	1.2411468529436875	0.5897615048740266	0.2945702915281853	-1.2355276117687666	NO	O95259
126	F	126	194.146	123.171	144.236	-0.77	0.633093525179856	0	0	0	0.6141375447936199	0.4596584580225335	-1.231776811933054	NO	O95259
127	L	127	197.38	124.776	145.273	-0.77	0.633093525179856	0	0	0	0.3688961246855108	0.4457676543258015	-1.236465311727695	NO	O95259
128	C	128	200.683	124.666	143.443	-0.45	0.557546794105934	0	0	0	0.6034241993062951	0.5870401028375523	-1.2342773451568625	NO	O95259
129	T	129	203.928	126.291	144.673	-0.45	0.562749800159872	0	0	0	0.3688961246855108	0.4012148328742825	-1.2334817209492872	NO	O95259
130	F	130	206.999	127.116	142.671	-0.77	0.691171644240236	0	0	0	0.607342932514731	0.5658429302077154	-1.243029211440192	NO	O95259
131	S	131	210.753	127.511	143.24	-0.77	0.691171644240236	0	0	0	0.6034241993062951	0.373461581609794	-1.24243249328451	NO	O95259
132	D	132	213.409	128.13	140.566	-0.77	0.633574007220217	0	0	0	0.6034241993062951	0.6901357315848577	-1.2495931111526886	NO	O95259
133	I	133	216.046	125.337	140.163	-0.77	0.581818181818182	0	0	0	1	0.6784329140326268	-1.2479964868982973	NO	O95259
134	T	134	217.956	127.126	137.332	-0.77	0.644688644688645	0	0	0	1	0.9858506481589588	-1.2692848102901793	NO	O95259
135	A	135	221.465	127.331	138.812	-0.77	0.703296703296703	0	0	0	1	0.6914010591749403	-1.2561570108651854	NO	O95259
136	F	136	221.028	124.181	140.929	-0.77	0.701298701298701	0	0	0	1	0.41795597099743403	-1.196932733913793	NO	O95259
137	K	137	219.944	121.668	138.242	-0.77	0.703877005347594	0	0	0	1	0.7591824383256022	-1.251383265619733	NO	O95259
138	Q	138	221.73	122.097	134.891	-0.77	0.703296703296703	1	0	0	1	1.0271939581266165	-1.2692848102901793	NO	O95259
139	P	139	222.57	124.838	132.305	-0.77	0.721607216072161	0	0	0	1	1.226258192728371	-1.2692848102901793	NO	O95259
140	I	140	220.728	124.804	128.896	-0.77	0.720996732026144	1	0	0	1	1.2730617021087878	-1.2692848102901793	NO	O95259
141	E	141	220.054	127.836	126.624	-0.77	0.72039072039072	0	0	0	1	1.3984111094297451	-1.2692848102901793	NO	O95259
142	D	142	218.658	128.579	123.149	-0.77	0.780882352941176	0	0	0	1	1.341597729859311	-1.2692848102901793	NO	O95259
143	D	143	220.388	131.948	122.533	-0.77	0.785977859778598	0	0	0	1	1.4496362968813847	-1.2692848102901793	NO	O95259
144	S	144	223.058	133.788	124.561	-0.77	0.785977859778598	0	0	0	1	1.4950691559339717	-1.2692848102901793	NO	O95259
145	C	145	225.927	136.268	124.562	-0.77	0.788888888888889	2	0	0	1	1.5647899776713616	-1.2692848102901793	NO	O95259
146	K	146	228.087	133.793	126.563	-0.77	0.872549019607843	0	0	0	1	1.43332362035283	-1.2692848102901793	NO	O95259
147	G	147	227.91	130.974	129.209	-0.77	0.873308733087331	0	0	0	1	1.4247232411097062	-1.2692848102901793	NO	O95259
148	W	148	228.785	133.427	132.01	-0.77	0.876543209876543	0	0	0	1	1.4275063741843153	-1.2692848102901793	NO	O95259
149	G	149	225.962	135.819	130.973	-0.77	0.992565055762082	0	0	0	1	1.3835591484509229	-1.2692848102901793	NO	O95259
150	K	150	223.61	132.855	131.025	-0.77	0.992565055762082	1	0	0	1	1.2136349822714125	-1.2692848102901793	NO	O95259
151	F	151	224.882	131.97	134.566	-0.77	0.992565055762082	0	0	0	1	1.0715200275996204	-1.2692848102901793	NO	O95259
152	A	152	224.372	135.584	135.725	-0.77	1	0	0	0	1	1.1686469390598944	-1.2692848102901793	NO	O95259
153	R	153	220.8	135.487	134.309	-0.77	0.889724310776942	0	0	0	1	1.2009350327701465	-1.2692848102901793	NO	O95259
154	L	154	220.143	132.142	136.133	-0.77	0.831766917293233	0	0	0	1	0.9529848145832086	-1.2692848102901793	NO	O95259
155	T	155	221.498	133.602	139.45	-0.77	0.739348370927318	0	0	0	1	0.7478972006822546	-1.2692848102901793	NO	O95259
156	R	156	219.321	136.727	138.996	-0.77	0.661048689138577	0	0	0	1	0.7357490542074931	-1.2692848102901793	NO	O95259
157	A	157	216.213	134.545	138.502	-0.77	0.661048689138577	1	0	0	1	0.8170149638892135	-1.2692848102901793	NO	O95259
158	L	158	216.986	132.349	141.548	-0.77	0.665413533834586	0	0	0	1	0.4360024172244414	-1.2692848102901793	NO	O95259
159	T	159	217.268	134.909	144.373	-0.77	0.73866000832293	0	0	0	1	0.15107331170676147	-1.2692848102901793	NO	O95259
160	S	160	214.412	133.776	146.704	-0.77	0.66044776119403	1	0	0	0.6029950047167999	-0.180363138173572	-1.2692848102901793	NO	O95259
161	S	161	215.766	130.272	147.439	-0.77	0.493494423791822	0	0	0	0.6034241993062951	0.00978049741568996	-1.249088195790189	NO	O95259
162	R	162	219.519	130.972	147.309	-0.77	0.529850746268657	0	0	0	1	0.06029232651930812	-1.256580488265992	NO	O95259
163	G	163	219.458	134.446	148.925	-0.77	0.60663021189337	0	0	0	1	-0.05913457137157711	-1.2692848102901793	NO	O95259
164	V	164	217.471	134.123	152.164	-0.77	0.562420785804816	0	0	0	1	-0.2828019691886006	-1.2692848102901793	NO	O95259
165	L	165	216.671	130.454	152.975	-0.77	0.561320754716981	0	0	0	0.6029950047167999	-0.18728561284315606	-1.2546983664846307	NO	O95259
166	Q	166	219.904	128.958	151.673	-0.77	0.489879931389365	0	0	0	0.6029950047167999	-0.013961128473850875	-1.2270883121384135	NO	O95259
167	Q	167	222.225	131.698	152.976	-0.77	0.625874125874126	0	0	0	1	-0.0012172015210682795	-1.2278286015796727	NO	O95259
168	L	168	224.463	129.365	155.059	-0.77	0.680608365019011	0	0	0	1	-0.05071666949883291	-1.1527273264248852	NO	O95259
169	A	169	224.662	127.2	151.937	-0.77	0.722657123685976	0	0	0	1	-0.02908226960270601	-1.1036489034826404	NO	O95259
170	P	170	227.029	129.029	149.475	-0.77	0.725415356982488	0	0	0	1	-0.02614733159583315	-1.1302121851316513	NO	O95259
171	S	171	230.124	128.329	151.632	-0.77	0.730223123732252	1	0	0	1	0.10726060868333817	-1.0374971016926329	NO	O95259
172	V	172	229.451	124.58	152.138	-0.45	0.737468528267338	0	0	0	1	0.10459919946290432	-0.9853375414772557	NO	O95259
173	Q	173	229.583	122.121	149.219	0.2	0.650465591642062	1	0	0	1	0.20234024897515046	-0.9380129966751019	NO	O95259
174	K	174	226.944	119.615	147.974	-0.12	0.645481180978138	0	0	0	1	0.18734683778901598	-0.9853375414772557	NO	O95259
175	G	175	223.774	121.772	148.201	-0.45	0.643017512348451	0	0	0	1	0.040853684318511066	-1.1036489034826404	NO	O95259
176	E	176	221.669	119.218	146.322	-0.77	0.607294317217981	0	0	0	1	0.0759972147536764	-1.0706895491024182	NO	O95259
177	N	177	221.889	116.864	149.39	0.2	0.604985213350232	1	0	0	1	0.10601557496927373	-0.9780117605481297	NO	O95259
178	V	178	220.775	119.409	152.036	-0.77	0.609125475285171	1	0	0	1	0.04839194226426298	-1.0393324025990875	NO	O95259
179	H	179	220.051	122.925	150.759	-0.77	0.602830188679245	0	0	0	0.6029950047167999	-0.004671611700880275	-1.1132456764997956	NO	O95259
180	K	180	217.521	122.183	147.935	-0.77	0.636482510624387	0	0	0	1	0.14744678269831193	-1.1765697268511606	NO	O95259
181	H	181	215.862	119.602	150.224	-0.77	0.637079573420837	0	0	0	1	0.154764895055421	-1.1533909559914062	NO	O95259
182	S	182	215.663	122.209	153.063	-0.77	0.641924285005786	2	0	0	1	-0.01950293537283585	-1.1792176636669975	NO	O95259
183	R	183	214.016	124.693	150.626	-0.77	0.617525445292621	2	0	0	0.6034241993062951	-0.05865502224487684	-1.2050872100615357	NO	O95259
184	L	184	211.576	121.859	149.827	-0.45	0.669201520912548	1	0	0	0.6034241993062951	0.3282983930255759	-1.2110060683575323	NO	O95259
185	A	185	211.027	121.471	153.645	-0.77	0.669201520912548	1	0	0	1	-0.0027982751148125295	-1.252161593648883	NO	O95259
186	E	186	209.267	124.909	153.611	-0.77	0.695652173913044	0	0	0	0.6034241993062951	-0.22861647953924755	-1.2438761662418043	NO	O95259
187	V	187	207.061	123.398	150.837	-0.77	0.703059931196813	0	0	0	0.607342932514731	0.23175885027000737	-1.2381926537572991	NO	O95259
188	L	188	206.562	120.319	153.092	-0.77	0.702380952380953	0	0	0	0.6029950047167999	0.5141148211911583	-1.2377780916701944	NO	O95259
189	Q	189	205.511	122.525	156.082	-0.77	0.697099892588614	0	0	0	0.607342932514731	0.02516789334338236	-1.2505308111116167	NO	O95259
190	L	190	203.175	124.237	153.579	-0.77	0.694489031567683	0	0	0	0.607342932514731	-0.008065810832499921	-1.2229514005549071	NO	O95259
191	G	191	201.536	120.814	153.04	-0.77	0.661654135338346	0	0	0	0.6034241993062951	0.43907772903306147	-1.2184675221934291	NO	O95259
192	S	192	200.136	121.018	156.562	-0.77	0.661654135338346	0	0	0	1	0.27917731194608714	-1.2505308111116167	NO	O95259
193	D	193	199.417	124.782	156.446	-0.77	0.657894736842105	1	0	0	1	0.09272072594572098	-1.2692848102901793	NO	O95259
194	I	194	197.459	124.333	153.176	-0.77	0.657894736842105	0	0	1.0974579084629144	1	0.15071901370556215	-1.2389898885401935	NO	O95259
195	L	195	194.93	122.147	154.945	-0.77	0.701220865704773	2	0	1.0974579084629144	1	0.2913724795104299	-1.256580488265992	NO	O95259
196	P	196	192.718	125.073	156.391	-0.77	0.69596827495043	0	0	1.2411468529436875	0.5897615048740266	0.1910840106504122	-1.2561570108651854	NO	O95259
197	Q	197	190.192	123.706	153.852	-0.77	0.69596827495043	0	0	1.2411468529436875	0.5897615048740266	0.27920728790192956	-1.2569774983292477	NO	O95259
198	Y	198	188.759	127.068	152.561	-0.77	0.61811320754717	0	0	1.0974579084629144	1	0.21572147988173518	-1.2454160840629178	NO	O95259
199	K	199	186.087	126.805	155.298	-0.77	0.611320754716981	1	1	2.01403195917021	0.44516233676951794	0.33235341427866344	-1.2692848102901793	NO	O95259
200	Q	200	184.226	129.536	157.208	-0.77	0.550820707070707	0	0	10.089833683135112	0.1765265662172879	0.40439299850417904	-1.2692848102901793	NO	O95259
201	E	201	185.997	128.791	160.513	-0.77	0.550314465408805	0	0	5.069503588574043	0.2533271973472818	0.4616325510703741	-1.248556705934926	NO	O95259
202	A	202	186.271	130.389	163.952	-0.77	0.549242424242424	0	0	5.069503588574043	0.2533271973472818	0.446163151899909	-1.1896975262761544	NO	O95259
203	P	203	189.338	132.587	164.817	-0.77	0.606095791001451	0	0	3.378018805829266	0.32332777259597406	0.5672135350906019	-0.8181950718960316	NO	O95259
204	K	204	192.332	130.287	165.492	-0.77	0.654135338345865	0	0	0	1	0.4776316824762685	-0.6375094629623536	NO	O95259
205	T	205	193.735	130.725	169.028	-0.77	0.649812734082397	0	0	0	1	0.37962628716896574	-0.051476291755990396	NO	O95259
206	P	206	196.67	128.795	170.613	-0.77	0.604228855721393	0	0	0	1	0.5458270266991411	-0.02407442365473959	NO	O95259
207	P	207	196.146	126.309	173.512	-0.77	0.649812734082397	0	0	0	1	0.5175658477652554	-0.07108008152233156	NO	O95259
208	H	208	196.708	127.423	177.165	-0.77	0.649812734082397	0	0	0	1	0.5726129729848008	0.2807125372600977	NO	O95259
209	I	209	194.822	130.688	176.477	0.85	0.642592592592593	0	0	1.6710814986612244	0.4980040189819448	0.5984045487976095	0.3585938756192061	NO	O95259
210	I	210	191.162	131.578	177.238	2.15	0.643122676579926	0	0	2.01403195917021	0.44516233676951794	0.4007899187676662	0.5130776897661753	NO	O95259
211	L	211	188.994	133.903	175.088	-0.12	0.569547325102881	0	0	1.6710814986612244	0.4980040189819448	0.45805898017057844	0.36599964026070964	NO	O95259
212	H	212	187.933	137.45	176.11	-0.12	0.569547325102881	0	0	0.9824414423110819	1	0.5672844946233937	0.5895038993092822	NO	O95259
213	Y	213	184.207	136.859	175.359	0.53	0.566544566544567	0	0	2.5268705724966707	0.38709793015237437	0.5002392444244769	0.5943938580794738	NO	O95259
214	C	214	183.816	133.22	176.554	1.5	0.640221402214022	1	0	2.5268705724966707	0.38709793015237437	0.12819723631033225	0.5529665669252664	NO	O95259
215	V	215	180.971	131.972	178.857	0.2	0.550793650793651	0	0	3.378018805829266	0.32332777259597406	-0.1501256907303777	0.5436769131855246	NO	O95259
216	F	216	183.57	130.518	181.285	-0.12	0.642592592592593	0	0	3.378018805829266	0.32332777259597406	0.011249257109362365	0.6283488526859728	NO	O95259
217	K	217	185.468	133.848	181.265	0.53	0.638888888888889	0	1	2.01403195917021	0.44516233676951794	0.16460900852851212	0.9270109514651728	NO	O95259
218	T	218	182.296	135.925	181.93	0.85	0.638376383763838	1	0	2.01403195917021	0.44516233676951794	-0.14297901802577473	0.58788856461441	NO	O95259
219	T	219	181.322	133.578	184.831	-0.12	0.570725707257073	1	0	3.378018805829266	0.32332777259597406	-0.18187512911942463	0.6736295046089006	NO	O95259
220	W	220	184.84	134.08	186.251	2.8	0.574485596707819	0	0	2.5268705724966707	0.38709793015237437	0.03494019182861545	1.0371966164622006	NO	O95259
221	D	221	184.575	137.892	185.721	0.53	0.574005740057401	0	0	1.6710814986612244	0.4980040189819448	-0.08556974127813749	0.9198286785026349	NO	O95259
222	W	222	181.271	137.735	187.704	0.53	0.738007380073801	0	0	2.5268705724966707	0.38709793015237437	-0.20872680561103005	0.8260350510584378	NO	O95259
223	I	223	182.877	135.6	190.513	0.53	0.645756457564576	0	0	2.5268705724966707	0.38709793015237437	-0.052174987156752096	1.0691044622868382	NO	O95259
224	I	224	185.816	138.053	190.908	1.82	0.571895424836601	0	0	1.2411468529436875	0.5897615048740266	-0.021861211301005164	1.149463969796451	NO	O95259
225	L	225	183.254	140.936	191.103	0.85	0.571895424836601	0	0	0	1	-0.19383735203614708	1.0545994160471688	NO	O95259
226	I	226	181.353	139.179	193.945	1.82	0.56772100567721	0	0	0	1	-0.18462723546043855	1.0733852664471624	NO	O95259
227	L	227	184.673	138.608	195.739	0.53	0.634057971014493	0	0	3.378018805829266	0.32332777259597406	-0.05327857646400948	1.222386438527533	NO	O95259
228	T	228	185.743	142.303	195.278	0.85	0.634057971014493	0	0	3.378018805829266	0.32332777259597406	-0.22710595849584972	1.2312713963602908	NO	O95259
229	F	229	182.317	143.291	196.666	0.85	0.638686131386861	0	0	3.378018805829266	0.32332777259597406	-0.4739088011834706	1.035755616973346	NO	O95259
230	Y	230	182.868	140.953	199.681	1.18	0.56447688564476906	1	0	3.378018805829266	0.32332777259597406	-0.27565270759083416	1.1255129754411084	NO	O95259
231	T	231	186.379	142.387	200.347	1.5	0.581550802139037	1	0	5.323223331619906	0.09677589706665705	-0.25894050877911295	1.1369704968142615	NO	O95259
232	A	232	185.019	145.955	200.179	0.85	0.582750582750583	0	0	7.106986254259657	0.06824714237037267	-0.6014423080142658	1.137518637599076	NO	O95259
233	I	233	182.293	145.095	202.759	0.85	0.645756457564576	0	0	3.378018805829266	0.32332777259597406	-0.6463189812247744	1.1523839398891427	NO	O95259
234	L	234	184.402	142.99	205.125	0.85	0.595097210481826	0	0	4.246711247067093	0.12811224349495676	-0.26045782615291196	1.0160557038345466	NO	O95259
235	V	235	187.941	144.493	205.219	1.18	0.644160583941606	0	0	6.751959906759757	0.027769261846890818	-0.3593263652493609	0.9319658432935995	YES	O95259
236	P	236	186.794	147.876	206.755	1.18	0.592447552447553	0	0	6.751959906759757	0.027769261846890818	-0.44986257307219363	1.1717826077894682	YES	O95259
237	Y	237	184.743	145.882	209.302	0.85	0.646520146520147	0	0	2.01403195917021	0.44516233676951794	-0.29407679619265503	1.0349956262808278	NO	O95259
238	N	238	187.86	143.865	210.291	0.53	0.645985401459854	0	0	8.457407464732077	0.01843503099590792	-0.11822276238617091	0.8730079583759938	YES	O95259
239	V	239	189.991	147.062	210.581	0.85	0.645985401459854	0	0	11.285593320630943	0.011189632977803964	-0.19282309166297254	0.8369630952996099	YES	O95259
240	S	240	187.467	149.006	212.674	1.18	0.643636363636364	0	0	7.106986254259657	0.06824714237037267	-0.011244211482507472	0.964492310618919	NO	O95259
241	F	241	185.304	146.696	214.847	1.5	0.595317725752508	0	0	0	1	0.06936008561533043	0.8602904026830309	NO	O95259
242	K	242	188.149	144.278	215.63	-0.77	0.647810218978102	1	0	5.069503588574043	0.2533271973472818	0.08442062501371052	0.5460437039472422	NO	O95259
243	T	243	186.903	140.669	215.567	-0.45	0.653846153846154	0	0	0	1	-0.030878013461770337	0.20176284567170633	NO	O95259
244	R	244	190.583	139.814	216.303	-0.12	0.651459854014599	0	0	0	1	-0.0912411139953938	0.11637372460530418	NO	O95259
245	Q	245	190.464	136.483	214.388	1.18	0.651459854014599	0	0	0	1	-0.06211236635511591	0.3274269783254297	NO	O95259
246	N	246	188.629	134.499	217.145	-0.45	0.653284671532847	1	0	0	1	0.033088891001689894	-0.3260971754660521	NO	O95259
247	N	247	187.393	131.982	214.567	-0.12	0.605240912933221	0	0	0	1	0.07412196060889543	0.16041459583804993	NO	O95259
248	V	248	189.931	130.373	212.199	-0.77	0.602517482517483	1	0	0	1	-0.0318542948761468	0.4775842811645598	NO	O95259
249	A	249	187.046	129.959	209.683	-0.45	0.598167175784504	1	0	0	1	0.21397914197297874	0.3604084152031896	NO	O95259
250	W	250	187.193	133.667	208.652	0.53	0.648014440433213	1	0	0	1	0.12528692791497342	0.4958428262118631	NO	O95259
251	L	251	190.985	133.335	208.221	0.85	0.651624548736462	0	0	0	1	-0.06040203936134045	0.7432068415613676	NO	O95259
252	V	252	190.457	130.267	205.978	2.15	0.651624548736462	0	0	0	1	-0.04647948495887723	1.0010903698711633	NO	O95259
253	V	253	187.855	132.248	203.931	0.53	0.646953405017921	0	0	0	1	0.009644703082653562	1.0181969446302572	NO	O95259
254	D	254	190.33	135.165	203.519	1.82	0.708306082406802	0	0	3.5262240636717164	0.16155990404431206	-0.11432403101463375	1.1135695893714945	NO	O95259
255	S	255	193.122	132.744	202.46	0.53	0.781949458483755	0	0	0	1	-0.10496657991587982	1.1739627601939762	NO	O95259
256	I	256	190.77	131.126	199.875	0.85	0.781949458483755	0	0	0	1	0.05033595612737453	1.2783287656226767	NO	O95259
257	V	257	189.905	134.642	198.536	1.18	0.781949458483755	1	0	2.5268705724966707	0.38709793015237437	-0.11194371918547047	1.3369694873188807	NO	O95259
258	D	258	193.618	135.492	198.256	2.15	0.728038507821901	0	0	10.650613104983444	0.043325471601204764	-0.1947347592661039	1.5610239918768043	YES	O95259
259	V	259	194.289	132.169	196.393	1.18	0.655797101449275	0	0	0	1	-0.06962972052068078	1.5727196677281623	NO	O95259
260	I	260	191.35	132.892	193.98	1.5	0.715415019762846	0	0	0	1	0.09770738850800653	1.4326435232866663	NO	O95259
261	F	261	192.763	136.394	193.356	2.15	0.653429602888087	0	0	3.378018805829266	0.32332777259597406	-0.06412352101058622	1.546979803855585	NO	O95259
262	L	262	196.205	134.872	192.625	1.5	0.71801652892562	0	0	0	1	0.022309298880366455	1.6204720381365774	NO	O95259
263	V	263	194.553	132.437	190.132	0.85	0.717391304347826	0	0	0	1	0.18618544908442958	1.6762651856928008	NO	O95259
264	D	264	192.788	135.464	188.493	2.8	0.657608695652174	0	0	3.378018805829266	0.32332777259597406	0.1016227260167863	1.4220464085212983	NO	O95259
265	I	265	196.224	137.183	188.012	1.82	0.655797101449275	0	0	0	1	-0.049617183369820995	1.4990911739218884	NO	O95259
266	V	266	197.566	134.052	186.242	1.5	0.66	0	0	0	1	0.22236980165744208	1.4206655039534517	NO	O95259
267	L	267	194.405	133.82	184.067	1.5	0.7570385818561	0	0	2.5268705724966707	0.38709793015237437	0.33004904369653726	1.1974521441651256	NO	O95259
268	N	268	194.766	137.541	183.199	1.5	0.762605042016807	1	0	3.5262240636717164	0.16155990404431206	0.24014428926671283	1.1255129754411084	NO	O95259
269	F	269	198.35	136.935	181.951	0.2	0.754285714285714	0	0	2.01403195917021	0.44516233676951794	0.41516427439779047	0.9079905602528237	NO	O95259
270	H	270	197.157	134.17	179.577	1.82	0.748839608045384	1	0	1.6710814986612244	0.4980040189819448	0.573946262901251	0.5521973599277081	NO	O95259
271	T	271	193.743	135.594	178.433	1.18	0.822010869565217	0	0	1.2411468529436875	0.5897615048740266	0.5156009715139843	0.7378049295006777	NO	O95259
272	T	272	193.043	137.485	175.149	1.18	0.93944099378882	0	0	1.0974579084629144	1	0.7267898480947916	0.497373879374467	NO	O95259
273	F	273	192.685	141.273	174.705	0.85	0.98014440433213	0	0	0.8881965709895637	1	0.890883323147873	0.5855462052412004	NO	O95259
274	V	274	191.005	143.84	172.422	2.15	0.98014440433213	0	0	0	1	1.1959198269955755	0.44820057385783546	NO	O95259
275	G	275	192.792	147.045	171.293	-0.77	0.978260869565217	1	0	0	1	1.397228603574198	0.6211183069089256	NO	O95259
276	P	276	191.421	150.068	169.413	-0.12	0.978260869565217	0	0	0	1	1.7239447885640058	0.6075802637519007	NO	O95259
277	A	277	193.039	149.092	166.085	1.18	0.872727272727273	1	0	0	1	1.7239447885640058	0.6075802637519007	NO	O95259
278	G	278	193.401	145.31	166.631	0.53	0.869565217391304	1	0	0	1	1.6215323701962872	0.38516955474363546	NO	O95259
279	E	279	190.119	143.725	167.7	0.53	0.782608695652174	0	0	0	1	1.2899506553121183	0.18732175826243974	NO	O95259
280	V	280	191.706	140.388	168.74	1.82	0.782608695652174	0	0	0	1	1.0871619406269941	0.11221095732440085	NO	O95259
281	I	281	195.241	139.693	170.07	2.15	0.788321167883212	1	0	0	1	0.9684202806318957	0.22154091191067718	NO	O95259
282	S	282	196.504	136.063	169.791	-0.12	0.772058823529412	0	0	0	1	0.7949036256935628	0.18024304288621756	NO	O95259
283	D	283	200.204	136.38	170.798	-0.12	0.811496196111581	0	0	0	1	0.8825887494902048	0.2445145609044163	NO	O95259
284	P	284	200.82	135.016	174.357	-0.12	0.809242040011271	0	0	0	1	0.7107458459219412	0.4811936370761792	NO	O95259
285	K	285	204.11	136.886	174.967	-0.12	0.815214305989214	0	0	0	1	0.7638329242173468	0.48313966503581374	NO	O95259
286	L	286	202.719	140.224	173.734	-0.12	0.755555555555556	1	0	0	1	0.885484012557678	0.5494624017141677	NO	O95259
287	I	287	199.59	139.946	175.921	2.15	0.75	0	0	1.4255836059815363	0.5460674639730352	0.7474353030314391	0.7953728686730132	NO	O95259
288	R	288	201.78	139.234	178.997	-0.12	0.75	2	0	1.6710814986612244	0.4980040189819448	0.6485798920019564	0.833845460572106	NO	O95259
289	M	289	203.856	142.354	178.173	-0.12	0.752767527675277	0	0	2.01403195917021	0.44516233676951794	0.5833833487511372	0.6595444698091677	NO	O95259
290	N	290	200.645	144.419	177.758	0.85	0.702583025830258	0	0	1.4255836059815363	0.5460674639730352	0.8368153633074643	0.7614216632635465	NO	O95259
291	Y	291	199.274	143.133	181.114	2.8	0.619330855018587	0	0	1.4255836059815363	0.5460674639730352	0.38663049309557057	1.0023609628064012	NO	O95259
292	L	292	202.612	143.973	182.816	0.2	0.658671586715867	0	0	1.4255836059815363	0.5460674639730352	0.12411952493119587	1.0485922756852855	NO	O95259
293	K	293	202.535	147.512	181.394	0.2	0.604072398190045	0	0	2.01403195917021	0.44516233676951794	0.015731996748998646	0.9386469555009627	NO	O95259
294	T	294	198.861	148.169	182.243	1.5	0.604072398190045	0	1	2.01403195917021	0.44516233676951794	0.13691867175936048	1.0546252717445657	NO	O95259
295	W	295	197.833	146.71	185.625	0.2	0.560924369747899	0	0	1.4255836059815363	0.5460674639730352	-0.18343424462153354	1.0747453136022653	NO	O95259
296	F	296	199.98	143.788	186.927	2.8	0.556363636363636	0	0	2.01403195917021	0.44516233676951794	-0.051827310268124004	1.3242445063999988	NO	O95259
297	V	297	201.788	145.693	189.738	0.2	0.496098104793757	1	0	5.069503588574043	0.2533271973472818	-0.5125968134210493	1.324139315699478	NO	O95259
298	I	298	198.635	147.016	191.482	1.82	0.496098104793757	1	0	7.106986254259657	0.06824714237037267	-0.5173132237592397	1.3842786685906971	NO	O95259
299	D	299	196.842	143.678	191.159	2.8	0.457348406988695	0	0	5.323223331619906	0.09677589706665705	-0.25087105420660716	1.4237088881611821	NO	O95259
300	L	300	199.818	141.733	192.579	1.5	0.515523465703971	0	0	2.5268705724966707	0.38709793015237437	-0.273430626484589	1.538540504225232	NO	O95259
301	L	301	200.101	144.218	195.493	1.5	0.511827956989247	0	0	7.106986254259657	0.06824714237037267	-0.5668816066509762	1.4919837012644506	NO	O95259
302	S	302	196.374	143.761	196.289	1.82	0.508185053380783	0	0	4.246711247067093	0.12811224349495676	-0.43383342887877624	1.5240904013425312	NO	O95259
303	C	303	196.447	139.915	196.382	0.85	0.555827402135231	0	0	4.246711247067093	0.12811224349495676	-0.29630605753484174	1.5044756229047962	NO	O95259
304	L	304	199.261	138.846	198.766	1.82	0.453736654804271	0	0	5.323223331619906	0.09677589706665705	-0.3494283797857252	1.3121738735152388	NO	O95259
305	P	305	198.073	136.502	201.582	2.8	0.423487544483986	0	0	10.650613104983444	0.043325471601204764	-0.2672319693821048	1.2287025077156943	YES	O95259
306	Y	306	199.19	138.356	204.67	0.85	0.426190476190476	0	0	16.90047656661612	0.005942965447452805	-0.37867402115325066	0.7887285116768636	YES	O95259
307	D	307	197.375	136.102	207.165	2.8	0.423487544483986	0	0	7.106986254259657	0.06824714237037267	-0.20592448446001863	0.6756674896002807	NO	O95259
308	V	308	199.03	132.939	205.725	1.18	0.508185053380783	0	0	0	1	-0.18265715098937102	0.6629631675760931	NO	O95259
309	I	309	202.491	134.574	205.95	1.5	0.508185053380783	0	0	0	1	-0.32585573499494674	0.2875901527676772	NO	O95259
310	N	310	201.835	135.624	209.595	0.2	0.595	0	0	7.106986254259657	0.06824714237037267	-0.338558084527251	0.017057202811642063	NO	O95259
311	A	311	200.605	132.166	210.703	1.18	0.599280575539568	0	0	0	1	-0.1176689603170111	0.050273072129712104	NO	O95259
312	F	312	203.657	129.965	209.947	-0.12	0.641071428571429	0	0	0	1	-0.3935668512233941	0.2137462810020871	NO	O95259
313	E	313	206.835	131.766	211.071	-0.45	0.677068557919622	0	0	0	1	-0.032396366983002335	-0.2462395035377341	NO	O95259
314	N	314	205.961	132.379	214.8	-0.77	0.636524822695035	0	0	0	1	0.295115303531806	-0.7702233102744	NO	O95259
315	V	315	208.346	135.357	214.934	-0.77	0.636524822695035	1	0	0	1	0.33058561917710977	-0.9660326435728229	NO	O95259
316	D	316	208.034	138.849	216.411	-0.77	0.642348754448399	0	0	0	1	0.3851018870983199	-1.027094492773274	NO	O95259
317	E	317	204.324	138.232	217.101	-0.77	0.696719051557761	1	0	0	1	0.33702903483100555	-1.0165746713590489	NO	O95259
318	V	318	201.928	138.139	220.129	-0.77	0.742034943473792	1	0	0	0.6029950047167999	0.5910398632615969	-1.1177775561504342	NO	O95259
319	S	319	204.015	138.416	223.345	-0.77	0.739979445015416	0	0	0	0.6034241993062951	0.8666345706803646	-1.2005336193360092	NO	O95259
320	A	320	206.026	135.246	223.955	-0.77	0.782608695652174	0	0	0	0.6029950047167999	1.0172727926688243	-1.1895334287833421	NO	O95259
321	F	321	205.782	131.812	222.16	-0.77	0.900501672240803	0	0	0	1	0.9912579506198849	-1.2095943472796606	NO	O95259
322	M	322	202.617	129.636	222.069	-0.77	0.965827338129496	0	0	0	1	0.9392692821744822	-1.069730537780787	NO	O95259
323	G	323	202.04	128.549	225.693	-0.77	0.885164835164835	1	0	0	1	1.4563428765527378	-1.2692848102901793	NO	O95259
324	D	324	204.546	131.065	227.071	-0.77	0.821938775510204	0	0	0	1	1.4505454167215603	-1.2077482504855208	NO	O95259
325	P	325	203.346	133.477	229.886	-0.77	0.854761904761905	1	0	0	1	1.4505454167215603	-1.2077482504855208	NO	O95259
326	G	326	203.211	136.507	227.558	-0.77	0.936892052194543	1	0	0	1	1.282001812681039	-1.1520033668977716	NO	O95259
327	K	327	204.078	138.733	230.51	-0.77	0.93545347467609	1	0	0	1	1.3137476540716972	-1.1200586527638827	NO	O95259
328	I	328	207.533	140.386	230.847	-0.77	0.93545347467609	1	0	0	1	1.3188781918552641	-1.0115552186377277	NO	O95259
329	G	329	209.962	140.122	227.791	-0.12	0.938770685579196	0	0	0	0.6034241993062951	1.1935286582567266	-1.0397061064035693	NO	O95259
330	F	330	210.36	143.894	227.811	0.2	0.93545347467609	0	0	0	1	1.230157820518208	-0.9850445102400908	NO	O95259
331	A	331	213.178	143.902	230.402	-0.45	0.91115598182736	0	0	0	1	1.386958503234332	-0.8713483902200552	NO	O95259
332	D	332	215.609	145.82	228.087	-0.77	0.91115598182736	0	0	0	1	1.2934235536893173	-0.8713483902200552	NO	O95259
333	Q	333	213.127	146.726	225.244	-0.12	0.892582417582418	1	0	0	1	1.1241529897738063	-0.9376711268984091	NO	O95259
334	I	334	214.573	144.674	222.359	0.2	0.85952380952381	1	0	0	1	1.0684807454128356	-0.9551244786558708	NO	O95259
335	P	335	217.518	142.787	223.921	0.2	0.799114554510238	1	0	0	1	1.2165227087611423	-0.8713483902200552	NO	O95259
336	P	336	218.652	139.272	222.683	-0.45	0.865707434052758	0	0	0	1	1.4030247061214163	-0.7718642852025243	NO	O95259
337	P	337	215.124	138.588	221.213	-0.77	0.875151515151515	0	0	0	1	0.9651657460945492	-1.0097610580705332	NO	O95259
338	L	338	214.37	139.38	217.576	-0.77	0.757718472004186	0	0	0	1	0.7542557804405986	-1.0158660685491772	NO	O95259
339	E	339	211.195	141.038	218.961	-0.77	0.714003944773176	0	0	0	1	0.7900057251347886	-1.0561045852526127	NO	O95259
340	G	340	209.823	144.582	218.452	-0.77	0.71927334657962	1	0	0	1	0.6875267156042063	-1.0548535672785622	NO	O95259
341	R	341	207.77	146.821	220.754	-0.77	0.712423124231242	1	0	0	1	0.7653619851921397	-1.0462763175580974	NO	O95259
342	E	342	207.695	145.379	224.32	-0.77	0.717719950433705	0	0	0	0.6034241993062951	1.0108409354296737	-1.0462763175580974	NO	O95259
343	S	343	206.287	142.086	223.119	-0.77	0.683712121212121	0	0	0	0.6141375447936199	0.9408955140739557	-1.0894392516352747	NO	O95259
344	Q	344	205.726	141.914	219.34	-0.77	0.631118881118881	1	0	0	0.6034241993062951	0.663869926722312	-1.1363658411121174	NO	O95259
345	G	345	206.117	144.389	216.387	-0.77	0.635936582501468	0	0	1.2411468529436875	0.5897615048740266	0.2988715562213537	-1.0777830361780825	NO	O95259
346	I	346	206.547	142.632	212.936	-0.77	0.59051254089422	0	0	1.6710814986612244	0.4980040189819448	-0.03253747292227198	-0.8858647068919233	NO	O95259
347	S	347	203.148	140.819	213.087	-0.77	0.586637696903857	0	0	3.5262240636717164	0.16155990404431206	-0.17523161062744208	-0.45700222086868897	NO	O95259
348	S	348	200.884	143.796	214.203	-0.77	0.592775041050903	0	0	3.5262240636717164	0.16155990404431206	-0.1369108558680845	-0.5667834435601995	NO	O95259
349	L	349	202.546	146.222	211.754	-0.77	0.529947152084557	0	0	4.246711247067093	0.12811224349495676	-0.2322787439125506	-0.618292782883004	NO	O95259
350	F	350	202.171	143.554	209.041	-0.77	0.525932400932401	0	0	5.323223331619906	0.09677589706665705	-0.532877067133142	0.17784995444936977	NO	O95259
351	S	351	198.45	143.023	209.953	-0.77	0.548091603053435	0	0	6.751959906759757	0.027769261846890818	-0.40313101702759	0.301128195924702	YES	O95259
352	S	352	197.896	146.784	209.423	0.53	0.546007604562738	0	1	16.90047656661612	0.005942965447452805	-0.42364488007231915	0.2551436030524937	YES	O95259
353	L	353	198.945	146.392	205.742	0.85	0.512404580152672	0	0	33.62064472370805	0.0025251363133954904	-0.6256016563084027	0.6593735349208215	YES	O95259
354	K	354	195.564	144.605	205.135	2.15	0.547126436781609	0	1	16.90047656661612	0.005942965447452805	-0.4553327860060796	0.8471998981427673	YES	O95259
355	V	355	194.142	148.144	204.417	0.85	0.54980694980695	0	0	16.90047656661612	0.005942965447452805	-0.45942670068812413	0.7264688972945006	YES	O95259
356	V	356	195.406	147.693	200.81	1.5	0.490899062327634	1	0	11.285593320630943	0.011189632977803964	-0.6139851296067156	1.1547998196444367	YES	O95259
357	R	357	192.774	144.954	200.202	1.82	0.54980694980695	0	1	6.751959906759757	0.027769261846890818	-0.3809145470110915	1.2118027550230461	YES	O95259
358	L	358	190.29	147.816	199.496	0.85	0.54980694980695	0	0	5.323223331619906	0.09677589706665705	-0.4897422324923612	1.1639898674049889	NO	O95259
359	L	359	192.254	148.482	196.225	0.53	0.54980694980695	0	0	5.323223331619906	0.09677589706665705	-0.5189380284431836	1.2364839049555092	NO	O95259
360	R	360	191.029	145.06	194.948	0.53	0.553488372093023	0	0	3.5262240636717164	0.16155990404431206	-0.34567696361193484	1.324319247160895	NO	O95259
361	L	361	187.973	146.892	193.499	1.82	0.595330739299611	0	0	1.6710814986612244	0.4980040189819448	-0.49752252543967157	1.1377872032301022	NO	O95259
362	G	362	190.164	147.792	190.423	1.18	0.599330357142857	0	0	3.5262240636717164	0.16155990404431206	-0.5148529220017993	1.1244873661110308	NO	O95259
363	R	363	188.717	144.67	188.706	1.82	0.563137254901961	0	0	0	1	-0.3101713968256787	1.2748673341336647	NO	O95259
364	V	364	185.318	146.482	188.6	0.85	0.528543307086614	0	0	0	1	-0.35580495592982486	0.7571614398924548	NO	O95259
365	A	365	186.425	148.796	185.73	0.53	0.532114624505929	0	0	0	1	-0.4359448556714641	0.7471710915193099	NO	O95259
366	R	366	186.225	145.845	183.251	-0.45	0.527941176470588	2	0	0	1	-0.16201918220260653	0.7450119139823044	NO	O95259
367	K	367	182.431	145.632	183.72	1.18	0.53001968503937	0	0	0	1	-0.506662101863359	0.7810014777468469	NO	O95259
368	L	368	182.221	149.411	184.174	0.85	0.536354581673307	0	0	0	1	-0.6600610940863978	0.7669599536459657	NO	O95259
369	D	369	183.126	149.768	180.476	2.15	0.61790017211704	0	0	0	1	-0.6143004507526905	0.6345616784354816	NO	O95259
370	H	370	181.063	146.631	179.575	0.53	0.615428571428571	0	0	0	1	-0.5899363191248863	0.5159993835720267	NO	O95259
371	Y	371	177.831	147.79	181.325	0.53	0.615428571428571	0	0	11.285593320630943	0.011189632977803964	-0.8053362288215662	0.7053550198859689	YES	O95259
372	I	372	177.964	151.659	181.078	0.2	0.521358159912377	1	0	11.285593320630943	0.011189632977803964	-0.7759966367923168	0.7078848562334938	YES	O95259
373	E	373	176.09	151.462	177.722	0.2	0.472222222222222	0	0	10.089833683135112	0.1765265662172879	-0.8036821470939487	0.794241161826031	NO	O95259
374	Y	374	172.946	150.135	179.485	0.53	0.434174521131043	0	0	33.62064472370805	0.0025251363133954904	-0.6882166489006281	0.8326745219847299	YES	O95259
375	G	375	170.888	152.797	181.365	1.18	0.434174521131043	0	1	41.42461329675191	6.576425649722327e-6	-0.632047528104013	0.9633734640770164	YES	O95259
376	A	376	169.106	150.592	183.932	0.85	0.401574803149606	0	0	41.42461329675191	6.576425649722327e-6	-0.6798377667687758	0.9010828989941191	YES	O95259
377	A	377	172.179	148.731	185.291	1.5	0.428355957767722	0	0	23.98865201901325	6.962979171016599e-4	-0.8552157757523244	0.8475728469900682	YES	O95259
378	V	378	173.934	152.07	186.082	1.18	0.492466517857143	0	0	65.44240089229905	3.983796120861313e-8	-0.5729760588765139	1.0037810372634317	YES	O95259
379	L	379	171.183	152.766	188.668	2.15	0.486762272476558	0	2	65.44240089229905	3.983796120861313e-8	-0.4174287804841984	1.0956125188180759	YES	O95259
380	V	380	171.815	149.38	190.347	0.53	0.48489010989011	0	0	32.08712615838586	7.169463967890337e-5	-0.7979377661736443	1.0069525368841332	YES	O95259
381	L	381	175.566	150.136	190.355	0.53	0.48489010989011	0	0	82.5553665385718	1.7390726075545786e-6	-0.7470910292080508	0.8874485377434868	YES	O95259
382	L	382	174.972	153.579	191.959	1.18	0.367453157529493	0	0	65.44240089229905	3.983796120861313e-8	-0.40665075084187446	1.172296539497727	YES	O95259
383	V	383	172.747	151.952	194.651	1.18	0.365371269951423	0	1	63.93084998553605	2.1726377485082846e-5	-0.6597333869941796	1.1440185350925094	YES	O95259
384	C	384	175.534	149.385	195.308	0.85	0.397358490566038	0	0	162.25213016208448	5.238872019492726e-5	-0.9232032132420992	1.2402347047912214	YES	O95259
385	V	385	178.129	152.216	195.546	0.85	0.479835953520164	0	0	162.25213016208448	3.8400109043402085e-6	-0.6476163559673447	1.2694675010108059	YES	O95259
386	F	386	175.774	154.106	197.927	1.82	0.523880597014925	0	0	82.5553665385718	1.7390726075545786e-6	-0.6694207513900976	1.2459195107922234	YES	O95259
387	G	387	175.454	151.078	200.269	1.18	0.52	0	0	10.089833683135112	0.1765265662172879	-0.9177788359224653	1.3033992159134635	NO	O95259
388	L	388	179.218	150.479	200.109	1.18	0.325	0	0	3.378018805829266	0.32332777259597406	-0.8711595962118093	1.2418038398031375	NO	O95259
389	A	389	179.85	154.177	200.877	0.85	0.321428571428571	0	0	5.069503588574043	0.2533271973472818	-0.7776150085918765	1.2988409522242295	NO	O95259
390	A	390	177.398	153.992	203.794	1.5	0.32380073800738	0	0	3.378018805829266	0.32332777259597406	-0.7143707783607519	1.3251649250295556	NO	O95259
391	H	391	179.284	150.972	205.173	2.8	0.324074074074074	0	0	0	1	-0.6563861613757568	1.3843888363448233	NO	O95259
392	W	392	182.732	152.607	204.784	1.5	0.289711934156379	0	0	0	1	-0.4582966987571574	1.3074187757121514	NO	O95259
393	M	393	181.759	155.903	206.406	0.53	0.391111111111111	1	0	0	1	-0.36736299768761377	1.4386564511677866	NO	O95259
394	A	394	180.071	153.912	209.231	1.82	0.437422552664188	0	0	0	1	-0.41056556921665865	1.2447331302698632	NO	O95259
395	C	395	183.371	152.032	209.803	2.8	0.654981549815498	0	0	0	1	-0.24989790618726418	1.1721342452740664	NO	O95259
396	I	396	185.151	155.431	209.906	2.15	0.64963503649635	0	0	0	1	-0.04652774233735544	1.2510219172093597	NO	O95259
397	W	397	182.48	156.903	212.295	1.5	0.71658615136876	0	0	0	1	0.020393791816090624	1.1532976645650301	NO	O95259
398	Y	398	183.1	153.981	214.663	2.15	0.709987966305656	0	0	0	1	0.14139867454248872	1.0189746794215802	NO	O95259
399	S	399	186.918	154.427	214.438	0.53	0.855072463768116	0	0	0	1	0.3809573418264503	1.036152627036602	NO	O95259
400	I	400	186.501	158.13	215.354	1.5	0.879755623437934	1	0	0	1	0.586030842031743	0.993209371861093	NO	O95259
401	G	401	184.255	157.144	218.332	1.18	0.87410071942446	0	0	0	1	0.6163262974088991	0.6111429066879599	NO	O95259
402	D	402	186.791	154.56	219.594	-0.12	0.87410071942446	0	0	0	1	0.8095601645721546	0.5994574378576857	NO	O95259
403	Y	403	189.558	157.222	219.338	-0.12	0.870967741935484	0	0	0	1	1.074319685523569	0.5997483379585805	NO	O95259
404	E	404	187.574	160.013	221.07	0.85	0.800151975683891	0	0	0	1	1.1069926974551871	0.08495905226805216	NO	O95259
405	I	405	186.316	158.318	224.288	-0.12	0.861103560750204	0	0	0	1	1.128335615768878	-0.19157452624459592	NO	O95259
406	F	406	189.755	157.205	225.554	-0.12	0.885311871227364	0	0	0	1	1.3160221843352662	-0.43666840110714966	NO	O95259
407	D	407	191.934	159.909	223.918	-0.45	0.960174577195854	0	0	0	1	1.5093693074949008	-0.42161869898101045	NO	O95259
408	E	408	193.464	161.099	227.24	-0.45	0.891590678824722	1	0	0	1	1.550145383547074	-0.7380191773099621	NO	O95259
409	D	409	195.823	158.879	229.366	0.2	0.861103560750204	0	0	0	1	1.4525057888786785	-0.7380191773099621	NO	O95259
410	T	410	193.918	160.193	232.453	-0.77	0.856210926882305	1	0	0	1	1.4611155196187111	-0.9437004665964415	NO	O95259
411	K	411	191.018	157.946	231.299	-0.77	0.877766599597586	0	0	0	1	1.0520850340299688	-0.9595507926067322	NO	O95259
412	T	412	188.349	160.701	231.026	-0.77	0.877766599597586	0	0	0	1	1.1406661708292107	-0.8922924123290091	NO	O95259
413	I	413	185.038	159.48	229.417	-0.77	0.879699248120301	0	0	0	1	1.0637018793539468	-0.6089338650760523	NO	O95259
414	R	414	184.382	163.208	228.697	-0.77	0.829787234042553	2	0	0	1	1.1401556314895513	-0.45146393048626976	NO	O95259
415	N	415	180.515	163.314	228.85	-0.77	0.829787234042553	1	0	0	1	0.9768633617341735	-0.49084732876125103	NO	O95259
416	N	416	180.51	163.505	225.06	-0.77	0.751601423487545	0	0	0	1	0.805800861627575	-0.05496336347825436	NO	O95259
417	S	417	180.984	161.79	221.678	0.2	0.755395683453237	0	0	0	1	0.8896905316469528	0.06139667687964512	NO	O95259
418	W	418	178.294	160.003	219.715	2.8	0.762454873646209	0	0	0	1	0.5786415325003015	0.1803869880553513	NO	O95259
419	L	419	179.285	156.608	221.204	2.15	0.793615107913669	0	0	0	1	0.5052994540877552	-8.111908501549894e-4	NO	O95259
420	Y	420	178.799	157.725	224.832	-0.45	0.791967509025271	0	0	0	1	0.651642580368044	-0.41410244774772714	NO	O95259
421	Q	421	175.41	159.314	223.944	-0.77	0.78971119133574	0	0	0	1	0.46908981099162034	-0.4069789528984505	NO	O95259
422	L	422	174.299	156.004	222.379	-0.77	0.743257591845402	0	0	0	1	0.25756463240406857	-0.011701297191343057	NO	O95259
423	A	423	175.408	154.006	225.46	-0.77	0.795454545454546	0	0	0	1	0.4287769430344554	-0.5487115454807927	NO	O95259
424	M	424	173.374	156.392	227.634	-0.77	0.768	0	0	0	1	0.5152597589237393	-0.6240300260527617	NO	O95259
425	D	425	170.278	156.055	225.339	-0.45	0.767391304347826	0	0	0	1	0.4068419669908889	-0.47220537093807513	NO	O95259
426	I	426	170.037	152.251	224.801	-0.77	0.686733556298774	1	0	0	1	0.28396639312079236	-0.5982124317888523	NO	O95259
427	G	427	170.995	151.366	228.384	-0.77	0.686733556298774	0	0	0	1	0.3618148101195944	-1.020830950078871	NO	O95259
428	T	428	174.246	149.85	229.679	-0.77	0.734098018769552	0	0	0	1	0.40532422529094886	-0.9376711268984091	NO	O95259
429	P	429	176.547	152.876	230.451	-0.77	0.775824175824176	0	0	0	1	0.47281686707424814	-0.997964523878731	NO	O95259
430	Y	430	180.289	152.594	231.199	-0.77	0.697416974169742	0	0	0	1	0.6453471528060367	-1.0035380372078397	NO	O95259
431	Q	431	181.719	151.794	234.659	-0.77	0.645220588235294	0	0	0	1	0.4704231984570994	-1.231776811933054	NO	O95259
432	F	432	184.929	150.695	236.439	-0.77	0.649446494464945	0	0	0	1	0.4501727032565221	-1.2692848102901793	NO	O95259
433	N	433	186.263	148.358	239.197	-0.77	0.65	0	0	0	1	0.22832021947316977	-1.2692848102901793	NO	O95259
434	G	434	189.343	146.436	240.379	-0.77	0.650557620817844	1	0	0	1	0.2816604746561087	-1.2692848102901793	NO	O95259
435	S	435	192.993	147.11	241.267	-0.77	0.705643798580602	0	0	0	1	0.3205767059090106	-1.2692848102901793	NO	O95259
436	G	436	193.459	150.897	241.602	-0.77	0.754646840148699	0	0	0	1	0.3205767059090106	-1.2692848102901793	NO	O95259
437	S	437	190.007	151.35	239.986	-0.77	0.710929519918284	0	0	0	1	0.39104366238915317	-1.2692848102901793	NO	O95259
438	G	438	191.789	150.638	236.679	-0.77	0.649253731343284	0	0	0	1	0.5452142340155879	-1.1840127202751527	NO	O95259
439	K	439	189.248	148.411	234.903	-0.77	0.715015321756895	0	0	0	1	0.32588725575741756	-1.2692848102901793	NO	O95259
440	W	440	186.852	149.629	232.227	-0.77	0.648148148148148	0	0	0	1	0.5616225581347746	-1.1892872825441234	NO	O95259
441	E	441	183.564	147.812	231.702	-0.77	0.651851851851852	0	0	0	1	0.23428933401817403	-1.1810824079035023	NO	O95259
442	G	442	182.049	148.078	228.213	-0.77	0.546778190830236	0	0	0	1	0.38827143662116675	-0.8704160181018028	NO	O95259
443	G	443	178.593	149.509	227.501	-0.77	0.540747549019608	1	0	0	1	0.2972706781223027	-0.8706349228600012	NO	O95259
444	P	444	176.966	148.785	224.11	-0.45	0.540747549019608	1	0	0	1	0.2147612838061726	-0.5515223767286442	NO	O95259
445	S	445	177.154	145.465	222.212	0.2	0.546778190830236	1	0	0	1	0.05834230549834292	-0.31927753940112025	NO	O95259
446	K	446	179.572	145.05	219.249	-0.12	0.546778190830236	0	0	0	1	-0.002298121417295958	0.25096124812204723	NO	O95259
447	N	447	176.793	144.075	216.78	0.2	0.598710990502035	0	0	0	1	-0.17364032694631643	0.47604586716944336	NO	O95259
448	S	448	174.431	146.967	217.782	0.53	0.594276094276094	0	0	0	1	-0.01537650523439394	0.3669723149156865	NO	O95259
449	V	449	177.128	149.673	217.514	-0.12	0.651291512915129	0	0	0	1	0.14338974950699754	0.5935946819781147	NO	O95259
450	Y	450	177.812	148.81	213.839	2.8	0.592083193559208	0	0	0	1	-0.24255020319176052	1.0295718844729367	NO	O95259
451	I	451	174.049	148.988	212.98	0.85	0.595437772559544	1	0	0	1	-0.3837506067513566	1.0454744233218496	NO	O95259
452	S	452	173.701	152.35	214.783	0.2	0.549382716049383	0	0	0	1	-0.23042131942175054	0.7502331978445177	NO	O95259
453	S	453	176.778	153.666	212.963	1.5	0.603799185888738	0	0	0	1	-0.2613929707342744	1.1259842013495225	NO	O95259
454	L	454	175.354	152.531	209.592	1.5	0.61308840413318	0	0	0	1	-0.7923785010661609	1.2676094939147684	NO	O95259
455	Y	455	172.018	154.207	210.45	2.15	0.610809265084358	0	0	0	1	-0.8269448009633958	1.1794600262031925	NO	O95259
456	F	456	173.842	157.508	211.224	1.18	0.525925925925926	0	0	0	1	-0.5730838702969787	1.244400500216865	NO	O95259
457	T	457	175.758	157.298	207.913	1.5	0.522509225092251	0	0	0	1	-0.6824387675059659	1.3630147931633732	NO	O95259
458	M	458	172.497	156.602	206.05	0.85	0.51970802919708	0	0	0	1	-0.7483040011213857	1.2031174147503165	NO	O95259
459	T	459	170.763	159.615	207.726	0.2	0.460662525879917	0	0	0	1	-0.67354766978183	1.0682253685753431	NO	O95259
460	S	460	173.743	161.825	206.743	-0.12	0.370909090909091	0	0	1.6710814986612244	0.4980040189819448	-0.45631941318888863	1.1760834047164752	NO	O95259
461	L	461	173.854	160.527	203.13	2.15	0.30235822571589	0	0	4.246711247067093	0.12811224349495676	-0.514843461544464	1.3419751503349233	NO	O95259
462	T	462	170.13	160.38	202.254	1.18	0.304311073541843	0	0	16.90047656661612	0.005942965447452805	-0.41350511403669327	1.3115585079171923	YES	O95259
463	S	463	169.475	163.876	203.737	1.5	0.375391032325339	0	0	5.069503588574043	0.2533271973472818	-0.37754835417020016	1.1977718146056695	NO	O95259
464	V	464	167.027	162.531	206.368	2.15	0.37132542547705	1	0	0	1	-0.7484069262423382	1.2147409871578632	NO	O95259
465	G	465	169.012	163.752	209.456	2.8	0.36734693877551	0	0	0	1	-0.8460198879487805	1.1054110325715867	NO	O95259
466	F	466	166.967	162.214	212.372	-0.77	0.397022332506204	0	0	0	1	-1.1079516973905146	0.9851251571416575	NO	O95259
467	G	467	169.594	163.167	215.007	0.53	0.46377183967112	0	0	0	1	-0.594354144746271	0.6694098547937241	NO	O95259
468	N	468	169.337	160.412	217.684	0.2	0.524087591240876	0	0	0	1	-0.24053438211443848	0.37935989195462416	NO	O95259
469	I	469	172.981	159.85	216.792	0.85	0.561522419186653	1	0	0	1	-0.022537151446287738	0.5043355911907517	NO	O95259
470	A	470	174.403	163.248	215.845	0.2	0.561522419186653	0	0	0	1	-0.048035394692132874	0.6875777914979565	NO	O95259
471	P	471	177.853	164.964	215.815	1.5	0.60471645143178	0	0	0	1	0.15220158381012056	0.6911975891335246	NO	O95259
472	S	472	178.909	166.876	218.947	-0.12	0.606931530008453	0	0	0	1	0.42991813273210344	0.4547234491971293	NO	O95259
473	T	473	182.743	167.006	219.117	0.53	0.657509157509158	0	0	0	1	0.7262907453993017	0.37733096914947056	NO	O95259
474	D	474	185.413	168.802	217.005	0.53	0.654545454545455	0	0	0	1	0.5524234762536055	0.8439530493545001	NO	O95259
475	I	475	186.763	165.992	214.72	-0.45	0.651624548736462	0	0	0	1	0.5931266843287925	0.9741623414453655	NO	O95259
476	E	476	183.294	164.334	214.697	2.15	0.714801444043321	0	0	0	1	0.5455167188769288	0.793420674361969	NO	O95259
477	K	477	181.631	167.539	213.371	0.53	0.714801444043321	0	0	0	1	0.3643034523403487	0.897388157308125	NO	O95259
478	I	478	184.345	168	210.667	1.18	0.714801444043321	1	0	0	1	0.39404729345977707	1.00756790248218	NO	O95259
479	F	479	183.769	164.38	209.584	1.82	0.722627737226277	0	0	0	1	0.21086713261247328	1.0682253685753431	NO	O95259
480	A	480	179.988	164.996	209.559	0.85	0.662408759124088	0	0	0	1	-0.14283538376406685	1.137354101342914	NO	O95259
481	V	481	180.39	168.096	207.332	1.82	0.664835164835165	0	0	0	1	0.05661484978651381	1.0298382765067229	NO	O95259
482	A	482	182.617	166.051	204.981	1.18	0.66	2	0	2.01403195917021	0.44516233676951794	0.06136841989818335	1.2156733592761155	NO	O95259
483	I	483	180.08	163.156	204.693	0.2	0.78695652173913	1	0	2.01403195917021	0.44516233676951794	-0.3136502134203276	1.2748673341336647	NO	O95259
484	M	484	177.233	165.69	204.136	1.82	0.71603305785124	0	0	1.6710814986612244	0.4980040189819448	-0.24759568248149555	1.3042165597473951	NO	O95259
485	M	485	179.241	167.287	201.269	1.82	0.649280575539568	0	0	2.5268705724966707	0.38709793015237437	0.14105727833847975	1.3346832993385216	NO	O95259
486	I	486	179.975	163.851	199.706	0.85	0.64568345323741	0	0	5.323223331619906	0.09677589706665705	-0.14306976688550382	1.2906360775836085	NO	O95259
487	G	487	176.413	162.611	200.366	2.47	0.812952898550725	0	0	6.751959906759757	0.027769261846890818	-0.2990067843377438	1.3049284398608194	YES	O95259
488	S	488	174.593	165.542	198.787	1.18	0.717426059152678	0	0	8.457407464732077	0.01843503099590792	0.03432116007421979	1.315250701505472	NO	O95259
489	L	489	176.641	165.062	195.603	0.85	0.722624798711755	0	1	21.43950593775959	1.8022499639420487e-4	0.26228946163481387	1.4241704123597172	NO	O95259
490	L	490	176.113	161.256	195.627	1.5	0.720016044925792	0	0	82.5553665385718	1.7390726075545786e-6	-0.20274595114049138	1.2677796410847353	YES	O95259
491	Y	491	172.344	161.777	196.177	1.5	0.939940925500492	0	0	43.803357531726384	1.3907080478351902e-7	-0.19651397018307454	1.3115585079171923	YES	O95259
492	A	492	172.336	164.312	193.302	1.82	0.934689858877585	0	0	63.93084998553605	2.1726377485082846e-5	0.20471601022723954	1.4863809440098552	NO	O95259
493	T	493	174.151	161.864	190.925	0.85	0.850657108721625	0	1	130.15843452386054	8.366973674857335e-9	0.16607998362515883	1.3074187757121518	NO	O95259
494	I	494	171.567	159.146	191.797	1.5	0.806818181818182	0	1	130.15843452386054	8.366973674857335e-9	-0.1889694645431342	1.3033992159134635	YES	O95259
495	F	495	168.747	161.659	191.117	1.5	0.803946942736978	0	0	130.15843452386054	8.366973674857335e-9	0.15482409971871947	1.3573546634770801	NO	O95259
496	G	496	170.307	162.707	187.768	2.8	0.806818181818182	0	2	161.25213016208448	4.992267914183458e-10	0.19041110107465717	1.3359788058607251	NO	O95259
497	N	497	170.631	159.063	186.752	0.53	0.739027283511269	0	0	81.16871840936548	2.6256448680234846e-9	-0.22624110323361477	1.1263807987204049	YES	O95259
498	V	498	166.954	158.327	187.679	1.5	0.632978723404255	1	0	161.25213016208448	4.992267914183458e-10	-0.1696676040848556	1.247828035980368	YES	O95259
499	T	499	165.87	161.393	185.619	0.53	0.564650059311981	0	0	43.803357531726384	1.3907080478351902e-7	-0.022441958134241623	1.2724989862727618	YES	O95259
500	T	500	167.922	160.277	182.556	0.85	0.570743405275779	0	0	43.803357531726384	1.3907080478351902e-7	-0.22905714406294037	1.1860239259156893	YES	O95259
501	I	501	166.44	156.726	182.765	1.82	0.566666666666667	0	0	35.063837609886946	1.7087539667865725e-6	-0.3941640191837531	1.1833866447812038	YES	O95259
502	F	502	162.894	158.172	182.958	1.5	0.562647754137116	0	0	27.692652249267454	1.864825142340288e-5	-0.38340010159288007	1.0840027872921767	YES	O95259
503	Q	503	163.591	160.497	180.019	0.85	0.564650059311981	0	1	16.018573055818596	0.0015291022869986645	-0.45836619408139817	0.8817598246593229	YES	O95259
504	Q	504	165.083	157.786	177.77	0.53	0.563068406484777	0	0	7.106986254259657	0.06824714237037267	-0.592726392940993	0.7265509460409069	NO	O95259
505	M	505	161.995	155.523	178.052	1.5	0.569144684252598	0	0	7.106986254259657	0.06824714237037267	-0.6298888000374728	0.7760365962171529	NO	O95259
506	Y	506	159.415	158.371	177.83	0.85	0.572121212121212	2	0	5.069503588574043	0.2533271973472818	-0.6419650909745087	0.7760365962171529	NO	O95259
507	A	507	161.195	159.855	174.723	1.5	0.513454545454546	0	0	5.069503588574043	0.2533271973472818	-0.5652707015977686	0.7730050156973646	NO	O95259
508	N	508	159.565	157.377	172.284	0.53	0.513454545454546	0	0	3.378018805829266	0.32332777259597406	-0.6017362671466809	0.7484306117492299	NO	O95259
509	T	509	155.974	158.022	173.509	0.53	0.512635379061372	0	0	7.106986254259657	0.06824714237037267	-0.6388890967185265	0.6260412316932982	NO	O95259
510	N	510	156.18	161.753	174.425	0.2	0.509352517985612	0	0	10.650613104983444	0.043325471601204764	-0.6686177007389772	0.585499498174935	YES	O95259
511	R	511	157.078	162.797	170.831	-0.45	0.509747292418773	0	0	10.650613104983444	0.043325471601204764	-0.7365926942418941	0.5487786621607826	YES	O95259
512	Y	512	154.025	160.818	169.583	2.15	0.511191335740072	0	0	3.378018805829266	0.32332777259597406	-0.9345346052157018	0.4721998321816523	NO	O95259
513	H	513	151.804	162.598	172.153	1.18	0.50752688172043	0	0	5.069503588574043	0.2533271973472818	-0.9710043158735463	0.5372990349223697	NO	O95259
514	E	514	153.26	165.965	171.052	0.2	0.420238095238095	0	0	5.069503588574043	0.2533271973472818	-0.9239471805217883	0.3275889166407051	NO	O95259
515	M	515	152.693	165.08	167.355	0.53	0.476534296028881	0	0	162.25213016208448	0.09230769230769233	-1.3271964412646016	0.4869686065347703	NO	O95259
516	L	516	149.101	163.999	168.178	0.2	0.48	0	1	162.25213016208448	0.09230769230769233	-1.7523973147573924	0.7084467117795363	NO	O95259
517	N	517	148.476	167.313	170.014	-0.12	0.474820143884892	0	0	162.25213016208448	0.09230769230769233	-1.8269669859398303	0.5050193307441367	NO	O95259
518	S	518	149.96	169.318	167.057	-0.12	0.422062350119904	0	0	162.25213016208448	0.09230769230769233	-1.9865436468507436	0.5623327933072989	NO	O95259
519	V	519	147.61	167.5	164.65	1.18	0.472122302158273	0	0	162.25213016208448	0.09230769230769233	-2.494430226455952	0.8265478557234766	NO	O95259
520	R	520	144.595	168.221	166.928	0.2	0.470430107526882	0	0	162.25213016208448	0.09230769230769233	-2.7913174050737317	0.7101411967596647	NO	O95259
521	D	521	145.54	171.921	167.187	-0.12	0.470430107526882	0	0	162.25213016208448	0.09230769230769233	-2.695064965863656	0.5630567528344125	NO	O95259
522	F	522	145.898	172.105	163.351	2.15	0	0	0	162.25213016208448	0.09230769230769233	-2.855498778143657	0.6803381962268202	NO	O95259
523	L	523	142.453	170.474	162.898	2.15	0	0	0	162.25213016208448	0.09230769230769233	-3.2794891676360884	0.6719139399113162	NO	O95259
524	K	524	140.951	172.933	165.419	0.53	0	0	0	0	1	-3.220673771623326	0.6803381962268202	NO	O95259
525	L	525	142.672	175.938	163.741	0.85	0	0	0	0	1	-3.1863874758294672	0.8816546339588021	NO	O95259
526	Y	526	141.673	175.298	160.108	1.18	0	0	0	0	1	-3.397096272084029	0.9119495557087878	NO	O95259
527	Q	527	138.165	174.253	161.238	0.53	0	0	0	0	1	-3.6663476263522234	0.7552680072830807	NO	O95259
528	V	528	138.109	170.782	159.655	2.15	0	0	0	0	1	-3.619857955402474	0.8313790154625266	NO	O95259
529	P	529	134.642	169.021	159.647	1.5	0	0	0	0	1	-4.102508269259107	0.9258121873131339	NO	O95259
530	K	530	133.969	166.752	162.648	0.2	0	0	0	0	1	-3.898966635902561	0.8057279863229007	NO	O95259
531	G	531	133.919	163.368	160.822	-0.45	0	0	0	0	1	-3.939189369559939	0.878814485044741	NO	O95259
532	L	532	136.963	164.037	158.599	0.85	0	0	0	0	1	-3.541723965169901	1.0498742873478826	NO	O95259
533	S	533	138.946	165.236	161.641	0.53	0	0	0	0	1	-3.3959842200693813	0.9437936495937157	NO	O95259
534	E	534	137.915	162.149	163.701	0.2	0	0	0	0	1	-3.3151185238383727	0.9473988217842918	NO	O95259
535	R	535	138.844	159.799	160.783	2.15	0	0	0	0	1	-2.5400822980599393	1.0866863365167407	NO	O95259
536	V	536	142.335	161.386	160.489	1.82	0	0	0	162.25213016208448	0.09230769230769233	-2.713218156758954	0.9337240307165899	NO	O95259
537	M	537	142.826	160.99	164.273	0.2	0	0	0	162.25213016208448	0.09230769230769233	-2.5994320108440268	0.7254843123376261	NO	O95259
538	D	538	141.757	157.303	164.178	0.85	0.327137546468401	0	0	162.25213016208448	0.09230769230769233	-2.191524465537653	0.7448067921162889	NO	O95259
539	Y	539	144.242	156.683	161.318	2.47	0.327425373134328	0	0	162.25213016208448	0.09230769230769233	-1.6248488921598825	0.9085966021296878	NO	O95259
540	I	540	147.094	158.32	163.347	1.5	0.327425373134328	0	0	162.25213016208448	0.09230769230769233	-1.6389887779847632	0.5725517604784798	NO	O95259
541	V	541	146.176	156.18	166.4	0.53	0.259259259259259	0	0	162.25213016208448	0.09230769230769233	-1.6699016650722782	0.6713545166403648	NO	O95259
542	S	542	145.928	153.014	164.212	0.2	0.432098765432099	0	0	0	1	-1.3143142519516595	0.8654184493334192	NO	O95259
543	T	543	149.344	153.509	162.525	0.2	0.3690036900369	0	0	10.089833683135112	0.1765265662172879	-0.953712112160967	0.708602782764548	NO	O95259
544	W	544	150.961	153.977	165.949	1.82	0.481158088235294	0	0	10.089833683135112	0.1765265662172879	-1.09691402846379	0.562266978804834	NO	O95259
545	S	545	149.231	150.898	167.454	-0.45	0.484317343173432	0	0	0	1	-1.0801484427015922	0.6457329308307889	NO	O95259
546	M	546	150.258	148.692	164.501	-0.77	0.480769230769231	0	0	0	1	-0.8857617316203972	0.698244128530764	NO	O95259
547	S	547	153.848	149.979	164.019	0.53	0.550573514077164	0	0	0	1	-0.6451761021648823	0.4115423660884891	NO	O95259
548	R	548	154.678	150.642	167.71	0.53	0.550573514077164	0	0	0	1	-0.7479689011735827	0.5514281529301499	NO	O95259
549	G	549	156.6	153.794	166.698	0.85	0.734098018769552	0	0	0	1	-0.695690984483001	0.5698556770890448	NO	O95259
550	I	550	158.861	152.432	163.944	0.85	0.63768115942029	1	0	0	1	-0.3547889937058475	0.6557235723049568	NO	O95259
551	D	551	159.777	154.222	160.705	1.82	0.71573398215734	0	0	0	1	-0.22999859140069603	0.5390695605027144	NO	O95259
552	T	552	160.202	151.478	158.08	0.53	0.709987966305656	0	0	0	1	-0.054795064745420764	0.7831059748137595	NO	O95259
553	E	553	162.138	153.619	155.552	-0.12	0.640794223826715	1	0	0	1	0.17148837095775257	0.8585126798442297	NO	O95259
554	K	554	164.599	154.716	158.242	0.2	0.641304347826087	0	0	0	1	-0.05295221009930526	0.878814485044741	NO	O95259
555	V	555	165.204	151.079	159.375	2.15	0.645454545454546	0	0	0	1	-0.14540744718634271	1.024490456428461	NO	O95259
556	L	556	165.832	150.051	155.741	2.15	0.637992831541219	0	0	0	0.6029950047167999	-0.2279160140866406	0.801273911517992	NO	O95259
557	Q	557	168.287	152.97	155.296	0.2	0.576298701298701	1	0	0	1	-0.2522770886956669	0.8133858693208136	NO	O95259
558	I	558	170.225	151.896	158.441	-0.45	0.578809679529104	0	0	0	1	-0.31379903984369306	0.9378264680369006	NO	O95259
559	C	559	170.623	148.372	156.942	1.5	0.530575539568345	1	0	0	1	-0.3604680742737122	0.7722810561702509	NO	O95259
560	P	560	173.267	147.991	154.13	1.5	0.533573141486811	0	0	0	1	-0.46859388513132566	0.8959230011222998	NO	O95259
561	K	561	172.453	147.33	150.427	0.2	0.494307136906415	1	0	0	0.6029950047167999	-0.3233585520635376	0.6752704795370249	NO	O95259
562	D	562	172.151	143.503	150.128	0.2	0.490763716570168	1	0	0.9824414423110819	1	-0.19451111097333995	0.7257952339029549	NO	O95259
563	M	563	170.537	143.13	153.587	1.82	0.457348406988695	1	0	0.9824414423110819	1	-0.262061722640349	0.7465233382582083	NO	O95259
564	R	564	168.016	145.905	152.765	1.5	0.529199405393927	1	0	0.8096400303310054	0.9999999999999999	-0.10194016626378558	0.5984728529008113	NO	O95259
565	A	565	167.167	144.129	149.49	0.2	0.576489533011272	0	0	0.8881965709895637	1	0.04953313911014351	0.8297956186020559	NO	O95259
566	D	566	166.689	140.777	151.328	0.53	0.572342126298961	1	0	0.9824414423110819	1	-0.03988981966966317	0.8265478557234766	NO	O95259
567	I	567	164.455	142.495	153.979	2.15	0.574408343361412	0	0	0.8096400303310054	0.9999999999999999	-0.08997709779238922	0.7723089007674476	NO	O95259
568	C	568	162.376	143.957	151.096	0.85	0.612198365950979	0	0	0.6860403060169344	1	0.04687864326973281	0.7871551337273127	NO	O95259
569	V	569	162.113	140.487	149.438	1.18	0.609996213555471	0	1	1.0974579084629144	1	0.24751488152876097	0.8645484496948016	NO	O95259
570	H	570	160.918	139.025	152.782	-0.12	0.609996213555471	0	0	1.4255836059815363	0.5460674639730352	0.12722700875397666	0.8266504166564843	NO	O95259
571	L	571	158.304	141.814	153.216	1.18	0.648550724637681	0	0	1.2411468529436875	0.5897615048740266	0.0491526433955255	0.8098021309720366	NO	O95259
572	N	572	156.888	141.227	149.734	0.53	0.687668075297733	0	0	1.2411468529436875	0.5897615048740266	0.008476116349884325	0.8180352982838323	NO	O95259
573	R	573	156.984	137.383	150.025	0.53	0.655677655677656	1	0	1.4255836059815363	0.5460674639730352	0.22255106136493735	0.77520585265979	NO	O95259
574	K	574	153.162	137.34	149.864	0.2	0.698745674740485	0	0	2.01403195917021	0.44516233676951794	-0.18034397495518742	0.6506558556151616	NO	O95259
575	V	575	153.29	139.022	146.397	1.18	0.656934306569343	0	0	1.6710814986612244	0.4980040189819448	-0.1712007028584341	0.8376586234659844	NO	O95259
576	F	576	156.074	136.969	144.834	1.5	0.725252525252525	0	0	1.0974579084629144	1	0.2764603783501518	0.7526874418719176	NO	O95259
577	K	577	155.077	133.495	146.058	0.53	0.717426059152678	0	0	1.6710814986612244	0.4980040189819448	0.2799252536312253	0.6475790276249286	NO	O95259
578	E	578	151.279	133.792	145.396	-0.45	0.717426059152678	0	0	0	1	0.025327503719045744	0.5872731990163633	NO	O95259
579	H	579	151.212	135.502	141.957	0.53	0.720016044925792	1	0	0	1	-0.32220243881695726	0.5635930191507931	NO	O95259
580	P	580	152.039	133.535	138.745	-0.12	0.72463768115942	2	0	0	1	-0.5023540005860304	0.4136063252372167	NO	O95259
581	A	581	153.936	136.537	137.297	0.85	0.749716016660356	0	0	0	0.6034241993062951	-0.48927909572007056	0.5407691416782716	NO	O95259
582	F	582	156.977	136.401	139.591	2.8	0.719424460431655	0	0	0.7431042409756407	1	-0.050821586167506705	0.572047863090501	NO	O95259
583	R	583	157.506	132.614	139.687	-0.12	0.72463768115942	1	0	0	0.6029950047167999	-0.011851699563094656	0.6699959172680542	NO	O95259
584	L	584	159.626	132.809	136.487	-0.45	0.725274725274725	1	0	0	0.6034241993062951	-0.34002408092941383	0.5434796806220482	NO	O95259
585	A	585	161.374	135.998	137.684	2.15	0.727289377289377	0	0	0	0.6141375447936199	-0.22492922124566178	0.7677875142778215	NO	O95259
586	S	586	165.136	135.975	138.317	0.53	0.722	1	0	0	1	-0.32321443062893235	0.9424417100222499	NO	O95259
587	D	587	166.564	136.58	141.821	-0.12	0.692656549799407	0	0	1.4255836059815363	0.5460674639730352	0.23434481007786884	0.916234692666845	NO	O95259
588	G	588	168.191	139.907	140.749	1.18	0.727289377289377	0	0	1.2411468529436875	0.5897615048740266	-0.0032221890322686074	0.8024460364666521	NO	O95259
589	C	589	164.88	140.939	139.186	1.5	0.727941176470588	0	0	1.0974579084629144	1	-0.2761898612355945	0.8289133740170428	NO	O95259
590	L	590	163.04	140.043	142.433	2.15	0.688216892596455	0	0	0.9824414423110819	1	0.11000510728932437	0.8913723983804427	NO	O95259
591	R	591	165.613	142.072	144.422	-0.12	0.69327731092437	2	0	0.8881965709895637	1	0.0807027629022583	0.926339643540031	NO	O95259
592	A	592	165.152	145.062	142.05	0.53	0.725919117647059	0	0	0.9824414423110819	1	-0.3625307399954602	0.751893421745406	NO	O95259
593	L	593	161.328	144.868	142.263	1.82	0.754876120189773	0	0	0.9824414423110819	1	-0.4115196508556392	0.7999629822990957	NO	O95259
594	A	594	161.413	144.487	146.048	0.85	0.786813186813187	0	0	0.9824414423110819	1	-0.18377383744730988	0.8558885983150221	NO	O95259
595	M	595	163.251	147.81	146.506	0.2	0.733251633986928	1	0	0.8096400303310054	0.9999999999999999	-0.26170992966550677	0.7621675609581485	NO	O95259
596	E	596	160.568	149.755	144.593	-0.12	0.800689375506894	1	0	0.8881965709895637	1	-0.49518508852018794	0.5792734462417578	NO	O95259
597	F	597	157.569	147.962	146.197	1.82	0.800689375506894	0	0	0.9824414423110819	1	-0.3677819565220954	0.7371489091183758	NO	O95259
598	Q	598	155.644	150.006	148.769	1.5	0.763447079236553	0	0	1.4255836059815363	0.5460674639730352	-0.40457002523821395	0.6846070610246282	NO	O95259
599	T	599	153.048	148.584	151.178	0.53	0.725274725274725	1	0	0	1	-0.1978621621412502	0.6490678153621381	NO	O95259
600	V	600	149.853	150.346	152.286	0.2	0.725274725274725	0	0	0	1	-0.3771304714182953	1.1256269320333392	NO	O95259
601	H	601	147.513	149.499	155.172	0.2	0.725274725274725	0	0	0	1	-0.5593374491958721	0.9974583247999862	NO	O95259
602	C	602	144.113	150.89	154.099	1.18	0.725274725274725	0	0	0	1	-0.6414974615983429	1.126128341039155	NO	O95259
603	A	603	141.23	151.364	156.539	0.53	0.730627306273063	0	0	0	1	-0.9837068108442083	1.2733146755645195	NO	O95259
604	P	604	137.568	150.203	156.22	2.8	0.727941176470588	0	0	0	1	-0.8431002384175776	1.2757647422974825	NO	O95259
605	G	605	135.669	152.666	153.964	1.5	0.725274725274725	0	0	0	1	-0.8669148484942235	1.4875530689585152	NO	O95259
606	D	606	138.955	154.29	152.896	2.15	0.727941176470588	0	0	0	1	-0.9222406543835824	1.325191222704686	NO	O95259
607	L	607	139.288	154.714	149.106	0.85	0.662361623616236	0	0	0	1	-0.5278982669608338	1.2591840581278941	NO	O95259
608	I	608	142.597	154.269	147.279	2.15	0.632165916650362	1	0	0	1	-0.7191866560262328	1.1366283630454632	NO	O95259
609	Y	609	141.826	155.518	143.778	1.18	0.629824561403509	0	0	0	1	-0.8809286777220198	1.2010234623680747	NO	O95259
610	H	610	139.169	158.129	143.062	1.82	0.629824561403509	0	0	0	1	-1.042259130737481	1.264951252621664	NO	O95259
611	A	611	137.464	158.678	139.698	-0.12	0.555727554179567	2	0	0	1	-1.1297727847246866	0.7424873371698054	NO	O95259
612	G	612	139.59	161.18	137.701	2.8	0.537540106951872	0	0	0	1	-1.272614348767637	0.7272346855942919	NO	O95259
613	E	613	142.841	160.546	139.635	0.53	0.534100596760443	0	0	0	1	-1.1246661874229835	0.8721874709119316	NO	O95259
614	S	614	146.036	159.461	137.82	0.85	0.532172435761308	0	0	0	1	-1.295680423128356	0.5989651453792485	NO	O95259
615	V	615	146.665	155.692	137.594	1.5	0.553893759669933	1	0	0	1	-1.4276946732719848	0.5710001976457982	NO	O95259
616	D	616	150.446	155.685	138.324	0.53	0.559958289885297	0	0	0	1	-1.6247513507983933	0.30128699995000435	NO	O95259
617	S	617	150.812	152.354	140.133	0.2	0.561522419186653	1	0	0	1	-1.2403638651207987	0.5046774609674443	NO	O95259
618	L	618	149.539	148.783	139.927	0.85	0.61141072949191	0	0	0	1	-1.2398039250925004	0.5765043010505482	NO	O95259
619	C	619	148.462	147.302	143.224	1.5	0.615956534172148	0	0	0	1	-1.0337699960558813	0.8496240656502235	NO	O95259
620	F	620	148.452	143.742	144.524	1.5	0.611965811965812	0	0	0	1	-0.7512559705898948	0.830870066471661	NO	O95259
621	V	621	146.002	142.691	147.232	2.15	0.723893207164583	0	0	0	1	-0.8274059549616328	0.8863408796670029	NO	O95259
622	V	622	147.779	140.288	149.617	0.2	0.663568773234201	0	0	0	1	-0.5705397541469988	0.8479457958373692	NO	O95259
623	S	623	144.953	140.395	152.186	-0.12	0.667910447761194	0	0	0	1	-0.7126770780874532	0.9057142862537799	NO	O95259
624	G	624	141.569	142.053	152.809	2.8	0.602693602693603	0	0	0	1	-0.9006450482860245	0.9838323722718118	NO	O95259
625	S	625	138.727	142.856	150.426	-0.12	0.603244339303819	0	0	0	1	-0.8716350049682484	1.1627146229593792	NO	O95259
626	L	626	137.978	145.869	148.192	1.5	0.658671586715867	0	0	0	1	-0.9941202716095535	1.2024336751969313	NO	O95259
627	E	627	135.077	147.179	146.07	0.53	0.442379182156134	0	0	0	1	-1.213878454894307	1.2084666712562115	NO	O95259
628	V	628	135.243	149.042	142.746	2.15	0.439114391143911	0	0	0	1	-1.3809709587406747	0.8489403260968384	NO	O95259
629	I	629	132.487	151.657	142.331	2.15	0.491236162361624	0	0	0	1	-1.3927338876144544	0.7802928749369751	NO	O95259
630	Q	630	131.622	153.25	138.946	0.53	0.436274509803922	0	0	0	1	-1.066856664045137	0.28652917759863133	NO	O95259
631	D	631	128.63	155.639	138.564	0.2	0.261992619926199	0	0	0	1	-1.050078744977658	0.3072818519051679	NO	O95259
632	D	632	127.614	154.857	142.206	-0.12	0.261992619926199	0	0	0	1	-1.454886104657044	0.5275827360058447	NO	O95259
633	E	633	127.324	151.097	141.476	-0.12	0	0	0	0	1	-1.2603605955724622	0.3078972175032144	NO	O95259
634	V	634	129.561	148.158	142.502	0.53	0.263468634686347	0	0	0	1	-1.4800775400980524	0.6672707267624193	NO	O95259
635	V	635	131.32	146.744	139.412	0.2	0.26542750929368	0	0	0	1	-1.3568756025336863	0.4314033721630084	NO	O95259
636	A	636	133.975	144.481	140.92	0.85	0.263703703703704	0	0	0	1	-1.4863028793269213	0.7884030779471275	NO	O95259
637	I	637	134.946	142.894	144.247	0.53	0.265671641791045	0	0	0	1	-1.5350496129042006	1.0144599971803017	NO	O95259
638	L	638	138.683	142.392	144.715	2.8	0.265917602996255	0	0	0	1	-1.3103957494114322	1.067294563469054	NO	O95259
639	G	639	139.904	139.812	147.256	0.53	0.332397003745318	0	0	0	1	-1.2651410352839978	1.0964540444222421	NO	O95259
640	K	640	143.018	137.919	148.264	0.2	0.332089552238806	0	0	0	1	-0.9292692130515232	0.9110028394041007	NO	O95259
641	G	641	145.552	137.454	145.43	1.5	0.334586466165414	0	0	0	1	-0.7813402673091344	0.7641138877550003	NO	O95259
642	D	642	143.986	140.138	143.246	0.2	0.444444444444444	0	0	0	1	-1.0036499439840125	0.7839264622778216	NO	O95259
643	V	643	145.577	142.821	141.017	1.18	0.444444444444444	0	0	0	1	-1.0941924294488288	0.5794029968939781	NO	O95259
644	F	644	144.343	146.204	139.791	1.82	0.332397003745318	0	0	0	1	-1.3165486801060786	0.8027390677038172	NO	O95259
645	G	645	145.699	149.354	138.078	2.8	0.265917602996255	0	0	0	1	-1.4100886398544275	0.6600328552044427	NO	O95259
646	D	646	146.6	149.751	134.396	-0.77	0.264419475655431	0	0	0	1	-1.6673973449559243	0.22447122428232763	NO	O95259
647	V	647	148.882	148.063	131.811	-0.77	0.261710037174721	0	0	0	1	-1.6182385215532138	0.09682681737323624	NO	O95259
648	F	648	151.73	150.585	131.6	0.53	0.217901234567901	0	0	0	1	-1.783217895955003	0.14456426982775913	NO	O95259
649	W	649	154.22	148.611	129.503	-0.77	0.218711276332094	1	0	0	1	-1.8105411153904194	0.09770591108473145	NO	O95259
650	K	650	151.77	148.033	126.608	0.53	0.217901234567901	0	0	0	1	-2.087130614010765	-0.09530399712797483	NO	O95259
651	E	651	149.748	151.305	126.422	-0.45	0.219330855018587	0	0	0	1	-2.2450954112735797	-0.6424909939941591	NO	O95259
652	A	652	152.655	153.581	127.467	0.2	0.220149253731343	0	0	0	1	-2.1425026211219804	-0.33803153857968277	NO	O95259
653	T	653	150.443	156.587	128.456	0.53	0.264419475655431	0	0	0	1	-2.0073443544083527	-0.2491453966396207	NO	O95259
654	L	654	149.127	157.901	131.809	-0.77	0.267169811320755	0	0	0	1	-1.8389078409026338	0.028110992258034463	NO	O95259
655	A	655	145.343	157.467	132.111	-0.77	0.220973782771536	0	0	0	1	-1.525297038962558	0.12806845542790896	NO	O95259
656	Q	656	142.518	158.796	134.267	1.18	0.220973782771536	0	0	0	1	-1.23437393072889	0.43233484343863443	NO	O95259
657	S	657	140.992	156.435	136.85	0.53	0.221804511278196	0	0	0	1	-1.1355056073519676	0.73998311984773	NO	O95259
658	C	658	137.55	155.544	135.468	1.5	0.221177944862155	0	0	0	1	-1.1555532272407343	0.5619583314829298	NO	O95259
659	A	659	136.081	154.437	138.813	2.47	0.437810945273632	0	0	0	1	-1.3379198477025511	0.6827916146242609	NO	O95259
660	N	660	136.372	154.795	142.613	1.5	0.39368029739777	0	0	0	1	-1.2280528411895515	0.9970704893390324	NO	O95259
661	V	661	138.104	151.948	144.513	2.15	0.361593462717058	0	0	0	1	-1.156550314186873	1.1164876133364252	NO	O95259
662	R	662	137.118	151.563	148.188	0.53	0.358905035484961	0	0	0	1	-1.051861036281	1.2354396481830663	NO	O95259
663	A	663	138.383	149.179	150.886	1.82	0.438661710037175	0	0	0	1	-0.7396885837562047	1.3200990365203844	NO	O95259
664	L	664	135.887	147.012	152.815	-0.12	0.436183395291202	0	0	0	1	-0.8046540353169662	1.3186967488545327	NO	O95259
665	T	665	138.042	145.638	155.66	1.5	0.359550561797753	0	0	0	1	-0.6955193606832182	1.1932031912262326	NO	O95259
666	Y	666	141.527	146.471	156.91	2.15	0.359226594301221	0	0	0	1	-0.6034824745544244	0.9779391885021593	NO	O95259
667	C	667	143.314	145.845	153.578	1.5	0.359226594301221	0	0	0	1	-0.6338514184478824	1.0899895977356922	NO	O95259
668	D	668	147.006	145.163	153	-0.12	0.329291044776119	0	0	0	1	-0.5242646722067666	0.9568468592492495	NO	O95259
669	L	669	148.054	146.474	149.556	2.8	0.303960964408726	0	0	0	1	-0.6330644824197245	1.0626269296758217	NO	O95259
670	H	670	151.45	146.062	147.867	0.53	0.284911717495987	0	0	0	1	-0.45345433103703325	0.9310629902926048	NO	O95259
671	V	671	152.002	148.853	145.319	0.2	0.284648187633262	0	0	0	1	-0.5224040899827911	0.9314863376327841	NO	O95259
672	I	672	154.715	149.693	142.757	2.47	0.267415730337079	0	0	0	1	-0.8360123794556638	0.7375309988687968	NO	O95259
673	K	673	155.194	153.01	140.895	-0.45	0.268421052631579	0	0	0	1	-0.991167249148689	0.5398900479667764	NO	O95259
674	R	674	154.949	152.613	137.094	0.2	0.333022388059701	2	0	0	1	-1.4839135925251978	0.3760489574868736	NO	O95259
675	D	675	158.189	154.411	136.188	0.2	0.314606741573034	0	0	0	1	-1.3771243713884116	0.3954129075558394	NO	O95259
676	A	676	160.237	152.241	138.561	-0.12	0.333022388059701	0	0	0	1	-0.9750099489910508	0.437493212451825	NO	O95259
677	L	677	158.465	149.121	137.224	1.82	0.336466165413534	0	0	0	1	-0.9765594537953542	0.6040372497025415	NO	O95259
678	Q	678	159.157	150.204	133.6	-0.12	0.395842547545334	1	0	0	1	-1.5501802920026302	0.36441160000768613	NO	O95259
679	K	679	162.888	150.705	134.369	0.2	0.39622641509434	0	0	0	1	-1.3603937971249611	0.5539555473506983	NO	O95259
680	V	680	163.032	147.188	135.928	0.85	0.393258426966292	0	0	0	0.6034241993062951	-0.8187840722348022	0.7252937475072633	NO	O95259
681	L	681	161.248	145.704	132.858	2.15	0.39511653718091	0	0	0	1	-1.2801796026912302	0.5829656398300374	NO	O95259
682	E	682	163.654	147.538	130.477	-0.12	0.393631136665192	0	0	0	1	-1.436467492711788	0.5360035284001665	NO	O95259
683	F	683	166.665	146.217	132.456	0.2	0.400375939849624	0	0	0	1	-0.9665422781062197	0.7703102774575528	NO	O95259
684	Y	684	165.353	142.606	132.502	2.15	0.398876404494382	0	0	0	1	-0.7825818946363486	0.7757801938846335	NO	O95259
685	T	685	164.259	142.312	128.822	1.82	0.398507462686567	1	0	0	1	-1.2829511020554116	0.515275424044913	NO	O95259
686	A	686	163.611	138.53	128.74	0.53	0.398507462686567	0	0	0	1	-1.0926578546504502	0.5918542540240436	NO	O95259
687	F	687	161.454	138.806	131.903	0.85	0.397777777777778	1	0	0	0.6029950047167999	-0.8254292003964897	0.6972478223244029	NO	O95259
688	S	688	159.283	141.645	130.438	0.2	0.401865671641791	0	0	0	0.6029950047167999	-1.2384898077429407	0.5829656398300374	NO	O95259
689	H	689	157.689	139.366	127.803	-0.45	0.423418095801301	1	0	0	1	-1.3538781816194667	0.4731714620733047	NO	O95259
690	S	690	156.937	136.738	130.488	-0.12	0.33271375464684	0	0	0	0.6034241993062951	-0.8621139078418736	0.5926356706564837	NO	O95259
691	F	691	155.448	139.344	132.865	1.82	0.354894671623296	0	0	0	0.3709757017197771	-1.11734555908625	0.4141247038660059	NO	O95259
692	S	692	153.273	140.637	129.992	-0.45	0.377438060094887	0	0	0	0.6034241993062951	-1.454049856257539	0.1599017911730111	NO	O95259
693	R	693	151.994	137.077	129.319	0.2	0.378835978835979	1	0	0	1	-1.3127391485803344	0.032051491263069554	NO	O95259
694	N	694	151.4	136.183	133.008	-0.12	0.378835978835979	2	0	0	0.6029950047167999	-0.7936846569287043	0.30540336744797303	NO	O95259
695	L	695	150.043	139.37	134.609	1.5	0.377438060094887	0	0	0	0.607342932514731	-1.2145196429225	0.3388706192715591	NO	O95259
696	I	696	146.324	139.532	133.973	-0.12	0.377777777777778	0	0	0	1	-1.274626584465003	0.37882479143458375	NO	O95259
697	L	697	144.864	142.503	135.88	-0.45	0.350307503075031	0	0	0	1	-1.144738122267019	0.4371876516031397	NO	O95259
698	T	698	141.729	141.528	137.912	0.2	0.382460676578324	1	0	0	1	-1.345115316344298	0.6981269160358979	NO	O95259
699	Y	699	140.375	144.933	136.918	1.18	0.406364468864469	0	0	0	1	-1.308340743140606	0.6445021996346957	NO	O95259
700	N	700	141.79	147.709	134.662	-0.12	0.538927335640138	0	0	0	1	-1.490601526894961	0.49662798167986505	NO	O95259
701	L	701	141.01	151.216	135.978	-0.77	0.566363636363636	0	0	0	1	-1.2434449745308398	0.5771196666485947	NO	O95259
702	R	702	141.455	152.684	132.452	-0.77	0.527712890210236	0	0	0	1	-1.3772115464767252	0.26357104394069764	NO	O95259
703	K	703	138.435	150.979	130.848	-0.77	0.609703735508802	0	0	0	1	-1.3585641535927302	0.019066982710986148	NO	O95259
704	R	704	134.792	152.126	130.895	-0.77	0.610213316095669	0	0	0	1	-1.0924755881568604	-0.09231713486845046	NO	O95259
705	I	705	131.991	149.617	131.553	-0.77	0.647272727272727	1	0	0	1	-1.0728791752357432	0.008214171254528268	NO	O95259
706	V	706	128.808	150.006	129.47	-0.77	0.786030595813205	0	0	0	1	-0.45525652267502303	-0.6528003657016928	NO	O95259
707	F	707	125.616	149.459	131.49	-0.77	0.786030595813205	0	0	0	1	-0.3441582034077466	-0.8130351740242122	NO	O95259
708	R	708	122.166	150.795	132.436	-0.77	0.777372262773723	0	0	0	1	0.24201522017003865	-0.9946779121618914	NO	O95259
709	K	709	120.408	150.829	135.807	-0.77	0.78021978021978	1	0	0	1	0.08633299718136377	-0.8946810024793215	NO	O95259
710	I	710	117.184	148.763	136.209	-0.77	0.824303405572755	0	0	0	1	0.9021571864827086	-1.2026202038351328	NO	O95259
711	S	711	115.183	151.687	137.688	-0.77	0.821981424148607	0	0	0	1	1.4398374364981008	-1.2692848102901793	NO	O95259
712	D	712	116.03	153.898	134.68	-0.77	0.834343434343434	0	0	0	1	1.4419846393396913	-1.2692848102901793	NO	O95259
713	V	713	114.976	151.068	132.272	-0.77	0.834343434343434	1	0	0	1	1.4777474899024694	-1.2692848102901793	NO	O95259
714	K	714	111.64	150.746	134.136	-0.77	0.887218045112782	0	0	0	0.6029950047167999	1.5255330868236647	-1.2692848102901793	NO	O95259
715	R	715	111.117	154.538	133.82	-0.77	0.887218045112782	2	0	0	0.6029950047167999	1.5169544253493492	-1.2692848102901793	NO	O95259
716	E	716	111.798	154.306	130.036	-0.77	0.883980023050327	0	0	0	0.6034241993062951	1.5173825399172909	-1.2692848102901793	NO	O95259
717	E	717	109.296	151.406	129.812	-0.77	0.936507936507936	0	0	0	0.6029950047167999	1.5981610868526814	-1.2692848102901793	NO	O95259
718	E	718	106.657	153.507	131.651	-0.77	0.926216640502355	1	0	0	0.6029950047167999	1.6251520292093424	-1.2692848102901793	NO	O95259
719	E	719	107.261	156.543	129.349	-0.77	0.926216640502355	0	0	0	0.6034241993062951	1.648258648541949	-1.1550026277958139	NO	O95259
720	R	720	106.943	154.349	126.178	-0.77	0.931449502878074	2	0	0	0.6034241993062951	1.6663220435917925	-1.1550026277958139	NO	O95259
721	M	721	103.165	153.994	126.673	-0.77	0.889110889110889	3	0	0	0.6029950047167999	1.6935437908358515	-1.1462116906808626	NO	O95259
722	K	722	102.473	157.768	126.955	-0.77	0.847350047603935	0	0	0	0.6029950047167999	1.6967058339129244	-1.1359555973800861	NO	O95259
723	R	723	103.473	159.352	123.625	-0.77	0.866910866910867	1	0	0	0.6029950047167999	1.7026486512494403	-1.0415995390129433	NO	O95259
724	K	724	102.081	158.34	120.234	-0.12	0.883503649635037	1	0	0	1	1.66529998136473	-0.9795035559373335	NO	O95259
725	N	725	103.65	161.167	118.229	-0.77	0.873308733087331	0	0	0	0.6029950047167999	1.6735871064263697	-0.8703227808899775	NO	O95259
726	E	726	107.152	161.58	119.696	-0.12	0.870848708487085	0	0	0	0.6029950047167999	1.6916729368691248	-0.9010121677669163	NO	O95259
727	A	727	109.042	161.564	116.386	-0.45	0.865196078431373	2	0	0	1	1.6894516235767008	-0.7051996787474776	NO	O95259
728	P	728	107.306	164.547	114.597	-0.12	0.903577731429488	0	0	0	1	1.6894516235767008	-0.7051996787474776	NO	O95259
729	L	729	108.004	166.764	117.664	-0.45	0.918367346938776	0	0	0	1	1.6894516235767008	-0.7051996787474776	NO	O95259
730	I	730	111.687	167.043	116.764	-0.12	0.92436974789916	1	0	0	1	1.5335841687323262	-0.6152390889378104	NO	O95259
731	L	731	111.14	167.549	112.986	-0.12	0.905882352941176	0	0	0	1	1.5335841687323262	-0.6152390889378104	NO	O95259
732	P	732	111.392	171.421	112.866	0.2	0.872366790582404	0	0	0	1	1.5296241978981424	-0.5728960751674622	NO	O95259
733	P	733	114.197	171.713	115.546	-0.45	0.922846441947565	2	0	0	1	1.4547702775484022	-0.6264644394076712	NO	O95259
734	D	734	116.233	168.841	113.976	-0.45	0.902030356790853	1	0	0	1	1.3367337944311108	-0.7469932589481415	NO	O95259
735	H	735	118.449	171.211	111.878	-0.12	0.902030356790853	0	0	0	1	1.250425409726901	-0.7485908427123008	NO	O95259
736	P	736	120.465	172.718	114.835	-0.77	0.803370786516854	0	0	0	1	1.244574641856544	-0.7576522702000198	NO	O95259
737	V	737	120.986	169.17	116.244	0.2	0.744360902255639	0	0	0	1	1.2456572503784986	-0.7655055073560428	NO	O95259
738	R	738	121.492	167.495	112.812	0.2	0.749292452830189	1	0	0	1	1.2462750120979187	-0.7469932589481415	NO	O95259
739	R	739	124.756	169.433	112.415	-0.77	0.71787072243346	1	0	0	1	1.122848440184823	-0.8147933614472026	NO	O95259
740	L	740	125.859	168.21	115.886	-0.77	0.756392045454545	0	0	0	1	1.0603705733186404	-0.7576522702000198	NO	O95259
741	F	741	124.946	164.61	114.948	-0.77	0.759268060836502	0	0	0	1	1.0603705733186404	-0.7576522702000198	NO	O95259
742	Q	742	126.96	165.04	111.719	-0.77	0.762166030534351	0	0	0	1	1.0603705733186404	-0.7576522702000198	NO	O95259
743	R	743	129.991	166.288	113.711	-0.45	0.812167300380228	0	0	0	1	0.9451436323731608	-0.7718642852025243	NO	O95259
744	F	744	129.648	163.286	116.073	-0.45	0.826388888888889	0	0	0	1	0.9300271748080752	-0.7266442374672829	NO	O95259
745	R	745	129.514	160.893	113.06	-0.12	0.825576519916143	0	0	0	1	0.9501852558471336	-0.7917611062060305	NO	O95259
746	Q	746	132.709	162.518	111.674	-0.12	0.788072843706224	1	0	0	1	0.9712666759788097	-0.8713483902200552	NO	O95259
747	Q	747	134.458	162.205	115.093	0.2	0.788072843706224	0	0	0	1	1.023109606307221	-0.8216063377112898	NO	O95259
