Uniprot_position	aminoacid	Position_in_structure	x	y	z	paraz	mtr	gscount	pscount	OR	pvalue	mtr3dscore	paraz3dscore	HotSpot3D	Uniprot	gene	chain
3	G	3	40.748	151.742	348.924	0.49	0.302737520128824	0	0	0	0.284090909090909	-0.18151492871705946	-4.831036991683032	NO	P68400	CSNK2A1	A
4	P	4	36.998	152.177	349.66	0.49	0.298850574712644	0	0	0	0.1451525413789565	0.14658628316923605	-1.9758865431862094	NO	P68400	CSNK2A1	A
5	V	5	35.711	155.382	351.364	-0.36	0.296296296296296	2	0	0	0.1451525413789565	0.11897801605933506	-2.491380726232097	NO	P68400	CSNK2A1	A
6	P	6	34.512	154.802	355.001	-0.65	0.39811320754717	0	0	0	0.07359883303279528	-0.032982797665480346	-0.9361265935353047	NO	P68400	CSNK2A1	A
7	S	7	30.814	155.119	355.993	0.49	0.39578313253012	0	0	0	0.1451525413789565	-0.07720657993944675	-0.9374648782574274	NO	P68400	CSNK2A1	A
8	R	8	28.752	155.156	359.178	0.49	0.398823529411765	0	0	0	0.1451525413789565	0.004619704836226965	-0.552627723563836	NO	P68400	CSNK2A1	A
9	A	9	25.001	154.986	359.998	0.49	0.396067415730337	0	0	1.120456815443766	1	-0.4731196325036286	-0.06453825269105778	NO	P68400	CSNK2A1	A
10	R	10	23.068	158.31	360.024	0.49	0.397826086956522	0	0	3.4944569568368467	0.5492424242424243	-0.9463346539368612	-0.12263684234582602	NO	P68400	CSNK2A1	A
11	V	11	21.084	157.195	363.138	0.49	0.363157894736842	0	0	3.4944569568368467	0.5492424242424243	-0.5209963929805147	-0.20279803830140108	NO	P68400	CSNK2A1	A
12	Y	12	21.949	155.216	366.341	0.49	0.361329026303646	0	0	0	1	0.1365434399415927	-0.9421488747848564	NO	P68400	CSNK2A1	A
13	T	13	25.614	155.48	365.265	-0.65	0.40422322775264	0	0	0	0.284090909090909	0.20832510876319324	-0.9827992732193324	NO	P68400	CSNK2A1	A
14	D	14	27.203	155.191	368.748	-0.08	0.406330511593669	0	0	0	0.284090909090909	0.10644915443751395	-1.5140037551770942	NO	P68400	CSNK2A1	A
15	V	15	24.608	153.216	370.744	0.49	0.404112017015243	0	0	0	1	0.018358254000554127	-1.843232706749068	NO	P68400	CSNK2A1	A
16	N	16	27.011	150.226	371.276	0.49	0.402472527472527	0	0	0	1	0.1285075789912741	-1.71107374472765	NO	P68400	CSNK2A1	A
17	T	17	30.105	152.466	371.866	-0.08	0.40053050397878	0	0	0	0.5227272727272727	0.08289858083795176	-2.4838528746701574	NO	P68400	CSNK2A1	A
18	H	18	28.408	154.051	374.861	-1.22	0.431944444444444	0	0	0	1	-0.28023528784183194	-3.495219732016789	NO	P68400	CSNK2A1	A
19	R	19	27.344	150.757	376.409	0.49	0.430894308943089	0	0	0	1	-0.23626330254861264	-2.864461049641841	NO	P68400	CSNK2A1	A
20	P	20	29.404	148.362	378.466	-0.65	0.536890645586298	0	0	0	1	-0.6590854502873226	-2.4712608320574576	NO	P68400	CSNK2A1	A
22	E	22	28.465	143.172	378.718	0.49	0.434343434343434	0	0	1.683175810132247	1	-0.4926187117266603	-1.715834889433178	NO	P68400	CSNK2A1	A
23	Y	23	25.922	144.366	376.151	0.49	0.435994930291508	0	0	1.7189455448024162	0.6257861635220127	-0.1895501558065254	-1.2402517966376783	NO	P68400	CSNK2A1	A
24	W	24	27.694	143.563	372.855	0.49	0.389433962264151	0	0	1.7189455448024162	0.6257861635220127	-0.02454410789402461	-0.9788653636934148	NO	P68400	CSNK2A1	A
25	D	25	30.406	141.067	373.831	0.49	0.388636363636364	0	0	1.7189455448024162	0.6257861635220127	-0.04775605288199927	-0.12263684234582602	NO	P68400	CSNK2A1	A
26	Y	26	28.42	137.947	373.061	0.49	0.388636363636364	0	0	1.7189455448024162	0.6257861635220127	-0.19901680922236276	-0.3389942450220374	NO	P68400	CSNK2A1	A
27	E	27	31.478	135.691	373.188	0.49	0.390458015267176	0	1	1.7189455448024162	0.6257861635220127	-0.5953760982731173	-0.08096265609892676	NO	P68400	CSNK2A1	A
28	S	28	31.727	136.452	376.978	-0.36	0.437179487179487	1	0	1.7189455448024162	0.6257861635220127	-0.6228813011677605	-0.562745156063083	NO	P68400	CSNK2A1	A
29	H	29	27.97	135.967	377.559	0.49	0.435897435897436	0	0	1.7189455448024162	0.6257861635220127	-0.43132559114002456	-0.8271780509297736	NO	P68400	CSNK2A1	A
30	V	30	27.102	133.154	380.04	0.49	0.433333333333333	0	0	1.7189455448024162	0.6257861635220127	-0.4402854123530061	-2.3332958434313587	NO	P68400	CSNK2A1	A
31	V	31	24.303	130.919	378.745	-0.65	0.485209923664122	0	0	1.7189455448024162	0.6257861635220127	-0.7293405069169601	-1.384786546626925	NO	P68400	CSNK2A1	A
32	E	32	22.081	129.072	381.274	-0.93	0.481939163498099	0	0	0	0.5227272727272727	-0.7093846401061326	-1.7360862861841229	NO	P68400	CSNK2A1	A
33	W	33	19.994	126.022	380.158	0.49	0.430925221799746	0	0	0	0.5227272727272727	-0.9893662440538452	-1.8101785948907316	NO	P68400	CSNK2A1	A
34	G	34	16.395	125.343	381.18	0.49	0.481132075471698	0	0	0	1	-1.107353425484574	-1.6226666559842275	NO	P68400	CSNK2A1	A
35	N	35	14.748	121.922	381.327	0.49	0.481534090909091	1	0	0	1	-1.3478405953608388	-0.7277032946377674	NO	P68400	CSNK2A1	A
36	Q	36	14.281	120.202	377.946	0.49	0.481534090909091	0	0	0	0.5227272727272727	-1.5752819047051465	0.5929098492388695	NO	P68400	CSNK2A1	A
37	D	37	11.66	117.944	379.667	0.49	0.368278109722977	0	0	0	0.5227272727272727	-1.4500981238727353	1.4607413437863739	NO	P68400	CSNK2A1	A
38	D	38	9.318	120.903	380.117	0.49	0.319811320754717	0	0	0	0.5227272727272727	-1.7589189149990585	0.4540568101112689	NO	P68400	CSNK2A1	A
39	Y	39	8.624	120.679	376.375	0.49	0.321022727272727	0	0	0	0.5227272727272727	-1.8984643365500897	0.26121241489834346	NO	P68400	CSNK2A1	A
40	Q	40	6.974	118.077	374.156	0.49	0.321969696969697	0	0	0	0.284090909090909	-2.111766125646972	1.1603800664649702	NO	P68400	CSNK2A1	A
41	L	41	7.535	118.445	370.399	0.49	0.319548872180451	0	0	0	0.5227272727272727	-2.002427397801782	1.183484780105078	NO	P68400	CSNK2A1	A
42	V	42	4.31	118.434	368.306	0.49	0.420987654320988	0	0	0	0.5227272727272727	-2.2106481764438546	1.0813376250646003	NO	P68400	CSNK2A1	A
43	R	43	5.22	118.922	364.595	0.49	0.420987654320988	1	0	1.7189455448024162	0.6257861635220127	-1.9643963671948603	1.0813376250646003	NO	P68400	CSNK2A1	A
44	K	44	7.94	120.209	362.256	0.49	0.360569319978914	0	0	7.700834091805119	0.060166248845494125	-1.7910524344142016	1.4607413437863739	NO	P68400	CSNK2A1	A
45	L	45	7.23	123.782	361.093	0.49	0.364021164021164	0	0	7.700834091805119	0.060166248845494125	-2.0339478038385628	0.6799394878662027	NO	P68400	CSNK2A1	A
46	G	46	10.271	124.226	358.843	0.49	0.366737739872068	0	0	16.112617788587865	0.0030083124422747025	-1.352219083386536	1.4607413437863739	YES	P68400	CSNK2A1	A
47	R	47	13.924	123.493	358.074	0.49	0.368869936034115	0	2	16.112617788587865	0.0030083124422747025	-1.3255335046063734	1.4607413437863739	YES	P68400	CSNK2A1	A
48	G	48	16.647	126.126	357.782	0.49	0.368869936034115	0	0	35.616905090123666	1.4325297344165244e-4	-1.0582348081230635	1.4607413437863739	YES	P68400	CSNK2A1	A
49	K	49	20.324	126.072	356.686	0.49	0.366895097522404	0	0	35.616905090123666	3.8797680307114246e-5	-0.85339099877449	1.4607413437863739	YES	P68400	CSNK2A1	A
50	Y	50	21.509	125.314	360.281	0.49	0.369622942113648	0	2	35.616905090123666	3.8797680307114246e-5	-1.1307210789401627	1.4607413437863739	YES	P68400	CSNK2A1	A
51	S	51	18.186	124.89	362.221	0.49	0.214197530864198	0	2	35.616905090123666	9.905790716710012e-6	-1.3566882224956096	1.4607413437863739	YES	P68400	CSNK2A1	A
52	E	52	14.982	122.762	362.52	0.49	0.214197530864198	0	0	16.112617788587865	0.0030083124422747025	-1.673629401158977	1.4607413437863739	YES	P68400	CSNK2A1	A
53	V	53	11.849	124.568	363.812	0.49	0.215613382899628	0	0	19.745682191500077	9.788953185179616e-4	-1.6293698066378148	1.1024156094380326	YES	P68400	CSNK2A1	A
54	F	54	9.055	122.762	365.733	0.49	0.216232961586121	0	0	3.782896976752818	0.18327689082406068	-2.09625925752119	0.6488989779193536	NO	P68400	CSNK2A1	A
55	E	55	5.688	123.534	367.275	0.49	0.183974696889826	0	0	0	0.5227272727272727	-2.2628268170557626	0.6218375657237862	NO	P68400	CSNK2A1	A
56	A	56	5.782	122.302	370.888	0.49	0.184126984126984	0	0	0	0.5227272727272727	-2.1895026536803535	0.6742690518526981	NO	P68400	CSNK2A1	A
57	I	57	3.839	122.252	374.186	0.49	0.161111111111111	1	0	0	0.5227272727272727	-2.2862617065928954	0.7700320097031457	NO	P68400	CSNK2A1	A
58	N	58	5.21	123.553	377.469	0.49	0.161710037174721	0	0	0	0.5227272727272727	-2.073517331640412	0.3044633438723986	NO	P68400	CSNK2A1	A
59	I	59	3.812	120.699	379.673	0.49	0.161847014925373	0	0	0	0.5227272727272727	-2.136879934395835	1.0602596406911686	NO	P68400	CSNK2A1	A
60	T	60	4.077	122.81	382.876	0.49	0.186034115138593	0	0	0	0.5227272727272727	-2.2103857735406276	0.9801633000721282	NO	P68400	CSNK2A1	A
61	N	61	1.434	125.39	381.752	0.49	0.186034115138593	0	0	0	1	-2.650850314758929	0.8600187891435664	NO	P68400	CSNK2A1	A
62	N	62	-0.211	123.642	378.666	0.49	0.184656084656085	0	0	0	1	-2.676050208046952	0.906228216423782	NO	P68400	CSNK2A1	A
63	E	63	0.966	126.57	376.465	0.49	0.183447548761202	0	0	0	1	-2.535277867783481	-0.3385520495456718	NO	P68400	CSNK2A1	A
64	K	64	2.052	126.254	372.845	-0.08	0.212287104622871	0	0	0	0.5227272727272727	-2.4072030780248452	-0.0053495692989967356	NO	P68400	CSNK2A1	A
65	V	65	5.684	127.302	372.1	0.49	0.213064713064713	0	0	0	0.2855917667238421	-2.1212631427987647	-0.18334143734131006	NO	P68400	CSNK2A1	A
66	V	66	8.078	127.27	369.148	0.49	0.212121212121212	0	0	0.818703199933371	1	-1.7604907680209798	-0.47519045174267377	NO	P68400	CSNK2A1	A
67	V	67	11.32	125.264	369.485	0.49	0.36101083032491	0	0	2.381452482601	0.2721888174718364	-1.7251253626126968	-0.33690960920488466	NO	P68400	CSNK2A1	A
68	K	68	14.256	126.118	367.186	0.49	0.3584229390681	0	0	6.761532145095026	0.004010318186123584	-1.3474956218172194	0.29017793253625174	YES	P68400	CSNK2A1	A
69	I	69	16.779	123.246	367.294	0.49	0.357398873527906	0	0	35.616905090123666	5.013854070457848e-4	-1.6816847517712106	0.7616548620675513	YES	P68400	CSNK2A1	A
70	L	70	20.244	124.517	366.138	0.49	0.359979370809696	0	0	23.92761432044126	2.988246866207523e-4	-1.2252391838009162	0.5357189438551938	YES	P68400	CSNK2A1	A
71	K	71	22.869	122.354	364.348	0.49	0.362042289840124	0	0	35.616905090123666	1.4325297344165244e-4	-1.4232250046818116	1.183484780105078	YES	P68400	CSNK2A1	A
72	P	72	25.874	123.523	366.521	0.49	0.364675324675325	0	0	35.616905090123666	0.005327219949861461	-1.4065617138546689	1.1473208804944741	YES	P68400	CSNK2A1	A
73	V	73	27.956	124.33	363.427	0.49	0.255072463768116	0	1	35.616905090123666	0.005327219949861461	-1.3464610520437112	1.0367018934502747	YES	P68400	CSNK2A1	A
74	K	74	29.615	127.45	364.976	0.49	0.423586040914561	0	0	35.616905090123666	0.0016712846901526187	-0.9110635861764964	1.4607413437863739	YES	P68400	CSNK2A1	A
75	K	75	29.361	128.101	368.791	0.49	0.42512077294686	0	0	6.360621844389678	0.042306540419747934	-0.8840331591085071	-0.010885201558685473	NO	P68400	CSNK2A1	A
76	K	76	30.212	131.831	368.337	0.49	0.366753246753247	0	0	3.782896976752818	0.18327689082406068	-0.3614148392852853	0.5628192094781772	NO	P68400	CSNK2A1	A
77	K	77	27.064	132.254	366.083	0.49	0.429440389294404	0	0	16.112617788587865	0.0030083124422747025	-0.22850556888183737	1.1473208804944741	YES	P68400	CSNK2A1	A
78	I	78	24.802	130.508	368.618	0.49	0.431013431013431	0	0	28.818577552758235	8.527593747428612e-5	-0.5845519030261663	0.3611731589723461	YES	P68400	CSNK2A1	A
79	K	79	26.134	132.827	371.384	0.49	0.431013431013431	0	0	4.9957026352542355	0.08989275923238187	-0.43115387145807577	-0.5478665788583077	NO	P68400	CSNK2A1	A
80	R	80	25.543	135.865	369.123	0.49	0.431013431013431	0	1	3.782896976752818	0.18327689082406068	0.07656355108074936	0.4163612148318154	NO	P68400	CSNK2A1	A
81	E	81	21.896	134.973	368.396	0.49	0.431013431013431	0	0	3.0330310629233783	0.151665703492279	0.05927192440240777	0.4457553270349632	NO	P68400	CSNK2A1	A
82	I	82	21.193	134.142	372.092	-0.08	0.470588235294118	1	0	1.8531158825308818	0.4759963708177278	-0.30330128619149677	-0.7763353977138591	NO	P68400	CSNK2A1	A
83	K	83	22.693	137.485	373.278	0.49	0.470588235294118	0	0	1.4028087516826089	0.7150459603289792	-0.01807226001303407	-0.5478665788583077	NO	P68400	CSNK2A1	A
84	I	84	20.78	139.496	370.621	0.49	0.473666554847367	0	0	3.0330310629233783	0.151665703492279	0.4505349597537245	0.5182543282314925	NO	P68400	CSNK2A1	A
85	L	85	17.487	137.753	371.417	0.49	0.476767676767677	0	0	2.381452482601	0.2721888174718364	0.34756992661598213	-0.3382646224860339	NO	P68400	CSNK2A1	A
86	E	86	18.028	138.406	375.152	0.49	0.583747927031509	0	0	0.818703199933371	1	-0.17913342232006277	-1.7009563122284028	NO	P68400	CSNK2A1	A
87	N	87	18.904	142.06	374.424	0.49	0.586466165413534	0	0	0.818703199933371	1	0.4071019343582493	0.2964926775126975	NO	P68400	CSNK2A1	A
88	L	88	15.76	142.564	372.282	0.49	0.659774436090226	0	0	0.6365271143245821	0.699725850669247	0.9571539422258639	0.06256838034872796	NO	P68400	CSNK2A1	A
89	R	89	13.376	140.523	374.464	0.49	0.664150943396226	1	0	0.6365271143245821	0.699725850669247	0.635920815838279	-0.7720713457026821	NO	P68400	CSNK2A1	A
90	G	90	10.059	142.415	374.891	0.49	0.666666666666667	0	0	0	0.2855917667238421	0.6523153784187046	-0.5928565623108433	NO	P68400	CSNK2A1	A
91	G	91	10.684	144.885	372.047	0.49	0.664772727272727	0	0	0	0.2855917667238421	1.370369742380255	-0.2676533748350373	NO	P68400	CSNK2A1	A
92	P	92	7.697	145.691	369.767	-0.36	0.669201520912548	1	0	0	0.5227272727272727	1.7958284434006546	0.11701983998009365	NO	P68400	CSNK2A1	A
93	N	93	6.94	142.908	367.266	0.49	0.531320754716981	0	0	0.39327164745707743	0.6401790033865505	1.379527331932497	0.04660021036885559	NO	P68400	CSNK2A1	A
94	I	94	10.212	141.05	368.067	0.49	0.479835953520164	0	0	1.285618727395533	1	1.2346008736079688	0.4223732714952051	NO	P68400	CSNK2A1	A
95	I	95	9.903	137.29	368.576	0.49	0.47940074906367	0	0	1.285618727395533	1	0.4201942412340398	-0.285882982941789	NO	P68400	CSNK2A1	A
96	T	96	10.14	136.593	372.397	-0.93	0.48257006151743	0	0	1	1	-0.020068081754380372	-1.1529287185191748	NO	P68400	CSNK2A1	A
97	L	97	12.824	134.146	373.506	0.49	0.482124616956078	2	0	1.285618727395533	1	-0.3467114910567308	-0.6087334856051163	NO	P68400	CSNK2A1	A
98	A	98	11.245	132.273	376.493	-0.65	0.397388059701493	0	0	0	0.1451525413789565	-1.2005389244642168	-1.1427531398561388	NO	P68400	CSNK2A1	A
99	D	99	13.894	129.589	377.279	0.49	0.398876404494382	0	0	0	0.1451525413789565	-1.0920698097656636	-1.5365480341156343	NO	P68400	CSNK2A1	A
100	I	100	17.203	128.041	376.154	-0.93	0.442786069651741	0	0	0	0.2855917667238421	-0.9645514626419649	-1.1083638372724902	NO	P68400	CSNK2A1	A
101	V	101	17.487	124.245	376.495	0.49	0.439506172839506	0	0	0	0.2855917667238421	-1.106222719102306	-1.26922104609673	NO	P68400	CSNK2A1	A
102	K	102	19.848	121.428	375.57	0.49	0.439506172839506	0	0	0	1	-1.157328024233002	-0.5234964955056581	NO	P68400	CSNK2A1	A
103	D	103	19.521	117.769	374.532	0.49	0.438271604938272	0	0	0	1	-1.2009777091216114	0.31678164642830015	NO	P68400	CSNK2A1	A
104	P	104	22.209	115.964	376.611	0.49	0.439900867410161	0	0	0	1	-1.0906716746771175	0.9801633000721282	NO	P68400	CSNK2A1	A
105	V	105	22.201	112.749	374.492	0.49	0.329291044776119	0	0	0	1	-1.2243973414688307	0.6597779375959636	NO	P68400	CSNK2A1	A
106	S	106	22.75	114.411	371.036	0.49	0.328066914498141	0	0	0	1	-1.452721783659765	0.906228216423782	NO	P68400	CSNK2A1	A
107	R	107	24.603	117.471	372.555	-0.08	0.377398720682303	0	0	35.616905090123666	0.37500000000000006	-1.3589667087786672	1.010199427804268	NO	P68400	CSNK2A1	A
108	T	108	22.203	119.917	370.782	0.49	0.221383647798742	0	0	35.616905090123666	0.005327219949861461	-1.3896041235552308	0.4540568101112689	YES	P68400	CSNK2A1	A
109	P	109	21.092	123.47	371.769	0.49	0.222012578616352	0	0	4.9957026352542355	0.08989275923238187	-1.1575818058389613	-0.38930345607598704	NO	P68400	CSNK2A1	A
110	A	110	17.529	124.679	371.261	0.49	0.189406099518459	0	0	1.80321013273443	0.45608772778584095	-1.3224709615611152	-0.47020766369191935	NO	P68400	CSNK2A1	A
111	L	111	15.882	128.043	371.581	0.49	0.18816631130064	0	0	2.381452482601	0.2721888174718364	-1.0836891391650492	-0.49401259832363165	NO	P68400	CSNK2A1	A
112	V	112	12.292	128.287	372.907	0.49	0.290534979423868	0	0	0	0.1451525413789565	-1.5855495261512	-0.42679215685444777	NO	P68400	CSNK2A1	A
113	F	113	10.037	131.076	371.689	0.49	0.186083289404323	0	0	0.6365271143245821	0.699725850669247	-1.2334037396252164	-0.774664350304074	NO	P68400	CSNK2A1	A
114	E	114	6.516	132.394	372.26	0.49	0.188336008560728	0	0	0.39327164745707743	0.6401790033865505	-1.3433361237984234	-0.45735523419592405	NO	P68400	CSNK2A1	A
115	H	115	4.226	130.679	369.745	-0.36	0.187633262260128	0	0	0.5388491202103879	1	-1.27037932567936	-0.39548115103520487	NO	P68400	CSNK2A1	A
116	V	116	3.004	132.712	366.714	-0.08	0.187265917602996	0	0	0.827794671963269	1	-0.5346488028641073	-0.9344841531945176	NO	P68400	CSNK2A1	A
117	N	117	-0.045	131.491	364.78	0.49	0.185185185185185	0	0	0	0.5227272727272727	-0.5413238323887146	-1.1950846872660388	NO	P68400	CSNK2A1	A
118	N	118	1.26	132.208	361.254	0.49	0.183447548761202	0	0	0.827794671963269	1	0.08244798179797425	-0.46337751544547584	NO	P68400	CSNK2A1	A
119	T	119	-1.24	132.58	358.359	0.49	0.318933823529412	0	0	0	0.284090909090909	0.252551399798533	-1.1950846872660388	NO	P68400	CSNK2A1	A
120	D	120	-0.203	131.309	354.84	0.49	0.320110701107011	0	0	0	1	0.13495115064311095	-0.050217325509109234	NO	P68400	CSNK2A1	A
121	F	121	1.962	133.674	352.64	0.49	0.322490706319703	0	0	0	0.5227272727272727	0.5047522828429923	0.6444484944152857	NO	P68400	CSNK2A1	A
122	K	122	0.591	132.317	349.287	0.49	0.42716049382716	0	0	0	0.5227272727272727	0.31685351621282315	0.3383386759011282	NO	P68400	CSNK2A1	A
123	Q	123	-3.054	132.534	350.529	0.49	0.42998760842627	0	0	0	1	-0.18404271441186226	-0.035795546727287256	NO	P68400	CSNK2A1	A
124	L	124	-2.645	136.065	352.095	0.49	0.559076262083781	0	0	0	0.5227272727272727	0.46544631316552504	0.21255809523793193	NO	P68400	CSNK2A1	A
125	Y	125	-1.038	137.475	348.856	0.49	0.647388059701493	0	0	0	0.284090909090909	0.4216410211489813	0.49277544602184975	NO	P68400	CSNK2A1	A
126	Q	126	-4.511	137.815	347.15	0.49	0.64365671641791	0	0	0	0.284090909090909	0.28753177590845036	0.36651902457430363	NO	P68400	CSNK2A1	A
127	T	127	-6.944	138.64	350.023	-0.93	0.638376383763838	1	0	0	0.284090909090909	0.08339808359150865	0.2623073751255346	NO	P68400	CSNK2A1	A
128	L	128	-4.777	141.575	351.367	0.49	0.540779220779221	0	0	0	0.2855917667238421	0.2182944886532825	0.49277544602184975	NO	P68400	CSNK2A1	A
129	T	129	-5.953	145.151	350.755	0.49	0.536874677668901	0	0	0	0.2855917667238421	0.26683612209149377	-0.2495865310863812	NO	P68400	CSNK2A1	A
130	D	130	-4.048	148.45	350.33	0.49	0.531122448979592	0	0	0	0.1451525413789565	0.491856197972935	-0.04463470146453255	NO	P68400	CSNK2A1	A
131	Y	131	-4.809	149.139	354.107	-0.08	0.531490015360983	0	0	0	0.2855917667238421	0.6227207869187682	-0.035795546727287256	NO	P68400	CSNK2A1	A
132	D	132	-3.478	145.716	355.269	0.49	0.531122448979592	0	0	0	0.1451525413789565	1.1269737475622765	-0.07945708578653864	NO	P68400	CSNK2A1	A
133	I	133	-0.167	146.338	353.475	0.49	0.525492175668854	0	0	0	0.03768600372373958	0.926195774329382	0.1644453048203157	NO	P68400	CSNK2A1	A
134	R	134	0.224	149.762	355.116	0.49	0.525492175668854	1	0	0	0.2855917667238421	0.6620803116759353	0.4834893410181702	NO	P68400	CSNK2A1	A
135	F	135	-0.72	148.279	358.544	0.49	0.527355623100304	0	0	0	0.2855917667238421	1.4164553084725586	0.43544796105015343	NO	P68400	CSNK2A1	A
136	Y	136	1.741	145.357	358.44	0.49	0.527355623100304	0	0	0	0.07359883303279528	1.3878575031711342	0.9618957136151535	NO	P68400	CSNK2A1	A
137	M	137	4.587	147.455	356.896	0.49	0.527355623100304	1	0	0	0.1451525413789565	1.0981478170300845	0.9607519470212466	NO	P68400	CSNK2A1	A
138	Y	138	4.235	149.865	359.894	0.49	0.527707168276563	0	0	0	0.1451525413789565	1.3516004493449065	0.19948033290047942	NO	P68400	CSNK2A1	A
139	E	139	4.401	146.829	362.312	0.49	0.620071684587814	0	0	0	0.1451525413789565	1.4824121838603677	0.8284018125834187	NO	P68400	CSNK2A1	A
140	I	140	7.71	145.702	360.658	0.21	0.615658362989324	0	0	0.30548464419424753	0.39324302531849725	1.1688365834124808	0.563968917716728	NO	P68400	CSNK2A1	A
141	L	141	9.084	149.285	360.951	0.49	0.738790035587189	0	0	0	0.2855917667238421	0.923281800693944	0.4742916751097634	NO	P68400	CSNK2A1	A
142	K	142	8.264	149.293	364.731	0.49	0.744086021505376	0	0	0	0.284090909090909	1.050790225911267	0.7440898750896915	NO	P68400	CSNK2A1	A
143	A	143	10.439	146.128	365.036	0.49	0.823250296559905	0	0	0.39327164745707743	0.6401790033865505	1.144973193467838	0.5155601497777459	NO	P68400	CSNK2A1	A
144	L	144	13.32	147.581	362.9	0.49	0.825622775800712	0	0	1.758675302420347	0.6613449443638124	0.9087756590144734	0.23630206972974235	NO	P68400	CSNK2A1	A
145	D	145	13.383	151.015	364.565	0.49	0.822143698468787	0	0	0	0.5227272727272727	0.5332353926568553	0.4630500834439331	NO	P68400	CSNK2A1	A
146	Y	146	13.518	149.19	367.913	0.49	0.821052631578947	0	0	0	0.5227272727272727	0.9555666924335271	0.263511831375445	NO	P68400	CSNK2A1	A
147	C	147	16.34	146.737	367.024	0.49	0.615789473684211	0	0	1.7189455448024162	0.6257861635220127	1.087039977706483	0.5847197493393528	NO	P68400	CSNK2A1	A
148	H	148	18.319	149.519	365.245	0.49	0.611498257839721	0	0	0	1	0.6706800328093211	0.4058139307551018	NO	P68400	CSNK2A1	A
149	S	149	17.918	151.757	368.43	0.49	0.611111111111111	0	0	0	1	0.5363623047051481	-0.22681478011151301	NO	P68400	CSNK2A1	A
150	M	150	19.29	148.738	370.383	-0.65	0.404844290657439	0	0	0	1	0.7089951011195182	-0.34142632014204904	NO	P68400	CSNK2A1	A
151	G	151	22.402	148.787	368.095	0.49	0.409090909090909	0	0	0	1	0.6173812081867882	-0.44743618272607366	NO	P68400	CSNK2A1	A
152	I	152	21.355	145.69	366.146	0.49	0.413145539906103	0	0	10.174398959025764	0.02360689624840567	0.7889026565338211	0.6415742238189092	NO	P68400	CSNK2A1	A
153	M	153	21.053	145.065	362.355	0.49	0.417556346381969	0	0	3.782896976752818	0.18327689082406068	0.9369026285481108	0.3466193126192618	NO	P68400	CSNK2A1	A
154	H	154	18.766	142.055	361.457	0.49	0.626334519572954	0	0	16.112617788587865	0.0030083124422747025	1.1652271545381625	0.6799394878662027	NO	P68400	CSNK2A1	A
155	R	155	20.529	141.431	358.065	0.49	0.619298245614035	0	0	5.606306559474737	0.010262588080122498	1.2246938322526792	1.0431031417825616	NO	P68400	CSNK2A1	A
156	D	156	17.916	138.806	356.955	0.49	0.617957746478873	0	2	7.661002601927828	0.005338140701972231	1.2246485330158656	0.9753780279441056	NO	P68400	CSNK2A1	A
157	V	157	14.675	140.708	356.41	0.49	0.621478873239437	0	0	9.686443014599758	0.0036991778461067898	1.3863245624393012	0.9488474375744573	NO	P68400	CSNK2A1	A
158	K	158	12.452	138.664	354.004	0.49	0.501067615658363	0	0	6.317910883225391	0.013006213993245565	1.2137222958888856	0.8796725853836584	NO	P68400	CSNK2A1	A
159	P	159	8.759	137.391	353.982	0.49	0.629893238434164	0	0	4.147215587479503	0.06631073329186536	0.9967220846341933	0.8796725853836584	NO	P68400	CSNK2A1	A
161	N	161	11.248	135.892	358.507	0.49	0.627659574468085	0	0	16.112617788587865	0.0030083124422747025	0.977509552014393	0.7672076644024878	NO	P68400	CSNK2A1	A
162	V	162	7.98	137.775	359.142	0.49	0.621908127208481	0	0	4.9957026352542355	0.08989275923238187	0.870443718441929	1.1621365651627558	NO	P68400	CSNK2A1	A
163	M	163	5.26	135.8	361.018	0.49	0.621478873239437	0	0	1.7189455448024162	0.6257861635220127	0.40430633483719547	0.002408299949558318	NO	P68400	CSNK2A1	A
164	I	164	1.703	137.149	360.836	0.49	0.621478873239437	0	0	0.5388491202103879	1	0.45337990466715145	-0.27915045722054566	NO	P68400	CSNK2A1	A
165	D	165	-1.339	136.01	362.808	0.49	0.619298245614035	0	0	0	0.5227272727272727	0.2770628297042936	-0.9881372043268899	NO	P68400	CSNK2A1	A
166	H	166	-3.89	137.784	360.606	0.49	0.619718309859155	0	0	0	0.284090909090909	0.30521384011001423	-0.9826186047818454	NO	P68400	CSNK2A1	A
167	E	167	-6.933	136.943	362.889	-0.36	0.619298245614035	0	0	0	0.5227272727272727	0.08702856680296749	-1.6196555153594516	NO	P68400	CSNK2A1	A
168	H	168	-5.326	138.855	365.733	-0.93	0.619718309859155	1	0	0	0.5227272727272727	0.26768610544427235	-1.8566091199091301	NO	P68400	CSNK2A1	A
169	R	169	-3.409	141.336	363.475	-0.08	0.619718309859155	1	0	0	0.5227272727272727	0.45875854630297863	-0.5928565623108433	NO	P68400	CSNK2A1	A
170	K	170	-0.188	140.281	365.272	0.49	0.748936170212766	0	0	0	0.284090909090909	0.514301882221924	-1.0639327844980178	NO	P68400	CSNK2A1	A
171	L	171	3.213	140.446	363.494	0.49	0.76028880866426	0	0	0.39327164745707743	0.6401790033865505	0.7834689878697496	-0.9999627747805551	NO	P68400	CSNK2A1	A
172	R	172	6.626	139.185	364.68	0.49	0.759712230215827	0	0	0.8086118681574294	1	0.832684236496587	0.02533060795566538	NO	P68400	CSNK2A1	A
173	L	173	10.084	139.597	363.067	0.49	0.847172081829121	0	0	4.147215587479503	0.06631073329186536	1.3353604986791987	0.563968917716728	NO	P68400	CSNK2A1	A
174	I	174	11.883	136.228	363.584	0.49	0.734098018769552	0	1	4.147215587479503	0.06631073329186536	0.5564130626469292	0.49835142312626607	NO	P68400	CSNK2A1	A
175	D	175	15.196	134.399	362.847	0.49	0.722222222222222	0	1	13.379885986595545	1.2606540397792183e-4	0.03131880170192325	0.8469093110576515	NO	P68400	CSNK2A1	A
176	W	176	17.876	136.577	364.434	0.49	0.648148148148148	0	1	5.606306559474737	0.010262588080122498	0.6316601512047147	0.8615243594559546	NO	P68400	CSNK2A1	A
177	G	177	20.636	134.049	363.471	0.49	0.648148148148148	0	1	34.616905090123666	2.263497105798967e-5	0.15206766832804422	1.2659124071454633	NO	P68400	CSNK2A1	A
178	L	178	22.323	136.461	360.984	0.49	0.715457154571546	0	0	9.236000166157618	0.0021192624460039337	0.601034790270647	1.2487216186183239	NO	P68400	CSNK2A1	A
179	A	179	21.768	139.596	363.149	0.49	0.720164609053498	0	0	5.158568765947575	0.030228529666506354	0.8975280107170073	0.920091044607847	NO	P68400	CSNK2A1	A
180	E	180	24.792	141.56	364.358	0.49	0.720164609053498	0	0	3.2565597040065812	0.13606561153730967	0.49321073677272076	0.9458362969496819	NO	P68400	CSNK2A1	A
181	F	181	25.783	144.413	366.672	0.49	0.720776538620405	0	0	1.7189455448024162	0.6257861635220127	0.43857214321132865	0.4058139307551018	NO	P68400	CSNK2A1	A
182	Y	182	26.49	147.604	364.754	0.49	0.72890559732665	0	0	0	0.2855917667238421	0.4237519090152047	0.22934330933851316	NO	P68400	CSNK2A1	A
183	H	183	29.918	149.188	365.524	0.49	0.787218045112782	0	0	0	0.2855917667238421	0.21406659236636835	-0.7463276006058766	NO	P68400	CSNK2A1	A
184	P	184	30.748	152.311	363.422	0.49	0.737220109843684	0	0	0	0.2855917667238421	0.17571666965948887	-0.9827992732193324	NO	P68400	CSNK2A1	A
185	G	185	33.639	151.698	361.008	0.21	0.660984848484848	2	0	0	0.07359883303279528	0.24555375350465808	-1.2793966247597661	NO	P68400	CSNK2A1	A
186	Q	186	33.45	147.846	361.346	0.49	0.58863443596268	0	0	0	0.2855917667238421	0.7220277567282084	-0.42423268732338815	NO	P68400	CSNK2A1	A
187	E	187	33.791	145.78	358.092	0.49	0.530268199233717	0	0	0	0.03768600372373958	0.6740227562769883	0.2645657305941165	NO	P68400	CSNK2A1	A
188	Y	188	31.19	143.032	358.026	0.49	0.527756653992396	1	0	0.30548464419424753	0.39324302531849725	1.1599333123858329	1.3245451370657375	NO	P68400	CSNK2A1	A
189	N	189	30.86	139.813	356.009	0.49	0.587484035759898	0	0	0.5388491202103879	1	0.9589299562910545	1.4607413437863739	NO	P68400	CSNK2A1	A
190	V	190	28.703	140.538	352.905	0.49	0.584706379383185	1	0	1.80321013273443	0.45608772778584095	0.9122361988489501	1.4607413437863739	NO	P68400	CSNK2A1	A
191	R	191	27.463	136.89	352.741	0.49	0.585241730279898	0	1	3.2565597040065812	0.13606561153730967	0.9400247918468103	1.4607413437863739	NO	P68400	CSNK2A1	A
192	V	192	24.259	137.789	354.711	0.49	0.578616352201258	0	0	5.158568765947575	0.030228529666506354	1.0257306258321068	0.9165461108723154	NO	P68400	CSNK2A1	A
193	A	193	20.503	138.02	353.705	0.49	0.574282147315855	0	0	9.686443014599758	0.0036991778461067898	1.1037548562469723	0.9325518530168467	NO	P68400	CSNK2A1	A
194	S	194	18.753	135.981	351.03	0.49	0.567901234567901	0	0	4.147215587479503	0.06631073329186536	1.2395607941378575	0.30213213822741053	NO	P68400	CSNK2A1	A
195	R	195	19.747	136.674	347.389	0.49	0.634191176470588	0	0	3.0330310629233783	0.151665703492279	1.3758298262585802	0.37235087795825683	NO	P68400	CSNK2A1	A
196	Y	196	16.536	138.576	346.351	0.49	0.632841328413284	0	0	2.381452482601	0.2721888174718364	1.3715889912528094	0.38260244308533514	NO	P68400	CSNK2A1	A
197	F	197	16.747	140.834	349.462	0.49	0.634191176470588	0	1	4.147215587479503	0.06631073329186536	1.1311563468432007	1.0331593750681853	NO	P68400	CSNK2A1	A
198	K	198	20.503	141.627	349.291	0.49	0.632352941176471	1	1	2.360339738910446	0.2976694440485829	0.85981788873042	1.0786468185488434	NO	P68400	CSNK2A1	A
199	G	199	21.245	145.327	349.192	0.49	0.634191176470588	0	0	3.773070017054567	0.0797855301861027	0.3897738828304089	1.0786468185488434	NO	P68400	CSNK2A1	A
200	P	200	23.602	146.722	346.501	0.49	0.63003663003663	0	0	0.818703199933371	1	0.5343987943793641	0.8366497195121526	NO	P68400	CSNK2A1	A
201	E	201	26.355	147.22	349.251	0.49	0.557575757575758	0	0	0.8086118681574294	1	0.2352840602722174	0.8082819184087793	NO	P68400	CSNK2A1	A
202	L	202	26.451	143.395	349.666	0.49	0.563725490196078	0	0	0.8086118681574294	1	0.530876925774404	1.000268454397555	NO	P68400	CSNK2A1	A
203	L	203	26.583	142.706	345.897	0.49	0.566993464052288	0	0	1	1	0.8644257536094959	0.936362220349777	NO	P68400	CSNK2A1	A
204	V	204	29.453	145.164	345.183	0.49	0.425245098039216	0	0	0.818703199933371	1	0.562455430132491	-0.19017754038134196	NO	P68400	CSNK2A1	A
205	D	205	31.313	143.798	348.315	0.49	0.473181818181818	0	0	0.6365271143245821	0.699725850669247	0.6550398490666476	0.34433499904184556	NO	P68400	CSNK2A1	A
206	Y	206	31.187	147.104	350.315	0.49	0.538819875776398	0	0	0.1730609083394357	0.13155021079549384	0.09655490290629158	-0.19017754038134196	NO	P68400	CSNK2A1	A
207	Q	207	31.839	145.76	353.844	0.49	0.558363417569194	0	0	0.1730609083394357	0.13155021079549384	0.3749138048301613	0.5038008532325682	NO	P68400	CSNK2A1	A
208	M	208	31.208	148.95	355.965	0.49	0.564040404040404	0	0	0	0.019577068633672368	0.26713930980494577	0.5346699013149487	NO	P68400	CSNK2A1	A
209	Y	209	27.403	148.704	355.834	0.49	0.563607085346216	0	0	0.1730609083394357	0.13155021079549384	0.2897946297310539	0.5023956542743394	NO	P68400	CSNK2A1	A
210	D	210	24.822	149.473	358.599	0.49	0.634545454545455	1	0	0.6365271143245821	0.699725850669247	0.1424199974626391	0.6002097208884394	NO	P68400	CSNK2A1	A
211	Y	211	21.059	149.304	359.63	0.49	0.634545454545455	0	0	7.700834091805119	0.060166248845494125	0.20495717594967647	0.11175034388673556	NO	P68400	CSNK2A1	A
212	S	212	20.192	150.81	356.168	0.49	0.627240143369176	0	0	2.697692562821766	0.3523222060957909	-0.45776671151769627	0.4335122277913692	NO	P68400	CSNK2A1	A
213	L	213	20.722	147.29	354.708	0.49	0.566159818828858	0	0	3.0330310629233783	0.151665703492279	0.017841050565476746	0.8978351728723707	NO	P68400	CSNK2A1	A
214	D	214	17.479	146.233	356.491	0.49	0.49469964664311	0	0	4.147215587479503	0.06631073329186536	0.649236720057077	1.0033042361076403	NO	P68400	CSNK2A1	A
215	M	215	15.708	149.203	354.829	0.49	0.495035460992908	0	0	1.9096457255141062	0.33449467933261784	-0.26490504157451805	0.4762754854037339	NO	P68400	CSNK2A1	A
216	W	216	16.675	147.929	351.333	0.49	0.48951048951049	0	0	3.0330310629233783	0.151665703492279	-0.31209952846960576	0.6212097108701097	NO	P68400	CSNK2A1	A
217	S	217	15.349	144.444	352.196	-0.93	0.54320987654321	0	0	7.910759669585621	0.010111272375423318	0.6279397888503088	0.9933599511581025	NO	P68400	CSNK2A1	A
218	L	218	12.07	145.988	353.456	0.49	0.611111111111111	0	0	3.0330310629233783	0.151665703492279	0.4564135067302834	0.8025920357996242	NO	P68400	CSNK2A1	A
219	G	219	11.76	147.972	350.178	0.49	0.611498257839721	0	0	1.8531158825308818	0.4759963708177278	-0.18112280406994022	0.525978558529831	NO	P68400	CSNK2A1	A
220	C	220	12.087	144.635	348.204	0.49	0.607266435986159	0	0	1	1	0.6929514149426717	0.8315635102394331	NO	P68400	CSNK2A1	A
221	M	221	9.222	143.254	350.303	0.49	0.603448275862069	1	0	2.381452482601	0.2721888174718364	0.9408889654255022	0.6848436487427478	NO	P68400	CSNK2A1	A
222	L	222	7.053	146.34	349.803	0.49	0.67281814686659	0	0	0.6365271143245821	0.699725850669247	0.3296067476356382	0.5838971938516089	NO	P68400	CSNK2A1	A
223	A	223	7.668	146.362	345.976	0.49	0.670498084291188	0	0	0.6365271143245821	0.699725850669247	0.11297550097203878	-0.014717562353854925	NO	P68400	CSNK2A1	A
224	S	224	5.303	142.498	346.176	0.49	0.668193967163039	0	0	0.5388491202103879	1	0.6523472172551839	0.6087470280602867	NO	P68400	CSNK2A1	A
225	M	225	3.51	143.186	347.748	0.49	0.665905631659056	1	0	0.2467456213464577	0.2368690533784873	0.42963933044023106	0.4088985138341406	NO	P68400	CSNK2A1	A
226	I	226	2.119	146.282	346.006	0.49	0.603448275862069	0	0	0.2467456213464577	0.2368690533784873	0.03190363036779744	0.4578214361575008	NO	P68400	CSNK2A1	A
227	F	227	3.147	145.048	342.487	0.49	0.670103092783505	0	0	0.39327164745707743	0.6401790033865505	0.23609004992306443	0.3611731589723461	NO	P68400	CSNK2A1	A
228	R	228	2.275	141.347	343.157	0.49	0.674329501915709	0	0	0.30548464419424753	0.39324302531849725	0.5275767020949096	0.11306771791007525	NO	P68400	CSNK2A1	A
229	K	229	5.649	140.252	341.729	-0.08	0.683760683760684	0	0	0.5388491202103879	1	1.1893585637599158	0.8339004172025744	NO	P68400	CSNK2A1	A
230	E	230	7.517	137.708	343.845	0.49	0.687645687645688	0	0	1.7189455448024162	0.6257861635220127	1.42565609342771	1.1473208804944741	NO	P68400	CSNK2A1	A
231	P	231	10.384	138.276	344.1	0.49	0.692488262910798	0	1	1.758675302420347	0.6613449443638124	1.5341530642149679	-0.026346795111611056	NO	P68400	CSNK2A1	A
232	F	232	10.687	141.859	342.847	0.49	0.692007797270955	0	0	1.285618727395533	1	1.3232438113010123	0.18382345174427714	NO	P68400	CSNK2A1	A
233	F	233	14.426	141.556	341.893	0.49	0.747368421052632	0	0	1	1	1.3454056507401209	-0.09447209782089493	NO	P68400	CSNK2A1	A
234	H	234	14.759	138.016	340.558	0.49	0.747887323943662	0	0	1.285618727395533	1	1.5667067000461825	-0.0053495692989967356	NO	P68400	CSNK2A1	A
235	G	235	18.521	137.39	340.352	0.49	0.748936170212766	0	0	1.758675302420347	0.6613449443638124	1.5379541855099284	0.7124728985295437	NO	P68400	CSNK2A1	A
236	H	236	19.752	133.891	339.457	-0.93	0.683274021352313	0	0	0.827794671963269	1	1.6515471963876904	0.3383386759011282	NO	P68400	CSNK2A1	A
237	D	237	23.091	134.36	341.295	0.49	0.628571428571429	1	0	0.39327164745707743	0.6401790033865505	1.4367065828535426	0.02533060795566538	NO	P68400	CSNK2A1	A
238	N	238	24.705	137.136	343.378	0.49	0.720942140296979	0	0	1	1	1.1848517839596557	0.5907954432829141	NO	P68400	CSNK2A1	A
239	Y	239	26.229	138.869	340.281	0.49	0.717844433146924	0	0	0.30548464419424753	0.39324302531849725	1.1479596982859621	0.5038008532325682	NO	P68400	CSNK2A1	A
240	D	240	22.959	138.606	338.27	0.49	0.713272543059777	0	0	0.30548464419424753	0.39324302531849725	1.275885875634657	0.43544796105015343	NO	P68400	CSNK2A1	A
241	Q	241	21.143	140.034	341.337	0.49	0.624555160142349	0	0	1	1	1.3311742899770407	0.44899809386164513	NO	P68400	CSNK2A1	A
242	L	242	22.859	143.488	340.857	0.49	0.537244897959184	1	0	0.6365271143245821	0.699725850669247	1.0739777026140211	0.38260244308533514	NO	P68400	CSNK2A1	A
243	V	243	21.953	143.365	337.088	0.49	0.533434650455927	0	0	0	0.1451525413789565	1.2517300887368517	-0.17184435495580172	NO	P68400	CSNK2A1	A
244	R	244	18.208	142.864	338.033	0.49	0.618374558303887	0	0	1	1	1.4618242038598706	0.15390631263359952	NO	P68400	CSNK2A1	A
245	I	245	18.425	145.929	340.281	0.49	0.621428571428571	0	0	1.285618727395533	1	1.0077014767645245	0.8916357657037143	NO	P68400	CSNK2A1	A
246	A	246	20.239	147.92	337.527	0.49	0.623655913978495	0	0	0	0.2855917667238421	0.946997207398794	0.5614140105199483	NO	P68400	CSNK2A1	A
247	K	247	17.429	146.99	335.071	0.49	0.536485097636177	0	0	0	0.2855917667238421	1.2506990608122637	0.3044633438723986	NO	P68400	CSNK2A1	A
248	V	248	15.041	149.001	337.391	-0.65	0.630434782608696	1	0	0	0.2855917667238421	0.5272680370160833	-0.0015438221204600688	NO	P68400	CSNK2A1	A
249	L	249	17.251	151.678	339.016	0.49	0.623655913978495	0	0	0	0.2855917667238421	0.23137251647716373	-0.22681478011151301	NO	P68400	CSNK2A1	A
250	G	250	19.463	152.274	335.934	0.49	0.623214285714286	0	0	0	0.284090909090909	0.6500533022115352	-0.5393251734259368	NO	P68400	CSNK2A1	A
251	T	251	23.258	151.97	335.495	0.49	0.622775800711744	0	0	0	0.2855917667238421	0.901797012767275	-0.670477076193957	NO	P68400	CSNK2A1	A
252	E	252	23.914	155.795	335.811	0.49	0.620567375886525	0	0	0	0.5227272727272727	0.9212198102520315	-1.9711377482878474	NO	P68400	CSNK2A1	A
253	D	253	22.993	155.941	339.528	-0.08	0.534183673469388	0	0	0	0.5227272727272727	0.48609028430725565	-1.443156349507198	NO	P68400	CSNK2A1	A
254	L	254	24.945	152.643	340.07	0.49	0.538026721479959	0	0	0	0.2855917667238421	0.48970067479223817	-0.696439799803137	NO	P68400	CSNK2A1	A
255	Y	255	28.202	154.295	338.841	0.49	0.630434782608696	0	0	0	1	0.5881920479827671	-1.9976694768697896	NO	P68400	CSNK2A1	A
256	D	256	27.444	157.412	340.98	-1.22	0.625448028673835	0	0	0	1	0.2808762342814877	-2.537049692374533	NO	P68400	CSNK2A1	A
257	Y	257	27.137	155.038	344.011	0.49	0.69995988768552	0	0	0	0.284090909090909	-0.164797222580537	-1.8948737684639758	NO	P68400	CSNK2A1	A
258	I	258	30.429	153.142	343.405	0.21	0.566544566544567	0	0	0	0.284090909090909	-0.010497953434398096	-1.7506401325372063	NO	P68400	CSNK2A1	A
259	D	259	32.201	156.454	342.592	-0.93	0.566993464052288	0	0	0	0.284090909090909	-0.105048753434381	-3.0351927230666385	NO	P68400	CSNK2A1	A
260	K	260	31.002	158.088	345.856	0.49	0.57283950617284	0	0	0	0.284090909090909	-0.42969268544229205	-3.5076406870939896	NO	P68400	CSNK2A1	A
261	Y	261	32.486	155.232	347.984	0.49	0.514498141263941	0	0	0	0.284090909090909	-0.3430962895573428	-1.8884776904472105	NO	P68400	CSNK2A1	A
262	N	262	35.473	154.465	345.654	-1.22	0.514498141263941	0	0	0	0.284090909090909	0.0647860954466475	-3.651224550570149	NO	P68400	CSNK2A1	A
263	I	263	34.255	150.851	345.272	0.49	0.586346738763096	1	0	0	0.284090909090909	0.3184166365007857	-2.2749260405510854	NO	P68400	CSNK2A1	A
264	E	264	36.06	148.477	342.897	-0.08	0.512177121771218	0	0	0	0.2855917667238421	0.32102003517088085	-1.66246607989431	NO	P68400	CSNK2A1	A
265	L	265	33.521	146.536	340.775	0.49	0.514074074074074	0	0	0	0.284090909090909	0.65004089703222	-0.8016289789619773	NO	P68400	CSNK2A1	A
266	D	266	34.405	142.834	340.515	0.49	0.569085690856909	0	0	0	0.2855917667238421	0.7640395009536831	0.3291863932126643	NO	P68400	CSNK2A1	A
267	P	267	35.446	141.872	336.889	0.49	0.635531135531136	0	0	0	0.5227272727272727	0.7539329069189957	-0.035795546727287256	NO	P68400	CSNK2A1	A
268	R	268	32.513	139.373	336.814	-0.36	0.564916564916565	0	0	0	0.2855917667238421	0.9148552510275548	0.4630500834439331	NO	P68400	CSNK2A1	A
269	F	269	30.224	142.445	336.269	0.49	0.560808080808081	0	0	0	0.2855917667238421	1.0004192528319586	0.21255809523793193	NO	P68400	CSNK2A1	A
270	N	270	32.082	143.552	333.08	0.49	0.55515443241075	1	0	0	0.5227272727272727	0.993896871588868	-0.45313963732123747	NO	P68400	CSNK2A1	A
271	D	271	30.132	141.424	330.534	0.49	0.563701531443467	0	0	0	0.5227272727272727	1.049327229163625	-0.07494037484937498	NO	P68400	CSNK2A1	A
272	I	272	26.71	141.21	332.316	0.49	0.563701531443467	1	0	0	0.2855917667238421	1.1571384794910577	0.4834893410181702	NO	P68400	CSNK2A1	A
273	L	273	25.956	144.732	333.684	0.49	0.62410071942446	0	0	0	0.284090909090909	1.0686693245276937	0.6338358029825093	NO	P68400	CSNK2A1	A
274	G	274	25.208	146.408	330.314	0.49	0.62410071942446	0	0	0	0.284090909090909	1.058461321718577	0.9232527422638621	NO	P68400	CSNK2A1	A
275	R	275	23.553	149.835	330.117	-0.36	0.625448028673835	0	0	0	0.2855917667238421	1.0461279980323077	-0.010885201558685473	NO	P68400	CSNK2A1	A
276	H	276	20.112	150.457	331.583	0.49	0.625	0	0	0	0.2855917667238421	1.0475465352929307	-0.010885201558685473	NO	P68400	CSNK2A1	A
277	S	277	17.885	153.494	331.876	0.49	0.629496402877698	0	0	0	0.5227272727272727	1.0495816452765778	-0.4437165384248797	NO	P68400	CSNK2A1	A
278	R	278	16.26	154.506	335.187	0.49	0.631294964028777	1	0	0	0.284090909090909	0.5327527668289141	-0.8789149216645609	NO	P68400	CSNK2A1	A
279	K	279	12.657	153.172	335.084	0.49	0.524193548387097	0	0	0	0.284090909090909	0.5975300133494545	-0.43627724982249244	NO	P68400	CSNK2A1	A
280	R	280	9.561	154.971	336.452	0.49	0.524193548387097	0	0	0	0.284090909090909	-0.2699387942247451	-0.5416671716896513	NO	P68400	CSNK2A1	A
281	W	281	7.843	153.051	339.328	0.49	0.488753124132186	0	0	0	0.2855917667238421	-0.8148861529208485	-0.3389942450220374	NO	P68400	CSNK2A1	A
282	E	282	4.481	153.558	337.459	0.49	0.488006617038875	0	0	0	0.284090909090909	-0.8165727088033944	-0.5737423653013957	NO	P68400	CSNK2A1	A
283	R	283	5.782	150.992	334.812	-0.65	0.488378527946873	0	0	0	0.284090909090909	-0.22021766524559624	-1.4638289880272948	NO	P68400	CSNK2A1	A
284	F	284	5.164	148.095	337.253	0.49	0.491917502787068	0	0	0	0.284090909090909	0.05759093728177934	-0.6993304948029216	NO	P68400	CSNK2A1	A
285	V	285	1.451	149.015	337.726	-0.08	0.496911847276811	0	0	0	0.284090909090909	-0.3487111438788688	-0.12263684234582602	NO	P68400	CSNK2A1	A
286	H	286	-0.91	146.46	336.107	0.49	0.400112707805016	1	0	0	0.5227272727272727	-0.26657355917767306	-0.8677559887609796	NO	P68400	CSNK2A1	A
287	S	287	-4.605	145.463	336.307	0.49	0.400794777178541	0	0	0	0.5227272727272727	-0.4566742859443214	-0.8518146560415768	NO	P68400	CSNK2A1	A
288	E	288	-3.785	142.706	338.87	0.49	0.323260073260073	0	0	0	0.284090909090909	0.11100958445320636	0.06256838034872796	NO	P68400	CSNK2A1	A
289	N	289	-2.037	145.143	341.289	0.49	0.350082644628099	0	0	0	0.2855917667238421	0.15758236020611527	-0.7524470154239697	NO	P68400	CSNK2A1	A
290	Q	290	-3.472	148.695	340.7	-0.36	0.321167883211679	0	0	0	0.284090909090909	-0.616797183710971	-0.010885201558685473	NO	P68400	CSNK2A1	A
291	H	291	-5.787	148.452	343.769	0.49	0.324074074074074	1	0	0	0.2855917667238421	-0.3012626860776484	-0.41428283134586763	NO	P68400	CSNK2A1	A
292	L	292	-2.595	148.246	346.019	0.49	0.327715355805243	0	0	0	0.1451525413789565	-0.03129043417622242	0.15390631263359952	NO	P68400	CSNK2A1	A
293	V	293	-0.647	151.063	344.309	0.49	0.328947368421053	0	0	0	0.2855917667238421	-0.38831548956760764	-0.019677088088780468	NO	P68400	CSNK2A1	A
294	S	294	-0.937	154.83	344.999	0.49	0.239917976760082	0	0	0	0.5227272727272727	-0.7146780456559305	-0.035795546727287256	NO	P68400	CSNK2A1	A
295	P	295	1.324	157.92	344.498	0.49	0.239917976760082	0	0	0	0.5227272727272727	-1.0878848963804344	0.02533060795566538	NO	P68400	CSNK2A1	A
296	E	296	2.172	157.761	348.294	0.49	0.239917976760082	0	0	0	0.5227272727272727	-0.4673102706600933	0.5649270079155209	NO	P68400	CSNK2A1	A
297	A	297	3.216	154.065	348.03	0.49	0.240137221269297	0	0	0	0.1451525413789565	-0.22484232935912163	0.4630500834439331	NO	P68400	CSNK2A1	A
298	L	298	5.447	154.822	344.975	0.49	0.240137221269297	0	0	0	1	-0.6915756808010369	-0.026346795111611056	NO	P68400	CSNK2A1	A
299	D	299	7.048	157.875	346.659	0.49	0.26	0	0	0	1	-0.8580270448325014	1.0472885733844417	NO	P68400	CSNK2A1	A
300	F	300	7.774	155.742	349.798	-0.36	0.26	0	0	0.818703199933371	1	-0.8879001970166862	0.8796725853836584	NO	P68400	CSNK2A1	A
301	L	301	9.195	152.884	347.68	0.49	0.256934306569343	0	0	0.818703199933371	1	-0.5237650597641598	0.44899809386164513	NO	P68400	CSNK2A1	A
302	D	302	11.406	155.294	345.729	0.49	0.144078144078144	1	0	1.120456815443766	1	-1.025464087148889	0.30213213822741053	NO	P68400	CSNK2A1	A
303	K	303	12.879	156.544	349.091	0.49	0.144199346405229	0	0	3.4944569568368467	0.5492424242424243	-1.3638414429493808	0.8092400086075714	NO	P68400	CSNK2A1	A
304	L	304	13.714	152.961	350.176	0.49	0.257664233576642	0	0	1.7189455448024162	0.6257861635220127	-1.1280182080144823	0.3646861563679179	NO	P68400	CSNK2A1	A
305	L	305	15.068	151.395	346.995	0.49	0.234625668449198	0	0	1.80321013273443	0.45608772778584095	-0.450533397902161	-0.029112283389369602	NO	P68400	CSNK2A1	A
306	R	306	18.159	153.586	346.532	0.49	0.234625668449198	0	0	1.120456815443766	1	-0.6145710457960815	-0.8367589529176969	NO	P68400	CSNK2A1	A
307	Y	307	21.689	152.365	345.695	0.49	0.13	0	0	1.285618727395533	1	-0.16547277773210597	-0.3807547543997939	NO	P68400	CSNK2A1	A
308	D	308	23.154	154.813	348.256	0.49	0.130970149253731	0	0	3.4944569568368467	0.5492424242424243	-0.5110912735586541	-0.284515762333783	NO	P68400	CSNK2A1	A
309	H	309	22.628	153.169	351.674	0.49	0.145522388059701	0	0	2.697692562821766	0.3523222060957909	-0.6299414902483436	0.5891382061823001	NO	P68400	CSNK2A1	A
310	Q	310	23.045	156.667	353.267	0.49	0.163712686567164	0	0	3.4944569568368467	0.5492424242424243	-1.0859956400442792	0.6218375657237862	NO	P68400	CSNK2A1	A
311	S	311	18.876	157.517	351.288	-0.36	0.145522388059701	0	0	3.4944569568368467	0.5492424242424243	-1.6230482128917458	0.6644619341233934	NO	P68400	CSNK2A1	A
312	R	312	17.617	155.544	352.146	0.49	0.164943609022556	0	2	1.7189455448024162	0.6257861635220127	-1.3468148222470384	0.04660021036885559	NO	P68400	CSNK2A1	A
313	L	313	14.993	156.472	354.786	0.49	0.165719696969697	0	0	1.7189455448024162	0.6257861635220127	-1.1223084408289004	0.6405066375973978	NO	P68400	CSNK2A1	A
314	T	314	15.789	155.275	358.332	0.49	0.163857677902622	0	0	1.7189455448024162	0.6257861635220127	-0.31756337912698374	0.663290934991536	NO	P68400	CSNK2A1	A
315	A	315	13.012	153.198	360.024	0.49	0.293501048218029	0	0	1.7189455448024162	0.6257861635220127	0.05313785382825379	0.20554737434850748	NO	P68400	CSNK2A1	A
316	R	316	11.905	156.333	362.002	-0.08	0.29404309252218	0	0	3.4944569568368467	0.5492424242424243	0.4403114014589369	1.0768209141274367	NO	P68400	CSNK2A1	A
317	E	317	11.766	158.6	358.889	0.49	0.333015267175573	0	0	3.4944569568368467	0.5492424242424243	-0.18845342996794603	0.3565792393012134	NO	P68400	CSNK2A1	A
318	A	318	9.865	155.795	357.077	0.49	0.440656565656566	0	0	0.818703199933371	1	-0.18758718191590643	0.5891382061823001	NO	P68400	CSNK2A1	A
319	M	319	7.273	155.786	359.96	0.49	0.436953807740325	1	0	0	0.284090909090909	0.8719502208852639	0.38576414074134957	NO	P68400	CSNK2A1	A
320	E	320	6.698	159.548	359.343	0.49	0.528301886792453	0	0	0	1	0.6204413978813753	0.02533060795566538	NO	P68400	CSNK2A1	A
321	H	321	5.947	159.071	355.586	0.49	0.665399239543726	0	0	0	0.2855917667238421	-0.4598641126075922	0.43544796105015343	NO	P68400	CSNK2A1	A
322	P	322	2.482	160.033	354.151	0.49	0.723140495867769	0	0	0	0.5227272727272727	-0.06597259369181821	0.43695353136254156	NO	P68400	CSNK2A1	A
323	Y	323	1.954	156.336	353.164	0.49	0.815850815850816	0	0	0	0.284090909090909	-0.14096747563183495	0.5038008532325682	NO	P68400	CSNK2A1	A
324	F	324	1.283	155.587	356.908	0.49	0.85795763172189	0	0	0	0.284090909090909	0.5479902672823724	0.1779954376318074	NO	P68400	CSNK2A1	A
325	Y	325	-1.131	158.553	357.588	0.49	0.797727272727273	0	0	0	0.5227272727272727	1.0399018958161284	0.40436236224731875	NO	P68400	CSNK2A1	A
326	T	326	-4.07	156.046	357.516	-0.36	0.745047169811321	0	0	0	0.5227272727272727	1.2079202907929907	0.4630500834439331	NO	P68400	CSNK2A1	A
327	V	327	-2.595	153.742	360.239	0.49	0.769735403455062	0	0	0	0.284090909090909	1.3089037685162332	0.5628192094781772	NO	P68400	CSNK2A1	A
328	V	328	-2.499	153.865	364.109	0.49	0.76839591925331	0	0	0	0.284090909090909	1.356144310591943	0.263511831375445	NO	P68400	CSNK2A1	A
