Uniprot_position	aminoacid	Position_in_structure	x	y	z	paraz	mtr	gscount	pscount	OR	pvalue	mtr3dscore	paraz3dscore	HotSpot3D	Uniprot
28	K	28	-57.97	46.875	-13.678	-0.39	0.311170212765957	0	0	0	1	-0.38460971149168377	0.19016147125524122	NO	O43791
29	V	29	-58.869	49.016	-10.614	0.64	0.233377659574468	0	0	0	1	-0.6675196653181432	-0.5028496164236052	NO	O43791
30	V	30	-56.968	49.108	-7.29	0.64	0.190269094862734	0	0	179.10541228018562	0.04983388704318933	-0.7162484935958239	-0.6483819448361628	NO	O43791
31	K	31	-58.83	50.683	-4.363	-0.39	0.112431737873434	0	0	179.10541228018562	0.04983388704318933	-0.8281644455065789	-0.7544557472038486	NO	O43791
32	F	32	-57.271	51.719	-1.073	1.33	0.123239436619718	0	0	179.10541228018562	0.04983388704318933	-0.85291086945644	-0.24569143891987155	NO	O43791
33	S	33	-57.929	54.393	1.527	-0.39	0.154049295774648	0	0	179.10541228018562	0.04983388704318933	-0.966631869197415	0.30505541473883946	YES	O43791
34	Y	34	-56.191	56.353	4.274	-0.39	0	0	0	179.10541228018562	0.04983388704318933	-1.015559354636666	0.4581743908480919	YES	O43791
35	M	35	-57.345	57.984	7.518	1.33	0	0	0	0	1	-1.099255236497071	0.857808914267623	NO	O43791
36	W	36	-55.42	61.006	8.792	0.64	0	0	0	0	1	-0.9816534758689969	1.093410238375186	NO	O43791
37	T	37	-56.144	62.332	12.298	1.33	0	0	0	0	1	-1.119998505374768	0.7602542765405238	NO	O43791
38	I	38	-54.74	65.823	12.931	-0.73	0	0	0	0	1	-0.9631173623386337	0.49800429125573925	NO	O43791
39	N	39	-54.655	66.377	16.741	1.33	0	0	0	0	1	-1.135110830732876	0.3409074744141135	NO	O43791
40	N	40	-55.383	69.897	18.101	0.99	0	0	0	0	1	-1.062155943922032	-0.03035766060739606	NO	O43791
41	F	41	-56.581	71.251	14.73	-0.04	0.208033573141487	0	0	0	1	-0.9424378642535968	0.11432014895572319	NO	O43791
42	S	42	-57.611	74.759	15.82	-0.73	0.208033573141487	0	0	0	1	-0.7734734579167949	-0.6635990093508795	NO	O43791
43	F	43	-54.332	74.995	17.755	0.3	0.178699436763953	0	0	0	1	-0.9700637143718598	0.27963070455619443	NO	O43791
44	C	44	-51.994	74.364	14.794	-0.73	0.178699436763953	0	0	0	1	-0.8844902986931328	0.32073934988104486	NO	O43791
45	R	45	-50.008	77.481	13.933	-1.08	0.157823741007194	0	0	0	1	-0.7776653957771605	0.4303445245376203	NO	O43791
46	E	46	-49.915	77.046	10.144	1.33	0.25089605734767	0	0	0	1	-0.8013242462794362	0.522077307985636	NO	O43791
47	E	47	-50.687	80.376	8.501	1.33	0.250179211469534	0	0	0	1	-1.0311536427623735	0.7468856644830121	NO	O43791
48	M	48	-51.822	81.225	4.96	0.64	0.249462365591398	0	0	0	1	-1.161341422978484	0.31800377979810207	NO	O43791
49	G	49	-49.658	79.238	2.511	-0.39	0.278177458033573	0	0	0	1	-1.1014410146682034	0.4295785649143964	NO	O43791
50	E	50	-48.271	76.853	5.137	1.33	0.27938808373591	0	0	0	1	-0.891194616966277	0.5206183372747332	NO	O43791
51	V	51	-48.707	73.154	4.381	0.64	0.27938808373591	0	0	179.10541228018562	0.04983388704318933	-0.8283883991718146	0.5177638293620973	YES	O43791
52	I	52	-48.681	70.076	6.616	-0.04	0.279181708784597	0	0	179.10541228018562	0.04983388704318933	-0.8521192696228057	0.59275633353604	YES	O43791
53	K	53	-48.231	66.637	5.014	-0.04	0.316363636363636	0	0	179.10541228018562	0.04983388704318933	-0.9300296772595509	1.1782899121783776	YES	O43791
54	S	54	-49.293	63.175	6.249	-0.39	0.359213250517598	0	0	179.10541228018562	0.04983388704318933	-0.9483782302561923	1.350420506434435	YES	O43791
55	S	55	-47.345	59.926	6.647	1.33	0.36128364389234	0	0	0	1	-0.8876959184635997	1.1817509149203527	NO	O43791
56	T	56	-46.793	57.908	3.422	1.33	0.364495798319328	0	0	0	1	-0.71419624885715	1.0679226543908051	NO	O43791
57	F	57	-49.232	55.126	2.429	-0.04	0.31959706959707	0	0	0	1	-0.5787707787706632	0.47642564380577324	NO	O43791
58	S	58	-49.644	52.454	-0.311	0.3	0.317518248175182	0	0	0	1	-0.5231791162763555	0.261833407428343	NO	O43791
59	S	59	-52.257	49.99	-1.592	-0.39	0.316605839416058	0	0	0	1	-0.38080615021875414	-0.2105083602264497	NO	O43791
60	G	60	-50.459	46.777	-0.52	1.33	0.316605839416058	0	0	0	1	0.3391142693498509	0.4487971881880164	NO	O43791
61	A	61	-47.314	44.627	-0.661	-0.39	0.316849816849817	1	0	0	0.3086538502545906	0.5428620975275634	0.087790359706892293	NO	O43791
62	N	62	-47.251	44.453	-4.469	-0.04	0.281644281644282	0	0	0	0.31984068115662007	0.5387859618343444	0.28997409793374596	NO	O43791
63	D	63	-47.58	48.23	-4.789	-1.08	0.282082820828208	0	0	0	1	-0.18720506833572123	0.8911968978440531	NO	O43791
64	K	64	-44.452	50.24	-5.741	-0.04	0.285240464344942	0	0	0	1	-0.432857643311069	0.6703452064811366	NO	O43791
65	L	65	-46.258	53.561	-5.28	0.3	0.287631027253669	0	0	0	1	-0.8457406431959248	0.3499187640991016	NO	O43791
66	K	66	-46.043	55.81	-2.221	-0.04	0.286549707602339	0	0	0	1	-0.6684871111689166	0.3746271390418109	NO	O43791
67	W	67	-48.693	58.471	-1.678	1.33	0.286792452830189	0	0	179.10541228018562	3.7239192984483633e-6	-0.8078051138966231	0.019024206866338753	YES	O43791
68	C	68	-49.336	61.089	0.994	1.33	0.289818335445712	0	0	179.10541228018562	2.617915266809206e-4	-0.7902766226790584	0.3763018177879279	YES	O43791
69	L	69	-51.922	63.725	1.883	-0.04	0.263320463320463	0	0	178.10541228018562	1.7263547447989013e-7	-0.9241205895155055	0.3944173707816381	YES	O43791
70	R	70	-51.342	67.463	1.851	0.64	0.264341085271318	0	0	60.458769588159846	2.7619068130158674e-5	-0.8163907353266712	0.7724059668037014	YES	O43791
71	V	71	-53.47	69.971	3.794	-0.04	0.266147859922179	0	0	30.793125163389746	1.150070410004134e-4	-0.8412237815757582	0.8310806728698068	YES	O43791
72	N	72	-53.155	73.77	3.972	-0.73	0.165057915057915	0	0	9.54770775768063	0.019586139746154082	-0.8412081497817098	0.1669165189828839	YES	O43791
73	P	73	-55.117	74.867	7.128	-0.39	0.146289146289146	0	0	3.7226277285896203	0.22631877481565513	-0.8299032973108914	0.10166928621317314	NO	O43791
74	K	74	-55.549	78.454	5.797	-0.73	0.165697674418605	0	0	0	1	-0.9245708393973743	-0.21470290102029535	NO	O43791
75	G	75	-55.407	77.898	1.989	-0.39	0.165856031128405	0	0	9.54770775768063	0.019586139746154082	-0.98934100202494335	0.03204552046114655	YES	O43791
76	L	76	-52.833	79.204	-0.525	1.33	0.188086045228902	0	0	3.7226277285896203	0.22631877481565513	-1.1236915552072093	0.47247230381493976	NO	O43791
77	D	77	-54.35	82.012	-2.6	-0.04	0	0	0	0	1	-1.2415756409644185	0.24349069013534744	NO	O43791
78	E	78	-56.176	85.04	-1.104	-0.04	0	0	0	0	1	-1.2731095131839132	-0.18406451609133584	NO	O43791
79	E	79	-59.555	83.56	-2.145	-2.46	0	0	0	0	1	-1.2854170697020337	-0.5313853670927342	NO	O43791
80	S	80	-58.735	80.286	-0.303	0.64	0	0	0	3.7226277285896203	0.22631877481565513	-1.0912253426288991	-0.3719215848271848	NO	O43791
81	K	81	-57.787	82.008	2.975	-0.04	0	0	0	0	1	-1.0005544610480528	-0.40072166666040676	NO	O43791
82	D	82	-61.029	80.953	4.696	0.64	0	0	0	0	1	-0.9208700748586123	-0.34795555928275423	NO	O43791
83	Y	83	-60.827	77.408	3.276	0.64	0	0	0	2.437617806249876	0.5749004257228876	-0.9129959948410347	-0.24548718302034514	NO	O43791
84	L	84	-58.913	74.189	3.865	1.33	0	0	0	6.2762417670423	0.03990384343848834	-0.8793874355088448	0.29228942101843963	YES	O43791
85	S	85	-56.971	73.005	0.794	-1.08	0	0	0	30.793125163389746	1.150070410004134e-4	-0.94362490031903	0.02257180933179722	YES	O43791
86	L	86	-56.619	69.228	0.509	1.33	0	0	0	103.4753577161563	9.236780220661097e-7	-1.0243434115988412	0.3951468561370895	YES	O43791
87	Y	87	-54.465	67.357	-2.006	-0.73	0	0	2	103.4753577161563	9.236780220661097e-7	-0.9127058053369471	-0.08514630189212365	NO	O43791
88	L	88	-53.45	63.794	-2.882	-0.73	0	0	0	178.10541228018562	1.7263547447989013e-7	-0.8712462134686634	-0.45484948003490194	NO	O43791
89	L	89	-49.696	63.671	-3.646	-0.73	0	0	0	178.10541228018562	1.7263547447989013e-7	-0.8159914757672015	0.28118941412332754	YES	O43791
90	L	90	-47.724	60.89	-5.401	1.33	0	0	0	179.10541228018562	2.617915266809206e-4	-0.9079220613475483	0.1894703798658662	YES	O43791
91	V	91	-44.421	60.894	-3.447	0.64	0	0	0	0	1	-0.8549144699957354	0.6203817482995719	NO	O43791
92	S	92	-42.572	58.001	-5.128	0.64	0	0	0	0	1	-0.9732112934590129	0.5129149719211663	NO	O43791
93	C	93	-43.121	55.77	-8.173	0.64	0	0	0	0	1	-1.1382653522747024	0.11502447964374526	NO	O43791
94	P	94	-40.869	53.682	-10.506	1.33	0	0	0	0	1	-1.3526022509264575	0.1048116846674254	NO	O43791
95	K	95	-40.828	56.418	-13.203	-0.39	0	0	0	0	1	-1.372122114976039	-0.10761445084002728	NO	O43791
96	S	96	-44.473	55.543	-13.902	1.33	0	0	0	0	1	-1.175106635814742	-0.03459296675934041	NO	O43791
97	E	97	-47.389	57.758	-14.807	0.3	0	0	0	0	1	-1.096412428994744	-0.23512849097293503	NO	O43791
98	V	98	-50.411	56.765	-12.713	-0.04	0	0	0	179.10541228018562	0.009723685276719875	-0.912109913158336	-0.3275299693301146	NO	O43791
99	R	99	-54.111	57.235	-13.516	-0.73	0	0	0	179.10541228018562	2.617915266809206e-4	-0.8282999903640351	-0.4228493891090998	NO	O43791
100	A	100	-56.143	57.702	-10.319	-0.04	0	0	0	179.10541228018562	2.617915266809206e-4	-0.8634581442447454	-0.4607563398320167	NO	O43791
101	K	101	-59.569	58.818	-9.097	-0.04	0	0	0	179.10541228018562	2.617915266809206e-4	-0.9926777122707741	-0.7807364732792756	NO	O43791
102	F	102	-59.851	60.136	-5.552	-0.04	0	0	2	178.10541228018562	1.7263547447989013e-7	-1.0650889079663648	-0.46474803516579644	NO	O43791
103	K	103	-62.371	61.217	-2.955	-0.39	0	0	0	178.10541228018562	1.7263547447989013e-7	-1.1803188877261674	-0.28686280374873285	NO	O43791
104	F	104	-61.886	63.291	0.174	-0.73	0	0	0	103.4753577161563	9.236780220661097e-7	-1.2574725048482602	0.15744685877615075	YES	O43791
105	S	105	-64.131	63.428	3.214	0.3	0	0	0	40.6627305368006	2.1878025878384086e-4	-1.3727508650419273	0.6895671455972815	YES	O43791
106	I	106	-64.177	64.2	6.954	-0.04	0	0	0	0	1	-1.3290295750432244	1.0489577044519411	NO	O43791
107	L	107	-65.147	61.582	9.568	0.99	0	0	0	0	1	-1.3686405854618253	1.0576654559580665	NO	O43791
108	N	108	-67.514	62.3	12.483	1.33	0	0	0	0	1	-1.1626917175877391	0.7219562953793244	NO	O43791
109	A	109	-67.561	60.766	16.013	-0.04	0	0	0	0	1	-1.2842318769447947	0.3015423668428497	NO	O43791
110	K	110	-69.407	57.652	14.724	-0.39	0	0	0	0	1	-1.549852024897634	0.6185938319376696	NO	O43791
111	G	111	-66.838	57.183	11.909	-1.08	0	0	0	0	1	-1.4265810063825537	1.2448821133397614	NO	O43791
112	E	112	-69.346	58.233	9.264	1.33	0	0	0	0	1	-1.4911691289553464	1.2726748278418825	NO	O43791
113	E	113	-68.438	60.234	6.151	1.33	0	0	0	0	1	-1.604068297835602	0.9264774623077034	NO	O43791
114	T	114	-69.438	63.869	5.792	-0.04	0	0	0	0	1	-1.2649492998593623	1.3180917278542226	NO	O43791
115	K	115	-68.501	66.801	3.519	-0.04	0	0	0	0	1	-1.0899279812457265	0.9798439582385093	NO	O43791
116	A	116	-67.316	64.495	0.73	1.33	0	0	0	19.161883337048838	0.007461058510406213	-1.4334724152171816	0.9773396032964901	YES	O43791
117	M	117	-65.7	65.907	-2.409	0.64	0	0	0	20.504140732694445	7.922638307448876e-4	-1.2562969788644145	0.28183346425696937	YES	O43791
118	E	118	-64.503	63.671	-5.259	-1.08	0.158967391304348	0	0	178.10541228018562	1.7263547447989013e-7	-1.176290877890022	-0.7723539282987121	NO	O43791
119	S	119	-62.751	63.843	-8.612	-0.39	0.158514492753623	0	0	178.10541228018562	1.7263547447989013e-7	-1.1586803657132378	-1.0853717298806178	NO	O43791
120	Q	120	-65.126	63.538	-11.591	0.3	0.278773397052967	0	0	179.10541228018562	0.04983388704318933	-1.166525717406671	-0.2934873194090485	NO	O43791
121	R	121	-62.544	61.465	-13.46	-0.73	0.249110320284698	0	0	179.10541228018562	2.617915266809206e-4	-0.8469599210089963	-1.4373203567568706	NO	O43791
122	A	122	-59.117	59.881	-13.098	-1.08	0.250714285714286	0	0	179.10541228018562	2.617915266809206e-4	-0.8264086383515288	-1.0371644808665206	NO	O43791
123	Y	123	-56.19	62.329	-13.022	-0.04	0.228907782864617	0	0	179.10541228018562	2.617915266809206e-4	-0.9927082832526031	-0.9300848729329853	NO	O43791
124	R	124	-52.648	61.772	-14.261	-0.39	0.228739002932551	0	0	179.10541228018562	2.617915266809206e-4	-0.9707293325644151	-0.6800023292820763	NO	O43791
125	F	125	-50.016	61.556	-11.538	0.3	0.228907782864617	0	0	179.10541228018562	2.617915266809206e-4	-1.08825497275897	-0.13825283576898684	NO	O43791
126	V	126	-46.22	61.537	-11.83	-2.46	0.209832134292566	0	0	179.10541228018562	0.009723685276719875	-1.2209416985580315	0.05088812719245665	YES	O43791
127	Q	127	-43.597	61.65	-9.041	-2.46	0.209080047789725	0	0	179.10541228018562	0.009723685276719875	-1.108319691809713	0.3167271804260621	YES	O43791
128	G	128	-44.055	64.871	-7.022	-2.46	0.288461538461538	0	0	179.10541228018562	2.617915266809206e-4	-1.0864727718495408	0.13422453419922656	YES	O43791
129	K	129	-47.404	65.681	-8.653	1.33	0.290536801328168	0	0	179.10541228018562	2.617915266809206e-4	-1.0961363017450396	0.2012658594437795	YES	O43791
130	D	130	-50.484	66.5	-6.566	0.64	0.314748201438849	0	0	178.10541228018562	1.7263547447989013e-7	-0.9728007428410689	-0.06845366458600087	NO	O43791
131	W	131	-54.202	66.837	-7.414	-0.04	0.316787003610108	0	3	178.10541228018562	1.7263547447989013e-7	-1.0162371326737327	-0.815215245627902	NO	O43791
132	G	132	-57	67.937	-5.068	1.33	0.314285714285714	0	0	103.4753577161563	9.236780220661097e-7	-1.0398216467671242	-0.0020086303551632265	NO	O43791
133	F	133	-59.19	70.824	-3.984	-0.73	0.314056939501779	1	2	103.4753577161563	9.236780220661097e-7	-1.1370358682031199	0.10382334966971703	YES	O43791
134	K	134	-58.109	74.445	-3.282	-0.39	0.314056939501779	0	0	30.793125163389746	1.150070410004134e-4	-1.1082622160658044	-0.06778455043237992	NO	O43791
135	K	135	-61.427	75.039	-1.471	-0.73	0.289898713386258	1	0	9.54770775768063	0.019586139746154082	-1.223155422734515	-0.44667924405384607	NO	O43791
136	F	136	-62.285	71.689	0.199	-0.04	0.291758241758242	0	0	9.54770775768063	0.019586139746154082	-1.138262054379989	0.08730403613659139	YES	O43791
137	I	137	-64.194	73.097	3.193	1.33	0.291758241758242	0	0	2.437617806249876	0.5749004257228876	-1.0613660723135003	-0.06561433149991193	NO	O43791
138	R	138	-64.671	76.504	4.907	-2.46	0.317204301075269	0	0	2.437617806249876	0.5749004257228876	-0.908501739561971	-0.7518375579462828	NO	O43791
139	R	139	-62.936	76.974	8.278	-2.46	0.317204301075269	0	0	0	1	-0.7460169789296143	-0.5022822389249207	NO	O43791
140	D	140	-66.155	78.522	9.676	-2.46	0.346304774362328	0	0	0	1	-0.6207279862635464	-0.6151903611631234	NO	O43791
141	F	141	-68.175	75.328	8.946	0.64	0.348539547095504	0	0	0	1	-0.659194753304688	-0.28473349514363144	NO	O43791
142	L	142	-65.334	73.191	10.31	1.33	0.379285714285714	0	0	0	1	-0.7761357188826294	-0.16072098471689047	NO	O43791
143	L	143	-64.922	75.213	13.531	0.99	0.344805194805195	1	0	0	1	-0.6623918212492994	-0.4637005690143791	NO	O43791
144	D	144	-68.646	75.232	14.27	-0.73	0.346753246753247	0	0	0	1	-0.3035707155294747	-1.7488106035346256	NO	O43791
145	E	145	-69.143	72.774	17.144	-0.04	0.345779220779221	0	0	0	1	-0.4644568606466438	-1.028808557704077	NO	O43791
146	A	146	-72.747	72.425	15.89	-1.08	0.345779220779221	0	0	0	1	-0.35083618388741034	-0.27698972752422407	NO	O43791
147	N	147	-71.447	70.315	12.975	0.64	0.316964285714286	1	0	0	1	-0.7594603793634808	-0.41926595227530333	NO	O43791
148	G	148	-69.237	68.139	15.299	0.3	0.318996415770609	0	0	0	1	-0.9609625397688205	0.22246308279462992	NO	O43791
149	L	149	-66.361	67.613	12.84	-0.73	0.21115065243179101	0	0	0	1	-0.9722454081750422	0.11881780349209262	NO	O43791
150	L	150	-63.672	68.379	15.434	-0.39	0.211743772241993	0	0	0	1	-0.8313492090356421	0.10889680265795333	NO	O43791
151	P	151	-64.404	66.085	18.49	-1.42	0.116324535679374	0	0	0	1	-1.0197005709603961	0.24325179434642766	NO	O43791
152	D	152	-61.574	66.712	21.027	-0.04	0.129136690647482	0	0	0	1	-1.0408042101213093	0.39281250299964493	NO	O43791
153	D	153	-60.176	69.282	18.476	-1.08	0.128214285714286	0	0	0	1	-0.9342976853285356	0.3379298308660305	NO	O43791
154	K	154	-59.213	66.346	16.236	-0.73	0.256428571428571	0	0	0	1	-1.064580417900047	0.7411473716535079	NO	O43791
155	L	155	-59.668	66.573	12.482	0.64	0.258064516129032	0	0	0	1	-1.1362098829672478	0.5123950478132808	NO	O43791
156	T	156	-60.003	63.129	10.9	0.64	0.256939501779359	0	0	0	1	-1.3249573867828264	0.8129960677396612	NO	O43791
157	L	157	-59.62	63.33	7.123	1.33	0.285488335310399	0	0	179.10541228018562	0.04983388704318933	-1.3315234900579984	0.8715007932468649	YES	O43791
158	F	158	-60.422	60.339	4.926	-0.04	0.283470749901845	0	0	179.10541228018562	0.0017016449234259795	-1.4061631576945726	0.7076426097561426	YES	O43791
159	C	159	-59.029	59.721	1.448	1.33	0.141735374950923	0	0	179.10541228018562	0.0017016449234259795	-1.2128993926235319	0.48032829995057036	YES	O43791
160	E	160	-60.268	57.033	-0.917	-2.46	0.141236306729264	0	0	179.10541228018562	0.0017016449234259795	-1.2006824714138533	0.12193313506890278	YES	O43791
161	V	161	-58.108	56.326	-4.007	-2.46	0.256028368794326	0	0	179.10541228018562	3.7239192984483633e-6	-1.0487313273896284	-0.38304567535523787	NO	O43791
162	S	162	-58.942	54.255	-7.133	-2.46	0.257857142857143	0	0	179.10541228018562	0.04983388704318933	-1.0100316204189228	-1.15981406567618	NO	O43791
163	V	163	-55.902	53.588	-9.395	0.3	0.384341637010676	0	0	179.10541228018562	0.04983388704318933	-0.8329072068773941	-0.5435360738292665	NO	O43791
164	V	164	-56.974	52.57	-12.927	-1.08	0.382978723404255	0	0	179.10541228018562	0.04983388704318933	-0.7918854832709479	-0.3987235111215617	NO	O43791
165	Q	165	-54.989	50.514	-15.451	-0.04	0.387096774193548	0	0	0	1	-0.7577435106506183	0.07739839288888263	NO	O43791
166	D	166	-56.051	49.43	-18.922	1.33	0.434416365824308	0	0	0	1	-0.42713280961177474	0.8589873136879674	NO	O43791
167	S	167	-56.198	45.582	-19.502	1.33	0.390974729241877	0	0	0	1	0.10729102919573222	1.367793996738979	NO	O43791
168	V	168	-56.285	43.765	-22.864	0.64	0.390974729241877	0	0	0	1	0.15486896577056683	2.203541052301153	NO	O43791
169	N	169	-59.137	41.203	-22.998	0.64	0.353172007848267	1	0	0	1	0.09178689334918881	2.728223394209585	NO	O43791
170	I	170	-58.155	37.678	-24.151	0.64	0.352477847062685	0	0	0	1	0.04163150421388886	2.5208671819225192	NO	O43791
171	S	171	-60.658	35.428	-25.941	1.33	0.323369565217391	0	0	0	1	0.01330294869883637	2.37205216941043	NO	O43791
172	G	172	-60.706	32.296	-28.109	1.33	0.298741258741259	0	0	0	1	0.014043171207193308	2.37205216941043	NO	O43791
173	Q	173	-61.894	31.969	-31.711	-0.39	0.327205882352941	0	0	0	1	0.043286034216994604	1.9212302197414544	NO	O43791
174	N	174	-65.607	31.054	-32.099	0.99	0.356256289835626	0	0	0	1	0.2990349369288096	0.6368054593429953	NO	O43791
175	T	175	-67.158	28.471	-34.468	0.64	0.391881918819188	0	0	0	1	0.338918087517591	0.28251431725539056	NO	O43791
176	M	176	-69.382	29.373	-37.435	-0.39	0.389010989010989	1	0	0	1	0.4032939926314819	-0.1505081897405707	NO	O43791
177	N	177	-70.878	25.906	-37.713	0.3	0.389010989010989	0	0	0	1	0.4634413458949818	-0.03306104751289254	NO	O43791
178	M	178	-73.574	24.057	-35.728	-1.08	0.433823529411765	1	0	0	1	0.4634413458949818	-0.03306104751289254	NO	O43791
179	V	179	-71.146	21.249	-34.907	-0.39	0.433823529411765	0	0	0	1	0.47072301596675303	-0.03135891501683924	NO	O43791
180	K	180	-70.326	20.971	-31.215	-0.39	0.491236162361624	0	0	0	1	0.5263156376337115	-0.34863641228117564	NO	O43791
181	V	181	-66.784	19.764	-30.798	-0.04	0.490808823529412	0	0	0	1	0.606702185255488	0.22991842312734337	NO	O43791
182	P	182	-66.043	18.127	-27.389	-0.04	0.433455433455434	0	0	0	1	0.8547229488370899	-0.16327418346097047	NO	O43791
183	E	183	-63.213	19.61	-25.274	-1.08	0.520588235294118	0	0	0	1	0.9017318128737191	-0.03135891501683922	NO	O43791
184	C	184	-59.701	18.15	-25.243	1.33	0.519117647058824	0	0	0	1	0.9437029645005216	0.6395907670638098	NO	O43791
185	R	185	-59.508	15.132	-22.896	0.64	0.515750915750916	1	0	0	1	0.9887851436248434	1.023963232536211	NO	O43791
186	L	186	-55.808	14.189	-23.426	-0.73	0.519117647058824	0	0	0	1	0.9837264337520791	0.7577922634658751	NO	O43791
187	A	187	-54.812	14.77	-19.792	0.99	0.522962962962963	0	0	0	1	1.0431303362288178	0.8707713078914134	NO	O43791
188	D	188	-57.784	12.905	-18.325	-1.08	0.475420875420875	0	0	0	1	1.0148365253340408	0.8707713078914134	NO	O43791
189	E	189	-57.212	9.759	-20.53	0.64	0.499574226511496	0	0	0	1	1.0817419983473981	1.08524000239413	NO	O43791
190	L	190	-53.473	9.755	-19.694	1.33	0.65	0	0	0	0.557896442751803	1.1345325477655823	0.5938910885334088	NO	O43791
191	G	191	-54.396	10.223	-15.991	1.33	0.64760147601476	0	0	0	0.557896442751803	1.0954184408881515	0.7493525231729442	NO	O43791
192	G	192	-56.208	6.88	-16.293	-0.04	0.562959558823529	0	0	0	0.557896442751803	1.1621890066324916	0.8646436309056215	NO	O43791
193	L	193	-52.852	5.308	-17.24	0.64	0.562959558823529	0	0	0	0.31984068115662007	1.2433996355292007	0.6023790559137281	NO	O43791
194	W	194	-51.266	6.325	-13.907	1.33	0.514285714285714	0	0	0	0.3086538502545906	1.3266977025781719	0.7045812805494815	NO	O43791
195	E	195	-54.371	5.911	-11.696	-0.04	0.514705882352941	0	0	0	0.557896442751803	1.2159194572286411	0.8911968978440531	NO	O43791
196	N	196	-55.329	2.452	-12.981	0.3	0.514705882352941	0	0	0	1	1.3394231113036157	0.9608842047412943	NO	O43791
197	S	197	-51.665	1.246	-13.502	0.64	0.56712962962963	0	0	0	1	1.5002105133269736	0.97187797815698	NO	O43791
198	R	198	-52.152	0.141	-17.162	-0.04	0.570224719101124	1	0	0	1	1.4465223175427753	1.1992828796297017	NO	O43791
199	F	199	-49.3	-1.149	-19.498	-0.04	0.542780748663102	0	0	0	0.557896442751803	1.5103064910034398	0.5256863407968166	NO	O43791
200	T	200	-46.594	-0.156	-17.031	1.33	0.576704545454546	1	0	0	0.31984068115662007	1.5527403609522934	0.5448903045561168	NO	O43791
201	D	201	-42.908	-0.717	-17.796	0.64	0.580560836501901	0	0	0	0.31984068115662007	1.574901039566812	0.3639613571915414	NO	O43791
202	C	202	-41.102	0.577	-14.686	-0.04	0.663498098859316	0	0	0	0.17247686003096951	1.5931758475707074	0.2960374664654141	NO	O43791
203	C	203	-41.18	0.633	-10.887	-0.04	0.707731305449937	0	0	0	0.3086538502545906	1.6581733082334087	0.2521116122105	NO	O43791
204	L	204	-40.596	3.776	-8.837	-0.39	0.712468193384224	1	0	0	0.16528100663993434	1.5991451510549544	0.06651370350622596	NO	O43791
205	C	205	-39.697	2.906	-5.233	-0.39	0.750712927756654	2	0	0	0.17247686003096951	1.6946532215862151	-0.2947639187810885	NO	O43791
206	V	206	-40.48	5.723	-2.781	0.64	0.69858469703671	1	0	0	0.17247686003096951	1.6141519701177995	-0.1619975840889305	NO	O43791
207	A	207	-39.577	5.075	0.879	-1.42	0.69596827495043	0	0	0	0.3086538502545906	1.6504664074456294	0.024184355907005572	NO	O43791
208	G	208	-40.072	1.288	0.443	-1.08	0.684210526315789	0	0	0	0.3086538502545906	1.8173439444063768	-0.3605087864411474	NO	O43791
209	Q	209	-43.387	1.701	-1.42	-0.04	0.684210526315789	0	0	0	0.17247686003096951	1.68363977792362	-0.24140206502981726	NO	O43791
210	E	210	-43.519	0.596	-5.046	0.3	0.684210526315789	0	0	0	0.3086538502545906	1.7103687161351482	-0.18260554538043305	NO	O43791
211	F	211	-45.285	2.623	-7.757	0.3	0.680547522652786	0	0	0	0.16528100663993434	1.5759325199066765	0.1803863674921922	NO	O43791
212	Q	212	-45.93	1.515	-11.347	-0.04	0.675598086124402	1	0	0	0.17247686003096951	1.5856157247151121	0.6324727584439505	NO	O43791
213	A	213	-45.046	3.96	-14.146	-1.08	0.704898446833931	0	0	0	0.17247686003096951	1.5210422907857666	0.6011535205165697	NO	O43791
214	H	214	-44.027	4.367	-17.815	-0.73	0.665061754239062	0	0	0	0.17247686003096951	1.559249037889892	0.7587497129949051	NO	O43791
215	K	215	-40.474	5.447	-18.832	-0.39	0.666945781871467	0	0	0	0.17247686003096951	1.5919637687621357	0.30846683154815635	NO	O43791
216	A	216	-41.574	7.279	-21.932	-0.39	0.629432624113475	0	0	0	0.31984068115662007	1.6122522810563382	0.18651404447798411	NO	O43791
217	I	217	-44.041	9.613	-20.197	-0.73	0.629893238434164	1	0	0	0.3086538502545906	1.413160001688277	0.9534949471996041	NO	O43791
218	L	218	-41.566	10.312	-17.363	0.64	0.625886524822695	0	0	0	0.08882355262628121	1.4542919061194115	0.3962903737213106	NO	O43791
219	A	219	-38.665	10.987	-19.811	-0.04	0.660584795321637	0	0	0	0.557896442751803	1.5292073340076315	0.009219923689071645	NO	O43791
220	A	220	-40.928	13.226	-21.896	0.99	0.674514098001643	1	0	0	0.557896442751803	1.5360595802124943	-0.033061047512892475	NO	O43791
221	R	221	-41.848	15.526	-19.007	0.64	0.569395017793594	0	0	0	0.3086538502545906	1.0886082565459911	0.29709396249744724	NO	O43791
222	S	222	-38.96	15.376	-16.542	-0.04	0.557142857142857	0	0	0	0.31984068115662007	1.037876108321852	0.6493842684047381	NO	O43791
223	P	223	-35.399	16.208	-17.691	-0.04	0.628571428571429	1	0	0	0.557896442751803	1.2746462469142557	0.49417449313961925	NO	O43791
224	V	224	-34.252	14.395	-14.534	0.64	0.628113879003559	0	0	0	1	1.2632566555026508	0.895282015834581	NO	O43791
225	F	225	-36.165	11.129	-15.241	0.64	0.625441696113074	0	0	0	0.31984068115662007	1.4894650899413733	0.08905480098967476	NO	O43791
226	S	226	-35.05	11.525	-18.884	0.64	0.629432624113475	1	0	0	0.557896442751803	1.5015311563868012	0.09970528717926547	NO	O43791
227	A	227	-31.43	11.645	-17.694	-2.46	0.625441696113074	0	0	0	1	1.52490390339654	0.11794242106555088	NO	O43791
228	M	228	-31.896	8.558	-15.432	0.64	0.536092882382635	0	0	0	1	1.5286202697137026	0.12296776462532731	NO	O43791
229	F	229	-33.468	6.375	-18.139	-0.04	0.710261569416499	0	0	0	0.557896442751803	1.5447884800180243	0.3298453394904729	NO	O43791
230	E	230	-30.659	7.549	-20.483	-1.08	0.833922261484099	0	0	0	1	1.6258303707588928	0.49238725401876327	NO	O43791
231	H	231	-27.627	6.802	-18.198	0.64	0.714285714285714	0	0	0	1	1.4713987338952323	0.22736522438326343	NO	O43791
232	E	232	-29.193	3.803	-16.402	-0.04	0.625441696113074	0	0	0	1	1.4857075580355306	0.2794504787624947	NO	O43791
233	M	233	-29.89	2.017	-19.717	0.64	0.536092882382635	0	0	0	1	1.4753242964347884	0.31417398168198213	NO	O43791
234	E	234	-26.677	0.008	-19.4	0.3	0.530469530469531	0	0	0	1	1.3929352462130178	0.7558773644078153	NO	O43791
235	E	235	-28.388	-2.286	-16.858	0.64	0.528621204579393	0	0	0	1	1.413845680356571	0.7175793832466159	NO	O43791
236	S	236	-31.506	-4.49	-17.188	0.64	0.411149825783972	0	0	0	1	1.3619406402975514	0.8589873136879674	NO	O43791
237	K	237	-32.875	-3.032	-13.966	-0.39	0.489965397923876	0	0	0	1	1.4402939248938533	0.6699196733571232	NO	O43791
238	K	238	-33.288	0.472	-15.586	-0.73	0.489965397923876	0	0	0	1	1.5564761471713628	0.09715208843518548	NO	O43791
239	N	239	-36.906	-0.269	-14.748	1.33	0.610344827586207	0	0	0	0.31984068115662007	1.6140020556710244	0.29392447440134795	NO	O43791
240	R	240	-36.163	0.047	-10.96	-1.08	0.610344827586207	0	0	0	0.31984068115662007	1.6093811403569143	0.2921771925022163	NO	O43791
241	V	241	-35.616	3.614	-9.722	1.33	0.610344827586207	0	0	0	0.3086538502545906	1.643158400055685	0.13257772100929494	NO	O43791
242	E	242	-35.168	4.608	-6.055	-0.73	0.606529209621993	0	0	0	0.31984068115662007	1.6760550964715282	0.015560737265673707	NO	O43791
243	I	243	-36.548	7.873	-4.701	-0.04	0.606529209621993	0	0	0	0.3086538502545906	1.4782376082486905	0.1795693438940866	NO	O43791
244	N	244	-35.388	9.062	-1.269	-0.04	0.606529209621993	1	0	0	0.3086538502545906	1.4891710142430785	-0.15471345826023178	NO	O43791
245	D	245	-36.095	12.816	-1.322	-0.04	0.602389078498294	0	0	0	0.31984068115662007	1.037741579420407	-0.02999720901999652	NO	O43791
246	V	246	-39.935	12.913	-1.574	0.64	0.606529209621993	0	0	0	0.17247686003096951	1.0829381849083208	-0.09878532486049918	NO	O43791
247	E	247	-42.706	11.6	0.744	-1.08	0.606529209621993	0	0	0	0.3086538502545906	1.2219482067133334	-0.07901862490633178	NO	O43791
248	P	248	-45.196	9.026	-0.795	-0.39	0.602739726027397	1	0	0	0.17247686003096951	1.3826974041787654	-0.11859320543957114	NO	O43791
249	E	249	-48.188	11.405	-0.522	-0.04	0.602739726027397	0	0	0	0.557896442751803	1.0722582999075814	0.3513114179595089	NO	O43791
250	V	250	-46.311	14.299	-2.207	1.33	0.520197044334975	0	0	0	0.31984068115662007	0.877696334608616	0.377592144034936	NO	O43791
251	F	251	-44.951	11.846	-4.776	0.64	0.404352806414662	0	0	0	0.17247686003096951	1.11004013111038	0.6326672878720709	NO	O43791
252	K	252	-48.462	10.699	-5.862	-0.39	0.485223367697595	0	0	0	0.17247686003096951	1.2174488371611962	0.8308485638930723	NO	O43791
253	E	253	-49.455	14.348	-6.405	1.33	0.553291536050157	0	0	0	0.31984068115662007	0.7836536723936688	0.9302458198123348	NO	O43791
254	M	254	-46.309	15.054	-8.441	-0.04	0.561029879211697	1	0	0	0.557896442751803	0.6433782045312207	0.8081018841730871	NO	O43791
255	M	255	-46.903	11.904	-10.506	-0.04	0.517543859649123	0	0	0	0.17247686003096951	1.1152185314988663	1.0747781148574123	NO	O43791
256	C	256	-50.481	13.085	-11.186	-0.73	0.520833333333333	0	0	0	1	1.0075717234303876	1.1158783873230897	NO	O43791
257	F	257	-48.97	16.383	-12.487	0.3	0.524527186761229	0	0	0	0.557896442751803	0.7405010005820896	1.19086180307028	NO	O43791
258	I	258	-46.643	14.35	-14.756	0.64	0.52414605418139	0	0	0	0.31984068115662007	1.0337460751298884	0.7865157493367748	NO	O43791
259	Y	259	-49.567	12.487	-16.392	-0.39	0.483827126936668	0	0	0	0.557896442751803	1.2362266781987794	0.608023946227912	NO	O43791
260	T	260	-52.216	15.272	-16.482	-0.04	0.419928825622776	1	0	0	0.557896442751803	1.0304635909753295	1.0983707387922557	NO	O43791
261	G	261	-50.461	18.647	-16.044	0.99	0.418138987043581	0	0	0	0.31984068115662007	0.8107051266574016	0.8357560108297455	NO	O43791
262	K	262	-52.702	19.269	-13.03	-1.08	0.457769181173437	0	0	0	1	0.7572932659269626	0.9438320719527784	NO	O43791
263	A	263	-52.117	18.959	-9.266	0.99	0.50354609929078	0	0	0	0.3086538502545906	0.5749398017146294	1.0584314155812906	NO	O43791
264	P	264	-55.531	18.699	-7.47	-0.04	0.459398252992559	0	0	0	0.557896442751803	0.5968963187272616	0.8833051926350787	NO	O43791
265	N	265	-54.125	18.698	-3.908	1.33	0.461739699149771	0	0	0	0.557896442751803	0.5993227433709715	0.10225848592334544	NO	O43791
266	L	266	-51.459	21.455	-4.474	1.33	0.462093862815885	0	0	0	0.31984068115662007	0.41142752035027846	0.35363250772685423	NO	O43791
267	D	267	-53.293	23.555	-1.868	0.3	0.462093862815885	1	0	0.8094407233019986	1	0.2453365698176344	0.32055697854218207	NO	O43791
268	K	268	-52.322	21.181	0.985	-0.73	0.421744324970131	1	0	1.1083420566365731	0.9999999999999999	0.420953132526294	0.5805129243539022	NO	O43791
269	M	269	-48.645	20.594	0.128	0.64	0.419047619047619	0	0	0	0.557896442751803	0.5132640528625557	0.6103450359952576	NO	O43791
270	A	270	-47.377	23.531	-1.944	-0.04	0.314285714285714	0	0	0.5070645251302184	1	0.1516934361643176	-0.09214936130445724	NO	O43791
271	D	271	-44.163	23.753	0.117	-2.46	0.384069830878342	0	0	0.8094407233019986	1	0.05544327711210672	-1.3682496117854444	NO	O43791
272	D	272	-43.169	20.057	-0.282	-2.46	0.386813186813187	0	0	0	0.3086538502545906	0.4007282359414167	-0.4052273115029008	NO	O43791
273	L	273	-44.497	19.996	-3.877	-0.04	0.389302453818583	0	0	0	0.3086538502545906	0.45166742295638135	-0.030396840127765546	NO	O43791
274	L	274	-42.218	23.002	-4.664	1.33	0.389302453818583	0	0	0	0.31984068115662007	0.19317343932914707	-0.8491562097115416	NO	O43791
275	A	275	-39.188	21.046	-3.365	-0.04	0.390702822357499	0	0	0	1	0.27717530044210803	-1.5244294903784221	NO	O43791
276	A	276	-40.181	17.958	-5.335	0.99	0.347554972103709	0	0	0	0.557896442751803	0.6893964540273301	0.33915392615108875	NO	O43791
277	A	277	-40.851	20.057	-8.469	0.99	0.429090909090909	0	0	0	1	0.5290097310014013	0.12625855411769707	NO	O43791
278	D	278	-37.394	21.682	-8.236	0.64	0.398985629754861	0	0	0	1	0.2979766694659741	-1.6301962847382252	NO	O43791
279	K	279	-35.502	18.383	-7.722	-0.04	0.400452488687783	0	0	0	0.557896442751803	0.6390108207965186	-0.1879551046537434	NO	O43791
280	Y	280	-37.159	16.634	-10.695	-0.04	0.400112707805016	0	0	0	0.557896442751803	0.8318470671879162	0.5755286894850763	NO	O43791
281	A	281	-37.073	19.776	-12.943	-0.73	0.397202797202797	0	0	0	0.31984068115662007	0.7352434365927909	0.18616187913397308	NO	O43791
282	L	282	-40.847	20.249	-13.325	1.33	0.43030303030303	0	0	0	0.31984068115662007	0.689603032778483	0.8937500965881331	NO	O43791
283	E	283	-40.743	24.031	-13.856	0.64	0.324817518248175	0	0	0	1	0.4153224386659045	-0.20667856211032976	NO	O43791
284	R	284	-44.464	24.64	-14.454	-0.73	0.322727272727273	0	0	0	1	0.38558264150690946	0.30702502519855823	NO	O43791
285	L	285	-45.335	22.731	-11.218	0.3	0.321557971014493	0	0	0	0.557896442751803	0.40526659712587515	0.05401646754836091	NO	O43791
286	K	286	-42.619	24.724	-9.418	-0.39	0.323905109489051	1	0	0	1	0.14756477495667955	-1.0014824306052752	NO	O43791
287	V	287	-44.145	28.052	-10.515	-0.73	0.297902097902098	0	0	0	1	0.05437315373607965	-0.8071909067179364	NO	O43791
288	M	288	-47.697	26.787	-9.701	-0.04	0.30118778280543	0	0	0	0.31984068115662007	0.22295021799797204	0.38427089265581377	NO	O43791
289	C	289	-46.365	26.12	-6.155	-0.04	0.30315072381493	0	0	0.5070645251302184	1	0.13131034570944428	-0.7866194196942066	NO	O43791
290	E	290	-44.526	29.511	-5.975	0.3	0.32962962962963	0	0	0.5070645251302184	1	0.020477815814318984	-1.5018353298999645	NO	O43791
291	D	291	-47.905	31.098	-6.71	-1.08	0.304273504273504	0	0	0.5070645251302184	1	-0.0050620785945426836	-0.8766379125569114	NO	O43791
292	A	292	-49.875	29.176	-4.069	-0.04	0.282539682539683	1	0	0.6284701835198336	1	0.05009870586854597	-0.220174041186181	NO	O43791
293	L	293	-47.13	29.987	-1.533	-0.04	0.282539682539683	0	0	0.4199388552348666	0.6562921792046787	-0.0631110370372976	-1.3605784973633814	NO	O43791
294	C	294	-47.172	33.688	-2.644	1.33	0.264444444444445	0	0	0.5070645251302184	1	0.006198820636873706	-1.3241285457693257	NO	O43791
295	S	295	-50.916	33.856	-1.919	-0.73	0.28021978021978	1	0	0.5070645251302184	1	-0.0844517120408309	-0.07635441752120488	NO	O43791
296	N	296	-50.427	32.447	1.576	0.3	0.278415015641293	0	1	0.4199388552348666	0.6562921792046787	-0.0787483308477001	-0.6037009668147635	NO	O43791
297	L	297	-47.929	35.241	2.469	-0.39	0.277632950990615	0	0	0.4199388552348666	0.6562921792046787	0.24649166394923436	-0.701999118461842	NO	O43791
298	S	298	-48.495	36.74	5.956	-0.39	0.275844155844156	0	0	0.5070645251302184	1	0.30868779437965754	-1.043461698322275	NO	O43791
299	V	299	-46.265	38.677	8.419	-0.04	0.277864992150706	1	0	0.6284701835198336	1	0.6276409089319923	-1.39063329400798	NO	O43791
300	E	300	-46.064	35.437	10.392	0.64	0.277864992150706	0	0	0.8094407233019986	1	0.172054753275664	-1.6538316102548511	NO	O43791
301	N	301	-44.857	33.115	7.571	-0.39	0.300929839391378	0	0	0.6284701835198336	1	0.0785486513791652	-1.9549233748748989	NO	O43791
302	A	302	-42.96	35.394	5.148	0.3	0.217338217338217	0	0	0.5070645251302184	1	0.3937031021992268	-1.3964691768515913	NO	O43791
303	A	303	-39.566	34.609	6.717	-2.46	0.214975845410628	0	0	0	0.557896442751803	0.42869023304782705	-1.978598490501822	NO	O43791
304	E	304	-40.214	30.815	6.595	-2.46	0.214801444043321	0	0	0.8094407233019986	1	-0.11498435245622479	-2.5007276336661737	NO	O43791
305	I	305	-41.337	31.067	2.94	-2.46	0.214028776978417	0	0	0.5070645251302184	1	0.002932443634667916	-2.2583753213004787	NO	O43791
306	L	306	-38.271	33.171	1.955	-2.46	0.29482617027101	0	0	0	0.557896442751803	0.08376909282410963	-2.6609988821013753	NO	O43791
307	I	307	-35.893	30.405	3.209	-2.46	0.295054945054945	0	0	0	1	-0.07764007628949941	-4.514289586050949	NO	O43791
308	L	308	-37.899	27.927	1.093	-2.46	0.211583924349882	0	0	0	1	-0.09316834495457876	-3.1336656023235965	NO	O43791
309	A	309	-37.726	30.241	-1.939	-2.46	0.233300749429782	0	0	0	1	-0.03933372862945411	-2.8626060085991543	NO	O43791
310	D	310	-33.945	30.654	-1.625	-2.46	0.323104693140794	0	0	0	1	0.001336702812896381	-3.5744587141928448	NO	O43791
311	L	311	-33.161	26.906	-1.245	-2.46	0.322841726618705	0	0	0	1	-0.028873957942939264	-4.429669284818584	NO	O43791
312	H	312	-35.275	25.751	-4.225	-2.46	0.354743083003953	0	0	0	1	0.03731826243989353	-2.7098346108063227	NO	O43791
313	S	313	-34.423	28.858	-6.355	-2.46	0.389130434782609	0	0	0	1	0.027306325607610527	-2.824217914541105	NO	O43791
314	A	314	-37.984	30.148	-6.565	-2.46	0.429602888086643	0	0	0	1	0.019658813605972776	-2.11647122268214	NO	O43791
315	D	315	-37.343	33.509	-8.175	-2.46	0.324275362318841	0	0	0	1	0.03413154870933822	-2.5300894192230934	NO	O43791
316	Q	316	-40.92	34.824	-8.451	-0.39	0.326642335766423	0	0	0	0.31984068115662007	0.08931870248937218	-1.9344792162041202	NO	O43791
317	L	317	-41.788	33.675	-4.886	0.64	0.376050420168067	0	0	0.6284701835198336	1	-0.008450186453974641	-2.397054326768401	NO	O43791
318	K	318	-38.532	35.175	-3.537	1.33	0.4330900243309	0	0	0	1	0.11273230265439886	-2.8528137404748004	NO	O43791
319	T	319	-39.255	38.707	-4.885	-0.39	0.43030303030303	0	0	0	0.557896442751803	0.3385706786481934	-1.598682517382724	NO	O43791
320	Q	320	-42.828	38.54	-3.559	0.3	0.431013431013431	0	0	0.5070645251302184	1	0.24503834944303032	-1.1226386115490157	NO	O43791
321	A	321	-41.616	37.379	-0.129	0.3	0.429090909090909	2	0	0.5070645251302184	1	0.23948174598549263	-1.8038768899609987	NO	O43791
322	V	322	-38.868	40.078	0.064	0.64	0.518681318681319	0	0	0	0.31984068115662007	0.4590456177985997	-1.9420300955866125	NO	O43791
323	D	323	-41.256	42.889	-1.04	-0.39	0.648351648351648	0	0	0	0.31984068115662007	0.602911334044305	-0.23574574781216318	NO	O43791
324	F	324	-43.849	41.621	1.492	1.33	0.649446494464945	0	0	0.5070645251302184	1	0.4580667189258259	-0.42012597711541455	NO	O43791
325	I	325	-41.216	41.585	4.328	-0.04	0.778676470588235	1	0	0	0.31984068115662007	0.5845345435709721	-0.8780677038535961	NO	O43791
326	N	326	-40.102	45.153	3.408	-0.04	0.781549815498155	0	0	0	0.31984068115662007	0.8663298949281336	-0.308000238585924	NO	O43791
327	Y	327	-43.735	46.384	3.198	-0.73	0.775824175824176	0	0	0	0.31984068115662007	0.6025607343334697	0.2236886181917883	NO	O43791
328	H	328	-44.493	45.067	6.716	-0.39	0.862745098039216	0	0	0	0.31984068115662007	0.6910930979031612	-0.1315415704988338	NO	O43791
329	A	329	-41.182	46.271	8.239	-0.73	0.85958485958486	0	0	0	1	1.3383296735560928	-0.645828746092083	NO	O43791
