Uniprot_position	aminoacid	Position_in_structure	x	y	z	paraz	mtr	gscount	pscount	OR	pvalue	mtr3dscore	paraz3dscore	HotSpot3D	Uniprot
1	M	1	16.913	41.408	25.065	-0.5	0.317669172932331	0	0	0	1	-0.08468129882991554	-1.863126912329958	NO	P62873
2	S	2	16.749	37.727	25.674	-1.3	0.508571428571429	0	0	0	1	-0.027615578015477493	-0.9572466606181317	NO	P62873
3	E	3	13.918	36.361	23.638	-0.1	0.63265306122449	0	0	0	1	-0.024687678478268745	-1.1321752609486913	NO	P62873
4	L	4	14.644	32.915	24.996	0.7	0.546218487394958	0	0	0	1	0.025091999246718646	-0.38077740952878747	NO	P62873
5	D	5	13.728	33.899	28.505	-1.7	0.47578125	0	0	0	1	0.06483066517776491	0.24538746665446562	NO	P62873
6	Q	6	10.326	35.097	27.458	-0.9	0.63855421686747	0	0	0	1	0.07032165386428064	0.018316687379219973	NO	P62873
7	L	7	9.863	31.981	25.378	1.5	0.577324973876698	0	0	0	1	0.1332373293610901	-0.3168830344080474	NO	P62873
8	R	8	10.566	29.676	28.289	0.7	0.580808080808081	0	0	0	1	0.3572988998895926	-0.5980182849393039	NO	P62873
9	Q	9	8.331	31.769	30.478	0.3	0.535394265232975	0	0	0	1	0.45147808144144136	-1.0009788107007715	NO	P62873
10	E	10	5.504	31.372	28.015	-0.5	0.538194444444445	0	0	0	1	0.6017284274677434	-0.73858591020493225	NO	P62873
11	A	11	6.237	27.679	27.848	1.5	0.599067599067599	1	0	0	0.5617878459034182	0.7059669456183966	-0.4761930097090928	NO	P62873
12	E	12	6.094	27.251	31.581	1.5	0.596622889305816	0	0	0	0.5617878459034182	0.8614158795350273	-1.263371711196611	NO	P62873
13	Q	13	2.853	29.131	31.811	-0.5	0.553908355795148	0	0	0	0.5617878459034182	1.0705104105038397	-0.4761930097090928	NO	P62873
14	L	14	1.359	27.138	28.98	-0.9	0.64908256880733906	0	0	0	0.3197736294794541	1.1888498894923873	-0.7385859102049321	NO	P62873
15	K	15	2.296	23.966	30.788	-1.3	0.684018740239459	0	0	0	0.3197736294794541	1.1930155114243965	-2.011963221434741	NO	P62873
16	N	16	0.593	25.286	33.877	-1.3	0.744714349977508	0	0	0	0.3197736294794541	1.477752817773855	-1.9193539624362095	NO	P62873
17	Q	17	-2.503	26.127	31.873	-0.5	0.771784232365145	1	0	0	0.3197736294794541	1.6777508417059024	-2.4441397634278883	NO	P62873
18	I	18	-2.717	22.63	30.487	0.7	0.815261044176707	1	0	0	0.3197736294794541	1.3246330799952097	-1.633107161895294	NO	P62873
19	R	19	-2.069	21.171	33.885	-1.7	0.818538324420677	0	0	0	0.3197736294794541	1.5011170830349923	-2.8939561642778986	NO	P62873
20	D	20	-4.942	23.091	35.414	0.7	0.84207896051974	0	0	0	0.3197736294794541	1.8544061168021195	-3.8135027128905503	NO	P62873
21	A	21	-7.241	22.51	32.488	-1.7	0.845864661654135	2	0	0	0.3197736294794541	1.932662738257557	-3.5168636801608786	NO	P62873
22	R	22	-6.699	18.811	32.914	-0.5	0.830588235294118	0	0	0	0.1874878968483765	1.5030491890301596	-1.8045570684692795	NO	P62873
23	K	23	-7.153	19.158	36.642	-0.9	0.833653136531365	0	0	0	0.18408695779277245	1.9689327792782172	-2.8101088088562958	NO	P62873
24	A	24	-10.598	20.592	36.047	-1.3	0.885756457564576	0	0	0	0.3197736294794541	2.1457531915777324	-3.1001220146674866	NO	P62873
25	C	25	-11.823	17.543	34.122	0.3	0.876058394160584	0	0	0	0.18408695779277245	1.7947144194229872	-1.5671950696654775	NO	P62873
26	A	26	-10.452	15.493	37.053	-2.1	0.8825	1	0	0.31790489160988766	0.4370170431915642	1.9387000357323998	-1.9193539624362095	NO	P62873
27	D	27	-13.676	15.544	39.106	-1.3	0.925276752767528	0	0	0.2783183169183761	0.2798809286503667	2.612496120250743	-1.863126912329958	NO	P62873
28	A	28	-14.084	11.766	38.967	-0.9	0.923687423687424	0	0	0.24662231183512504	0.2786897853183455	2.5419290838385615	-2.337542647601454	NO	P62873
29	T	29	-11.695	8.824	38.82	-0.1	0.956837944664031	2	0	0.2206722503681991	0.17201914051336437	1.6666743522183463	-0.9952746172117315	NO	P62873
30	L	30	-12.025	5.698	36.747	1.5	0.96302761028245	1	1	0.1807117376386735	0.1035653147548804	1.3865255813020256	-1.248794327835731	NO	P62873
31	S	31	-11.47	3.74	39.895	-2.5	0.972826086956522	2	0	0.2206722503681991	0.17201914051336437	1.4433908381423204	-1.3647507863881854	NO	P62873
32	Q	32	-14.327	5.433	41.675	-0.1	0.89830258302583	1	0	0.19903270019633293	0.17486978371131873	2.2269312963305072	-2.4750095164273986	NO	P62873
33	I	33	-16.953	4.728	39.044	0.7	0.88641975308642	2	0	0.2206722503681991	0.17201914051336437	2.2024357357326996	-1.6646785001902478	NO	P62873
34	T	34	-15.775	1.15	38.616	-0.5	0.866356489651853	0	0	0.19903270019633293	0.17486978371131873	1.737500550736193	-1.633107161895294	NO	P62873
35	N	35	-15.935	0.368	42.317	-1.3	0.869565217391304	1	0	0.2206722503681991	0.17201914051336437	2.2302257104427716	-1.5257646116924504	NO	P62873
36	N	36	-19.485	-1.008	42.131	-1.7	0.875222240181025	0	0	0.2783183169183761	0.2798809286503667	2.4277845594688205	-1.7225592870643298	NO	P62873
37	I	37	-18.897	-3.171	39.063	-0.1	0.831556503198294	1	0	0.24662231183512504	0.2786897853183455	1.9588691418673758	-0.5070627627086033	NO	P62873
38	D	38	-18.463	-6.851	39.646	0.7	0.833866382373845	0	0	0	0.1874878968483765	1.6900633075954545	-0.344996559461173	NO	P62873
39	P	39	-14.895	-7.865	39.163	-0.9	0.83235241662208	1	0	0	0.3197736294794541	1.139215113158826	-1.3008564112674452	NO	P62873
40	V	40	-13.423	-10.291	36.664	-0.5	0.869888475836431	0	0	0	0.1874878968483765	0.845352218184943	-0.5674601055337325	NO	P62873
41	G	41	-12.478	-12.5	39.554	1.1	0.787878787878788	1	0	0	0.1874878968483765	1.052898844727105	-0.5199251597917326	NO	P62873
42	R	42	-9.285	-14.471	39.463	0.3	0.805626598465473	0	0	0	0.3197736294794541	1.002256466060446	-0.3012644093785331	NO	P62873
43	I	43	-9.258	-16.323	36.19	-0.1	0.822610294117647	0	0	0	0.3197736294794541	0.948010438690737	-0.635009765272364	NO	P62873
44	Q	44	-6.174	-17.693	34.52	-1.7	0.827952029520295	0	0	0	0.3197736294794541	0.7983362106639458	-0.7385859102049321	NO	P62873
45	M	45	-5.429	-18.891	31.006	0.7	0.782791009728279	0	0	1.8751606817394972	0.6080051424118887	0.16129162301730948	-0.5745903473950326	NO	P62873
46	R	46	-3.431	-21.917	29.875	-1.3	0.782085561497326	0	0	5.7057593451761655	0.1741386326641346	0.2799369206011435	-0.8421620551375003	NO	P62873
47	T	47	-0.865	-22.623	27.181	-0.1	0.756302521008403	0	0	5.7057593451761655	0.1741386326641346	-0.14415373498771497	0.24538746665446556	NO	P62873
48	R	48	-2.572	-24.232	24.213	-0.1	0.730627306273063	0	0	49.61935742829455	0.06980240549828179	-0.7335383479981049	1.1257846985812952	NO	P62873
49	R	49	0.438	-23.885	21.949	1.5	0.664206642066421	0	0	49.61935742829455	0.017634291915355392	-0.7378143141682699	1.3080787136626153	YES	P62873
50	T	50	4.173	-23.662	22.172	-0.5	0.664206642066421	0	0	49.61935742829455	0.017634291915355392	-0.7036230977159701	1.4329415421744283	YES	P62873
51	L	51	5.923	-22.71	18.932	1.5	0.625135663121337	0	0	10.037078156376777	0.004292739611058079	-0.7746781460495334	1.6924071385065211	YES	P62873
52	R	52	9.615	-23.473	18.69	0.7	0.586080586080586	0	1	4.921690383598627	0.021103338135414762	-0.88234566732029	1.2972210764007186	YES	P62873
53	G	53	11.088	-22.358	15.356	1.1	0.580652573529412	0	1	18.64564619351078	5.858375802147949e-7	-0.9756071964186145	0.3611490404026301	YES	P62873
54	H	54	13.656	-19.952	16.733	-1.3	0.583333333333333	0	0	16.044490981080052	2.8255910261118235e-6	-0.7207589037055215	0.5137438421615741	YES	P62873
55	L	55	17.372	-20.264	17.371	-0.9	0.496771217712177	0	0	8.605873209701244	7.20750428728394e-4	-0.5999547911278494	0.8715523428377188	YES	P62873
56	A	56	17.691	-16.96	19.208	-0.1	0.496771217712177	0	0	12.290445285132344	0.0012235846937481512	-0.8634039977130853	0.7373741550841645	YES	P62873
57	K	57	15.655	-14.561	21.322	0.7	0.444857496902107	2	0	5.7316919219865525	0.0050847764964247625	-0.8465467683966148	0.7920393426874642	YES	P62873
58	I	58	12.416	-13.334	19.796	0.7	0.44361833952912	0	0	4.947534794159274	0.0033739320582653804	-0.9620721476140909	1.095182655760309	YES	P62873
59	Y	59	12.179	-9.541	19.59	-0.1	0.419007490636704	0	0	3.589268917487725	0.019773714593322923	-0.963784454063707	1.0200048058842042	YES	P62873
60	A	60	8.552	-9.248	18.516	0.7	0.417444029850746	0	0	1.2950968483189942	0.7586574124499101	-0.8576672075243829	1.1922297726889803	NO	P62873
61	M	61	5.522	-10.764	16.787	0.3	0.41589219330855	1	0	1.46876571118411	0.5581323688735697	-1.1148626438666043	0.8679012356879622	NO	P62873
62	H	62	2.169	-9.897	15.235	-0.9	0.411669741697417	1	0	1.2950968483189942	0.7586574124499101	-0.9866843044118553	0.7176946875469765	NO	P62873
63	W	63	-1.17	-11.606	14.585	0.7	0.468341182626897	0	0	1.2950968483189942	0.7586574124499101	-0.9380962875249711	0.5733785922742649	NO	P62873
64	G	64	-2.708	-11.883	11.152	0.7	0.46663190823774803	0	1	0.763957627696212	0.9999999999999999	-0.9827499341375687	0.47691061415079444	NO	P62873
65	T	65	-6.137	-10.347	10.715	-0.9	0.615384615384615	0	0	0.9037130283257858	1	-0.8434130704482022	-0.20875409189602567	NO	P62873
66	D	66	-7.213	-13.861	9.793	0.7	0.587654320987654	0	0	1.3907276781941216	0.6574305809773462	-0.8476049525810959	0.24538746665446562	NO	P62873
67	S	67	-6.618	-14.7	13.441	-0.9	0.622222222222222	0	0	0.9037130283257858	1	-0.7540150325170302	0.10481984138883732	NO	P62873
68	R	68	-4.911	-17.904	12.337	-0.1	0.617647058823529	0	0	1.7111293685439963	0.43867135491037684	-0.9208483132993495	-0.294210836784559	NO	P62873
69	L	69	-1.412	-17.036	11.117	-1.3	0.654411764705882	0	0	3.922316788665368	0.03776328751049722	-1.1524373411938864	0.5187134046709649	YES	P62873
70	L	70	1.157	-15.131	13.142	1.1	0.618189711308878	0	0	4.821879374483851	0.005918035133278047	-1.1761049507021872	0.7875768783933175	YES	P62873
71	V	71	4.442	-13.397	12.318	0.7	0.613660848954967	0	0	5.643189513201114	0.001384326114549607	-0.9016351033525568	0.6238387654465416	YES	P62873
72	S	72	7.464	-13.431	14.637	-0.1	0.64963503649635	0	0	12.52252310420556	8.92225485088279e-7	-0.9817167862167437	0.8076579677169786	YES	P62873
73	A	73	10.985	-12.01	14.378	-0.9	0.515942028985507	0	0	9.100540069431801	1.8346026699117886e-5	-1.0593477470174262	0.6891401660224293	YES	P62873
74	S	74	14.103	-13.209	16.184	-0.1	0.460662525879917	0	0	10.375910006862668	7.977197531120557e-6	-0.9522954144942691	0.5584699047460923	YES	P62873
75	Q	75	17.67	-12.07	16.837	-0.1	0.501549732318963	0	0	10.923435311949454	3.6101927936582065e-5	-1.0012249956223513	0.2172739416013399	YES	P62873
76	D	76	18.766	-15.118	14.87	1.5	0.464025026068822	0	2	18.64564619351078	5.858375802147949e-7	-1.1512650222724374	-0.195704047110092	NO	P62873
77	G	77	17.85	-13.207	11.737	-0.1	0.399775407074677	0	2	20.08226798217603	7.238958024346246e-8	-1.0234969333802133	0.24538746665446562	YES	P62873
78	K	78	14.911	-15.43	10.912	-0.9	0.326923076923077	0	1	20.08226798217603	7.238958024346246e-8	-1.180133745199736	-0.007634258823665259	NO	P62873
79	L	79	11.345	-14.275	10.422	0.7	0.325091575091575	0	0	16.50050541460335	1.265125896368556e-7	-1.0315249016361105	0.07174510603221897	YES	P62873
80	I	80	8.828	-17.05	10.929	1.1	0.326923076923077	2	2	25.337300888748764	1.9621428792723668e-8	-0.9021158612914846	0.972672136507064	YES	P62873
81	I	81	5.192	-17.077	9.889	-0.9	0.298494983277592	0	0	11.84751389147428	5.225073849607491e-5	-1.0019678801181173	1.135649093336778	YES	P62873
82	W	82	3.297	-19.671	11.881	1.5	0.28021978021978	0	0	10.128993760170163	2.0122351590739728e-4	-1.0282955603916644	0.6974833425087834	YES	P62873
83	D	83	-0.168	-21.192	11.937	1.5	0.28046218487395	0	0	6.631354854109329	0.01043104944567797	-0.8982859240573906	1.0936403777401533	YES	P62873
84	S	84	-1.565	-21.125	15.45	0.3	0.283078545071165	0	0	7.9928875447473855	0.01404826774107895	-0.7734277734477654	0.47691061415079444	YES	P62873
85	Y	85	-3.992	-24.002	15.127	0.7	0.262730627306273	0	0	49.61935742829455	0.06980240549828179	-0.7263944116488936	1.0419373431596926	NO	P62873
86	T	86	-1.78	-26.457	13.252	-0.1	0.281497100685293	0	0	49.61935742829455	0.2680412371134021	-0.6469048703950712	1.3523575156212881	NO	P62873
87	T	87	1.345	-25.125	14.987	1.5	0.352912019826518	0	0	10.037078156376777	0.004292739611058079	-1.1848493636790531	1.486049550520663	YES	P62873
88	N	88	3.097	-25.471	11.638	-0.1	0.352912019826518	0	0	14.770172295887502	3.267537114173229e-4	-0.8472546222408391	1.2293608435138634	YES	P62873
89	K	89	5.425	-23.173	9.78	-0.9	0.354228855721393	0	1	14.770172295887502	3.267537114173229e-4	-0.8690405221805889	0.8193719364891143	YES	P62873
90	V	90	3.929	-21.382	6.824	-1.3	0.376719576719577	0	0	12.290445285132344	0.0012235846937481512	-0.8623085551182242	0.7373741550841645	YES	P62873
91	H	91	7.015	-19.324	6.12	-0.9	0.34962962962963	0	1	11.595284729151041	2.69817769609366e-4	-0.5817724393652878	-0.5350052115443671	NO	P62873
92	A	92	10.636	-18.783	7.052	-0.1	0.409722222222222	0	2	37.89508453909973	3.095986085477446e-8	-0.6795384995634829	-0.106031596509605	NO	P62873
93	I	93	12.32	-15.64	5.787	-0.1	0.412779850746269	0	0	25.337300888748764	1.9621428792723668e-8	-0.7474652146167293	-0.5790226599034082	NO	P62873
94	P	94	16.012	-15.091	6.222	0.3	0.410083643122677	0	1	37.89508453909973	3.095986085477446e-8	-1.019522340156627	-1.248794327835731	NO	P62873
95	L	95	16.782	-11.491	7.098	0.7	0.409722222222222	0	1	44.05262960013254	5.18156959530787e-9	-0.8738720610138581	0.275204841710811	YES	P62873
96	R	96	19.781	-9.553	5.916	-1.3	0.188528943175783	0	1	49.61935742829455	4.223550101957487e-7	-0.7438174388298836	-0.4237144296099249	NO	P62873
97	S	97	20.32	-8.008	9.329	-1.7	0.222431077694236	0	0	48.61935742829455	7.830671881095242e-7	-0.985714870455042	-0.059983581336381986	NO	P62873
98	S	98	20.466	-10.502	12.154	0.7	0.203788748564868	0	0	15.953085722532558	1.6675149860535377e-5	-1.1103514822544605	0.20894400825226564	YES	P62873
99	W	99	19.343	-7.93	14.672	0.7	0.189060010621349	0	0	15.953085722532558	1.6675149860535377e-5	-1.1654727175215445	0.49138081086931507	YES	P62873
100	V	100	15.656	-7.188	14.237	0.7	0.188359788359788	0	0	11.84751389147428	5.225073849607491e-5	-1.0371642492287665	0.6238387654465416	YES	P62873
101	M	101	13.718	-5.149	16.776	-0.5	0.202279202279202	0	1	4.743046552566942	0.01037518315320143	-0.9642788114097424	0.7587648806680645	YES	P62873
102	T	102	10.282	-5.415	15.2	-0.5	0.203031169573921	1	0	3.2032422358567825	0.07862843795577072	-0.8349000828287094	0.5602589472494728	NO	P62873
103	C	103	7.897	-6.877	12.642	1.5	0.221189591078067	0	0	4.821879374483851	0.005918035133278047	-1.1095349936798153	0.9978376960175345	YES	P62873
104	A	104	4.306	-6.348	11.534	1.5	0.241743275451141	0	0	1.8176512011599129	0.3557847960686365	-1.1249805786255398	0.8130644148425796	NO	P62873
105	Y	105	1.642	-8.198	9.606	1.1	0.241743275451141	0	0	1.861709338128631	0.325018530220932	-1.0606596736856655	0.6926480924996463	NO	P62873
106	A	106	-0.391	-6.562	6.843	0.3	0.244019138755981	0	1	1.407694898515211	0.6975711389045591	-1.248260743014038	1.0606796931951092	NO	P62873
107	P	107	-4.133	-6.454	7.227	1.5	0.266666666666667	1	0	0.6588757914498092	1	-1.1538472719684225	0.21145735021103812	NO	P62873
108	S	108	-4.395	-8.398	3.981	-0.1	0.266666666666667	0	0	1.8751606817394972	0.6080051424118887	-1.170206699408956	0.2881689178222655	NO	P62873
109	G	109	-1.86	-10.925	5.188	1.5	0.268679245283019	0	0	1.3907276781941216	0.6574305809773462	-0.8568357122315309	0.6670903424513503	NO	P62873
110	N	110	-0.233	-10.32	1.822	-0.1	0.366380789022298	0	0	0.9037130283257858	1	-0.8410496511955345	0.14359711732418304	NO	P62873
111	Y	111	2.891	-8.572	3.055	-0.9	0.366380789022298	0	0	2.3751935496117724	0.24346257209048208	-1.0960817503604805	-0.32428133047465946	NO	P62873
112	V	112	5.07	-8.693	6.154	0.7	0.403018867924528	0	0	3.0205783416809626	0.06655591473613702	-0.9259837909241014	0.1666695965057138	NO	P62873
113	A	113	7.404	-6.002	7.459	1.5	0.447798742138365	0	0	1.6274234269846324	0.3816178613299129	-1.1836759954916265	0.2632778916882728	NO	P62873
114	C	114	10.436	-6.02	9.735	0.3	0.599326599326599	0	1	5.768279772165726	0.0013932558356993152	-1.1212666241355496	0.09528983289625238	YES	P62873
115	G	115	13.114	-3.639	11.003	1.5	0.599326599326599	0	0	7.247515691187097	0.0023992219932269993	-1.1681299822166484	0.44218214202634515	YES	P62873
116	G	116	15.809	-3.222	13.634	0.3	0.666666666666667	0	0	8.117670427488004	0.003316190319186739	-1.1151773913848706	0.3653842199300019	YES	P62873
117	L	117	19.378	-2.035	14.217	-0.5	0.666666666666667	0	0	10.037078156376777	0.004292739611058079	-1.1977436966603372	0.07573688443732808	YES	P62873
118	D	118	19.678	-2.006	10.442	1.5	0.567697228144989	0	1	12.290445285132344	0.0012235846937481512	-1.0840416764848715	0.15016423663581424	YES	P62873
119	N	119	17.542	1.145	10.473	-0.5	0.498595505617978	0	0	6.126927314371956	0.04255468110802302	-1.1382701711551058	-0.23072868343879133	NO	P62873
120	I	120	15.539	-0.18	7.547	-0.9	0.503289473684211	0	0	5.28109717417884	0.030307481291113714	-1.120023338363964	0.4328109670086367	YES	P62873
121	C	121	12.014	-1.457	7.181	0.7	0.59706498951782	0	0	2.5503392600288928	0.15799633638462487	-1.240079836281565	0.6505529747730412	NO	P62873
122	S	122	11.971	-4.521	4.981	-0.9	0.674242424242424	0	0	3.8923828015106454	0.06328342515561934	-0.9871414042082746	0.38595509192009386	NO	P62873
123	I	123	8.705	-5.428	3.349	0.7	0.577922077922078	0	0	1.0268895264855316	0.9999999999999999	-1.1326603392925285	0.497101586316172	NO	P62873
124	Y	124	8.313	-8.941	2.022	-0.1	0.509030418250951	0	0	8.117670427488004	0.003316190319186739	-0.6674179125281413	-0.04714515889832832	NO	P62873
125	N	125	5.64	-10.166	-0.368	-0.1	0.599915504858471	1	0	2.3751935496117724	0.24346257209048208	-0.4997256421571322	-1.3099252903168404	NO	P62873
126	L	126	4.013	-13.409	0.75	0.3	0.60559796437659	0	0	3.318299322885203	0.04954520249117432	-0.6221994676102754	-1.0009788107007715	NO	P62873
127	K	127	1.936	-13.675	-2.415	-0.9	0.60559796437659	0	0	1.7111293685439963	0.43867135491037684	-0.4255702127405062	-1.9568386625070435	NO	P62873
128	T	128	4.939	-14.035	-4.75	-1.3	0.601605407689058	0	0	0.6725081464891339	1	0.23289802761766076	-2.8377291141716476	NO	P62873
129	R	129	4.02	-16.429	-7.562	-0.5	0.672348484848485	2	0	0.9075647023467442	0.9999999999999999	0.47826248319609393	-1.9909156625714384	NO	P62873
130	E	130	7.518	-16.968	-8.881	-0.1	0.67557251908397	0	1	0.9075647023467442	0.9999999999999999	0.6730375422753575	-2.116148637808089	NO	P62873
131	G	131	8.798	-18.549	-5.721	-0.1	0.600508905852417	0	0	1.8751606817394972	0.6080051424118887	0.4256283192913623	-2.8705282267336276	NO	P62873
132	N	132	9.436	-18.104	-2.024	-0.1	0.606215410813112	0	0	3.918925757415087	0.05515302109790847	0.009594816168113958	-2.7065326639237273	NO	P62873
133	V	133	9.274	-14.831	-0.164	0.3	0.601605407689058	0	0	4.718385998043642	0.00965661332924951	-0.34560335620827465	-1.4850484719603372	NO	P62873
134	R	134	11.977	-12.366	-1.149	-1.3	0.59706498951782	0	0	6.025222947050821	0.007405189817170195	-0.23630361780054102	-1.68611582866213	NO	P62873
135	V	135	12.471	-8.784	-0.092	-1.7	0.536842105263158	0	0	6.126927314371956	0.04255468110802302	-0.2594876047376677	-1.3008564112674452	NO	P62873
136	S	136	9.829	-6.791	-1.859	-1.3	0.533333333333333	1	0	0.6725081464891339	1	-0.36060931516150935	-1.3216812446401307	NO	P62873
137	R	137	10.917	-3.315	-0.846	-0.9	0.53134328358209	0	0	0.4364286872614603	0.6706063278628328	-0.7663395599251556	-0.263564279996947	NO	P62873
138	E	138	13.199	-2.059	1.866	-0.5	0.529368029739777	0	0	3.0039862567672624	0.20443585472394685	-0.6951237504873838	0.275204841710811	NO	P62873
139	L	139	12.707	1.471	3.085	-0.1	0.484848484848485	0	0	0.9037130283257858	1	-0.894266811946015	0.8570465928103076	NO	P62873
140	A	140	15.563	3.305	4.697	-0.5	0.484848484848485	1	0	2.83824674333699	0.29068441832811903	-0.7185956307943833	0.9754322301307929	NO	P62873
141	G	141	15.141	6.884	5.759	0.3	0.401503759398496	0	0	0.5310118240589514	1	-1.0665067540012683	0.7215036167477227	NO	P62873
142	H	142	15.922	6.318	9.373	1.5	0.367768595041322	0	0	0.9075647023467442	0.9999999999999999	-1.031105642049802	1.0389143834765606	NO	P62873
143	T	143	18.91	7.621	11.275	0.3	0.446115288220551	0	0	1.3751165871230817	1	-0.9284390890137706	0.6926480924996465	NO	P62873
144	G	144	18.226	5.117	14.035	-0.1	0.447798742138365	0	0	1.8751606817394972	0.6080051424118887	-0.7325682360795001	0.8221994461927332	NO	P62873
145	Y	145	16.99	1.594	14.724	-0.1	0.36843910806175	0	0	2.164823932131037	0.38073989638212585	-0.9193767146077677	0.44218214202634515	NO	P62873
146	L	146	13.427	0.654	13.833	1.1	0.368801652892562	0	0	1.7111293685439963	0.43867135491037684	-0.9572665930650835	0.8015463318358643	NO	P62873
147	S	147	11.514	0.012	17.063	-0.5	0.367409948542024	0	0	2.164823932131037	0.38073989638212585	-0.47428758397320836	1.3968456736175905	NO	P62873
148	C	148	8.018	-0.596	15.714	-0.9	0.371240926374006	0	0	0.5770257802894961	0.7219044955444224	-0.5100464906091724	1.018509405615421	NO	P62873
149	C	149	5.756	-0.337	12.674	0.3	0.367768595041322	0	0	1.407694898515211	0.6975711389045591	-0.6691673135121418	1.3523575156212881	NO	P62873
150	R	150	2.292	-1.113	11.32	-1.3	0.365003417634997	0	0	0.899526778680526	1	-0.8105143446154689	1.1418965433485835	NO	P62873
151	F	151	0.478	-1.416	8.004	1.5	0.366028708133971	0	0	0.899526778680526	1	-0.996669576388008	0.8453712330321472	NO	P62873
152	L	152	-2.267	1.031	7.205	-0.5	0.242424242424242	0	0	0.2783183169183761	0.2798809286503667	-0.680022081940928	-0.06210421361409614	NO	P62873
153	D	153	-2.807	-0.979	4.052	-0.5	0.244253859348199	0	0	0.36874310900025514	0.6779261872436588	-1.5340507935504235	0.8779417803497928	NO	P62873
154	D	154	-0.764	-2.845	1.484	-0.9	0.244253859348199	1	0	0.4364286872614603	0.6706063278628328	-1.5894162040352107	0.9669679430180239	NO	P62873
155	N	155	0.492	0.476	0.112	-0.9	0.242652084757348	0	0	0.31790489160988766	0.4370170431915642	-1.6093743291093674	0.5733785922742649	NO	P62873
156	Q	156	1.638	2.77	2.933	-0.1	0.132584269662921	1	0	0.31790489160988766	0.4370170431915642	-1.4276970323788554	0.3348395918235018	NO	P62873
157	I	157	3.207	1.823	6.253	1.5	0.133584905660377	0	0	0.5770257802894961	0.7219044955444224	-1.307403084243364	0.5733785922742649	NO	P62873
158	V	158	3.97	3.667	9.497	0.7	0.121440823327616	1	0	0.6588757914498092	1	-0.38038246625719685	1.0065744185645658	NO	P62873
159	T	159	7.13	3.039	11.512	-0.5	0.224116161616162	0	0	0.6588757914498092	1	-0.7135789251167086	0.7805308821394011	NO	P62873
160	S	160	8.731	4.265	14.756	0.3	0.221598002496879	0	0	1.0988928917491885	1	-0.12087948738610002	1.1929173851116635	NO	P62873
161	S	161	12.459	4.509	15.417	0.3	0.241743275451141	0	0	0.9037130283257858	1	-0.24233030922579663	1.050456593175791	NO	P62873
162	G	162	15.309	5.241	17.794	1.5	0.332397003745318	0	0	2.83824674333699	0.29068441832811903	0.024240846546027747	0.8467045302907642	NO	P62873
163	D	163	15.817	8.175	15.447	-0.9	0.332397003745318	0	0	0.5310118240589514	1	-0.25725636379222805	0.49840919213259643	NO	P62873
164	T	164	13.36	9.928	17.773	-0.1	0.332397003745318	0	0	0	0.5711115087565372	0.2622773274837356	1.1697260934011728	NO	P62873
165	T	165	10.803	10.297	15.008	0.3	0.332706766917293	1	0	0	0.18408695779277245	0.3736979771150897	1.3230725936909489	NO	P62873
166	C	166	7.952	8.286	13.516	1.5	0.332089552238806	0	0	0	0.10392435277827745	0.28358270425805227	0.88207612226937	NO	P62873
167	A	167	7.285	8.171	9.804	-0.1	0.330855018587361	0	0	0	0.10392435277827745	-0.5166100430597712	1.2293608435138634	NO	P62873
168	L	168	4.54	7.201	7.388	1.1	0.327205882352941	0	0	0	0.05781777889497319	-0.44296136444182904	0.33095036899006547	NO	P62873
169	W	169	5.894	5.664	4.212	1.1	0.326923076923077	0	0	0	0.18408695779277245	-1.218818884456308	0.0687768605514968	NO	P62873
170	D	170	4.607	4.611	0.817	1.5	0.358957219251337	0	0	0	0.18408695779277245	-1.4927859871306497	0.07573688443732815	NO	P62873
171	I	171	5.919	1.169	-0.046	0.3	0.357332448573324	0	0	0	0.10392435277827745	-1.224972448381417	-0.08260365896533363	NO	P62873
172	E	172	5.561	1.429	-3.806	0.3	0.359959893048128	0	0	0	0.3197736294794541	-1.392271779017853	-0.22070518554209118	NO	P62873
173	T	173	7.159	4.857	-3.981	-0.5	0.478188478188478	0	0	0	0.5617878459034182	-1.4705975916551672	0.7373741550841646	NO	P62873
174	G	174	9.679	3.708	-1.436	1.1	0.397416974169742	1	0	0	0.3197736294794541	-1.0207150322449012	0.03148021081546615	NO	P62873
175	Q	175	9.708	7.186	0.084	1.5	0.397416974169742	0	0	0	0.1874878968483765	-1.3466420000114883	0.2847464017288416	NO	P62873
176	Q	176	8.291	8.81	3.176	-0.9	0.400371747211896	0	0	0	0.1874878968483765	-1.298724283784554	0.7191524258830646	NO	P62873
177	T	177	4.862	10.334	2.778	-1.3	0.401865671641791	1	0	0	0.3197736294794541	-1.1027213308565724	0.5481485056881266	NO	P62873
178	T	178	5.024	12.143	6.104	-1.7	0.404887218045113	0	0	0	0.1874878968483765	-0.44395440452450885	0.6783357524726007	NO	P62873
179	T	179	7.271	12.587	9.13	-0.5	0.446517412935323	1	0	0	0.18408695779277245	-0.40496757498581376	1.3523575156212881	NO	P62873
180	F	180	6.262	12.915	12.78	0.3	0.515212399540758	0	0	0	0.10392435277827745	0.7006296075880967	0.4640482170676651	NO	P62873
181	T	181	8.739	14.61	15.084	-2.1	0.674812030075188	0	0	0	0.1874878968483765	0.8159626717412688	0.8900596790795883	NO	P62873
182	G	182	8.914	16.131	18.554	1.5	0.674812030075188	1	0	0	0.1874878968483765	1.5572850324509238	0.3156712792872798	NO	P62873
183	H	183	9.647	13.136	20.755	1.5	0.726015557476232	0	0	0	0.1874878968483765	1.40392087809872	0.7506710926092914	NO	P62873
184	T	184	12.451	13.757	23.24	-0.1	0.674812030075188	0	0	0	0.5617878459034182	1.6098391180815141	0.20260601548666568	NO	P62873
185	G	185	13.81	10.225	23.05	1.1	0.669776119402985	0	0	0	0.5617878459034182	1.2138057988995319	0.9669679430180239	NO	P62873
186	D	186	13.78	6.952	21.17	-0.9	0.721297359357061	0	0	0	0.5617878459034182	0.7991731593327875	0.8919985428763556	NO	P62873
187	V	187	10.28	6.007	20.135	0.3	0.727431059506531	0	0	0	0.5617878459034182	0.7740264368248626	0.4796668420971794	NO	P62873
188	M	188	9.821	2.472	21.431	0.7	0.727431059506531	1	0	0.4364286872614603	0.6706063278628328	0.45780695953766437	0.626928163804028	NO	P62873
189	S	189	6.365	1.58	20.16	-0.1	0.850868232890705	0	0	0.24662231183512504	0.2786897853183455	0.20411484954052767	0.6616838953257492	NO	P62873
190	L	190	3.258	2.781	18.355	1.5	0.809774436090225	0	0	0	0.10392435277827745	0.4003344678705872	0.7783730457866394	NO	P62873
191	S	191	-0.415	1.847	18.023	-1.7	0.808301886792453	0	0	0	0.0323732952625356	0.7380128034148307	0.45929472249346504	NO	P62873
192	L	192	-2.765	2.647	15.164	-0.5	0.805263157894737	0	0	0	0.10392435277827745	0.6435191746979799	-0.23398417848216405	NO	P62873
193	A	193	-6.446	3.565	15.28	-0.9	0.84433962264151	0	0	0	0.10392435277827745	1.1589787141352599	-0.27939833433721323	NO	P62873
194	P	194	-9.127	1.14	14.272	-0.1	0.848384030418251	2	0	0	0.10392435277827745	0.744952461394532	-1.67977783589653	NO	P62873
195	D	195	-9.908	3.678	11.567	-2.1	0.84280303030303	1	0	0	0.3197736294794541	1.2024977492419897	-1.5038985366511306	NO	P62873
196	T	196	-6.198	4.427	10.994	-0.9	0.848384030418251	2	0	0	0.10392435277827745	0.6101236471062282	0.20602853158008974	NO	P62873
197	R	197	-7.11	8.08	11.257	-0.9	0.964959568733154	0	0	0	0.3197736294794541	2.4583009177410644	-1.256466634867773	NO	P62873
198	L	198	-4.432	8.706	13.88	-0.5	0.958646616541353	0	0	0	0.10726384024050746	1.8106540751908775	-0.24659922177523322	NO	P62873
199	F	199	-1.95	6.762	16.008	0.3	0.962264150943396	0	0	0	0.03314749885548127	1.0987658338130024	-0.24659922177523325	NO	P62873
200	V	200	-0.174	7.003	19.372	-0.1	0.955961331901181	0	0	0	0.017550956249587735	1.2033462943696984	0.41247728536643885	NO	P62873
201	S	201	3.396	6.156	20.285	1.5	0.963203463203463	0	0	0	0.10392435277827745	1.0700331996420334	0.3508131856036868	NO	P62873
202	G	202	5.446	5.554	23.421	1.5	0.955961331901181	0	0	0	0.18408695779277245	0.9425401642421043	0.9788948930405621	NO	P62873
203	A	203	9.008	6.806	23.722	0.3	1.00280898876405	0	0	0	0.3197736294794541	1.0488367531797151	0.6171107423569048	NO	P62873
204	C	204	12.062	7.176	25.969	-0.1	1.01037735849057	0	0	0	1	1.1831452538071043	0.5347914010248768	NO	P62873
205	D	205	10.924	10.668	26.964	1.5	1.00280898876405	0	0	0	0.5617878459034182	1.460065522007423	0.658021463401955	NO	P62873
206	A	206	8.453	8.946	29.269	-0.9	0.995353159851301	0	0	0	0.5711115087565372	1.4413640956301752	0.956034905497364	NO	P62873
207	S	207	5.588	10.436	27.331	-0.9	1.00280898876405	0	0	0	0.3197736294794541	1.5065870605531382	0.6053777264810746	NO	P62873
208	A	208	3.229	9.076	24.708	-0.9	0.995353159851301	0	0	0	0.10726384024050746	1.4528725806027893	0.6462655090786646	NO	P62873
209	K	209	2.156	11.204	21.769	-0.5	1.00280898876405	0	0	0	0.10392435277827745	1.6809524416527248	0.8943911833064089	NO	P62873
210	L	210	-0.972	11.069	19.638	-0.1	1.11423220973783	0	0	0	0.18408695779277245	1.7105310754957155	0.20066140406994754	NO	P62873
211	W	211	-0.419	11.885	15.991	1.5	1.06966292134831	0	0	0	0.10726384024050746	1.5138715725241374	0.42199807275743445	NO	P62873
212	D	212	-2.532	12.349	12.871	1.5	0.888059701492537	0	0	0	0.10392435277827745	1.7658919910722308	-1.0009788107007715	NO	P62873
213	V	213	-1.677	10.476	9.688	0.3	0.661710037174721	0	0	0	0.05781777889497319	0.8313869916080173	-0.5481394501676293	NO	P62873
214	R	214	-2.971	13.17	7.36	1.5	0.656826568265683	0	0	0	0.10392435277827745	1.273100529791119	-0.5417912348330525	NO	P62873
215	E	215	-1.828	16.29	9.18	-1.7	0.869352869352869	0	0	0	0.3197736294794541	1.8377105829015292	-0.5199251597917326	NO	P62873
216	G	216	1.471	14.896	10.338	-0.5	0.875768757687577	0	0	0	0.10392435277827745	0.9067121815919046	-0.05737357237919521	NO	P62873
217	M	217	1.302	16.83	13.604	-0.5	0.869352869352869	1	0	0	0.1874878968483765	1.4583444497379172	0.32107772641288085	NO	P62873
218	C	218	1.043	15.779	17.242	1.5	0.784615384615385	1	0	0	0.1874878968483765	1.935853165387725	0.8509095447217873	NO	P62873
219	R	219	-2.4	16.563	18.629	-1.3	0.776086956521739	1	0	0	0.3197736294794541	2.075416218033649	0.4093830294643653	NO	P62873
220	Q	220	-1.827	15.629	22.252	0.3	0.651459854014599	0	0	0	0.1874878968483765	1.9746070802706588	1.5209085107314628	NO	P62873
221	T	221	0.949	14.576	24.553	-0.5	0.554347826086957	0	0	0	0.3197736294794541	2.021543436815877	0.47691061415079455	NO	P62873
222	F	222	0.236	12.387	27.564	1.5	0.554347826086957	0	0	0	0.10392435277827745	1.5058241925077072	0.983367499299014	NO	P62873
223	T	223	2.735	12.098	30.365	-2.1	0.554347826086957	0	0	0	0.5711115087565372	1.6202306167716038	-0.007634258823665259	NO	P62873
224	G	224	1.988	9.918	33.387	-0.1	0.646739130434783	0	0	0	0.5711115087565372	0.9534963865738542	0.24538746665446562	NO	P62873
225	H	225	5.199	7.893	33.359	-0.9	0.652014652014652	0	0	0	0.3197736294794541	0.8483844194682324	0.16560584150370355	NO	P62873
226	E	226	8.361	8.106	35.412	-1.7	0.652014652014652	0	0	0	0.5711115087565372	1.111828389330154	-0.18756081916366943	NO	P62873
227	S	227	10.535	6.288	32.879	1.5	0.588429752066116	0	0	0	0.5711115087565372	1.0174700547843343	0.2793175830978931	NO	P62873
228	D	228	10.764	5.216	29.234	-0.9	0.646209386281588	0	0	0	0.5711115087565372	1.191961531673106	0.7920393426874645	NO	P62873
229	I	229	7.594	3.856	27.67	0.7	0.603128760529483	0	0	0	0.18408695779277245	1.0535180599735399	0.8871092341714641	NO	P62873
230	N	230	8.372	0.451	26.218	-0.1	0.603128760529483	0	0	0	0.03314749885548127	0.5990291220738237	0.6963752643816895	NO	P62873
231	A	231	5.054	-0.396	24.592	0.3	0.56339928057554	0	0	0	0.03314749885548127	0.35852591564933045	0.1696972068960504	NO	P62873
232	I	232	1.717	1.197	23.771	0.7	0.537084398976982	0	0	0	0.05781777889497319	0.5896649763871362	0.585993635567334	NO	P62873
233	C	233	-1.665	-0.212	22.742	-1.3	0.537084398976982	1	0	0.2206722503681991	0.17201914051336437	0.4415245947037327	0.9781335983582725	NO	P62873
234	F	234	-5.025	1.285	21.76	-0.5	0.45704612780364	0	0	0.2206722503681991	0.17201914051336437	0.862591875955074	0.49138081086931507	NO	P62873
235	F	235	-8.311	0.612	23.503	-1.3	0.402901785714286	0	0	0.31790489160988766	0.4370170431915642	0.019385114705256796	0.4093830294643653	NO	P62873
236	P	236	-10.805	-1.171	21.293	1.5	0.457938013915244	0	0	0.31790489160988766	0.4370170431915642	-0.1572962801789981	-1.6886291706209025	NO	P62873
237	N	237	-13.171	1.786	21.005	0.7	0.457938013915244	0	0	0.5310118240589514	1	0.0040016444963504125	0.10481984138883739	NO	P62873
238	G	238	-10.272	4.05	20.099	1.5	0.459585272958104	0	0	0	0.10392435277827745	0.9847803051271191	-0.3168830344080474	NO	P62873
239	N	239	-10.877	6.623	22.828	-1.3	0.459585272958104	0	0	0	0.1874878968483765	0.7477925081856303	0.456238904552908	NO	P62873
240	A	240	-8.078	5.473	25.134	-0.1	0.455042016806723	1	0	0	0.10726384024050746	0.51665253108895	0.3000526542577655	NO	P62873
241	F	241	-4.813	3.54	25.199	0.3	0.50457984866587	0	0	0	0.05781777889497319	0.6185786217842194	0.9781335983582725	NO	P62873
242	A	242	-2.487	1.649	27.542	-0.1	0.499211977935382	0	0	0.36874310900025514	0.6779261872436588	0.1889845963667108	1.2293608435138634	NO	P62873
243	T	243	1.253	1.957	27.997	0.7	0.502777777777778	2	0	0	0.05781777889497319	0.5163033801304218	0.29542001124053663	NO	P62873
244	G	244	3.915	-0.195	29.638	1.5	0.529411764705882	0	0	0	0.03314749885548127	0.4684000518844503	0.585993635567334	NO	P62873
245	S	245	7.026	1.459	31.044	0.3	0.529411764705882	0	0	0	0.10392435277827745	0.5569100801547823	-0.0826036589653337	NO	P62873
246	D	246	10.337	0.938	32.847	0.7	0.529411764705882	0	0	0	0.18408695779277245	0.5459004366421158	-0.04401646771594555	NO	P62873
247	D	247	8.664	2.473	35.883	1.5	0.570976670620799	0	0	0	0.3197736294794541	0.1898984715956571	-1.5003717503541434	NO	P62873
248	A	248	7.114	-0.976	36.058	0.3	0.566941499803691	0	0	0	0.18408695779277245	-0.2282894358333744	-0.513677709779927	NO	P62873
249	T	249	3.607	0.356	35.783	0.7	0.527117229870672	0	0	0	0.10726384024050746	-0.13021988317548389	-0.29132528435975136	NO	P62873
250	C	250	1.072	0.29	32.982	1.5	0.527117229870672	0	0	0	0.03314749885548127	-0.08331544175891281	0.026726716241266112	NO	P62873
251	R	251	-1.044	3.376	32.515	-0.5	0.527527737073477	1	0	0.31790489160988766	0.4370170431915642	0.2768935712814217	0.4190298272767123	NO	P62873
252	L	252	-4.365	4.11	30.851	1.5	0.560498220640569	0	0	0.19903270019633293	0.17486978371131873	0.15818175552200275	0.14070944783963607	NO	P62873
253	F	253	-4.841	7.388	29.03	0.7	0.602888842369688	0	0	0.31790489160988766	0.4370170431915642	0.6878195066012126	0.1469901289685258	NO	P62873
254	D	254	-8.091	8.774	27.675	1.5	0.60672268907563	0	0	0.24662231183512504	0.2786897853183455	0.7632898586167512	0.1296258929063012	NO	P62873
255	L	255	-7.908	10.947	24.576	1.1	0.568120503597122	0	0	0	0.5617878459034182	1.0462343388647148	0.46757500336465213	NO	P62873
256	R	256	-11.026	13.01	25.194	1.5	0.523188405797102	1	0	0	0.5617878459034182	0.630430279948405	1.3329369884464315	NO	P62873
257	A	257	-10.082	13.512	28.842	1.1	0.538576300085252	0	0	0.2783183169183761	0.2798809286503667	1.2341769635216928	-0.08260365896533363	NO	P62873
258	D	258	-6.498	14.185	27.792	-0.9	0.57223731884058	0	0	0	0.18408695779277245	1.3040037816087842	-0.929032370242235	NO	P62873
259	Q	259	-5.15	12.574	30.952	0.3	0.467132505175983	0	0	0.2206722503681991	0.17201914051336437	1.242582353865419	-1.004524660707472	NO	P62873
260	E	260	-4.182	9.289	32.551	-0.5	0.503496503496504	0	0	0.19903270019633293	0.17486978371131873	0.9877944107464781	-0.32114265941609677	NO	P62873
261	L	261	-7.253	7.642	34.045	0.7	0.556988138215575	0	0	0.1513774470369184	0.06132210170068949	0.964570593510095	-0.5367452175158249	NO	P62873
262	M	262	-5.581	4.845	35.943	-0.9	0.561038961038961	1	0	0.16500016146587443	0.06317391603936848	0.7445928388738143	-0.23254245924867045	NO	P62873
263	T	263	-2.399	3.038	36.912	-0.9	0.604195804195804	0	0	0.24662231183512504	0.2786897853183455	0.3746044470042268	-0.12008835903616784	NO	P62873
264	Y	264	-1.803	-0.698	37.026	0.7	0.604195804195804	0	0	0	0.05781777889497319	-0.0434352237901897	-0.3449965594611731	NO	P62873
265	S	265	1.077	-1.597	39.297	-1.3	0.654545454545455	0	0	0	0.10726384024050746	-0.2723479694189692	-0.8543474839530966	NO	P62873
266	H	266	2.149	-3.811	42.158	-1.7	0.603165787281311	0	0	0	0.5617878459034182	-0.19655575394647606	-2.085075794328319	NO	P62873
267	D	267	4.435	-3.412	45.151	-0.9	0.506293706293706	0	0	0	1	-0.14110347821505864	-2.5276284135856555	NO	P62873
268	N	268	6.12	-6.635	44.126	0.7	0.473574045002616	1	0	0	1	-0.4403354480238082	-3.2432454149379444	NO	P62873
269	I	269	6.88	-5.636	40.562	-2.1	0.412087912087912	0	0	0	0.1874878968483765	-0.46505867039633	-0.8960216505024359	NO	P62873
270	I	270	10.051	-3.578	40.099	-2.1	0.409090909090909	0	0	0	0.5617878459034182	-0.44028396572006223	-1.8962016476865766	NO	P62873
271	C	271	10.648	-4.55	36.459	-0.9	0.408740942028985	0	0	0	0.3197736294794541	-0.5225153103811808	-0.01700543384137383	NO	P62873
272	G	272	9.504	-2.642	33.392	-0.9	0.325812274368231	1	0	0	0.10392435277827745	-0.3943290485896173	0.09002324925561334	NO	P62873
273	I	273	6.77	-3.724	31.017	-0.1	0.358134920634921	0	0	0	0.03314749885548127	-0.39352502096414094	0.3795656544080198	NO	P62873
274	T	274	7.991	-4.886	27.623	-0.5	0.33955857385399	0	0	0	0.03314749885548127	-0.28814896498697834	1.0154535876748636	NO	P62873
275	S	275	4.632	-5.157	25.895	1.5	0.387096774193548	0	0	0	0.004939487504261748	-0.31847208986346087	0.9265998044802025	NO	P62873
276	V	276	0.901	-4.626	26.399	1.5	0.387096774193548	1	0	0.1807117376386735	0.1035653147548804	-0.32456455016843294	0.7176946875469765	NO	P62873
277	S	277	-2.47	-5.232	24.765	-1.7	0.383571428571429	0	0	0.16500016146587443	0.06317391603936848	-0.5407975418972546	0.24538746665446562	NO	P62873
278	F	278	-6.184	-5.47	25.537	1.5	0.380851063829787	0	0	0.4129210874866423	0.33993629105812495	-0.5988470635733936	0.4055691791664606	NO	P62873
279	S	279	-8.851	-8.108	25.064	1.5	0.383571428571429	0	1	0.6588757914498092	1	-0.72367672913238	-0.6193164099795505	NO	P62873
280	K	280	-11.767	-8.003	22.67	-1.7	0.386021505376344	0	0	1.3907276781941216	0.6574305809773462	-0.7673896477438109	-1.230572598634631	NO	P62873
281	S	281	-13.996	-6.171	25.113	0.3	0.467904855001629	0	0	0.9075647023467442	0.9999999999999999	-0.7683960595876226	0.10481984138883739	NO	P62873
282	G	282	-11.105	-4.17	26.491	1.1	0.490186038573135	0	0	0.4364286872614603	0.6706063278628328	-0.7025914590907335	0.24538746665446562	NO	P62873
283	R	283	-11.881	-5.214	30.033	0.3	0.491949297704693	0	0	0.5310118240589514	1	-0.0360527510810581	-0.14820188408929347	NO	P62873
284	L	284	-8.585	-7.03	30.375	-0.1	0.453610108303249	0	0	0.31790489160988766	0.4370170431915642	-0.03771280273557418	0.018316687379220008	NO	P62873
285	L	285	-5.173	-5.374	30.004	1.5	0.414670167377749	0	0	0.19903270019633293	0.17486978371131873	-0.3327761669118856	0.4028232069519692	NO	P62873
286	L	286	-2.289	-7.745	29.318	0.3	0.414670167377749	0	0	0.16500016146587443	0.06317391603936848	-0.3845958955265436	0.28474640172884147	NO	P62873
287	A	287	1.322	-6.787	29.91	-0.1	0.437575757575758	0	0	0.1394529047621671	0.035765515936037204	-0.48511930396828185	0.47796299209395954	NO	P62873
288	G	288	4.569	-8.722	29.614	1.5	0.416425679583574	1	0	0	0.0323732952625356	-0.5300964486760857	0.9206633135187582	NO	P62873
289	Y	289	7.307	-8.007	32.132	-0.5	0.464944649446495	0	0	0	0.05781777889497319	-0.44790968814672455	0.6171107423569048	NO	P62873
290	D	290	11.062	-8.432	32.4	-0.9	0.466666666666667	1	0	0	0.1874878968483765	-0.6044710693217501	0.340610696673117	NO	P62873
291	D	291	10.196	-10.837	35.233	1.5	0.464944649446495	0	0	0	0.1874878968483765	-0.5931585064018318	-0.5350052115443671	NO	P62873
292	F	292	9.449	-13.46	32.566	0.3	0.398161764705882	0	0	0	0.18408695779277245	-0.5909114115497109	0.2771285433273494	NO	P62873
293	N	293	5.827	-13.574	33.711	-0.5	0.416058394160584	1	0	0.2783183169183761	0.2798809286503667	-0.7015734625403492	0.1296258929063011	NO	P62873
294	C	294	2.836	-11.989	32.014	0.3	0.462820512820513	0	0	0.2206722503681991	0.17201914051336437	-0.4728693468015467	-0.35355284969473305	NO	P62873
295	N	295	0.357	-10	34.077	-0.5	0.440781440781441	0	0	0	0.10726384024050746	-0.2562842216373963	-0.08260365896533366	NO	P62873
296	V	296	-3.324	-9.911	33.197	0.7	0.437575757575758	2	0	0.31790489160988766	0.4370170431915642	-0.0015174221339719555	0.6238387654465417	NO	P62873
297	W	297	-4.972	-6.815	34.636	-0.1	0.434782608695652	0	0	0.2783183169183761	0.2798809286503667	0.11335862484135095	0.24538746665446562	NO	P62873
298	D	298	-8.484	-5.432	34.89	1.5	0.458181818181818	0	0	0.45773327396663965	0.5035595792280964	0.46332129958142576	0.029393310758500275	NO	P62873
299	A	299	-8.69	-2.385	32.676	-2.5	0.461538461538462	0	0	0.3749704560420189	0.34123536707429675	0.022589170524745857	0.03943955056761493	NO	P62873
300	L	300	-11.49	-0.999	34.834	0.7	0.512820512820513	0	0	0.16500016146587443	0.06317391603936848	0.8791124224276328	-0.6261318099924296	NO	P62873
301	K	301	-10.902	-2.183	38.429	-0.1	0.516135620915033	0	0	0.16500016146587443	0.06317391603936848	1.2280757208394633	-0.6729876850809723	NO	P62873
302	A	302	-7.111	-1.861	38.3	0.3	0.568802521008403	0	0	0.12892756937371758	0.035809364531138733	0.8278983933419506	-0.6322104100039161	NO	P62873
303	D	303	-6.633	-5.242	39.947	-0.5	0.592883211678832	0	0	0	0.10726384024050746	0.6977849870626444	-1.1075759265272063	NO	P62873
304	R	304	-4.575	-7.98	38.335	-0.9	0.554744525547445	1	0	0	0.3197736294794541	0.3165907433363816	-0.7385859102049321	NO	P62873
305	A	305	-6.996	-10.613	37.087	-0.1	0.651624548736462	0	0	0	0.3197736294794541	0.4173324382302881	-0.03574778387679087	NO	P62873
306	G	306	-4.378	-13.292	36.607	-0.5	0.617328519855596	0	0	0	0.1874878968483765	0.4475092953413559	-0.1875608191636694	NO	P62873
307	V	307	-0.893	-14.098	35.387	0.7	0.586462093862816	0	0	0	0.1874878968483765	0.15858469850623466	-0.10603159650960502	NO	P62873
308	L	308	0.868	-16.228	32.825	0.7	0.586462093862816	0	0	0.4364286872614603	0.6706063278628328	-0.224966589452563	-6.058775603838305e-4	NO	P62873
309	A	309	3.574	-18.593	33.963	-0.9	0.548736462093863	1	0	0.5310118240589514	1	-0.33209527216148416	0.44218214202634515	NO	P62873
310	G	310	5.892	-19.239	31.14	-1.3	0.551776553296599	0	0	0.9075647023467442	0.9999999999999999	-0.4380555489634092	1.1658786901680958	NO	P62873
311	H	311	9.152	-18.5	29.412	1.5	0.586666666666667	0	0	0.6588757914498092	1	-0.6212606606814841	0.9399569091434522	NO	P62873
312	D	312	12.355	-18.785	31.393	-0.5	0.494069343065694	0	0	0.5310118240589514	1	-0.7504194342716943	0.4093830294643651	NO	P62873
313	N	313	13.552	-15.516	29.911	0.3	0.465006440532417	0	0	0	0.10392435277827745	-0.6145576754056464	0.7920393426874642	NO	P62873
314	R	314	11.996	-12.079	29.532	0.7	0.439172749391728	0	0	0	0.10726384024050746	-0.7702502579158178	0.5546362422388477	NO	P62873
315	V	315	8.87	-11.871	27.447	1.5	0.438787878787879	0	0	0.2206722503681991	0.17201914051336437	-0.830317947153546	0.4328109670086366	NO	P62873
316	S	316	9.611	-9.667	24.485	-0.9	0.497252747252747	0	0	0.4129210874866423	0.33993629105812495	-0.8655570694911116	0.3737318201578653	NO	P62873
317	C	317	6.233	-9.422	22.811	-0.1	0.494069343065694	2	0	0.3749704560420189	0.34123536707429675	-0.893354746100731	0.656867242432032	NO	P62873
318	L	318	2.525	-9.914	23.391	0.3	0.496806569343066	0	0	0.5849131056725719	0.5462759354058312	-0.8512336640633831	1.1456184284619997	NO	P62873
319	G	319	-0.564	-9.851	21.193	-1.3	0.495879120879121	0	0	0.9918201984537985	1	-0.8841827708608526	0.41651327132566524	NO	P62873
320	V	320	-4.232	-10.755	21.148	-0.5	0.437575757575758	2	0	1.1078805113964763	1	-0.7612362055487265	-0.06534096814323895	NO	P62873
321	T	321	-5.987	-12.156	18.12	-1.3	0.467339352097716	1	0	1.407694898515211	0.6975711389045591	-0.5636697386553798	-0.9421666088654972	NO	P62873
322	D	322	-8.332	-9.837	16.275	-1.3	0.468920392584515	0	0	1.0268895264855316	0.9999999999999999	-0.3541340668181181	-0.9572466606181317	NO	P62873
323	D	323	-11.172	-12.15	17.193	-0.1	0.503305288461538	1	0	2.164823932131037	0.38073989638212585	-0.4491602035862614	-0.836983247890872	NO	P62873
324	G	324	-9.935	-12.059	20.772	-0.9	0.505583126550869	0	0	1.3907276781941216	0.6574305809773462	-0.4755373277510177	-0.9845792544197814	NO	P62873
325	M	325	-9.968	-15.831	20.767	-0.5	0.434842249657064	0	0	1.3907276781941216	0.6574305809773462	-0.5725803689705352	-0.9174901605430045	NO	P62873
326	A	326	-6.353	-16.214	21.813	0.3	0.472573839662447	0	1	2.164823932131037	0.38073989638212585	-0.4206825858432814	-0.6028654444312221	NO	P62873
327	V	327	-3.234	-14.571	23.221	-0.1	0.470680834317198	0	0	0.6440318220550667	0.7526238477611579	-0.5822458285425143	0.08520575414247064	NO	P62873
328	A	328	0.372	-14.965	22.103	-0.1	0.515555555555556	0	0	1.2495523505143489	0.7424325850388449	-0.46282798610701087	0.6616838953257492	NO	P62873
329	T	329	3.6	-14.07	23.863	0.7	0.515068493150685	0	0	0.45773327396663965	0.5035595792280964	-0.5874604160213338	0.5481485056881265	NO	P62873
330	G	330	7.129	-14.128	22.493	0.3	0.569640062597809	0	0	0.7138192015474416	0.7531645606622264	-0.6467882809643485	0.6505529747730412	NO	P62873
331	S	331	10.159	-14.192	24.765	1.5	0.56682769726248	0	0	0.6588757914498092	1	-0.6923819670485273	0.558469904746092	NO	P62873
332	W	332	13.965	-14.174	24.756	-0.5	0.569514237855946	0	0	1.954425673669793	0.45012934346283506	-0.7058229396512344	0.49840919213259643	NO	P62873
333	D	333	13.791	-17.973	25.061	1.5	0.429319371727749	0	0	3.918925757415087	0.05515302109790847	-0.5383459758239147	0.7849857700934901	NO	P62873
334	S	334	12.916	-18.213	21.332	-1.3	0.431693989071038	0	0	5.584659177077213	0.002198350762754782	-0.6362538213634712	0.8570465928103074	YES	P62873
335	F	335	9.6	-19.78	22.212	-0.5	0.515254237288136	0	0	2.157252114569879	0.2947368660260292	-0.5273768834913117	0.8038588427097995	NO	P62873
336	L	336	6.161	-18.404	21.428	0.7	0	0	0	1.861709338128631	0.325018530220932	-0.5995486457061379	1.0243663900014888	NO	P62873
337	K	337	3.297	-19.308	23.694	-0.5	0	0	1	1.6528645140851435	0.47857092914579197	-0.37048712899909064	0.9013697178940641	NO	P62873
338	I	338	-0.348	-19.106	22.715	0.7	0	0	0	1.1902826581029793	1	-0.4265312667799026	0.8150562637835905	NO	P62873
