Uniprot_position	aminoacid	Position_in_structure	x	y	z	paraz	mtr	gscount	pscount	OR	pvalue	mtr3dscore	paraz3dscore	HotSpot3D	Uniprot
1	M	1	-0.667	-18.853	72.798	-2.34	0.682170542635659	0	0	0	0.9999999999999999	0.9250300885531035	-1.997252589529244	NO	Q13363
2	G	2	3.028	-19.305	72.357	-2.34	0.685185185185185	0	0	0	1	0.794856138197959	-2.3370867747126862	NO	Q13363
3	S	3	5.589	-22.026	72.301	-2.34	0.458628841607565	0	0	0	1	0.6370665758404185	-2.5326752871313	NO	Q13363
4	S	4	5.892	-23.623	75.657	-2.34	0.463470319634703	0	0	0	1	0.48966260404257506	-2.8893729099891696	NO	Q13363
5	H	5	8.571	-25.295	77.671	-0.44	0.688311688311688	0	0	0	1	0.14577265685360358	-2.799634109301826	NO	Q13363
6	L	6	11.234	-23.262	76.023	-0.12	0.690625	0	0	0	1	0.14577265685360358	-2.799634109301826	NO	Q13363
7	L	7	14.384	-25.192	76.705	-0.12	0.696969696969697	0	0	0	1	0.17884487269382435	-3.087789098231487	NO	Q13363
8	N	8	17.014	-23.411	78.678	-1.07	0.621182586094867	2	0	0	1	0.42304532526245586	-3.087789098231487	NO	Q13363
9	K	9	19.829	-24.886	80.656	-0.76	0.626262626262626	0	0	0	1	0.627339526435251	-2.799634109301826	NO	Q13363
10	G	10	22.185	-23.108	82.961	-2.34	0.627594627594628	0	0	0	1	0.5487687853667571	-3.757896145392645	NO	Q13363
11	L	11	21.509	-19.732	84.432	-2.34	0.707446808510638	1	0	0	0.9999999999999999	0.4204829002496296	-3.406358705143931	NO	Q13363
12	P	12	22.633	-16.514	83.011	-2.34	0.706185567010309	0	0	0	0.9999999999999999	0.29405811555526146	-3.0902975203331597	NO	Q13363
13	L	13	24.133	-14.389	85.726	-2.34	0.646413887619918	0	0	0	0.9999999999999999	0.23878009481365894	-3.248328112738545	NO	Q13363
14	G	14	23.263	-10.838	86.516	-2.34	0.587761674718197	0	0	0	0.9999999999999999	0.23777949188070188	-2.9419422703199407	NO	Q13363
15	V	15	19.873	-9.231	86.608	0.51	0.605633802816901	1	0	0	0.9999999999999999	0.16529122865109236	-2.8024560841662076	NO	Q13363
16	R	16	17.81	-8.235	83.639	1.14	0.568807339449541	1	0	0	0.9999999999999999	0.21394438435233623	-1.6604969223796724	NO	Q13363
17	P	17	18.067	-4.622	82.781	-1.07	0.564601769911505	1	0	0	1	-0.22832032777893263	-0.4437192475220893	NO	Q13363
18	P	18	15.135	-2.339	82.809	-0.76	0.56137339055794	0	0	0	1	-0.03360393914803705	0.2700233181769592	NO	Q13363
19	I	19	13.237	-1.759	79.613	0.83	0.615062761506276	1	0	0	1	0.1639025135911641	0.4501189448160636	NO	Q13363
20	M	20	13.125	1.791	78.403	0.51	0.616071428571429	1	0	0	1	0.11362889702615628	-0.12692686274645837	NO	Q13363
21	N	21	10.788	2.331	75.542	0.51	0.576797385620915	1	0	0	1	0.30225508217112673	0.29694061688337103	NO	Q13363
22	G	22	8.202	4.827	74.485	-0.76	0.539378458918689	1	0	0	1	0.3733745295338483	0.5110331848554066	NO	Q13363
23	P	23	6.888	6.024	71.225	-0.12	0.539378458918689	0	0	0	1	0.16484253592739612	0.0011304278735738292	NO	Q13363
24	L	24	5.521	9.48	70.825	1.14	0.541452991452991	0	0	0	1	-0.42151554579209205	-0.16054142242133665	NO	Q13363
25	H	25	2.198	9.826	72.5	-0.76	0.542948717948718	0	0	0	1	-0.6113648536396171	-0.09336021435960021	NO	Q13363
26	P	26	0.679	13.283	72.214	1.14	0.543543543543544	1	0	0	0.9999999999999999	-1.050399123386512	-0.42635324835666244	NO	Q13363
27	R	27	-0.769	13.607	68.696	-0.76	0.540868454661558	0	0	0	0.9999999999999999	-1.4612381919550486	-0.5100718359999916	NO	Q13363
28	P	28	0.811	11.034	66.449	0.19	0.540868454661558	0	0	0	1	-1.0074102260309343	-0.2607973896462586	NO	Q13363
29	L	29	3.457	11.732	63.832	-0.76	0.516358463726885	0	0	0	1	-1.2723783354259168	-0.2714581835783679	NO	Q13363
30	V	30	2.816	11.121	60.155	-0.76	0.519787841697266	1	0	0	1	-1.2197784634971627	-0.1954643958163265	NO	Q13363
31	A	31	5.623	11.659	57.669	-0.12	0.445532435740514	0	0	0	1	-1.35469286228286	-0.5011042269865114	NO	Q13363
32	L	32	5.712	12.256	53.93	1.14	0.443812233285918	0	0	0	1	-1.465882749707947	-0.8068380544616147	NO	Q13363
33	L	33	8.777	10.241	53.061	-0.12	0.440411373260738	0	0	0	1	-1.5777127121078225	-1.3785888692609078	NO	Q13363
34	D	34	9.59	11.114	49.436	1.14	0.461832061068702	0	0	0	1	-1.398241912011022	-1.5502047380967472	NO	Q13363
35	G	35	8.136	14.612	49.201	1.14	0.458333333333333	0	0	0	1	-1.731984479391032	-1.5526347720077427	NO	Q13363
36	R	36	8.123	18.183	50.55	-1.07	0.404411764705882	0	0	0	0.9999999999999999	-2.431941866211492	-0.8316425907840794	NO	Q13363
37	D	37	4.512	19.269	50.044	-1.07	0.362546816479401	0	0	0	1	-2.1864435999185634	-0.48230196740701625	NO	Q13363
38	C	38	1.722	18.534	52.555	-0.12	0.313742437337943	0	0	0	1	-2.24685541180493	-0.38896208140360244	NO	Q13363
39	T	39	-0.508	21.488	51.606	-0.12	0.313742437337943	0	0	0	1	-2.540662215979316	0.08643989842815974	NO	Q13363
40	V	40	-3.341	19.332	50.272	1.14	0.290529695024077	0	0	0	0.9999999999999999	-1.941457140847922	-0.08597966471429376	NO	Q13363
41	E	41	-3.068	16.946	53.217	1.14	0.320532741398446	0	0	0	0.9999999999999999	-2.11400620208705	-0.428234564932917	NO	Q13363
42	M	42	-2.957	19.629	55.883	-0.12	0.256392045454545	0	0	0	1	-2.4858548868706145	-0.46505461792532826	NO	Q13363
43	P	43	-6.616	20.513	56.249	-0.12	0.254464285714286	0	0	0	0.9999999999999999	-2.7089617275033646	-0.31228605383848945	NO	Q13363
44	I	44	-7.588	16.867	56.607	-0.44	0.252808988764045	0	0	0	0.9999999999999999	-2.4044884881268445	-0.35768519332336995	NO	Q13363
45	L	45	-4.659	15.908	58.873	1.14	0.266914498141264	0	0	0	1	-1.9404483928587182	-0.22575114942574454	NO	Q13363
46	K	46	-4.208	19.046	60.956	-0.76	0.206856813598387	0	0	0	0.9999999999999999	-2.3960299736684743	-0.3586258516114972	NO	Q13363
47	D	47	-6.213	18.19	64.063	-0.44	0.224937343358396	0	0	0	0.9999999999999999	-2.1658565227975313	-0.4689964240850998	NO	Q13363
48	V	48	-5.346	14.466	64.165	-1.07	0.222428748451053	0	0	0	0.9999999999999999	-1.7214816683087484	-0.2842093292618713	NO	Q13363
49	A	49	-1.668	14.388	63.268	-1.07	0.220987654320988	0	0	0	1	-1.790631680007898	-0.21632990693478651	NO	Q13363
50	T	50	1.658	16.158	63.485	-0.44	0.120093928212009	0	0	0	1	-2.0489655635166897	-0.3226456720906282	NO	Q13363
51	V	51	2.705	16.845	59.931	0.51	0.120093928212009	0	0	0	1	-2.257195193510847	-0.5927691375019254	NO	Q13363
52	A	52	6.324	16.597	58.843	1.14	0.13210332103321001	0	0	0	1	-2.4452770713746945	-1.1036272158083142	NO	Q13363
53	F	53	7.992	15.813	55.521	-2.34	0.132472324723247	0	0	0	1	-2.53749399293557	-1.3180973055013374	NO	Q13363
54	C	54	11.367	14.09	55.055	-2.34	0.132472324723247	0	0	0	0.9999999999999999	-2.593262418735514	-2.1413857143229422	NO	Q13363
55	D	55	11.883	14.862	51.356	-2.34	0.131985294117647	0	0	0	1	-2.4848155571129773	-2.2853834590156197	NO	Q13363
56	A	56	14.012	11.736	51.358	-2.34	0.13125	1	0	0	0.9999999999999999	-2.1660948926161776	-2.1889378451320725	NO	Q13363
57	Q	57	15.236	9.823	48.341	-2.34	0.108181818181818	0	0	0	0.9999999999999999	-1.981004083084214	-2.190877691557366	NO	Q13363
58	S	58	16.038	6.818	50.5	-2.34	0.108974358974359	0	0	0	1	-1.2785970207967043	-1.9335135839257385	NO	Q13363
59	T	59	15.779	5.53	54.057	-2.34	0.109279609279609	1	0	0	1	-1.152443695689723	-2.1501767512276526	NO	Q13363
60	Q	60	19.152	7.007	54.966	-2.34	0.119214119214119	0	0	0	1	-2.03078468232322	-2.9086160909691454	NO	Q13363
61	E	61	17.89	10.522	54.241	-2.34	0.131135531135531	0	0	0	0.9999999999999999	-2.814612569508486	-3.427805714113233	NO	Q13363
62	I	62	15.051	10.147	56.751	-2.34	0.146650326797386	0	0	0	1	-2.196580091407971	-2.1888225153802714	NO	Q13363
63	H	63	16.033	11.597	60.132	-2.34	0.147736625514403	0	0	0	0.9999999999999999	-2.3097695385473775	-2.933169959884377	NO	Q13363
64	E	64	16.406	9.517	63.262	-2.34	0.264206642066421	0	0	0	0.9999999999999999	-1.1202483568552148	-2.5687965653953877	NO	Q13363
65	K	65	13.299	10.751	65.024	-2.34	0.358957219251337	0	0	0	1	-0.611744768538208	-1.512410431877347	NO	Q13363
66	V	66	11.111	9.799	62.092	-1.07	0.329044117647059	0	0	0	1	-1.6362450392483974	-1.64042954556629	NO	Q13363
67	L	67	12.148	6.171	62.055	1.14	0.404977375565611	0	0	0	1	-0.7121201152539919	-1.5057586339827325	NO	Q13363
68	N	68	11.78	5.868	65.802	0.51	0.405336361055918	0	0	0	1	-0.13828664973858593	-0.9762352076447892	NO	Q13363
69	E	69	8.475	7.783	66.144	0.51	0.402366863905326	0	0	0	1	-0.6371168728992169	-0.845715816081776	NO	Q13363
70	A	70	6.513	7.808	62.874	0.51	0.4330900243309	0	0	0	1	-0.780029239916439	-0.6577551872359767	NO	Q13363
71	V	71	3.076	6.358	63.47	-1.07	0.4330900243309	1	0	0	1	-0.3164000936024724	0.03537559135839237	NO	Q13363
72	G	72	1.998	6.733	59.856	1.14	0.4330900243309	0	0	0	1	-0.3961747911434503	0.05667478259670325	NO	Q13363
73	A	73	3.783	7.362	56.584	-0.12	0.4330900243309	0	0	0	1	-0.33529088312653627	0.13098678735875952	NO	Q13363
74	L	74	2.729	8.856	53.265	0.51	0.521611721611722	0	0	0	1	-0.6522744195617758	-0.16086185311561485	NO	Q13363
75	M	75	4.776	8.178	50.173	0.19	0.581196581196581	0	0	0	0.9999999999999999	-0.16490702989905887	-0.4670878420512182	NO	Q13363
76	Y	76	4.975	8.29	46.403	-0.44	0.598792351559879	0	0	0	1	0.24351194262586348	-0.16933646070834318	NO	Q13363
77	H	77	7.052	6.294	43.91	-1.07	0.601010101010101	0	0	0	1	0.7389390286161963	0.44945495073032665	NO	Q13363
78	T	78	10.462	7.858	44.574	-0.12	0.713960113960114	0	0	0	1	0.21434266185106826	-0.1998427325756099	NO	Q13363
79	I	79	11.518	5.682	47.507	-0.44	0.713960113960114	1	0	0	1	-0.4797697163814665	-0.9674441707400788	NO	Q13363
80	T	80	11.623	1.892	47.612	-0.44	0.658088235294118	1	0	0	1	0.590084808849303	-0.4408662619449121	NO	Q13363
81	L	81	10.871	0.263	50.961	0.51	0.706519065190652	0	0	0	1	0.8994398540312257	-0.4095826548769072	NO	Q13363
82	T	82	12.464	-3.081	51.724	1.14	0.744485294117647	1	0	0	1	1.8695299609467473	-0.15074036993536513	NO	Q13363
83	R	83	12.356	-5.348	54.753	-1.07	0.741758241758242	0	0	0	1.0000000000000002	2.0519799784556523	0.16369604146864042	NO	Q13363
84	E	84	15.563	-3.756	55.923	0.51	0.791208791208791	0	0	0	1	1.0471503496428651	-0.7072965237440142	NO	Q13363
85	D	85	14.003	-0.313	55.673	-0.76	0.826465201465202	1	0	0	0.9999999999999999	0.7978258073920689	-0.7044870909901407	NO	Q13363
86	L	86	10.859	-1.48	57.43	0.83	0.825729927007299	0	0	0	1	1.5667865779357069	0.2031890299603017	NO	Q13363
87	E	87	12.68	-3.123	60.305	-0.12	0.822727272727273	0	0	0	0.9999999999999999	1.713312751123381	0.2626993967898008	NO	Q13363
88	K	88	14.09	0.302	61.124	-0.76	0.93089221248066	1	0	0	1	0.016523954107599558	-1.1325242384195846	NO	Q13363
89	F	89	10.721	1.95	61.871	-0.12	0.938477580813347	1	0	0	1.0000000000000002	0.36248979268203246	-0.4940806451018276	NO	Q13363
90	K	90	9.875	1.424	65.536	-0.12	0.96971916971917	1	0	0	1	0.6870600375447735	-0.007088411362782623	NO	Q13363
91	A	91	6.362	2.929	65.935	-0.76	0.933419521654816	1	0	0	1	0.5929988416170534	0.2225397147446346	NO	Q13363
92	L	92	5.119	2.458	62.37	1.14	0.948080808080808	0	0	0	1	0.7501127858413739	0.170380031073712	NO	Q13363
93	R	93	1.463	1.401	62.102	0.19	0.946269261962693	2	0	1	0.11594202898550732	0.9104818446980912	0.21141307099364318	NO	Q13363
94	I	94	0.619	2.339	58.519	0.51	0.965424510180561	0	0	1	0.16666666666666657	0.9149234632114973	0.33934259817895523	NO	Q13363
95	I	95	2.188	3.31	55.205	0.51	0.929089026915114	1	0	0	1	1.1083143719750839	0.596330442495332	NO	Q13363
96	V	96	-0.135	4.941	52.689	0.19	0.939298796441654	1	0	0	1	0.7247199682902028	0.6215045880779688	NO	Q13363
97	R	97	0.908	5.161	49.053	1.14	0.991758241758242	1	0	0	1	0.7621191207589642	0.6671006643116568	NO	Q13363
98	I	98	-0.251	8.192	47.14	-0.12	0.975232198142415	0	0	0	1	0.1407539062083675	0.5790223299937898	NO	Q13363
99	G	99	-1.086	6.524	43.877	1.14	0.968113714944295	0	0	0	1	0.5866462248055976	0.4028497442260357	NO	Q13363
100	S	100	-2.038	3.101	42.558	0.51	0.97165991902834	1	0	0	1	0.8727731192168684	0.7158746729407665	NO	Q13363
101	G	101	1.149	1.003	42.304	1.14	0.97165991902834	0	0	0	1	1.4184111478128996	0.8373126242475737	NO	Q13363
102	F	102	2.761	-0.363	45.495	-0.44	1.05494505494506	0	0	0	1	1.745733837019936	0.9806681651059587	NO	Q13363
103	D	103	5.628	-2.372	43.948	1.14	1.05494505494506	0	0	0	1.0000000000000002	1.4176271901992086	0.9365799832865191	NO	Q13363
104	N	104	8.022	0.126	45.499	1.14	1.00840336134454	0	0	0	1	1.5656454713149843	0.6708305789150137	NO	Q13363
105	I	105	7.015	-1.465	48.8	0.51	1.01493586364435	1	0	0	1	1.9378183886800155	0.8008922648867477	NO	Q13363
106	D	106	7.608	-4.932	50.233	1.14	0.96969696969697	1	0	0	1	2.0034605691004925	0.6066605807867663	NO	Q13363
107	I	107	3.995	-5.423	51.266	0.83	0.989889705882353	2	0	0	1	2.1822552122404995	0.82095964170013	NO	Q13363
108	K	108	4.474	-8.972	52.502	-0.12	0.905736330090573	0	0	0	1.0000000000000002	2.0968295116242	0.5903938435213731	NO	Q13363
109	S	109	7.197	-8.186	55.005	0.19	0.869074074074074	1	0	0	1.0000000000000002	2.1071381244028387	0.5552424884699317	NO	Q13363
110	A	110	5.548	-4.892	55.879	1.14	0.869074074074074	2	0	0	1	2.303725606078621	0.5135129064753668	NO	Q13363
111	G	111	2.518	-6.749	57.208	-0.12	0.921641791044776	1	0	0	1	2.018809141214175	0.30428169834875607	NO	Q13363
112	D	112	4.718	-9.346	58.841	-0.12	0.898009950248756	0	0	0	0.9999999999999999	2.1281402464997896	0.4456369847373394	NO	Q13363
113	L	113	5.935	-6.422	60.917	-0.44	0.874862304472351	0	0	0	1	2.3232747722804117	0.40961530558611187	NO	Q13363
114	G	114	2.377	-5.29	61.58	1.14	0.86918349429324	1	0	0	1	1.9995100997511777	-0.03127676734319876	NO	Q13363
115	I	115	2.395	-2.295	59.288	1.14	0.865952328886945	0	0	0	1	1.735012009673674	0.20684415930845343	NO	Q13363
116	A	116	-0.676	-2.131	57.09	-0.12	0.774799452162004	0	0	1	0.173913043478261	1.4395270750179499	0.35594726187372394	NO	Q13363
117	V	117	-0.079	-0.733	53.623	1.14	0.777690494893951	1	0	0	1	1.6753107577561288	0.5674334198840616	NO	Q13363
118	C	118	-2.728	0.981	51.495	0.51	0.769081375024277	0	0	0	1	1.2115125256508836	0.5571663391600843	NO	Q13363
119	N	119	-3.059	2.725	48.137	1.14	0.774799452162004	0	0	0	1	1.06820733164476	0.6914241125594787	NO	Q13363
120	V	120	-5.187	5.059	46.022	-0.44	0.731970260223048	1	0	0	1	0.507233218764602	0.48941377430018657	NO	Q13363
121	P	121	-6.409	2.881	43.185	1.14	0.708349821923229	0	0	0	1.0000000000000002	0.795372932882134	0.37014915711512403	NO	Q13363
122	A	122	-8.894	5.14	41.353	-0.12	0.715205327413985	1	0	0	1	0.3361763449901134	0.24930816202962844	NO	Q13363
123	A	123	-7.783	8.726	40.99	0.83	0.680608365019011	0	0	0	1	-0.007737482380006557	0.2560184801403245	NO	Q13363
124	S	124	-5.691	8.698	37.807	-0.12	0.685823754789272	0	0	0	1	0.15809881648251917	0.07948574608379012	NO	Q13363
125	V	125	-7.389	5.82	36.018	-0.44	0.638974358974359	0	0	0	1	0.28023621191804193	0.7024366973960909	NO	Q13363
126	E	126	-8.7	7.908	33.121	-0.76	0.574935400516796	0	0	0	1	-0.012906970460643144	0.5282805343370945	NO	Q13363
127	E	127	-5.715	10.228	32.982	-0.44	0.501761804087385	0	0	0	1	-0.22409995194162938	0.16647050833867247	NO	Q13363
128	T	128	-3.479	7.222	32.512	-0.12	0.500352360817477	0	0	0	1	0.18853883780130382	0.7488086086810688	NO	Q13363
129	A	129	-5.709	5.771	29.82	1.14	0.639329542053277	0	0	0	1	-0.0203424846319108	0.6061925020213824	NO	Q13363
130	D	130	-5.694	9.002	27.912	0.51	0.641125411553427	1	0	0	0.9999999999999999	-0.2065534633754799	0.2524257723559932	NO	Q13363
131	S	131	-1.922	9.382	27.948	-0.76	0.643629807692308	1	0	0	0.9999999999999999	-0.11899764706743439	0.6610477327184898	NO	Q13363
132	T	132	-1.868	5.771	26.813	1.14	0.593663146192329	0	0	0	1	-0.04538849378430169	1.0054540872781632	NO	Q13363
133	L	133	-4.081	6.498	23.852	0.19	0.465359477124183	0	0	0	1	0.0145495802820076	0.8732023558561227	NO	Q13363
134	C	134	-2.003	9.557	23.219	0.51	0.466145833333333	0	0	0	1	0.0793022725394594	1.036558521338906	NO	Q13363
135	H	135	1.091	7.38	23.099	-0.44	0.51109520400859	0	0	0	1	0.0341673128377683	0.9118272323332266	NO	Q13363
136	I	136	-0.497	4.816	20.822	1.14	0.423320158102767	0	0	0	1	-0.2218856786910533	1.1563043214175104	NO	Q13363
137	L	137	-1.687	7.569	18.5	0.51	0.467191601049869	0	0	0	1	-0.247446814392871	0.6901226252606062	NO	Q13363
138	N	138	1.707	9.259	18.647	0.19	0.463541666666667	0	0	0	1	-0.13214323784949422	0.6174454544217659	NO	Q13363
139	L	139	3.381	6.129	17.324	1.14	0.7	0	0	0	1	-0.34677156126869985	0.6369118176182481	NO	Q13363
140	Y	140	0.814	5.466	14.624	-0.44	0.700787401574803	0	0	0	1	-0.4465527885406435	0.5982407024035291	NO	Q13363
141	R	141	0.503	9.109	13.538	1.14	0.696078431372549	1	0	0	0.9999999999999999	-0.4066717287285637	-0.07687988115160999	NO	Q13363
142	R	142	4.098	10.075	14.317	0.19	0.693359375	0	0	0	1	-0.19405149459373833	0.01968980899533463	NO	Q13363
143	A	143	2.763	13.412	15.483	-0.76	0.770399305555556	0	0	0	1	0.06417608215317606	0.23737523974595648	NO	Q13363
144	T	144	5.384	13.886	18.179	0.19	0.688715953307393	1	0	0	1	0.36624923102101187	0.5352085572845718	NO	Q13363
145	W	145	8.308	12.774	16.056	0.19	0.688715953307393	0	0	0	1	0.3993795959552013	0.39220152520855994	NO	Q13363
146	L	146	7.149	14.895	13.191	-0.12	0.688715953307393	0	0	0	1	0.5890014839544322	-0.12910522930843737	NO	Q13363
147	H	147	6.919	17.913	15.469	-0.76	0.792410714285714	1	0	0	0.9999999999999999	1.0959130450683519	0.001458141083631086	NO	Q13363
148	Q	148	10.338	17.263	16.944	-0.44	0.797759103641457	0	0	0	0.9999999999999999	0.8762479295735799	0.17980695251256607	NO	Q13363
149	A	149	11.629	17.084	13.409	0.19	0.797759103641457	1	0	0	0.9999999999999999	1.07831134302383	-0.42872964824245763	NO	Q13363
150	L	150	10.12	20.475	12.694	0.51	0.797759103641457	0	0	0	0.9999999999999999	1.2438356200770202	-0.9067160808270005	NO	Q13363
151	R	151	11.802	21.869	15.788	0.51	0.934383202099738	0	0	0	0.9999999999999999	1.6176288705341126	-0.11550186329551955	NO	Q13363
152	E	152	14.958	20.151	14.595	0.51	0.796875	0	0	0	0.9999999999999999	1.6176288705341126	-0.11550186329551955	NO	Q13363
153	G	153	14.832	22.295	11.53	1.14	0.796875	0	0	0	1	1.7683944242063658	-0.19443822313836945	NO	Q13363
154	T	154	13.609	19.694	9.097	-0.44	0.793774319066148	1	0	0	0.9999999999999999	1.0283933580569122	-1.143761969435079	NO	Q13363
155	R	155	11.977	21.279	6.127	-0.44	0.793774319066148	0	0	0	1	1.025760032607779	-1.6680221886846907	NO	Q13363
156	V	156	9.252	19.457	4.333	-1.07	0.8	0	0	0	1	0.8064627374784482	-1.6759237183049602	NO	Q13363
157	Q	157	8.383	21.097	1.04	-2.34	0.800899887514061	0	0	0	1	0.4426585042852997	-2.7533971365238767	NO	Q13363
158	S	158	6.782	18.616	-1.333	-2.34	0.698039215686275	1	0	0	1	0.16091151041322163	-3.0094009075542125	NO	Q13363
159	V	159	4.251	15.834	-1.07	-2.34	0.700787401574803	1	0	0	1	0.11789021340005695	-2.8628029312660663	NO	Q13363
160	E	160	6.975	13.328	-1.645	-2.34	0.463541666666667	1	0	0	1	-0.01571264981425977	-3.0094009075542125	NO	Q13363
161	Q	161	8.779	14.827	1.309	-2.34	0.466666666666667	1	0	0	1	0.2694743781006216	-2.580084464852915	NO	Q13363
162	I	162	5.688	14.617	3.46	-2.34	0.46484375	0	0	0	1	0.3432585994807962	-1.7470374848873835	NO	Q13363
163	R	163	5.42	10.961	2.691	1.14	0.555642023346304	1	0	0	1	-0.17154753895609506	-2.1540658594441116	NO	Q13363
164	E	164	9.127	10.669	3.377	-0.12	0.555642023346304	1	0	0	1	0.14838391874632587	-2.1540658594441116	NO	Q13363
165	V	165	9.336	12.697	6.606	-0.76	0.555642023346304	0	0	0	1	0.5394597658422547	-1.476579413885024	NO	Q13363
166	A	166	6.137	11.085	7.865	-0.12	0.5609375	0	0	0	0.9999999999999999	0.35302794823506595	-1.1051841674576284	NO	Q13363
167	S	167	7.211	7.742	6.372	-0.44	0.555038759689923	0	0	0	1	-0.1961351296616323	-1.0025736397123535	NO	Q13363
168	G	168	5.588	4.776	8.001	1.14	0.559375	0	0	0	0.9999999999999999	-0.2978481524906886	-0.3257883259168716	NO	Q13363
169	A	169	2.506	6.417	9.432	-0.12	0.469281045751634	2	0	0	1	-0.45818090988944044	-0.2475529209494263	NO	Q13363
170	A	170	-0.204	3.786	9.556	-1.07	0.28156862745098	0	0	0	1	-0.8891975584757547	0.2382782717025587	NO	Q13363
171	R	171	-3.944	3.438	9.218	-2.34	0.28156862745098	0	0	0	0.9999999999999999	-0.9080692448042184	0.7613846167854013	NO	Q13363
172	I	172	-5.249	2.311	12.576	0.83	0.28156862745098	0	0	0	1	-0.6648373502286262	0.5814304152113957	NO	Q13363
173	R	173	-8.454	0.56	11.436	-0.12	0.236220472440945	1	0	0	1	-0.7244444121688347	0.32491917109433666	NO	Q13363
174	G	174	-7.661	-3.149	11.057	1.14	0	0	0	0	1	-0.8262892314901671	0.3650539247211012	NO	Q13363
175	E	175	-4.815	-2.901	13.494	-0.12	0.402240896358543	0	0	0	1	-0.631523327759908	0.3525118142127373	NO	Q13363
176	T	176	-4.808	-5.256	16.454	1.14	0.397131825703254	0	0	0	0.9999999999999999	-0.38206691231979945	0.640685247422558	NO	Q13363
177	L	177	-4.055	-3.772	19.842	1.14	0.397131825703254	0	0	0	1	-0.17916995224061544	0.9306485777330605	NO	Q13363
178	G	178	-3.063	-6.347	22.408	1.14	0.396703296703297	0	0	0	1	0.12856709426360322	1.007700760986618	NO	Q13363
179	I	179	-3.459	-5.266	25.989	0.83	0.462820512820513	0	0	0	1	0.19638958815209254	1.1083584151432575	NO	Q13363
180	I	180	-1.634	-6.933	28.832	0.83	0.631118881118881	0	0	0	1	0.3191660503066962	1.1611577179041246	NO	Q13363
181	G	181	-3.494	-6.709	32.133	1.14	0.582368082368082	0	0	0	1	0.39528820099248785	1.0767196794088458	NO	Q13363
182	L	182	-7.164	-5.725	32.006	0.19	0.598351648351648	0	0	0	1.0000000000000002	0.48537835775763766	1.0386972812361215	NO	Q13363
183	G	183	-7.387	-4.655	35.627	1.14	0.643302643302643	0	0	0	1	0.5390195473365561	1.0388161012304113	NO	Q13363
184	R	184	-8.183	-0.979	35.857	1.14	0.645466155810984	2	0	0	1	0.3837079380950002	0.9238251770792114	NO	Q13363
185	V	185	-6.461	1.036	33.184	-0.44	0.696153846153846	0	0	0	1	0.23720509847401763	0.8373126242475737	NO	Q13363
186	G	186	-6.52	-1.873	30.79	1.14	0.65158371040724	0	0	0	1	0.19008608403830116	1.004522387640399	NO	Q13363
187	Q	187	-10.283	-1.58	30.544	0.19	0.649773755656109	0	0	0	1	0.32862258019412016	0.9837658838760077	NO	Q13363
188	A	188	-10.421	2.167	29.895	-1.07	0.614328614328614	0	0	0	1	0.21215634152677024	0.5771774259964305	NO	Q13363
189	V	189	-7.715	1.871	27.284	1.14	0.645481180978138	0	0	0	0.9999999999999999	0.06948409059684474	0.8725427171281337	NO	Q13363
190	A	190	-9.641	-0.863	25.516	1.14	0.609621115368242	2	0	0	1	0.25059488231885263	1.1349684811549867	NO	Q13363
191	L	191	-12.935	0.991	25.356	-0.44	0.609621115368242	0	0	0	1	0.4484431665458556	0.7521034550092119	NO	Q13363
192	R	192	-11.253	4.014	23.871	1.14	0.607918263090677	0	0	0	1	0.20336880068583535	0.7345637958521307	NO	Q13363
193	A	193	-9.358	1.835	21.438	0.19	0.689189189189189	0	0	0	1	-0.32581104644826864	1.0191249877322799	NO	Q13363
194	K	194	-12.582	0.399	20.072	-0.12	0.689189189189189	1	0	0	1	-0.19713542670723483	1.011808756602401	NO	Q13363
195	A	195	-13.732	3.784	18.796	0.19	0.658914728682171	2	0	0	1	0.14897743490898913	0.5923796776851974	NO	Q13363
196	F	196	-10.554	4.065	16.726	1.14	0.726780578582304	0	0	0	1	-0.5696718650226849	0.6965473585486852	NO	Q13363
197	G	197	-11.23	0.901	14.829	1.14	0.729619565217391	1	0	0	1	-0.5812252360526535	0.6020998133291795	NO	Q13363
198	F	198	-8.641	-1.06	16.736	0.51	0.780077821011673	0	0	0	1	-0.4370243281991638	0.904913393915491	NO	Q13363
199	N	199	-9.097	-4.784	16.885	-0.76	0.746247915508616	1	0	0	1.0000000000000002	-0.20608810346188725	0.9680785979632388	NO	Q13363
200	V	200	-8.89	-5.197	20.596	-0.12	0.776909722222222	1	0	0	1	0.009832154758904978	0.9373325099170209	NO	Q13363
201	L	201	-7.805	-8.351	22.336	0.83	0.746247915508616	0	0	0	1	0.34875495362895237	0.6820109745681838	NO	Q13363
202	F	202	-6.151	-8.787	25.701	-0.12	0.695736434108527	0	0	0	1	0.3849567082061592	0.8830430887165314	NO	Q13363
203	Y	203	-4.239	-11.094	28.029	1.14	0.698443579766537	0	0	0	1	0.47300457489260994	0.8301826815007928	NO	Q13363
204	D	204	-4.793	-11.095	31.804	1.14	0.760940235058765	0	0	0	1	0.5053086023168616	1.039081698864706	NO	Q13363
205	P	205	-4.388	-14.177	33.977	1.14	0.751048951048951	0	0	0	1	0.6780606890432643	0.5110331848554066	NO	Q13363
206	Y	206	-5.591	-12.763	37.299	-0.12	0.75800224187321	0	0	0	0.9999999999999999	0.6826761863057793	0.6572850995659807	NO	Q13363
207	L	207	-8.917	-11.577	35.947	0.83	0.75800224187321	0	0	0	1	0.8033937990993851	0.6162381924476988	NO	Q13363
208	S	208	-11.849	-13.91	36.25	0.19	0.733533653846154	2	0	0	1	0.9832833889708982	0.19780119223603643	NO	Q13363
209	D	209	-13.616	-15.454	33.29	-0.44	0.747397640527412	0	0	0	1	1.0606263519538892	0.17368772280664327	NO	Q13363
210	G	210	-16.671	-13.721	31.894	-1.07	0.722419507575758	0	0	0	1	1.0066951726027176	0.21445212084759288	NO	Q13363
211	V	211	-15.375	-10.173	32.04	0.51	0.696580160077613	1	0	0	1	0.9429349239673493	0.5960079310822599	NO	Q13363
212	E	212	-14.271	-10.423	28.432	-0.44	0.712437810945274	0	0	0	0.9999999999999999	0.8704015433090242	0.5790760818959686	NO	Q13363
213	R	213	-17.861	-11.085	27.451	-1.07	0.7129580456718	2	0	0	1	0.9986678884383645	0.21445212084759288	NO	Q13363
214	A	214	-19.386	-8.308	29.5	0.19	0.709789343246592	1	0	0	1	0.9327835942957412	0.10330972618886027	NO	Q13363
215	L	215	-16.816	-6.005	27.952	0.19	0.717103620474407	0	0	0	1	0.7713902648257751	0.155242333216899	NO	Q13363
216	G	216	-17.088	-7.606	24.524	1.14	0.66728624535316	0	0	0	1	0.8675585998150137	0.1267538250621867	NO	Q13363
217	L	217	-13.325	-7.981	24.236	0.51	0.667910447761194	0	0	0	1	0.5376343455418718	0.636825781799212	NO	Q13363
218	Q	218	-11.375	-10.914	22.839	1.14	0.689455946076071	0	0	0	1	0.5436850858127299	0.41769033043523496	NO	Q13363
219	R	219	-9.223	-12.697	25.341	0.19	0.738054814455493	2	0	0	1	0.6562157613273298	0.6108434560835817	NO	Q13363
220	V	220	-6.245	-14.95	24.767	0.51	0.738054814455493	1	0	0	1	0.6320355320025343	0.6064895520071067	NO	Q13363
221	S	221	-4.862	-17.485	27.229	-2.34	0.757677902621723	1	0	0	1	0.979352950046733	0.747588295226201	NO	Q13363
222	T	222	-1.098	-17.37	26.738	0.19	0.752044609665428	0	0	0	1	0.5803823871883507	0.6020998133291795	NO	Q13363
223	L	223	1.25	-14.383	26.711	1.14	0.746514869888476	0	0	0	1	0.06998592326779518	0.8560977803340464	NO	Q13363
224	Q	224	2.911	-15.355	23.459	0.19	0.683728127603857	1	0	0	1	-0.0893353448497933	0.4685514206361203	NO	Q13363
225	D	225	-0.526	-15.53	21.902	0.51	0.662361623616236	0	0	0	1	0.2571364427695728	0.7828065415336869	NO	Q13363
226	L	226	-1.035	-11.81	22.432	0.83	0.662361623616236	1	0	0	0.9999999999999999	0.061256417602163514	0.8965885680655644	NO	Q13363
227	L	227	2.473	-11.022	21.31	-0.12	0.619362745098039	0	0	0	1	-0.2059981273235439	0.6914382312579871	NO	Q13363
228	F	228	2.053	-13.065	18.16	-0.76	0.61654501216545	0	0	0	1	-0.16196402347949984	0.8604672898014762	NO	Q13363
229	H	229	-1.284	-11.47	17.181	-1.07	0.561629706034038	1	0	0	1	0.03720271156038277	0.7776893604462745	NO	Q13363
230	S	230	-0.986	-7.835	18.192	-0.12	0.576606498194946	1	0	0	1	-0.10955090447649514	0.8610943953268946	NO	Q13363
231	D	231	0.263	-5.089	15.911	1.14	0.554429325187448	0	0	0	1	-0.6625857314233896	0.5085163733821563	NO	Q13363
232	C	232	0.601	-2.889	18.968	0.19	0.576606498194946	0	0	0	1	-0.38908802588204683	0.7755626547513779	NO	Q13363
233	V	233	1.183	-4.077	22.523	0.51	0.629025270758123	1	0	0	1.0000000000000002	-0.12255305324833907	1.0801471792441275	NO	Q13363
234	T	234	0.444	-1.975	25.606	0.51	0.622795698924731	1	0	0	1	0.02558440031569327	1.344234409409799	NO	Q13363
235	L	235	1.239	-2.754	29.228	0.51	0.558125192722788	0	0	0	1	0.01406599488093049	1.4827926146108243	NO	Q13363
236	H	236	-1.062	-2.139	32.156	1.14	0.521843880501124	1	0	0	1	0.2837010778750504	1.4807642409437034	NO	Q13363
237	C	237	0.121	-4.75	34.607	0.19	0.518565941101152	0	0	0	1	0.44318945220303496	1.2402038048854795	NO	Q13363
238	G	238	1.107	-4.721	38.262	-0.44	0.516746411483254	1	0	0	1	0.7241762703477466	1.2057442143846713	NO	Q13363
239	L	239	4.741	-5.38	39.083	1.14	0.54476861167002	0	0	0	1	0.7948669974588745	0.9850522541845579	NO	Q13363
240	N	240	5.631	-8.468	41.13	-0.44	0.540959040959041	0	0	0	1	1.1591178741447277	0.746562122548244	NO	Q13363
241	E	241	7.94	-11.481	41.277	-0.76	0.57	0	0	0	1	0.2137918850618636	0.37942911291914905	NO	Q13363
242	H	242	6.828	-13.205	38.095	-1.07	0.537102473498233	0	0	0	0.9999999999999999	-0.32669238896291386	0.325098344101599	NO	Q13363
243	N	243	6.127	-10.365	35.664	0.83	0.482539682539683	0	0	0	0.9999999999999999	-0.04030303797307133	1.3184334963640219	NO	Q13363
244	H	244	9.447	-8.607	36.132	-0.76	0.516369993642721	0	0	0	0.9999999999999999	-0.27252928173520896	0.9733462843767515	NO	Q13363
245	H	245	11.203	-8.374	32.768	-1.07	0.508070175438597	0	0	0	0.9999999999999999	-0.9419308939618629	0.8854619243145729	NO	Q13363
246	L	246	8.092	-9.734	31.075	1.14	0.499211977935382	0	0	0	1	-0.6660718334878948	1.185160397726827	NO	Q13363
247	I	247	9.48	-8.361	27.844	0.83	0.52670962377884	0	0	0	1	-0.8598677088489366	1.1577153088497014	NO	Q13363
248	N	248	12.958	-9.615	27.073	1.14	0.559628975265018	1	0	0	1	-1.6596658511144686	1.0975131784095544	NO	Q13363
249	D	249	15.107	-11.428	24.549	1.14	0.517142857142857	0	0	0	1	-1.921826317959559	1.0711747463419903	NO	Q13363
250	F	250	12.792	-14.418	24.444	-0.44	0.465056526207605	0	0	0	1	-1.1365136017444049	1.2632670704437745	NO	Q13363
251	T	251	9.443	-12.635	24.553	1.14	0.465056526207605	0	0	0	0.9999999999999999	-0.7665264641170566	1.148742875947564	NO	Q13363
252	V	252	10.503	-9.75	22.337	-0.12	0.46544610624033	1	0	0	1	-1.0835613411811202	0.8641282301660799	NO	Q13363
253	K	253	11.121	-12.227	19.539	-0.76	0.46544610624033	0	0	0	0.9999999999999999	-1.0068033147207107	0.9227764948070283	NO	Q13363
254	Q	254	7.566	-13.498	19.991	1.14	0.434416365824308	0	0	0	1	-0.32970338458353143	0.8088654637099219	NO	Q13363
255	M	255	6.283	-10.105	18.824	0.51	0.47562582345191	0	0	0	1	-0.5658199855451704	0.6812718859132267	NO	Q13363
256	R	256	5.478	-9.125	15.229	0.51	0.52129963898917	0	0	0	1	-0.5354801439117947	0.6440510105468106	NO	Q13363
257	Q	257	7.779	-7.375	12.809	-0.12	0.579710144927536	0	0	0	0.9999999999999999	-0.556039518130123	0.3534524725008646	NO	Q13363
258	G	258	7.686	-3.674	13.491	1.14	0.583434343434343	0	0	0	1	-0.5112578914464414	0.5771774259964305	NO	Q13363
259	A	259	5.126	-4.011	16.26	0.19	0.585563665855637	1	0	0	1	-0.6760775892459342	0.8732023558561227	NO	Q13363
260	F	260	4.724	-0.911	18.426	-0.76	0.581818181818182	0	0	0	1	-0.6086751284444104	1.1140847754854992	NO	Q13363
261	L	261	5.217	-1.129	22.19	0.51	0.582319545823196	0	0	0	1	-0.6036261857729445	1.295728692883738	NO	Q13363
262	V	262	3.581	1.101	24.803	1.14	0.659340659340659	0	0	0	1	-0.27886818429527255	1.309274172232771	NO	Q13363
263	N	263	4.45	0.94	28.494	1.14	0.666666666666667	0	0	0	1	-0.28962403518347085	1.3810652127826462	NO	Q13363
264	T	264	2.732	3.298	30.972	-0.12	0.669144981412639	0	0	0	1	0.07442224659318533	1.198643542937199	NO	Q13363
265	A	265	2.696	0.597	33.643	1.14	0.674157303370787	0	0	0	1	0.3861043824472042	1.25554377081494	NO	Q13363
266	R	266	5.848	-0.041	35.669	1.14	0.679245283018868	1	0	0	1	0.42637023696788	1.1161229585962888	NO	Q13363
267	G	267	9.389	0.111	34.3	1.14	0.815094339622642	0	0	0	0.9999999999999999	0.032257151798603285	1.4325855623066877	NO	Q13363
268	G	268	10.618	-3.258	35.589	1.14	0.681818181818182	0	0	0	0.9999999999999999	-0.0923642161251804	0.9712298032284652	NO	Q13363
269	L	269	8.389	-4.991	33.065	0.83	0.689655172413793	0	0	0	1	-0.4408474246245593	1.0752268128139233	NO	Q13363
270	V	270	10.685	-4.42	30.114	1.14	0.459770114942529	0	0	0	1	-0.6275834650235624	1.2766724031328762	NO	Q13363
271	D	271	14.313	-5.37	29.67	1.14	0.277992277992278	0	0	0	1	-0.9087945249205479	1.0388889263882017	NO	Q13363
272	E	272	15.464	-2.046	28.298	1.14	0.197044334975369	0	0	0	1	-0.6571728080963168	0.6719288610243949	NO	Q13363
273	K	273	18.567	-3.805	27.097	-0.76	0.195747001090513	0	0	0	1	-1.0600188549200837	0.6277629009847548	NO	Q13363
274	A	274	16.463	-6.13	24.96	1.14	0.276153846153846	0	0	0	0.9999999999999999	-1.3861726149323526	0.8002651593613294	NO	Q13363
275	L	275	14.142	-3.325	23.875	1.14	0	0	0	0	1	-0.818262947847309	0.7893044453953244	NO	Q13363
276	A	276	16.911	-0.951	22.891	-0.12	0	0	0	0	1	-0.9944602607173901	0.6501898484783919	NO	Q13363
277	Q	277	18.52	-3.713	20.88	0.19	0.231660231660232	0	0	0	1	-1.2935370477861525	0.5973724024452576	NO	Q13363
278	A	278	15.222	-4.616	19.236	1.14	0.520673076923077	0	0	0	1	-1.1442245086168898	0.8361548909698785	NO	Q13363
279	L	279	14.452	-1.033	18.305	1.14	0.516698473282443	0	0	0	1	-0.9656274402567397	0.6258158041086311	NO	Q13363
280	K	280	17.754	-0.552	16.472	-0.12	0.512784090909091	0	0	0	0.9999999999999999	-1.0669741866478921	0.6798608984810358	NO	Q13363
281	E	281	17.45	-3.848	14.621	-0.44	0.513307984790875	0	0	0	0.9999999999999999	-1.3453701218556138	0.4665195987337653	NO	Q13363
282	G	282	14.105	-2.717	13.286	1.14	0.511363636363636	0	0	0	0.9999999999999999	-1.0820821535920295	0.42023921095790245	NO	Q13363
283	R	283	12.113	-5.576	14.751	0.19	0.511363636363636	1	0	0	0.9999999999999999	-1.1471520930019612	0.833053819690338	NO	Q13363
284	I	284	10.114	-3.155	16.885	0.19	0.517241379310345	0	0	0	1	-0.8427168566607487	0.7927398930563111	NO	Q13363
285	R	285	9.055	-0.143	14.832	-1.07	0.513835877862595	0	0	0	1	-0.7111870146525836	0.6902335628474124	NO	Q13363
286	G	286	8.728	2.196	17.766	1.14	0.509943181818182	0	0	0	1	-0.5598592371531997	0.8841181267601054	NO	Q13363
287	A	287	8.067	2.419	21.471	1.14	0.6020964360587	1	0	0	1	-0.4441584990916156	1.0371474552236464	NO	Q13363
288	A	288	6.489	4.975	23.765	1.14	0.677358490566038	0	0	0	1	-0.12393480455507999	1.006489478528641	NO	Q13363
289	L	289	7.59	4.855	27.371	1.14	0.672284644194757	0	0	0	1	-0.26781041427403257	1.1870288462006449	NO	Q13363
290	D	290	6.344	6.86	30.313	1.14	0.669776119402985	0	0	0	1	0.0359272555416454	1.058005530308208	NO	Q13363
291	V	291	8.199	4.496	32.603	1.14	0.66728624535316	0	0	0	1	0.010740223262774757	1.2762382531537404	NO	Q13363
292	H	292	11.826	3.476	32.295	-0.12	0.60719131614654	1	0	0	1	-0.2379025788603867	0.8917260882992448	NO	Q13363
293	E	293	12.824	1.371	35.265	-0.12	0.672284644194757	1	0	0	0.9999999999999999	0.2590511864046338	0.9733462843767515	NO	Q13363
294	S	294	16.062	3.172	35.879	-0.44	0.676691729323308	0	0	0	0.9999999999999999	0.037757469565001096	0.5166205063260221	NO	Q13363
295	E	295	15.997	5.928	38.447	1.14	0.619977037887486	0	0	0	0.9999999999999999	0.26246711627219704	-0.28186813530030996	NO	Q13363
296	P	296	15.158	9.359	37.191	1.14	0.617672290534744	0	0	0	1	0.2169014404397427	-0.4575293516203099	NO	Q13363
297	F	297	17.795	9.809	34.459	-0.44	0.617672290534744	0	0	0	1	0.35125718404280337	-0.27664005555156035	NO	Q13363
298	S	298	17.595	8.417	30.984	-0.44	0.66728624535316	0	0	0	1	0.15405840308247512	0.21445212084759288	NO	Q13363
299	F	299	18.257	9.202	27.314	-2.34	0.62453531598513	0	0	0	1	-0.13380001658490026	-0.15168102822349247	NO	Q13363
300	S	300	21.713	10.307	28.34	-2.34	0.583333333333333	0	0	0	1	0.47420618743899456	-1.1036272158083142	NO	Q13363
301	Q	301	22.55	7.255	30.314	-0.12	0.65625	0	0	0	0.9999999999999999	0.1769279203128653	-0.6126035894058667	NO	Q13363
302	G	302	20.849	3.889	30.049	-1.07	0.65625	1	0	0	0.9999999999999999	-0.6487962064615053	-0.35540073748077505	NO	Q13363
303	P	303	20.561	1.374	27.266	-0.12	0.75	1	0	0	1	-0.9054513595173957	-0.17020476066661458	NO	Q13363
304	L	304	18.04	3.599	25.477	1.14	0.697435897435898	0	0	0	1	-0.7476314839264057	0.2591301005186459	NO	Q13363
305	K	305	20.876	5.786	24.223	-0.76	0.653846153846154	0	0	0	0.9999999999999999	-0.8805486818457867	-0.42224855764483427	NO	Q13363
306	D	306	20.154	6.782	20.652	1.14	0.64963503649635	0	0	0	0.9999999999999999	-0.39105507782465115	-0.4689964240850998	NO	Q13363
307	A	307	17.451	4.182	20.261	-1.07	0.642599277978339	1	0	0	0.9999999999999999	-0.8584054592403516	0.1853780770835393	NO	Q13363
308	P	308	15.537	5.185	17.196	-0.76	0.602424242424242	1	0	0	0.9999999999999999	-0.6930980732745872	0.48796660770306766	NO	Q13363
309	N	309	11.777	5.787	17.254	1.14	0.493311036789298	0	0	0	1	-0.2308172973338239	0.5970829691258339	NO	Q13363
310	L	310	11.379	6.105	21.008	0.51	0.507913669064748	0	0	0	1	-0.3636253961292034	0.6608496993946735	NO	Q13363
311	I	311	9.034	8.579	22.695	1.14	0.55955615942029	0	0	0	1	0.14432297240284597	0.5840514104025094	NO	Q13363
312	C	312	9.651	9.237	26.346	-0.12	0.55955615942029	0	0	0	1	0.13833042509776158	0.590263196536911	NO	Q13363
313	T	313	7.669	11.056	29.029	0.19	0.60848954966602	2	0	0	1	0.04745184249899128	0.6548662639679391	NO	Q13363
314	P	314	8.851	11.424	32.594	1.14	0.60848954966602	0	0	0	0.9999999999999999	0.23589789081894091	0.4428150098729576	NO	Q13363
315	H	315	6.445	9.201	34.61	1.14	0.605775401069519	0	0	0	1	0.26101358878497966	0.6339567740204237	NO	Q13363
316	A	316	3.65	11.733	33.853	-0.76	0.575831305758313	0	0	0	1	-0.1683182637978144	0.5101243362678439	NO	Q13363
317	A	317	0.797	9.588	32.484	0.83	0.574209245742092	0	0	0	1	0.006802433854524166	0.8333763311034103	NO	Q13363
318	W	318	-1.09	9.741	35.782	-0.44	0.535899653979239	0	0	0	1	0.2957540841595309	0.6524038457465094	NO	Q13363
319	Y	319	-0.662	13.499	36.349	-0.44	0.489852398523985	0	0	0	1	-0.2764887648603867	0.3785608129608778	NO	Q13363
320	S	320	-3.398	16.115	36.215	0.51	0.464465340039362	0	0	0	0.9999999999999999	-0.5816132553983648	-0.13964060213546303	NO	Q13363
321	E	321	-3.888	18.834	38.79	-0.12	0.467944481163252	0	0	0	0.9999999999999999	-0.9720016530451678	-0.032687754775389696	NO	Q13363
322	Q	322	-7.344	17.643	39.729	0.19	0.472807991120977	0	0	0	0.9999999999999999	-1.045482102741517	0.11413793743318532	NO	Q13363
323	A	323	-6.24	14.022	39.976	1.14	0.50046992481203	1	0	0	1	-0.28223176002511025	0.07031432777454902	NO	Q13363
324	S	324	-3.378	14.941	42.244	0.19	0.417058270676692	0	0	0	1	-0.5913430258703254	0.072499082508264	NO	Q13363
325	I	325	-5.661	16.86	44.554	-0.76	0.412407063197026	1	0	0	0.9999999999999999	-1.0680504744364223	0.21209034496109483	NO	Q13363
326	E	326	-8.074	13.964	44.548	0.19	0.465359477124183	1	0	0	1	-0.6209294208453756	0.24310601947054739	NO	Q13363
327	M	327	-5.519	11.272	45.315	0.51	0.444444444444444	0	0	0	1	-0.19598425020717888	0.3877035007567937	NO	Q13363
328	R	328	-3.818	13.378	47.942	-1.07	0.441542288557214	1	0	0	1	-0.6562627684438106	0.39853171200111875	NO	Q13363
329	E	329	-7.071	13.906	49.794	1.14	0.350617283950617	0	0	0	1	-0.8789008795024635	0.37108222944931485	NO	Q13363
330	E	330	-7.956	10.235	49.618	-1.07	0.35092936802974	0	0	0	1	-0.1909362198590054	0.5138623770468073	NO	Q13363
331	A	331	-4.561	9.231	50.902	-0.12	0.375995751460435	0	0	0	1.0000000000000002	-0.1806562655672542	0.4801141559065268	NO	Q13363
332	A	332	-4.913	11.823	53.639	1.14	0.437037037037037	0	0	0	1	-0.9024885754565697	0.1699423099431616	NO	Q13363
333	R	333	-8.241	10.401	54.754	-1.07	0.437037037037037	0	0	0	1	-0.7544406346105456	0.1863288499769153	NO	Q13363
334	E	334	-6.9	6.876	54.828	0.19	0.488051470588235	0	0	1	0.10144927536231886	-0.012616786000350605	0.046086641134002126	NO	Q13363
335	I	335	-4.261	8.119	57.238	0.19	0.531987977672821	0	0	1	0.12318840579710139	-0.455835753235653	-0.046037866633811694	NO	Q13363
336	R	336	-6.953	9.849	59.265	-1.07	0.550009710623422	0	0	1	0.06521739130434782	-1.1188693564393892	-0.19325812455871885	NO	Q13363
337	R	337	-9.09	6.745	59.261	-0.12	0.550009710623422	0	0	1	0.0579710144927536	-0.4294789261054346	-0.4138976351621493	NO	Q13363
338	A	338	-6.06	4.81	60.397	0.19	0.550009710623422	0	0	1	0.10144927536231886	0.08705306256226189	-0.1194444144574003	NO	Q13363
339	I	339	-5.169	7.109	63.283	0.51	0.586008230452675	0	0	1	0.07971014492753621	-0.37094013015715166	-0.41087270052919606	NO	Q13363
340	T	340	-8.643	7.813	64.619	-0.44	0.662962962962963	0	0	1	0.04347826086956521	-0.8591845491234339	-0.7630271191333531	NO	Q13363
341	G	341	-10.169	4.489	63.638	1.14	0.662962962962963	2	0	1	0.050724637681159444	-0.06361905103345196	-1.0287706194057633	NO	Q13363
342	R	342	-8.818	0.983	63.786	0.51	0.622222222222222	1	1	1	0.09420289855072464	0.8314883982544312	-0.5898020325016611	NO	Q13363
343	I	343	-6.503	-1.042	61.626	-2.34	0.59149111937216	0	0	1	0.13043478260869562	1.0783926342883903	-0.13344672909979408	NO	Q13363
344	P	344	-7.225	-2.893	59.529	-2.34	0.556224509613517	0	0	1	0.1376811594202898	1.1081249659890797	-0.11217338012214605	NO	Q13363
345	D	345	-10.964	-2.262	59.755	-2.34	0.62217587765033	0	0	1	0.07246376811594196	0.5746414280727485	-0.7305890146881187	NO	Q13363
346	S	346	-11.322	1.466	59.186	1.14	0.622608695652174	0	0	1	0.050724637681159444	0.3152549105429412	-0.5843838407620477	NO	Q13363
347	L	347	-9.033	1.391	56.167	1.14	0.655109489051095	1	0	1	0.08695652173913047	0.42737942598629214	-0.09970965780445942	NO	Q13363
348	K	348	-10.82	1.673	52.829	-0.44	0.691159955077812	0	0	1	0.07971014492753621	0.27706987575838665	-0.09472254705275007	NO	Q13363
349	N	349	-7.917	0.734	50.586	-0.12	0.688007644529384	1	0	0	1	0.9509191852021267	0.07230631003175976	NO	Q13363
350	C	350	-5.691	-1.75	52.365	0.51	0.692455242966752	1	0	0	1	1.2691603358031247	0.1353857481767666	NO	Q13363
351	V	351	-3.444	-3.832	50.14	1.14	0.723276723276723	1	0	0	1	2.084672214579104	0.7264234837433369	NO	Q13363
352	N	352	-1.979	-6.308	52.599	1.14	0.718253968253968	0	0	0	1	1.9462587301198562	0.2805514551709993	NO	Q13363
353	K	353	-4.837	-7.565	54.718	-0.76	0.70943290286356	0	0	0	0.9999999999999999	1.513587288789293	0.023426130027896206	NO	Q13363
354	D	354	-3.537	-11.059	54.158	-0.12	0.729292929292929	0	0	0	1	1.8204847418892778	0.3257773154975405	NO	Q13363
355	H	355	-0.066	-10.419	55.571	-1.07	0.796325051759834	2	0	0	0.9999999999999999	1.9386175808728456	0.325831324585854	NO	Q13363
356	L	356	-1.057	-8.629	58.79	0.19	0.799220779220779	0	0	0	1	1.8259218921159013	-0.14298804818148847	NO	Q13363
357	T	357	0.077	-9.449	62.293	-0.12	0.828821548821549	0	0	0	1	1.831978059941738	-0.30354090225876285	NO	Q13363
358	A	358	0.048	-7.844	65.897	-0.12	0.863076923076923	0	0	0	1	1.7811381428045037	-0.2039398220083421	NO	Q13363
359	A	359	-2.984	-8.572	68.118	0.19	0.826531986531986	1	0	0	1	1.3900784038741736	-0.7089399727071792	NO	Q13363
360	T	360	-6.544	-7.373	67.517	-1.07	0.814796238244514	2	0	1	0.07246376811594196	1.3466551845127634	-0.7850576088958705	NO	Q13363
361	H	361	-8.165	-4.634	69.606	-1.39	0.839220779220779	1	0	1	0.10144927536231886	1.110780487872918	-0.34381048357349225	NO	Q13363
362	W	362	-10.401	-5.592	72.433	1.14	0.839220779220779	0	0	1	0.10144927536231886	1.0043787768709895	0.08043451349509098	NO	Q13363
363	A	363	-12.383	-2.48	73.284	-0.12	0.836180124223603	2	0	1	0.08695652173913047	1.3822986259698655	0.207650437841134	NO	Q13363
364	S	364	-15.397	-4.719	73.175	-0.44	0.839220779220779	0	0	0	1	1.6999233071252873	0.12299119190967753	NO	Q13363
365	M	365	-14.532	-6.042	76.503	0.51	0.821952861952862	1	0	0	1	1.7250464303099404	-0.044370730713930676	NO	Q13363
366	D	366	-16.847	-8.446	78.138	-0.12	0.841611721611722	0	0	0	1	1.7456854169489604	0.3272484201887471	NO	Q13363
367	P	367	-16.321	-8.718	81.991	-0.12	0.903220395840322	1	0	0	1	1.77314167170176	0.25543587887800057	NO	Q13363
368	A	368	-14.472	-11.712	83.525	-0.44	0.899899732620321	1	0	0	1	1.4164505481070953	0.6121335017358707	NO	Q13363
369	V	369	-10.982	-10.61	84.763	0.19	0.830258302583026	1	0	0	1	0.6943621144420373	0.3915063759751051	NO	Q13363
370	V	370	-12.021	-7.039	84.444	0.51	0.836431226765799	2	0	0	1	0.4867523588756176	0.29701297521322695	NO	Q13363
371	H	371	-10.394	-4.698	86.881	-0.44	0.795963364993216	0	0	0	1	0.10565330526076155	0.4243439016697307	NO	Q13363
372	P	372	-12.955	-2.073	85.433	-0.12	0.795963364993216	1	0	0	1	0.48717863435830056	0.3649879136131625	NO	Q13363
373	E	373	-11.149	0.944	84.047	-1.07	0.798944501191692	0	0	0	1	-0.0707545121777951	0.4889927803810248	NO	Q13363
374	L	374	-10.95	-1.217	80.901	1.14	0.842463301109918	0	0	0	0.9999999999999999	0.24686810822054844	0.32665888319710973	NO	Q13363
375	N	375	-13.917	-1.834	78.458	1.14	0.866028708133971	1	0	0	1.0000000000000002	0.9361135111827515	0.2251198060492123	NO	Q13363
376	G	376	-11.912	0.284	75.996	0.19	0.81275258194881	0	0	0	1	1.1049736393093548	0.26785256828128085	NO	Q13363
377	A	377	-9.634	-2.709	75.996	-0.12	0.825855513307985	0	0	0	1	0.5537215374089238	0.13377062742767679	NO	Q13363
378	A	378	-8.411	-2.075	72.501	-0.12	0.820454545454546	1	0	1	0.10869565217391303	0.6444737401538185	0.13578414462820873	NO	Q13363
379	Y	379	-5.623	-4.493	72.794	-0.44	0.781385281385281	0	0	1	0.09420289855072464	0.5448678923313934	0.19112535980646528	NO	Q13363
380	R	380	-4.33	-4.926	69.362	0.19	0.778436657681941	0	0	1	0.09420289855072464	1.2401876833136305	-0.22051508177821913	NO	Q13363
381	Y	381	-0.852	-5.433	70.66	-0.44	0.778436657681941	0	0	0	1	0.6186878318979304	0.013169336770815896	NO	Q13363
382	P	382	2.545	-7.249	70.096	1.14	0.784356328082564	0	0	0	1	1.438418178163317	-0.032083045875879304	NO	Q13363
383	P	383	5.289	-7.266	72.914	1.14	0.802083333333333	0	0	0	0.9999999999999999	0.7112795083203108	0.3863755125853199	NO	Q13363
384	G	384	6.607	-3.825	73.808	1.14	0.825	0	0	0	1	0.45874425985147643	0.1474483074009872	NO	Q13363
385	V	385	3.065	-2.692	74.189	0.51	0.761006289308176	0	0	0	1	0.26266287764213964	0.23060250007143995	NO	Q13363
386	V	386	0.796	0.167	73.442	0.51	0.593784078516903	0	0	0	1	0.06426415169583824	-0.020717119463576225	NO	Q13363
387	G	387	-0.684	2.92	75.351	0.83	0.600661886376172	0	0	0	1	-0.4542575609774033	0.2327144296473645	NO	Q13363
388	V	388	-4.304	2.69	75.997	1.14	0.467181467181467	1	0	0	1	-0.3091092521654415	0.140550146621387	NO	Q13363
389	A	389	-6.178	5.335	77.935	1.14	0.46360153256705	0	0	0	1	-0.24306433604067657	0.5398909452076943	NO	Q13363
390	P	390	-4.094	5.363	81.249	-0.44	0.55632183908046	0	0	0	1	-0.9160419276677562	0.4006339119000915	NO	Q13363
391	T	391	-6.806	4.631	83.876	-0.12	0.465384615384615	0	0	0	0.9999999999999999	-0.6654342075838838	0.5364381759618624	NO	Q13363
392	G	392	-6.038	1.919	86.452	1.14	0.351744186046512	0	0	0	1	-0.6650500024328665	0.29042836719633586	NO	Q13363
393	I	393	-3.772	0.166	84.007	-0.12	0.281395348837209	0	0	0	1	-0.453169246395184	0.3735825598667887	NO	Q13363
394	P	394	-1.937	-3.072	85.216	1.14	0	0	0	0	1	-0.5089280418389543	0.27661042130867286	NO	Q13363
395	A	395	-0.672	-2.773	81.62	-0.44	0	0	0	0	0.9999999999999999	-0.19137708720064975	0.2851069288806443	NO	Q13363
396	A	396	0.469	-6.312	81.629	-0.44	0	0	0	0	0.9999999999999999	-0.32483843946056745	0.4478751027332285	NO	Q13363
397	V	397	-3.339	-6.243	81.493	-0.12	0	1	0	0	1	0.1548017422477656	0.25092071909498953	NO	Q13363
398	E	398	-2.365	-7.729	78.207	-1.07	0.35408560311284	0	0	0	1	0.418456014744117	0.3070707830632034	NO	Q13363
399	G	399	-3.521	-10.242	80.767	1.14	0.351351351351351	0	0	0	1	0.23105730812742892	0.08762244027609124	NO	Q13363
400	I	400	-6.949	-9.316	79.57	0.83	0.471042471042471	0	0	0	1.0000000000000002	0.7261346610708457	-0.08180355539117913	NO	Q13363
401	V	401	-8.808	-12.241	78.304	0.51	0.709302325581395	0	0	0	1	1.0188310382461465	-0.15677164954747544	NO	Q13363
402	P	402	-11.115	-11.841	75.237	-0.12	0.713178294573643	0	0	0	1	1.1919797448561036	-0.11651987014314803	NO	Q13363
403	S	403	-13.744	-14.316	73.954	0.19	0.713178294573643	0	0	0	1	1.6128375777652413	-0.18805314869774778	NO	Q13363
404	A	404	-12.142	-14.092	70.482	-0.12	0.713178294573643	0	0	0	1	1.4854729570895313	-0.1766914721195828	NO	Q13363
405	M	405	-9.178	-15.523	72.183	-0.44	0.708494208494209	0	0	0	0.9999999999999999	1.0022627328782687	-0.46021694672924496	NO	Q13363
406	S	406	-5.946	-14.708	73.616	-0.12	0.787215787215787	0	0	0	0.9999999999999999	0.854115477896654	-0.4984221448931843	NO	Q13363
407	L	407	-2.446	-14.65	72.677	0.51	0.787215787215787	0	0	0	0.9999999999999999	1.0363432796627983	-0.6797038806256136	NO	Q13363
408	S	408	-1.082	-16.087	75.906	-0.76	0.782051282051282	0	0	0	1	0.11407642389649086	-0.8111680025905554	NO	Q13363
409	H	409	1.039	-13.409	77.321	-0.44	0.782051282051282	0	0	0	1	0.15187320949163952	-0.5751862930559143	NO	Q13363
410	G	410	2.398	-12.292	80.612	-0.12	0.776926351638995	0	0	0	1	-0.07905720659386224	-0.0030570186993799154	NO	Q13363
411	L	411	-0.564	-11.006	82.57	1.14	0.776926351638995	0	0	0	1	-0.43969330134286494	0.2229697299620642	NO	Q13363
412	P	412	-0.345	-8.008	84.997	0.19	0.771018166455429	0	0	0	1	-0.6732340388244944	0.25737094735643384	NO	Q13363
413	P	413	2.108	-6.567	86.675	-0.44	0.768905787917195	1	0	0	1	-1.0907967383447434	0.10001932634698989	NO	Q13363
414	V	414	3.876	-4.604	83.842	0.19	0.765993265993266	0	0	0	0.9999999999999999	-0.539842667952964	0.20086133889204133	NO	Q13363
415	A	415	7.684	-3.851	83.784	0.19	0.760233918128655	0	0	0	1	-0.33697543269662183	0.324805151907897	NO	Q13363
416	H	416	7.393	-0.018	83.487	-0.12	0.62200956937799	1	0	0	1	-0.4040412091063321	-0.03315808391945334	NO	Q13363
417	P	417	7.278	1.486	87.104	-0.76	0.617367706919946	0	0	0	1	-0.855406623221888	-0.07783935260549982	NO	Q13363
418	P	418	5.358	4.808	87.959	-0.12	0.612794612794613	0	0	0	0.9999999999999999	-0.7196892904707411	-0.10577690376288047	NO	Q13363
419	H	419	7.331	7.948	86.823	-0.76	0.612794612794613	0	0	0	0.9999999999999999	0.12748647138668914	-0.30218635432385954	NO	Q13363
420	A	420	6.127	11.092	84.861	0.19	0.611111111111111	1	0	0	0.9999999999999999	0.40957560842253127	-0.32024699345590363	NO	Q13363
421	P	421	4.588	10.333	81.296	1.14	0.611821638437608	1	0	0	1	0.11941194542614918	-0.015236068114080693	NO	Q13363
422	S	422	6.234	10.366	77.763	-0.76	0.610187477891758	0	0	0	1	0.08665747842261612	0.037579419347719176	NO	Q13363
423	P	423	7.44	12.546	75.297	-0.76	0.669322709163347	1	0	0	1	-0.08516546515726761	-0.19432420395192979	NO	Q13363
424	G	424	10.318	15.158	75.749	-0.12	0.747599451303155	0	0	0	1	0.23928545827821887	-0.34508037226246413	NO	Q13363
425	Q	425	13.555	14.565	77.888	1.14	0.745428973277075	0	0	0	0.9999999999999999	0.7554332751915442	-0.2739666056800407	NO	Q13363
426	T	426	15.437	11.193	77.207	0.19	0.752923976608187	0	0	0	1	0.23650354201812793	-0.05451656034399073	NO	Q13363
427	V	427	19.178	10.516	76.388	-0.44	0.750750750750751	1	0	0	1	-0.24401340369781568	-0.2708310780529497	NO	Q13363
428	K	428	20.102	11.199	72.642	-0.44	0.838133640552995	0	0	0	1	-0.5921362859300523	-0.936300706202612	NO	Q13363
429	P	429	19.465	8.791	69.58	-1.39	0.801895734597156	0	0	0	1	-0.8841226054363029	-0.9975209609075555	NO	Q13363
430	E	430	22.87	8.088	67.754	-1.07	0.806896551724138	0	0	0	1	-1.2200923419810918	-1.4377490397511292	NO	Q13363
431	A	431	25.441	5.329	68.832	-0.76	0.804060913705584	1	0	0	1	-0.9145153527377256	-0.9942214210661243	NO	Q13363
432	D	432	24.946	2.046	70.928	-0.76	0.442708333333333	0	0	0	1	-0.7423610018619744	-0.6276541220159033	NO	Q13363
433	R	433	22.528	0.815	73.761	0.51	0.440860215053763	0	0	0	1	-0.5718113505365863	-0.388256587687507	NO	Q13363
434	D	434	20.934	2.686	76.823	-0.12	0.438888888888889	0	0	0	1	-0.4518140134761873	-0.4288616704583352	NO	Q13363
435	H	435	22.301	5.579	79.099	1.14	0.436781609195402	0	0	0	1	-0.4663211514253595	-0.5153284558454088	NO	Q13363
436	A	436	25.742	7.434	79.565	-0.44	0.43452380952381	1	0	0	1	-0.7822916296246633	-0.39060823340782513	NO	Q13363
437	S	437	28.83	7.964	77.202	0.51	0	0	0	0	1	-0.9728689429657359	-0.38941103195020865	NO	Q13363
438	D	438	28.363	8.29	73.33	0.51	0	0	0	0	1	-0.7423610018619744	-0.6276541220159033	NO	Q13363
