Uniprot_position	aminoacid	Position_in_structure	x	y	z	paraz	mtr	gscount	pscount	OR	pvalue	mtr3dscore	paraz3dscore	HotSpot3D	Uniprot
14	R	14	-1.902	-41.316	8.282	-0.86	0.840840840840841	0	1	1.3886652628443097	0.6321002003391891	1.6038880202741017	-1.9934398247427803	NO	P60484
15	R	15	-3.349	-38.062	9.627	-0.86	0.834054834054834	0	2	2.1089707184906135	0.19605492204269875	1.5135579905024794	-1.3545758571803619	NO	P60484
16	Y	16	-5.669	-37.939	12.629	-0.86	0.838983050847457	0	1	3.609501115466375	0.015408625004123946	1.4960739289356473	-0.5688135497137691	NO	P60484
17	Q	17	-4.893	-34.533	14.183	-0.86	0.836065573770492	0	1	6.040919586242085	0.004571739929517765	1.3644444025621396	-0.6326689657744107	NO	P60484
18	E	18	-3.658	-30.976	13.571	-0.13	0.945	0	0	3.2192326632476806	0.06536764192647047	0.9680633691880183	-0.735366795434614	NO	P60484
19	D	19	-0.873	-29.99	15.943	-0.13	0.94921875	0	0	2.160475517927738	0.5319027612743544	2.257163150000547	-1.8107514516028653	NO	P60484
20	G	20	0.121	-26.368	15.81	-0.86	0.946768060836502	0	0	2.970599158570374	0.4575443343818529	0.6342019769642362	-1.366027964153312	NO	P60484
21	F	21	-2.881	-26.473	18.097	-0.5	0.947955390334572	0	0	1.9821150001640782	0.5263593176658335	-0.507973166727955	-1.5421995430871909	NO	P60484
22	D	22	-4.353	-29.753	19.266	-0.86	0.951818181818182	0	1	2.524068976473656	0.3749484718092655	0.48800036141877434	-1.7988751925198063	NO	P60484
23	L	23	-7.408	-30.418	17.168	-0.13	0.756521739130435	0	2	4.105458044938818	0.017947105080341592	-0.14919070240196	-0.2355815028087451	NO	P60484
24	D	24	-9.256	-33.26	15.511	0.61	0.630434782608696	0	3	9.094750934336506	1.706533711520782e-4	0.5207174737043648	0.3049248545709139	NO	P60484
25	L	25	-8.999	-31.658	12.083	-0.13	0.723116883116883	0	1	3.6477208662821705	0.005204225005665966	0.5698964752471086	0.2970132755697114	NO	P60484
26	T	26	-7.566	-32.65	8.726	-0.5	0.721584984358707	1	2	3.4339904390374816	0.008322033319122981	1.3472783358324942	0.24278672127636264	NO	P60484
27	Y	27	-7.135	-30.983	5.379	0.24	0.723670490093848	0	2	2.009238534245884	0.15693306351831895	1.067388529268351	0.38989814888248575	NO	P60484
28	I	28	-8.278	-33.677	2.977	-0.13	0.632727272727273	1	0	2.2134674704058703	0.08835229229154916	0.9953820187921066	-0.12792795474439772	NO	P60484
29	Y	29	-7.487	-30.936	0.503	1.34	0.504347826086957	2	0	1.3869936411754347	0.6522885864900152	0.41823306113512254	0.6358766820981457	NO	P60484
30	P	30	-6.098	-27.457	1.196	0.61	0.456842796192977	0	1	0.6553435643348842	0.43201194065718895	0.132512096261266	1.6951001383004476	NO	P60484
31	N	31	-9.631	-26.072	0.9	1.71	0.456842796192977	0	0	0.998271665452725	1	-0.14360480305159765	1.4586403777715344	NO	P60484
32	I	32	-11.537	-29.076	2.281	2.44	0.500358422939068	0	1	2.3554358777608684	0.061659008382019515	0.14806191221644974	0.9500602140470901	NO	P60484
33	I	33	-11.325	-29.837	5.988	2.44	0.458155562848704	0	0	4.828979091670013	3.931938073511791e-4	0.33965761299289066	0.6986360038303722	NO	P60484
34	A	34	-12.766	-32.854	7.744	2.08	0.461133069828722	0	1	5.934651438673151	3.701664246403476e-5	0.7860656203588011	1.0299675415935448	NO	P60484
35	M	35	-13.148	-32.477	11.491	0.97	0.461133069828722	0	3	8.59206645668886	1.4974965915204745e-5	0.2596370189453294	0.9867862058337342	NO	P60484
36	G	36	-14.791	-33.674	14.682	1.34	0.459123610202747	0	2	6.702571608542432	3.0220792428863454e-4	0.056793303442220215	0.8758174100264006	NO	P60484
37	F	37	-17.688	-31.961	16.475	2.08	0.460431654676259	0	0	4.905541422956483	0.004265104054600592	-0.8629575186974632	0.808202261773609	YES	P60484
38	P	38	-16.925	-28.456	17.9	1.34	0.421744324970131	0	2	1.8772375425841579	0.17329549426164445	-1.309266913957708	0.41994932588372647	NO	P60484
39	A	39	-18.145	-29.042	21.423	2.08	0.490523968784838	0	1	2.4738878466950682	0.11924361100785189	-1.3486833509399463	0.07952347407742542	NO	P60484
40	E	40	-18.332	-27.361	24.795	0.24	0.490909090909091	1	0	1.068866229365283	0.9999999999999999	-2.098184831970843	-0.5810380861892933	NO	P60484
41	R	41	-16.871	-29.7	27.499	0.24	0.48699501936912	0	0	1.2905167624679852	1	-1.8181250599530994	-0.7936771067718837	NO	P60484
42	L	42	-20.323	-30.923	28.851	-0.86	0.487364620938628	0	0	1.2905167624679852	1	-1.8066129756692357	-1.106446872766448	NO	P60484
43	E	43	-22.855	-31.429	25.971	-0.5	0.452552862300155	0	1	1.2905167624679852	1	-1.9309732932370356	-0.2756389270899456	NO	P60484
44	G	44	-21.053	-32.13	22.703	-0.86	0.387912087912088	0	1	1.6525380815470267	0.572630577671325	-1.5118969519770942	0.3698410559756945	NO	P60484
45	V	45	-19.382	-35.54	22.416	-0.86	0.229561805101373	1	0	2.7093847794703287	0.25339964513833546	-1.3051940458922422	0.44531362206826	NO	P60484
46	Y	46	-16.091	-34.722	20.667	-0.13	0.228739002932551	0	0	5.137764834204172	0.019845102046854527	-0.6176212624630356	0.3847701498712649	YES	P60484
47	R	47	-13.205	-33.316	22.626	-0.86	0.227922077922078	0	1	4.491882413328505	0.03068242396162112	-0.8225803414850728	-0.266625694750124	NO	P60484
48	N	48	-12.672	-30.288	20.378	-0.86	0.227922077922078	0	1	2.5802010398143436	0.1210680328343833	-0.5831775829623866	-0.40434017304605147	NO	P60484
49	N	49	-13.402	-27.014	22.135	-0.86	0.227110967324491	0	0	1.8661613856414563	0.3352336571380745	-1.2535247614873215	-0.8440709219397573	NO	P60484
50	I	50	-15.523	-24.826	19.838	-0.13	0.228405046910385	0	1	0.8611585243711877	0.8189727697675342	-1.9936945415194847	-0.44019669105889553	NO	P60484
51	D	51	-13.485	-21.759	20.914	-0.5	0.226950354609929	0	0	0.9556084808709808	1	-2.06210811269161	-0.31871687577291674	NO	P60484
52	D	52	-10.192	-23.252	19.642	0.24	0.228571428571429	0	1	1.7737691960685198	0.5755322949092847	-1.2006193164578216	-0.6197323264160784	NO	P60484
53	V	53	-11.821	-24.212	16.287	-0.13	0.208928571428571	0	1	3.5062598540910845	0.04305423254688164	-1.3465055311498286	0.2085276769418391	YES	P60484
54	V	54	-13.047	-20.663	15.624	-0.5	0.228087324861518	1	0	0.837325018521906	0.7935978788390861	-2.268281672387711	-0.016051208326361376	NO	P60484
55	R	55	-9.573	-19.431	16.676	-0.5	0.249110320284698	0	0	2.160475517927738	0.5319027612743544	-2.0414058889736717	-0.8904474106933103	NO	P60484
56	F	56	-7.987	-21.87	14.205	-0.5	0.139088729016787	1	0	2.8971129219927843	0.1728222706334612	-1.1303153479479535	-0.5206170672573337	NO	P60484
57	L	57	-10.268	-20.995	11.282	-0.13	0.124199288256228	0	1	1.6743765827696035	0.45562781187768964	-1.5093948932114487	0.5317828136064421	NO	P60484
58	D	58	-10.297	-17.206	11.731	-0.5	0.125089605734767	0	0	1.4601843631520741	1	-2.57704703473962	0.15883743097219563	NO	P60484
59	S	59	-6.475	-17.144	12.127	-0.5	0.125089605734767	0	0	1.1228851434535772	1	-2.3333085887818807	-0.7763567306049517	NO	P60484
60	K	60	-5.935	-19.377	9.074	0.61	0.155357142857143	0	0	0.6225869474683817	0.49053475789251244	-1.5193037523599484	-0.3586242874328213	NO	P60484
61	H	61	-8.997	-18.599	6.958	0.97	0.177427554651754	0	2	0.8856707150857072	0.7842869039702923	-1.4746341251175625	0.8458646969078639	NO	P60484
62	K	62	-10.492	-15.291	8.291	-0.86	0.154593639575972	0	0	0.5418440338047487	0.46835245138832937	-2.2791842438130296	0.20502028979373277	NO	P60484
63	N	63	-13.856	-14.549	6.647	-0.5	0.245774647887324	0	0	1.1826784455377186	1	-1.8360996121594297	0.6573511178401499	NO	P60484
64	H	64	-13.03	-17.391	4.269	0.97	0.369964664310954	0	0	1.2164917210049564	0.9999999999999999	-1.0936531676916539	1.0964383018578756	NO	P60484
65	Y	65	-14.605	-20.5	5.755	1.34	0.369964664310954	0	1	1.464353852207603	0.632490426659005	-1.283491540068698	1.0535649433207463	NO	P60484
66	K	66	-18.012	-22.159	5.657	0.61	0.369964664310954	0	0	1.4522737980552538	0.510292964439814	-1.0067526612012256	1.2151664447630088	NO	P60484
67	I	67	-19.08	-24.956	7.98	0.97	0.369718309859155	0	1	2.928237815287372	0.03009246642447922	-1.1347712622104267	1.4521659010456085	YES	P60484
68	Y	68	-21.177	-27.977	6.926	1.71	0.368904593639576	0	3	7.754260993542776	9.408071973210067e-4	-0.7189918718680115	1.6735520949171339	YES	P60484
69	N	69	-22.882	-29.828	9.778	1.71	0.412811387900356	1	0	3.652848832830031	0.028020692156957693	-0.9253953842022591	1.2520509354960623	YES	P60484
70	L	70	-23.931	-33.414	8.949	1.34	0.309608540925267	0	0	9.951420101915186	5.478948268701097e-5	-0.9563514014394174	1.238762442682753	YES	P60484
71	C	71	-25.289	-34.252	12.421	-0.86	0.274416765519968	0	0	6.512433140876475	0.0027196327746476516	-1.034370894900053	1.2670584351566925	YES	P60484
72	A	72	-28.962	-35.246	12.662	0.97	0.246975088967972	0	0	7.076399622634404	0.030649785438366918	-1.7136000457622798	1.3480304986979277	YES	P60484
73	E	73	-28.6	-35.342	16.434	3.18	0.246975088967972	0	0	1.8060157429551962	0.7388447365576025	-1.828875523068996	0.4651639408213731	NO	P60484
74	R	74	-26.794	-32.341	17.94	0.61	0.272477424420887	0	0	1.2164917210049564	0.9999999999999999	-1.6002458012447156	0.7123004092976313	NO	P60484
75	H	75	-26.396	-28.605	17.164	0.24	0.272477424420887	0	0	0.8011975540338079	0.6256437006567704	-1.7387237370014863	0.44017991894245484	NO	P60484
76	Y	76	-24.381	-25.604	18.369	-0.86	0.27344365642238	0	0	0.33563860621103536	0.05590141550301392	-2.176223540084927	0.16641664358702069	NO	P60484
77	D	77	-24.548	-21.808	18.314	0.61	0.273625939106366	1	0	0.2921439617518978	0.04599985547485732	-2.288409044174402	0.4664045857434427	NO	P60484
78	T	78	-24.056	-21.118	14.576	-0.86	0.275396825396825	1	0	0.45188020694192643	0.2068914764933787	-2.4103335502055665	0.5110678029379471	NO	P60484
79	A	79	-23.559	-17.426	15.399	0.61	0.275587415372362	2	1	0.23950473936370123	0.03973976302821057	-2.6484248459595587	0.11612916941246734	NO	P60484
80	K	80	-20.383	-18.4	17.314	0.97	0.275207591933571	0	0	0.45188020694192643	0.2068914764933787	-2.49935609261618	0.20282393275466212	NO	P60484
81	F	81	-18.905	-19.252	13.921	2.08	0.248398576512456	0	0	0.6679835313730706	0.4126900557496035	-2.528239303156271	0.027772434502777082	NO	P60484
82	N	82	-18.348	-16.046	11.986	0.97	0.248571428571429	0	1	0.48876037124021393	0.3129550614179847	-2.8044166430729156	0.027809635250065575	NO	P60484
83	C	83	-19.668	-17.709	8.835	1.34	0.227435646790486	0	0	0.8856707150857072	0.7842869039702923	-1.8852283189048749	1.0293710776887035	NO	P60484
84	R	84	-22.628	-19.535	7.432	0.61	0.250179211469534	0	0	0.8856707150857072	0.7842869039702923	-1.5258056231029726	1.3551198982526111	NO	P60484
85	V	85	-23.291	-22.921	8.971	-0.13	0.250359712230216	0	0	1.2401631127578032	0.8045466613413533	-1.519808956746478	1.15661671072148	NO	P60484
86	A	86	-25.086	-25.184	6.495	-0.86	0.250179211469534	0	0	1.4876611413050813	0.6063070651930718	-1.3112063462099395	0.948660990450771	NO	P60484
87	Q	87	-26.993	-28.257	7.586	-0.5	0.25	0	0	2.8971129219927843	0.1728222706334612	-1.5711830184691045	0.4140677499568782	NO	P60484
88	Y	88	-27.214	-31.575	5.732	-0.5	0.278773397052967	0	2	5.358746777901703	0.011966639484976054	-1.33515291193473	0.8378085610502692	YES	P60484
89	P	89	-28.069	-34.049	8.498	-0.86	0.278370897587979	0	0	5.137764834204172	0.019845102046854527	-1.532389909751735	0.9961599674671491	YES	P60484
90	F	90	-28.275	-37.797	8.235	-0.5	0.313392857142857	0	0	3.8015472942414665	0.027977917204798863	-1.2099431526275606	0.5889276706229797	YES	P60484
91	E	91	-28.136	-40.435	10.898	0.97	0.310498220640569	0	0	2.535595252931852	0.2129731316219078	-1.1111069348732519	1.0108409323783056	NO	P60484
92	D	92	-25.125	-41.846	12.741	1.34	0.278773397052967	0	4	11.546163747028299	4.992994980661906e-4	-0.3277843671060948	1.35408602748422	YES	P60484
93	H	93	-23.592	-44.877	10.993	-0.13	0.311387900355872	0	2	6.512433140876475	0.0027196327746476516	0.49041573365261176	0.8942015120534315	NO	P60484
94	N	94	-26.045	-44.694	8.063	0.61	0.207591933570581	0	0	2.471946344396835	0.05373136275057198	0.24187013349527545	0.5786829511907388	NO	P60484
95	P	95	-25.658	-43.399	4.504	0.61	0.177183240787481	0	2	2.7197033895573592	0.03654210064586942	0.14956714132644525	0.09352186194364417	NO	P60484
96	P	96	-27.301	-40.138	3.442	3.18	0.177183240787481	0	2	5.072890708487506	0.002703590641409615	-0.2671710334680676	0.3363789459841025	YES	P60484
97	Q	97	-30.576	-40.098	1.579	0.97	0.176942355889724	1	0	2.7974064030774737	0.05614275803098246	-0.22630812413780704	0.25399311566489985	NO	P60484
98	L	98	-29.602	-40.514	-2.046	1.71	0.176942355889724	0	1	2.024394975935716	0.19533239497617316	0.24160301958731914	0.04891243965090955	NO	P60484
99	E	99	-31.068	-37.122	-2.896	-0.13	0.176942355889724	0	0	6.285714582108669	0.049507829253362126	-0.4316112005393265	-0.020176352692242723	NO	P60484
100	L	100	-29.192	-35.382	-0.04	-0.86	0.176942355889724	0	0	7.8884543580224085	0.018823503953164768	-0.9694503302619069	0.004195427554635072	YES	P60484
101	I	101	-25.855	-35.867	-1.753	-0.5	0.311619718309859	0	2	4.905541422956483	0.004265104054600592	-0.046530265425611304	-0.4045281495493954	NO	P60484
102	K	102	-26.067	-33.739	-4.89	0.97	0.555948174322733	0	0	2.7974064030774737	0.05614275803098246	-0.057878062733161664	-0.46992786044134843	NO	P60484
103	P	103	-27.383	-30.488	-3.385	0.97	0.625441696113074	0	0	2.8971129219927843	0.1728222706334612	-1.163027629256238	0.18639642094069755	NO	P60484
104	F	104	-24.644	-30.834	-0.773	1.71	0.625441696113074	0	0	2.7974064030774737	0.05614275803098246	-0.956254475546766	0.4855507546759217	NO	P60484
105	C	105	-22.051	-31.11	-3.498	1.34	0.553990610328638	0	2	2.9083743898649232	0.0550302167057385	-0.3147732818244883	-0.046291928301807186	NO	P60484
106	E	106	-23.507	-28.129	-5.401	0.97	0.553990610328638	0	0	1.5803850499132326	0.6076762334926464	-0.3471002810685547	-0.0013185498767852735	NO	P60484
107	D	107	-23.68	-26.077	-2.197	0.61	0.554377699254024	0	3	7.4797018512454	0.019303986332757168	-0.7064876928959238	0.3773079004140761	YES	P60484
108	L	108	-20.086	-26.956	-1.379	-0.86	0.554377699254024	0	1	2.194763050711886	0.13894147702435874	-0.45713149605577297	1.015374058055098	NO	P60484
109	D	109	-18.971	-26.379	-4.961	1.71	0.557919621749409	0	0	1.3886652628443097	0.6321002003391891	0.18220527235887676	0.7824267939961291	NO	P60484
110	Q	110	-20.476	-22.876	-5.029	0.61	0.56031746031746	1	0	1.305679535509875	0.7885165725198945	0.5837326001255243	1.148759292881706	NO	P60484
111	W	111	-18.825	-21.805	-1.773	3.18	0.564348521183054	0	1	1.6743765827696035	0.45562781187768964	-0.12433742172286101	1.5387923878647498	NO	P60484
112	L	112	-15.382	-23.083	-2.788	-0.5	0.63898916967509	0	2	0.7727500152964354	0.6373144741336983	0.1915725596176107	1.531764103823469	NO	P60484
113	S	113	-15.633	-21.778	-6.363	-0.5	0.643636363636364	0	0	0.837325018521906	0.7935978788390861	0.6354534788530749	1.2158194157746245	NO	P60484
114	E	114	-16.439	-18.191	-5.267	0.61	0.732919254658385	0	0	1.0414461984643184	1	0.5678350526506182	1.2145134737513932	NO	P60484
115	D	115	-12.987	-17.308	-3.948	0.97	0.735584415584416	0	2	0.8708303635139453	0.762188541097582	0.13288479186748042	1.441965042797481	NO	P60484
116	D	116	-9.605	-19.028	-4.164	0.24	0.730848861283644	1	0	0.9556084808709808	1	0.35399946714991815	1.6421710763000803	NO	P60484
117	N	117	-9.053	-18.691	-0.396	-0.13	0.730848861283644	2	0	1.5328658636990844	0.7686686535292984	-0.4950246061982982	1.174340209608188	NO	P60484
118	H	118	-12.512	-20.053	0.5	0.24	0.731428571428571	0	1	0.837325018521906	0.7935978788390861	-0.6051170667704046	1.299704425066837	NO	P60484
119	V	119	-12.395	-23.107	2.71	2.08	0.727272727272727	0	1	1.0574660737196437	1	-0.5556808323604444	1.441965042797481	NO	P60484
120	A	120	-15.03	-25.641	3.797	2.08	0.730507587650445	0	1	1.4974382933358386	0.3492440094317087	-0.21472268589122495	1.1994099703522854	NO	P60484
121	A	121	-15.018	-27.439	7.14	1.34	0.725194805194805	0	0	2.5019871517646237	0.04231730187467548	-0.6196321061500317	1.4372901488882333	YES	P60484
122	I	122	-17.255	-30.511	7.068	2.44	0.639194139194139	0	1	4.701598602316769	6.685480709063576e-4	-0.02732199154925031	1.2956723290701109	YES	P60484
123	H	123	-18.112	-32.367	10.255	0.24	0.735294117647059	0	3	10.24635117593982	5.1918961832626627e-5	-0.4836946868617558	1.1273926303349524	YES	P60484
124	C	124	-20.158	-35.109	11.895	2.08	0.730507587650445	0	3	10.546163747028299	2.939271403396434e-5	-0.652754433882168	1.2596278345539231	YES	P60484
125	K	125	-19.166	-36.293	15.456	1.34	0.730507587650445	0	0	8.014100870079538	5.345843430510462e-4	-0.6190059590021654	1.2407048665506397	YES	P60484
126	A	126	-15.92	-38.151	14.765	2.81	0.642066420664207	0	2	5.52294721813831	2.870081119034352e-4	0.29214106904203796	0.5881554428254592	NO	P60484
127	G	127	-15.472	-36.682	11.269	1.34	0.802583025830258	0	1	4.492834955245737	3.1367507399233843e-4	0.4190745763295931	0.5605557503849444	NO	P60484
128	K	128	-15.342	-40.223	9.984	0.61	0.808550185873606	0	2	4.157684977518592	8.890434058936688e-4	0.7582933164103433	0.14079168665118372	NO	P60484
129	G	129	-17.941	-42.143	7.93	0.97	0.803240740740741	0	2	7.012849884274515	2.429321107108517e-5	0.6863561841126485	0.2760345149236564	NO	P60484
130	R	130	-20.577	-39.471	7.338	2.44	0.803903345724907	0	2	7.193740619744219	1.3718284565868483e-5	0.0960431956012872	0.46473241215282707	NO	P60484
131	T	131	-18.081	-36.713	6.662	-0.86	0.809235074626866	0	0	7.757111223926954	6.5913340691866544e-6	0.07358591277240066	0.8156344271086485	NO	P60484
132	G	132	-16.242	-39.186	4.452	0.24	0.820018796992481	0	2	3.2328714785368677	0.0037198049536491785	0.5873068615410542	0.02826605980333524	NO	P60484
133	V	133	-19.291	-40.063	2.281	-0.5	0.556027615507169	0	1	3.4911821450705616	0.0031165715233088666	0.5844507713420235	-0.2792230124203689	NO	P60484
134	M	134	-19.953	-36.446	1.624	-0.5	0.486524163568773	0	2	5.224907459240905	2.202379090842288e-4	0.16340957164898243	0.35892797564267503	NO	P60484
135	I	135	-16.363	-35.37	0.939	-0.13	0.43283582089552203	0	2	2.689332572946022	0.014676415575564676	0.42796582498265995	0.4054183735938659	NO	P60484
136	C	136	-15.795	-38.424	-1.272	-0.5	0.490601503759399	0	3	1.5033379281976513	0.3728999704107956	0.7802240473379386	-0.774410620923274	NO	P60484
137	A	137	-19.035	-37.684	-3.14	-0.13	0.436477987421384	0	0	2.018232858487545	0.09896711007422054	0.48070224235148956	-0.7323065379601758	NO	P60484
138	Y	138	-17.898	-34.072	-3.606	-0.5	0.43979721166033	0	0	1.6259304311254843	0.31477884543923795	0.15347613464952134	-0.42011186015587904	NO	P60484
139	L	139	-14.4	-35.019	-4.757	-0.5	0.44147582697201	1	1	1.045249438814253	1	0.04337584750005786	-0.7555000682927606	NO	P60484
140	L	140	-16.034	-37.408	-7.205	-0.5	0.44147582697201	0	0	1.3317319131304715	0.6684734238785226	0.5142847335620419	-1.388158387087526	NO	P60484
141	H	141	-18.538	-34.666	-8.087	-0.5	0.440203562340967	0	1	1.3869936411754347	0.6522885864900152	0.43509463847497587	-1.0682731828566152	NO	P60484
142	R	142	-15.64	-32.385	-8.973	-0.5	0.524242424242424	2	2	1.0956090026011667	0.9999999999999999	0.04442078723776177	-1.1837485948338597	NO	P60484
143	G	143	-13.859	-35.062	-11.044	-0.86	0.522727272727273	0	0	0.8708303635139453	0.762188541097582	-0.15530352524632723	-1.3623060293871032	NO	P60484
144	K	144	-10.831	-35.073	-8.715	-0.5	0.52319391634981	0	0	0.42420585997959664	0.13561448893421882	-0.3780961091367884	-1.6663946294964709	NO	P60484
145	F	145	-11.282	-38.866	-8.503	-0.86	0.479275513758272	0	0	0.9547436817332842	1	0.07465620813269398	-1.845413162040994	NO	P60484
146	L	146	-12.457	-41.294	-11.194	-0.86	0.482517482517483	0	0	0.5149231019392231	0.2596925538095918	0.3800189198308454	-1.9178668254898565	NO	P60484
147	K	147	-13.697	-44.17	-9.057	-0.86	0.482517482517483	1	0	0.6079533019814717	0.29572908598720743	0.7569077043115585	-1.888871181311202	NO	P60484
148	A	148	-15.534	-44.524	-5.725	0.24	0.480222068008328	0	0	1.3888800192034991	0.5307386890629835	0.934995418119722	-1.7569987693244251	NO	P60484
149	Q	149	-12.808	-46.819	-4.312	-0.5	0.511346890657236	0	0	0.7294333268448895	0.4785397827922384	1.1568898951793127	-1.8272056282881384	NO	P60484
150	E	150	-9.949	-44.386	-5.046	-0.5	0.506993006993007	0	0	0.6679835313730706	0.4126900557496035	0.6103967115571567	-2.061781636449927	NO	P60484
151	A	151	-11.794	-41.622	-3.261	-0.13	0.558587479935795	0	1	0.9509226415102288	1	0.5204318650965797	-1.8781386180964734	NO	P60484
152	L	152	-12.585	-43.845	-0.271	-0.13	0.605970149253731	0	1	1.2749546645333123	0.7038227383505213	1.1520250664620353	-1.4759942186094783	NO	P60484
153	D	153	-8.953	-45.007	-0.119	-0.86	0.649253731343284	0	1	1.004837280990325	1	1.0495889330894166	-1.8888100657977998	NO	P60484
154	F	154	-7.68	-41.452	-0.324	-0.86	0.645522388059702	1	0	1.0355534827396145	1	0.6341316325414386	-1.7374916496435537	NO	P60484
155	Y	155	-10.031	-40.305	2.432	-0.5	0.652830188679245	0	2	1.4990028705265863	0.36053055719807214	0.9362298931597549	-0.9442086906496582	NO	P60484
156	G	156	-9.104	-43.19	4.751	-0.5	0.651515151515152	0	0	1.7497221730476393	0.23568615970680945	1.3008757281789165	-1.4689285135720234	NO	P60484
157	E	157	-5.344	-42.786	4.255	-0.86	0.702252120503071	1	1	1.5184887188671212	0.5098703167401502	1.4075174808858255	-1.7679969189038525	NO	P60484
158	V	158	-5.391	-38.996	4.633	-0.86	0.64828897338403	0	1	1.4458897755849496	0.43128502121850104	1.1450731100025662	-1.0108933552108976	NO	P60484
159	R	159	-7.989	-38.742	7.424	0.24	0.647169811320755	0	2	2.33990690678751	0.04792329153923201	1.1773526567937733	-0.49261393901633477	NO	P60484
160	T	160	-6.856	-41.794	9.433	-0.86	0.644736842105263	0	1	2.0758701321671866	0.12447972353400466	1.4790720321539235	-0.9527381244888866	NO	P60484
161	R	161	-3.702	-43.711	10.413	-0.86	0.698380566801619	0	1	1.5803850499132326	0.6076762334926464	1.5248143789150321	-2.202774039371344	NO	P60484
162	D	162	-5.223	-47.158	9.878	-0.5	0.702252120503071	0	1	1.0956090026011667	0.9999999999999999	1.5692165502071893	-2.252399836254127	NO	P60484
163	K	163	-6.806	-46.547	6.434	-0.5	0.645283018867925	0	0	1.3886652628443097	0.6321002003391891	1.4953329459906002	-1.992258258150333	NO	P60484
164	K	164	-10.22	-46.791	8.101	0.61	0.640449438202247	1	0	1.6977507326306511	0.3655438963193782	1.87583276067568	-1.6341981357698883	NO	P60484
165	G	165	-12.263	-43.852	6.869	-0.5	0.74657960199005	0	2	2.5532508878672093	0.05389590745525803	1.4685591412036707	-1.112022240634858	NO	P60484
166	V	166	-15.549	-45.006	5.452	-0.86	0.823670668953688	1	1	2.7309042413132687	0.019042139303351132	1.1990610944665414	-0.9160122151480771	NO	P60484
167	T	167	-15.809	-48.597	6.664	-0.86	0.819199457259159	1	0	2.194763050711886	0.13894147702435874	1.2004288271111854	-0.7187032312852483	NO	P60484
168	I	168	-19.535	-49.216	6.895	-0.86	0.90187265917603	0	0	2.459709525139129	0.0979378021234329	1.1249412690674456	0.3278172500369654	NO	P60484
169	P	169	-20.538	-50.881	3.581	-0.13	0.899250936329588	0	0	1.219702439879231	0.8264378216332846	1.2508986563082547	0.16767740707539402	NO	P60484
170	S	170	-23.876	-48.971	3.214	0.24	0.905263157894737	0	3	1.8130039288837203	0.23460230726985015	0.697646324345856	0.646918421904565	NO	P60484
171	Q	171	-21.973	-45.701	3.47	-0.5	0.911320754716981	0	2	2.5019871517646237	0.04231730187467548	0.7093045081512026	0.10915792651702892	NO	P60484
172	R	172	-19.46	-46.971	0.906	-0.5	0.911320754716981	0	0	1.778723258202697	0.18813948631059269	1.1123959156990522	-0.33629267883556907	NO	P60484
173	R	173	-22.389	-48.114	-1.269	0.24	0.867924528301887	1	3	1.2398109054532183	0.6830863402594454	0.9437657996962557	0.135805362562483	NO	P60484
174	Y	174	-23.793	-44.563	-1.506	0.24	0.871989860583016	0	2	1.8772375425841579	0.17329549426164445	0.570214169856494	-0.023823271718977416	NO	P60484
175	V	175	-20.457	-43.185	-2.642	-0.13	0.871989860583016	0	0	1.9569399452878622	0.13630694026516094	0.7212074526421313	-1.041909478262637	NO	P60484
176	Y	176	-20.482	-45.909	-5.363	-0.86	0.979245283018868	1	1	1.7228034467033637	0.2938204130288015	0.8952742016921221	-0.9902897877550993	NO	P60484
177	Y	177	-24.087	-44.924	-6.104	-0.13	0.972744360902256	0	0	1.5057006227363887	0.41266653153819793	0.6653911146681873	-0.3256585795035441	NO	P60484
178	Y	178	-23.356	-41.23	-6.541	-0.5	0.774626865671642	0	1	1.4458897755849496	0.43128502121850104	0.3714139619227412	-0.7385373324576807	NO	P60484
179	S	179	-20.269	-42.144	-8.529	-0.13	0.766051660516605	0	0	1.1648851859656704	0.8268005430091816	0.7466051368055517	-1.4528731086981816	NO	P60484
180	Y	180	-22.588	-44.239	-10.738	-0.86	0.795036764705882	1	0	0.9556084808709808	1	1.2137020713212097	-1.2858632153426628	NO	P60484
181	L	181	-24.883	-41.284	-11.384	-0.13	0.789835164835165	0	1	1.1826784455377186	1	0.914356780627248	-1.2097986035964032	NO	P60484
182	L	182	-21.886	-39.076	-12.282	-0.13	0.724228152799581	0	1	0.6679835313730706	0.4126900557496035	0.8959447515917955	-1.6930265186130773	NO	P60484
183	K	183	-20.131	-41.597	-14.496	-0.5	0.726890756302521	0	0	0.4253872658288415	0.16832891688602364	1.32623712443335	-1.9958029579276746	NO	P60484
184	N	184	-23.26	-42.357	-16.567	-0.5	0.800276752767528	0	0	1.2834840180265208	1	2.3130722124537964	-1.953266560599575	NO	P60484
185	H	185	-24.721	-38.782	-16.558	-0.5	0.796703296703297	0	0	1.612729872853333	1	1.8968655543555557	-2.029772997460532	NO	P60484
186	L	186	-27.912	-39.984	-14.88	-0.86	0.790307971014493	0	0	1.2834840180265208	1	1.737108478391462	-1.325707004186051	NO	P60484
187	D	187	-30.303	-37.837	-12.944	-0.86	0.784622302158273	0	0	1.9461272105688845	1	1.2537572065147946	-1.5201291228945848	NO	P60484
188	Y	188	-31.844	-39.665	-10	-0.86	0.784622302158273	0	1	1.8060157429551962	0.7388447365576025	0.43498162678087127	-0.7600206368347144	NO	P60484
189	R	189	-35.579	-40.346	-9.889	-0.86	0.630434782608696	0	0	11.546163747028299	0.19972381635463762	0.08837124827859863	-0.5816646745337729	NO	P60484
190	P	190	-37.587	-42.574	-7.524	-0.86	0.70048309178744	0	0	1.1228851434535772	1	-0.46831992574449216	-0.041491814019990275	NO	P60484
191	V	191	-38.015	-46.051	-9.042	-0.86	0.701010101010101	0	1	1.1228851434535772	1	0.48282733990332405	-0.6187779841683326	NO	P60484
192	A	192	-40.989	-48.069	-7.767	-0.86	0.630434782608696	0	0	1.1228851434535772	1	0.33696479338949037	-0.4097770319119974	NO	P60484
193	L	193	-40.443	-51.841	-7.381	-0.13	0.506181818181818	0	1	1.8060157429551962	0.7388447365576025	0.5756541223609345	-0.18781549622659796	NO	P60484
194	L	194	-42.015	-54.855	-5.754	-0.5	0.502898550724638	0	0	0.9564408444693654	0.9999999999999999	0.5652422660045682	-0.4016333113978997	NO	P60484
195	F	195	-39.881	-56.829	-3.318	-0.5	0.557953637090328	0	0	1.0414461984643184	1	0.29942412456488354	-0.10269696350875579	NO	P60484
196	H	196	-40.72	-60.563	-3.445	0.61	0.470773381294964	0	0	0.5529335985336065	0.3351954910865821	0.33130093582567155	-0.285383456171335	NO	P60484
197	K	197	-38.156	-62.486	-1.439	-0.86	0.473471223021583	0	0	0.9547436817332842	1	0.09675768438696081	0.11398844876262189	NO	P60484
198	M	198	-34.655	-62.871	-0.093	-0.5	0.473118279569893	1	1	0.9538445133440158	1	0.24313845953455063	0.01395092608714795	NO	P60484
199	M	199	-32.379	-65.879	0.139	-0.5	0.472767857142857	1	0	0.6679835313730706	0.4126900557496035	0.15175231683341422	0.45508840024214137	NO	P60484
200	F	200	-29.368	-66.742	2.315	2.08	0.477888086642599	0	2	0.6079533019814717	0.29572908598720743	-0.06758674770575307	1.0380661959459432	NO	P60484
201	E	201	-26.61	-68.844	0.697	-0.13	0.477517985611511	0	0	0.8856707150857072	0.7842869039702923	-0.14623359554125917	1.3376917910140147	NO	P60484
202	T	202	-25.255	-70.3	3.916	1.34	0.475806451612903	0	1	0.45188020694192643	0.2068914764933787	-0.2634429531058154	1.6021080597496795	NO	P60484
203	I	203	-26.802	-70.591	7.33	0.97	0.473754448398577	0	0	0.5149231019392231	0.2596925538095918	-0.35138516778152623	0.7079167972396521	NO	P60484
204	P	204	-25.693	-67.927	9.783	-0.13	0.47508896797153	0	0	0.46929076071164405	0.15203529586383743	-0.21543524980050274	0.9066994093027809	NO	P60484
205	M	205	-24.475	-69.532	13.014	-0.86	0.50752688172043	2	1	0.36274346585010464	0.14059296298763926	-0.3056765231243894	0.4195082076892129	NO	P60484
206	F	206	-25.933	-67.617	15.946	-0.5	0.580899245159173	0	0	0.34771130801089534	0.08841540103731149	-0.1692941733069761	0.24313444958284858	NO	P60484
207	S	207	-27.113	-70.467	18.155	-0.86	0.578809679529104	0	1	0.2921439617518978	0.04599985547485732	-0.10627179517245405	0.043580980636208716	NO	P60484
208	G	208	-25.795	-73.982	17.491	-0.5	0.578809679529104	0	0	0.3092468121685013	0.154452053118643	-0.15562879179657516	-0.19982173740791634	NO	P60484
209	G	209	-24.722	-73.608	13.841	-0.5	0.71256038647343	1	0	0.5200196510836381	0.404683415271063	-0.5838042543039416	0.24681043453712875	NO	P60484
210	T	210	-28.165	-72.219	12.941	1.34	0.715151515151515	0	0	0.39947782303108853	0.10933710347005828	-0.5493208099514796	0.3975965096809687	NO	P60484
211	C	211	-30.24	-69.09	13.448	0.61	0.715151515151515	0	0	0.350096355097226	0.030255149992379667	-0.059498870239465713	0.5267309450790754	NO	P60484
212	N	212	-33.919	-68.22	13.804	-0.5	0.585123966942149	0	0	0.19610299615011798	0.001038103072411582	0.16501499218643634	-0.04568100466593946	NO	P60484
213	P	213	-33.989	-65.174	11.541	-0.86	0.646520146520147	1	0	0.27414048810643743	0.006717669070295008	-0.005484624266653542	0.03981862385499527	NO	P60484
214	Q	214	-36.507	-62.341	11.569	-0.86	0.646520146520147	0	0	0.3636285186277276	0.046423493053757044	-0.03519508605949367	0.12049022429004531	NO	P60484
215	F	215	-36.396	-59.171	9.496	-0.5	0.585600530856005	0	0	0.42420585997959664	0.13561448893421882	-0.04852227790731677	-0.15220779715551672	NO	P60484
216	V	216	-37.756	-55.687	9.205	-0.86	0.536800486618005	0	0	0.48876037124021393	0.3129550614179847	-0.024129364782492346	-0.24544545389692635	NO	P60484
217	V	217	-37.953	-53.476	6.137	-0.13	0.537240537240537	0	2	0.6178319103253699	0.36620868266039147	-0.19345895075696243	-0.1562111886321375	NO	P60484
218	C	218	-37.887	-49.728	6.369	-0.86	0.594609769792252	0	0	0.7870557691359086	0.7483412915918716	-0.20487502589471254	0.15354816108500247	NO	P60484
219	Q	219	-38.528	-47.092	3.777	-0.86	0.594609769792252	0	0	0.6178319103253699	0.36620868266039147	-0.3467364791607366	-0.027050444556746704	NO	P60484
220	L	220	-37.313	-43.757	5.008	-0.86	0.64760147601476	0	1	1.4145775356885262	0.7667618383841669	-1.032161896695859	0.601138624280198	NO	P60484
221	K	221	-37.622	-44.53	8.74	-0.5	0.539667896678967	1	0	0.735657205027602	0.7077234440239252	-0.6264044331843956	-0.4008062147831867	NO	P60484
222	V	222	-41.145	-45.913	8.177	-0.86	0.498154981549816	0	0	0.9572425638623421	1	-0.26629538347213305	-0.9850769939648911	NO	P60484
223	K	223	-41.251	-49.611	8.991	-0.86	0.494505494505495	0	0	0.9572425638623421	1	-0.20674178821261135	-0.8958888357901066	NO	P60484
224	I	224	-43.138	-51.067	5.98	-0.13	0.645220588235294	0	0	0.735657205027602	0.7077234440239252	-0.375601137499927	-0.8816370337104973	NO	P60484
225	Y	225	-42.733	-54.752	6.772	-0.13	0.591715976331361	1	0	0.4619905519812526	0.2602423406202259	-0.5047627105085412	-0.5677371280906164	NO	P60484
226	S	226	-41.855	-56.828	9.801	-0.13	0.555555555555555	0	0	0.4619905519812526	0.2602423406202259	-0.2143616562921438	-0.5273519968342828	NO	P60484
227	S	227	-41.626	-60.56	9.327	-0.13	0.558587479935795	0	0	0.34771130801089534	0.08841540103731149	-0.2812270048815709	-0.441961401508391	NO	P60484
228	N	228	-42.603	-63.614	11.287	-0.86	0.562803234501348	1	0	0.11882603638883234	0.009991909373568801	-0.21141995022109258	-0.30143646435837634	NO	P60484
229	S	229	-39.869	-65.571	12.991	0.61	0.562803234501348	1	0	0.14621507841369866	0.007240096951402666	0.1043609851769728	-0.16936954386620873	NO	P60484
230	G	230	-37.968	-68.123	10.908	1.34	0.558587479935795	0	0	0.19578247164059592	0.014681609277400757	-0.1304340459211374	0.2736083648538314	NO	P60484
231	P	231	-37.519	-68.516	7.168	0.24	0.521348314606742	0	0	0.2504251118511598	0.011398379910768554	-0.30417075970751356	0.14673174415685014	NO	P60484
232	T	232	-40.334	-69.351	4.804	1.71	0.52089552238806	0	0	0.24910932731435806	0.017299017176213464	-0.5144636001224804	-0.011657257560698318	NO	P60484
233	R	233	-38.4	-72.342	3.56	0.24	0.522846441947566	1	0	0.29649708432956967	0.07508517485227231	-0.6744920489926726	0.35196986126493035	NO	P60484
234	R	234	-35.08	-74.068	4.089	0.61	0.519402985074627	0	1	0.4253872658288415	0.16832891688602364	-0.49015462699169887	0.6653932430266879	NO	P60484
235	E	235	-33.173	-76.272	1.698	0.24	0.490168539325843	0	0	0.6272250761728151	0.4550979167458391	-0.8446147375731963	1.012908673915088	NO	P60484
236	D	236	-30.127	-77.425	3.521	0.97	0.467239527389903	0	0	0.7935534694686007	0.6771453815960715	-0.6986364863841545	1.3462127039403167	NO	P60484
237	K	237	-27.674	-74.489	3.269	0.24	0.399540757749713	0	0	0.2921439617518978	0.04599985547485732	-0.3765857216028703	0.7847991871072967	NO	P60484
238	F	238	-30.223	-72.071	1.748	0.61	0.368253968253968	0	0	0.7043240989010825	0.5210631619736452	-0.31265074362199835	1.1012371982580844	NO	P60484
239	M	239	-32.878	-70.109	3.551	1.71	0.367949393779652	1	1	0.5529335985336065	0.3351954910865821	-0.18636809445203964	0.6024619788637388	NO	P60484
240	Y	240	-35.748	-68.353	1.84	0.61	0.367949393779652	0	0	0.7500765599230527	0.5664967204792732	-0.20817342657924057	0.6330645536081214	NO	P60484
241	F	241	-37.743	-65.363	3.049	0.24	0.364207221350079	0	1	0.46929076071164405	0.15203529586383743	-0.24800657182535854	0.25301365914747664	NO	P60484
242	E	242	-40.783	-64.819	0.839	0.24	0.363920750782065	0	0	0.6129554865101086	0.39008698763586536	-0.26492278403793107	0.5642444111494116	NO	P60484
243	F	243	-43.273	-61.994	1.296	0.61	0.421818181818182	0	0	0.5049041775498434	0.22666999672106208	-0.3064551664385851	-0.22292340147403938	NO	P60484
244	P	244	-46.958	-63.147	1.454	1.34	0.343616672136528	0	0	0.4717330302273866	0.5968493142694478	-0.8218725297983075	0.0549240199237019	NO	P60484
245	Q	245	-47.723	-60.487	-1.159	0.61	0.346115702479339	0	0	0.4717330302273866	0.5968493142694478	-1.0831642481336405	-0.19791305291242475	NO	P60484
246	P	246	-44.933	-58.65	-2.925	0.97	0.317028985507246	0	1	0.6272250761728151	0.4550979167458391	-0.08808075526398249	-0.0881636944216551	NO	P60484
247	L	247	-43.803	-55.615	-0.974	0.97	0.419975932611312	0	1	0.735657205027602	0.7077234440239252	-0.024763227478168337	-0.5111835920434407	NO	P60484
248	P	248	-44.049	-52.178	-2.557	-0.86	0.416965352449223	1	0	1.2905167624679852	1	0.1990709645266816	-0.5003335074203232	NO	P60484
249	V	249	-40.684	-50.463	-2.237	0.97	0.341399607586658	0	0	1.0414461984643184	1	0.17399951025724011	-0.3111253104164435	NO	P60484
250	C	250	-39.387	-47.124	-3.389	0.97	0.412249705535925	0	0	1.2979061060210415	1	0.11126215422549726	-0.3494510340696403	NO	P60484
251	G	251	-36.149	-45.189	-3	0.97	0.409090909090909	0	0	0.6178319103253699	0.36620868266039147	-0.36690625166050267	-0.09629205770417987	NO	P60484
252	D	252	-33.986	-45.781	0.065	0.24	0.443181818181818	0	1	1.6977507326306511	0.3655438963193782	-0.24020991554527343	0.3049248545709139	NO	P60484
253	I	253	-34.563	-49.146	1.685	0.97	0.484137931034483	0	0	1.3226098104142616	0.6525693378956842	-0.3616560610040717	0.39273390870435915	NO	P60484
254	K	254	-33.192	-50.517	4.944	0.61	0.477815699658703	0	1	1.305679535509875	0.7885165725198945	-0.21945361408934366	0.51464377947803	NO	P60484
255	V	255	-33.407	-54.237	5.554	0.61	0.396825396825397	0	1	1.6743765827696035	0.45562781187768964	0.32114005161718023	0.1049315537055831	NO	P60484
256	E	256	-32.37	-55.515	8.926	1.34	0.446186440677966	0	0	0.6835463999839385	0.5458364002322164	0.3084344735498828	0.34155059222244144	NO	P60484
257	F	257	-32.075	-59.058	10.182	0.97	0.513408093612872	0	0	0.6553435643348842	0.43201194065718895	0.23202325322991835	0.3632401887621191	NO	P60484
258	F	258	-32.367	-60.372	13.715	1.34	0.513119533527697	0	0	0.34771130801089534	0.08841540103731149	0.2670178603741348	-0.12848465438891607	NO	P60484
259	H	259	-31.764	-63.648	15.454	-0.13	0.513119533527697	0	0	0.18587388265069393	0.002355011927858413	0.1961848534736963	0.06484917930025846	NO	P60484
260	K	260	-34.647	-64.342	17.866	-0.13	0.516634050880626	1	1	0.16450285301903905	0.00507402294101825	0.40940091889155705	-0.12814003079945233	NO	P60484
261	Q	261	-33.986	-66.267	21.075	1.34	0.519569471624266	0	0	0.14621507841369866	0.007240096951402666	0.48340431781349036	-0.12763876012386866	NO	P60484
262	N	262	-36.92	-67.724	23.02	1.34	0.523479980227385	1	0	0.17888633624973285	0.021684392985539525	0.3765833574317221	-0.127155391972413	NO	P60484
263	K	263	-37.037	-65.278	25.944	0.24	0.526785714285714	0	0	0.1513471054796739	0.03163970760373172	0.28358632481037255	0.14507755092742408	NO	P60484
264	M	264	-38.978	-62.125	26.781	0.61	0.527127924340468	0	0	0.20543772279416259	0.09304588036118737	0.3130972372938921	0.3274523544716507	NO	P60484
265	L	265	-37.171	-60.877	23.749	0.61	0.611111111111111	1	0	0.1513471054796739	0.03163970760373172	0.32892799017691754	0.40395879133260765	NO	P60484
266	K	266	-33.656	-59.748	23.575	-0.5	0.702837232453957	0	0	0.1513471054796739	0.03163970760373172	0.32892799017691754	0.40395879133260765	NO	P60484
267	K	267	-33.405	-60.459	19.805	-0.13	0.703759398496241	0	1	0.19578247164059592	0.014681609277400757	0.363093013364855	-0.08870310525733754	NO	P60484
268	D	268	-29.812	-60.407	18.547	0.24	0.613240418118467	1	0	0.2065827016420268	0.009859688587820103	0.25468369979325994	-0.055906926447846256	NO	P60484
269	K	269	-28.902	-58.211	15.554	0.61	0.696428571428571	0	0	0.4619905519812526	0.2602423406202259	0.2211398757610668	0.10804200251305093	NO	P60484
270	M	270	-27.402	-60.156	12.653	0.97	0.609375	0	1	0.6178319103253699	0.36620868266039147	-0.07640191860860548	0.4446046821127915	NO	P60484
271	F	271	-26.813	-57.633	9.924	0.97	0.609375	0	0	1.4145775356885262	0.7667618383841669	0.43968053869107354	0.8779487743796996	NO	P60484
272	H	272	-28.44	-54.896	7.974	1.34	0.605172413793104	0	1	2.524068976473656	0.3749484718092655	0.49046899334364136	0.7841869207821195	NO	P60484
273	F	273	-28.04	-53.054	4.717	2.44	0.609756097560976	0	0	2.5802010398143436	0.1210680328343833	0.7682921957753225	0.5391184820296177	NO	P60484
274	W	274	-29.188	-50.014	2.844	3.18	0.675154320987654	0	1	1.8639456933743683	0.2166882024585517	0.3530059563480821	0.7388320548505727	NO	P60484
275	V	275	-30.06	-50.262	-0.831	1.34	0.613636363636364	1	0	1.5057006227363887	0.41266653153819793	0.38631132182341354	0.5670149810903226	NO	P60484
276	N	276	-31.657	-47.809	-3.274	0.97	0.542005420054201	0	1	1.8587904508206086	0.2697295682161037	0.23336127367078144	0.1847781884336502	NO	P60484
277	T	277	-34.249	-49.227	-5.685	1.34	0.609375	0	1	1.4145775356885262	0.7667618383841669	0.5889753246252026	-0.22597587360289648	NO	P60484
278	F	278	-32.811	-47.064	-8.509	-0.13	0.457317073170732	0	0	1.2979061060210415	1	0.5837519250710366	-0.5141184509988741	NO	P60484
279	F	279	-29.61	-49.112	-8.609	2.08	0.542346542346542	0	0	1.0956090026011667	0.9999999999999999	0.9100251369567578	-0.542948675854586	NO	P60484
280	I	280	-31.296	-52.42	-8.716	0.97	0.489824561403509	1	0	1.1826784455377186	1	0.7907889042834849	-0.25427226454319196	NO	P60484
281	P	281	-33.094	-51.697	-12.114	-0.86	0.407925407925408	0	0	0.7935534694686007	0.6771453815960715	0.8241606076696526	-0.8492351828222636	NO	P60484
282	G	282	-30.867	-52.812	-14.996	-0.86	0.407665505226481	0	0	0.9580153008725729	1	0.9867051061272722	-1.188202191990007	NO	P60484
283	P	283	-29.012	-55.145	-12.602	-0.86	0.490909090909091	0	0	0.7935534694686007	0.6771453815960715	1.111132512287056	-0.9402908645799649	NO	P60484
284	E	284	-27.375	-58.311	-13.986	-0.86	0.490909090909091	0	0	0	0.057811174403102655	1.2160733315877472	-1.7165101546379655	NO	P60484
285	E	285	-30.92	-59.34	-14.986	-0.86	0.447846889952153	0	0	0.07549184971534682	0.01288692430654468	1.64738827883068	-1.764274984137644	NO	P60484
310	D	310	-31.788	-61.368	-17.989	-0.86	0.83451536643026	0	0	0	0.057811174403102655	1.3201655648183668	-2.8548018706367952	NO	P60484
311	N	311	-34.292	-63.626	-19.672	-0.86	0.877381938690969	0	0	0	0.057811174403102655	1.9552623612243754	-2.8548018706367952	NO	P60484
312	D	312	-35.856	-66.122	-19.034	-0.86	0.828638497652582	1	0	0	0.057811174403102655	2.263702164421841	-2.8548018706367952	NO	P60484
313	K	313	-36.507	-65.149	-15.6	-0.86	0.83451536643026	0	0	0.1564169499457104	0.1462282646666714	2.176792638687663	-1.8756467244495814	NO	P60484
314	E	314	-38.822	-62.61	-14.085	-0.86	0.803715170278638	1	0	0.1564169499457104	0.1462282646666714	2.0516617243625	-1.40076602197126	NO	P60484
315	Y	315	-36.669	-61.159	-11.325	-0.86	0.812853255181076	0	0	0.4619905519812526	0.2602423406202259	1.2453082966152753	-1.3952717373163805	NO	P60484
316	L	316	-34.363	-58.225	-10.736	-0.86	0.855718085106383	0	0	0.4253872658288415	0.16832891688602364	1.1680144064106395	-1.1225513981971589	NO	P60484
317	V	317	-31.722	-59.62	-8.418	-0.86	0.829210836277974	0	0	0.5529335985336065	0.3351954910865821	1.055970234794793	-0.9201962082870214	NO	P60484
318	L	318	-29.171	-57.995	-6.128	-0.86	0.805287239450941	0	0	0.5049041775498434	0.22666999672106208	0.8392129294045735	-0.30307541156725476	NO	P60484
319	T	319	-26.524	-60.103	-4.382	-0.86	0.84047619047619	1	0	0.42420585997959664	0.13561448893421882	0.9679175899511926	0.687239381871826	NO	P60484
320	L	320	-24.863	-58.867	-1.191	-0.86	0.775253216534355	0	1	0.7294333268448895	0.4785397827922384	1.060084363844618	1.1709029249756144	NO	P60484
321	T	321	-21.839	-60.78	0.069	2.08	0.675941080196399	0	0	0.9556084808709808	1	0.6272052703718102	1.3813588253400595	NO	P60484
322	K	322	-20.75	-60.848	3.727	2.44	0.676430331234602	0	0	1.068866229365283	0.9999999999999999	0.24599416037896032	1.4754248603926905	NO	P60484
323	N	323	-18.467	-57.86	3.115	1.71	0.632616487455197	0	0	0.7500765599230527	0.5664967204792732	0.8704254106816937	0.8735362242019501	NO	P60484
324	D	324	-21.405	-55.831	1.719	-0.86	0.573476702508961	1	0	0.837325018521906	0.7935978788390861	1.4072402797157308	0.867884801585289	NO	P60484
325	L	325	-23.431	-56.257	4.896	1.34	0.637184115523466	0	0	1.1674162679493947	0.9999999999999999	0.9715915160830119	1.1641984296896828	NO	P60484
326	D	326	-23.243	-53.696	7.662	0.61	0.638181818181818	0	1	1.3138673570086394	0.8048568226827847	0.7114047763060953	0.7313917452748901	NO	P60484
327	K	327	-22.691	-55.762	10.793	0.24	0.635869565217391	0	0	1.068866229365283	0.9999999999999999	0.2644352244020454	1.3617366711703156	NO	P60484
328	A	328	-21.785	-59.089	9.117	0.61	0.533333333333333	0	0	0.9556084808709808	1	0.2162950093210963	1.264139270634176	NO	P60484
329	N	329	-18.557	-57.747	7.518	-0.5	0.508695652173913	0	0	1.068866229365283	0.9999999999999999	0.3129305615638086	1.3145654835957132	NO	P60484
330	K	330	-16.884	-57.265	10.924	0.24	0.423913043478261	0	0	0.6317505569687565	0.6338356157126177	0.11128492573898567	1.1163897390058908	NO	P60484
331	D	331	-16.988	-61.038	11.478	0.61	0.427007299270073	0	0	0.5200196510836381	0.404683415271063	-0.3826523059839672	1.2403602429611758	NO	P60484
332	K	332	-13.4	-61.591	10.233	0.24	0.480769230769231	0	0	11.546163747028299	1	-0.8713983781323771	1.8794991519806827	NO	P60484
333	A	333	-13.268	-64.652	12.477	2.44	0.481158088235294	0	0	11.546163747028299	1	-1.3302228217406014	1.6218585564975685	NO	P60484
334	N	334	-16.219	-66.321	10.662	0.61	0.553505535055351	0	0	0.30504786986603133	0.09932248416902506	-0.5805249187880639	1.4051216481420816	NO	P60484
335	R	335	-17.901	-67.179	13.961	0.61	0.217039800995025	0	1	0.5200196510836381	0.404683415271063	-0.5252886264913086	0.7419405443448932	NO	P60484
336	Y	336	-21.426	-66.038	12.993	1.71	0.216666666666667	0	0	0.4619905519812526	0.2602423406202259	-0.20664629943293691	0.8745767651043311	NO	P60484
337	F	337	-21.194	-66.058	9.207	2.44	0.215867158671587	0	1	0.7870557691359086	0.7483412915918716	-0.10819404563940006	1.4006102120618287	NO	P60484
338	S	338	-19.471	-68.344	6.808	0.61	0.214460784313725	0	0	0.6225869474683817	0.49053475789251244	-0.3112343498496721	1.5654387517082144	NO	P60484
339	P	339	-17.265	-66.445	4.473	1.71	0.571895424836601	0	0	0.3830849191252373	0.2251787104612843	-0.4844378139475858	1.5142532869234013	NO	P60484
340	N	340	-19.096	-66.958	1.135	1.34	0.56772100567721	1	0	0.735657205027602	0.7077234440239252	0.08287356326738833	1.323915798697528	NO	P60484
341	F	341	-22.315	-66.058	3.073	1.71	0.693140794223827	0	0	0.42420585997959664	0.13561448893421882	-0.2005721586882212	1.298257005991089	NO	P60484
342	K	342	-24.597	-64.134	0.724	0.24	0.636363636363636	0	1	0.6129554865101086	0.39008698763586536	0.1167118907762569	1.1664885090261194	NO	P60484
343	V	343	-28.035	-62.597	0.72	1.34	0.747262773722628	0	1	0.7801354763732158	0.5999134641335417	0.17906176493127174	1.2279258512872804	NO	P60484
344	K	344	-29.869	-62.383	-2.634	1.71	0.752757352941177	0	0	0.6679835313730706	0.4126900557496035	0.6119977959383728	0.46212235972210575	NO	P60484
345	L	345	-32.658	-59.827	-3.086	0.97	0.8	0	3	0.9547436817332842	1	0.597979008332926	0.34180838856988444	NO	P60484
346	Y	346	-35.416	-60.483	-5.658	1.71	0.835714285714286	0	0	0.8856707150857072	0.7842869039702923	0.534689584959586	-0.4562216879689608	NO	P60484
347	F	347	-37.519	-57.666	-7.204	1.34	0.785820895522388	0	1	0.6178319103253699	0.36620868266039147	0.570576016880746	-0.6933972307285668	NO	P60484
348	T	348	-39.94	-56.864	-10.01	-0.5	0.872366790582404	0	0	0.9564408444693654	0.9999999999999999	0.7828445523522334	-1.0090423930287775	NO	P60484
349	K	349	-40.876	-53.567	-11.671	0.97	0.872366790582404	0	0	0.6272250761728151	0.4550979167458391	0.6331815818975856	-0.8366861307369622	NO	P60484
350	T	350	-44.388	-52.37	-10.765	-0.86	0.872366790582404	0	0	1.9461272105688845	1	0.6425612789148377	-0.7667964667937098	NO	P60484
351	V	351	-45.635	-51.476	-14.264	-0.86	0.915185185185185	0	0	0.6361674457612672	0.5666265051651493	1.4380671890538066	-1.9505095718838648	NO	P60484
