Uniprot_position	aminoacid	Position_in_structure	x	y	z	paraz	mtr	gscount	pscount	OR	pvalue	mtr3dscore	paraz3dscore	HotSpot3D	Uniprot
3	S	3	-28.919	14.101	-1.121	-0.5	0.969387755102041	0	0	2.7099408456135845	0.015233674746914115	0.6856934107204915	0.5062110712469634	NO	Q06124
4	R	4	-28.217	16.268	-4.216	-0.5	0.910344827586207	0	1	2.672193163199962	0.009587386873346414	0.6124327513800557	0.7519449281915651	NO	Q06124
5	R	5	-27.334	13.354	-6.538	1.59	0.942466887417219	0	0	1.5237041667614444	0.457448552840704	0.8004681521989857	0.16653674364365337	NO	Q06124
6	W	6	-30.012	14.914	-8.8	0.2	0.933962264150943	0	0	1.2305589024114547	0.6445606259348207	0.7593198055420581	-0.29584497489632605	NO	Q06124
7	F	7	-27.657	17.809	-9.517	2.29	0.909090909090909	0	0	1.0274356669831348	1	0.3854197923985994	0.33379211315090124	NO	Q06124
8	H	8	-25.643	17.604	-12.747	0.9	0.901734104046243	0	0	0.9383643318467421	0.9999999999999999	0.823242685774307	0.42051474385993254	NO	Q06124
9	P	9	-23.119	20.491	-12.737	0.2	0.895027624309392	4	0	0.986163866000708	1	0.35787443000393937	0.5682213982815123	NO	Q06124
10	N	10	-21.375	20.02	-16.122	1.59	0.894830659536542	2	0	0.283499869716842	0.13088681558040044	0.9871462023862503	0.7576553851370542	NO	Q06124
11	I	11	-24.269	19.118	-18.348	0.9	0.962250185048113	2	0	0.4289878843655609	0.2523964814728378	1.5644347659924043	0.4070701703417277	NO	Q06124
12	T	12	-25.568	21.231	-21.189	0.9	0.960714285714286	1	0	0.283499869716842	0.13088681558040044	1.0334682167837386	0.15184638291366168	NO	Q06124
13	G	13	-29.338	21.388	-21.607	0.9	0.963938973647712	0	0	0.3873985985961147	0.16898942553585394	0.6187492552426065	-0.09663596111908171	NO	Q06124
14	V	14	-29.246	19.191	-24.683	2.29	0.957943925233645	0	0	0.41301938552659795	0.3203927024656617	1.4911922140258125	0.14000984116793658	NO	Q06124
15	E	15	-27.571	16.198	-22.993	0.9	0.953458306399483	0	0	0.12693325797114435	0.030782937527751412	2.794930781038045	0.27234895374166856	NO	Q06124
16	A	16	-30.035	16.51	-20.135	0.9	0.948222083593263	0	0	0.4745923643907972	0.29292689465565036	1.256245690102163	-0.09919693702276856	NO	Q06124
17	E	17	-32.635	15.767	-22.801	-0.5	0.94333936106088	0	0	0.7335280082562144	0.7435603846165573	1.172761234678419	-0.42113950545720463	NO	Q06124
19	L	19	-30.319	11.414	-20.211	-0.5	1.05050933786078	0	0	0.2048376543660258	0.1485936937078406	1.8541551740570628	-0.22607404388516292	NO	Q06124
20	L	20	-33.97	11.794	-19.267	-0.5	1.059375	1	0	0.5432756616737341	0.5332801847610208	0.840928992935065	-0.5826967533954296	NO	Q06124
21	L	21	-34.947	10.024	-22.511	-0.5	1.05454545454545	0	0	0.41301938552659795	0.3203927024656617	1.2883564088893635	-0.647559123345853	NO	Q06124
22	T	22	-32.529	7.086	-22.565	-0.5	1.07037037037037	1	1	0.24052496584758373	0.2472810752370254	2.27974078458959	-0.753334773373903	NO	Q06124
23	R	23	-32.219	6.556	-18.797	-0.5	1.02171717171717	0	0	0.24052496584758373	0.2472810752370254	1.875513424904004	-0.7634194383694949	NO	Q06124
24	G	24	-35.295	8.334	-17.473	-0.5	0.976415851115033	0	0	0.17806045157826694	0.08883338744319223	0.5912963915353556	-0.9593500725695655	NO	Q06124
25	V	25	-39.001	7.704	-17.162	-0.5	0.921323529411765	0	0	0.15722644263647736	0.05308195575506178	0.567857874069067	-1.049151613244598	NO	Q06124
26	D	26	-41.96	9.972	-16.618	-0.5	0.877450980392157	3	0	0.3170987833974693	0.2079973713644796	0.01272340128303579	-1.049151613244598	NO	Q06124
27	G	27	-41.321	11.683	-13.297	-0.5	0.827952029520295	0	0	0.283499869716842	0.13088681558040044	-0.1608585955928689	-1.049151613244598	NO	Q06124
28	S	28	-37.574	11.559	-13.716	-0.5	0.851607801792304	0	0	0.5212240284019994	0.41659647958781004	0.3575090653060642	-0.905469148164546	NO	Q06124
29	F	29	-35.792	14.868	-13.153	-0.5	0.751399253731343	0	0	0.814330308111523	0.7866359509602293	0.325004081264962	-0.6406590235693342	NO	Q06124
30	L	30	-32.465	16.562	-12.712	-0.5	0.751399253731343	0	0	0.5771586762899952	0.41430080429534805	0.6665889479468144	-0.39278398867436104	NO	Q06124
31	A	31	-31.188	20.04	-11.936	0.2	0.757048872180451	0	0	0.7253676266077506	0.6237240867649531	0.46712180701264466	-0.33604574252059055	NO	Q06124
32	R	32	-28.333	21.713	-13.711	-0.5	0.810566037735849	0	0	0.6575910769254004	0.6007070957051043	0.5099440853309369	0.04867222150767335	NO	Q06124
33	P	33	-26.624	25.102	-13.803	-0.5	0.804494382022472	0	0	0.986163866000708	1	0.039124313610022526	0.06638308091858253	NO	Q06124
34	S	34	-28.04	27.411	-16.47	0.2	0.719288174512055	0	0	0.8544798523489854	0.812489452521264	0.09878422439642881	0.11950705747116876	NO	Q06124
35	K	35	-25.087	28.063	-18.769	-0.5	0.81670002859594	1	0	0.3873985985961147	0.16898942553585394	0.37560636549284415	-0.04517038849773554	NO	Q06124
36	S	36	-27.11	30.732	-20.538	-0.5	0.77633209417596	0	0	1.4926219441714135	0.6876026817062505	-0.288264504914398	-0.5776935247006778	NO	Q06124
37	N	37	-27.446	32.631	-17.257	0.2	0.711965811965812	1	0	2.695489806357228	0.12472079504291364	-0.9341717681975176	-0.7348462208819846	NO	Q06124
38	P	38	-24.419	32.08	-15.033	-0.5	0.660516605166052	0	0	1.518254139568483	0.4395310125447461	-0.646926982971463	-0.5702100629777584	NO	Q06124
39	G	39	-25.668	31.938	-11.454	-0.5	0.614240777809551	0	0	3.065685589778641	0.0029789141185752165	-0.7490902685785888	-0.40258052038436454	NO	Q06124
40	D	40	-29.04	30.623	-12.7	-0.5	0.611965811965812	0	0	2.184127211540347	0.061449195401257345	-0.3724294295907484	-0.6030407337621789	NO	Q06124
41	F	41	-30.286	27.043	-12.823	-0.5	0.605240912933221	0	0	1.3400843665338673	0.553102732850637	0.1173755506827851	-0.22297743903429973	NO	Q06124
42	T	42	-32.68	25.001	-14.951	-0.5	0.392307692307692	0	1	1.2305589024114547	0.6445606259348207	-0.07467379133664545	-0.22297743903429973	NO	Q06124
43	L	43	-34.974	22.22	-13.825	-0.5	0.472860472860473	0	1	2.2883281908124875	0.20838209784078185	0.10047547722590565	-0.5817659201498944	NO	Q06124
44	S	44	-35.434	19.364	-16.311	-0.5	0.539393939393939	0	0	0.7281427265633235	0.7872189128428515	0.2928835942382678	-0.407369935887033	NO	Q06124
45	V	45	-38.45	17.097	-15.927	-0.5	0.540909090909091	0	0	0.5432756616737341	0.5332801847610208	-0.03731833789001641	-0.8651679689347755	NO	Q06124
46	R	46	-39.469	14.239	-18.203	-0.5	0.537878787878788	0	0	0.47979671651421896	0.3709753772179784	0.09025024183573498	-0.9382202982930874	NO	Q06124
47	R	47	-43.186	14.26	-18.873	-0.5	0.600678733031674	0	0	0.2048376543660258	0.1485936937078406	-0.27690276242739953	-1.049151613244598	NO	Q06124
48	N	48	-45.156	12.362	-21.523	-0.5	0.650735294117647	1	0	0.2048376543660258	0.1485936937078406	0.21789823605447736	-1.049151613244598	NO	Q06124
49	G	49	-41.997	11.093	-23.253	-0.5	0.651291512915129	0	0	0.41301938552659795	0.3203927024656617	1.0505455820079574	-1.049151613244598	NO	Q06124
50	A	50	-40.877	14.718	-23.352	-0.5	0.651851851851852	1	0	0.41301938552659795	0.3203927024656617	0.7025617746481697	-0.9398279985097759	NO	Q06124
51	V	51	-38.259	16.713	-21.483	-0.5	0.598981900452489	0	0	0.840570544293081	0.9999999999999999	0.5042936172169014	-0.630676433698947	NO	Q06124
52	T	52	-39.358	20.157	-20.351	-0.5	0.598981900452489	0	1	0.6248439427214985	0.7442469699321755	-0.25203179554663646	-0.6725838193472954	NO	Q06124
53	H	53	-36.918	22.66	-18.853	-0.5	0.542742927429274	0	0	2.532681490091628	0.2743918861941996	-0.20418659421662558	-0.522509029543924	NO	Q06124
54	I	54	-38.131	24.859	-16.029	-0.5	0.590405904059041	0	0	7.670006009490065	0.040586399922726064	-0.6494241839237465	-0.8527107430179646	NO	Q06124
55	K	55	-35.979	27.83	-15.049	-0.5	0.654275092936803	0	0	4.861258120425172	0.006541479648655932	-0.28324186104637256	-0.7348462208819846	NO	Q06124
56	I	56	-34.692	28.937	-11.638	-0.5	0.713754646840149	0	2	4.865111877695292	1.2326850426252518e-4	-0.1065730838559097	-0.804691863629232	NO	Q06124
57	Q	57	-33.3	32.42	-11.2	-0.5	0.657303370786517	0	0	7.338186781092297	1.968339253859901e-7	-0.09493651392534362	-0.7163576683900661	NO	Q06124
58	N	58	-30.828	33.351	-8.48	0.9	0.662264150943396	1	3	8.10040386642733	1.33555175083973e-8	0.11213890035535405	-0.08032127727624827	NO	Q06124
59	T	59	-29.889	37.009	-8.389	-0.5	0.607287449392713	1	1	6.038813631942421	7.029716937110215e-6	-0.48128714591855004	0.32741910058686663	YES	Q06124
60	G	60	-28.509	37.043	-4.876	-0.5	0.762484394506866	0	3	5.944411881727809	1.0968572747234101e-7	-0.16554532818029327	0.582542380820741	YES	Q06124
61	D	61	-31.699	37.2	-2.818	0.2	0.763836477987422	0	4	8.520628348460525	3.101310413352269e-11	0.11206464189041716	0.8763604914619112	NO	Q06124
62	Y	62	-33.149	33.722	-3.286	0.2	0.760964912280702	2	2	11.739954678142327	2.4029343044493894e-13	0.4430777864939925	0.7733920360743932	NO	Q06124
63	Y	63	-33.964	30.914	-5.729	-0.5	0.755930087390762	1	1	12.678000457088322	3.4726150164868035e-14	0.5341608687974799	0.14296383921645736	NO	Q06124
64	D	64	-36.935	31.898	-7.903	-0.5	0.791535601944524	0	0	12.38429807012298	1.8825472617881233e-10	-0.0165128138799388	-0.28033455211061076	NO	Q06124
65	L	65	-38.712	28.954	-9.579	-0.5	0.785694010786262	0	0	9.84509579680792	1.860441386842055e-7	0.21635557289412755	-0.6429317027793043	NO	Q06124
66	Y	66	-40.098	30.379	-12.817	0.2	0.744772447724477	0	0	5.793914300107327	0.001026521947198382	-0.07676045297126015	-0.8851661911423648	NO	Q06124
67	G	67	-43.765	29.576	-12.42	-0.5	0.817752100840336	0	0	5.449654581707273	0.032875201188873944	0.32671934886804643	-0.9944898058771869	NO	Q06124
68	G	68	-43.066	28.048	-9.018	-0.5	0.88135112120352	0	0	5.320478703391122	0.00796118547242324	0.47152898819106004	-0.7029511909180938	NO	Q06124
69	E	69	-42.283	29.814	-5.744	-0.5	0.955555555555556	0	2	11.145465558463071	4.145917737572377e-7	0.7953396733686601	-0.2428620658980569	NO	Q06124
70	K	70	-39.125	31.227	-4.102	-0.5	0.948529411764706	0	1	10.548633209874879	5.892980043721832e-10	0.4799594924861233	0.3196415673475628	NO	Q06124
71	F	71	-36.599	29.18	-2.122	-0.5	0.869822485207101	1	3	10.608434009004723	7.337198496776137e-13	0.8797402964653155	0.612419596110191	NO	Q06124
72	A	72	-33.512	29.221	0.125	-0.5	0.863496503496504	0	3	12.007614808193587	2.2232664854111054e-16	0.7954204732484454	0.9025352040927732	NO	Q06124
73	T	73	-31.47	26.379	-1.398	-0.5	0.864121280179674	0	2	8.725977431685285	3.051821074268066e-13	0.7180993837939255	0.7191223604110404	NO	Q06124
74	L	74	-32.016	24.078	-4.368	-0.5	0.832116788321168	0	0	9.660338013686486	2.9291245640071507e-12	0.570770572128648	-0.017830808336670115	NO	Q06124
75	A	75	-32.149	21.116	-1.987	-0.5	0.797202797202797	1	0	4.416903975876281	1.1761704519217697e-5	0.8315519575262509	0.2047023984305422	NO	Q06124
76	E	76	-35.063	22.741	-0.099	0.2	0.837606837606838	0	5	4.504270852384569	1.4274548229716907e-6	0.7215144562884738	0.16958358163084197	NO	Q06124
77	L	77	-36.795	23.454	-3.414	-0.5	0.835164835164835	0	0	8.559890593532463	8.623456628901174e-10	0.6385965499338768	-0.3871146994903312	NO	Q06124
78	V	78	-36.685	19.8	-4.44	-0.5	0.802473262032086	0	0	5.892258779968605	3.1203402132064004e-6	0.37934404732505056	-0.5415590952385814	NO	Q06124
79	Q	79	-37.535	18.505	-0.971	-0.5	0.75719557195572	1	2	3.671760753907506	6.538442241399142e-4	0.34397911431783923	-0.01899965378672607	NO	Q06124
80	Y	80	-40.53	20.78	-1.186	-0.5	0.752767527675277	0	0	7.341646818470893	4.436293342419505e-6	0.7605828563359907	-0.3326636065730893	NO	Q06124
81	Y	81	-42.118	19.644	-4.426	-0.5	0.752767527675277	0	0	3.8168683988414025	0.007696303783719665	0.3679966176198113	-0.7983059762923408	NO	Q06124
82	M	82	-41.571	15.933	-3.769	-0.5	0.740049751243781	2	1	2.049664239075421	0.26221605957575367	-0.0657439003944678	-0.9944898058771869	NO	Q06124
83	E	83	-43.984	16.32	-0.832	-0.5	0.738888888888889	0	0	3.1109291877753678	0.07222234481136203	-0.03723013720668271	-0.9705752651539445	NO	Q06124
84	H	84	-46.13	18.967	-2.506	-0.5	0.738314883148832	0	0	3.9677499680711956	0.022461487055830884	0.23867041852454243	-0.98928391946124306	NO	Q06124
85	H	85	-47.549	17.272	-5.578	-0.5	0.743804213135068	0	0	1.1133897526413383	1	-0.11895152686410022	-1.049151613244598	NO	Q06124
86	G	86	-49.91	19.453	-7.624	-0.5	0.776018099547511	0	0	0.4899025778462648	0.65013460320333	0.22525960675214107	-1.049151613244598	NO	Q06124
87	Q	87	-47.835	22.414	-6.462	-0.5	0.739889705882353	0	0	1.1133897526413383	1	0.5842166258298898	-1.049151613244598	NO	Q06124
88	L	88	-45.631	22.435	-9.53	-0.5	0.806526806526806	0	0	1.4975434439333541	0.717888211899403	0.07496652166383942	-1.0072442275962497	NO	Q06124
89	K	89	-48.271	23.504	-11.989	-0.5	0.806526806526806	0	0	1.4877968866484486	1	0.4811280806226804	-0.9920051782695773	NO	Q06124
90	E	90	-47.467	24.795	-15.41	-0.5	0.887179487179487	0	0	0.7387040765252846	1	-0.0865541800761609	-0.9920051782695773	NO	Q06124
91	K	91	-48.854	27.927	-17.047	-0.5	0.847374847374847	1	0	0	1	0.6383677910781135	-0.9593500725695655	NO	Q06124
92	N	92	-51.683	26.01	-18.709	-0.5	0.845588235294118	0	0	0	1	0.8701684446801322	-1.049151613244598	NO	Q06124
93	G	93	-52.734	24.387	-15.433	-0.5	0.755474452554744	0	0	0	1	0.7845102220843776	-1.049151613244598	NO	Q06124
94	D	94	-51.517	20.787	-15.672	-0.5	0.75	0	0	0	0.5169064639700781	0.3934842990676567	-1.049151613244598	NO	Q06124
95	V	95	-49.126	19.557	-12.978	-0.5	0.696969696969697	0	0	0	0.27535969595511717	0.15403670912926604	-1.049151613244598	NO	Q06124
96	I	96	-45.497	18.502	-13.257	-0.5	0.69193742478941	0	0	0.47979671651421896	0.3709753772179784	-0.5047980252789014	-1.049151613244598	NO	Q06124
97	E	97	-44.568	15.575	-11.003	-0.5	0.69645732689211	1	0	0.35907912996005037	0.3241189087683879	-0.4060802792856218	-1.049151613244598	NO	Q06124
98	L	98	-41.025	15.303	-9.591	-0.5	0.538819875776398	0	0	0.9219907690330521	0.9999999999999999	-0.2703017171134187	-0.9811936905716004	NO	Q06124
99	K	99	-40.77	11.597	-8.956	-0.5	0.471467391304348	0	0	0.5432756616737341	0.5332801847610208	-0.1792974932444596	-1.0025878514130997	NO	Q06124
100	Y	100	-37.4	10.049	-9.718	-0.5	0.471467391304348	0	0	0.17806045157826694	0.08883338744319223	0.31892098613713826	-0.8080690155862418	NO	Q06124
101	P	101	-34.064	11.865	-9.205	-0.5	0.697954271961492	1	0	0.7281427265633235	0.7872189128428515	0.7582116153656899	-0.5930686369677667	NO	Q06124
102	L	102	-31.841	11.125	-12.203	-0.5	0.78971119133574	0	0	0.7335280082562144	0.7435603846165573	1.2442635966845264	-0.5325286321847056	NO	Q06124
103	N	103	-28.577	10.717	-10.253	-0.5	0.793181818181818	0	0	0.5432756616737341	0.5332801847610208	1.893380045328139	-0.3567507685915894	NO	Q06124
104	C	104	-25.285	12.175	-11.494	0.2	0.793181818181818	0	0	0.7834394722195653	0.8130124944947055	1.8165134537893115	0.12969770252582757	NO	Q06124
105	A	105	-21.98	10.244	-11.598	-0.5	0.797334558823529	0	0	0.6575910769254004	0.6007070957051043	1.6800556375197468	0.15884540798398628	NO	Q06124
106	D	106	-19.578	13.231	-11.657	0.2	0.801579925650558	0	2	0.7834394722195653	0.8130124944947055	1.0358744874796344	0.669051198337689	NO	Q06124
107	P	107	-17.596	12.97	-8.339	-0.5	0.73287307488051	0	0	0.8339133503251188	0.8215555783038998	0.23766032447053462	0.5877309142819652	NO	Q06124
108	T	108	-15.857	16.388	-8.76	-0.5	0.712515489467162	0	0	0.8544798523489854	0.812489452521264	-0.7338812515096255	1.078872774872837	NO	Q06124
109	S	109	-18.125	18.306	-6.371	2.99	0.709307093070931	0	0	1.1619657792444398	0.796850978516632	-0.7627434296337248	1.497844584151009	NO	Q06124
110	E	110	-17.39	15.786	-3.591	0.9	0.714580751755473	0	2	0.7834394722195653	0.8130124944947055	-0.32020562212995324	0.6750379677160244	NO	Q06124
111	R	111	-15.256	16.948	-0.67	3.69	0.643122676579926	0	0	1.72510887606635	0.31140039477568565	-0.9666768994560256	0.7746360401010605	NO	Q06124
112	W	112	-13.056	13.825	-0.685	2.99	0.584175084175084	0	0	0.3170987833974693	0.2079973713644796	-0.5886597553434787	0.24091166250986773	NO	Q06124
113	F	113	-12.511	13.949	-4.441	-0.5	0.575456053067993	0	0	0.814330308111523	0.7866359509602293	-0.5841579422744566	0.052958204130799914	NO	Q06124
114	H	114	-9.31	15.676	-5.461	0.2	0.570725707257073	0	0	0.5432756616737341	0.5332801847610208	-1.2217455121780805	-0.08186073225924877	NO	Q06124
115	G	115	-9.052	15.126	-9.208	1.59	0.570725707257073	0	0	1.2447007981697928	0.7601578727244134	-0.7971103719740981	-0.0038616797872206136	NO	Q06124
116	H	116	-5.422	15.28	-10.363	-0.5	0.642066420664207	2	0	0.36530350158108377	0.6510528850846861	-0.7439504137481159	-0.7506683970961568	NO	Q06124
117	L	117	-2.885	15.181	-7.516	-0.5	0.515555555555556	0	0	0.2048376543660258	0.1485936937078406	-1.2212507921237348	-0.787978799114712	NO	Q06124
118	S	118	0.127	12.857	-7.23	-0.5	0.521348314606742	0	0	0.29045904283902046	0.40623820960062185	-1.0659919899207242	-0.7766234593699345	NO	Q06124
119	G	119	0.586	10.071	-4.687	-0.5	0.517910447761194	0	0	0.24052496584758373	0.2472810752370254	-0.7932985141988603	-0.8402133619406893	NO	Q06124
120	K	120	3.44	11.529	-2.667	-0.5	0.517472118959108	0	0	0	0.27535969595511717	-1.6330176381733361	-1.049151613244598	NO	Q06124
121	E	121	1.628	14.87	-2.764	-0.5	0.517037037037037	0	0	0	0.15043472687237952	-1.9357390973440527	-0.982982056957732	NO	Q06124
122	A	122	-1.465	13.244	-1.283	-0.5	0.513235294117647	0	0	0.14056615542919915	0.054373485083794686	-0.9966772990091014	-0.7523338893292277	NO	Q06124
123	E	123	0.864	11.531	1.142	-0.5	0.576859504132231	1	0	0	0.08382065725575358	-0.8891427834826642	-1.049151613244598	NO	Q06124
124	K	124	2.265	14.861	2.287	-0.5	0.639194139194139	0	0	0	0.27535969595511717	-1.423975468057075	-1.049151613244598	NO	Q06124
125	L	125	-1.265	16.181	2.762	-0.5	0.643911439114391	0	0	0.17806045157826694	0.08883338744319223	-1.3375734756484539	-1.0025878514130997	NO	Q06124
126	L	126	-2.711	13.138	4.512	-0.5	0.639194139194139	0	0	0.283499869716842	0.13088681558040044	-0.687774235448291	-0.8750364038246741	NO	Q06124
127	T	127	0.444	13.144	6.64	-0.5	0.581085581085581	0	0	0.47979671651421896	0.3709753772179784	-0.4456183104610007	-1.049151613244598	NO	Q06124
128	E	128	0.439	16.829	7.494	-0.5	0.639194139194139	0	0	0.29045904283902046	0.40623820960062185	-0.8135543779720943	-1.049151613244598	NO	Q06124
129	K	129	-3.303	17.657	7.666	-0.5	0.639194139194139	0	0	0.5432756616737341	0.5332801847610208	-1.1124997794602156	-1.049151613244598	NO	Q06124
130	G	130	-4.829	14.223	8.231	-0.5	0.697302697302697	0	0	0.4289878843655609	0.2523964814728378	-0.5074116022554899	-1.0098634391992714	NO	Q06124
131	K	131	-6.035	12.337	11.283	-0.5	0.701871657754011	1	1	0.6248439427214985	0.7442469699321755	-0.3107396402392038	-1.0042508429070818	NO	Q06124
132	H	132	-7.579	8.939	11.831	-0.5	0.574005740057401	0	1	0.7335280082562144	0.7435603846165573	-0.13251243247543318	-1.0057991453325132	NO	Q06124
133	G	133	-10.286	8.187	9.257	-0.5	0.579423868312757	0	0	0.6248439427214985	0.7442469699321755	-0.3487674540932955	-0.783012501789502	NO	Q06124
134	S	134	-9.134	11.007	6.976	-0.5	0.583747927031509	0	0	0.5432756616737341	0.5332801847610208	-0.47662019249784654	-0.6530795548989288	NO	Q06124
135	F	135	-9.292	10.197	3.264	-0.5	0.583747927031509	0	0	0.5212240284019994	0.41659647958781004	-0.5788274784486532	-0.6114213126518818	NO	Q06124
136	L	136	-9.34	11.184	-0.391	-0.5	0.651291512915129	0	0	0.3527321587833608	0.11189838107885848	-0.6211150024272624	-0.537099562946556	NO	Q06124
137	V	137	-9.749	9.896	-3.931	-0.5	0.651851851851852	0	0	0.6248439427214985	0.7442469699321755	-0.4234027315893725	-0.451757554563549	NO	Q06124
138	R	138	-7.321	10.817	-6.731	-0.5	0.701994301994302	1	0	0.4289878843655609	0.2523964814728378	-0.2759390432307211	-0.45331839086575787	NO	Q06124
139	E	139	-6.827	9.836	-10.358	-0.5	0.755535055350554	0	1	0.15722644263647736	0.05308195575506178	0.08410737847490403	-0.8063977710327361	NO	Q06124
140	S	140	-4.221	7.22	-11.071	-0.5	0.75	0	0	0.15722644263647736	0.05308195575506178	0.19025307229004013	-0.8169980006846994	NO	Q06124
141	Q	141	-1.204	8.073	-11.78	-0.5	0.749391727493917	0	0	0.29045904283902046	0.40623820960062185	-0.13010310167540232	-0.8312852667373455	NO	Q06124
142	S	142	0.048	4.641	-12.938	-0.5	0.855757575757576	0	0	0.24052496584758373	0.2472810752370254	0.8454811336843281	-0.9705752651539445	NO	Q06124
143	H	143	-3.129	3.918	-14.957	-0.5	0.933553719008265	1	0	0.17806045157826694	0.08883338744319223	1.2602470465310456	-0.9705752651539445	NO	Q06124
144	P	144	-5.165	6.625	-16.738	-0.5	0.962727272727273	0	0	0.14056615542919915	0.054373485083794686	1.12403267864714	-0.9705752651539445	NO	Q06124
145	G	145	-8.915	6.226	-16.241	-0.5	0.968978102189781	0	0	0.11550789727561188	0.017351946125956266	0.9227543729361013	-0.8213822509870158	NO	Q06124
146	D	146	-8.358	4.497	-12.907	-0.5	0.890468227424749	0	0	0.11550789727561188	0.017351946125956266	1.1152742985164081	-0.8330085946543476	NO	Q06124
147	F	147	-8.386	5.93	-9.391	0.2	0.793113024159956	1	0	0.14056615542919915	0.054373485083794686	0.5423623515805164	-0.8511155840717634	NO	Q06124
148	V	148	-6.805	5.741	-5.96	-0.5	0.92057761732852	0	0	0.12693325797114435	0.030782937527751412	0.1751127176864782	-0.7043136970524735	NO	Q06124
149	L	149	-8.347	6.166	-2.532	-0.5	0.91983556012333	0	0	0.12693325797114435	0.030782937527751412	-0.2445696389966279	-0.7219616520025234	NO	Q06124
150	S	150	-6.03	6.98	0.369	-0.5	0.864019253910951	0	0	0.41301938552659795	0.3203927024656617	-0.7832981243947781	-0.8355385867027124	NO	Q06124
151	V	151	-6.875	6.591	4.067	-0.5	0.800711743772242	1	0	0.3170987833974693	0.2079973713644796	-0.4284142550203282	-0.8449053184069661	NO	Q06124
152	R	152	-5.022	7.67	7.211	-0.5	0.831274858697928	1	0	0.47979671651421896	0.3709753772179784	-0.24441280012163855	-0.9862905347720753	NO	Q06124
153	T	153	-5.307	5.472	10.318	-0.5	0.837233818258486	1	0	0.5432756616737341	0.5332801847610208	-0.025612970351976076	-0.9624466774204288	NO	Q06124
154	G	154	-3.81	5.793	13.827	-0.5	0.803571428571429	1	0	0.5432756616737341	0.5332801847610208	0.1916283443912918	-0.9988627504665798	NO	Q06124
155	D	155	-3.783	8.321	16.691	-0.5	0.80421146953405	0	1	0.6248439427214985	0.7442469699321755	0.36374721127791304	-1.049151613244598	NO	Q06124
156	D	156	-3.23	12.074	17.121	-0.5	0.804856115107914	0	0	0.7335280082562144	0.7435603846165573	0.12520674602601545	-1.049151613244598	NO	Q06124
161	N	161	6.423	10.336	13.593	-0.5	0.831720430107527	0	0	0.4899025778462648	0.65013460320333	0.8457515250901736	-1.049151613244598	NO	Q06124
162	D	162	5.196	7.691	16.068	-0.5	0.858513189448441	0	0	0.4899025778462648	0.65013460320333	1.0820535063219325	-1.049151613244598	NO	Q06124
163	G	163	4.73	4.878	13.572	-0.5	0.865454545454545	2	0	0.24052496584758373	0.2472810752370254	1.1595618511048098	-1.049151613244598	NO	Q06124
164	K	164	1.362	4.433	15.305	-0.5	0.832887700534759	0	0	0.6248439427214985	0.7442469699321755	1.0310081102489026	-1.049151613244598	NO	Q06124
165	S	165	-0.297	6.125	12.302	-0.5	0.827505827505828	0	0	0.5432756616737341	0.5332801847610208	0.2352882024608456	-0.9944898058771869	NO	Q06124
166	K	166	-0.267	5.047	8.653	-0.5	0.82983682983683	0	0	0.47979671651421896	0.3709753772179784	0.03517160270906358	-1.0072442275962497	NO	Q06124
167	V	167	-1.634	5.795	5.187	-0.5	0.807256235827664	1	0	0.47979671651421896	0.3709753772179784	-0.41315498174961685	-1.013230996974585	NO	Q06124
168	T	168	-3.13	3.018	3.066	-0.5	0.823597455176403	0	0	0.24052496584758373	0.2472810752370254	-0.3591138250187796	-0.9729563666112371	NO	Q06124
169	H	169	-3.84	3.354	-0.708	-0.5	0.796906796906797	0	0	0	0.043849547926070515	-0.022285527607616762	-1.0042508429070818	NO	Q06124
170	V	170	-6.556	1.268	-2.348	-0.5	0.764921353156647	0	0	0.15722644263647736	0.05308195575506178	0.5029288101948575	-1.0085960787461963	NO	Q06124
171	M	171	-6.878	1.038	-6.113	-0.5	0.78021978021978	0	0	0.17806045157826694	0.08883338744319223	1.1272998549232827	-0.9653368419479009	NO	Q06124
172	I	172	-10.148	1.833	-7.851	-0.5	0.774545454545455	0	0	0.14056615542919915	0.054373485083794686	1.432092068674024	-0.9793059704973507	NO	Q06124
173	R	173	-10.479	0.427	-11.343	-0.5	0.747368421052632	3	0	0.10588937667180282	0.009780996340784111	1.6703138730373137	-0.9729563666112371	NO	Q06124
174	C	174	-12.866	1.972	-13.839	-0.5	0.747368421052632	1	0	0.11550789727561188	0.017351946125956266	1.665867936632035	-0.9524422617484092	NO	Q06124
175	Q	175	-13.755	-0.711	-16.303	-0.5	0.71256038647343	1	0	0	0.0019662608675608943	1.8105052915514523	-0.98928391946124306	NO	Q06124
176	E	176	-16.62	0.17	-18.623	-0.5	0.742562929061785	1	0	0	0.00657125149388215	1.5371241657738468	-1.049151613244598	NO	Q06124
177	L	177	-18.434	2.886	-16.646	-0.5	0.811371494429504	1	0	0.283499869716842	0.13088681558040044	1.5430636746968478	-0.9012431933092504	NO	Q06124
178	K	178	-18.213	1.101	-13.296	-0.5	0.856447688564477	0	0	0	0.0019662608675608943	1.6437473763492385	-0.9443831491237269	NO	Q06124
179	Y	179	-15.955	1.206	-10.252	-0.5	0.797727272727273	0	0	0	0.0019662608675608943	1.5831287625055426	-0.9680405442477945	NO	Q06124
180	D	180	-14.463	-1.453	-7.985	-0.5	0.825234441602728	0	0	0	0.0010913641852939708	1.4089804974703461	-0.9680405442477945	NO	Q06124
181	V	181	-11.701	-2.122	-5.492	-0.5	0.883211678832117	0	0	0	0.012227745227362844	1.0969844172841525	-0.9593500725695655	NO	Q06124
182	G	182	-10.394	-5.063	-7.537	-0.5	0.96	0	0	0	0.023033645024845107	1.400568637810243	-0.9862905347720753	NO	Q06124
183	G	183	-13.032	-7.616	-6.574	-0.5	0.886446886446887	0	0	0	0.0840397236958484	1.3088601626394898	-1.049151613244598	NO	Q06124
184	G	184	-16.617	-7.955	-5.406	-0.5	0.880702554744526	0	0	0	0.08382065725575358	1.509691644412135	-1.049151613244598	NO	Q06124
185	E	185	-19.278	-5.365	-6.099	-0.5	0.886446886446887	0	0	0	0.043849547926070515	1.5448670745613065	-1.049151613244598	NO	Q06124
186	R	186	-19.02	-2.875	-8.961	-0.5	0.883928571428571	2	0	0	0.003574843680211885	1.438234187086847	-0.9967673811841624	NO	Q06124
187	F	187	-20.492	0.567	-8.343	-0.5	0.889705882352941	0	0	0	0.0010490322385850934	1.2582179886056164	-1.0025878514130997	NO	Q06124
188	D	188	-22.019	2.961	-10.885	-0.5	0.889705882352941	1	0	0.2136729672583057	0.030749155564563733	1.0733277466033635	-0.8982850249105434	NO	Q06124
189	S	189	-20.239	5.905	-9.348	-0.5	0.895927601809955	0	0	0.4012749995950127	0.13632967210934477	1.0313470236818816	-0.6725838193472954	NO	Q06124
190	L	190	-17.301	6.772	-7.167	0.2	0.905919359450958	0	0	0.50629385554269	0.23152724549247847	0.6146554896647585	-0.4380406159329671	NO	Q06124
191	T	191	-19.889	8.175	-4.769	-0.5	0.866666666666667	1	0	1.0603557362678546	1	0.702968217980721	-0.13698566069093535	NO	Q06124
192	D	192	-21.769	4.918	-4.324	-0.5	0.836567926455567	0	0	0.9219907690330521	0.9999999999999999	0.8501368629135015	-0.6630049883419585	NO	Q06124
193	L	193	-18.438	3.183	-4.006	-0.5	0.786516853932584	0	0	0.10588937667180282	0.009780996340784111	0.6025126061794408	-0.9348587432945566	NO	Q06124
194	V	194	-17.367	5.576	-1.253	-0.5	0.710312075983718	0	0	0.47979671651421896	0.3709753772179784	0.09266613556499792	-0.5785915401074282	NO	Q06124
195	E	195	-20.712	5.802	0.596	-0.5	0.715015321756895	2	0	0.7335280082562144	0.7435603846165573	-0.02489798891202799	-0.5784418708729697	NO	Q06124
196	H	196	-20.657	2.041	0.713	-0.5	0.659774436090226	0	0	0.17806045157826694	0.08883338744319223	0.4062487202043166	-0.9398279985097759	NO	Q06124
197	Y	197	-17.215	1.636	2.292	-0.5	0.659176029962547	1	0	0.24052496584758373	0.2472810752370254	-0.06552915287354823	-0.9593500725695655	NO	Q06124
198	K	198	-18.245	4.109	4.969	-0.5	0.656716417910448	0	0	0.24052496584758373	0.2472810752370254	-0.7794894842067538	-0.9967673811841624	NO	Q06124
199	K	199	-21.025	1.803	6.138	-0.5	0.610198789974071	0	0	0.36530350158108377	0.6510528850846861	-0.8658188320203688	-0.9751974032769242	NO	Q06124
200	N	200	-18.923	-1.254	5.417	-0.5	0.613656006914434	1	1	0.36530350158108377	0.6510528850846861	-0.8658188320203688	-0.9751974032769242	NO	Q06124
201	P	201	-15.21	-0.394	5.835	-0.5	0.615962984384037	0	0	0.29045904283902046	0.40623820960062185	-0.7336831474720477	-0.8777123083195362	NO	Q06124
202	M	202	-12.654	-2.374	3.86	-0.5	0.602103120759837	0	0	0.29045904283902046	0.40623820960062185	0.15196402847613616	-0.9234294562995525	NO	Q06124
203	V	203	-10.875	-4.538	6.419	-0.5	0.713260619977038	0	0	0.7387040765252846	1	-0.6572969670957106	-0.8396146850028556	NO	Q06124
204	E	204	-7.3	-5.689	5.821	-0.5	0.712610809265084	0	0	0	1	-0.23312496514697378	-0.8695485318945332	NO	Q06124
205	T	205	-6.077	-9.247	6.276	-0.5	0.75065893516078	0	0	0	1	-0.3352482047015172	-0.7697690422556083	NO	Q06124
206	L	206	-4.242	-8.477	9.529	-0.5	0.790405904059041	0	0	0	1	-0.3352482047015172	-0.7697690422556083	NO	Q06124
207	G	207	-7.075	-6.695	11.302	0.2	0.745159602302459	0	0	0	1	-0.4900983793436998	-0.7977072993545072	NO	Q06124
208	T	208	-6.711	-3.109	10.114	0.2	0.702169625246548	0	0	0	0.08382065725575358	0.10716153208390208	-0.9234294562995525	NO	Q06124
209	V	209	-10.01	-1.221	9.522	-0.5	0.705364745955152	0	0	0.41301938552659795	0.3203927024656617	-0.40752628606845115	-0.9040875860003148	NO	Q06124
210	L	210	-10.142	1.677	7.063	-0.5	0.705364745955152	0	0	0.41301938552659795	0.3203927024656617	-0.2845807075545887	-0.9382202982930874	NO	Q06124
211	Q	211	-12.883	4.042	8.213	-0.5	0.659851301115242	0	0	0.4289878843655609	0.2523964814728378	-0.5092365168530613	-0.9729563666112371	NO	Q06124
212	L	212	-13.788	6.704	5.727	0.2	0.655555555555556	0	0	0.5432756616737341	0.5332801847610208	-0.6218385405621698	-0.8278172276984888	NO	Q06124
213	K	213	-14.356	9.141	8.572	-0.5	0.662921348314607	0	0	0.5432756616737341	0.5332801847610208	-0.7885054089011039	-0.7704342388532011	NO	Q06124
214	Q	214	-13.816	12.582	7.002	-0.5	0.717810070969922	0	0	0.645491008099279	0.5705009402446172	-0.7429149602669605	-0.46364556804338664	NO	Q06124
215	P	215	-12.461	14.084	3.795	-0.5	0.762654320987654	0	0	0.9867174244648435	1	-0.7911685353330941	-0.44197732532566913	NO	Q06124
216	L	216	-9.256	16.077	3.872	-0.5	0.766169154228856	0	0	0.645491008099279	0.5705009402446172	-0.9691457043068198	-0.5113686725164038	NO	Q06124
217	N	217	-9.475	19.85	4.272	-0.5	0.771929824561403	1	0	1.72510887606635	0.31140039477568565	-0.6011387920137516	-0.27004583276742017	NO	Q06124
218	T	218	-8.526	21.46	0.957	-0.5	0.711898588303083	2	0	1.518254139568483	0.4395310125447461	-0.9354674747161088	0.20534869739752154	NO	Q06124
219	T	219	-9.909	24.892	1.606	-0.5	0.716599190283401	0	0	1.1619657792444398	0.796850978516632	-0.19707185829585933	0.28154394403088245	NO	Q06124
220	R	220	-8.366	26.263	4.8	-0.5	0.72133526850508	1	0	1.5129164229834635	0.5768638892780305	0.557565019672703	-0.8205658733445156	NO	Q06124
221	I	221	-5.577	28.735	4.136	-0.5	0.72133526850508	1	1	1.1619657792444398	0.796850978516632	1.0667704825279316	-0.8557329102522205	NO	Q06124
222	N	222	-3.245	31.007	5.977	-0.5	0.716599190283401	0	0	0.48489914665315104	0.48044412358140043	1.1860402826368481	-0.7977072993545072	NO	Q06124
223	A	223	-4.696	34.495	5.904	-0.5	0.785171102661597	0	0	0.283499869716842	0.13088681558040044	1.3282317835318784	-0.7977072993545072	NO	Q06124
224	A	224	-1.378	35.956	4.771	-0.5	0.668560606060606	0	0	0.41301938552659795	0.3203927024656617	1.2010166864437823	-0.8628965659186049	NO	Q06124
225	E	225	-1.055	34.007	1.525	-0.5	0.719988344988345	0	0	0.48489914665315104	0.48044412358140043	1.2803182202883627	-0.8777123083195362	NO	Q06124
226	I	226	-4.599	34.744	0.427	-0.5	0.779987373737374	0	0	0.3170987833974693	0.2079973713644796	1.5206520820883378	-0.7443706267111547	NO	Q06124
227	E	227	-3.313	36.567	-2.679	-0.5	0.84688995215311	0	0	0.2048376543660258	0.1485936937078406	1.510130770911926	-0.8396146850028556	NO	Q06124
228	S	228	-1.784	33.401	-4.051	-0.5	0.838951310861423	1	0	0.4899025778462648	0.65013460320333	1.253255389246532	-0.9705752651539445	NO	Q06124
229	R	229	-4.823	31.209	-3.311	-0.5	0.833446404341927	0	0	0.15722644263647736	0.05308195575506178	0.5935524189914503	-0.72320528042411	NO	Q06124
230	V	230	-7.098	33.682	-5.076	-0.5	0.910780669144981	1	0	0.24052496584758373	0.2472810752370254	1.0171878248995205	-0.6899454505444683	NO	Q06124
231	R	231	-4.795	33.69	-8.129	-0.5	0.900735294117647	0	0	0	0.15043472687237952	0.8788596172821819	-0.8919989170632913	NO	Q06124
232	E	232	-5.309	29.952	-8.364	-0.5	0.900735294117647	0	0	0	0.5169064639700781	-0.5232986583173452	-0.8815220706512042	NO	Q06124
233	L	233	-9.109	30.118	-8.182	-0.5	0.857843137254902	0	0	0	0.15043472687237952	-0.04022429733905245	-0.6728831578162121	NO	Q06124
234	S	234	-9.034	32.527	-11.136	-0.5	0.742857142857143	0	0	0	0.15043472687237952	-0.010525230444211253	-0.813422568972638	NO	Q06124
246	G	246	-11.051	26.666	-8.761	-0.5	0.317592592592593	0	0	0	0.15043472687237952	-0.7712653540166424	0.04018011929166486	NO	Q06124
247	F	247	-13.635	29.261	-7.69	0.2	0.38	0	0	2.2268735679719014	0.12785905657366087	0.3790056567380378	0.291678287179162	NO	Q06124
248	W	248	-16.714	27.782	-9.388	-0.5	0.425030978934325	0	0	0.9219907690330521	0.9999999999999999	-0.42672688485791843	0.6384265703638958	NO	Q06124
249	E	249	-15.298	24.434	-8.312	-0.5	0.531716417910448	0	0	1.2305589024114547	0.6445606259348207	-0.8290621667481224	0.8732000341389293	NO	Q06124
250	E	250	-14.841	25.267	-4.637	0.2	0.546468401486989	0	0	1.5237041667614444	0.457448552840704	-0.35760803447049205	0.518883066431107	NO	Q06124
251	F	251	-18.305	26.78	-4.64	1.59	0.542857142857143	0	0	2.184127211540347	0.061449195401257345	-0.06044682991597083	0.779207754899062	NO	Q06124
252	E	252	-19.988	23.911	-6.447	1.59	0.584615384615385	0	0	2.232763516674753	0.07937813334100549	-0.45967021700386324	1.1761885011605602	NO	Q06124
253	T	253	-18.379	21.591	-3.917	1.59	0.625912408759124	1	0	2.016543179963533	0.13176817057117696	-0.9302909024141186	1.106646622585399	NO	Q06124
254	L	254	-19.89	23.679	-1.093	5.79	0.619565217391305	0	0	2.620949795875195	0.007245269450125055	0.017851295326636756	0.8808907301864835	NO	Q06124
255	Q	255	-23.285	23.716	-2.805	1.59	0.660869565217391	0	0	2.675469192331589	0.0038257801678426456	0.5681204968992206	0.9771395609612616	NO	Q06124
256	Q	256	-23.237	19.948	-2.78	0.9	0.660869565217391	1	2	2.520622319212417	0.015212752074095837	0.3139421229424068	1.2312632681395588	NO	Q06124
257	Q	257	-23.56	19.74	1.007	0.9	0.657586618876942	0	0	4.5469367903847955	2.1801599706162253e-5	0.4309831836263019	1.3412531475989211	NO	Q06124
258	E	258	-26.761	21.771	1.321	0.9	0.655675029868578	1	1	4.7316517428766325	1.4631254489002211e-6	0.9396938460385489	0.6996152314797176	NO	Q06124
259	C	259	-28.498	18.369	1.507	0.2	0.656115107913669	0	1	3.7822197185597273	1.9267851583738344e-4	0.8513624675267711	0.8764499946585972	NO	Q06124
260	K	260	-27.032	17.852	4.997	0.2	0.6875	1	0	3.724526237264973	4.4930663817830676e-4	0.5394534646567144	0.8897452876936021	NO	Q06124
261	L	261	-28.805	21.046	6.113	2.29	0.713837136277999	2	2	4.240472305466723	7.255372005835555e-6	0.7346781455420264	0.4485063393035233	NO	Q06124
262	L	262	-32.524	20.251	5.643	2.29	0.716386554621849	0	2	4.618173195715533	5.858360608227391e-6	0.6329839386701018	0.4079508048051215	NO	Q06124
263	Y	263	-33.385	20.891	9.281	1.59	0.647482014388489	1	0	3.162581190427669	6.957891881554817e-4	0.12450815897841472	1.1703280035929342	NO	Q06124
264	S	264	-37.003	21.383	10.336	0.9	0.647482014388489	1	0	3.414843695927528	0.0010364579004316084	-0.1472422595669889	1.4069205242175387	YES	Q06124
265	R	265	-38.741	24.743	10.14	0.9	0.647047726843992	2	1	3.8783330161666654	3.517578098755032e-4	0.11104783665523063	2.3788725327903064	NO	Q06124
266	K	266	-42.092	23.757	11.653	1.59	0.646616541353383	0	0	2.1519713926030755	0.14376194681283166	-0.88721390831643	2.4849472011391778	NO	Q06124
267	E	267	-42.801	27.048	13.432	0.9	0.642030608435984	1	0	1.5292700889645736	0.47718719443357815	-0.26327933725747515	2.914862201584898	NO	Q06124
268	G	268	-42.313	28.917	10.167	-0.5	0.614285714285714	1	1	2.016543179963533	0.13176817057117696	-0.2641143578738861	2.934339082228458	NO	Q06124
269	Q	269	-45.035	26.819	8.525	-0.5	0.58843537414966	0	0	1.9363739063423722	0.2142745383262969	-0.6059526978704437	2.7627441853291783	NO	Q06124
270	R	270	-47.838	27.142	11.065	0.9	0.621863799283154	0	0	0.6248439427214985	0.7442469699321755	-0.6453166579520501	2.524949705621692	NO	Q06124
271	Q	271	-50.936	28.836	9.652	2.99	0.62589928057554	0	0	0.36530350158108377	0.6510528850846861	-1.1772884677254178	2.532646980536695	NO	Q06124
272	E	272	-50.705	31.717	12.143	0.2	0.632727272727273	0	0	0.7361414246692541	1	-0.4601756427886575	2.7112879025223844	NO	Q06124
273	N	273	-47.149	32.592	11.067	2.99	0.632246376811594	0	0	1.0603557362678546	1	-0.411647887088245	3.3393806014360248	NO	Q06124
274	K	274	-47.493	32.311	7.268	1.59	0.664621244181126	0	0	1.5129164229834635	0.5768638892780305	-0.6649395556852638	3.063040537346487	NO	Q06124
275	N	275	-48.272	36.024	6.886	2.29	0.658366345972458	1	0	0.885534549110733	1	-0.6626790346451169	3.1480943096101783	NO	Q06124
276	K	276	-45.235	36.958	8.989	2.29	0.657894736842105	1	0	1.7759111943158026	0.3869503862726931	-0.4860486022176228	2.9569948957582373	NO	Q06124
277	N	277	-43.016	35.496	6.264	2.29	0.629032258064516	0	0	2.049664239075421	0.26221605957575367	-0.4129914630841071	2.892366294897825	NO	Q06124
278	R	278	-42.147	37.755	3.323	3.69	0.628571428571429	0	0	2.0512228923717477	0.1195959375192788	0.014840240541862705	2.503996012797518	NO	Q06124
279	Y	279	-41.518	34.673	1.237	2.29	0.727819548872181	0	2	5.1476424246421395	6.0937088885243786e-5	-0.041643263255226014	1.9755755744332586	YES	Q06124
280	K	280	-43.706	31.765	2.365	0.9	0.702907208283552	0	0	4.080350595275652	0.0019033499308356383	-0.111304337214991	2.1339676131442435	YES	Q06124
281	N	281	-41.038	29.119	1.805	2.99	0.716276978417266	0	0	5.95736438250984	3.1788420787492786e-7	0.1928361693453819	1.2555927928367745	NO	Q06124
282	I	282	-37.99	30.817	3.24	2.29	0.750213128729753	0	3	7.007449292890189	5.771737678005147e-10	0.5507605834455357	1.573869752108849	NO	Q06124
283	L	283	-38.106	30.005	6.948	0.9	0.744815911976301	1	0	4.802860805680816	9.952729653177467e-7	0.23500872513819882	2.1384289076329073	NO	Q06124
284	P	284	-36.004	30.055	10.138	5.09	0.67033432077867094	0	0	2.86802846390053	0.001170385440607853	0.39764058136617725	2.072884928521423	NO	Q06124
285	F	285	-34.716	26.768	11.468	-0.5	0.672754300276067	0	3	2.955820026907737	0.0013593642495818735	0.6784307495044066	1.7303274240809998	NO	Q06124
286	D	286	-36.634	25.911	14.633	0.2	0.706628113879004	0	0	2.144912761448735	0.06661577737551483	0.5936347440948969	1.8920036741052568	NO	Q06124
287	H	287	-33.485	25.203	16.643	-0.5	0.711160714285714	0	0	1.25770998842549	0.6530689926399481	0.4639340187519546	1.6881626220588903	NO	Q06124
288	T	288	-31.974	28.657	15.949	2.99	0.710631672597865	0	0	1.3565581224418775	0.44539476075101037	0.6866683471802532	1.4201010729295194	NO	Q06124
289	R	289	-35.074	30.799	15.395	2.99	0.70811170212766	1	1	1.3400843665338673	0.553102732850637	0.5712053053338896	1.9032060975363208	NO	Q06124
290	V	290	-35.367	33.933	17.524	0.9	0.710106382978723	1	0	0.7166916515418343	0.5357106793810992	0.22135686383155098	1.8244976883564397	NO	Q06124
291	V	291	-38.212	33.134	19.974	1.59	0.668544600938967	0	0	0.8339133503251188	0.8215555783038998	0.10658027670455116	2.196090270460022	NO	Q06124
292	L	292	-40.058	36.111	21.466	5.79	0.630742049469965	0	0	0.5771586762899952	0.41430080429534805	0.08717527479641925	2.2243097651009314	NO	Q06124
293	H	293	-41.274	36.232	25.074	0.2	0.672791519434629	2	0	0.17806045157826694	0.08883338744319223	-0.12901612535432389	1.962193384058156	NO	Q06124
294	D	294	-42.398	39.887	24.78	0.2	0.81095406360424	3	0	0.14056615542919915	0.054373485083794686	-0.33759608607872293	1.2427398813747077	NO	Q06124
302	S	302	-47.005	35.453	19.563	2.99	0.9	0	0	0.15722644263647736	0.05308195575506178	-0.3174973016120937	2.648781303815684	NO	Q06124
303	D	303	-43.405	34.397	19.531	0.9	0.924133811230585	0	1	0.3873985985961147	0.16898942553585394	-0.2021031037868065	2.5698504759592087	NO	Q06124
304	Y	304	-42.695	34.243	15.837	2.99	0.933508147593182	0	0	0.8177346357980936	0.6754070417865643	-0.37030015389236914	2.6478360244401578	NO	Q06124
305	I	305	-40.197	36.256	13.857	1.59	0.927584919746174	0	0	0.6725689770148773	0.4010666329914533	-0.40925015667832176	2.3324620553921664	NO	Q06124
306	N	306	-38.483	35.233	10.631	2.99	0.962661660408844	0	0	2.4157774400159813	0.021647892883094107	-0.14249255328840008	2.6627675802903137	YES	Q06124
307	A	307	-35.071	35.577	12.18	4.39	0.964075630252101	0	0	1.8064735394404352	0.12642765368949804	0.10640326013920262	2.1741954526321536	NO	Q06124
308	N	308	-32.195	33.309	13.195	0.9	0.984070091596973	1	2	1.5852536008775997	0.21187508958139395	0.6350522442321958	1.7394855631840753	NO	Q06124
309	I	309	-29.352	33.689	15.614	-0.5	1.04195656757327	1	0	1.2311204731171683	0.6886635278931169	0.8739733125665681	0.9462846726267634	NO	Q06124
310	I	310	-26.077	33.365	13.791	0.2	0.997687564234327	0	0	1.1745587593931157	0.7028985793677126	1.0634043034955094	0.8056583905160716	NO	Q06124
311	M	311	-23.399	32.319	16.258	-0.5	0.991295442908346	2	0	0.8544798523489854	0.812489452521264	1.2976275838252853	0.020484515684677067	NO	Q06124
312	P	312	-19.776	31.767	15.1	-0.5	0.991295442908346	0	0	0.4289878843655609	0.2523964814728378	1.3865618257719112	-0.37564005818185486	NO	Q06124
313	E	313	-19.125	28.14	16.114	-0.5	0.981443823080834	0	0	0.6248439427214985	0.7442469699321755	2.0105025246688064	-0.6999233995083609	NO	Q06124
324	K	324	-18.289	36.453	21.378	-0.5	0.77517667844523	1	0	0	0.08382065725575358	0.06926465619691902	-0.5462629854644164	NO	Q06124
325	K	325	-20.04	38.546	18.735	0.2	0.701634275618375	0	0	0	0.0010913641852939708	0.043141558154850844	-0.33073928784433865	NO	Q06124
326	S	326	-23.248	37.285	17.18	-0.5	0.658036454018227	0	0	0.16999820970627208	0.010873577183722482	0.37278665576795383	-0.18481178424741096	NO	Q06124
327	Y	327	-25.725	38.229	14.49	0.9	0.580447585394582	0	0	0.26916608600082065	0.01526062197613474	0.3022335034353873	0.7203469268747907	NO	Q06124
328	I	328	-29.405	37.991	13.863	0.9	0.617957746478873	1	0	0.30343803861381863	0.03877004307714462	0.4044555477835627	1.3043970986135434	NO	Q06124
329	A	329	-30.192	37.329	10.223	0.2	0.659154929577465	1	0	1.7947628536327132	0.10817004329650091	0.735855218870938	1.3429581060952278	NO	Q06124
330	T	330	-33.689	38.359	9.217	0.9	0.661484098939929	0	0	2.0868335411691916	0.05586508738797138	0.36761111625588494	2.030877956380514	NO	Q06124
331	Q	331	-36.034	39.401	6.411	-0.5	0.666666666666667	0	0	2.144912761448735	0.06661577737551483	0.32729421311779555	2.2341455675208426	NO	Q06124
332	G	332	-36.792	43.044	5.87	0.2	0.589651022864019	0	0	1.1619657792444398	0.796850978516632	0.2582056790705606	1.7870153061616434	NO	Q06124
333	C	333	-39.873	44.254	7.7	0.2	0.671462829736211	0	0	0.885534549110733	1	0.2563055487202336	1.812984670321179	NO	Q06124
334	L	334	-43.313	43.476	6.465	0.9	0.633574007220217	0	0	1.1133897526413383	1	-0.19411972761674384	1.83467519629961	NO	Q06124
335	Q	335	-45.975	46.011	7.556	2.99	0.631294964028777	1	0	0	0.15043472687237952	-0.37683486328035926	1.4061721780452467	NO	Q06124
336	N	336	-47.557	43.463	9.902	1.59	0.672754300276067	0	0	0	0.15043472687237952	-0.4993255886879788	2.009848068309706	NO	Q06124
337	T	337	-44.208	42.576	11.512	3.69	0.668820064601938	0	0	0.29045904283902046	0.40623820960062185	-0.16652055220251788	2.104787345614874	NO	Q06124
338	V	338	-42.624	45.932	12.252	1.59	0.698916967509025	0	0	0	0.043849547926070515	-0.2332745386460382	0.7541755754358969	NO	Q06124
339	N	339	-43.89	45.697	15.822	0.9	0.668820064601938	0	0	0.14056615542919915	0.054373485083794686	-0.09259226662128095	1.164720486573407	NO	Q06124
340	D	340	-42.272	42.32	16.3	0.9	0.64	0	0	0.11550789727561188	0.017351946125956266	-0.2798547144486578	1.8542604846944502	NO	Q06124
341	F	341	-39.061	43.504	14.761	-0.5	0.64051094890511	0	0	0.07871858832983976	0.0018517323818983949	-0.20024855450876197	1.4332753241982548	NO	Q06124
342	W	342	-38.781	46.171	17.47	0.2	0.63768115942029	0	0	0	0.0010490322385850934	-0.5152755942611046	0.4703849829145032	NO	Q06124
343	R	343	-39.919	43.69	20.112	-0.5	0.642335766423358	1	0	0.09764306680071998	0.005530278052073774	-0.3336828425274594	0.9439143453842098	NO	Q06124
344	M	344	-36.977	41.519	19.024	0.2	0.604593301435407	0	0	0.24111501134466415	0.005890225177031648	0.038423072211480454	1.5550930663313423	NO	Q06124
345	V	345	-34.353	44.282	18.884	0.9	0.56682769726248	0	0	0	2.1847624023556413e-5	-0.8933949720103437	0.653086479995461	NO	Q06124
346	F	346	-35.374	45.253	22.369	-0.5	0.600170502983802	0	0	0.058637437593189436	8.371792673476573e-5	-1.0800045593108614	0.07166869712648231	NO	Q06124
347	Q	347	-35.488	41.694	23.711	0.2	0.600641711229947	0	0	0.16999820970627208	0.010873577183722482	-1.1011940584473772	0.3929946103366634	NO	Q06124
348	E	348	-32.088	40.808	22.296	0.2	0.641818181818182	1	0	0.13212445222283836	0.0012319392243103444	-0.8022691870886566	0.7017063040377007	NO	Q06124
349	N	349	-30.502	44.02	23.576	-0.5	0.677647058823529	1	0	0.08423915536342258	0.0017953301415770263	-1.7872154695437794	-0.27859645777496495	NO	Q06124
350	S	350	-29.136	44.734	20.097	0.2	0.67379679144385	1	0	0	5.335725809158794e-4	-1.4828942170969344	-0.21100390027762875	NO	Q06124
351	R	351	-27.714	48.192	19.537	-0.5	0.667519181585678	1	0	0	0.0010490322385850934	-1.7971136775942704	-0.17202028572102554	NO	Q06124
352	V	352	-26.522	48.038	15.938	-0.5	0.671871657754011	1	0	0	0.0010490322385850934	-1.639076068871859	-0.07171173274168957	NO	Q06124
353	I	353	-28.624	47.255	12.892	0.9	0.787454873646209	1	0	0	0.0010490322385850934	-1.1085594242392458	0.15418903180083643	NO	Q06124
354	V	354	-27.296	46.62	9.426	0.2	0.787454873646209	0	0	0.09764306680071998	0.005530278052073774	-1.0397708511180621	0.4528767649156182	NO	Q06124
355	M	355	-29.776	47.356	6.637	0.2	0.780125899280576	0	0	0.11550789727561188	0.017351946125956266	-0.4340547724440714	0.5336981515231474	NO	Q06124
356	T	356	-28.598	46.141	3.256	-0.5	0.83754512635379	0	0	1.699545217922385	0.2540019263987237	-0.4859583633686437	1.0787544592724747	NO	Q06124
357	T	357	-31.466	46.952	0.929	0.9	0.907194994786236	1	0	2.9051067248811515	0.04167245822001644	0.006537115214773674	0.8486542796877538	NO	Q06124
358	K	358	-33.438	49.848	-0.524	-0.5	0.925333333333333	0	0	0.48489914665315104	0.48044412358140043	0.08349762305366354	0.5078213057694124	NO	Q06124
359	E	359	-37.093	49.838	0.627	-0.5	0.919323671497584	0	0	0	0.0840397236958484	0.3551924326927996	0.4217356909154158	NO	Q06124
360	V	360	-38.122	49.197	-2.983	-0.5	0.941605839416058	0	0	0	0.08382065725575358	0.8493876014135938	0.14251483151308222	NO	Q06124
361	E	361	-35.741	47.649	-5.526	1.59	0.948529411764706	0	0	1.5025643082971212	0.5300945034538841	0.12802921446963203	0.4325738078934369	NO	Q06124
362	R	362	-36.049	46.526	-9.174	-0.5	0.849382716049383	0	0	0.9869779161596286	1	0.5359487101494963	0.12066312328215767	NO	Q06124
363	G	363	-39.802	47.21	-8.951	-0.5	0.897923875432526	0	0	0	1	1.6600652841957053	0.202681863765354	NO	Q06124
364	K	364	-40.712	45.284	-5.811	0.2	0.871336996336996	1	0	0	0.27535969595511717	1.271731241488933	0.706169168483369	NO	Q06124
365	S	365	-40.997	45.863	-2.042	-0.5	0.854320987654321	0	0	1.1133897526413383	1	0.7828904147397042	0.8054454224354194	NO	Q06124
366	K	366	-37.867	44.713	-0.174	1.59	0.766051660516605	0	0	2.695489806357228	0.12472079504291364	0.5854323870177813	1.0701647466861672	NO	Q06124
367	C	367	-38.33	46.126	3.309	0.2	0.766051660516605	0	0	0.36530350158108377	0.6510528850846861	0.2925598863225051	1.2312632681395588	NO	Q06124
368	V	368	-40.892	48.569	4.681	-0.5	0.826190476190476	1	0	0	0.15043472687237952	0.4449772546357495	1.1135172145982517	NO	Q06124
369	K	369	-39.542	51.672	6.482	-0.5	0.790883190883191	0	0	0	0.15043472687237952	0.2941894093548473	0.49474410528384394	NO	Q06124
370	Y	370	-39.637	50.685	10.134	-0.5	0.826872012745619	0	0	0	0.0840397236958484	-0.1980432716096562	0.35828344242591004	NO	Q06124
371	W	371	-37.77	53.732	11.483	-0.5	0.820769636267791	0	0	0	0.012227745227362844	-0.11336078695760188	-0.2717268468293173	NO	Q06124
372	P	372	-39.051	57.316	12.101	0.2	0.762637362637363	0	0	0	0.0840397236958484	0.23501251119479172	-0.6307429533587062	NO	Q06124
373	D	373	-38.101	60.325	9.944	-0.5	0.817111459968603	1	0	0	0.08382065725575358	0.4160862920848039	-0.718303831810268	NO	Q06124
374	E	374	-35.281	62.458	11.369	-0.5	0.814129301355579	1	0	0	0.043849547926070515	0.22981549491987505	-0.7634194383694949	NO	Q06124
375	Y	375	-35.995	64.158	14.74	-0.5	0.808229813664596	1	0	0	0.08382065725575358	0.27181957175832344	-0.6999233995083609	NO	Q06124
376	A	376	-39.337	62.285	14.862	-0.5	0.758241758241758	0	0	0	0.08382065725575358	0.29107276960019984	-0.7348462208819846	NO	Q06124
377	L	377	-40.619	59.89	17.556	-0.5	0.743374272786038	0	0	0	0.043849547926070515	0.3193790639222603	-0.7872304529424202	NO	Q06124
378	K	378	-42.848	56.965	16.525	-0.5	0.746107266435986	0	0	0	0.023033645024845107	0.20477280548635418	-0.5728937871818398	NO	Q06124
379	E	379	-44.603	54.198	18.417	-0.5	0.777982779827798	0	0	0	0.08382065725575358	-0.048956505052283945	-0.5469813977898167	NO	Q06124
380	Y	380	-44.583	50.635	17.102	-0.5	0.74886042978076806	0	0	0	0.0840397236958484	-0.2809627881767536	0.11570265722582253	NO	Q06124
381	G	381	-46.793	48.83	19.59	-0.5	0.74886042978076806	0	0	0	0.023033645024845107	-0.4163341304956419	0.20550419790085497	NO	Q06124
382	V	382	-45.217	48.954	23.065	-0.5	0.777982779827798	1	0	0.2559996986944245	0.08129459155201217	-0.7095504521175475	-0.3961148094557622	NO	Q06124
383	M	383	-41.953	49.897	21.401	0.2	0.780237802378024	1	0	0.23307561796159207	0.05009715412194236	-0.81315122181963	-0.45804617786011986	NO	Q06124
384	R	384	-41.043	53.508	20.76	-0.5	0.751633986928105	0	0	0.283499869716842	0.13088681558040044	-0.7924500378316945	-0.5607310114620605	NO	Q06124
385	V	385	-38.387	55.012	18.486	0.9	0.751633986928105	1	0	0.10588937667180282	0.009780996340784111	-0.6045328757637153	-0.5467119931677916	NO	Q06124
386	R	386	-36.835	58.433	18.095	-0.5	0.757243195785777	0	0	0	0.023033645024845107	-0.3838430503795545	-0.7348462208819846	NO	Q06124
387	N	387	-34.687	59.188	15.098	-0.5	0.762936753648828	0	0	0	0.0840397236958484	-0.1405426778502044	-0.7348462208819846	NO	Q06124
388	V	388	-32.158	61.481	16.779	-0.5	0.762936753648828	1	0	0	0.043849547926070515	-0.3905148710017668	-0.7106688830079374	NO	Q06124
389	K	389	-29.824	62.095	13.809	-0.5	0.729558270676692	0	0	0	0.043849547926070515	-0.3826693052109736	-0.7474184365764891	NO	Q06124
390	E	390	-29.09	60.927	10.27	-0.5	0.691136079900125	0	0	0.2048376543660258	0.1485936937078406	-0.24479969283502975	-0.682461988821549	NO	Q06124
391	S	391	-25.515	61.125	9.102	-0.5	0.651685393258427	0	0	0.48489914665315104	0.48044412358140043	-0.5307484303357672	-0.6091240639369392	NO	Q06124
392	A	392	-25.248	60.552	5.371	-0.5	0.615113461114783	1	0	0.41301938552659795	0.3203927024656617	-0.8346145377047611	-0.560232114013866	NO	Q06124
393	A	393	-21.976	59.041	4.258	-0.5	0.695131086142322	1	0	0.48489914665315104	0.48044412358140043	-1.8734613361687695	-0.25606221717773275	NO	Q06124
394	H	394	-21.034	58.447	0.646	-0.5	0.738679245283019	1	0	0.48489914665315104	0.48044412358140043	-2.1286102133320584	-0.18593430350584886	NO	Q06124
395	D	395	-21.81	54.72	0.844	0.2	0.743607954545455	0	1	0.48489914665315104	0.48044412358140043	-2.920669511781253	0.20519630690425486	NO	Q06124
396	Y	396	-24.351	54.535	3.623	0.2	0.804821802935011	0	1	0.41301938552659795	0.3203927024656617	-1.7234379095821657	-0.08647909720825044	NO	Q06124
397	T	397	-26.598	56.564	5.923	-0.5	0.846528084918178	1	0	0.3170987833974693	0.2079973713644796	-0.7587875562331594	-0.13936910806099367	NO	Q06124
398	L	398	-26.312	56.103	9.693	-0.5	0.838510685172946	0	0	0.283499869716842	0.13088681558040044	-0.968138709987905	-0.3812526544740444	NO	Q06124
399	R	399	-29.403	56.77	11.919	0.2	0.719320066334992	0	0	0.11550789727561188	0.017351946125956266	-0.4479707196905284	-0.49449503848704485	NO	Q06124
400	E	400	-29.091	57.279	15.672	-0.5	0.718711276332094	0	0	0	0.0019662608675608943	-0.6500002110977174	-0.5919801334444329	NO	Q06124
401	L	401	-32.321	55.896	17.231	0.2	0.691395961369623	0	0	0	0.003574843680211885	-0.5980037828351371	-0.5734461545336155	NO	Q06124
402	K	402	-33.389	55.913	20.891	-0.5	0.691395961369623	0	0	0.2136729672583057	0.030749155564563733	-0.867566123669	-0.6074251158701143	NO	Q06124
403	L	403	-35.572	52.894	21.656	-0.5	0.727695167286245	0	0	0.18261811086408777	0.018717516274449664	-1.056658821975787	-0.6091240639369392	NO	Q06124
404	S	404	-37.748	52.244	24.7	-0.5	0.697744360902256	0	0	0.23307561796159207	0.05009715412194236	-1.1351885391469712	-0.6562698727913312	NO	Q06124
405	K	405	-40.862	50.657	26.093	-0.5	0.692537313432836	0	0	0.23307561796159207	0.05009715412194236	-0.990043152749494	-0.5552431395319197	NO	Q06124
406	V	406	-44.058	52.658	26.451	-0.5	0.687407407407407	1	0	0.35907912996005037	0.3241189087683879	-0.7542121328764559	-0.7977072993545072	NO	Q06124
407	G	407	-44.661	52.976	30.197	-0.5	0.646840148698885	0	0	0.48489914665315104	0.48044412358140043	-1.0185890507527664	-0.8695485318945332	NO	Q06124
408	Q	408	-41.127	52.692	31.597	-0.5	0.651685393258427	0	0	0.48489914665315104	0.48044412358140043	-1.1743324194727127	-0.8557329102522205	NO	Q06124
409	G	409	-38.96	55.65	30.537	-0.5	0.608239700374532	1	1	0.41301938552659795	0.3203927024656617	-1.3204092735911968	-0.8815220706512042	NO	Q06124
410	N	410	-35.7	54.057	31.727	0.2	0.558102345415778	0	0	0.48489914665315104	0.48044412358140043	-1.8867986959362548	-0.9524422617484092	NO	Q06124
411	T	411	-35.609	51.36	29.036	-0.5	0.520446096654275	2	1	0.283499869716842	0.13088681558040044	-1.3902196257503043	-0.7348462208819846	NO	Q06124
412	E	412	-34.153	53.887	26.593	-0.5	0.491573033707865	0	0	0.283499869716842	0.13088681558040044	-1.3908322355439118	-0.7062730033944742	NO	Q06124
413	R	413	-31.214	52.536	24.569	-0.5	0.491573033707865	1	0	0.18261811086408777	0.018717516274449664	-1.5353247471745066	-0.5624851992637772	NO	Q06124
414	T	414	-29.49	54.085	21.577	-0.5	0.539766468385107	1	0	0.11550789727561188	0.017351946125956266	-1.6096902014995316	-0.5384053506553511	NO	Q06124
415	V	415	-29.742	51.84	18.543	0.2	0.556107249255214	0	0	0	0.0010490322385850934	-1.1855063421836995	-0.3438809767236117	NO	Q06124
416	W	416	-27.449	52.678	15.663	-0.5	0.562474889513861	0	0	0	0.0010913641852939708	-1.2448946880189473	-0.38911028928310976	NO	Q06124
417	Q	417	-28.89	51.875	12.229	0.2	0.56140350877193	0	0	0.12693325797114435	0.030782937527751412	-0.7850414459007641	-0.14320025638810815	NO	Q06124
418	Y	418	-26.387	51.596	9.401	0.2	0.557182429758607	0	0	0.23307561796159207	0.05009715412194236	-1.3160231353984233	-0.12967144799146116	NO	Q06124
419	H	419	-28.501	51.656	6.211	0.2	0.529323308270677	0	0	0.2559996986944245	0.08129459155201217	-0.6896178247431823	0.1438618546232077	NO	Q06124
420	F	420	-26.202	50.633	3.306	0.2	0.527340823970038	0	0	0.5432756616737341	0.5332801847610208	-1.301002282574012	0.3080651852818379	NO	Q06124
421	R	421	-27.209	52.386	0.104	-0.5	0.502229356161941	2	0	0.6248439427214985	0.7442469699321755	-1.0956262022986794	0.20550419790085497	NO	Q06124
422	T	422	-24.817	51.44	-2.71	2.99	0.461423220973783	0	0	0.7308623038805009	0.7669550180318188	-2.691660136515852	0.8546410490660894	NO	Q06124
423	W	423	-25.439	47.762	-3.55	1.59	0.485271013354281	0	0	2.14396270056907	0.23341730782850917	-2.4553126773781124	1.0111523056711458	NO	Q06124
424	P	424	-26.353	46.916	-7.202	-0.5	0.481676413255361	0	1	2.614008363569212	0.07024522123625321	-2.3897690172704067	0.8007601246610698	NO	Q06124
425	D	425	-29.822	45.499	-7.866	1.59	0.432234432234432	0	0	2.614008363569212	0.07024522123625321	-0.8838528307279422	0.45520379614354506	NO	Q06124
426	H	426	-28.028	42.878	-9.965	-0.5	0.432234432234432	0	0	6.192912299682177	1.9240175050535207e-4	-1.9316345437339277	0.6818799898626936	YES	Q06124
427	G	427	-25.124	40.897	-8.507	0.2	0.343552311435523	0	0	5.1476424246421395	6.0937088885243786e-5	-1.049992579282779	0.5306903060383797	YES	Q06124
428	V	428	-22.218	42.235	-6.441	-0.5	0.340794223826715	1	1	4.369423992972494	0.001003961657279421	-1.3810173671860306	0.9107670119879846	YES	Q06124
429	P	429	-20.254	45.497	-6.116	0.2	0.274626095925735	0	0	2.3721700266228045	0.0944128972176117	-2.490034580418326	0.8546410490660894	NO	Q06124
430	S	430	-17.04	46.137	-8.049	2.29	0.316964285714286	1	0	1.820050599067747	0.35874160699116325	-2.712794887004322	1.019875883908149	NO	Q06124
431	D	431	-14.659	47.019	-5.204	2.29	0.316964285714286	0	0	0.7361414246692541	1	-2.1230947553418154	0.7500027321056166	NO	Q06124
432	P	432	-14.97	45.487	-1.714	3.69	0.316964285714286	0	0	1.7460308449933706	0.2942033914379132	-1.56143357609421	0.5290380435217782	NO	Q06124
433	G	433	-13.509	48.614	-0.124	1.59	0.318996415770609	0	0	0.29045904283902046	0.40623820960062185	-1.9259834568721503	0.5062110712469634	NO	Q06124
434	G	434	-16.894	50.255	0.33	-0.5	0.393713813068652	0	0	0.7335280082562144	0.7435603846165573	-3.385737165257359	0.5907626756979172	NO	Q06124
435	V	435	-18.416	47.301	2.181	0.2	0.393713813068652	0	0	0.6575910769254004	0.6007070957051043	-1.9694073050385876	0.4809790285987593	NO	Q06124
436	L	436	-15.234	47.027	4.223	-0.5	0.393713813068652	0	0	0.840570544293081	0.9999999999999999	-1.2709444222368362	0.13468926868282938	NO	Q06124
437	D	437	-15.144	50.633	5.373	-0.5	0.36896197327852	0	0	0.7361414246692541	1	-2.4002471450928513	0.205997612959509	NO	Q06124
438	F	438	-18.805	50.256	6.265	0.2	0.496277915632754	0	0	0.48489914665315104	0.48044412358140043	-2.3851608324343405	0.20638617731819903	NO	Q06124
439	L	439	-18.209	47.159	8.413	-0.5	0.429761904761905	0	0	0.9867174244648435	1	-1.605751163516822	0.018588705381537462	NO	Q06124
440	E	440	-15.266	48.638	10.319	-0.5	0.429761904761905	0	0	0	0.27535969595511717	-2.5828032980473403	-0.3165207105707918	NO	Q06124
441	E	441	-17.488	51.528	11.375	-0.5	0.53470165044435	0	0	0.7361414246692541	1	-2.5760844882302742	-0.3972589476036219	NO	Q06124
442	V	442	-20.185	49.053	12.355	0.9	0.566546762589928	0	0	0.15722644263647736	0.05308195575506178	-1.906396176220139	-0.24592672165125246	NO	Q06124
443	H	443	-17.673	46.851	14.124	0.2	0.602150537634409	1	0	0	0.023033645024845107	-1.8879992508321273	-0.3666599041143516	NO	Q06124
444	H	444	-16.393	49.754	16.214	-0.5	0.558067831449126	0	0	0	0.08382065725575358	-2.68800462825344	-0.6300777567611134	NO	Q06124
445	K	445	-19.86	50.87	17.179	0.2	0.502638156067759	0	0	0	0.043849547926070515	-2.3647209602625776	-0.5103423691944035	NO	Q06124
446	Q	446	-20.795	47.378	18.378	-0.5	0.478677685950413	0	0	0	0.0019662608675608943	-2.051046749597483	-0.32529677022767	NO	Q06124
447	E	447	-17.511	47.151	20.182	-0.5	0.482184482184482	0	0	0	0.043849547926070515	-2.129578539233488	-0.5776935247006778	NO	Q06124
448	S	448	-17.839	50.495	21.948	-0.5	0.482184482184482	0	0	0	0.15043472687237952	-2.9452354214289964	-0.7138925280578103	NO	Q06124
449	I	449	-21.222	49.564	23.43	-0.5	0.478677685950413	1	0	0	0.012227745227362844	-2.3641315556102036	-0.5348336984694123	NO	Q06124
450	M	450	-20.416	47.148	26.262	-0.5	0.52463768115942	0	0	0	0.0840397236958484	-2.1546787583370297	-0.5776935247006778	NO	Q06124
451	D	451	-23.915	45.608	26.675	-0.5	0.528467153284672	0	0	0	0.00657125149388215	-2.052453306312157	-0.5702100629777584	NO	Q06124
452	A	452	-24.614	45.206	22.951	-0.5	0.589336589336589	0	0	0	0.0010490322385850934	-1.9264033372253893	-0.31915199227336666	NO	Q06124
453	G	453	-26.442	41.983	22.006	0.2	0.731313131313131	1	0	0	2.74696910251987e-4	-1.074809671668298	-0.21100390027762875	NO	Q06124
454	P	454	-26.378	40.377	18.498	0.9	0.72866344605475	0	0	0.13212445222283836	0.0012319392243103444	-0.479106761091653	0.17537298498571588	NO	Q06124
455	V	455	-26.013	42.618	15.443	-0.5	0.78695652173913	0	0	0.14009967178893262	0.0021162882014205725	-0.7508505235748023	0.31430326815334103	NO	Q06124
456	V	456	-29.112	42.661	13.253	0.9	0.784115523465704	2	0	0.18261811086408777	0.018717516274449664	-0.53917633565569	0.5546656897899171	NO	Q06124
457	V	457	-28.547	42.27	9.51	0.9	0.775714285714286	0	0	0.665062605571117	0.4754143637355105	-0.14526282079145772	1.0617577939421214	NO	Q06124
458	H	458	-31.285	42.192	6.886	2.99	0.778494623655914	0	0	1.2816018354980026	0.6631159428657403	0.2535786940181799	1.2048670576987157	NO	Q06124
459	C	459	-31.991	42.398	3.174	0.9	0.781294964028777	0	0	1.439353787331582	0.4225129069207059	0.1513079841304781	1.297011247260923	NO	Q06124
460	S	460	-35.016	41.071	1.256	0.9	0.705767350928641	0	0	5.277798937596294	1.39548848522579e-4	0.5292422307574144	1.4297985357704637	NO	Q06124
461	A	461	-35.272	37.434	2.295	0.2	0.754778972520908	0	1	5.997108713814489	4.16856644410442e-7	0.6052974555745803	1.7058034780729183	NO	Q06124
462	G	462	-32.354	37.854	4.714	2.99	0.754778972520908	0	0	4.472658287290925	7.654770896369531e-6	0.6898248115504927	1.6961563198083722	NO	Q06124
463	I	463	-30.113	35.147	3.304	4.39	0.796250344637442	0	0	6.674547358347063	3.4704125648167154e-010	0.9729350535956492	1.2102551501392176	NO	Q06124
464	G	464	-28.192	36.627	0.399	4.39	0.801999444598723	0	1	6.5243982267711855	1.7978852990701556e-9	0.7665157017200261	0.6156908625742639	NO	Q06124
465	R	465	-26.68	40.025	1.056	1.59	0.744713769984528	0	0	3.724526237264973	4.4930663817830676e-4	-0.32291292718916154	0.7792858431953013	YES	Q06124
466	T	466	-27.349	39.316	4.728	0.9	0.744713769984528	0	0	3.318429495987608	3.9217916721281633e-4	0.665973660915297	1.0799257837160618	NO	Q06124
467	G	467	-25.237	36.152	4.769	0.2	0.744090441932169	0	0	3.892049183211235	2.686814569053064e-5	1.1518952827958324	0.5834403962274914	NO	Q06124
468	T	468	-22.637	37.807	2.589	0.2	0.746145940390545	1	2	3.1599069148226318	0.002489924821828032	0.37974382661876527	0.6510908902026824	NO	Q06124
469	F	469	-21.951	40.62	5.105	0.2	0.703099059214167	0	0	1.1205495294734813	0.8197812729745353	-0.32348214053313873	0.8593107291811909	NO	Q06124
470	I	470	-22.148	38.321	8.12	-0.5	0.833935018050542	1	0	1.0956638016928113	0.8357331068129076	0.5136793272018761	0.5834403962274914	NO	Q06124
471	V	471	-19.583	35.918	6.705	-0.5	0.843065693430657	0	0	1.681819455657852	0.22824673786720034	1.3516605783251459	0.29256504220463636	NO	Q06124
472	I	472	-17.299	38.715	5.637	0.2	0.736670736670737	0	0	1.5407647353799727	0.3829565682701142	0.6956874788625448	0.007241056150783387	NO	Q06124
473	D	473	-17.666	40.248	9.084	0.9	0.736670736670737	0	0	0.41301938552659795	0.3203927024656617	-0.15894884113418128	-0.20052705386554165	NO	Q06124
474	I	474	-16.899	36.97	10.784	-0.5	0.733982157339822	0	0	0.283499869716842	0.13088681558040044	0.9585896363253252	-0.3157723643984999	NO	Q06124
475	L	475	-13.754	36.381	8.766	0.2	0.787636363636364	0	0	1.518254139568483	0.4395310125447461	1.2522272134418713	-0.43665905376873587	NO	Q06124
476	I	476	-12.351	39.87	9.232	-0.5	0.826357096141269	1	0	0.2048376543660258	0.1485936937078406	0.5701438351401582	-0.51979516294967	NO	Q06124
477	D	477	-13.026	39.463	12.9	-0.5	0.826357096141269	0	0	0	0.0840397236958484	0.09329219897458774	-0.4991171766100244	NO	Q06124
478	I	478	-10.842	36.358	13.042	-0.5	0.829340334755497	1	0	0.29045904283902046	0.40623820960062185	1.38529152080338	-0.5552431395319197	NO	Q06124
479	I	479	-7.962	38.098	11.265	0.2	0.835371900826446	0	0	0.36530350158108377	0.6510528850846861	1.2302254521813987	-0.5835139949296151	NO	Q06124
480	R	480	-8.532	41.135	13.506	-0.5	0.875151515151515	1	0	0.29045904283902046	0.40623820960062185	0.794827347808061	-0.5776935247006778	NO	Q06124
481	E	481	-8.018	39.089	16.646	0.2	0.878345498783455	0	0	0.36530350158108377	0.6510528850846861	1.4124006447899908	-0.7977072993545072	NO	Q06124
482	K	482	-5.188	36.887	15.286	-0.5	0.879901960784314	0	0	0.4899025778462648	0.65013460320333	1.263196771857555	-0.6793805634062293	NO	Q06124
483	G	483	-3.484	39.06	12.663	-0.5	0.847723704866562	0	0	0.29045904283902046	0.40623820960062185	1.182008203088583	-0.7498131443278233	NO	Q06124
484	V	484	-2.422	38.048	9.151	-0.5	0.841558441558442	0	0	0.41301938552659795	0.3203927024656617	1.2654918933674417	-0.7890368057720903	NO	Q06124
485	D	485	-0.629	34.751	9.989	-0.5	0.841558441558442	0	0	0.7361414246692541	1	1.0639040969225801	-0.7697690422556083	NO	Q06124
486	C	486	-3.861	33.009	11.04	-0.5	0.797556234379339	0	0	0.48489914665315104	0.48044412358140043	1.0865099021100193	-0.7211807690401318	NO	Q06124
487	D	487	-6.02	30.247	9.562	-0.5	0.797556234379339	0	1	0.48489914665315104	0.48044412358140043	1.1371234516498665	-0.7474184365764891	NO	Q06124
488	I	488	-9.203	31.068	7.639	0.9	0.827852004110997	0	0	1.0390469617715243	1	1.2321342622462572	-0.6999233995083609	NO	Q06124
489	D	489	-11.499	28.736	5.691	0.2	0.885341726618705	0	0	1.0390469617715243	1	1.0491686011200065	-0.2639493919672833	NO	Q06124
490	V	490	-14.247	30.436	3.654	-0.5	0.8860559566787	1	0	1.3223213584555957	0.5426209440584713	1.0837326050565448	-0.07847859631174757	NO	Q06124
491	P	491	-16.313	27.39	2.669	-0.5	0.943236714975845	1	5	1.3029610047860165	0.5337877884019389	0.4038731183361403	0.46991234322673986	NO	Q06124
492	K	492	-16.034	25.88	6.134	-0.5	0.861313868613139	0	0	1.3811744820987286	0.4940973593879742	0.722678403428492	0.4217356909154158	NO	Q06124
493	T	493	-17.304	29.245	7.449	-0.5	0.858181818181818	0	0	1.3029610047860165	0.5337877884019389	1.7092230978649274	-0.17657997635219966	NO	Q06124
494	I	494	-20.21	29.476	4.995	0.9	0.830552659019812	0	0	3.724526237264973	4.4930663817830676e-4	1.334802834385323	0.4917611869747083	NO	Q06124
495	Q	495	-21.376	25.939	5.663	-0.5	0.85958485958486	1	0	2.672193163199962	0.009587386873346414	1.2340508276857562	0.3958368139809237	NO	Q06124
496	M	496	-21.091	26.775	9.356	-0.5	0.819875776397516	0	0	2.065334150247181	0.060158391703285394	1.755512458648908	0.039243059736794934	NO	Q06124
497	V	497	-23.498	29.699	8.883	0.2	0.822857142857143	0	0	2.482217933913837	0.007526258047864654	1.400884517932819	0.32897349389516783	NO	Q06124
498	R	498	-25.769	27.867	6.484	-0.5	0.828885400313972	1	2	3.584997775591961	7.35887250321533e-5	1.2876026720031635	0.9644913057988034	NO	Q06124
499	S	499	-26.533	25.381	9.242	-0.5	0.89010989010989	1	1	2.5405680167948463	0.009277813286134464	1.270191614640602	0.7823144027926848	NO	Q06124
500	Q	500	-27.998	28.266	11.251	-0.5	0.886861313868613	0	0	1.7000120399203398	0.13190717575995925	0.9351415105320815	1.0845329931941723	NO	Q06124
501	R	501	-30.116	29.898	8.567	-0.5	0.912408759124088	0	1	2.6367355096601814	0.0019313318496815852	0.8895652514780436	1.4607059150686486	NO	Q06124
502	S	502	-31.083	28.408	5.181	-0.5	0.915015641293014	0	3	4.793367554654266	5.2878418045356695e-8	0.9619211822145212	1.3621077946061744	NO	Q06124
503	G	503	-28.908	29.027	2.145	-0.5	0.915015641293014	1	3	7.321496598586111	6.736991007351455e-12	0.6503930251363342	1.1730623453763085	NO	Q06124
504	M	504	-26.767	31.918	3.393	-0.5	0.915015641293014	2	1	6.778579523496767	1.1221323559064067e-10	1.1637269000246135	1.0511048278490174	NO	Q06124
505	V	505	-24.622	33.244	0.484	0.9	0.918367346938776	0	0	5.592912189863788	1.214544488629646e-8	0.8307413739612415	0.5390527775509754	NO	Q06124
507	T	507	-24.358	32.857	-5.422	0.9	0.896678966789668	0	1	5.7358123648840476	9.003168312729135e-7	-0.13504445039927815	0.5423069100353668	YES	Q06124
508	E	508	-20.862	32.167	-6.852	-0.5	0.928571428571428	0	0	4.296937555303039	3.2407656753248376e-4	-0.5550232313328083	0.5476830554859785	YES	Q06124
509	A	509	-20.59	35.92	-7.278	-0.5	0.928571428571428	0	0	3.302222682891682	0.00801459876759068	-0.7646640539924268	0.34020650891340354	YES	Q06124
510	Q	510	-21.174	36.49	-3.564	0.2	0.867410161090458	1	4	2.980668462117107	0.004305856658373375	-0.26921706637502957	0.6888535893583371	YES	Q06124
511	Y	511	-18.668	33.696	-2.982	-0.5	0.861728395061728	0	0	2.7099408456135845	0.015233674746914115	0.2839260736091819	0.4200892034581275	NO	Q06124
512	R	512	-15.978	35.32	-5.166	-0.5	0.906446711525939	0	0	2.2939030322097618	0.07092665872375777	-0.40930389999860656	0.20595697877820804	NO	Q06124
513	F	513	-16.754	38.644	-3.548	0.9	0.906446711525939	0	0	2.1519713926030755	0.14376194681283166	-0.45726856742192235	0.3958368139809237	NO	Q06124
514	I	514	-16.232	37.283	-0.055	-0.5	0.935539215686275	0	0	2.016543179963533	0.13176817057117696	0.06732141272985473	0.4567204443860567	NO	Q06124
515	Y	515	-12.739	36.213	-1.132	0.2	0.907901622187337	0	0	1.6920175266603978	0.2673237736476833	0.9680897815596274	-0.14403561955717822	NO	Q06124
516	M	516	-12.08	39.601	-2.8	-0.5	0.907901622187337	2	0	1.0390469617715243	1	-0.19554077339886325	0.021071453859023658	NO	Q06124
517	A	517	-13.065	41.479	0.322	0.9	0.938991389913899	0	0	0.9383643318467421	0.9999999999999999	-0.5628406114130033	0.03623349458984789	NO	Q06124
518	V	518	-10.87	39.473	2.716	0.2	0.932843137254902	0	0	0.283499869716842	0.13088681558040044	0.6183539722347788	-0.193179655083039	NO	Q06124
519	Q	519	-7.988	39.796	0.272	-0.5	0.905285190999477	0	0	0.14056615542919915	0.054373485083794686	0.7099679152370908	-0.23511278236876357	NO	Q06124
520	H	520	-8.587	43.517	0.196	-0.5	0.838787878787879	0	0	0	0.012227745227362844	-0.15259300013434055	-0.14060775000133896	NO	Q06124
521	Y	521	-8.704	43.695	3.992	-0.5	0.774265734265734	0	0	0	0.00657125149388215	-0.23082946104619148	-0.26909174370526234	NO	Q06124
522	I	522	-5.185	42.279	4.195	-0.5	0.807090719499479	1	0	0	0.012227745227362844	0.70226778633344	-0.44197732532566913	NO	Q06124
523	E	523	-3.253	44.688	1.988	-0.5	0.867892976588629	1	0	0	0.043849547926070515	1.0432174732180517	-0.6728831578162121	NO	Q06124
524	T	524	-4.802	47.61	3.817	-0.5	0.861649142224682	0	0	0	0.08382065725575358	-0.09294022220190153	-0.16381407106016072	NO	Q06124
525	L	525	-3.544	46.076	7.076	-0.5	0.805900621118012	0	0	0	0.043849547926070515	1.4593859396503233	-0.9094603277501031	NO	Q06124
526	Q	526	-0.097	46.054	5.51	-0.5	0.766453762843655	1	0	0	0.08382065725575358	1.319253582747659	-1.049151613244598	NO	Q06124
527	R	527	-0.439	49.798	4.981	-0.5	0.830917874396135	2	0	0	0.08382065725575358	1.341818507005384	-1.049151613244598	NO	Q06124
528	R	528	1.016	50.197	8.49	-0.5	0.830917874396135	0	0	0	0.08382065725575358	1.4044872271022024	-1.049151613244598	NO	Q06124
