Uniprot_position	aminoacid	Position_in_structure	x	y	z	paraz	mtr	gscount	pscount	OR	pvalue	mtr3dscore	paraz3dscore	HotSpot3D	Uniprot
146	S	146	119.42	158.689	190.938	NA	0.352525252525253	0	0	0	1	-1.2438195019445317	Inf	NO	P62195
147	T	147	116.467	160.273	192.738	NA	0.390671641791045	0	0	0	1	-1.2427863649411055	Inf	NO	P62195
148	Y	148	115.91	160.804	196.474	NA	0.432465923172243	0	0	0	1	-0.8474688432991432	Inf	NO	P62195
149	E	149	114.922	157.125	196.791	NA	0.486524163568773	0	0	0	1	-0.6511832533420779	Inf	NO	P62195
150	M	150	118.631	156.182	196.82	NA	0.486940298507463	0	0	0	1	-0.7017049418202028	Inf	NO	P62195
151	I	151	119.225	158.132	200.061	NA	0.486524163568773	1	0	0	1	-0.6804499943082961	Inf	NO	P62195
152	G	152	117.692	158.3	203.521	NA	0.486524163568773	0	0	0	1	-0.43998581539765796	Inf	NO	P62195
153	G	153	118.142	160.172	206.784	NA	0.486940298507463	0	0	0	1	-0.2610130374373199	Inf	NO	P62195
154	L	154	119.486	163.379	205.201	NA	0.486940298507463	0	0	0	1	-0.4725535533410219	Inf	NO	P62195
155	D	155	116.382	165.573	205.338	NA	0.484317343173432	0	0	0	1	-0.48248153414779915	Inf	NO	P62195
156	K	156	118.424	168.354	206.955	NA	0.427696078431373	0	0	0	1	-0.3129203108842609	Inf	NO	P62195
157	Q	157	121.045	168.313	204.191	NA	0.349369608493696	1	0	0	1	-0.7529976042139325	Inf	NO	P62195
158	I	158	118.486	168.473	201.38	NA	0.349369608493696	0	0	0	1	-0.9082631464995349	Inf	NO	P62195
159	K	159	116.375	171.054	203.233	NA	0.353237168735324	0	0	0	1	-0.7785763319696049	Inf	NO	P62195
160	E	160	119.488	173.193	203.726	NA	0.326208178438662	0	0	0	1	-0.6629400205458061	Inf	NO	P62195
161	I	161	120.754	172.474	200.196	NA	0.237242311591754	0	0	0	1	-0.991408765130319	Inf	NO	P62195
162	K	162	117.536	173.53	198.427	NA	0.237242311591754	0	0	0	1	-1.3685491757614099	Inf	NO	P62195
163	E	163	118.466	177.184	199.026	NA	0.238805970149254	0	0	0	1	-1.387979754496505	Inf	NO	P62195
164	V	164	122.215	176.782	198.487	NA	0.260966542750929	0	0	0	1	-0.9710503741390712	Inf	NO	P62195
165	I	165	121.729	174.973	195.159	NA	0.261194029850746	0	0	0	1	-1.1225769910850822	Inf	NO	P62195
166	E	166	118.051	174.672	194.213	NA	0.263157894736842	0	0	0	1	-1.4418177029396795	Inf	NO	P62195
167	L	167	117.232	178.338	194.914	NA	0.146483562213899	0	0	0	1	-1.60335868382849	Inf	NO	P62195
168	P	168	118.223	179.812	191.495	NA	0.14703425229741	0	0	0	1	-1.5727225415173087	Inf	NO	P62195
169	V	169	116.631	176.84	189.682	NA	0.132330827067669	0	0	0	1	-1.475198065587189	Inf	NO	P62195
170	K	170	112.882	177.439	189.885	NA	0.133333333333333	0	0	0	1	-1.8403999709618732	Inf	NO	P62195
171	H	171	113.013	181.268	189.861	NA	0.134865900383142	0	0	0	1	-1.904158803590568	Inf	NO	P62195
172	P	172	116.366	182.695	188.719	NA	0.135384615384615	0	0	0	1	-1.7258818529290578	Inf	NO	P62195
173	E	173	114.851	186.2	188.547	NA	0	0	0	0	1	-2.073894330368748	Inf	NO	P62195
174	L	174	115.59	186.872	192.236	NA	0.112707535121328	0	0	0	1	-2.073525286283908	Inf	NO	P62195
175	F	175	119.324	187.174	191.412	NA	0.122484385843164	0	0	0	1	-1.8168921209368885	Inf	NO	P62195
176	E	176	118.737	190.882	190.684	NA	0.122605363984674	0	0	0	1	-2.1020611649188385	Inf	NO	P62195
177	A	177	116.149	191.926	193.301	NA	0.113141025641026	0	0	0	1	-2.1239845443496606	Inf	NO	P62195
178	L	178	117.626	190.04	196.271	NA	0.114341085271318	0	0	0	1	-2.08738495592903	Inf	NO	P62195
179	G	179	121.257	190.739	195.358	NA	0.105656988925471	0	0	0	1	-2.1138574251081743	Inf	NO	P62195
180	I	180	122.401	187.329	196.595	NA	0.106370192307692	0	0	0	1	-1.8602821815509565	Inf	NO	P62195
181	A	181	126.002	186.409	195.827	NA	0.116469816272966	0	0	0	1	-1.4541539226228952	Inf	NO	P62195
182	Q	182	126.865	183.808	193.207	NA	0.116930171277997	0	0	0	1	-1.0315554324581737	Inf	NO	P62195
183	P	183	126.473	180.304	194.712	NA	0.108669108669109	0	0	0	1	-0.9341317125031438	Inf	NO	P62195
184	K	184	130.068	179.122	194.289	NA	0.109408519767086	0	0	0	1	-0.3625468315410796	Inf	NO	P62195
185	G	185	129.341	175.471	195.041	NA	0.108543630282761	0	0	0	1	-0.4330633864530119	Inf	NO	P62195
186	V	186	129.093	173.814	198.437	NA	0.108116293155663	0	0	0	1	-0.5302927011851251	Inf	NO	P62195
187	L	187	131.542	171.737	200.47	NA	0.117918313570487	0	0	0	1	-0.10755243671084708	Inf	NO	P62195
188	L	188	131.128	169.135	203.204	NA	0.13984375	0	0	0	1	-0.2172811066441441	Inf	NO	P62195
189	Y	189	133.384	167.686	205.886	NA	0.138910505836576	1	0	0	1	0.03606669937715633	Inf	NO	P62195
190	G	190	133.197	164.462	207.856	NA	0.138910505836576	0	0	0	1	-0.11699742009129696	Inf	NO	P62195
191	P	191	133.504	160.758	207.034	NA	0.154177433247201	0	0	0	1	-0.002251272564881768	Inf	NO	P62195
192	P	192	131.073	160.107	204.156	NA	0.126636009904492	0	0	0	1	-0.31945636594804483	Inf	NO	P62195
193	G	193	129.21	156.896	204.868	NA	0.126636009904492	0	0	0	1	-0.21311659213433637	Inf	NO	P62195
194	T	194	126.718	157.193	202.013	NA	0.127485795454545	0	0	0	1	-0.3123576671799846	Inf	NO	P62195
195	G	195	125.77	160.254	199.997	NA	0.127485795454545	0	0	0	1	-0.7434445173631387	Inf	NO	P62195
196	K	196	129.132	161.492	198.749	NA	0.128489620615605	0	0	0	1	-0.620465234224272	Inf	NO	P62195
197	T	197	128.207	161.114	195.059	NA	0.129356809198706	0	0	0	1	-0.6878807233359246	Inf	NO	P62195
198	L	198	124.425	160.629	195.286	NA	0.128489620615605	0	0	0	1	-0.9366210114086942	Inf	NO	P62195
199	L	199	124.09	164.176	196.659	NA	0.117782152230971	0	0	0	1	-0.9249390479800136	Inf	NO	P62195
200	A	200	125.483	165.915	193.576	NA	0.128489620615605	0	0	0	1	-0.951259020952676	Inf	NO	P62195
201	R	201	123.864	163.193	191.453	NA	0.11745406824147	0	0	0	1	-0.9973321778125145	Inf	NO	P62195
202	A	202	120.519	163.413	193.275	NA	0.233333333333333	0	0	0	1	-1.1735314853989585	Inf	NO	P62195
203	V	203	120.359	167.216	193.254	NA	0.233072916666667	0	0	0	1	-1.133663125793263	Inf	NO	P62195
204	A	204	121.782	167.309	189.729	NA	0.253272019808985	0	0	0	1	-0.953055528760553	Inf	NO	P62195
205	H	205	119.255	164.598	188.843	NA	0.140234375	0	0	0	1	-1.2453813120827257	Inf	NO	P62195
206	H	206	116.368	166.648	190.246	NA	0.139147286821705	0	0	0	1	-1.392021684629015	Inf	NO	P62195
207	T	207	117.794	169.686	188.414	NA	0.139147286821705	1	0	0	1	-1.366437362500141	Inf	NO	P62195
208	D	208	117.661	167.818	185.059	NA	0.154011154011154	0	0	0	1	-1.3789608769489987	Inf	NO	P62195
209	C	209	121.231	168.96	184.344	NA	0.152991452991453	0	0	0	1	-1.1155156248084006	Inf	NO	P62195
210	T	210	124.331	167.123	183.18	NA	0.304182509505703	0	0	0	1	-1.0241163333982068	Inf	NO	P62195
211	F	211	126.946	165.571	185.488	NA	0.303872053872054	0	0	0	1	-0.9677390159075719	Inf	NO	P62195
212	I	212	130.438	166.242	184.119	NA	0.272452830188679	0	0	0	1	-0.6674475396889474	Inf	NO	P62195
213	R	213	133.563	164.879	185.817	NA	0.270676691729323	0	0	0	1	-0.4670939231398451	Inf	NO	P62195
214	V	214	137.095	166.254	185.565	NA	0.30188679245283	0	0	0	1	-0.23594728205892684	Inf	NO	P62195
215	S	215	138.8	162.963	186.522	NA	0.299625468164794	0	0	0	1	-0.0696224918092739	Inf	NO	P62195
228	A	228	148.091	171.06	177.721	NA	0.392391304347826	0	0	0	1	-0.5160828123394545	Inf	NO	P62195
229	R	229	146.133	172.093	180.811	NA	0.356719367588933	1	0	0	1	-0.26779549142109454	Inf	NO	P62195
230	M	230	143.233	169.801	179.77	NA	0.392391304347826	0	0	0	1	-0.6116212771224631	Inf	NO	P62195
231	V	231	140.673	171.806	181.789	NA	0.390974729241877	0	0	0	1	-0.3577494520066493	Inf	NO	P62195
232	R	232	139.615	174.472	179.265	NA	0.434416365824308	0	0	0	1	-0.4830203334323649	Inf	NO	P62195
233	E	233	137.668	172.029	177.079	NA	0.326992753623188	0	0	0	1	-0.8213259378638478	Inf	NO	P62195
234	L	234	135.555	171.023	180.084	NA	0.289610910549539	0	0	0	1	-0.6311312904298519	Inf	NO	P62195
235	F	235	134.659	174.699	180.516	NA	0.325812274368231	0	0	0	1	-0.48295704685226565	Inf	NO	P62195
236	V	236	133.849	174.907	176.799	NA	0.289610910549539	0	0	0	1	-0.7792748292733066	Inf	NO	P62195
237	M	237	131.432	172.004	177.236	NA	0.289855072463768	0	0	0	1	-0.8203284017478679	Inf	NO	P62195
238	A	238	130.219	173.789	180.38	NA	0.290909090909091	0	0	0	1	-0.6497941914150799	Inf	NO	P62195
239	R	239	129.63	176.795	178.083	NA	0.264468864468864	0	0	0	1	-0.613201996108239	Inf	NO	P62195
240	E	240	127.741	175.086	175.253	NA	0.261818181818182	0	0	0	1	-0.8908368898748206	Inf	NO	P62195
241	H	241	125.784	173.222	177.944	NA	0.145454545454545	0	0	0	1	-0.7860547689866778	Inf	NO	P62195
242	A	242	124.48	175.985	180.203	NA	0.263503649635037	1	0	0	1	-0.7075366973184575	Inf	NO	P62195
243	P	243	124.067	173.816	183.35	NA	0.29466829466829503	0	0	0	1	-0.9019556917990202	Inf	NO	P62195
244	S	244	126.807	171.609	184.757	NA	0.401111111111111	0	0	0	1	-0.8335896598866285	Inf	NO	P62195
245	I	245	127.735	169.886	188.023	NA	0.402602230483271	0	0	0	1	-0.9041535467756542	Inf	NO	P62195
246	I	246	131.376	168.994	188.716	NA	0.399630996309963	0	0	0	1	-0.5205726443793149	Inf	NO	P62195
247	F	247	132.351	166.321	191.237	NA	0.55453431372549	0	0	0	1	-0.4702674775407353	Inf	NO	P62195
248	M	248	135.45	164.197	191.8	NA	0.601065601065601	0	0	0	1	-0.10687250019506703	Inf	NO	P62195
249	D	249	136.039	160.653	193.047	NA	0.661172161172161	0	0	0	1	-0.07749351602498916	Inf	NO	P62195
250	E	250	138.816	158.038	193.344	NA	0.658759124087591	0	0	0	1	0.18551859094999873	Inf	NO	P62195
251	I	251	140.304	160.185	196.121	NA	0.666051660516605	0	0	0	1	0.4902478425847163	Inf	NO	P62195
252	D	252	138.102	158.745	198.915	NA	0.60550150956055	0	0	0	1	0.33681251818302427	Inf	NO	P62195
253	S	253	140.735	156.267	200.071	NA	0.601065601065601	0	0	0	1	0.9482640273145297	Inf	NO	P62195
254	I	254	142.996	155.697	203.085	NA	0.607178799060718	0	0	0	1	1.0786596882890302	Inf	NO	P62195
255	G	255	145.653	157.971	201.573	NA	0.601065601065601	0	0	0	1	0.8808062509483253	Inf	NO	P62195
256	S	256	143.753	161.062	202.762	NA	0.664206642066421	0	0	0	1	0.7505577334455857	Inf	NO	P62195
257	S	257	145.335	160.984	206.229	NA	0.60382422006038206	1	0	0	1	0.8490140717139415	Inf	NO	P62195
258	R	258	148.868	162.422	205.876	NA	0.533333333333333	2	0	0	1	0.7524203309183466	Inf	NO	P62195
259	L	259	147.674	165.668	204.202	NA	0.481717544448172	1	0	0	1	0.8473803489967141	Inf	NO	P62195
260	E	260	150.733	165.619	201.93	NA	0.527941176470588	0	0	0	1	0.5824260444946684	Inf	NO	P62195
261	G	261	149.2	163.762	198.988	NA	0.527472527472528	0	0	0	1	0.562521560891289	Inf	NO	P62195
262	G	262	145.764	165.123	199.786	NA	0.531365313653137	1	0	0	1	0.8174172784247636	Inf	NO	P62195
263	S	263	147.172	168.641	200.07	NA	0.527472527472528	0	0	0	1	0.7628031952881764	Inf	NO	P62195
264	G	264	149.226	168.401	196.88	NA	0.524087591240876	0	0	0	1	0.6379832447820238	Inf	NO	P62195
265	G	265	146.963	166.265	194.727	NA	0.524087591240876	0	0	0	1	0.6158665696776093	Inf	NO	P62195
266	D	266	143.93	168.087	196.087	NA	0.478188478188478	0	0	0	1	0.7670093340633004	Inf	NO	P62195
267	S	267	145.8	171.399	195.811	NA	0.524542124542125	0	0	0	1	0.6474274274777136	Inf	NO	P62195
268	E	268	146.088	170.919	192.044	NA	0.524542124542125	0	0	0	1	0.41855556927223486	Inf	NO	P62195
269	V	269	142.301	170.6	191.825	NA	0.528413284132841	0	0	0	1	0.46215483890161124	Inf	NO	P62195
270	Q	270	142.153	173.631	194.129	NA	0.587654320987654	0	0	0	1	0.6834788151217964	Inf	NO	P62195
271	R	271	144.102	175.625	191.539	NA	0.59149111937216	0	0	0	1	0.3905487432841931	Inf	NO	P62195
272	T	272	141.859	174.232	188.789	NA	0.59149111937216	1	0	0	1	0.052361380643578766	Inf	NO	P62195
273	M	273	138.721	175.404	190.592	NA	0.589300411522634	0	0	0	1	0.11153216474711411	Inf	NO	P62195
274	L	274	140.486	178.68	191.417	NA	0.589300411522634	0	0	0	1	0.18239814811055016	Inf	NO	P62195
275	E	275	141.007	179.515	187.744	NA	0.49907063197026	0	0	0	1	-0.005427600452011852	Inf	NO	P62195
276	L	276	137.596	178.111	186.774	NA	0.587125871258713	0	0	0	1	-0.27895547422286804	Inf	NO	P62195
277	L	277	135.821	180.035	189.54	NA	0.584967320261438	0	0	0	1	-0.12502637629900962	Inf	NO	P62195
278	N	278	137.924	183.054	188.564	NA	0.374348279457768	0	0	0	1	-0.06615760667802274	Inf	NO	P62195
279	Q	279	136.405	182.619	185.104	NA	0.370293965961836	0	0	0	1	-0.3260030134137671	Inf	NO	P62195
280	L	280	132.983	182.515	186.759	NA	0.32168458781362	0	0	0	1	-0.39751289390785755	Inf	NO	P62195
281	D	281	134.022	185.611	188.706	NA	0.324909747292419	0	0	0	1	-0.4246659454830707	Inf	NO	P62195
282	G	282	135.293	186.996	185.397	NA	0.32258064516129	0	0	0	1	-0.34470133945773745	Inf	NO	P62195
283	F	283	132.113	186.519	183.369	NA	0.36896197327852	0	0	0	1	-0.43687703830443947	Inf	NO	P62195
284	E	284	128.736	184.804	183.747	NA	0.36896197327852	0	0	0	1	-0.48320142095550245	Inf	NO	P62195
285	A	285	128.053	183.602	180.205	NA	0.369989722507708	0	0	0	1	-0.680591017737683	Inf	NO	P62195
286	T	286	127.502	180.06	181.548	NA	0.485611510791367	0	0	0	1	-0.4968850039599012	Inf	NO	P62195
287	K	287	125.646	180.325	184.853	NA	0.489130434782609	0	0	0	1	-0.9060217956585435	Inf	NO	P62195
288	N	288	124.865	177.5	187.301	NA	0.583941605839416	1	0	0	1	-0.9737114844916147	Inf	NO	P62195
289	I	289	128.364	176.004	187.531	NA	0.587708587708588	0	0	0	1	-0.7065757033627995	Inf	NO	P62195
290	K	290	128.931	174.229	190.845	NA	0.661172161172161	0	0	0	1	-0.5869433913217141	Inf	NO	P62195
291	V	291	131.609	172.118	192.531	NA	0.663003663003663	1	0	0	1	-0.43614439361142193	Inf	NO	P62195
292	I	292	131.425	169.909	195.628	NA	0.658181818181818	0	0	0	1	-0.4983549386594653	Inf	NO	P62195
293	M	293	134.452	168.752	197.634	NA	0.583434343434343	0	0	0	1	0.03904782101743644	Inf	NO	P62195
294	A	294	134.269	166.328	200.565	NA	0.586080586080586	0	0	0	1	-0.07046875204898982	Inf	NO	P62195
295	T	295	136.832	163.55	200.854	NA	0.581818181818182	0	0	0	1	0.19317374374917198	Inf	NO	P62195
296	N	296	137.007	162.286	204.442	NA	0.654545454545455	0	0	0	1	0.16427029566875004	Inf	NO	P62195
297	R	297	137.996	164.9	206.986	NA	0.744713769984528	0	0	0	1	0.34719668445859697	Inf	NO	P62195
298	I	298	139.336	168.413	207.763	NA	0.744713769984528	0	0	0	1	0.4166778515315202	Inf	NO	P62195
299	D	299	141.43	168.189	204.566	NA	0.75012987012987	0	0	0	1	0.45850426975249964	Inf	NO	P62195
300	I	300	138.406	169.862	202.965	NA	0.754953076120959	0	0	0	1	0.36524097789414006	Inf	NO	P62195
301	L	301	138.87	172.611	205.562	NA	0.749482401656315	1	0	0	1	0.43750024854650355	Inf	NO	P62195
302	D	302	142.425	172.844	204.228	NA	0.75012987012987	0	0	0	1	0.5241129614812234	Inf	NO	P62195
303	S	303	140.848	173.332	200.812	NA	0.745341614906832	1	0	0	1	0.48315106707789834	Inf	NO	P62195
304	A	304	138.995	176.105	202.646	NA	0.563086548488008	0	0	0	1	0.3560807055956769	Inf	NO	P62195
305	L	305	142.413	177.267	203.853	NA	0.568802521008403	0	0	0	1	0.8764527924594645	Inf	NO	P62195
306	L	306	143.278	177.632	200.158	NA	0.666051660516605	0	0	0	1	0.706108308366957	Inf	NO	P62195
307	R	307	139.867	179.3	199.635	NA	0.495879120879121	0	0	0	1	0.42840890399231046	Inf	NO	P62195
308	P	308	139.042	181.491	202.642	NA	0.497252747252747	0	0	0	1	0.7503533653044908	Inf	NO	P62195
309	G	309	136.115	183.772	203.364	NA	0.499538745387454	0	0	0	1	0.42561004814138476	Inf	NO	P62195
310	R	310	134.328	183.202	200.057	NA	0.498154981549816	0	0	0	1	-0.35111672673784006	Inf	NO	P62195
311	I	311	130.697	182.44	199.206	NA	0.570901423299947	0	0	0	1	-0.6662453287406023	Inf	NO	P62195
312	D	312	131.252	178.691	199.657	NA	0.566718995290424	0	0	0	1	-0.20163691534625106	Inf	NO	P62195
313	R	313	128.961	176.922	202.125	NA	0.568802521008403	0	0	0	1	-0.38711612408072893	Inf	NO	P62195
314	K	314	129.862	174.813	205.176	NA	0.505130597014925	0	0	0	1	-0.16900119335358202	Inf	NO	P62195
315	I	315	127.705	171.725	205.808	NA	0.594795539033457	0	0	0	1	-0.34604285527525674	Inf	NO	P62195
316	E	316	128.592	168.905	208.211	NA	0.588235294117647	0	0	0	1	-0.25196185883124195	Inf	NO	P62195
317	F	317	127.448	165.268	207.954	NA	0.496323529411765	0	0	0	1	-0.6047016654371745	Inf	NO	P62195
318	P	318	126.797	163.885	211.464	NA	0.5	0	0	0	1	-0.6762247161884665	Inf	NO	P62195
319	P	319	125.731	160.232	211.608	NA	0.446096654275093	0	0	0	1	-0.40141302691199215	Inf	NO	P62195
320	P	320	123.723	160.121	214.858	NA	0.451127819548872	0	0	0	1	-0.08230571626743148	Inf	NO	P62195
321	N	321	123.783	156.346	215.385	NA	0.452830188679245	1	0	0	1	0.09680961692445245	Inf	NO	P62195
322	E	322	123.96	153.983	212.388	NA	0.385232744783307	0	0	0	1	0.04441640601601561	Inf	NO	P62195
323	E	323	121.038	155.831	210.757	NA	0.385232744783307	0	0	0	1	-0.01249152980855529	Inf	NO	P62195
324	A	324	123.295	156.462	207.741	NA	0.450686641697878	0	0	0	1	-0.2865828273978796	Inf	NO	P62195
325	R	325	124.379	152.805	207.541	NA	0.674157303370787	0	0	0	1	-0.014597473446173556	Inf	NO	P62195
326	L	326	121.435	150.489	208.293	NA	0.533828996282528	0	0	0	1	0.13322755983231135	Inf	NO	P62195
327	D	327	118.583	151.902	206.201	NA	0.531851851851852	0	0	0	1	-0.04887734618464163	Inf	NO	P62195
328	I	328	121.029	152.904	203.466	NA	0.483501683501684	0	0	0	1	-0.14568201231929884	Inf	NO	P62195
329	L	329	122.493	149.394	203.577	NA	0.440344403444034	0	0	0	1	0.18383178757996024	Inf	NO	P62195
330	K	330	118.964	148.148	202.904	NA	0.440344403444034	1	0	0	1	0.22662375482944613	Inf	NO	P62195
331	I	331	118.496	150.688	200.097	NA	0.435523114355231	0	0	0	1	-0.010798655042187931	Inf	NO	P62195
332	H	332	121.889	149.898	198.539	NA	0.437118437118437	0	0	0	1	-0.0955355567591524	Inf	NO	P62195
333	S	333	121.441	146.163	199.212	NA	0.440740740740741	0	0	0	1	0.5203791829268537	Inf	NO	P62195
334	R	334	117.859	145.358	198.161	NA	0.441975308641975	1	0	0	1	0.3076132988794764	Inf	NO	P62195
335	K	335	119.151	144.576	194.653	NA	0.486210418794688	0	0	0	1	0.36453548601112284	Inf	NO	P62195
336	M	336	120.647	141.309	195.925	NA	0.488038277511962	0	0	0	1	0.5291711120850667	Inf	NO	P62195
337	N	337	119.748	139.194	198.958	NA	0.491252144082333	0	0	0	1	0.5360483877261153	Inf	NO	P62195
338	L	338	120.469	140.38	202.492	NA	0.540909090909091	0	0	0	1	0.7934287903101361	Inf	NO	P62195
339	T	339	119.946	139.169	206.049	NA	0.614669421487603	0	0	0	1	0.9389087410970345	Inf	NO	P62195
340	R	340	117.529	140.831	208.458	NA	0.610634648370497	2	0	0	1	0.718443964080162	Inf	NO	P62195
341	G	341	119.398	140.913	211.768	NA	0.610634648370497	0	0	0	1	0.952688996647858	Inf	NO	P62195
342	I	342	122.76	142.15	210.496	NA	0.615278257863809	0	0	0	1	1.0782055796679488	Inf	NO	P62195
343	N	343	124.908	143.513	213.339	NA	0.615278257863809	1	0	0	1	0.967630606243557	Inf	NO	P62195
344	L	344	126.543	146.655	211.931	NA	0.619361554476058	0	0	0	1	0.7176711623467245	Inf	NO	P62195
345	R	345	127.704	148.003	215.309	NA	0.67680608365019	0	0	0	1	0.6282449699819869	Inf	NO	P62195
346	K	346	131.25	146.624	215.379	NA	0.490358126721763	0	0	0	1	1.0296985570080008	Inf	NO	P62195
347	I	347	131.566	145.926	211.635	NA	0.559748427672956	0	0	0	1	1.3158296369555853	Inf	NO	P62195
348	A	348	130.379	149.456	210.802	NA	0.557644110275689	0	0	0	1	0.62412201930628175	Inf	NO	P62195
349	E	349	131.734	151.543	213.695	NA	0.513788098693759	0	0	0	1	0.2741610610154973	Inf	NO	P62195
350	L	350	135.129	149.787	213.728	NA	0.515239477503628	0	0	0	1	1.1574858042930845	Inf	NO	P62195
351	M	351	136.142	151.568	210.477	NA	0.5206200643463	0	0	0	1	0.9743379204163685	Inf	NO	P62195
352	P	352	135.898	155.311	211.222	NA	0.525147928994083	1	0	0	1	0.0795062579148002	Inf	NO	P62195
353	G	353	137.96	158.299	210.152	NA	0.630828630828631	0	0	0	1	0.22542054313679313	Inf	NO	P62195
354	A	354	140.362	157.956	207.246	NA	0.633273703041145	1	0	0	1	0.4360944115385886	Inf	NO	P62195
355	S	355	138.11	155.724	205.114	NA	0.549416342412451	0	0	0	1	0.6669952924774012	Inf	NO	P62195
356	G	356	134.34	156.069	204.867	NA	0.36875	0	0	0	1	0.0630842825887777	Inf	NO	P62195
357	A	357	133.898	154.604	201.389	NA	0.495798319327731	0	0	0	1	0.34688553646592774	Inf	NO	P62195
358	E	358	135.475	151.326	202.543	NA	0.499717673630717	0	0	0	1	1.100099209678286	Inf	NO	P62195
359	V	359	132.061	150.377	203.948	NA	0.597300337457818	0	0	0	1	0.7980790606905914	Inf	NO	P62195
360	K	360	130.718	150.229	200.395	NA	0.638914027149321	0	0	0	1	0.5256081565094458	Inf	NO	P62195
361	G	361	134.038	148.659	199.43	NA	0.632146064052679	0	0	0	1	1.3323533513359265	Inf	NO	P62195
362	V	362	133.262	145.882	201.903	NA	0.67953667953668	1	0	0	1	1.5612115484381726	Inf	NO	P62195
363	C	363	129.758	145.753	200.408	NA	0.676923076923077	0	0	0	1	1.1047845705309194	Inf	NO	P62195
364	T	364	130.867	145.198	196.805	NA	0.677606177606178	0	0	0	1	1.1395481051431355	Inf	NO	P62195
365	E	365	134.105	143.331	197.545	NA	0.667300380228137	0	0	0	1	1.6544227044579385	Inf	NO	P62195
366	A	366	132.13	141.174	199.979	NA	0.669201520912548	0	0	0	1	1.55565082470581	Inf	NO	P62195
367	G	367	129.58	140.576	197.229	NA	0.673664122137405	0	0	0	1	1.1467360354550995	Inf	NO	P62195
368	M	368	132.472	139.214	195.181	NA	0.62422634836428	1	0	0	1	1.3791710137606314	Inf	NO	P62195
369	Y	369	132.958	136.6	197.907	NA	0.620082207868467	0	0	0	1	1.581007826213729	Inf	NO	P62195
370	A	370	129.197	136.032	197.885	NA	0.563537675606641	0	0	0	1	1.2480881698915842	Inf	NO	P62195
371	L	371	129.583	135.167	194.194	NA	0.557133838383838	0	0	0	1	0.940446536378628	Inf	NO	P62195
372	R	372	132.718	133.011	194.375	NA	0.559796437659033	0	0	0	1	0.9351286420505774	Inf	NO	P62195
373	E	373	131.754	131.422	197.715	NA	0.556083650190114	0	0	0	1	1.1455238626597843	Inf	NO	P62195
374	R	374	128.291	130.432	196.385	NA	0.551378446115288	1	0	0	1	1.024209444214848	Inf	NO	P62195
375	R	375	126.567	132.452	199.125	NA	0.606199770378875	0	0	0	1	1.0498292611706685	Inf	NO	P62195
376	V	376	123.089	133.453	197.961	NA	0.694710947109471	0	0	0	1	0.9108072443577863	Inf	NO	P62195
377	H	377	122.698	136.079	200.71	NA	0.776470588235294	1	0	0	1	0.9812244089971252	Inf	NO	P62195
378	V	378	125.037	138.407	202.606	NA	0.734098018769552	0	0	0	1	1.0572510509442645	Inf	NO	P62195
379	T	379	126.151	137.271	206.068	NA	0.767391304347826	0	0	0	1	1.313057434600843	Inf	NO	P62195
380	Q	380	128.192	138.852	208.865	NA	0.852657004830918	0	0	0	1	1.420253660363707	Inf	NO	P62195
381	E	381	131.378	136.817	208.361	NA	0.855072463768116	0	0	0	1	1.755213032678919	Inf	NO	P62195
382	D	382	131.451	137.933	204.718	NA	0.849578820697954	0	0	0	1	1.558219053417132	Inf	NO	P62195
383	F	383	131.664	141.575	205.784	NA	0.870503597122302	0	0	0	1	1.5588321079287641	Inf	NO	P62195
384	E	384	134.014	140.48	208.574	NA	0.874320652173913	0	0	0	1	1.773983454935485	Inf	NO	P62195
385	M	385	136.297	138.748	206.066	NA	0.86620036101083	0	0	0	1	2.173889019729592	Inf	NO	P62195
386	A	386	136.079	141.592	203.541	NA	0.989943269726663	0	0	0	1	2.0495382084688556	Inf	NO	P62195
387	V	387	137.12	144.097	206.222	NA	1.15006150061501	0	0	0	1	1.8599389488125946	Inf	NO	P62195
388	A	388	140.362	142.176	206.722	NA	1.13550600343053	0	0	0	1	2.2459019569020042	Inf	NO	P62195
389	K	389	140.786	141.724	202.963	NA	1.14346590909091	0	0	0	1	2.457665529731466	Inf	NO	P62195
390	V	390	140.594	145.486	202.424	NA	1.134	1	0	0	1	1.999330560600844	Inf	NO	P62195
391	M	391	142.733	146.079	205.534	NA	1.12868852459016	1	0	0	1	2.2082812066154793	Inf	NO	P62195
392	Q	392	145.648	144.105	204.083	NA	1.118410041841	1	0	0	1	3.3456618001872327	Inf	NO	P62195
393	K	393	146.012	146.81	201.412	NA	1.09314420803782	0	0	0	1	2.7835270877463807	Inf	NO	P62195
394	D	394	144.598	149.777	203.358	NA	1.09551656920078	1	0	0	1	1.9854370049452001	Inf	NO	P62195
