Uniprot_position	aminoacid	Position_in_structure	x	y	z	paraz	mtr	gscount	pscount	OR	pvalue	mtr3dscore	paraz3dscore	HotSpot3D	Uniprot
1	M	1	16.051	-12.573	3.758	-1.55	0	0	0	1.8319763684625467	1	-1.3897589844900942	-2.747024983022899	NO	P01116
2	T	2	16.201	-8.84	4.536	-1.55	0	0	0	1.2221413051774914	1	-0.8261368953318745	-1.0759075627953887	NO	P01116
3	E	3	17.837	-6.465	2.041	-0.95	0	0	0	0.5394970404466257	0.4901216572173192	-0.8017247604850112	-0.8570707577655956	NO	P01116
4	Y	4	19.264	-3.035	2.921	0.55	0	0	0	0.44098630828071067	0.315344764963392	-0.3671889064195945	-0.019561630494712042	NO	P01116
5	K	5	20.049	-0.454	0.249	1.15	0	0	2	0.8771329165474047	1	-0.5519873223048348	0.8123888078783558	NO	P01116
6	L	6	22.876	1.74	1.556	0.55	0	1	0	0.7125686208603406	0.7523824482226301	-0.22036928157781424	0.6871243999252556	NO	P01116
7	V	7	24.398	4.81	-0.103	0.85	0	0	0	1.2643469109241483	0.7641737602120287	-0.5796070025728454	1.3077859002564065	NO	P01116
8	V	8	27.883	6.264	0.418	0.85	0	0	0	2.5229254831807317	0.1493968852398474	-0.72740631437669	1.3287023897058947	NO	P01116
9	V	9	28.135	10.042	-0.11	1.15	0	0	0	1.7365334918459863	0.3892244185979221	-0.7761955391004981	1.020883758124995	NO	P01116
10	G	10	30.724	12.752	0.436	1.75	0	0	0	5.248339284524017	0.016712938978924147	-0.6059086064084012	0.780889570790734	YES	P01116
11	A	11	33.373	14.852	-1.263	-0.35	0	0	0	7.083879614854429	0.01108652212390375	-0.6869303716906615	0.43529794102939856	YES	P01116
12	G	12	35.83	13.471	-3.796	-0.05	0	1	2	14.634082377366889	0.002701302654073796	-1.1119960002925782	0.9488855019247167	YES	P01116
13	G	13	38.806	11.719	-2.223	1.75	0	0	2	9.359970493662658	0.0024084893475163536	-0.8847506387042919	1.4528732953266643	YES	P01116
14	V	14	37.417	10.989	1.248	1.75	0	0	1	10.714943189426664	0.0010568798830477353	-0.41362090244537464	1.4360737022132661	YES	P01116
15	G	15	37.507	7.209	0.695	1.75	0	0	1	21.29745654864507	1.5155472134686915e-5	-0.5489516873514997	1.3994200445113063	YES	P01116
16	K	16	33.968	6.316	-0.384	1.75	0	0	0	21.29745654864507	1.5155472134686915e-5	-0.793587276037835	1.368875329759673	YES	P01116
17	S	17	35.184	3.689	-2.832	1.15	0	0	0	50.87118087585612	3.2246101077444635e-7	-1.3845683522511594	0.523035350910668	YES	P01116
18	A	18	37.943	2.426	-0.541	0.55	0	0	0	24.730746354807664	4.510138734496203e-6	-0.8011763441201831	0.5084637365194111	YES	P01116
19	L	19	35.482	1.947	2.33	1.75	0	0	1	14.018810434432831	1.782929954751238e-4	-0.4390659724322648	1.1236012703040585	YES	P01116
20	T	20	33.032	0.092	0.104	0.55	0	0	0	22.12647976911903	2.0016352300948904e-4	-0.9008699053165097	0.8267066429181839	YES	P01116
21	I	21	35.712	-2.162	-1.409	-0.65	0	0	0	51.87118087585612	8.664244501493901e-4	-1.2796386286687533	-0.06450930846414567	NO	P01116
22	Q	22	37.047	-2.92	2.093	0.25	0	0	3	51.87118087585612	8.664244501493901e-4	-0.569485238855783	0.29428066681643983	YES	P01116
23	L	23	33.59	-4.034	3.184	0.85	0	0	1	12.640110266686367	0.005993503159772322	-0.5154563151283335	-0.1406881085728273	NO	P01116
24	I	24	33.05	-6.123	0.04	-0.35	0	0	0	51.87118087585612	0.004808296484212113	-1.1662100148700245	-0.15757045830254765	NO	P01116
25	Q	25	36.45	-7.371	-1.151	-0.65	0	0	0	51.87118087585612	0.010932857991681495	-1.4052793359063012	-0.5630778782811262	NO	P01116
26	N	26	38.298	-7.116	2.136	-0.95	0	0	1	51.87118087585612	0.002066486972147348	-0.8577464666129695	-0.8990697405490913	NO	P01116
27	H	27	41.285	-5.242	0.817	-1.25	0	0	0	51.87118087585612	0.002066486972147348	-0.8040420974272032	-0.8030720656153869	NO	P01116
28	F	28	42.501	-1.647	0.586	-0.65	0	0	0	14.634082377366889	0.002701302654073796	-0.7259098871157382	-0.3433908914136105	NO	P01116
29	V	29	42.413	-0.023	-2.813	-0.95	0	0	0	51.87118087585612	8.664244501493901e-4	-1.0706068252379164	-0.3110839815801523	NO	P01116
30	D	30	45.237	2.493	-3.25	-0.35	0	0	0	51.87118087585612	1.4029966328830482e-4	-1.3947061112039134	-0.40496406074326025	NO	P01116
31	E	31	43.47	4.112	-6.187	-0.65	0	0	0	51.87118087585612	3.53716579187097e-4	-1.450682934803021	-0.12628845733277164	NO	P01116
32	Y	32	40.065	3.878	-7.713	-0.35	0	0	0	14.634082377366889	0.002701302654073796	-1.6951067155158135	0.03586413706611592	YES	P01116
33	D	33	38.668	5.906	-10.613	1.15	0	0	0	12.640110266686367	0.005993503159772322	-1.6460599128586966	-0.17403466933927186	NO	P01116
34	P	34	36.922	8.856	-8.965	-1.55	0	0	2	14.634082377366889	0.002701302654073796	-1.657662295938627	0.396898871055917	YES	P01116
35	T	35	34.221	8.905	-11.648	-0.05	0	0	0	10.834911309898217	0.01286704967012899	-1.623217721170084	-0.2900844901884046	NO	P01116
36	I	36	33.18	5.28	-11.2	-0.95	0	0	1	7.702831927869409	0.0538047885439672	-1.5832829721490305	-0.4790799127141349	NO	P01116
37	E	37	29.782	5.033	-9.551	-0.35	0	0	0	10.834911309898217	0.01286704967012899	-1.4340334582730219	0.5617644432246699	YES	P01116
38	D	38	28.543	1.487	-8.974	-0.05	0	0	0	7.702831927869409	0.0538047885439672	-1.431343573102027	0.09546617176408533	NO	P01116
39	S	39	26.588	-0.837	-6.68	0.25	0	0	0	4.454511980649414	0.08224566422313602	-1.3211785912527	0.5792944534299551	NO	P01116
40	Y	40	28.102	-3.686	-4.633	1.75	0	0	0	10.834911309898217	0.01286704967012899	-1.5917044330983445	0.3329004211001139	YES	P01116
41	R	41	26.305	-6.566	-2.915	-0.95	0	0	0	3.911599815995135	0.35518709103614765	-1.5659093466389273	-0.10108906766267424	NO	P01116
42	K	42	27.292	-8.731	0.04	1.15	0	0	0	5.246620595907588	0.04379800896673402	-1.43467727600437	-0.7870724531264363	NO	P01116
43	Q	43	25.624	-11.152	2.442	-1.25	0	0	0	2.834048627039534	0.6131122546216885	-1.4353602903240583	-1.335859161497446	NO	P01116
44	V	44	26.587	-10.522	6.061	0.25	0	0	0	1.3765404597175752	1	-0.9666858516582658	-1.322711653843482	NO	P01116
45	V	45	25.557	-11.313	9.62	-0.65	0.157258064516129	0	0	0.8907991869734444	0.9999999999999999	-0.7849611108486139	-1.3470588902397114	NO	P01116
46	I	46	24.865	-8.337	11.876	1.15	0.180883864337102	0	0	0.3176617714328894	0.23630309756835835	0.038894145843821226	-0.7768908815425585	NO	P01116
47	D	47	24.115	-8.958	15.547	1.75	0.210274790919952	0	0	0.15475231247888455	0.09013105528088877	0.2240755596694901	-0.9470685780159435	NO	P01116
48	G	48	23.272	-12.562	14.67	-0.65	0.211031175059952	0	0	0.8947031477676796	1	-0.7668763204520024	-1.3470588902397114	NO	P01116
49	E	49	20.828	-11.615	11.903	-0.95	0.211031175059952	0	0	0.27996909833505046	0.3345530779493043	-0.4961361200339164	-1.8872811001607532	NO	P01116
50	T	50	21.687	-12.621	8.329	-0.95	0.209677419354839	1	1	0.8907991869734444	0.9999999999999999	-0.9682694310254123	-1.5710534650850214	NO	P01116
51	C	51	20.927	-10.044	5.625	0.25	0.179989685404848	0	0	1.2221413051774914	1	-0.7642162229985104	-1.2350616028170562	NO	P01116
52	L	52	21.808	-8.694	2.171	-0.65	0.17921146953405	0	0	1.2221413051774914	1	-1.1566110125177984	-1.1912365773038436	NO	P01116
53	L	53	23.544	-5.35	1.682	1.45	0.179591836734694	0	1	0.8771329165474047	1	-0.8560369190935507	-0.22708601601316108	NO	P01116
54	D	54	23.331	-3.322	-1.508	-0.35	0.180883864337102	0	0	0.8771329165474047	1	-1.042712817138167	0.27690177738878646	NO	P01116
55	I	55	25.968	-0.576	-1.331	1.15	0.158273381294964	0	0	2.5229254831807317	0.1493968852398474	-1.0064111743995228	0.7556901811206367	NO	P01116
56	L	56	25.839	2.276	-3.851	0.25	0.157258064516129	0	0	2.4350108293084824	0.21466017157565548	-1.146420790918737	0.780889570790734	NO	P01116
57	D	57	29.226	4.026	-4.1	1.75	0.157823741007194	0	0	6.895625996452505	0.003915980634891341	-1.3403139160421385	0.7556901811206367	YES	P01116
58	T	58	28.547	7.543	-5.454	0.25	0.157706093189964	0	1	6.895625996452505	0.003915980634891341	-1.2894214251421277	1.2008793986256907	YES	P01116
59	A	59	30.965	9.673	-7.491	0.25	0.254151624548737	0	1	16.851498170622687	0.0011767172959229058	-1.5598087404937933	0.8648875363577253	YES	P01116
71	Y	71	19.022	4.543	-7.05	0.55	0.502491103202847	0	1	1.1430079216797362	1	-0.7957139001716268	0.4928965459896213	NO	P01116
72	M	72	19.783	7.639	-4.981	0.85	0.502127659574468	0	1	1.4254591770044927	0.7329208680662148	-0.6940353942383792	0.24090264928864746	NO	P01116
73	R	73	16.081	7.984	-4.192	-0.35	0.454866688082236	0	0	0.8820532086078152	1	-0.19776044816837327	-0.08308950361260456	NO	P01116
74	T	74	15.745	4.308	-3.26	-0.05	0.498245614035088	1	0	0.8820532086078152	1	-0.40970225591374093	0.47849689474956547	NO	P01116
75	G	75	18.263	4.726	-0.441	1.15	0.498245614035088	1	0	1.0938265847456636	1	-0.33934443763074373	0.9336131445489001	NO	P01116
76	E	76	17.232	3.375	2.949	-0.65	0.414319248826291	0	0	0.4753411155670403	0.3425061901563628	0.07390340449627784	0.5216958484697326	NO	P01116
77	G	77	20.36	4.609	4.72	1.45	0.413145539906103	1	0	0.40039313758418776	0.21540780911121502	0.2368211505835988	0.5168959647230473	NO	P01116
78	F	78	23.241	6.986	3.982	0.25	0.413427561837456	0	0	0.36685524728810864	0.19240357724784013	0.0798725248176433	0.5078961826980125	NO	P01116
79	L	79	26.897	7.151	5.02	1.15	0.410798122065728	0	0	0.6066764813047394	0.5531524145480973	0.2133320147552959	1.3595422224744518	NO	P01116
80	C	80	28.127	10.758	4.946	0.55	0.409356725146199	0	0	0.515483713693141	0.3811865636457994	0.08194357038840473	1.0522676133917828	NO	P01116
81	V	81	31.877	10.513	4.66	1.75	0.406759906759907	0	0	1.1513120491464572	1	-0.025636987892349132	1.4275154189290822	NO	P01116
82	F	82	34.6	13.056	5.229	1.15	0.524812030075188	0	0	0.6191891399910142	0.4147545233519402	0.26948235985372665	0.8685396218171598	NO	P01116
83	A	83	38.338	12.539	5.82	0.85	0.528169014084507	0	0	1.1513120491464572	1	0.5440309074796666	1.239060292065232	NO	P01116
84	I	84	39.882	13.542	9.135	1.15	0.528169014084507	0	0	0.6066764813047394	0.5531524145480973	1.0868663465238275	1.032883467491708	NO	P01116
85	N	85	42.832	15.128	7.296	-0.05	0.527472527472528	0	0	1.7324619540919626	0.5103549247880605	0.9040825104270419	0.8182219999316193	NO	P01116
86	N	86	40.608	17.052	4.915	0.55	0.531187122736419	0	0	2.067613519859751	0.3386611971163416	0.372280467725205	0.5792944534299551	NO	P01116
87	T	87	38.892	20.077	6.479	-0.95	0.527819548872181	0	0	0.3176617714328894	0.23630309756835835	0.6001074416796026	0.024907880687812776	NO	P01116
88	K	88	37.225	20.964	3.181	-0.65	0.529678068410463	0	0	1.5838630349892866	0.708371170080382	-0.26690223216914283	-0.22708601601316108	NO	P01116
89	S	89	35.536	17.548	3.045	1.75	0.465106007067138	0	0	1.0595020812722762	1	-0.16292861700662817	0.6233933853526253	NO	P01116
90	F	90	34.182	18.137	6.555	0.85	0.416370106761566	0	0	0.592743780296354	0.5371910044161063	0.38678708934299555	-0.3632989331488226	NO	P01116
91	E	91	32.999	21.618	5.615	-0.65	0.248763250883392	0	0	0	0.01890903111768816	0.15833975788575336	-1.0737855089284332	NO	P01116
92	D	92	31.061	20.063	2.712	-0.95	0.25017667844523	0	0	1.3765404597175752	1	-0.4578186754404269	-0.941068723332587	NO	P01116
93	I	93	29.096	17.564	4.818	-0.05	0.211469534050179	0	0	0.3913650401422372	0.28082873746557135	-0.03146990722634851	0.07836113150317074	NO	P01116
94	H	94	26.093	19.897	5.225	-1.55	0.212230215827338	0	0	0	0.21885521885521889	-0.08052762823361588	-0.8721903915676541	NO	P01116
95	H	95	25.655	19.909	1.451	-1.55	0.212394705174489	1	0	0	0.4727272727272727	-0.5109011644994983	-1.0430662529496477	NO	P01116
96	Y	96	25.201	16.123	1.378	-1.55	0.210872162485066	0	0	0.8907991869734444	0.9999999999999999	-0.43499246525798146	-0.1598876435595682	NO	P01116
97	R	97	23.009	16.11	4.489	-1.55	0.361495135688684	0	0	0	0.0032415481916036777	0.08845974464753902	-0.784125156088998	NO	P01116
98	E	98	20.666	18.644	2.881	-0.65	0.359183673469388	0	0	0	0.21885521885521889	-0.16700065449483464	-1.8230473617859952	NO	P01116
99	Q	99	20.744	16.842	-0.473	-0.05	0.419047619047619	0	0	0.8947031477676796	1	-0.28908966411429	-1.7171368834623975	NO	P01116
100	I	100	19.533	13.639	1.169	1.45	0.417857142857143	0	0	0.15475231247888455	0.09013105528088877	-0.2269617084595075	-0.7940722835903522	NO	P01116
101	K	101	16.659	15.297	3.035	-0.35	0.420549581839904	0	0	0.20185498358121456	0.17767389021551064	0.10166413283160128	-1.5576137905943028	NO	P01116
102	R	102	15.48	16.782	-0.267	-0.35	0.420549581839904	0	0	0.4350725877820074	0.597636744806556	-0.003197188547323785	-2.361622552774351	NO	P01116
103	V	103	15.532	13.581	-2.326	0.25	0.422382671480144	0	0	0.5737725029022569	0.6586284599603135	0.06975572788084655	-1.6670511400187258	NO	P01116
104	K	104	13.874	11.607	0.497	0.25	0.506859205776173	0	0	0.4140369584438871	0.40601352033094545	0.1409297694928187	-0.9143420979249078	NO	P01116
105	D	105	11.56	14.543	1.247	-0.05	0.508695652173913	0	0	0	0.21885521885521889	0.14606851729539333	-1.739049396219004	NO	P01116
106	S	106	11.893	13.826	4.964	-0.95	0.508695652173913	0	0	0	0.4727272727272727	0.13866200108012877	-1.739049396219004	NO	P01116
107	E	107	13.578	15.151	8.095	-0.95	0.512408759124088	0	0	0	0.09910425004764627	0.4010239872697583	-1.5908176922772546	NO	P01116
108	D	108	13.988	11.545	9.27	-0.95	0.509090909090909	1	0	0	0.04383457213645892	0.5898357547185459	-1.1434274585621567	NO	P01116
109	V	109	16.467	9.473	7.256	-0.05	0.636363636363636	0	0	0	1.816061631396843e-4	0.49607144202410586	-0.40496406074326025	NO	P01116
110	P	110	18.787	6.771	8.654	1.75	0.635379061371841	0	0	0.12324248142322226	0.007616776136387909	0.6664513211981846	-0.025490898652382032	NO	P01116
111	M	111	22.285	8.256	8.522	0.55	0.635869565217391	0	0	0	2.2012868259355644e-5	0.7623908234818925	0.08490642752137795	NO	P01116
112	V	112	25.81	7.926	9.882	1.15	0.635379061371841	1	0	0	7.166980363511135e-6	0.9168880492919341	0.4302893666850314	NO	P01116
113	L	113	28.576	10.541	9.839	1.15	0.696748506967485	0	0	0.03795887304552512	8.931422672051742e-5	0.9209867311862975	0.36455182841521216	NO	P01116
114	V	114	31.866	8.842	8.97	1.15	0.699300699300699	0	0	0.42424002773377206	0.23421180488363366	0.7666995742047559	1.57440226678529	NO	P01116
115	G	115	35.324	10.292	9.587	1.45	0.792506386602328	0	0	0.44069727560580335	0.24943211004068103	0.9560571857306738	1.2428783814091862	NO	P01116
116	N	116	37.666	8.265	7.397	1.75	0.792506386602328	0	1	1.3670453328747099	0.7769420512486703	0.632639588176274	1.6573900810549909	NO	P01116
117	K	117	41.486	7.965	7.176	1.75	0.858548585485855	1	1	4.556977844736766	0.03241604590762521	0.8355346964880027	1.4144742253531826	NO	P01116
118	C	118	41.921	7.878	10.962	0.25	0.861728395061728	0	0	1.5864450830218721	0.5370628379814391	1.383348444559529	0.8134049123005374	NO	P01116
119	D	119	45.178	5.992	10.438	1.75	0.864197530864198	0	1	6.333306878853431	0.10469624098924876	1.5724429498519457	1.032883467491708	NO	P01116
120	L	120	46.823	9.196	9.187	1.75	0.948969246367016	0	0	3.0696441444164213	0.25737059832509335	1.5841788795216811	1.1168814330586994	NO	P01116
121	P	121	48.599	11.494	11.692	-0.95	0.975	0	0	0.5737725029022569	0.6586284599603135	1.5697163915290095	-0.011091247412326399	NO	P01116
122	S	122	47.848	14.944	10.206	-0.65	0.902564102564103	0	0	0.5737725029022569	0.6586284599603135	1.4901820431346664	-0.29428438846675403	NO	P01116
123	R	123	44.352	15.18	11.716	-0.35	0.952521525215252	0	0	0.31989419362084476	0.16442385866430076	1.4442086951161954	0.27690177738878646	NO	P01116
124	T	124	42.738	18.59	11.188	-0.65	0.999148453022992	1	0	0.08374367362059651	0.009191858196510248	1.2741342443910848	-0.353082964363648	NO	P01116
125	V	125	39.173	17.609	12.113	-0.35	1.00746268656716	0	0	0.1720981528771477	0.034552962092103	1.3805034618468888	-0.22708601601316108	NO	P01116
126	D	126	39.098	16.518	15.76	-0.65	1.01503759398496	1	0	0.08374367362059651	0.009191858196510248	1.5489735013965071	-0.670595274206875	NO	P01116
127	T	127	36.631	14.097	17.344	-0.95	1.00835494093921	1	0	0.0705429917092216	0.003964411939002819	1.6735183201121657	-0.11078114061271166	NO	P01116
128	K	128	34.882	16.97	19.178	-0.65	0.989661654135338	1	0	0	0.00128311282584312	1.9586155012135607	-0.920069231940839	NO	P01116
129	Q	129	34.032	18.766	15.929	-0.35	0.917832167832168	0	0	0	4.914049120250274e-4	1.592637975080753	-1.379058115217613	NO	P01116
130	A	130	32.715	15.609	14.283	1.45	0.911756168359942	3	0	0.05130547551448365	6.509982069053537e-4	1.3413652935282452	-0.11188880609271601	NO	P01116
131	Q	131	30.739	14.593	17.379	-0.65	0.909143686502177	0	0	0	2.2012868259355644e-5	1.8028936501670316	-0.6890748266316131	NO	P01116
132	D	132	29.142	18.047	17.635	-0.95	0.919553728714034	0	0	0	1.816061631396843e-4	1.9684650554880736	-1.8510466836416593	NO	P01116
133	L	133	28.16	17.993	13.946	-0.65	0.913424978063761	0	0	0	6.457108022744317e-5	1.2183990290841427	-1.3740927182382834	NO	P01116
134	A	134	26.683	14.508	14.285	1.45	0.903123192596877	0	0	0	6.457108022744317e-5	1.2748761826820658	-0.5399060257109217	NO	P01116
135	R	135	24.767	15.5	17.42	-1.25	0.903123192596877	0	0	0	1.816061631396843e-4	1.798886492054239	-1.3470588902397114	NO	P01116
136	S	136	23.276	18.506	15.612	-0.95	0.895624821275379	1	0	0	0.0032415481916036777	1.5602166222231413	-2.054041767095221	NO	P01116
137	Y	137	21.89	16.008	13.073	-0.05	0.897147796024201	0	0	0	4.914049120250274e-4	1.0198709391761813	-1.517294767122147	NO	P01116
138	G	138	20.876	13.441	15.698	-0.95	0.903123192596877	2	0	0	0.007941793069429024	1.400407687830639	-1.6382518375386144	NO	P01116
139	I	139	23.049	10.731	14.159	0.55	0.935309973045822	0	0	0	2.2012868259355644e-5	1.3564012691594747	-0.3571473820523734	NO	P01116
140	P	140	25.978	8.589	15.278	-0.95	0.913424978063761	0	0	0	6.457108022744317e-5	1.5500911604894863	5.213745554604555e-4	NO	P01116
141	F	141	29.569	9.413	14.35	0.55	0.912587412587413	1	0	0.03270803743256755	3.070314410082549e-5	1.5842523701884887	0.039731051081987656	NO	P01116
142	I	142	31.994	6.588	13.478	0.55	0.952315608919383	1	0	0.12324248142322226	0.007616776136387909	1.429636014856828	1.1779708625619658	NO	P01116
143	E	143	35.737	6.871	12.943	1.75	1.04360902255639	0	0	0.24976888212305987	0.03920610454262056	1.4247429141852155	1.2318260175187927	NO	P01116
144	T	144	37.087	4.623	10.189	0.55	0.920075757575757	0	0	2.6588564910114343	0.1548421227506433	0.7271131148090311	1.9795632415845554	NO	P01116
145	S	145	40.107	3.601	8.186	1.75	0.949571183533448	0	0	6.02238015329109	0.008265463693547042	0.4113114835879296	1.4144742253531826	NO	P01116
146	A	146	39.689	1.854	4.857	1.75	0.778867924528302	0	1	10.714943189426664	0.0010568798830477353	-0.0315436656445844	0.7543638974537896	YES	P01116
147	K	147	43.432	1.185	5.045	-0.35	0.782509505703422	0	2	19.332279883666455	4.946069662770737e-4	-0.10425045195416753	0.33290042110011414	YES	P01116
148	T	148	43.366	-0.665	8.411	-0.05	0.780228136882129	0	0	16.851498170622687	0.0011767172959229058	0.4665888736164444	0.643438354408385	NO	P01116
149	R	149	39.677	-1.756	8.446	-0.65	0.827514690632561	0	0	8.157742602004026	0.005269379273797938	0.21656770965476468	0.1329052649882301	NO	P01116
150	Q	150	39.145	0.24	11.671	-0.95	0.827514690632561	0	0	4.556977844736766	0.03241604590762521	1.0797411741801124	1.3944399279757138	NO	P01116
152	V	152	34.502	-0.189	8.647	0.55	0.862893081761006	0	0	2.906068342921388	0.08922515971716126	0.41288923109498915	0.7528902489350703	NO	P01116
154	D	154	30.873	-0.59	12.601	-0.65	0.859649122807018	1	0	0.3913650401422372	0.28082873746557135	1.220898743141053	1.0048841456360442	NO	P01116
155	A	155	29.967	2.226	10.177	0.55	0.853932584269663	0	0	0.7203089302015961	0.7627357953352729	0.7793240676761758	1.194418016658999	NO	P01116
156	F	156	27.942	0.046	7.785	1.75	0.812075983717775	0	0	0.8595563712907652	1.0000000000000002	0.21767454779900083	0.9781021856001921	NO	P01116
157	Y	157	26.449	-2.078	10.583	-0.95	0.857142857142857	0	0	0.22418300290145582	0.048477600594633706	0.39784721224734626	0.26162942001296996	NO	P01116
158	T	158	25.513	0.972	12.662	-0.65	0.862155388471178	1	0	0	4.914049120250274e-4	1.214079177367339	1.1768799798922642	NO	P01116
159	L	159	23.665	2.255	9.609	0.55	0.894554883318928	0	0	0.1905542893301252	0.024461182529270018	0.669054887364815	1.0048841456360442	NO	P01116
160	V	160	21.744	-1.027	9.33	0.85	0.966292134831461	1	0	0.309028849361525	0.11148619166841806	0.04823627735208891	0.1543101519666912	NO	P01116
161	R	161	20.892	-0.792	13.034	0.85	0.966292134831461	0	0	0	0.0032415481916036777	0.8330464394956582	0.4448977085227691	NO	P01116
162	E	162	19.671	2.751	12.363	-0.65	0.967105263157895	0	0	0	1.816061631396843e-4	1.0687861390304856	0.014828124819773815	NO	P01116
163	I	163	17.546	1.433	9.488	1.15	0.967105263157895	0	0	0.266142277171863	0.09150701629507679	0.5139463736589559	0.39320665278923606	NO	P01116
164	R	164	16.141	-1.275	11.773	0.85	0.991902834008097	1	0	0	0.04383457213645892	0.4647519662772497	-0.17668723667296626	NO	P01116
