Uniprot_position	aminoacid	Position_in_structure	x	y	z	paraz	mtr	gscount	pscount	OR	pvalue	mtr3dscore	paraz3dscore	HotSpot3D	Uniprot
62	E	62	34.769	-21.187	18.52	0.41	0.185399159663866	0	0	5.763402076382127	0.050042110317902434	-2.0952293764198653	0.23625898495416137	NO	Q02750
63	L	63	36.708	-18.039	17.755	0.15	0.161040145985401	0	0	2.5404804088100565	0.17851244692873047	-1.4903505437597202	-0.28895026795923484	NO	Q02750
64	K	64	35.546	-14.67	19.128	-0.11	0.143264143264143	0	0	1.827539133609103	0.45788849906700346	-1.7306076028412423	-0.29016814448772976	NO	Q02750
65	D	65	36.965	-11.098	19.224	-0.63	0	0	0	1.599816800176519	0.6815259487476677	-1.5525562380293816	-0.6350881755935875	NO	Q02750
66	D	66	37.65	-11.117	23.043	0.41	0	0	0	2.661084582605635	0.31317245147291195	-2.208062779361302	-1.1507053715630193	NO	Q02750
67	D	67	40.002	-14.038	22.859	1.45	0	0	2	4.1461032059902685	0.13249439705584815	-2.1256154506173637	-0.8056005552695982	NO	Q02750
68	F	68	42.528	-12.318	20.592	0.67	0	0	0	2.027174466338682	0.39600136678097536	-1.6169704818347492	-0.513039549202284	NO	Q02750
69	E	69	45.506	-10.178	21.343	-0.63	0.185610010427529	0	0	2.027174466338682	0.39600136678097536	-1.6678051975531023	-0.6134128730923998	NO	Q02750
70	K	70	47.287	-8.197	18.66	-0.89	0.162408759124088	0	0	1.7556338074767002	0.6173138430749692	-1.621780850135823	-0.2354744167535072	NO	Q02750
71	I	71	51.004	-8.7	18.203	-0.11	0.185610010427529	0	0	0.6279889257191698	1	-1.1637704109064126	-0.6194819577927324	NO	Q02750
72	S	72	51.761	-6.707	15.022	-0.37	0.1875	0	0	0	0.5733990381819329	-1.0424561837692405	-0.45849150047864706	NO	Q02750
73	E	73	50.503	-5.643	11.551	0.41	0.291666666666667	0	0	0	0.5733990381819329	-1.0014964294563071	-0.003745728195354185	NO	Q02750
74	L	74	51.439	-8.057	8.739	0.93	0.392307692307692	0	0	0	0.31618375237986296	-0.7066214884475037	-0.009876116781548698	NO	Q02750
75	G	75	50.18	-5.806	5.943	1.45	0.435897435897436	0	0	0	0.5561973864957205	-0.5890768087692716	0.4266075505555015	NO	Q02750
76	A	76	47.007	-4.392	4.306	-0.63	0.434676434676435	0	0	1.2877956659940375	0.9999999999999999	-0.7977333714805255	0.5821968128731186	NO	Q02750
77	G	77	45.567	-4.163	0.795	1.45	0.355644355644356	0	0	16.298309810649116	0.2808988764044943	-1.01366923194873	1.0555854194990597	NO	Q02750
78	N	78	42.283	-3.098	-0.8	0.41	0.405336361055918	0	0	16.298309810649116	0.2808988764044943	-0.8971171616506993	0.5295980788035696	NO	Q02750
79	G	79	39.474	-3.786	1.678	0.15	0.406471757025263	0	0	16.298309810649116	0.005180973662633011	-0.872872566483604	0.44867694946580194	YES	Q02750
80	G	80	41.486	-5.771	4.232	1.45	0.406108597285068	0	0	1.7556338074767002	0.6173138430749692	-0.7995055174700408	0.1531389118843892	NO	Q02750
81	V	81	43.985	-5.565	7.126	-0.11	0.473115445440169	0	0	1.300293960079666	1	-0.7586554512519063	0.4183315259641389	NO	Q02750
82	V	82	45.806	-8.462	8.481	1.45	0.505776275007044	0	0	0.7106517670106537	1	-0.807158947420643	0.39155615228620116	NO	Q02750
83	F	83	47.235	-8.703	11.94	-0.37	0.507185122569738	0	0	0.34256338927997315	0.43322414607635756	-0.8959945328152279	0.17458925332174977	NO	Q02750
84	K	84	49.574	-11.143	13.626	1.45	0.502097902097902	1	0	0.2575821289779748	0.27137476071783656	-0.8901745766580922	-0.06034305765886622	NO	Q02750
85	V	85	47.58	-12.157	16.685	0.41	0.505334081976418	0	0	1.109054026505657	1	-1.2400152876431891	-0.05960889418705184	NO	Q02750
86	S	86	47.67	-14.423	19.702	-0.89	0.509049773755656	0	0	1.313928020135336	0.7068016671010272	-1.4102458678569776	-0.41448176347038734	NO	Q02750
87	H	87	44.554	-16.483	20.205	0.41	0.510928186204939	0	0	2.0177969314400053	0.3058481688676442	-1.4569863534685872	-0.20678419817011687	NO	Q02750
88	K	88	44.675	-16.503	23.985	-0.63	0.516647531572905	0	0	4.1461032059902685	0.13249439705584815	-1.9997790486753766	-0.7651399906007142	NO	Q02750
89	P	89	42.636	-19.635	24.867	-0.37	0.516647531572905	1	0	4.1461032059902685	0.13249439705584815	-2.162167945092108	-0.6741037200957256	NO	Q02750
90	S	90	44.847	-21.871	22.659	0.93	0.479744136460554	0	0	4.971791561546464	0.036849259853955485	-1.4635717706676286	-0.21892236757078196	NO	Q02750
91	G	91	48.181	-19.941	22.733	1.45	0.481076759061834	0	0	4.1461032059902685	0.13249439705584815	-1.231012644436653	-0.31696142811461603	NO	Q02750
92	L	92	48.226	-20.185	18.93	-0.63	0.449004975124378	0	1	2.0177969314400053	0.3058481688676442	-1.018846039728044	0.05814454266179234	NO	Q02750
93	V	93	49.73	-17.466	16.727	0.93	0.556730557391496	1	0	1.73801955356572	0.5044288374664692	-1.0358706449972204	-0.17171837545708413	NO	Q02750
94	M	94	47.415	-16.652	13.78	0.93	0.591526217228465	0	0	1.5200625751845387	0.5248800397480561	-1.049094843832727	0.1856832791180567	NO	Q02750
95	A	95	46.961	-14.145	10.961	1.45	0.630961298377029	0	0	1.3452845068064314	0.7535185533714808	-0.9997968289973109	0.19984447675216602	NO	Q02750
96	R	96	43.636	-12.41	11.437	-0.37	0.587686567164179	1	0	2.6873725769419194	0.11363381054893124	-1.138950441073999	0.06477205679360139	NO	Q02750
97	K	97	42.266	-10.675	8.363	1.45	0.587686567164179	0	0	2.0177969314400053	0.3058481688676442	-0.7718580156109691	0.6127062656910067	NO	Q02750
98	L	98	39.629	-7.96	8.967	-0.37	0.589887640449438	0	0	0.8421795571327503	1	-0.6973184904024211	0.11763596581129743	NO	Q02750
99	I	99	37.329	-7.038	6.118	0.93	0.589887640449438	0	1	2.3895997557231494	0.27981999678157776	-0.554874788107508	0.1987734618050484	NO	Q02750
100	H	100	35.203	-3.97	6.658	-0.37	0.535820895522388	0	0	2.2246504054009684	0.26142244661620123	-0.5675512494897035	0.22533463249356267	NO	Q02750
101	L	101	31.919	-4.06	4.734	-0.63	0.614240777809551	0	0	3.683949137657421	0.10968245609484512	-0.6451243678690501	-0.2709430935736328	NO	Q02750
102	E	102	28.921	-1.754	5.17	0.15	0.609707635537894	0	1	4.1461032059902685	0.13249439705584815	-0.3377145385662583	-0.6741037200957256	NO	Q02750
103	I	103	26.313	-4.485	4.484	0.41	0.609707635537894	0	0	3.683949137657421	0.10968245609484512	-0.3920865169387411	-0.367890810215309	NO	Q02750
104	K	104	22.944	-5.61	5.949	-0.11	0.5545229244114	0	0	1.7556338074767002	0.6173138430749692	0.09674508674074594	-0.709117670289952	NO	Q02750
105	P	105	22.924	-8.268	8.743	-1.15	0.484396200814111	0	0	2.027174466338682	0.39600136678097536	0.0017120178810763748	-0.7246794259318303	NO	Q02750
106	A	106	21.442	-11.066	6.52	-0.63	0.482595471443055	1	0	0.8487543241047107	1	-0.015160215337531872	-0.7651399906007142	NO	Q02750
107	I	107	24.158	-10.804	3.843	-0.11	0.552973977695167	0	0	2.027174466338682	0.39600136678097536	-0.5122973122977682	-0.03684982656080468	NO	Q02750
108	R	108	26.899	-10.643	6.472	0.41	0.729315628192033	2	0	2.9084749483233234	0.13597414170546365	-0.4940604776671532	-0.16926622002260636	NO	Q02750
109	N	109	25.516	-13.905	7.937	0.15	0.667910447761194	0	0	2.027174466338682	0.39600136678097536	-0.37755769294780755	-0.0685146163016702	NO	Q02750
110	Q	110	25.56	-15.652	4.516	0.67	0.664179104477612	0	0	1.300293960079666	1	-0.5949627493797787	0.29928409530376915	NO	Q02750
111	I	111	29.228	-14.537	4.055	1.19	0.603799185888738	0	1	2.3895997557231494	0.27981999678157776	-0.6581443696997828	0.3376994006597203	NO	Q02750
112	I	112	30.19	-15.948	7.494	0.93	0.53134328358209	0	0	2.3895997557231494	0.27981999678157776	-0.5320479343888581	0.3758479330618109	NO	Q02750
113	R	113	28.22	-19.119	6.711	-0.37	0.477692049647769	0	0	4.971791561546464	0.036849259853955485	-0.5697485115655495	0.5700586434724535	YES	Q02750
114	E	114	29.905	-19.542	3.298	0.93	0.475008386447501	0	0	4.6369210664628016	0.026522510499029824	-0.6663892364923721	0.8370983702870869	YES	Q02750
115	L	115	33.403	-19.062	4.824	1.45	0.546296296296296	0	0	6.27425975841269	0.0016010315184199978	-0.7790474661961962	0.7985418321908565	YES	Q02750
116	Q	116	32.798	-22.173	6.948	0.41	0.542279411764706	0	0	11.033879460788464	3.875626427824015e-4	-0.7338780311470673	0.6004040669741162	YES	Q02750
117	V	117	33.677	-24.288	3.876	0.93	0.466123949579832	0	0	15.298309810649117	2.5749269918270207e-5	-1.0003210841989238	0.4833574334677024	YES	Q02750
118	L	118	37.287	-23.147	4.549	0.93	0.466123949579832	0	0	6.2295533234573846	0.001056008497445456	-1.043013832838355	0.8238567309409068	YES	Q02750
119	H	119	37.259	-25.674	7.457	0.15	0.462721584984359	0	2	5.301131539866806	0.004996920229372335	-0.9838857943856082	0.3431276503295829	YES	Q02750
120	E	120	37.011	-28.256	4.659	-0.37	0.43030303030303	0	1	9.660600831253184	2.9785684785741117e-4	-1.2403650207292696	0.19487886199734847	YES	Q02750
121	C	121	39.869	-26.752	2.478	-0.89	0.431873479318735	0	1	10.496731345116261	5.692656508909658e-5	-1.3781992895945334	0.470746348376102	YES	Q02750
122	N	122	42.79	-28.857	3.729	0.67	0.377237851662404	1	1	11.345401237492435	8.017078550609859e-5	-1.4560354425598654	0.2969498319574873	YES	Q02750
123	S	123	45.821	-29.015	1.514	0.41	0.399055755395684	1	0	15.298309810649117	2.5749269918270207e-5	-1.5232011706581023	0.06719162544489686	YES	Q02750
124	P	124	49.598	-28.595	1.746	-0.37	0.272867420349435	0	2	4.493912688469906	0.03255788923277069	-1.5209909293161554	0.7723614668168728	YES	Q02750
125	Y	125	49.084	-25.968	-1.01	0.93	0.272657450076805	0	0	4.493912688469906	0.03255788923277069	-1.4838964528375802	0.7597175403578464	YES	Q02750
126	I	126	46.296	-23.971	0.76	0.15	0.335697399527187	0	0	8.963134510476502	2.1254744504405903e-4	-1.394398704704413	0.8937431608235243	YES	Q02750
127	V	127	46.711	-21.655	3.792	0.93	0.357142857142857	0	0	5.1026085531439955	0.0026536565969252795	-1.139590448361007	0.8370983702870869	YES	Q02750
128	G	128	45.192	-23.307	6.916	0.15	0.358662613981763	0	1	7.35966426972594	1.9993039448007444e-4	-1.0817743159545883	0.76192003077329	YES	Q02750
129	F	129	41.939	-21.828	8.21	0.67	0.357395254921757	0	1	3.865614326786572	0.01692750699121711	-0.893034356629773	0.8052356756103408	YES	Q02750
130	Y	130	40.928	-21.612	11.851	0.93	0.419928825622776	1	2	4.568950574714792	0.007016245575816618	-0.8581809011422117	0.3955724583378916	YES	Q02750
131	G	131	37.623	-19.789	11.713	1.45	0.424133811230585	0	0	5.420971967871555	0.006891892376277551	-0.9510678458736024	0.32729525545915034	YES	Q02750
132	A	132	35.595	-16.831	10.518	0.41	0.447478991596639	0	0	3.2427270847383447	0.06127589066698067	-0.712308501982924	0.40012427186314103	NO	Q02750
133	F	133	33.303	-14.523	12.488	0.67	0.446218487394958	0	0	2.0177969314400053	0.3058481688676442	-0.8113216734113234	0.17458925332174977	NO	Q02750
134	Y	134	31.721	-11.081	12.505	0.41	0.493428912783752	0	0	1.313928020135336	0.7068016671010272	-0.5305835767131809	-0.2952753686394822	NO	Q02750
135	S	135	32.367	-8.396	15.153	-0.63	0.527712890210236	1	0	1.025789459153138	1	-0.9202000171700996	-0.6989317938698134	NO	Q02750
136	D	136	31.74	-4.644	15.194	0.41	0.522454142947502	0	0	2.736095185730162	0.3439665881285185	-0.8609501680087659	-1.0483639432829015	NO	Q02750
137	G	137	31.698	-3.747	11.512	0.41	0.522454142947502	0	0	2.736095185730162	0.3439665881285185	-0.3993684761424274	-1.0483639432829015	NO	Q02750
138	E	138	34.213	-6.336	10.572	0.41	0.475806451612903	0	1	1.827539133609103	0.45788849906700346	-0.3943266024160054	-0.2709430935736328	NO	Q02750
139	I	139	34.407	-9.819	9.174	0.67	0.421744324970131	0	0	2.3895997557231494	0.27981999678157776	-0.5305712667747569	0.022200727280269093	NO	Q02750
140	S	140	37.352	-11.732	10.588	-0.11	0.453842186694172	0	0	2.188643728615098	0.20408611481014796	-0.7121821929318451	0.23871942469753965	NO	Q02750
141	I	141	39.12	-14.51	8.825	1.45	0.45513151108819	2	0	3.865614326786572	0.01692750699121711	-0.7777620905885686	0.5700586434724535	YES	Q02750
142	C	142	41.626	-16.295	10.99	0.93	0.549689440993789	0	0	3.2427270847383447	0.06127589066698067	-0.9265495245934433	0.488196570770293	NO	Q02750
143	M	143	44.254	-18.264	9.255	0.41	0.55012987012987	1	0	3.2427270847383447	0.06127589066698067	-0.7789647617103032	0.6717568195320804	NO	Q02750
144	E	144	47.612	-19.946	9.641	1.45	0.546583850931677	0	0	2.5839933061161426	0.06552139493326893	-0.810768105993084	0.5339721939029082	NO	Q02750
145	H	145	50.397	-17.4	10.111	-0.11	0.544610624033007	1	0	1.674592956716232	0.392091630026868	-0.8727104093784358	0.2977699785386134	NO	Q02750
146	M	146	52.921	-17.78	7.244	1.45	0.490523968784838	0	0	1.0282750898709827	1	-0.9212728281173985	0.5249740142699828	NO	Q02750
147	D	147	56.231	-16.53	8.679	-0.11	0.492700729927007	1	0	0.4224956846689563	0.3371735701114024	-0.03454270000232787	-0.17340423231828764	NO	Q02750
148	G	148	57.808	-15.997	5.22	-1.41	0.578512396694215	0	0	0.4224956846689563	0.3371735701114024	0.2763272609884957	-0.5683048111304684	NO	Q02750
149	G	149	55.013	-13.64	4.185	0.41	0.53030303030303	1	0	0.4730557561589803	0.4972811764683895	-0.2996340143971369	0.38191701776214343	NO	Q02750
150	S	150	53.929	-13.348	0.56	0.41	0.587412587412588	0	0	0.5347713981572451	0.7212412210748886	-0.4696189292938632	0.5902889258068955	NO	Q02750
151	L	151	55.795	-13.681	-2.688	0.15	0.63768115942029	0	0	0.4224956846689563	0.3371735701114024	-0.06221026464688961	0.3018897846205487	NO	Q02750
152	D	152	55.421	-9.929	-3.4	0.93	0.695652173913044	0	0	0	0.09952040351111097	0.31027213043750984	0.21349991732791437	NO	Q02750
153	Q	153	57.354	-9.148	-0.15	-0.37	0.85024154589372	0	0	0	0.18391024366589814	0.24331406555137491	-0.21264400408767936	NO	Q02750
154	V	154	59.977	-11.852	-0.886	0.15	0.853333333333333	0	0	0	0.03007737678770234	0.5881957708490111	-0.7430705916904139	NO	Q02750
155	L	155	60.4	-10.455	-4.439	-0.37	0.767391304347826	0	0	0	0.03007737678770234	0.5735638140375778	0.025575044642616333	NO	Q02750
156	K	156	61.135	-6.962	-2.998	0.93	0.772992700729927	0	0	0	0.18391024366589814	0.8731269325104196	-0.4484920931920578	NO	Q02750
157	K	157	63.909	-8.444	-0.833	-1.15	0.651291512915129	1	0	0	0.18391024366589814	1.2562720448404259	-1.461765364899758	NO	Q02750
158	A	158	65.165	-10.852	-3.527	-1.41	0.651291512915129	0	0	0	0.05631064668175181	1.2322074786840038	-0.8525348102855034	NO	Q02750
159	G	159	65.098	-8.427	-6.42	-1.41	0.711111111111111	0	0	0	0.09952040351111097	1.1653156527897164	-0.7018104111189829	NO	Q02750
160	R	160	64.424	-11.434	-8.602	-1.41	0.716417910447761	0	0	0.29478696932848475	0.43550895677496626	0.9331583602995984	-0.45301563458361005	NO	Q02750
161	I	161	63.485	-15.085	-7.882	0.93	0.599250936329588	0	0	0.29478696932848475	0.43550895677496626	0.7789541671358193	0.11309226603564745	NO	Q02750
162	P	162	65.677	-17.913	-9.313	1.45	0.597548518896834	0	0	0.29478696932848475	0.43550895677496626	0.8678277000283989	0.03362986673338024	NO	Q02750
163	E	163	64.01	-20.013	-12.061	1.45	0.584269662921348	0	0	0.29478696932848475	0.43550895677496626	0.8506409563715241	0.29608281985743967	NO	Q02750
164	Q	164	64.556	-23.179	-9.951	-0.37	0.586466165413534	0	1	0.34256338927997315	0.43322414607635756	1.0193214363019871	0.17458925332174977	NO	Q02750
165	I	165	62.646	-21.635	-7.037	0.93	0.43984962406015	1	0	0.9550387343829331	0.9999999999999999	0.6840627411264708	0.022200727280269093	NO	Q02750
166	L	166	59.909	-20.528	-9.425	1.45	0.441509433962264	0	0	0.2277885888037365	0.17074487384826761	0.5660532743620178	0.6236924152428345	NO	Q02750
167	G	167	59.714	-24.2	-10.459	1.45	0.441509433962264	0	0	0.29478696932848475	0.43550895677496626	0.8800297218661678	0.4365387800651365	NO	Q02750
168	K	168	58.684	-25.093	-6.898	0.41	0.397358490566038	0	0	1.313928020135336	0.7068016671010272	0.3790194901397315	0.28683469079026636	NO	Q02750
169	V	169	56.331	-22.063	-6.789	0.67	0.479835953520164	0	0	1.313928020135336	0.7068016671010272	-0.20242511372049835	1.0902659035009605	NO	Q02750
170	S	170	54.673	-23.221	-10.04	0.41	0.476255088195387	0	0	0.34256338927997315	0.43322414607635756	0.21218493468691255	1.1718019350373432	NO	Q02750
171	I	171	54.111	-26.758	-8.761	0.93	0.476255088195387	0	0	2.0177969314400053	0.3058481688676442	0.22702552728651404	0.1739710103981166	NO	Q02750
172	A	172	52.496	-25.555	-5.539	0.67	0.471380471380471	0	0	2.2246504054009684	0.26142244661620123	-0.6997617439902603	0.6706320470779648	NO	Q02750
173	V	173	50.199	-23.085	-7.429	0.15	0.391791044776119	0	0	2.8184373627903203	0.21332539640212803	-0.7067775121591795	1.2297417630738208	NO	Q02750
174	I	174	49.091	-25.687	-9.937	0.93	0.3585291113381	1	0	0	0.056573459412370436	-0.027733380934576522	0.7930622208335109	NO	Q02750
175	K	175	48.513	-28.213	-7.183	0.93	0.391449814126394	0	0	0.8421795571327503	1	-0.5894526212926076	0.011702851041856057	NO	Q02750
176	G	176	46.556	-25.715	-5.024	1.19	0.388560885608856	0	0	3.660903395182492	0.06705199473119737	-1.1874067545813674	0.6004040669741162	NO	Q02750
177	L	177	44.416	-24.658	-7.987	1.45	0.392565055762082	0	0	1.5428529637592965	0.49500221209218986	-0.6410631031233249	0.5457823046711231	NO	Q02750
178	T	178	43.822	-28.308	-8.865	-0.63	0.395149253731343	0	0	0	0.09952040351111097	-0.3718935655389822	0.1452227144491729	NO	Q02750
179	Y	179	42.823	-29.117	-5.314	0.67	0.392222222222222	0	0	2.9084749483233234	0.13597414170546365	-1.2090218911396946	-0.1408912785665059	NO	Q02750
180	L	180	40.313	-26.195	-5.284	1.45	0.391881918819188	0	0	4.6369210664628016	0.026522510499029824	-1.2274081912503627	0.5700586434724535	YES	Q02750
181	R	181	38.221	-28.607	-8.355	0.15	0.29110291102911	0	0	1.7556338074767002	0.6173138430749692	-0.9163086469527111	-0.10967884296479556	NO	Q02750
182	E	182	37.833	-31.216	-6.787	0.15	0.262962962962963	0	0	2.736095185730162	0.3439665881285185	-1.4665959695601452	-0.293893413869008	NO	Q02750
183	K	183	37.638	-31.011	-4.36	-1.15	0.301447629860914	0	0	2.736095185730162	0.3439665881285185	-1.3918958037118832	-0.11351194909132138	NO	Q02750
184	H	184	35.648	-27.717	-4.046	-0.11	0.374275171323142	1	0	6.2564628712354	0.013245261328411194	-1.388188211489959	0.357640678960813	YES	Q02750
185	K	185	34.541	-26.915	-7.637	-0.37	0.374275171323142	0	0	5.355237439139621	0.18932055933218275	-1.1630448544406347	0.23146760229600433	NO	Q02750
186	I	186	35.942	-23.415	-7.482	0.93	0.438271604938272	0	0	2.661084582605635	0.31317245147291195	-1.0281721315386236	0.663429177323724	NO	Q02750
187	M	187	38.307	-21.078	-9.257	0.93	0.409007352941176	0	0	1.7556338074767002	0.6173138430749692	-0.7869075231971204	0.9913245226720091	NO	Q02750
188	H	188	40.765	-18.993	-7.266	1.45	0.432727272727273	0	0	1.7556338074767002	0.6173138430749692	-0.8879409389653805	1.3637081812082525	NO	Q02750
189	R	189	39.928	-15.575	-8.916	1.45	0.432367149758454	0	0	2.661084582605635	0.31317245147291195	-0.6261393416288625	2.040919170847173	NO	Q02750
190	D	190	42.853	-13.691	-7.382	1.45	0.345893719806763	0	0	5.355237439139621	0.18932055933218275	-0.6732106679260607	1.9123973771930713	NO	Q02750
191	V	191	46.196	-15.304	-8.198	0.93	0.348418491484185	0	0	0.8487543241047107	1	-0.5019073093799088	1.8105203456379908	NO	Q02750
192	K	192	49.09	-12.889	-7.841	1.45	0.371948051948052	0	0	0.8487543241047107	1	-0.2742386779443432	1.5618358993804604	NO	Q02750
193	P	193	52.339	-12.849	-5.785	1.45	0.347151515151515	0	0	0	0.17906201465262708	-0.13857744963360413	1.3156890495133133	NO	Q02750
194	S	194	50.68	-11.341	-2.649	1.45	0.344927536231884	0	0	0	0.5733990381819329	-0.5491391220701778	1.2055275120955118	NO	Q02750
195	N	195	48.2	-14.263	-2.502	1.45	0.346181818181818	0	0	0	1	-0.9915705126289601	1.762455284596619	NO	Q02750
196	I	196	50.949	-16.849	-2.541	0.67	0.371948051948052	0	0	1.025789459153138	1	-0.7383329414994784	1.148738812573932	NO	Q02750
197	L	197	52.354	-17.256	0.972	1.45	0.344645006016847	0	0	1.73801955356572	0.5044288374664692	-0.8588418738948548	0.5180379174696028	NO	Q02750
198	V	198	55.52	-19.036	2.112	0.93	0.343405275779376	1	0	1.1619724792900818	0.9999999999999999	-0.4939969334313546	0.3446354974601005	NO	Q02750
199	N	199	57.005	-20.195	5.394	0.67	0.364006100660905	1	0	1.328860011107428	0.7331539894050219	-0.221239809830268	-0.06112616536213497	NO	Q02750
200	S	200	60.289	-21.25	6.995	-0.63	0.295647413085136	0	0	0.4224956846689563	0.3371735701114024	0.37611423383660925	-0.9612181116883822	NO	Q02750
201	R	201	59.353	-24.941	6.592	-0.89	0.271629778672032	1	0	1.827539133609103	0.45788849906700346	-0.04866279787269388	-0.6327235971389125	NO	Q02750
202	G	202	59.519	-24.406	2.812	1.45	0.339222614840989	0	0	1.328860011107428	0.7331539894050219	-0.3191879764540534	-0.009876116781548698	NO	Q02750
203	E	203	55.769	-24.416	2.319	-0.37	0.338967136150235	0	2	1.3452845068064314	0.7535185533714808	-0.7395263487366361	0.14030183496241663	NO	Q02750
204	I	204	54.127	-22.507	-0.562	0.93	0.341107184923439	0	0	1.5200625751845387	0.5248800397480561	-1.0503645122642535	0.6220793694753042	NO	Q02750
205	K	205	50.334	-21.957	-0.246	1.45	0.368073207930859	0	0	2.5113486094877238	0.13932955289294177	-1.2676345443380386	0.7673038962332621	NO	Q02750
206	L	206	47.35	-20.063	-1.778	0.93	0.345714285714286	0	0	4.4553789427781725	0.01923276186230541	-1.2693069242567894	1.1769671135057116	YES	Q02750
207	C	207	45.061	-17.745	0.124	1.45	0.345714285714286	0	0	2.6873725769419194	0.11363381054893124	-1.1921672540621737	1.452834599884465	NO	Q02750
208	D	208	42.427	-15.175	-0.797	1.45	0.349458483754513	0	0	4.971791561546464	0.036849259853955485	-1.2656191835626807	1.931501968141654	YES	Q02750
209	F	209	40.432	-17.392	-3.197	1.45	0.350060606060606	0	0	8.347382378597828	0.06546866719145357	-1.2614092396429175	1.81697968190442	NO	Q02750
210	G	210	36.718	-17.062	-4.053	1.45	0.347242206235012	0	0	4.1461032059902685	0.13249439705584815	-1.147810976591444	1.6339334909425172	NO	Q02750
211	V	211	35.214	-19.522	-1.502	0.93	0.375064935064935	0	1	11.63966378698085	0.0016367374633894079	-1.1892371448110315	1.0203455728519673	YES	Q02750
212	S	212	32.204	-17.353	-0.806	1.45	0.375064935064935	0	0	2.027174466338682	0.39600136678097536	-0.9227611492936885	0.9733591106558442	NO	Q02750
213	G	213	29.841	-16.312	-3.619	0.41	0.403916083916084	0	0	2.736095185730162	0.3439665881285185	-0.9948898217252624	1.3323356818342256	NO	Q02750
214	Q	214	28.359	-13.548	-1.518	0.15	0.392727272727273	0	0	2.027174466338682	0.39600136678097536	-0.740258088566335	0.596445968256508	NO	Q02750
215	L	215	31.802	-12.242	-0.433	1.45	0.290909090909091	0	1	3.803158653810998	0.09375175629946397	-0.8148836859641404	0.7165537914115158	NO	Q02750
216	I	216	32.811	-12.24	-4.139	0.93	0.357332448573324	0	0	8.347382378597828	0.06546866719145357	-1.2430455081689418	1.5780544502233427	NO	Q02750
217	D	217	29.697	-10.096	-4.85	0.67	0.292226292226292	1	0	2.736095185730162	0.3439665881285185	-0.951711562047904	0.7319009021479888	NO	Q02750
218	S	218	30.19	-7.76	-1.869	1.45	0.327554744525547	0	0	3.803158653810998	0.09375175629946397	-0.7634307614823758	0.37479244007044876	NO	Q02750
219	M	219	33.864	-7.162	-2.651	-0.11	0.32518115942029	0	0	3.803158653810998	0.09375175629946397	-0.9732356043369286	0.7245444358445553	NO	Q02750
220	A	220	33.137	-6.293	-6.308	1.45	0.325729927007299	0	0	2.592301146128272	0.48518896833503566	-1.4732130061664406	0.6914403374791052	NO	Q02750
221	N	221	34.109	-2.677	-6.422	0.15	0.372262773722628	0	0	2.592301146128272	0.48518896833503566	-1.5252941105758635	0.6914403374791052	NO	Q02750
225	G	225	45	-0.351	-9.561	1.45	0.371533228676086	0	0	0	1	-0.25551048772500445	-0.5830674495907369	NO	Q02750
226	T	226	48.229	0.76	-11.255	0.67	0.37257980115123	0	0	0	1	0.25725265787621465	-0.8622453458060355	NO	Q02750
227	R	227	48.654	-2.938	-12.271	-0.37	0.430656934306569	0	0	0.8487543241047107	1	0.3778996825725302	0.07519481406071998	NO	Q02750
228	S	228	46.353	-5.957	-13.094	0.15	0.516363636363637	0	0	0.8487543241047107	1	0.10004050802302192	0.7538652086825258	NO	Q02750
229	Y	229	46.735	-9.797	-13.112	1.45	0.514492753623189	0	0	1.2877956659940375	0.9999999999999999	0.02623370050224831	1.8030411141715985	NO	Q02750
230	M	230	43.308	-10.246	-14.723	1.45	0.518681318681319	0	0	1.2877956659940375	0.9999999999999999	0.18898142795259854	1.5815727601945502	NO	Q02750
231	S	231	43.104	-12.09	-17.999	0.67	0.520588235294118	1	0	0.6279889257191698	1	0.5768100870033572	0.9624320264241877	NO	Q02750
232	P	232	42.168	-10.439	-21.258	1.45	0.57843137254902	0	0	0.49503705845546014	1	0.7563290384066625	0.4552381221148101	NO	Q02750
233	E	233	38.766	-12.251	-21.259	1.45	0.493494423791822	0	0	0.49503705845546014	1	0.8790277791117213	0.7157166762804352	NO	Q02750
234	R	234	38.003	-11.25	-17.681	1.45	0.493494423791822	0	0	0.8487543241047107	1	0.4299639202075994	1.003564693496209	NO	Q02750
235	L	235	39.003	-7.627	-18.466	1.19	0.493494423791822	0	0	1.2877956659940375	0.9999999999999999	0.2753359755931002	0.778835157163894	NO	Q02750
236	Q	236	36.508	-7.579	-21.324	0.15	0.488051470588235	0	0	2.592301146128272	0.48518896833503566	0.20251792880399794	0.7723614668168728	NO	Q02750
237	G	237	33.465	-9.193	-19.776	-0.37	0.55983131259884	0	0	2.592301146128272	0.48518896833503566	0.062278366060426395	0.5873988854734038	NO	Q02750
238	T	238	31.702	-11.96	-17.868	-0.63	0.563993627190653	0	0	2.592301146128272	0.48518896833503566	0.0730425131815003	0.32729525545915034	NO	Q02750
239	H	239	32.961	-14.741	-20.206	-0.89	0.563993627190653	0	0	0.6279889257191698	1	0.7330250236025724	-0.1225310223302058	NO	Q02750
240	Y	240	35.783	-16.112	-17.997	1.45	0.662921348314607	0	0	0.6279889257191698	1	0.6458530687348754	0.6307494904757792	NO	Q02750
241	S	241	36.329	-19.122	-15.681	-0.11	0.732417811069496	0	0	0.6279889257191698	1	0.29812609963434933	0.6914403374791052	NO	Q02750
242	V	242	39.1	-21.393	-14.298	0.93	0.724528301886792	0	0	0.29478696932848475	0.43550895677496626	0.2391023308695515	0.7319009021479888	NO	Q02750
243	Q	243	41.311	-20.59	-17.362	0.15	0.712550607287449	1	0	0.20339185235198545	0.16680735282078715	0.9856269958199497	0.6559139880137437	NO	Q02750
244	S	244	41.549	-16.972	-16.111	0.67	0.666666666666667	0	1	0.34256338927997315	0.43322414607635756	0.7504431132657954	0.9342037254924084	NO	Q02750
245	D	245	43.644	-18.227	-13.119	1.45	0.711111111111111	0	0	0.4061671213211313	0.6680312855590094	0.21148251923417993	1.455256850984376	NO	Q02750
246	I	246	46.251	-19.723	-15.522	0.93	0.711111111111111	0	0	0.18305054982996713	0.10026436863396242	0.9466803409739106	0.7063034020513481	NO	Q02750
247	W	247	46.86	-16.326	-17.122	1.45	0.661654135338346	0	0	0.2277885888037365	0.17074487384826761	0.9521339718470746	0.9858555101760896	NO	Q02750
248	S	248	47.291	-14.753	-13.652	1.45	0.664150943396226	0	0	0.34256338927997315	0.43322414607635756	0.2504818129792125	1.4045577897681831	NO	Q02750
249	M	249	49.769	-17.45	-12.656	0.93	0.615789473684211	0	0	0.29478696932848475	0.43550895677496626	0.18893487469786555	1.2983488075123633	NO	Q02750
250	G	250	51.749	-17.001	-15.892	1.45	0.615230961298377	0	0	0.12704652304521344	0.03304136897400833	0.8223251060351385	1.0707581312498913	NO	Q02750
251	L	251	51.938	-13.212	-15.463	1.19	0.669201520912548	0	0	0.4730557561589803	0.4972811764683895	0.6551788974373841	0.982756403095069	NO	Q02750
252	S	252	52.872	-13.553	-11.739	0.93	0.703218645948946	0	0	0	0.056573459412370436	0.2581739397067144	1.3064409204461398	NO	Q02750
253	L	253	55.78	-15.915	-12.726	0.67	0.740740740740741	0	0	0.2277885888037365	0.17074487384826761	0.4011134827658514	1.1162762665023855	NO	Q02750
254	V	254	57.113	-13.477	-15.336	0.15	0.698456667985754	0	0	0	0.01711793888273978	0.7468562920895114	0.8777471236288494	NO	Q02750
255	E	255	57.01	-10.669	-12.756	1.45	0.66044776119403	1	0	0.2575821289779748	0.27137476071783656	0.5659345221026776	0.5457823046711231	NO	Q02750
256	M	256	58.903	-12.753	-10.203	0.93	0.66044776119403	1	0	0.34256338927997315	0.43322414607635756	0.494004100849901	0.5093677964691276	NO	Q02750
257	A	257	61.446	-14.051	-12.752	1.45	0.66044776119403	1	0	0.2277885888037365	0.17074487384826761	0.6414819358259168	0.3006504933601292	NO	Q02750
258	V	258	62.217	-10.615	-14.108	0.15	0.656133828996283	1	0	0	0.03007737678770234	0.9264508275912728	-0.6470388829185667	NO	Q02750
259	G	259	61.833	-8.533	-10.955	0.41	0.656133828996283	0	0	0	0.09952040351111097	0.9905176417837823	-0.6194819577927323	NO	Q02750
260	R	260	59.152	-6.073	-12.06	0.67	0.695346795434592	1	0	0.4061671213211313	0.6680312855590094	0.8691598100622092	-0.8865216846073658	NO	Q02750
261	Y	261	55.524	-6.117	-13.195	0.93	0.699933906146728	0	0	0.2575821289779748	0.27137476071783656	0.6168138479124966	-0.1225310223302058	NO	Q02750
262	P	262	56.05	-7.156	-16.797	1.45	0.694729936584299	0	0	0.2277885888037365	0.17074487384826761	0.7710037497483975	-0.522376602587411	NO	Q02750
263	I	263	53.696	-4.842	-18.573	0.41	0.656133828996283	0	0	0.2575821289779748	0.27137476071783656	0.6355369831962041	-0.7235234097984337	NO	Q02750
264	P	264	54.861	-2.821	-20.652	-0.63	0.66044776119403	0	1	0.29478696932848475	0.43550895677496626	0.7296749824171945	-1.363378339633497	NO	Q02750
265	P	265	57.67	-5.268	-21.792	-0.63	0.654981549815498	0	0	0.2277885888037365	0.17074487384826761	0.9104732620407741	-1.3046141861858325	NO	Q02750
266	P	266	61.297	-4.454	-20.789	-1.41	0.659851301115242	1	0	0.2277885888037365	0.17074487384826761	0.9960069757544057	-1.796884389657253	NO	Q02750
267	D	267	63.094	-2.868	-23.738	-1.41	0.697172034564022	1	0	0.34256338927997315	0.43322414607635756	1.0090061777259496	-2.9071698848357426	NO	Q02750
268	A	268	66.572	-3.972	-25.028	-1.41	0.700374531835206	1	0	0	0.31618375237986296	1.0821615259679094	-3.9023899280034016	NO	Q02750
269	K	269	68.303	-1.524	-22.63	-1.41	0.732057416267943	0	0	0	0.5733990381819329	1.084128685807819	-4.539007204262065	NO	Q02750
270	E	270	66.304	-2.677	-19.557	-1.41	0.740407881092292	0	0	0.4061671213211313	0.6680312855590094	1.0439504366278198	-2.9500104827204434	NO	Q02750
271	L	271	67.209	-6.321	-20.25	-1.41	0.707637017070979	0	0	0	0.09952040351111097	1.0331916087615716	-2.6222799089024837	NO	Q02750
272	E	272	70.969	-5.543	-20.464	-1.41	0.672932330827068	0	0	0	0.18391024366589814	1.0615115710272678	-3.726853324363014	NO	Q02750
273	L	273	70.658	-3.466	-17.251	-1.41	0.672932330827068	0	0	0	0.31618375237986296	1.0603433263487299	-3.9817548817769812	NO	Q02750
274	M	274	68.896	-6.117	-15.11	-1.41	0.670411985018727	0	0	0	0.18391024366589814	1.0736023935296675	-3.23323443540263	NO	Q02750
275	F	275	70.46	-9.144	-16.876	0.15	0.7071992976295	1	0	0	0.09952040351111097	1.0585168325483125	-2.7419275787090402	NO	Q02750
307	P	307	54.211	4.296	-14.648	-1.41	0.664179104477612	0	0	2.592301146128272	0.48518896833503566	0.4832900593049047	-1.2853472506292212	NO	Q02750
308	M	308	51.267	3.617	-17.086	-1.41	0.620474406991261	0	0	2.592301146128272	0.48518896833503566	0.42425366163939476	-1.1867816645185565	NO	Q02750
309	A	309	47.758	5.211	-17.063	-1.41	0.71593200806684	0	0	2.592301146128272	0.48518896833503566	0.3144804404153065	-1.493430154640624	NO	Q02750
310	I	310	45.213	2.511	-16.387	-1.41	0.662313432835821	0	0	2.592301146128272	0.48518896833503566	0.3150773222246973	-1.3220677631018216	NO	Q02750
311	F	311	43.403	2.518	-19.693	0.67	0.606837606837607	1	0	0	1	0.197117868434778	-0.7222993927160137	NO	Q02750
312	E	312	46.879	2.311	-21.333	0.41	0.713260619977038	0	0	2.592301146128272	0.48518896833503566	0.4319368288588601	-1.4550990933753656	NO	Q02750
313	L	313	47.732	-0.746	-19.218	0.15	0.70185873605948	0	0	2.592301146128272	0.48518896833503566	0.31997944003823364	-0.4684291830288992	NO	Q02750
314	L	314	44.464	-2.612	-19.775	1.45	0.614716735402648	0	0	1.2877956659940375	0.9999999999999999	0.12169305287067352	-0.11488091556508072	NO	Q02750
315	D	315	44.499	-1.835	-23.493	-0.11	0.610726643598616	0	0	0.8487543241047107	1	0.46174833969545503	-0.7982440889661647	NO	Q02750
316	Y	316	47.951	-3.328	-23.626	-0.37	0.646520146520147	0	0	0.49503705845546014	1	0.5591754384872888	-0.513039549202284	NO	Q02750
317	I	317	46.799	-6.527	-21.844	0.93	0.599030303030303	0	0	0.49503705845546014	1	0.5149024966292941	0.4343967501709017	NO	Q02750
318	V	318	43.833	-6.951	-24.195	0.93	0.599030303030303	0	0	0	0.17906201465262708	0.5520299290290289	0.5353781594705531	NO	Q02750
319	N	319	45.141	-5.786	-27.593	-0.11	0.641818181818182	0	0	0	0.17906201465262708	0.5869272825235147	0.5093677964691276	NO	Q02750
320	E	320	48.884	-6.313	-27.527	-0.37	0.599238256453661	0	0	0.8487543241047107	1	0.9037939176048971	-0.11351194909132138	NO	Q02750
321	P	321	50.826	-9.587	-27.564	-0.11	0.669684965100924	1	0	0.49503705845546014	1	1.0254510605309555	-0.45849150047864706	NO	Q02750
322	P	322	51.363	-11.211	-24.137	0.41	0.634408602150538	0	0	0.29478696932848475	0.43550895677496626	1.0401626636976862	0.3955724583378916	NO	Q02750
323	P	323	54.604	-10.708	-22.172	1.45	0.63898916967509	2	0	0.2575821289779748	0.27137476071783656	1.031987923466388	-0.016041536159664343	NO	Q02750
324	K	324	57.402	-13.206	-22.551	-0.37	0.639492753623188	1	0	0.15106135175982513	0.057882054763908945	1.0907552803171325	-0.05827012550315492	NO	Q02750
325	L	325	60.472	-14.254	-20.588	1.45	0.677109974424552	0	0	0	0.004368824282522966	1.022978658409998	-0.01817571979055047	NO	Q02750
326	P	326	63.843	-12.961	-21.845	0.41	0.707434052757794	0	0	0	0.008926747676624	1.0181484596983064	-1.347772121832642	NO	Q02750
327	S	327	65.705	-15.571	-23.867	0.15	0.674143038510368	1	0	0	0.05631064668175181	1.0043833619090208	-1.2634437870490733	NO	Q02750
328	G	328	69.228	-16.58	-22.778	-0.89	0.669829222011385	1	0	0	0.5733990381819329	1.0131477870593137	-1.1292850726206691	NO	Q02750
329	V	329	68.72	-16.181	-19.001	-0.89	0.675191815856778	0	0	0	0.17906201465262708	0.9063382624672263	-0.6884778680701975	NO	Q02750
330	F	330	65.814	-18.655	-18.784	1.45	0.7085346215781	0	0	0.2575821289779748	0.27137476071783656	0.7875001733205633	0.2432617749930068	NO	Q02750
331	S	331	65.526	-22.262	-20.041	0.93	0.668820064601938	0	0	0.34256338927997315	0.43322414607635756	1.033030875641098	0.05814454266179218	NO	Q02750
332	L	332	63.369	-23.004	-23.09	-0.89	0.702	0	0	0	0.18391024366589814	1.1883303431836036	-0.17557176256840654	NO	Q02750
333	E	333	61.141	-25.169	-20.84	-0.37	0.668571428571429	0	0	0.2575821289779748	0.27137476071783656	1.2883311451776982	-0.3335606341326197	NO	Q02750
334	F	334	60.351	-22.194	-18.574	1.45	0.635869565217391	1	0	0.2277885888037365	0.17074487384826761	1.032914637470054	0.21903590675051496	NO	Q02750
335	Q	335	59.858	-19.912	-21.558	0.15	0.695652173913044	0	0	0	0.05631064668175181	1.0948658835708323	0.36496543635776607	NO	Q02750
336	D	336	57.46	-22.39	-23.148	-0.63	0.741275571600481	2	0	0	0.09952040351111097	1.4950449939305637	0.340782110348778	NO	Q02750
337	F	337	55.691	-22.911	-19.82	1.45	0.692238267148014	0	0	0	0.016235269630368223	1.3772616946376914	0.2510788429433458	NO	Q02750
338	V	338	54.875	-19.186	-19.356	0.15	0.713093525179856	0	0	0	0.01711793888273978	1.1634425701573923	1.0301799486604584	NO	Q02750
339	N	339	54.041	-18.918	-23.103	-0.37	0.742805755395684	0	0	0	0.05631064668175181	1.4391835064526728	0.5776449993478692	NO	Q02750
340	K	340	51.395	-21.618	-22.65	-0.63	0.719737253675321	1	0	0	0.008608561576593394	1.723601457880238	0.2544662390551593	NO	Q02750
341	C	341	49.945	-19.759	-19.605	1.45	0.777291210509853	0	0	0.11715214385451529	0.018390736387198684	1.4744777121704957	0.4313367074648517	NO	Q02750
342	L	342	49.834	-16.447	-21.398	0.93	0.845878136200717	0	0	0.15106135175982513	0.057882054763908945	1.2512097494448409	0.5527184014715033	NO	Q02750
343	I	343	48.026	-17.475	-24.603	-0.37	0.825151940158953	0	0	0.15106135175982513	0.057882054763908945	1.3845637998098022	0.2941911570936998	NO	Q02750
344	K	344	45.308	-14.803	-25.043	1.45	0.843488649940263	0	0	0.2277885888037365	0.17074487384826761	1.1061311445706163	0.5902889258068952	NO	Q02750
345	N	345	42.509	-17.13	-26.17	0.41	0.931578947368421	1	0	0.2575821289779748	0.27137476071783656	1.4322725029234413	0.21525061483762564	NO	Q02750
346	P	346	41.546	-18.983	-22.934	-1.15	0.928263719797715	0	0	0.29478696932848475	0.43550895677496626	1.5221851278191554	0.495362216391437	NO	Q02750
347	A	347	40.459	-22.204	-24.785	-0.37	0.922359089212393	1	0	0.34256338927997315	0.43322414607635756	1.817926346327616	0.03251114144299624	NO	Q02750
348	E	348	43.886	-22.645	-26.4	0.41	0.939501779359431	0	0	0.29478696932848475	0.43550895677496626	2.163366580147503	-0.2796132145741079	NO	Q02750
349	R	349	45.73	-21.547	-23.282	1.45	0.938829787234043	1	0	0.18305054982996713	0.10026436863396242	1.710859181683977	0.23625898495416137	NO	Q02750
350	A	350	46.969	-24.605	-21.382	0.15	0.915863602668643	1	0	0.1382559463603732	0.03415341487967256	1.8344624622161707	-0.014090758934557523	NO	Q02750
351	D	351	44.791	-25.812	-18.464	-0.63	0.915863602668643	1	0	0.16582985501191322	0.10138551204826504	1.641262412938844	0.03362986673338024	NO	Q02750
352	L	352	46.006	-27.245	-15.15	-0.37	0.904058313632782	0	0	0.20339185235198545	0.16680735282078715	0.6428878792762811	0.5665905950722634	NO	Q02750
353	K	353	45.887	-30.836	-16.56	-0.89	0.900863761287789	1	0	0	0.05631064668175181	1.0934128941626362	-0.07326433476280005	NO	Q02750
354	Q	354	48.371	-29.938	-19.328	-0.11	0.851032174074763	1	0	0	0.03007737678770234	1.833363689162245	-0.20237031838805686	NO	Q02750
355	L	355	50.592	-27.757	-17.142	1.45	0.876868327402135	0	0	0	0.008608561576593394	1.0513815098831856	0.08799991584603704	NO	Q02750
356	M	356	50.917	-30.586	-14.609	0.15	0.835112692763938	1	0	0	0.056573459412370436	1.055295092516888	0.03849053523642744	NO	Q02750
357	V	357	52.69	-32.712	-17.293	-0.89	0.781020651988394	2	0	0	0.056573459412370436	1.7270516610779694	-0.4876961185855106	NO	Q02750
358	H	358	54.593	-29.79	-18.926	1.45	0.786659790269899	0	0	0	0.016235269630368223	1.540359985308164	-0.5466529413887414	NO	Q02750
359	A	359	58.349	-30.479	-19.25	0.15	0.783830078794108	0	0	0	0.056573459412370436	1.5643409444747962	-0.43134033208242234	NO	Q02750
360	F	360	59.253	-27.653	-16.871	1.45	0.811594202898551	0	0	0.2277885888037365	0.17074487384826761	1.1980422822025483	-0.2796132145741079	NO	Q02750
361	I	361	57.183	-29.246	-14.085	0.67	0.794632034632035	0	0	0.18305054982996713	0.10026436863396242	0.9381132804790967	-0.16537162021490626	NO	Q02750
362	K	362	58.625	-32.656	-14.731	-0.37	0.855072463768116	0	0	0	0.18391024366589814	1.466317424743389	-0.21025224657030697	NO	Q02750
363	R	363	62.067	-31.075	-14.551	-0.11	0.830035971223022	1	0	0.4061671213211313	0.6680312855590094	1.264463105866815	-0.31696142811461603	NO	Q02750
364	S	364	61.258	-29.027	-11.346	-0.63	0.85439229843562	0	0	0.34256338927997315	0.43322414607635756	1.0493991002500496	-0.06286018956223002	NO	Q02750
365	D	365	59.487	-31.969	-9.83	-0.11	0.914696813977389	0	0	0.4061671213211313	0.6680312855590094	1.013473662236702	-0.3403040615774337	NO	Q02750
366	A	366	62.818	-33.913	-10.169	-0.63	0.902898550724638	0	0	1.2877956659940375	0.9999999999999999	1.5831361746138635	-0.9107980234086962	NO	Q02750
367	E	367	65.102	-31.101	-8.873	-0.89	0.859903381642512	1	0	0.6279889257191698	1	1.32199995891265	-0.42016043921338864	NO	Q02750
368	E	368	66.515	-30.968	-5.339	-0.63	0.910485933503836	0	0	0.6279889257191698	1	1.601884050419782	-1.1292850726206691	NO	Q02750
369	V	369	65.887	-27.445	-4.153	0.15	0.8860559566787	0	0	0.49503705845546014	1	1.1338786271409718	-0.10305802329170552	NO	Q02750
370	D	370	66.342	-26.103	-0.628	-0.37	0.861612515042118	1	0	1.313928020135336	0.7068016671010272	0.7690817129682092	-0.8418021131312311	NO	Q02750
371	F	371	63.447	-23.612	-0.834	0.41	0.861612515042118	0	0	0.9550387343829331	0.9999999999999999	0.3317638194781306	-0.28798436588491133	NO	Q02750
372	A	372	63.337	-23.212	2.947	0.67	0.836883116883117	0	0	0.4730557561589803	0.4972811764683895	0.6026179174179401	-1.2133185530868125	NO	Q02750
373	G	373	67.082	-22.271	3.123	0.41	0.803356643356644	0	0	0.6117984208199883	0.7190182643051511	0.8664759902375999	-1.424069186636823	NO	Q02750
374	W	374	66.834	-19.983	0.09	0.93	0.748400852878465	0	0	0.2277885888037365	0.17074487384826761	0.7142632955630835	-1.091614891722053	NO	Q02750
375	L	375	63.811	-18.227	1.677	0.41	0.788505747126437	1	0	0.38031533568273584	0.3331722479258744	0.5407693769679776	-0.9029246162298863	NO	Q02750
376	C	376	65.381	-17.644	5.049	0.15	0.818627450980392	0	0	0	0.03007737678770234	0.8192122102867537	-1.6148118486472756	NO	Q02750
377	S	377	68.713	-16.353	3.644	-0.89	0.77714012434242	1	0	0	0.17906201465262708	1.5505197582218642	-2.140799189342766	NO	Q02750
378	T	378	67.018	-13.863	1.292	-0.11	0.80462962962963	0	0	0	0.31618375237986296	1.4018655845483163	-1.8430094333797806	NO	Q02750
379	I	379	64.507	-12.478	3.845	0.93	0.778397565922921	1	0	0	0.056573459412370436	1.0329020759343401	-1.6013249937576475	NO	Q02750
380	G	380	66.638	-12.885	6.971	-1.41	0.7756376887038	1	0	0	0.18391024366589814	1.2339478189905178	-2.1003386246738818	NO	Q02750
381	L	381	64.677	-15.395	9.074	-1.41	0.779816513761468	0	0	0	0.09952040351111097	0.9324192013645024	-1.736193542653927	NO	Q02750
382	N	382	67.494	-17.344	10.832	-1.41	0.829383886255924	0	0	0	0.17906201465262708	1.0808044869468787	-2.0760622858725513	NO	Q02750
