Uniprot_position	aminoacid	Position_in_structure	x	y	z	paraz	mtr	gscount	pscount	OR	pvalue	mtr3dscore	paraz3dscore	HotSpot3D	Uniprot
2	S	2	125.308	-29.372	149.206	-0.65	0.34280303030303	0	0	0	0.5191919191919193	-0.697996940255381	-5.575632852378247	NO	P68400
3	G	3	126.908	-25.986	148.364	0.49	0.302737520128824	0	0	0	0.5191919191919193	-0.17988339741642373	-4.108650841073052	NO	P68400
4	P	4	126.824	-23.57	145.386	0.49	0.298850574712644	0	0	0	0.28611514271891636	0.06908623577381198	-2.1918926580324585	NO	P68400
5	V	5	125.366	-24.574	142.051	-0.36	0.296296296296296	1	0	0	0.28611514271891636	0.033797191176482895	-2.699556731312868	NO	P68400
6	P	6	128.005	-24.519	139.207	-0.65	0.39811320754717	0	0	0	0.1443315594258991	-0.10629724234794187	-1.3241361937402587	NO	P68400
7	S	7	128.052	-21.928	136.391	0.49	0.39578313253012	0	0	0	0.28611514271891636	-0.08712992952378429	-0.8267487773197649	NO	P68400
8	R	8	129.656	-21.739	132.928	0.49	0.398823529411765	0	0	0	0.28611514271891636	-0.0062282451619901785	-0.4755621746133698	NO	P68400
9	A	9	130.165	-18.814	130.47	0.49	0.396067415730337	0	0	1.0860431306615606	1	-0.47856934170132587	-0.030151743208817333	NO	P68400
10	R	10	127.303	-18.691	127.837	0.49	0.397826086956522	0	0	3.3926731527507297	0.5509433962264151	-0.9510217641521103	-0.14337538263031863	NO	P68400
11	V	11	129.986	-17.815	125.164	0.49	0.363157894736842	0	0	3.3926731527507297	0.5509433962264151	-0.6296671120547019	-0.463422812981357	NO	P68400
12	Y	12	133.684	-18.862	124.519	0.49	0.361329026303646	0	0	0	1	0.124204810751312	-0.8310232004296284	NO	P68400
13	T	13	133.098	-21.71	127.018	-0.65	0.40422322775264	0	0	0	0.27878787878787875	0.19517537882596586	-0.8681190867045163	NO	P68400
14	D	14	135.701	-24.18	125.712	-0.08	0.406330511593669	0	0	0	0.27878787878787875	0.09445057721108281	-1.352874508799065	NO	P68400
15	V	15	138.225	-21.935	123.821	0.49	0.404112017015243	0	0	0	1	0.04667324155989434	-1.7844053984122532	NO	P68400
16	N	16	141.159	-22.981	126.127	0.49	0.402472527472527	0	0	0	1	0.15055789085080876	-1.6533153461896424	NO	P68400
17	T	17	140.082	-26.687	126.521	-0.08	0.40053050397878	0	0	0	0.5191919191919193	0.07116611455810647	-2.237919035447597	NO	P68400
18	H	18	140.607	-27.3	122.736	-1.22	0.431944444444444	0	0	0	1	-0.2878645038495245	-3.160850946749668	NO	P68400
19	R	19	143.807	-25.191	122.388	0.49	0.430894308943089	0	0	0	1	-0.24438938231973623	-2.585246444717658	NO	P68400
20	P	20	147.33	-26.707	122.861	-0.65	0.536890645586298	0	0	0	1	-0.6624338289338205	-2.226428053840561	NO	P68400
22	E	22	151.257	-23.98	125.261	0.49	0.434343434343434	0	0	1.6343852363089761	1	-0.4205189210332427	-1.37601214693724	NO	P68400
23	Y	23	148.498	-21.279	124.957	0.49	0.435994930291508	0	0	1.6676067222431312	0.6315432994678278	-0.2904495438272096	-1.1943491647680362	NO	P68400
24	W	24	147.09	-21.251	128.55	0.49	0.389433962264151	0	0	1.6676067222431312	0.6315432994678278	0.03504003116444671	-0.7949577554401542	NO	P68400
25	D	25	149.799	-23.111	130.582	0.49	0.388636363636364	0	0	1.6676067222431312	0.6315432994678278	-0.033856830414657674	-0.08317013312788911	NO	P68400
26	Y	26	151.703	-19.927	131.469	0.49	0.388636363636364	0	0	1.6676067222431312	0.6315432994678278	-0.14859731716744431	-0.41747276455032317	NO	P68400
27	E	27	153.823	-21.657	134.048	0.49	0.390458015267176	0	1	1.6676067222431312	0.6315432994678278	-0.5616222105679187	-0.27962261925722104	NO	P68400
28	S	28	155.594	-23.613	131.354	-0.36	0.437179487179487	1	0	1.6676067222431312	0.6315432994678278	-0.5854213028368783	-0.7485878975965439	NO	P68400
29	H	29	156.109	-20.51	129.139	0.49	0.435897435897436	0	0	1.6676067222431312	0.6315432994678278	-0.39912081943433725	-0.8255275135740896	NO	P68400
30	V	30	159.748	-19.576	128.291	0.49	0.433333333333333	0	0	1.6676067222431312	0.6315432994678278	-0.43839122808195097	-2.304190553411449	NO	P68400
31	V	31	160.469	-15.797	128.103	-0.65	0.485209923664122	0	0	1.6676067222431312	0.6315432994678278	-0.7361502432861654	-1.347856707757051	NO	P68400
32	E	32	162.537	-14.283	125.261	-0.93	0.481939163498099	0	0	0	0.5191919191919193	-0.6022442796346664	-2.501065453118697	NO	P68400
33	W	33	164.469	-11.464	127.025	0.49	0.430925221799746	0	0	0	0.5191919191919193	-0.9808735320315055	-1.921642256911331	NO	P68400
34	G	34	165.374	-8.241	125.195	0.49	0.481132075471698	0	0	0	0.27878787878787875	-0.982003783162385	-1.5927253986073255	NO	P68400
35	N	35	168.068	-5.586	125.861	0.49	0.481534090909091	1	0	0	1	-1.3434063489750194	-0.6353289597910897	NO	P68400
36	Q	36	167.359	-3.461	128.977	0.49	0.481534090909091	0	0	0	0.5191919191919193	-1.5682776732670964	0.5698084284029179	NO	P68400
37	D	37	169.929	-0.911	127.821	0.49	0.368278109722977	0	0	0	0.5191919191919193	-1.4407895670711677	0.5813683214438791	NO	P68400
38	D	38	167.681	-0.067	124.81	0.49	0.319811320754717	0	0	0	0.5191919191919193	-1.7144770947303096	-0.027596056664108474	NO	P68400
39	Y	39	165.397	1.824	127.239	0.49	0.321022727272727	0	0	0	0.5191919191919193	-1.8304532256981862	0.329665863460196	NO	P68400
40	Q	40	166.129	5.01	129.113	0.49	0.321969696969697	0	0	0	0.27878787878787875	-2.0050770974696293	1.1087428870042506	NO	P68400
41	L	41	163.765	5.773	132.076	0.49	0.319548872180451	0	0	0	0.5191919191919193	-1.9356611608342431	1.1181137376681822	NO	P68400
42	V	42	162.523	9.379	132.131	0.49	0.420987654320988	0	0	0	0.5191919191919193	-2.153927359945393	0.9962926790370691	NO	P68400
43	R	43	159.967	9.805	134.898	0.49	0.420987654320988	1	0	1.6676067222431312	0.6315432994678278	-2.0034522874673315	1.0328389966264029	NO	P68400
44	K	44	157.94	7.755	137.268	0.49	0.360569319978914	0	0	7.4757545061946225	0.06434446057087566	-1.8329413201596128	1.3617558549304087	NO	P68400
45	L	45	154.201	7.625	136.532	0.49	0.364021164021164	0	0	7.4757545061946225	0.06434446057087566	-1.8763220771505342	1.3617558549304087	NO	P68400
46	G	46	153.092	5.607	139.513	0.49	0.366737739872068	0	0	12.578838417250532	0.009664800608196815	-1.7841243409250003	1.3617558549304087	YES	P68400
47	R	47	153.505	2.774	141.962	0.49	0.368869936034115	0	2	12.578838417250532	0.009664800608196815	-1.5301390846063851	1.3617558549304087	YES	P68400
48	G	48	151.151	0.114	143.196	0.49	0.368869936034115	0	0	34.60214420500999	4.6227023344646674e-5	-1.1747207071171957	1.3617558549304087	YES	P68400
49	K	49	151.226	-3.2	144.932	0.49	0.366895097522404	0	0	34.60214420500999	1.6712846901526117e-4	-1.1664471061576216	1.3617558549304087	YES	P68400
50	Y	50	152.665	-5.098	141.992	0.49	0.369622942113648	0	2	34.60214420500999	1.2059223481212217e-5	-1.0362385704866306	1.3617558549304087	YES	P68400
51	S	51	154.645	-2.593	139.953	0.49	0.214197530864198	0	2	34.60214420500999	1.2059223481212217e-5	-1.3297256124263894	1.3617558549304087	YES	P68400
52	E	52	156.114	0.798	139.312	0.49	0.214197530864198	0	0	15.640936021854555	0.0034141958670260526	-1.6207026486135268	1.3617558549304087	YES	P68400
53	V	53	155.308	2.362	135.936	0.49	0.215613382899628	0	0	19.167012136022397	0.0011343400343801783	-1.6649924813198442	1.0453106601840538	YES	P68400
54	F	54	157.703	4.645	134.192	0.49	0.216232961586121	0	0	3.669359368354105	0.18795033059184002	-2.1148430661880666	0.815484581489838	NO	P68400
55	E	55	157.75	6.753	131.112	0.49	0.183974696889826	0	0	0	0.5191919191919193	-2.2480536356737795	0.5962066759538341	NO	P68400
56	A	56	160.802	5.932	128.968	0.49	0.184126984126984	0	0	0	0.5191919191919193	-2.1513711231488024	0.8331062354717923	NO	P68400
57	I	57	162.507	6.353	125.606	0.49	0.161111111111111	1	0	0	0.5191919191919193	-2.271223721442482	0.7314428471143657	NO	P68400
58	N	58	163.658	3.504	123.367	0.49	0.161710037174721	0	0	0	0.5191919191919193	-2.133714056481186	0.26750353880532224	NO	P68400
59	I	59	167.094	4.949	122.418	0.49	0.161847014925373	0	0	0	0.5191919191919193	-2.123529896446961	0.9962926790370691	NO	P68400
60	T	60	167.257	2.867	119.185	0.49	0.186034115138593	0	0	0	0.5191919191919193	-2.1962051524914434	0.9232000438584016	NO	P68400
61	N	61	164.221	4.51	117.387	0.49	0.186034115138593	0	0	0	1	-2.63169264143093	0.8135610910903996	NO	P68400
62	N	62	163.795	7.549	119.805	0.49	0.184656084656085	0	0	0	1	-2.6566077871976925	0.8557299190780923	NO	P68400
63	E	63	160.143	6.503	120.492	0.49	0.183447548761202	0	0	0	1	-2.6052158884999344	-0.35839413085327937	NO	P68400
64	K	64	158.308	7.101	123.8	-0.08	0.212287104622871	0	0	0	0.5191919191919193	-2.411203374776524	0.0716433655926428	NO	P68400
65	V	65	157.546	3.854	125.641	0.49	0.213064713064713	0	0	0	0.28611514271891636	-2.1577901084946443	-0.13856665663172194	NO	P68400
66	V	66	156.15	2.833	129.034	0.49	0.212121212121212	0	0	0.7927928602764529	1	-1.6761701579675792	-0.36072979776688346	NO	P68400
67	V	67	158.06	0.508	131.348	0.49	0.36101083032491	0	0	2.305620132472884	0.27909499840451263	-1.658856255966884	-0.12207959606510492	NO	P68400
68	K	68	156.327	-1.465	133.994	0.49	0.3584229390681	0	0	6.545506944776298	0.004601329902322478	-1.338858626959282	0.34102361629497635	YES	P68400
69	I	69	158.819	-2.789	136.518	0.49	0.357398873527906	0	0	34.60214420500999	1.6712846901526117e-4	-1.5584507180056213	0.772871871102275	YES	P68400
70	L	70	157.414	-5.709	138.486	0.49	0.359979370809696	0	0	23.226307046080688	3.5373722211555806e-4	-1.2440757218406093	0.5176183539196278	YES	P68400
71	K	71	157.728	-5.885	142.228	0.49	0.362042289840124	0	0	34.60214420500999	1.6712846901526117e-4	-1.5268880209433466	1.0876584730104042	YES	P68400
72	P	72	159.026	-9.139	143.694	0.49	0.364675324675325	0	0	34.60214420500999	0.005849496415534153	-1.6090260584892813	0.9962926790370691	YES	P68400
73	V	73	155.634	-9.604	145.532	0.49	0.255072463768116	0	1	34.60214420500999	0.005849496415534153	-1.4476028380397632	1.3617558549304087	YES	P68400
77	K	77	151.859	-14.42	138.425	0.49	0.429440389294404	0	0	15.640936021854555	0.0034141958670260526	-0.30746693179145757	1.075741195535621	YES	P68400
78	I	78	154.296	-12.282	136.265	0.49	0.431013431013431	0	0	27.97384353897878	1.0317335645037075e-4	-0.5675214408858806	0.23290742675986306	YES	P68400
79	K	79	154.347	-15.365	134.038	0.49	0.431013431013431	0	0	3.669359368354105	0.18795033059184002	-0.39320882074611574	-0.22213899812457236	NO	P68400
80	R	80	150.528	-15.178	133.601	0.49	0.431013431013431	0	1	3.669359368354105	0.18795033059184002	0.16039694849036004	0.30658397866693243	NO	P68400
81	E	81	150.557	-11.497	132.62	0.49	0.431013431013431	0	0	4.4743398093420055	0.04094205296097327	0.01537641920553267	0.41114665226047564	NO	P68400
82	I	82	153.391	-12.009	130.106	-0.08	0.470588235294118	1	0	1.7922294502467842	0.4801763494623005	-0.2825539980182067	-0.7746604584925897	NO	P68400
83	K	83	151.574	-14.938	128.434	0.49	0.470588235294118	0	0	1.3567940601441173	0.7186836714737157	0.006719018632477296	-0.5267619917911542	NO	P68400
84	I	84	148.226	-13.071	128.281	0.49	0.473666554847367	0	0	2.9362152858166883	0.15622859909945594	0.4039603356965975	0.4807034231875439	NO	P68400
85	L	85	149.879	-9.906	126.787	0.49	0.476767676767677	0	0	2.305620132472884	0.27909499840451263	0.33284679252665084	-0.279943200990461	NO	P68400
86	E	86	151.683	-12.071	124.147	0.49	0.583747927031509	0	0	0.7927928602764529	1	-0.14592476265322693	-1.5234797442275347	NO	P68400
87	N	87	148.498	-14.042	123.364	0.49	0.586466165413534	0	0	0.7927928602764529	1	0.39170611521241716	0.299310275475778	NO	P68400
88	L	88	146.494	-10.754	122.93	0.49	0.659774436090226	0	0	0.6157510341251579	0.6960490243509111	0.9355427814508234	0.08584055663611796	NO	P68400
89	R	89	149.167	-8.622	121.115	0.49	0.664150943396226	1	0	0.6157510341251579	0.6960490243509111	0.617939445691324	-0.6758174233714768	NO	P68400
90	G	90	147.919	-7.129	117.843	0.49	0.666666666666667	0	0	0	0.28611514271891636	0.8642230086369324	-0.7095395962545573	NO	P68400
91	G	91	144.277	-7.383	119.09	0.49	0.664772727272727	0	0	0	0.28611514271891636	1.381359210618884	-0.15917548233999287	NO	P68400
92	P	92	141.984	-4.297	118.721	-0.36	0.669201520912548	1	0	0	0.5191919191919193	1.7911348122530653	0.08221658921688567	NO	P68400
93	N	93	142.62	-1.696	121.486	0.49	0.531320754716981	0	0	0.3808869297887854	0.6387679406547331	1.352083166430089	0.10922416541360748	NO	P68400
94	I	94	144.793	-4.074	123.458	0.49	0.479835953520164	0	0	1.2448275952082453	1	1.2098546866211335	0.41418374236485256	NO	P68400
95	I	95	147.968	-2.557	124.903	0.49	0.47940074906367	0	0	1.2448275952082453	1	0.4046504848772102	-0.23214186525306033	NO	P68400
96	T	96	150.938	-3.723	122.788	-0.93	0.48257006151743	0	0	0.9672575183201411	1	0.06441913614561069	-0.9532214140410233	NO	P68400
97	L	97	153.802	-5.363	124.671	0.49	0.482124616956078	2	0	1.2448275952082453	1	-0.23803393105818668	-0.418846686264208	NO	P68400
98	A	98	156.904	-4.24	122.742	-0.65	0.397388059701493	0	0	0	0.1443315594258991	-1.1764672161689218	-1.3894558970408433	NO	P68400
99	D	99	159.54	-6.058	124.916	0.49	0.398876404494382	0	0	0	0.1443315594258991	-1.0934637792798956	-1.28521512700675	NO	P68400
100	I	100	160.452	-7.912	128.168	-0.93	0.442786069651741	0	0	0	0.28611514271891636	-0.9704804114528194	-0.9175802684043667	NO	P68400
101	V	101	163.778	-6.974	129.825	0.49	0.439506172839506	0	0	0	0.28611514271891636	-1.134103088786487	-0.968769932260395	NO	P68400
102	K	102	165.36	-7.875	133.166	0.49	0.439506172839506	0	0	0	1	-1.149568706875419	-0.5831066600575383	NO	P68400
103	D	103	165.49	-4.729	135.314	0.49	0.438271604938272	0	0	3.3926731527507297	0.5509433962264151	-1.3692740041524318	0.5962066759538341	NO	P68400
104	P	104	169.081	-4.22	136.668	0.49	0.439900867410161	0	0	0	1	-1.2405864402986884	0.9506097820504016	NO	P68400
105	V	105	167.967	-2.721	140.002	0.49	0.329291044776119	0	0	0	1	-1.293223805648229	0.9232000438584016	NO	P68400
106	S	106	164.895	-4.849	140.895	0.49	0.328066914498141	0	0	34.60214420500999	0.050695635601295995	-1.5660164503825074	0.9962926790370691	NO	P68400
107	R	107	166.22	-8.049	139.235	-0.08	0.377398720682303	0	0	0	1	-1.293223805648229	0.9232000438584016	NO	P68400
108	T	108	162.676	-8.65	138.066	0.49	0.221383647798742	0	0	34.60214420500999	0.005849496415534153	-1.3824273394097746	0.44309684015851947	YES	P68400
109	P	109	161.117	-8.485	134.605	0.49	0.222012578616352	0	0	3.669359368354105	0.18795033059184002	-1.1191204641533494	-0.3761742942094347	NO	P68400
110	A	110	160.184	-5.116	133.204	0.49	0.189406099518459	0	0	1.7457311785031084	0.4640864376713433	-1.350080247178237	0.03179963588998511	NO	P68400
111	L	111	157.44	-5.027	130.605	0.49	0.18816631130064	0	0	2.305620132472884	0.27909499840451263	-1.0822396860690031	-0.4220724155055025	NO	P68400
112	V	112	157.864	-2.457	127.822	0.49	0.290534979423868	0	0	0	0.1443315594258991	-1.6134646838632356	-0.36072979776688346	NO	P68400
113	F	113	154.663	-1.148	126.28	0.49	0.186083289404323	0	0	0.9672575183201411	1	-1.1592765576783273	-0.5735714085047657	NO	P68400
114	E	114	153.678	1.272	123.559	0.49	0.188336008560728	0	0	0.3808869297887854	0.6387679406547331	-1.0669411351341345	-0.2792218920906719	NO	P68400
115	H	115	152.978	4.792	124.76	-0.36	0.187633262260128	0	0	0.5223770805126023	1	-1.2922309056515917	-0.2792218920906719	NO	P68400
116	V	116	149.378	6.025	124.384	-0.08	0.187265917602996	0	0	0.8031776811082509	1	-0.3648563194703563	-0.8923344569117346	NO	P68400
117	N	117	149.343	9.329	126.286	0.49	0.185185185185185	0	0	0	0.5191919191919193	-0.6809477807121699	-0.7821961364438782	NO	P68400
118	N	118	149.716	10.846	129.712	0.49	0.183447548761202	0	0	0	1	-1.1686945974214233	0.10112983929832252	NO	P68400
119	T	119	146.21	10.758	130.1	0.49	0.318933823529412	0	0	0	1	0.03804103019161679	0.2227150183932731	NO	P68400
120	D	120	143.803	8.078	131.53	0.49	0.320110701107011	0	0	34.60214420500999	0.38181818181818183	0.26851355721300435	0.7314428471143657	NO	P68400
121	F	121	140.051	7.632	130.92	0.49	0.322490706319703	0	0	0.2955601271679484	0.3895178197064988	0.6296956875112821	0.4513037325294576	NO	P68400
122	K	122	139.219	8.927	134.453	0.49	0.42716049382716	0	0	0.5223770805126023	1	0.6666486522669769	0.44309684015851947	NO	P68400
123	Q	123	140.859	12.267	133.44	0.49	0.42998760842627	0	0	0	0.5191919191919193	0.2852860962668139	0.5813683214438791	NO	P68400
124	L	124	138.394	12.673	130.572	0.49	0.559076262083781	0	0	0	0.27878787878787875	0.4592614645039441	0.05070479867303946	NO	P68400
125	Y	125	135.341	10.514	131.183	0.49	0.647388059701493	0	0	0.2955601271679484	0.3895178197064988	0.7721849351437796	0.705570844379059	NO	P68400
126	Q	126	133.309	12.938	133.303	0.49	0.64365671641791	0	0	0.5223770805126023	1	0.6750180595975213	0.5698084284029179	NO	P68400
127	T	127	133.686	15.539	130.495	-0.93	0.638376383763838	1	0	0	0.5191919191919193	0.5445610127912536	0.13072199928968595	NO	P68400
128	L	128	132.697	13.677	127.297	0.49	0.540779220779221	0	0	0	0.1443315594258991	0.46156741570630516	0.5111456560675482	NO	P68400
129	T	129	129.748	14.35	124.995	0.49	0.536874677668901	0	0	0	0.28611514271891636	0.2530252438779127	-0.19901921204264994	NO	P68400
130	D	130	127.003	11.792	124.43	0.49	0.531122448979592	0	0	0	0.1443315594258991	0.43443376399410627	-0.057780059855299444	NO	P68400
131	Y	131	128.622	10.86	121.078	-0.08	0.531490015360983	0	0	0	0.1443315594258991	0.6481140831181722	0.05070479867303946	NO	P68400
132	D	132	132.116	10.346	122.663	0.49	0.531122448979592	0	0	0	0.1443315594258991	1.0704232848430213	-0.22419300344544119	NO	P68400
133	I	133	130.746	8.111	125.472	0.49	0.525492175668854	0	0	0	0.03617481051443313	0.8339208836818351	0.21078078888794285	NO	P68400
134	R	134	129.216	5.905	122.772	0.49	0.525492175668854	1	0	0	0.1443315594258991	0.6610626381028809	0.5663665816490295	NO	P68400
135	F	135	132.367	6.015	120.655	0.49	0.527355623100304	0	0	0	0.28611514271891636	1.4495494674451403	0.4583786397457835	NO	P68400
136	Y	136	134.834	5.127	123.458	0.49	0.527355623100304	0	0	0	0.07213030156426382	1.27052622425476	0.9415471830530466	NO	P68400
137	M	137	132.449	2.508	124.963	0.49	0.527355623100304	1	0	0	0.1443315594258991	0.9931585514165637	0.9257646977243192	NO	P68400
138	Y	138	132.449	0.811	121.483	0.49	0.527707168276563	0	0	0	0.1443315594258991	1.3333114562450126	0.21078078888794285	NO	P68400
139	E	139	136.288	0.945	121.404	0.49	0.620071684587814	0	0	0	0.1443315594258991	1.4954989524842863	0.8011957956654372	NO	P68400
140	I	140	136.404	-0.667	124.913	0.21	0.615658362989324	0	0	0.2955601271679484	0.3895178197064988	1.0833329597793888	0.5615838487639387	NO	P68400
141	L	141	134.017	-3.418	123.714	0.49	0.738790035587189	0	0	0	0.28611514271891636	0.9208962918443221	0.4835182871867224	NO	P68400
142	K	142	136.356	-4.256	120.834	0.49	0.744086021505376	0	0	0	0.27878787878787875	0.9714063776361642	0.6852178523692357	NO	P68400
143	A	143	139.15	-5.029	123.406	0.49	0.823250296559905	0	0	0.7927928602764529	1	1.1062942844449262	0.16262379128037585	NO	P68400
144	L	144	136.743	-6.969	125.685	0.49	0.825622775800712	0	0	2.3901471715383003	0.40809546847282696	0.90163897649675	0.26921330804926735	NO	P68400
145	D	145	135.239	-9.145	122.884	0.49	0.822143698468787	0	0	0	0.5191919191919193	0.51218552618755	0.4759105466484024	NO	P68400
146	Y	146	138.777	-9.819	121.61	0.49	0.821052631578947	0	0	0	0.5191919191919193	0.9339734668711013	0.26921330804926735	NO	P68400
147	C	147	140.217	-11.032	125.002	0.49	0.615789473684211	0	0	0.8031776811082509	1	1.0319990978817515	0.5423489447695528	NO	P68400
148	H	148	137.024	-13.001	125.899	0.49	0.611498257839721	0	0	0	1	0.6523058990597455	0.39907236721136785	NO	P68400
149	S	149	137.125	-14.694	122.394	0.49	0.611111111111111	0	0	0	1	0.48086813532508116	0.08852930665683853	NO	P68400
150	M	150	140.751	-15.581	123.185	-0.65	0.404844290657439	0	0	0	1	0.6901880242378604	-0.28282843658961926	NO	P68400
151	G	151	139.74	-17.276	126.472	0.49	0.409090909090909	0	0	0	1	0.5996093273128061	-0.3795686890319736	NO	P68400
152	I	152	140.8	-14.378	128.707	0.49	0.413145539906103	0	0	3.3926731527507297	0.5509433962264151	0.740628178844914	0.57862047801611	NO	P68400
153	M	153	138.902	-12.306	131.283	0.49	0.417556346381969	0	0	3.669359368354105	0.18795033059184002	0.8607906016150119	0.34505378665570463	NO	P68400
154	H	154	140.437	-8.911	132.272	0.49	0.626334519572954	0	0	15.640936021854555	0.0034141958670260526	1.1412648595432484	0.6492281069644468	NO	P68400
155	R	155	139.096	-8.819	135.898	0.49	0.619298245614035	0	0	5.427252780711037	0.019565719683230696	1.2000595904013531	0.9806363618323362	NO	P68400
156	D	156	140.225	-5.191	136.479	0.49	0.617957746478873	0	2	7.423644473097061	0.005737908493917093	1.2505559891212437	0.9188332007894056	NO	P68400
157	V	157	138.012	-3.071	134.138	0.49	0.621478873239437	0	0	9.39511221961135	0.004256751283438661	1.2905022231068968	0.9054860392496178	NO	P68400
158	K	158	137.973	0.538	135.44	0.49	0.501067615658363	0	0	6.1222408244103494	0.014049073239550278	1.0811997971717766	0.8712658030735586	NO	P68400
159	P	159	138.456	4.096	134	0.49	0.629893238434164	0	0	4.018936963251945	0.07071158735550546	1.0676542917951135	0.8586891350772288	NO	P68400
161	N	161	142.878	0.955	133.083	0.49	0.627659574468085	0	0	15.640936021854555	0.0034141958670260526	0.8891733967421733	0.6132433052060053	NO	P68400
162	V	162	141.754	2.669	129.888	0.49	0.621908127208481	0	0	4.845646365536749	0.09243025318497007	0.7888818867055711	1.1165108290019836	NO	P68400
163	M	163	144.371	4.861	128.347	0.49	0.621478873239437	0	0	3.3926731527507297	0.5509433962264151	0.2521505073147143	0.6132433052060053	NO	P68400
164	I	164	143.141	7.508	125.866	0.49	0.621478873239437	0	0	0.5223770805126023	1	0.4134743131594657	-0.17929939450218713	NO	P68400
165	D	165	144.664	9.855	123.336	0.49	0.619298245614035	0	0	0	0.5191919191919193	0.08046088691763449	-0.8729902636901078	NO	P68400
166	H	166	141.588	12.052	123.05	0.49	0.619718309859155	0	0	0	0.27878787878787875	0.3377451501752446	-0.7821961364438789	NO	P68400
167	E	167	143.165	14.361	120.453	-0.36	0.619298245614035	0	0	0	0.5191919191919193	0.2204450368210878	-1.4492879716777591	NO	P68400
168	H	168	143.704	11.258	118.164	-0.93	0.619718309859155	1	0	0	0.5191919191919193	0.666179300605313	-2.573705502321026	NO	P68400
169	R	169	140.615	9.331	119.35	-0.08	0.619718309859155	1	0	0	0.5191919191919193	0.6167222096773182	-0.5122733628083701	NO	P68400
170	K	170	142.714	6.367	120.196	0.49	0.748936170212766	0	0	0	0.28611514271891636	0.4649109329980014	-0.7832675767194276	NO	P68400
171	L	171	142.165	3.933	123.083	0.49	0.76028880866426	0	0	0.3808869297887854	0.6387679406547331	0.6354728752749885	-0.76240138077398	NO	P68400
172	R	172	143.967	1.07	124.909	0.49	0.759712230215827	0	0	0.781264558883441	1	0.7361422287573649	0.0838075993033783	NO	P68400
173	L	173	142.916	-1.414	127.585	0.49	0.847172081829121	0	0	2.282694199029443	0.30037852209984933	1.0667561456979384	0.5956337213667675	NO	P68400
174	I	174	145.897	-1.678	129.983	0.49	0.734098018769552	0	1	4.018936963251945	0.07071158735550546	0.5025272382143413	0.4835182871867224	NO	P68400
175	D	175	147.11	-3.567	133.117	0.49	0.722222222222222	0	1	8.949765398403002	0.002237283037526905	0.11563732789226552	0.7573749241594292	NO	P68400
176	W	176	146.564	-7.281	132.458	0.49	0.648148148148148	0	1	7.876391049153114	0.0016883254739443296	0.6107942927043711	0.8624846512500339	NO	P68400
177	G	177	148.123	-8.103	135.872	0.49	0.648148148148148	0	1	33.60214420500999	2.8004196750815023e-5	0.20898799383760167	1.1682753500456995	NO	P68400
178	L	178	144.791	-9.475	137.219	0.49	0.715457154571546	0	0	8.949765398403002	0.002237283037526905	0.6373792670339995	1.1624123044431327	NO	P68400
179	A	179	143.789	-11.168	133.876	0.49	0.720164609053498	0	0	4.998887969702287	0.03252977161482564	0.8313613909975288	0.8804141110708886	NO	P68400
180	E	180	143.168	-14.902	133.839	0.49	0.720164609053498	0	0	3.15616749137492	0.2361232059345267	0.5176501894641267	0.8804141110708886	NO	P68400
181	F	181	142.43	-17.76	131.438	0.49	0.720776538620405	0	0	1.6676067222431312	0.6315432994678278	0.4228207247833073	0.39907236721136785	NO	P68400
182	Y	182	138.823	-18.874	131.652	0.49	0.72890559732665	0	0	0	0.28611514271891636	0.4335041479096823	0.2076616152672316	NO	P68400
183	H	183	138.549	-22.669	132.293	0.49	0.787218045112782	0	0	0	0.28611514271891636	0.20085198623281442	-0.6523247375140394	NO	P68400
184	P	184	134.896	-23.959	132.606	0.49	0.737220109843684	0	0	0	0.28611514271891636	0.16293540049710795	-0.8681190867045163	NO	P68400
185	G	185	134.091	-25.136	136.141	0.21	0.660984848484848	2	0	0	0.1443315594258991	0.22051893564734837	-1.2638085403033197	NO	P68400
186	Q	186	137.222	-23.501	137.681	0.49	0.58863443596268	0	0	0	0.28611514271891636	0.7030734166681869	-0.35839413085327937	NO	P68400
187	E	187	136.812	-21.615	140.981	0.49	0.530268199233717	0	0	0	0.07213030156426382	0.6556108512475584	0.27017505324898655	NO	P68400
188	Y	188	138.623	-18.25	140.911	0.49	0.527756653992396	1	0	0.2955601271679484	0.3895178197064988	1.145193564771165	1.2420720078542276	NO	P68400
189	N	189	139.813	-15.84	143.577	0.49	0.587484035759898	0	0	0.5223770805126023	1	0.9372987273515575	1.3617558549304087	NO	P68400
190	V	190	137.053	-13.26	144.273	0.49	0.584706379383185	1	0	1.7457311785031084	0.4640864376713433	0.8911325884806118	1.3617558549304087	NO	P68400
191	R	191	139.744	-10.613	145.33	0.49	0.585241730279898	0	1	3.15616749137492	0.2361232059345267	0.9186071828085167	1.3617558549304087	NO	P68400
192	V	192	139.999	-9.052	141.872	0.49	0.578616352201258	0	0	4.998887969702287	0.03252977161482564	1.0033445792093385	0.8651456063480718	NO	P68400
193	A	193	138.987	-5.652	140.376	0.49	0.574282147315855	0	0	9.39511221961135	0.004256751283438661	1.0816343284284673	0.8935233348384908	NO	P68400
194	S	194	137.303	-2.376	142.8	0.49	0.567901234567901	0	0	2.282694199029443	0.30037852209984933	1.2123799048788606	0.42529081474657354	NO	P68400
195	R	195	135.854	-2.054	144.845	0.49	0.634191176470588	0	0	2.9362152858166883	0.15622859909945594	1.3494878152840064	0.36853535776573487	NO	P68400
196	Y	196	133.476	0.218	142.839	0.49	0.632841328413284	0	0	2.305620132472884	0.27909499840451263	1.3452948998167102	0.3778905156175501	NO	P68400
197	F	197	133.744	-2.07	139.764	0.49	0.634191176470588	0	1	4.018936963251945	0.07071158735550546	1.1215323284519283	0.9806363618323362	NO	P68400
198	K	198	133.428	-5.434	141.641	0.49	0.632352941176471	1	1	2.282694199029443	0.30037852209984933	0.8314308566610962	1.020336309030052	NO	P68400
199	G	199	130.595	-7.582	140.344	0.49	0.634191176470588	0	0	3.6527029735850363	0.08213139207501527	0.3355289705935558	0.9975750059700282	NO	P68400
200	P	200	127.914	-8.96	142.75	0.49	0.63003663003663	0	0	0.7927928602764529	1	0.5379049091119996	0.8159654540896977	NO	P68400
201	E	201	129.438	-12.472	142.178	0.49	0.557575757575758	0	0	0.781264558883441	1	0.19705400004266677	0.75250145399194035	NO	P68400
202	L	202	132.711	-11.25	143.881	0.49	0.563725490196078	0	0	0.781264558883441	1	0.5140825045949459	0.9415471830530466	NO	P68400
203	L	203	130.821	-9.528	146.734	0.49	0.566993464052288	0	0	0.9672575183201411	1	0.847142217305311	1.1165108290019836	NO	P68400
204	V	204	128.699	-12.638	147.568	0.49	0.425245098039216	0	0	0.7927928602764529	1	0.5453041859800819	-0.14480500387314446	NO	P68400
205	D	205	131.816	-14.907	147.389	0.49	0.473181818181818	0	0	0.6157510341251579	0.6960490243509111	0.6368424423969006	0.3429692157794657	NO	P68400
206	Y	206	130.707	-16.8	144.201	0.49	0.538819875776398	0	0	0.49716962203779164	0.6960490243509111	0.0772135421438007	-0.057468142493228576	NO	P68400
207	Q	207	133.946	-18.273	142.716	0.49	0.558363417569194	0	0	0.19757278254140515	0.13611353007579421	0.24093457774980206	0.5166610407254367	NO	P68400
208	M	208	132.654	-19.863	139.457	0.49	0.564040404040404	0	0	0	0.03617481051443313	0.2533250057058304	0.5166610407254367	NO	P68400
209	Y	209	132.532	-16.562	137.58	0.49	0.563607085346216	0	0	0.19757278254140515	0.13611353007579421	0.1941431332515004	0.5062207772670531	NO	P68400
210	D	210	133.55	-15.78	133.961	0.49	0.634545454545455	1	0	0.6157510341251579	0.6960490243509111	0.1300149658011837	0.576469991855247	NO	P68400
211	Y	211	133.954	-13.057	131.247	0.49	0.634545454545455	0	0	3.669359368354105	0.18795033059184002	0.19516899176842897	0.1558451392007216	NO	P68400
212	S	212	130.598	-11.537	132.327	0.49	0.627240143369176	0	0	2.616893744223414	0.3588130946621514	-0.46338990185457485	0.42434869699990985	NO	P68400
213	L	213	132.476	-10.074	135.378	0.49	0.566159818828858	0	0	2.9362152858166883	0.15622859909945594	0.020970193379776184	0.8579493310774448	NO	P68400
214	D	214	134.096	-7.523	132.906	0.49	0.49469964664311	0	0	4.018936963251945	0.07071158735550546	0.6311048861491724	0.9443175129245787	NO	P68400
215	M	215	130.593	-6.639	131.607	0.49	0.495035460992908	0	0	1.8447366566347614	0.5028039671915886	-0.27270748250721477	0.4633726918984846	NO	P68400
216	W	216	129.394	-5.622	135.137	0.49	0.48951048951049	0	0	2.9362152858166883	0.15622859909945594	-0.29726890573859904	0.6115945991493434	NO	P68400
217	S	217	132.589	-3.487	135.467	-0.93	0.54320987654321	0	0	7.6729278486371975	0.01964281670423783	0.5230898911533869	0.9443175129245787	NO	P68400
218	L	218	131.886	-1.848	132.061	0.49	0.611111111111111	0	0	2.282694199029443	0.30037852209984933	0.36419714172005774	0.7847087350988202	NO	P68400
219	G	219	128.285	-1.17	133.271	0.49	0.611498257839721	0	0	1.7922294502467842	0.4801763494623005	-0.15908603898228715	0.5268791709187486	NO	P68400
220	C	220	129.748	0.623	136.334	0.49	0.607266435986159	0	0	1.7922294502467842	0.4801763494623005	0.6904653696158907	0.8149350128042845	NO	P68400
221	M	221	131.854	2.799	133.995	0.49	0.603448275862069	1	0	1.7922294502467842	0.4801763494623005	0.817345502695417	0.7379953968267389	NO	P68400
222	L	222	128.865	3.634	131.748	0.49	0.67281814686659	0	0	0.6157510341251579	0.6960490243509111	0.308006268240642	0.6416010493805859	NO	P68400
223	A	223	126.579	4.52	134.64	0.49	0.670498084291188	0	0	0.6157510341251579	0.6960490243509111	0.22114500446441177	0.14056311296123278	NO	P68400
224	S	224	129.198	6.785	135.989	0.49	0.668193967163039	0	0	1.0860431306615606	1	0.9164360428163606	0.01078671555998336	NO	P68400
225	M	225	129.634	8.487	132.583	0.49	0.665905631659056	1	0	0.23846491242170753	0.23160780519271087	0.3901642392585464	0.2935476982189095	NO	P68400
226	I	226	126.004	8.957	131.598	0.49	0.603448275862069	0	0	0.19757278254140515	0.13611353007579421	0.05255605728497998	0.09487513275469324	NO	P68400
227	F	227	124.806	10.019	135.065	0.49	0.670103092783505	0	0	0.2955601271679484	0.3895178197064988	0.2609219187053326	-0.02012014256102717	NO	P68400
228	R	228	127.912	12.142	135.983	0.49	0.674329501915709	0	0	0.2955601271679484	0.3895178197064988	0.510819571966711	0.13192418078933527	NO	P68400
229	K	229	128.4	10.173	139.248	-0.08	0.683760683760684	0	0	0.3808869297887854	0.6387679406547331	1.1041518267304997	0.1799633535153152	NO	P68400
230	E	230	131.93	9.035	140.286	0.49	0.687645687645688	0	0	1.0860431306615606	1	1.4439339579472348	0.44309684015851947	NO	P68400
231	P	231	131.666	6.329	141.106	0.49	0.692488262910798	0	1	1.7045062065731067	0.6640541848089018	1.4387062875199623	0.13192418078933527	NO	P68400
232	F	232	128.158	5.144	140.476	0.49	0.692007797270955	0	0	1.2448275952082453	1	1.3029241238774327	0.23290742675986306	NO	P68400
233	F	233	128.072	2.574	143.361	0.49	0.747368421052632	0	0	0.9672575183201411	1	1.3422090181315922	-0.02012014256102717	NO	P68400
234	H	234	130.071	4.271	146.172	0.49	0.747887323943662	0	0	1.2448275952082453	1	1.5382078657844718	0.023861421543095607	NO	P68400
235	G	235	130.593	1.656	148.901	0.49	0.748936170212766	0	0	1.7045062065731067	0.6640541848089018	1.5097802418003574	0.6789167631296957	NO	P68400
236	H	236	132.66	2.411	152.062	-0.93	0.683274021352313	0	0	0.8031776811082509	1	1.6220897024697805	0.33749721722933884	NO	P68400
237	D	237	133.942	-1.231	151.864	0.49	0.628571428571429	1	0	0.5223770805126023	1	1.5356947177707652	0.39774772532940145	NO	P68400
238	N	238	133.058	-4.599	150.106	0.49	0.720942140296979	0	0	1.2448275952082453	1	1.1750334779442408	0.5430702536693425	NO	P68400
239	Y	239	129.924	-5.207	152.24	0.49	0.717844433146924	0	0	0.2955601271679484	0.3895178197064988	1.1676147418531384	0.5166610407254367	NO	P68400
240	D	240	128.58	-1.651	151.802	0.49	0.713272543059777	0	0	0.3808869297887854	0.6387679406547331	1.274082290563225	0.39146180899136696	NO	P68400
241	Q	241	129.502	-2.038	148.119	0.49	0.624555160142349	0	0	0.9672575183201411	1	1.3267363552065063	0.4086973860472687	NO	P68400
242	L	242	126.73	-4.728	147.817	0.49	0.537244897959184	1	0	0.6157510341251579	0.6960490243509111	1.0372952541124254	0.3778905156175501	NO	P68400
243	V	243	124.267	-2.552	149.897	0.49	0.533434650455927	0	0	0	0.1443315594258991	1.2267903492816254	-0.12807489081660206	NO	P68400
244	R	244	124.909	0.375	147.437	0.49	0.618374558303887	0	0	0.781264558883441	1	1.4041070293568738	0.4664585053735196	NO	P68400
245	I	245	124.095	-1.869	144.441	0.49	0.621428571428571	0	0	1.2448275952082453	1	1.0085224663941224	0.8683805674744003	NO	P68400
246	A	246	121.01	-3.262	146.282	0.49	0.623655913978495	0	0	0	0.28611514271891636	0.9125147889277132	0.5176183539196278	NO	P68400
247	K	247	119.699	0.31	146.869	0.49	0.536485097636177	0	0	0	0.28611514271891636	1.225770971511366	0.30658397866693243	NO	P68400
248	V	248	119.482	0.641	143.047	-0.65	0.630434782608696	1	0	0	0.28611514271891636	0.5105143946651975	0.027334390319860125	NO	P68400
249	L	249	118.712	-2.909	141.769	0.49	0.623655913978495	0	0	0	0.28611514271891636	0.11013852429083602	-0.1315721460883087	NO	P68400
250	G	250	116.62	-4.018	144.757	0.49	0.623214285714286	0	0	0	0.27878787878787875	0.6319122412905743	-0.463422812981357	NO	P68400
251	T	251	117.054	-6.817	147.338	0.49	0.622775800711744	0	0	0	0.1443315594258991	0.8876042691008177	-0.4489782107480246	NO	P68400
252	E	252	114.402	-9.148	145.716	0.49	0.620567375886525	0	0	0	0.5191919191919193	0.9000146890935579	-1.7700362408828498	NO	P68400
253	D	253	116.489	-9.765	142.529	-0.08	0.534183673469388	0	0	0	0.5191919191919193	0.46980193214156635	-1.2882220722961948	NO	P68400
254	L	254	119.527	-10.127	144.855	0.49	0.538026721479959	0	0	0	0.28611514271891636	0.39412072467516623	-0.6245010733320074	NO	P68400
255	Y	255	117.713	-12.919	146.824	0.49	0.630434782608696	0	0	0	1	0.5745403860614678	-1.677358976182625	NO	P68400
256	D	256	116.627	-14.566	143.533	-1.22	0.625448028673835	0	0	0	1	0.2636281592094391	-2.440680955749323	NO	P68400
257	Y	257	120.333	-14.518	142.376	0.49	0.69995988768552	0	0	0	0.5191919191919193	-0.17373083708573758	-1.7004408609758888	NO	P68400
258	I	258	121.729	-16.045	145.603	0.21	0.566544566544567	0	0	0	0.5191919191919193	-0.021175080656874772	-1.568819160785731	NO	P68400
259	D	259	118.785	-18.624	145.613	-0.93	0.566993464052288	0	0	0	0.5191919191919193	-0.11465749891311483	-2.7410491670721866	NO	P68400
260	K	260	119.478	-19.786	141.975	0.49	0.57283950617284	0	0	0	0.5191919191919193	-0.49823974226985773	-2.9660975438065065	NO	P68400
261	Y	261	123.172	-20.326	142.648	0.49	0.514498141263941	0	0	0	0.5191919191919193	-0.3859152425975773	-2.031281209679333	NO	P68400
262	N	262	122.529	-21.847	146.093	-1.22	0.514498141263941	0	0	0	0.5191919191919193	-0.020755440024080817	-3.7277997419842035	NO	P68400
263	I	263	124.779	-19.251	147.676	0.49	0.586346738763096	1	0	0	0.5191919191919193	0.2810892675784468	-2.2736410000086003	NO	P68400
264	E	264	124.845	-18.458	151.339	-0.08	0.512177121771218	0	0	0	0.27878787878787875	0.2836203784992788	-2.424561015964554	NO	P68400
265	L	265	125.219	-14.79	152.035	0.49	0.514074074074074	0	0	0	0.27878787878787875	0.5445828615627523	-0.6290567084885721	NO	P68400
266	D	266	127.609	-13.728	154.799	0.49	0.569085690856909	0	0	0	0.28611514271891636	0.7446104469774041	0.32914521944230263	NO	P68400
267	P	267	125.607	-13.254	157.978	0.49	0.635531135531136	0	0	0	0.27878787878787875	0.7488099006098037	0.10112983929832252	NO	P68400
268	R	268	127.099	-9.727	158.306	-0.36	0.564916564916565	0	0	0	0.27878787878787875	0.9006619359764632	0.39774772532940145	NO	P68400
269	F	269	124.586	-8.684	155.539	0.49	0.560808080808081	0	0	0	0.27878787878787875	0.9572051346874618	0.27017505324898655	NO	P68400
270	N	270	121.521	-9.386	157.781	0.49	0.55515443241075	1	0	0	0.5191919191919193	0.9137517435752492	-0.3847734277598662	NO	P68400
271	D	271	122.151	-6.226	159.837	0.49	0.563701531443467	0	0	0	0.5191919191919193	1.0266745514788904	-0.03964429323202111	NO	P68400
272	I	272	122.98	-3.824	156.924	0.49	0.563701531443467	1	0	0	0.27878787878787875	1.069515127561194	0.3807757512167077	NO	P68400
273	L	273	121.342	-4.965	153.604	0.49	0.62410071942446	0	0	0	0.27878787878787875	1.045798089817818	0.607155775150639	NO	P68400
274	G	274	117.732	-3.997	154.503	0.49	0.62410071942446	0	0	0	0.27878787878787875	1.0203227400261015	0.42748908948878905	NO	P68400
275	R	275	114.825	-4.288	151.991	-0.36	0.625448028673835	0	0	0	0.28611514271891636	1.01379080161201	-0.0451399800875599	NO	P68400
276	H	276	114.929	-2.275	148.715	0.49	0.625	0	0	0	0.27878787878787875	1.052476570581335	-0.0451399800875599	NO	P68400
277	S	277	112.803	-1.912	145.643	0.49	0.629496402877698	0	0	0	0.5191919191919193	1.0269260928035773	-0.3761742942094347	NO	P68400
278	R	278	114.499	-1.696	142.269	0.49	0.631294964028777	1	0	0	0.27878787878787875	0.23216790003478974	-0.41747276455032317	NO	P68400
279	K	279	114.795	1.92	141.178	0.49	0.524193548387097	0	0	0	0.27878787878787875	0.5859462513274707	-0.5177690496639089	NO	P68400
280	R	280	113.844	3.017	137.665	0.49	0.524193548387097	0	0	0	0.27878787878787875	-0.1517752923578795	-0.573049193916683	NO	P68400
281	W	281	116.932	4.357	135.807	0.49	0.488753124132186	0	0	0	0.28611514271891636	-0.8468059072273004	-0.5831066600575383	NO	P68400
282	E	282	115.064	7.662	135.133	0.49	0.488006617038875	0	0	0	0.28611514271891636	-0.6631404333367245	-0.41747276455032317	NO	P68400
283	R	283	115.417	8.495	138.885	-0.65	0.488378527946873	0	0	0	0.27878787878787875	-0.22852505354040512	-1.307087074290689	NO	P68400
284	F	284	119.147	9.152	138.345	0.49	0.491917502787068	0	0	0	0.27878787878787875	0.14882288913828456	-0.6915701464703278	NO	P68400
285	V	285	118.462	11.668	135.563	-0.08	0.496911847276811	0	0	0	0.27878787878787875	-0.3295689726131431	-0.027596056664108474	NO	P68400
286	H	286	118.906	15.386	136.268	0.49	0.400112707805016	1	0	0	0.5191919191919193	-0.27435714660784705	-0.7631353039788534	NO	P68400
287	S	287	119.555	18.652	134.479	0.49	0.400794777178541	0	0	0	0.5191919191919193	-0.43337098847736477	-0.6078983140947476	NO	P68400
288	E	288	123.288	18.139	134.607	0.49	0.323260073260073	0	0	0	0.28611514271891636	-7.71302312587853e-4	-0.9532214140410233	NO	P68400
289	N	289	123.361	14.696	132.83	0.49	0.350082644628099	0	0	0	0.28611514271891636	0.09052059532192751	-0.738695661256574	NO	P68400
290	Q	290	120.171	14.674	130.824	-0.36	0.321167883211679	0	0	0	0.27878787878787875	-0.5945543843452042	0.07719878817487227	NO	P68400
291	H	291	121.935	15.352	127.541	0.49	0.324074074074074	1	0	0	0.27878787878787875	-0.47574161642402435	0.26811417067815957	NO	P68400
292	L	292	123.845	11.997	128	0.49	0.327715355805243	0	0	0	0.1443315594258991	-0.0901349203225141	0.13192418078933527	NO	P68400
293	V	293	120.826	9.902	128.733	0.49	0.328947368421053	0	0	0	0.28611514271891636	-0.39472344764428446	0.01078671555998336	NO	P68400
294	S	294	118.63	8.431	126.059	0.49	0.239917976760082	0	0	0	0.5191919191919193	-0.5704743946543626	-0.0039223286710179965	NO	P68400
295	P	295	116.165	5.467	126.12	0.49	0.239917976760082	0	0	0	0.5191919191919193	-1.018374228159292	0.05185889291270251	NO	P68400
296	E	296	119.014	3.487	124.26	0.49	0.239917976760082	0	0	0	0.5191919191919193	-0.45665161361290374	0.5442724351689917	NO	P68400
297	A	297	121.632	4.356	126.948	0.49	0.240137221269297	0	0	0	0.1443315594258991	-0.2125321947997783	0.17880925927565214	NO	P68400
298	L	298	119.175	3.224	129.709	0.49	0.240137221269297	0	0	0	1	-0.694556934376876	0.0047002144988791735	NO	P68400
299	D	299	118.178	-0.051	128.032	0.49	0.26	0	0	0	1	-0.8591274724549656	0.9844558150405239	NO	P68400
300	F	300	121.896	-0.807	127.31	-0.36	0.26	0	0	0.7927928602764529	1	-0.8886630713828942	0.8314963394094896	NO	P68400
301	L	301	122.959	-0.029	130.931	0.49	0.256934306569343	0	0	0.6157510341251579	0.6960490243509111	-0.5071043831928266	0.46156234799313023	NO	P68400
302	D	302	120.044	-2.08	132.301	0.49	0.144078144078144	1	0	1.0860431306615606	1	-0.8326418763422518	0.36853535776573487	NO	P68400
303	K	303	121.27	-5.191	130.358	0.49	0.144199346405229	0	0	3.3926731527507297	0.5509433962264151	-1.281645548164627	0.7847087350988202	NO	P68400
304	L	304	124.835	-4.857	131.842	0.49	0.257664233576642	0	0	1.6676067222431312	0.6315432994678278	-1.1260678562705575	0.3615408472223216	NO	P68400
305	L	305	123.954	-4.143	135.459	0.49	0.234625668449198	0	0	1.3567940601441173	0.7186836714737157	-0.4557017783451843	0.09487513275469324	NO	P68400
306	R	306	122.208	-7.428	136.311	0.49	0.234625668449198	0	0	1.0860431306615606	1	-0.6868663991467854	-0.6781836930147754	NO	P68400
307	Y	307	123.054	-9.481	139.51	0.49	0.13	0	0	0.9672575183201411	1	-0.10442321111977497	-0.5765978794129735	NO	P68400
308	D	308	122.873	-12.751	137.525	0.49	0.130970149253731	0	0	3.3926731527507297	0.5509433962264151	-0.5161119201986242	-0.23089419580477621	NO	P68400
309	H	309	126.22	-12.844	135.642	0.49	0.145522388059701	0	0	2.616893744223414	0.3588130946621514	-0.5998518230493332	0.5872978783143293	NO	P68400
310	Q	310	124.553	-15.279	133.105	0.49	0.163712686567164	0	0	3.3926731527507297	0.5509433962264151	-1.0845201245200857	0.5962066759538341	NO	P68400
311	S	311	122.325	-11.394	131.612	-0.36	0.145522388059701	0	0	3.3926731527507297	0.5509433962264151	-1.6017695182201515	0.6610557808491938	NO	P68400
312	R	312	124.255	-9.879	131.284	0.49	0.164943609022556	0	2	1.6676067222431312	0.6315432994678278	-1.3423921666385366	0.07126865967067403	NO	P68400
313	L	313	124.928	-8.924	127.667	0.49	0.165719696969697	0	0	1.6676067222431312	0.6315432994678278	-1.1204226068999714	0.6132433052060053	NO	P68400
314	T	314	128.154	-10.421	126.345	0.49	0.163857677902622	0	0	1.6676067222431312	0.6315432994678278	-0.4445355426893997	0.690013823126457	NO	P68400
315	A	315	130.658	-7.998	124.686	0.49	0.293501048218029	0	0	1.6676067222431312	0.6315432994678278	0.041741670450485276	0.2163173220647051	NO	P68400
316	R	316	129.522	-9.061	121.212	-0.08	0.29404309252218	0	0	3.3926731527507297	0.5509433962264151	0.3093151583872248	0.9984298905920008	NO	P68400
317	E	317	125.778	-8.654	122.048	0.49	0.333015267175573	0	0	3.3926731527507297	0.5509433962264151	-0.19711973991201226	0.35414280722448077	NO	P68400
318	A	318	126.648	-5.246	123.593	0.49	0.440656565656566	0	0	0.7927928602764529	1	-0.19626328007545416	0.5663665816490295	NO	P68400
319	M	319	128.229	-4.072	120.234	0.49	0.436953807740325	1	0	0	0.27878787878787875	0.8581077980622014	0.3807757512167077	NO	P68400
320	E	320	124.916	-5.007	118.486	0.49	0.528301886792453	0	0	0	1	0.5922433330332193	0.1709404349143124	NO	P68400
321	H	321	122.929	-2.667	120.795	0.49	0.665399239543726	0	0	0	0.28611514271891636	-0.5327972182415361	0.4583786397457835	NO	P68400
322	P	322	120.874	0.261	119.336	0.49	0.723140495867769	0	0	0	0.5191919191919193	-0.07602288229535417	0.42748908948878905	NO	P68400
323	Y	323	122.923	2.547	121.645	0.49	0.815850815850816	0	0	0	0.28611514271891636	-0.2531129839124993	0.5166610407254367	NO	P68400
324	F	324	125.846	2.191	119.156	0.49	0.85795763172189	0	0	0	0.27878787878787875	0.5939203727139387	0.4583786397457835	NO	P68400
325	Y	325	123.773	2.748	115.921	0.49	0.797727272727273	0	0	0	0.5191919191919193	1.120670667924942	0.4513037325294576	NO	P68400
326	T	326	124.834	6.452	115.932	-0.36	0.745047169811321	0	0	0	0.5191919191919193	1.0881779436424983	0.5423489447695528	NO	P68400
327	V	327	128.629	5.552	116.18	0.49	0.769735403455062	0	0	0	0.27878787878787875	1.3592087914603297	0.5813683214438791	NO	P68400
328	V	328	130.33	5.774	112.714	0.49	0.76839591925331	0	0	0	1	1.5834697603892594	0.10112983929832252	NO	P68400
329	K	329	131.533	2.288	111.763	0.49	0.789591078066914	0	0	0	0.5191919191919193	1.6080339285480205	0.5442724351689917	NO	P68400
