Uniprot_position	aminoacid	Position_in_structure	x	y	z	paraz	mtr	gscount	pscount	OR	pvalue	mtr3dscore	paraz3dscore	HotSpot3D	Uniprot
2	T	2	-20.243	81.112	53.521	-1.55	0	0	0	0.42023862112657073	0.5919913419913421	-0.8062326847686339	-2.231670011160679	NO	P01116
3	E	3	-20.368	77.349	53.052	-0.95	0	0	0	0.19955598646422942	0.06634386172994075	-0.5065136672614297	-0.46065209883457886	NO	P01116
4	Y	4	-17.91	75.106	54.827	0.55	0	0	0	0.19955598646422942	0.06634386172994075	-0.20219791490441072	-0.07591372477752956	NO	P01116
6	L	6	-15.446	69.442	53.45	0.55	0	1	0	0.38457825173538884	0.1378404147968973	-0.11476280972134416	0.28970022717726884	NO	P01116
7	V	7	-13.275	66.966	51.569	0.85	0	0	0	0.5190291534960818	0.4874335230972066	-0.3324986790585569	1.20916478993003	NO	P01116
8	V	8	-13.14	63.217	52.364	0.85	0	0	0	2.0725571116779586	0.36477510817981906	-0.6286512561371632	1.4210544330119026	NO	P01116
10	G	10	-8.265	58.237	51.726	1.75	0	0	0	3.745021133863938	0.06532902201426535	-0.5945686895010195	1.1480225048616286	NO	P01116
11	A	11	-7.345	55.106	49.837	-0.35	0	0	0	4.324495080813692	0.03605531538841112	-0.6461760590964366	0.5023388909927381	YES	P01116
12	G	12	-9.776	53.365	47.533	-0.05	0	1	2	7.382697498329975	0.0035426867324510644	-0.8647199191395437	1.1877568810997146	YES	P01116
13	G	13	-12.323	51.178	49.237	1.75	0	0	2	5.680308427728072	0.016186490375329283	-0.6116088450596474	2.0495732899406764	YES	P01116
14	V	14	-12.076	52.609	52.756	1.75	0	0	1	5.823089616593088	0.024756256041825245	-0.33017802961934994	1.6898696518471141	YES	P01116
15	G	15	-15.713	53.794	52.72	1.75	0	0	1	7.721441261292084	0.006183274666915612	-0.33820963318332364	2.0073470564069544	YES	P01116
16	K	16	-15.496	57.45	51.646	1.75	0	0	0	11.47353875403811	9.903061627621911e-4	-0.6524820429246768	1.9597390480110914	YES	P01116
18	A	18	-20.517	55.268	52.142	0.55	0	0	0	8.83106991133116	0.00293355347089145	-0.8228909726709784	1.8754048617098484	YES	P01116
19	L	19	-19.665	57.84	54.812	1.75	0	0	1	7.721441261292084	0.006183274666915612	-0.21527018548113672	1.74047016362786	YES	P01116
20	T	20	-20.627	60.796	52.617	0.55	0	0	0	8.79430436084022	0.028574036818844177	-1.068296575321465	0.9055617192455556	YES	P01116
21	I	21	-23.892	59.226	51.441	-0.65	0	0	0	12.47353875403811	0.01161447998295944	-1.4736495750236158	0.434695845730283	YES	P01116
22	Q	22	-24.908	58.386	54.989	0.25	0	0	3	12.47353875403811	0.025378647742687735	-0.5580447523080487	0.3805814095203189	YES	P01116
23	L	23	-24.148	61.944	56.122	0.85	0	0	1	2.9451363798290187	0.2627303637292538	-0.7273637393541861	0.024737995654796823	NO	P01116
24	I	24	-26.263	63.382	53.302	-0.35	0	0	0	7.37935224795702	0.05637475115832497	-1.2402376292196298	-0.388201366057602	NO	P01116
25	Q	25	-29.111	60.96	54.044	-0.65	0	0	0	12.47353875403811	0.05452775735794603	-1.4805843315601939	-0.4938586846906932	NO	P01116
27	H	27	-28.657	65.904	57.056	-1.25	0	0	0	6.07795189703991	0.10796365430105709	-1.1561928844461224	-0.6297038086475247	NO	P01116
28	F	28	-29.989	67.126	53.716	-0.65	0	0	0	6.07795189703991	0.10796365430105709	-1.5222881078524082	-1.346161054997629	NO	P01116
29	V	29	-32.805	69.64	53.629	-0.95	0	0	0	1.768012934017773	1	-1.6017191597934872	-1.2133347115731714	NO	P01116
31	E	31	-34.336	75.22	51.088	-0.65	0	0	0	3.765423805543367	0.3584769528165755	-1.6940943834423108	-1.4347119506139339	NO	P01116
32	Y	32	-36.516	77.794	49.421	-0.35	0	0	0	12.47353875403811	0.24025974025974017	-1.7880213210400033	-1.1963056931854206	NO	P01116
33	D	33	-34.467	80.122	47.231	1.15	0	0	0	12.47353875403811	0.24025974025974017	-1.7880213210400033	-0.9919574725324088	NO	P01116
34	P	34	-36.422	82.066	44.598	-1.55	0	0	2	12.47353875403811	0.24025974025974017	-1.7880213210400033	-1.3139607293189726	NO	P01116
35	T	35	-33.21	83.456	43.061	-0.05	0	0	0	12.47353875403811	0.24025974025974017	-1.7880213210400033	-1.3139607293189726	NO	P01116
36	I	36	-32.263	80.05	41.677	-0.95	0	0	1	12.47353875403811	0.24025974025974017	-1.7880213210400033	-0.9919574725324088	NO	P01116
37	E	37	-33.975	78.48	38.707	-0.35	0	0	0	12.47353875403811	0.24025974025974017	-1.7880213210400033	-1.1690592637650188	NO	P01116
38	D	38	-36.429	75.978	40.175	-0.05	0	0	0	12.47353875403811	0.24025974025974017	-1.7880213210400033	-0.9919574725324088	NO	P01116
39	S	39	-36.895	77.898	43.47	0.25	0	0	0	12.47353875403811	0.24025974025974017	-1.7880213210400033	-0.9919574725324088	NO	P01116
40	Y	40	-35.692	75.066	45.808	1.75	0	0	0	12.47353875403811	0.24025974025974017	-1.7880213210400033	-1.1963056931854206	NO	P01116
41	R	41	-32.232	73.682	46.401	-0.95	0	0	0	12.47353875403811	0.24025974025974017	-1.7880213210400033	-1.228093194175889	NO	P01116
42	K	42	-30.961	70.816	48.481	1.15	0	0	0	1.768012934017773	1	-1.6314957908264571	-1.5046205524162801	NO	P01116
44	V	44	-26.526	69.783	53.881	0.25	0	0	0	2.9451363798290187	0.2627303637292538	-1.3893237401298713	-0.88978336220590315	NO	P01116
45	V	45	-26.475	71.395	57.301	-0.65	0.157258064516129	0	0	0.8543051650887825	1	-1.0449276827701734	-0.8074764399984401	NO	P01116
46	I	46	-23.982	70.098	59.867	1.15	0.180883864337102	0	0	0.37703815976723687	0.27705867938942297	-0.2844100908658848	-0.6255399734304572	NO	P01116
47	D	47	-23.728	71.643	63.368	1.75	0.210274790919952	0	0	0.14945129705547724	0.08615767633525688	0.34007944407252333	-0.5049275466427313	NO	P01116
48	G	48	-25.539	74.721	62.164	-0.65	0.211031175059952	0	0	0.2703981510316537	0.327683846551771	-0.6479395576217387	-1.287127124586759	NO	P01116
49	E	49	-23.332	75.281	59.089	-0.95	0.211031175059952	0	0	0.19494384309097532	0.1719417898663182	-0.41726719464266393	-0.7811220067793018	NO	P01116
50	T	50	-24.176	74.826	55.436	-0.95	0.209677419354839	1	1	0.39941869695145593	0.4005678314779314	-1.103466168328221	-1.0322078796307295	NO	P01116
51	C	51	-21.618	72.403	54.067	0.25	0.179989685404848	0	0	0.37703815976723687	0.27705867938942297	-0.6726517407321602	-0.3278257554101213	NO	P01116
52	L	52	-20.332	71.383	50.67	-0.65	0.17921146953405	0	0	0.37703815976723687	0.27705867938942297	-0.9897196515709012	-0.22858768273667604	NO	P01116
53	L	53	-19.019	67.833	50.358	1.45	0.179591836734694	0	1	0.6715620428242325	0.7376901382793182	-0.8926371480041448	0.22561734219178498	NO	P01116
54	D	54	-16.413	66.369	48.027	-0.35	0.180883864337102	0	0	0.8486933664061844	1	-0.8416242780999564	0.5406541823651778	NO	P01116
55	I	55	-14.575	63.067	47.816	1.15	0.158273381294964	0	0	1.7813325986697126	0.5371589628074395	-0.9165220158527	0.9727655239543584	NO	P01116
56	L	56	-10.921	62.899	46.734	0.25	0.157258064516129	0	0	3.715384883947357	0.029019867514503597	-0.6923695152711911	0.47545736910921693	YES	P01116
57	D	57	-8.794	59.587	44.561	1.75	0.157823741007194	0	0	8.408536486829874	0.0015401457958897783	-0.7335545021857524	0.09033125166687454	YES	P01116
58	T	58	-6.536	58.898	43.995	0.25	0.157706093189964	0	1	5.328357803386089	0.010241982807898826	-0.6466898938779587	-0.6173190680018876	NO	P01116
59	A	59	-6.815	55.352	42.577	0.25	0.254151624548737	0	1	6.480322228914909	0.007757082556821039	-0.8054893493171105	-0.054359754242120556	NO	P01116
60	G	60	-8.893	53.581	39.964	-0.35	0.34434270765206	1	2	5.680308427728072	0.016186490375329283	-0.8128300763841857	-0.6229954074644714	NO	P01116
61	Q	61	-10.43	56.054	37.536	0.25	0.346304774362328	1	5	4.324495080813692	0.03605531538841112	-0.4302362221653373	-1.1395422985595838	NO	P01116
62	E	62	-8.803	58.871	39.501	-0.65	0.421744324970131	0	0	4.324495080813692	0.03605531538841112	-0.5204968388941259	-1.050991402943279	NO	P01116
64	Y	64	-6.288	59.571	35.364	-1.55	0.510791366906475	0	0	5.004711949286247	0.04709049416635382	-0.17706059244524266	-1.3944615435156136	NO	P01116
65	S	65	-7.601	62.748	37.004	-0.65	0.507142857142857	0	0	5.823089616593088	0.024756256041825245	-0.15024524691852723	-1.228093194175889	NO	P01116
66	A	66	-6.161	66.236	36.689	-0.65	0.559495665878645	0	0	7.37935224795702	0.05637475115832497	-0.0868342934183558	-1.2644217667364244	NO	P01116
67	M	67	-7.937	67.481	39.807	-0.05	0.561486753657572	0	0	4.258112188172413	0.08658030563782029	-0.16439489850816935	-0.8877799482779324	NO	P01116
68	R	68	-6.13	66.232	42.95	-0.65	0.505714285714286	0	0	1.8266698718705279	0.674884247581251	-0.25384399815684144	-0.6069535785484741	NO	P01116
69	D	69	-4.373	69.455	43.898	-0.35	0.506093189964158	0	0	1.3265815473943672	1	-0.042094504659108765	-0.5492029944508839	NO	P01116
70	Q	70	-7.491	71.473	43.015	-0.35	0.505714285714286	0	0	0.8595155429721757	0.9999999999999999	-0.10156307580417138	-0.3860829235787431	NO	P01116
71	Y	71	-9.514	69.502	45.562	0.55	0.502491103202847	0	1	0.8486933664061844	1	-0.36877948003841005	0.024737995654796823	NO	P01116
72	M	72	-6.819	70.116	48.162	0.85	0.502127659574468	0	1	0.6165517834858275	0.6927656139642822	-0.26187561354462674	-0.10644851636935877	NO	P01116
74	T	74	-10.524	74.241	47.596	-0.05	0.498245614035088	1	0	0.6165517834858275	0.6927656139642822	-0.3955605622426948	0.004240103151022425	NO	P01116
75	G	75	-11.193	72.089	50.651	1.15	0.498245614035088	1	0	0.6165517834858275	0.6927656139642822	-0.2774714998444454	0.29050377432442226	NO	P01116
76	E	76	-11.285	73.841	54.007	-0.65	0.414319248826291	0	0	0.25636456199609686	0.08968782213808846	-0.001201089926221945	0.03637550881822999	NO	P01116
77	G	77	-11.168	70.716	56.141	1.45	0.413145539906103	1	0	0.21595871451506318	0.04747483096008373	0.2383164022202	0.32433962446671966	NO	P01116
78	F	78	-10.363	67.106	55.468	0.25	0.413427561837456	0	0	0.25636456199609686	0.08968782213808846	0.15655855554887077	0.568224974040584	NO	P01116
80	C	80	-8.665	61.491	56.426	0.55	0.409356725146199	0	0	0.3529117009518805	0.19076839888906197	0.11369280619777433	1.1529419990625347	NO	P01116
81	V	81	-10.176	58.014	56.245	1.75	0.406759906759907	0	0	1.1601324234797703	1	-0.019222707179860524	1.6260690065583479	NO	P01116
82	F	82	-8.57	54.587	56.6	1.15	0.524812030075188	0	0	0.6904039246751229	0.5779642219648137	0.3168634244345997	0.9055617192455556	NO	P01116
83	A	83	-10.239	51.24	57.253	0.85	0.528169014084507	0	0	1.1226380739303619	0.9999999999999999	0.539984877347274	1.1246249104914672	NO	P01116
84	I	84	-9.445	49.32	60.452	1.15	0.528169014084507	0	0	0.6894809378477159	0.5604577896809017	1.0603596658880814	1.006762742807047	NO	P01116
85	N	85	-9.068	46.06	58.457	-0.05	0.527472527472528	0	0	1.6587703976627057	0.5173498544339454	0.9244847001072282	0.8144807980402132	NO	P01116
86	N	86	-6.667	47.557	55.87	0.55	0.531187122736419	0	0	1.9758008099564033	0.34747299160531353	0.30596647828126555	0.7485256482018621	NO	P01116
87	T	87	-3.185	48.281	57.164	-0.95	0.527819548872181	0	0	0.14945129705547724	0.08615767633525688	0.592659248858287	-0.2674501447626407	NO	P01116
88	K	88	-2.082	49.721	53.827	-0.65	0.529678068410463	0	0	1.5218449901382838	0.7115758824970811	-0.27502418583529054	-0.10644851636935877	NO	P01116
89	S	89	-4.855	52.316	53.982	1.75	0.465106007067138	0	0	1.1601324234797703	1	-0.06307683745600441	0.4934123894185138	NO	P01116
90	F	90	-3.533	53.465	57.369	0.85	0.416370106761566	0	0	0.3529117009518805	0.19076839888906197	0.422476729208042	-0.13249289743297796	NO	P01116
91	E	91	0.026	53.595	56.046	-0.65	0.248763250883392	0	0	0	0.01722072476789457	0.1641609744786348	-0.6454539679468675	NO	P01116
92	D	92	-1.234	55.754	53.163	-0.95	0.25017667844523	0	0	2.364536615085685	0.43104743326718925	-0.5637396409474948	-0.5299527997516871	NO	P01116
93	I	93	-2.686	58.468	55.475	-0.05	0.211469534050179	0	0	0.37703815976723687	0.27705867938942297	-0.02894069068793606	0.22561734219178498	NO	P01116
94	H	94	0.595	60.284	56.057	-1.55	0.212230215827338	0	0	0	0.04070353126956897	-7.557810786329741e-4	-0.29895046336132625	NO	P01116
95	H	95	1.186	60.789	52.343	-1.55	0.212394705174489	1	0	0.8643660897353506	1	-0.5976967228678295	-1.1482237589141238	NO	P01116
96	Y	96	-2.107	63.611	52.765	-1.55	0.210872162485066	0	0	0.8543051650887825	1	-0.30689581872595817	0.04981777001235589	NO	P01116
98	E	98	1.694	65.739	53.682	-0.65	0.359183673469388	0	0	0.42023862112657073	0.5919913419913421	-0.03619001870882681	-1.8308606941605616	NO	P01116
99	Q	99	0.358	66.465	50.2	-0.05	0.419047619047619	0	0	2.731843059569385	0.6150861716899452	-0.1306957304370973	-1.6762143932038565	NO	P01116
100	I	100	-2.504	68.555	51.594	1.45	0.417857142857143	0	0	0.30643032010278826	0.23134508234397244	-0.1987040038908875	-0.7063094221572315	NO	P01116
101	K	101	-0.119	70.593	53.723	-0.35	0.420549581839904	0	0	0.19494384309097532	0.1719417898663182	0.09904219104379992	-1.1529591009256908	NO	P01116
103	V	103	-0.568	72.144	48.312	0.25	0.422382671480144	0	0	0.8595155429721757	0.9999999999999999	0.13272494626124723	-1.0903473565505257	NO	P01116
104	K	104	-2.256	74.44	50.848	0.25	0.506859205776173	0	0	0.39941869695145593	0.4005678314779314	0.1334228018552597	-0.7102046228441657	NO	P01116
105	D	105	1.167	75.72	51.948	-0.05	0.508695652173913	0	0	0.8643660897353506	1	0.17452622701392387	-1.1963056931854206	NO	P01116
106	S	106	-0.072	75.569	55.518	-0.95	0.508695652173913	0	0	0.8643660897353506	1	0.19337311610066726	-0.8654561930805446	NO	P01116
107	E	107	0.849	73.93	58.807	-0.95	0.512408759124088	0	0	0	0.0937950937950938	0.45193126403269396	-1.1184587519842732	NO	P01116
108	D	108	-2.669	74.51	60.188	-0.95	0.509090909090909	1	0	0	0.04070353126956897	0.7655912009132178	-0.8521402689277168	NO	P01116
109	V	109	-5.194	72.605	58.108	-0.05	0.636363636363636	0	0	0.0681205817124316	0.0036254967663500465	0.45199767951023984	-0.2835503076019688	NO	P01116
110	P	110	-8.429	71.391	59.774	1.75	0.635379061371841	0	0	0.05790832476507912	0.0014889335902968153	0.6562099669327606	0.11492872267140379	NO	P01116
112	V	112	-10.002	64.618	61.486	1.15	0.635379061371841	1	0	0	1.72958250609223e-5	0.9340974177615414	0.6858489707238964	NO	P01116
113	L	113	-8.565	61.096	61.313	1.15	0.696748506967485	0	0	0.04954314088213641	5.872950009657294e-4	1.0199293955096431	0.5747122191406798	NO	P01116
114	V	114	-11.26	58.462	60.741	1.15	0.699300699300699	0	0	0.32682250655183054	0.07878190427687358	0.8738239412188189	1.4701893811892428	NO	P01116
115	G	115	-10.892	54.705	61.204	1.45	0.792506386602328	0	0	0.4067947303695287	0.14939688523984743	0.9233313051005461	1.181564510776896	NO	P01116
116	N	116	-13.864	53.351	59.29	1.75	0.792506386602328	0	1	0.9872412506498214	1	0.7113633137742899	1.6872747538070758	NO	P01116
117	K	117	-15.378	49.864	59.197	1.75	0.858548585485855	1	1	4.258112188172413	0.08658030563782029	0.7948690860560258	1.721699006031777	NO	P01116
118	C	118	-15.083	49.548	62.987	0.25	0.861728395061728	0	0	1.0981189710693797	1	1.2995416623416864	1.03206299869742	NO	P01116
119	D	119	-17.889	46.966	62.908	1.75	0.864197530864198	0	1	2.731843059569385	0.6150861716899452	1.5977016621384321	1.1957705368115972	NO	P01116
120	L	120	-15.533	44.442	61.304	1.75	0.948969246367016	0	0	1.3265815473943672	1	1.6099773567404922	1.0586948470030757	NO	P01116
121	P	121	-13.996	41.707	63.469	-0.95	0.975	0	0	0.8595155429721757	0.9999999999999999	1.6092848653325476	0.2625135486985788	NO	P01116
122	S	122	-9.882	42.727	61.344	-0.65	0.902564102564103	0	0	0.6165517834858275	0.6927656139642822	1.5436165344126407	-0.10644851636935877	NO	P01116
123	R	123	-8.909	44.45	62.771	-0.35	0.952521525215252	0	0	0.6165517834858275	0.6927656139642822	1.4743294899450319	0.37655636881048676	NO	P01116
124	T	124	-5.314	45.079	61.806	-0.65	0.999148453022992	1	0	0.08086861571911264	0.008487357207033757	1.2783473284244704	-0.21713713588974004	NO	P01116
125	V	125	-5.058	48.744	62.862	-0.35	1.00746268656716	0	0	0.16599957026470194	0.03315828539364362	1.3666050529543423	-0.014844141593870812	NO	P01116
126	D	126	-5.743	50.654	66.866	-0.65	1.01503759398496	1	0	0.08086861571911264	0.008487357207033757	1.509233730819257	-1.8744162979282948e-4	NO	P01116
127	T	127	-7.117	52.158	68.105	-0.95	1.00835494093921	1	0	0.08086861571911264	0.008487357207033757	1.6006182503032615	0.24775506609586126	NO	P01116
128	K	128	-3.881	53.109	69.911	-0.65	0.989661654135338	1	0	0	0.0010998109935798199	1.9747565544029542	-0.2962004355471553	NO	P01116
129	Q	129	-1.848	53.187	66.654	-0.35	0.917832167832168	0	0	0	0.0010998109935798199	1.5478310452994866	-0.6967878204780589	NO	P01116
130	A	130	-4.341	55.614	65.16	1.45	0.911756168359942	3	0	0.0681205817124316	0.0036254967663500465	1.1691406780406615	0.2077643390433364	NO	P01116
132	D	132	-0.862	58.046	68.365	-0.95	0.919553728714034	0	0	0	0.00041242912259243373	1.9921195683977537	-1.1100253333541488	NO	P01116
133	L	133	-0.884	59.265	64.742	-0.65	0.913424978063761	0	0	0	1.4917649115045456e-4	1.3228613894224426	-0.6454539679468675	NO	P01116
134	A	134	-3.645	61.771	65.389	1.45	0.903123192596877	0	0	0	1.4917649115045456e-4	1.3061244079036194	-0.2674501447626407	NO	P01116
137	Y	137	-0.768	65.658	63.934	-0.05	0.897147796024201	0	0	0	0.0010998109935798199	0.8757909397786232	-0.9919574725324088	NO	P01116
138	G	138	-2.677	67.468	66.701	-0.95	0.903123192596877	2	0	0	0.01722072476789457	1.4584924941099584	-0.7558217508889288	NO	P01116
139	I	139	-6.069	66.363	65.362	0.55	0.935309973045822	0	0	0	1.4917649115045456e-4	1.3820826567307514	0.16305420941939552	NO	P01116
140	P	140	-9.064	64.338	66.587	-0.95	0.913424978063761	0	0	0	1.4917649115045456e-4	1.588097132983494	0.3894364990819492	NO	P01116
141	F	141	-9.396	60.618	65.846	0.55	0.912587412587413	1	0	0.04256498412781403	2.22175046922288e-4	1.6337109764957538	0.2772720313012963	NO	P01116
143	E	143	-13.717	55.255	64.657	1.75	1.04360902255639	0	0	0.2526256906632669	0.06113280364847294	1.4331266170507595	1.2494870727553116	NO	P01116
144	T	144	-16.776	54.927	62.449	0.55	0.920075757575757	0	0	2.0725571116779586	0.36477510817981906	0.7180120214283506	2.06447666648199	NO	P01116
145	S	145	-19.013	52.353	60.866	1.75	0.949571183533448	0	0	5.823089616593088	0.024756256041825245	0.4726346376460731	2.1565188160473245	NO	P01116
148	T	148	-23.916	50.326	62.566	-0.05	0.780228136882129	0	0	7.37935224795702	0.05637475115832497	1.2710474851900577	2.0732658372627646	NO	P01116
150	Q	150	-21.239	54.418	65.006	-0.95	0.827514690632561	0	0	3.5741486169774994	0.15367725134650775	1.275062933816737	1.6645693959567414	NO	P01116
152	V	152	-20.346	58.867	61.424	0.55	0.862893081761006	0	0	1.5158390256632983	0.5453295730174845	0.3665705562274339	1.0205628823836141	NO	P01116
154	D	154	-19.534	62.736	65.129	-0.65	0.859649122807018	1	0	0.30643032010278826	0.23134508234397244	1.1292484005680576	1.0742300918480414	NO	P01116
155	A	155	-16.723	62.567	62.574	0.55	0.853932584269663	0	0	0.6833381181038953	0.7519979489186279	0.7051215475931116	1.2083981155091095	NO	P01116
156	F	156	-18.289	65.219	60.356	1.75	0.812075983717775	0	0	0.6833381181038953	0.7519979489186279	0.08576317437420751	0.6905095441773864	NO	P01116
157	Y	157	-18.182	67.855	63.838	-0.95	0.857142857142857	0	0	0.08086861571911264	0.008487357207033757	0.5698977799217521	0.33630596171216637	NO	P01116
158	T	158	-16.002	67.313	64.718	-0.65	0.862155388471178	1	0	0	0.0010998109935798199	1.1573884103352856	0.9330619973872651	NO	P01116
159	L	159	-14.533	68.394	61.381	0.55	0.894554883318928	0	0	0.0681205817124316	0.0036254967663500465	0.5787013244668419	0.7522268350614777	NO	P01116
160	V	160	-16.994	71.297	61.206	0.85	0.966292134831461	1	0	0.16599957026470194	0.03315828539364362	0.21402601040566618	-0.0759137247775294	NO	P01116
162	E	162	-12.236	72.197	63.616	-0.65	0.967105263157895	0	0	0	0.00041242912259243373	1.0121821185309936	0.1887211356849912	NO	P01116
163	I	163	-12.945	74.396	60.584	1.15	0.967105263157895	0	0	0	0.0010998109935798199	0.4349364981514834	0.30224792493666436	NO	P01116
164	R	164	-14.934	76.835	62.738	0.85	0.991902834008097	1	0	0.1190130365741083	0.04139620399331831	0.20934827535357334	-0.5492029944508839	NO	P01116
169	K	169	-8.29	82.512	64.551	-0.65	0.920681265206813	0	0	0	0.21103896103896094	1.7799954603468195	-0.9919574725324091	NO	P01116
