Uniprot_position	aminoacid	Position_in_structure	x	y	z	paraz	mtr	gscount	pscount	OR	pvalue	mtr3dscore	paraz3dscore	HotSpot3D	Uniprot
148	L	148	-48.536	-34.453	11.006	0.56	0.441140024783147	0	0	0	0.9999999999999999	-0.8565483984122403	0.6468706132045932	NO	P35222
149	A	149	-47.849	-30.72	10.865	0.56	0.437884378843788	0	0	0	1	-0.5573109145584477	0.13439015563476395	NO	P35222
150	T	150	-49.941	-30.598	7.666	0.56	0.434306569343066	0	0	0	1	-0.5633087384936667	-0.2598255809574121	NO	P35222
151	R	151	-53.042	-31.246	9.847	0.56	0.437118437118437	2	0	0	1	-1.493123661563637	1.190888329701796	NO	P35222
152	A	152	-52.075	-28.836	12.6	0.56	0.407977207977208	0	0	0	1	-1.2461770466432684	0.8735446617450944	NO	P35222
153	I	153	-51.787	-25.88	10.177	0.2	0.406471757025263	1	0	0	1	-0.6943493465011545	-0.31163679205238415	NO	P35222
154	P	154	-55.217	-25.723	8.505	0.56	0.358641358641359	0	0	0	1	-0.9551951913883913	0.40276009939174556	NO	P35222
155	E	155	-56.514	-25.618	12.077	0.56	0.361288158336129	0	0	0	1	-1.6274297733619563	0.9007455475699544	NO	P35222
156	L	156	-54.688	-22.551	13.362	0.56	0.394505494505495	0	0	0	1	-1.531944702014678	0.023516979718214384	NO	P35222
157	T	157	-55.233	-20.85	10.013	0.56	0.391970802919708	1	0	0	1	-0.9399203796895357	0.6468706132045932	NO	P35222
158	K	158	-58.965	-20.89	10.819	0.56	0.435523114355231	0	0	0	1	-1.3252092529839703	0.6468706132045932	NO	P35222
159	L	159	-58.359	-19.619	14.373	0.56	0.506221719457014	0	0	0	1	-1.685281627655639	0.14662443711521062	NO	P35222
160	L	160	-56.189	-16.739	13.119	0.56	0.504367427444351	0	0	0	0.9999999999999999	-1.003138296875944	0.23028046994096918	NO	P35222
161	N	161	-59.295	-15.471	11.361	0.56	0.502958579881657	0	0	0	1	-0.997727286860062	0.46553137437219194	NO	P35222
162	D	162	-61.671	-15.741	14.339	0.56	0.503393665158371	0	0	0	1	-1.8113017220284962	0.8735446617450944	NO	P35222
163	E	163	-63.291	-12.622	15.838	0.56	0.506221719457014	0	0	0	1	-1.5066980966704793	0.6468706132045932	NO	P35222
164	D	164	-62.394	-13.106	19.499	0.56	0.509508941243259	0	0	0	1	-1.722829791456304	0.5821065993358786	NO	P35222
165	Q	165	-59.039	-11.35	19.856	-0.88	0.511867314841293	0	0	0	0.9999999999999999	-0.8107615925069116	0.19352251612359053	NO	P35222
166	V	166	-58.368	-13.884	22.664	0.56	0.57036643653744	0	0	0	0.9999999999999999	-1.2327457713820074	-0.07848634212501131	NO	P35222
167	V	167	-58.8	-16.769	20.24	0.56	0.511867314841293	0	0	0	1	-1.8350314824126892	0.25828652999230517	NO	P35222
168	V	168	-56.738	-15.182	17.475	0.56	0.513297111810123	0	0	0	1	-0.8765219508767594	0.3100977410872767	NO	P35222
169	N	169	-54.251	-14.248	20.209	0.2	0.406108597285068	1	0	0	1	-0.8071920515642503	-0.48649962949791364	NO	P35222
170	K	170	-53.982	-17.861	21.352	0.56	0.406108597285068	0	0	0	1	-1.2956853872108192	-0.2598255809574121	NO	P35222
171	A	171	-53.842	-19.022	17.746	0.56	0.406108597285068	0	0	0	1	-1.4377776289927486	-0.23391997540992654	NO	P35222
172	A	172	-50.805	-16.78	17.382	0.56	0.439950980392157	0	0	0	0.9999999999999999	-0.6809206187599788	-0.6829504715663484	NO	P35222
173	V	173	-48.886	-17.815	20.521	-0.52	0.357642357642358	1	0	0	1	-0.7110289785892853	-1.0787769821359978	NO	P35222
174	M	174	-49.472	-21.329	19.258	-0.16	0.433939393939394	1	0	0	1	-1.2644611026662	-0.7913371430523809	NO	P35222
175	V	175	-48.004	-20.809	15.794	0.56	0.500699300699301	0	0	0	0.9999999999999999	-0.6272825807140614	-0.34416941297248266	NO	P35222
176	H	176	-44.964	-18.897	16.987	-1.6	0.50393037619315	0	0	0	0.9999999999999999	-0.33005828679490323	-0.8465113536504746	NO	P35222
177	Q	177	-44.006	-22.019	18.966	0.56	0.543939393939394	0	0	0	1	-0.44329480906767604	-0.7131736780384152	NO	P35222
178	L	178	-44.572	-24.298	15.958	0.56	0.591238471673254	0	0	0	1	-0.5559133171719982	-0.48649962949791364	NO	P35222
179	S	179	-42.371	-22.186	13.68	0.56	0.59504132231405	0	0	0	0.9999999999999999	0.10835142176119854	-1.238103053605892	NO	P35222
180	K	180	-39.563	-22.796	16.178	0.56	0.702341137123746	1	0	0	1	0.12042125835417641	-0.9489146885205364	NO	P35222
181	K	181	-39.335	-26.422	14.988	0.56	0.699805609552902	1	0	0	1	0.09398309317208454	-0.7131736780384152	NO	P35222
182	E	182	-37.918	-27.538	11.649	0.56	0.697288323187604	0	0	0	0.9999999999999999	0.5164567764565184	0.9491026779252615	NO	P35222
183	A	183	-40.806	-29.716	10.442	0.56	0.797556234379339	0	0	0	1	-0.10654088200118317	-0.07848634212501131	NO	P35222
184	S	184	-43.8	-27.573	11.484	0.56	0.832476875642343	0	0	0	1	-0.3872441235328586	-0.8750837127102017	NO	P35222
185	R	185	-42.157	-24.369	10.219	0.56	0.838509316770186	0	0	0	1	0.19620345107265064	-0.4464983268142957	NO	P35222
186	H	186	-41.739	-26.052	6.846	-0.52	0.902249375173563	0	0	0	1	0.5874239072851385	-0.11358425931837905	NO	P35222
187	A	187	-45.451	-26.847	6.828	0.56	0.924219150025602	1	0	0	1	0.0034105918310408457	0.3251397055987202	NO	P35222
188	I	188	-46.354	-23.213	7.452	0.2	0.924219150025602	0	0	0	0.9999999999999999	0.011521254570955996	-0.3010390443284126	NO	P35222
189	M	189	-44.294	-21.671	4.659	0.56	0.918367346938776	1	0	0	1	0.8709937024548552	-0.038680167747167135	NO	P35222
190	R	190	-45.74	-24.32	2.374	-1.96	0.92497430626927	1	0	0	1	0.8222476338379886	-0.04096787891830745	NO	P35222
191	S	191	-49.232	-23.06	3.336	0.56	0.868832731648616	0	0	0	1	0.3473150379495545	-0.06148578848447348	NO	P35222
192	P	192	-50.169	-19.737	1.599	0.56	0.814530685920578	0	0	0	1	1.1684477825282573	-0.3605696025309685	NO	P35222
193	Q	193	-53.445	-19.465	3.52	0.56	0.809352517985612	0	0	0	1	0.22802529078932687	-0.05833753781029978	NO	P35222
194	M	194	-51.51	-19.629	6.788	-0.16	0.809352517985612	0	0	0	1	-0.035764978307395966	-0.07848634212501131	NO	P35222
195	V	195	-48.7	-17.247	5.943	0.56	0.818181818181818	1	0	0	0.9999999999999999	0.6063650951108764	-0.4141568480488176	NO	P35222
196	S	196	-51.151	-14.757	4.462	-0.52	0.8	0	0	0	1	1.1241698069435895	0.3171629062365912	NO	P35222
197	A	197	-53.153	-15.12	7.699	0.56	0.832851359167149	0	0	0	1	0.0851753415294073	0.577124752115208	NO	P35222
198	I	198	-50.12	-14.47	9.894	-0.16	0.835913312693499	1	0	0	0.5863657165611956	0.18524296525465833	-0.20649051071258856	NO	P35222
199	V	199	-49.222	-11.255	8.066	0.56	0.750782064650678	1	0	0	0.9999999999999999	1.0700035820353713	0.22515145312924187	NO	P35222
200	R	200	-52.747	-9.891	8.151	0.56	0.8300395256917	0	0	0	1.0000000000000002	0.9440905066271591	0.44853082073165457	NO	P35222
201	T	201	-52.977	-10.639	11.871	0.56	0.835371900826446	0	0	0	1.0000000000000002	-0.02521549791057749	-0.3010390443284126	NO	P35222
202	M	202	-49.704	-8.827	12.559	0.56	0.840743198407432	1	0	0	0.9999999999999999	0.7283589800628524	-0.4246794344414133	NO	P35222
203	Q	203	-50.751	-5.923	10.388	0.56	0.84	0	0	0	0.9999999999999999	1.4320864266254192	0.023516979718214384	NO	P35222
204	N	204	-54.121	-5.063	11.926	0.56	0.833935018050542	1	0	0	1	0.999643601124119	0.24792428777331074	NO	P35222
205	T	205	-53.752	-6.065	15.603	0.56	0.811242908715833	1	0	0	1.0000000000000002	0.33000942499991504	-0.11358425931837905	NO	P35222
206	N	206	-53.345	-4.037	18.78	-0.16	0.824687618326392	0	0	0	1	0.44526081644081117	-0.02122131933583186	NO	P35222
207	D	207	-52.155	-6.684	21.203	0.56	0.83066361556064106	0	0	0	1	-0.08004503734674571	-0.033151532416911	NO	P35222
208	V	208	-48.434	-6.441	21.957	-0.16	0.829090909090909	0	0	0	0.9999999999999999	0.13186048002859121	-0.4613136241045245	NO	P35222
209	E	209	-48.289	-10.187	22.524	-0.16	0.835164835164835	0	0	0	1	-0.45127532985493163	-1.4579598375286338	NO	P35222
210	T	210	-49.794	-11.188	19.196	0.56	0.850841750841751	1	0	0	0.9999999999999999	-0.23327420512573663	-1.0930058674846606	NO	P35222
211	A	211	-47.48	-8.658	17.534	0.56	0.787151962428715	1	0	0	0.9999999999999999	0.21924973249534443	-0.7869745310516014	NO	P35222
212	R	212	-44.394	-10.206	19.103	0.56	0.781385281385281	2	0	0	1.0000000000000002	-0.007757652030576431	-0.7989422369456317	NO	P35222
213	C	213	-45.496	-13.7	18.089	0.56	0.776376907763769	0	0	0	0.9999999999999999	-0.4341647944561252	-0.5938715472276247	NO	P35222
214	T	214	-46.499	-12.97	14.499	0.56	0.747412008281573	1	0	0	1.0000000000000002	0.08783425956440101	-0.35049520037361276	NO	P35222
215	A	215	-43.333	-10.922	13.96	-0.88	0.756424761596897	2	0	0	0.9999999999999999	0.41073911694837817	-0.1328881137747315	NO	P35222
216	G	216	-41.247	-13.619	15.565	-0.52	0.756424761596897	0	0	0	0.9999999999999999	-0.16672142246014146	-0.4184974149357632	NO	P35222
217	T	217	-42.898	-16.2	13.317	-1.24	0.777777777777778	0	0	0	0.9999999999999999	0.3303705241725571	-0.279536367787021	NO	P35222
218	L	218	-42.077	-14.373	10.105	0.56	0.753623188405797	0	0	0	0.5899835091277159	0.6434282545577775	0.33421675314872906	NO	P35222
219	H	219	-38.554	-14.021	11.471	0.56	0.756424761596897	0	0	0	0.9999999999999999	0.3858264864694357	0.19352251612359053	NO	P35222
220	N	220	-38.301	-17.817	11.655	0.56	0.767590618336887	0	0	0	1	0.3749341577122231	-0.06378316059805994	NO	P35222
221	L	221	-39.729	-18.432	8.159	0.56	0.738805970149254	0	0	0	0.9999999999999999	0.7439584681399181	-0.39780108876467374	NO	P35222
222	S	222	-37.325	-15.774	6.914	0.56	0.800743494423792	0	0	0	1.0000000000000002	0.7850819455513134	0.293037952068201	NO	P35222
223	H	223	-34.421	-18.175	7.341	0.56	0.842887888867149	0	0	0	1	0.7510425067759925	0.3251397055987202	NO	P35222
224	H	224	-35.555	-20.244	4.352	0.56	0.848389630793401	0	0	0	1	0.9916734522679622	0.08890372448951303	NO	P35222
225	R	225	-35.603	-19.347	0.654	0.56	0.83780880773362	1	0	0	1	1.1791234138756608	-0.05375826410241084	NO	P35222
226	E	226	-39.218	-20.476	0.41	0.56	0.83946608946609	1	0	0	1	1.4097809095135272	0.19352251612359053	NO	P35222
227	G	227	-40.024	-18.575	3.621	0.56	0.862997187625552	0	0	0	1	1.2141188105658687	-0.2598255809574121	NO	P35222
228	L	228	-38.89	-15.272	2.15	0.56	0.841452991452992	0	0	0	1	1.0969238033050037	0.4508281928452406	NO	P35222
229	L	229	-40.901	-16.137	-0.94	0.56	0.835029686174724	1	0	0	1	1.3149019238190982	0.44853082073165457	NO	P35222
230	A	230	-44.054	-16.766	1.129	0.56	0.970926301555105	1	0	0	1	1.4855216652025283	0.11351991075635455	NO	P35222
231	I	231	-43.728	-13.507	3.106	0.56	0.91698595146871	0	0	0	0.9999999999999999	1.2074701315978458	0.19352251612359053	NO	P35222
232	F	232	-43.1	-11.664	-0.168	0.56	0.914431673052363	1	0	0	0.9999999999999999	1.1801329200979178	1.1240791364477538	NO	P35222
233	K	233	-46.096	-13.042	-2.204	0.56	0.972297664312874	0	0	0	1	1.467423415316194	1.239710432464366	NO	P35222
234	S	234	-48.251	-12.769	0.893	0.56	0.973282442748092	0	0	0	1	1.6717720462689956	0.24042059513197006	NO	P35222
235	G	235	-47.714	-8.996	1.166	0.56	0.973282442748092	0	0	0	1	1.6561722605732345	0.9393532564826593	NO	P35222
236	G	236	-45.849	-9.174	4.488	0.56	0.96958174904943	0	0	0	0.9999999999999999	1.3374040435103671	0.5414408231857553	NO	P35222
237	I	237	-43.286	-6.518	3.549	0.56	0.96958174904943	1	0	0	0.9999999999999999	1.2098996275914697	0.6854534299774445	NO	P35222
238	P	238	-45.719	-3.624	4.059	0.56	0.96958174904943	0	0	0	1.0000000000000002	1.6340066693379545	0.6986818242995648	NO	P35222
239	A	239	-46.827	-5.135	7.425	0.56	0.972297664312874	0	0	0	0.9999999999999999	1.3295414208349883	0.1586495855788979	NO	P35222
240	L	240	-43.216	-5.522	8.592	0.56	0.972297664312874	1	0	0	1	1.0679486783482213	0.19352251612359053	NO	P35222
241	V	241	-42.509	-1.908	7.633	0.56	0.989975803664017	0	0	0	1.0000000000000002	1.2880920595949428	0.507378891025823	NO	P35222
242	K	242	-45.47	-1.034	9.841	-0.16	1.05872412336291	0	0	0	0.9999999999999999	1.4872993984139105	0.3535277268580621	NO	P35222
243	M	243	-43.973	-2.98	12.749	0.56	0.951145038167939	1	0	0	0.9999999999999999	0.9074873214600293	0.4408032963495919	NO	P35222
244	L	244	-41.016	-0.61	12.469	0.56	0.86977886977887	0	0	0	0.9999999999999999	1.0589596422047534	0.19352251612359053	NO	P35222
245	G	245	-43.392	1.842	14.134	-0.52	0.82007722007722	0	0	0	1	1.2980401658532708	-0.15908155938385615	NO	P35222
246	S	246	-43.635	-0.384	17.192	0.56	0.754273504273504	0	0	0	1	0.7647086784728088	-0.16915596154121193	NO	P35222
247	P	247	-42.542	0.887	20.644	0.56	0.678846153846154	0	0	0	0.9999999999999999	0.5860138408117003	0.11351991075635455	NO	P35222
248	V	248	-41.883	-2.643	21.9	0.56	0.604032604032604	0	0	0	1	0.27462421777442064	-0.3010390443284126	NO	P35222
249	D	249	-38.282	-3.718	21.389	-0.16	0.605128205128205	0	0	0	1	0.1888729479248826	-0.29609342872389255	NO	P35222
250	S	250	-38.88	-7.432	20.673	0.56	0.598812553011026	0	0	0	1	-0.026895070368483	0.19352251612359053	NO	P35222
251	V	251	-41.068	-6.55	17.7	0.56	0.592033542976939	0	0	0	1	0.4230062537544895	-0.18426756477724537	NO	P35222
252	L	252	-38.559	-4.095	16.22	0.56	0.594276094276094	0	0	0	1	0.34390705275406175	0.40826635158301294	NO	P35222
253	F	253	-35.889	-6.726	16.453	0.56	0.505248091603053	0	0	0	1	-0.04324192478422798	0.3446385484839245	NO	P35222
254	Y	254	-38.047	-9.275	14.633	0.56	0.508620689655172	0	0	0	1	0.09128318354360838	0.46553137437219194	NO	P35222
255	A	255	-39.338	-6.842	11.976	0.56	0.507692307692308	0	0	0	1.0000000000000002	0.6129284818975269	0.476865076799217	NO	P35222
256	I	256	-35.935	-5.377	11.101	0.56	0.579638752052545	0	0	0	1	0.3390260018470925	0.7073170261487269	NO	P35222
257	T	257	-34.13	-8.744	10.938	0.56	0.579638752052545	0	0	0	1	-0.024434273987303082	0.716616474293978	NO	P35222
258	T	258	-36.896	-10.22	8.785	0.56	0.678846153846154	0	0	0	1	0.5448485742175219	0.626263881519093	NO	P35222
259	L	259	-36.716	-7.146	6.559	0.56	0.757185757185757	1	0	0	1.0000000000000002	0.6130208473918941	0.8735446617450944	NO	P35222
260	H	260	-32.931	-7.522	6.557	0.56	0.752136752136752	0	0	0	1	0.026193368052384137	1.2745833630090582	NO	P35222
261	N	261	-33.092	-11.126	5.233	0.56	0.669847328244275	0	0	0	1	0.275967205530949	1.242699540796768	NO	P35222
262	L	262	-35.683	-10.091	2.682	0.56	0.735849056603774	0	0	0	1	0.7066844211882325	1.2881923115143041	NO	P35222
263	L	263	-33.573	-7.221	1.382	0.56	0.740740740740741	0	0	0	1	0.19062349958083336	1.242699540796768	NO	P35222
264	L	264	-30.545	-9.511	1.182	0.56	0.749255002128566	0	0	0	1	0.09522856210998264	1.1350916408302885	NO	P35222
265	H	265	-31.904	-12.72	-0.397	-0.52	0.747126436781609	1	0	0	1	0.692985783022207	1.080507923455987	NO	P35222
266	Q	266	-35.231	-12.001	-2.009	0.56	0.747126436781609	0	0	0	1	0.9326360018135683	1.2721783333163206	NO	P35222
267	E	267	-35.667	-10.357	-5.389	0.56	0.799245283018868	0	0	0	1	0.7133822253696294	1.1002187102855954	NO	P35222
268	G	268	-38.239	-7.576	-5.561	0.56	0.793984962406015	0	0	0	1	0.929742020682237	1.1826456370275964	NO	P35222
269	A	269	-37.873	-6.889	-1.833	0.56	0.721804511278195	0	0	0	1	1.0215766049239434	1.2335563858976555	NO	P35222
270	K	270	-35.953	-3.64	-2.286	0.56	0.721804511278195	0	0	0	1	0.49804389082822564	0.7763986409420224	NO	P35222
271	M	271	-38.559	-2.052	-4.505	0.56	0.661654135338346	1	0	0	1	0.7434237065016196	0.791942004270514	NO	P35222
272	A	272	-41.189	-3.448	-2.128	0.56	0.751203852327448	0	0	0	1	1.4816285241686642	0.9706906825481667	NO	P35222
273	V	273	-39.582	-1.956	1.006	0.56	0.747742963356346	2	0	0	1	1.1306162608724333	0.9415468763072448	NO	P35222
274	R	274	-39.231	1.435	-0.672	0.56	0.808988764044944	2	0	0	1	0.6480559741203963	0.9585474299477826	NO	P35222
275	L	275	-42.854	1.499	-1.773	0.56	0.881398252184769	0	0	0	1	1.233576795306579	0.811724466688594	NO	P35222
276	A	276	-43.962	0.742	1.8	0.56	0.957937584803257	0	0	0	1	1.9732596144903956	0.6831384609710732	NO	P35222
277	G	277	-42.008	3.818	2.957	-1.6	0.961525366019748	1	0	0	1	1.4597728028920125	-0.09791554628562561	NO	P35222
278	G	278	-39.438	1.646	4.73	0.56	1.05767790262172	0	0	0	0.9999999999999999	1.0173596165579737	0.3975291598100415	NO	P35222
279	L	279	-36.604	4.175	4.263	0.56	1.04981412639405	0	0	0	0.9999999999999999	0.4607585126824277	0.6046986971970579	NO	P35222
280	Q	280	-38.234	6.902	6.413	0.56	1.04296296296296	0	0	0	1	0.7018848430130389	0.15230905275259002	NO	P35222
281	K	281	-38.973	4.359	9.126	0.56	1.05074626865672	0	0	0	1	1.0929096150578577	0.2690805323037577	NO	P35222
282	M	282	-35.415	3.08	9.08	0.56	0.985955056179775	1	0	0	0.9999999999999999	0.5677026155471857	0.5259777873163257	NO	P35222
283	V	283	-33.892	6.546	9.237	0.56	0.982276119402985	0	0	0	1	0.07893254612641012	0.5335335889343424	NO	P35222
284	A	284	-36.243	7.341	12.125	-0.88	0.982276119402985	0	0	0	1	0.6634907927388071	0.09637649532051822	NO	P35222
285	L	285	-35.065	4.267	14.032	0.56	0.984200743494424	0	0	0	1	0.44174395300770253	0.40826635158301294	NO	P35222
286	L	286	-31.56	5.676	13.929	0.56	0.985955056179775	0	0	0	1	-0.0715312426912469	0.577124752115208	NO	P35222
287	N	287	-32.058	7.537	17.221	0.56	0.962406015037594	2	0	0	1	0.2695961661018086	0.19352251612359053	NO	P35222
288	K	288	-32.461	4.215	19.057	0.56	0.961525366019748	0	0	0	1	0.21132485875742535	0.19352251612359053	NO	P35222
289	T	289	-29.61	3.115	21.316	0.2	0.835079418722541	0	0	0	0.9999999999999999	-0.3256287722901624	0.12194123763711613	NO	P35222
290	N	290	-29.259	-0.607	20.916	0.56	0.724279835390947	0	0	0	0.9999999999999999	-0.4185478545145428	0.6468706132045932	NO	P35222
291	V	291	-26.071	-0.612	18.829	-0.88	0.651291512915129	0	0	0	1	-0.9089160925313728	0.7476146347781492	NO	P35222
292	K	292	-26.64	-4.171	17.59	0.56	0.654275092936803	0	0	0	1	-1.191312767618997	0.8212352659280556	NO	P35222
293	F	293	-30.081	-3.072	16.416	0.56	0.581577860388269	0	0	0	1	-0.5497736310815724	0.9585474299477826	NO	P35222
294	L	294	-28.539	0.043	14.821	0.56	0.521481481481481	0	0	0	1	-0.6465969495417677	0.7448918233842693	NO	P35222
295	A	295	-26.1	-2.264	12.999	0.56	0.519557195571956	0	0	0	0.9999999999999999	-0.9604283896394391	1.038955453923298	NO	P35222
296	I	296	-28.929	-4.103	11.193	0.56	0.593760483059376	0	0	0	0.9999999999999999	-0.682917896072558	1.1956604149342278	NO	P35222
297	T	297	-30.769	-0.887	10.447	0.56	0.544280442804428	1	0	0	1	-0.06539668166140501	0.9748245557738292	NO	P35222
298	T	298	-27.78	0.847	8.836	0.56	0.54029304029304	0	0	0	1	-0.5428230271543284	1.0213755629671604	NO	P35222
299	D	299	-26.999	-2.323	6.931	0.56	0.54029304029304	0	0	0	0.9999999999999999	-0.7647036755653424	1.4819855288801245	NO	P35222
300	C	300	-30.588	-2.225	5.555	0.56	0.587745587745588	0	0	0	1	-0.05691334409454322	1.488802793497884	NO	P35222
301	L	301	-30.161	1.39	4.501	0.56	0.591577540106952	0	0	0	1	-0.26196374697111635	1.1802213156528314	NO	P35222
302	Q	302	-26.923	0.467	2.71	0.56	0.709893048128342	0	0	0	1	-0.7561551682297996	1.4800508997318413	NO	P35222
303	I	303	-28.567	-2.378	0.76	0.2	0.584882280049566	0	0	0	1	-0.4536628819242083	1.2335563858976555	NO	P35222
304	L	304	-31.391	-0.037	-0.285	0.56	0.583747927031509	0	0	0	1	0.05155388256484281	1.1002187102855954	NO	P35222
305	A	305	-29.059	2.812	-1.023	0.56	0.656716417910448	0	0	0	1	-0.33824383932984214	1.485564592804448	NO	P35222
306	Y	306	-26.538	0.948	-3.161	0.56	0.653703703703704	0	0	0	1	-0.753073484885233	1.4528227857930425	NO	P35222
307	G	307	-26.38	1.87	-6.834	0.56	0.651291512915129	0	0	0	1	-0.6972967982298071	1.4175623782422977	NO	P35222
308	N	308	-29.835	3.439	-6.344	0.56	0.648897058823529	0	0	0	1	-0.6151712761426367	1.4353020863889454	NO	P35222
309	Q	309	-29.84	7.259	-6.64	0.56	0.542279411764706	0	0	0	1	-0.3927053953280605	1.0590052469145959	NO	P35222
310	E	310	-33.618	7.367	-6.026	0.56	0.542279411764706	0	0	0	1	-0.23995242680634607	1.5535668073665985	NO	P35222
311	S	311	-33.436	5.732	-2.581	0.56	0.501424501424502	1	0	0	1	-0.08523168885376736	0.85411545758448	NO	P35222
312	K	312	-30.428	7.879	-1.658	0.56	0.558730158730159	0	0	0	1	-0.31271643892965084	1.038955453923298	NO	P35222
313	L	313	-32.318	11.087	-2.339	0.56	0.602230483271376	1	0	0	1	-0.23153240654211324	1.027098049466079	NO	P35222
314	I	314	-35.058	9.643	-0.105	0.56	0.602755453501722	0	0	0	1	0.1777212959884446	0.828209852036994	NO	P35222
315	I	315	-32.67	8.963	2.822	0.56	0.557620817843866	0	0	0	1	0.01549856029104187	0.794472319230966	NO	P35222
316	L	316	-31.355	12.509	2.377	0.56	0.559701492537313	0	0	0	1	-0.23360602416826698	1.087265907511853	NO	P35222
317	A	317	-34.865	13.925	2.735	0.56	0.56390977443609	1	0	0	1	-0.1414652203299911	0.811724466688594	NO	P35222
318	S	318	-35.496	11.894	5.915	-0.16	0.521348314606742	0	0	0	1	0.40146891542264773	0.3446385484839245	NO	P35222
319	G	319	-32.47	13.435	7.662	0.56	0.521348314606742	0	0	0	1	0.4120771097533183	0.803197543232525	NO	P35222
320	G	320	-30.283	10.387	7.012	0.56	0.52528301886792494	1	0	0	1	0.017617875113673128	1.0354546964168811	NO	P35222
321	P	321	-26.928	12.233	6.939	0.56	0.524812030075188	0	0	0	1	-0.21760964689870696	1.0590052469145959	NO	P35222
322	Q	322	-27.239	13.928	10.37	0.56	0.560687432867884	0	0	0	1	0.030185947490293404	0.8941513934305946	NO	P35222
323	A	323	-28.407	10.633	11.915	0.56	0.564420485175202	0	0	0	1	-0.1687568616234248	0.9093353009883314	NO	P35222
324	L	324	-25.52	8.701	10.278	0.56	0.619264892268695	0	0	0	1	-0.5078934704146842	1.0735511751631839	NO	P35222
325	V	325	-22.922	11.319	11.284	0.56	0.660377358490566	0	0	0	1	-0.5341968057971982	1.0095490908693951	NO	P35222
326	N	326	-24.274	11.24	14.864	-0.16	0.616352201257862	0	0	0	1	-0.38291212671577374	1.027098049466079	NO	P35222
327	I	327	-23.74	7.5	15.024	0.56	0.571428571428571	1	0	0	1	-0.763926705512729	0.8901305677358627	NO	P35222
328	M	328	-20.084	8.099	13.998	0.56	0.615384615384615	1	0	0	1	-1.0249215092741586	0.6468706132045932	NO	P35222
329	R	329	-19.719	10.685	16.742	0.56	0.559796437659033	0	0	0	1	-0.7141138528252436	0.507378891025823	NO	P35222
330	T	330	-21.309	8.51	19.417	0.2	0.559796437659033	0	0	0	1	-0.6243537891323737	-0.14648855668716176	NO	P35222
331	Y	331	-20.414	4.795	19.247	0.56	0.5201886236369	0	0	0	1	-1.2096726472641006	-0.07848634212501131	NO	P35222
332	T	332	-17.243	2.673	19.211	-0.16	0.5201886236369	0	0	0	1	-1.7133979339678436	-0.9299923331641119	NO	P35222
333	Y	333	-18.778	-0.633	18.047	0.56	0.450381679389313	0	0	0	1	-1.6405238615916746	0.24792428777331074	NO	P35222
334	E	334	-16.573	-1.415	15.028	0.56	0.447401774397972	0	0	0	0.9999999999999999	-2.1308148477941837	-0.4048969720233329	NO	P35222
335	K	335	-19.339	-3.384	13.21	0.56	0.44910941475827	0	0	0	1	-1.9783298954711792	0.507378891025823	NO	P35222
336	L	336	-21.81	-0.498	13.614	0.56	0.368861024033438	0	0	0	0.9999999999999999	-1.4618682703429724	0.8516084634992396	NO	P35222
337	L	337	-19.265	2.166	12.568	0.56	0.366055997234704	0	0	6.814526519903373	0.19170559913346452	-1.7296472426026617	0.38781455772973433	NO	P35222
338	W	338	-18.269	0.025	9.63	0.56	0.366055997234704	0	0	5.443500277034368	0.2262480948969918	-2.035011370125144	0.6230101870424349	NO	P35222
339	T	339	-21.904	-0.45	8.421	0.56	0.33587786259542	1	0	6.814526519903373	0.19170559913346452	-1.8453177299121257	1.164982724154311	NO	P35222
340	T	340	-22.66	3.217	9.086	0.56	0.447837150127226	0	0	4.519664818423418	0.259599470116949	-1.3465028940804076	1.0202161049183598	NO	P35222
341	S	341	-19.643	4.29	7.059	0.56	0.447401774397972	0	0	14.061465497514078	0.026139843577248217	-1.623326086639409	1.4353020863889454	YES	P35222
342	R	342	-20.811	2.241	4.031	0.56	0.620082207868467	0	0	23.115271995224617	0.012879404251487704	-1.886653896679095	1.4838209462772132	YES	P35222
343	V	343	-24.059	4.126	4	0.56	0.557133838383838	0	0	3.8546523735208287	0.29179079750316844	-1.2225217361573102	1.495692582207322	NO	P35222
344	L	344	-22.13	7.399	4.157	0.56	0.483018867924528	0	0	19.220662111836372	0.005038482593522398	-1.1630576463275	1.4509219551973145	YES	P35222
345	K	345	-19.712	6.119	1.458	0.56	0.554511278195489	0	0	49.52916558374425	6.519721228055241e-4	-1.5184924631775025	1.5535668073665985	YES	P35222
346	V	346	-22.604	5.244	-0.874	0.56	0.664150943396226	0	0	17.510839401612238	0.018993120315828803	-1.2278564269892884	1.2135557345558463	YES	P35222
347	L	347	-24.355	8.53	-0.026	0.56	0.669847328244275	0	0	14.061465497514078	0.026139843577248217	-0.847785930221343	1.2579050049224663	YES	P35222
348	S	348	-21.256	10.715	-0.523	0.56	0.672413793103448	0	0	37.8631808523617	0.0011263121622802636	-1.077051225448106	1.1002187102855954	YES	P35222
349	V	349	-21.193	10.106	-4.268	0.56	0.736363636363636	0	0	9.061336521975413	0.15594036015706914	-1.010762517010751	0.9585474299477826	NO	P35222
350	C	350	-24.628	11.732	-4.612	0.56	0.742071881606765	0	0	6.814526519903373	0.19170559913346452	-0.7093465133665393	0.9585474299477826	NO	P35222
351	S	351	-24.344	15.481	-5.237	-0.88	0.865750528541226	0	0	9.061336521975413	0.15594036015706914	-0.4556420448089881	0.6880840765755933	NO	P35222
352	S	352	-27.333	16.371	-3.058	0.56	0.863986013986014	0	0	6.814526519903373	0.19170559913346452	-0.26538806120439745	0.760207637474844	NO	P35222
353	N	353	-26.228	14.165	-0.195	0.56	0.863986013986014	0	0	3.8546523735208287	0.29179079750316844	-0.6389688950585651	0.9258540575621331	NO	P35222
354	K	354	-22.591	15.299	-0.261	0.56	0.862248438584316	0	0	4.519664818423418	0.259599470116949	-0.7271950470728892	1.0095490908693951	NO	P35222
355	P	355	-23.312	18.855	0.896	0.56	0.812977099236641	1	0	5.443500277034368	0.2262480948969918	-0.5610209134439055	0.9188794714531946	NO	P35222
356	A	356	-25.695	17.678	3.676	0.56	0.743991640543365	0	0	3.8546523735208287	0.29179079750316844	-0.3121225888353667	0.811724466688594	NO	P35222
357	I	357	-23.196	15.246	5.111	0.56	0.815267175572519	1	0	3.3521253050280735	0.32285260463022253	-0.6289598520113622	1.0095490908693951	NO	P35222
358	V	358	-20.499	17.95	5.102	0.56	0.861389561009333	0	0	3.8546523735208287	0.29179079750316844	-0.7760164625194602	0.9093353009883314	NO	P35222
359	E	359	-23.015	20.274	6.758	0.56	0.791825095057034	0	0	4.519664818423418	0.259599470116949	-0.4373859011675704	1.239710432464366	NO	P35222
360	A	360	-23.738	17.693	9.476	0.56	0.785849056603774	1	0	2.9597694852949648	0.3528148787616286	-0.3752275329428106	1.378077221399759	NO	P35222
361	G	361	-20.072	17.781	10.485	0.56	0.780701754385965	1	0	2.9597694852949648	0.3528148787616286	-0.47399067547519047	0.6468706132045932	NO	P35222
362	G	362	-19.454	14.555	8.543	0.56	0.858126721763085	0	0	2.9597694852949648	0.3528148787616286	-0.8757193088371916	0.7433276551367212	NO	P35222
363	M	363	-15.811	15.149	7.707	0.56	0.852487135506003	0	0	7.731761814449803	0.06389294963735574	-1.1273565623845192	0.4244734335044786	NO	P35222
364	Q	364	-14.741	15.936	11.277	0.56	0.852487135506003	0	0	3.3521253050280735	0.32285260463022253	-0.732426151536974	-0.38935360869484176	NO	P35222
365	A	365	-16.645	12.82	12.493	0.56	0.778508771929825	0	0	4.519664818423418	0.259599470116949	-0.8238814930673896	0.4508281928452406	NO	P35222
366	L	366	-15.054	10.522	9.896	0.56	0.720647773279352	1	0	19.220662111836372	0.005038482593522398	-1.3350505727682773	0.16458540354395176	YES	P35222
367	G	367	-11.777	12.128	10.93	0.56	0.715269804822044	0	0	14.061465497514078	0.026139843577248217	-1.3282476867924762	-0.894512916870816	NO	P35222
368	L	368	-12.081	10.565	14.397	-1.24	0.712610809265084	0	0	5.443500277034368	0.2262480948969918	-1.004495760077874	-0.9192409948934163	NO	P35222
369	H	369	-11.789	7.032	13.007	0.56	0.662921348314607	0	0	17.510839401612238	0.018993120315828803	-1.6259747309144426	-0.57839451404136	NO	P35222
370	L	370	-8.75	7.193	10.724	0.56	0.614126394052045	0	0	14.061465497514078	0.026139843577248217	-1.6195926687304156	-1.3705284188058688	NO	P35222
371	T	371	-6.302	5.598	13.225	0.56	0.611366245694604	0	0	9.061336521975413	0.15594036015706914	-1.5035447618667668	-3.1249855545093492	NO	P35222
372	D	372	-8.71	2.777	14.171	-0.88	0.611366245694604	0	0	23.115271995224617	0.012879404251487704	-2.0966971107373067	-1.1665217751194177	NO	P35222
373	P	373	-7.263	-0.763	14.104	-0.52	0.444862155388471	1	0	0	1	-2.317879439268027	-0.9722297335132736	NO	P35222
374	S	374	-9.972	-1.903	11.642	0.56	0.445283018867925	0	0	26.050144174526153	0.08061238314591515	-2.4587163224967488	-0.30754643328172826	NO	P35222
375	Q	375	-8.651	-1.593	8.101	-0.88	0.445283018867925	0	0	64.70738269549236	0.0039967484080747845	-2.4235898317872318	0.05751808699928961	YES	P35222
376	R	376	-12.148	-1.913	6.634	0.56	0.331766917293233	0	0	33.9511328947174	0.007859721588133969	-2.5142985418861654	0.3068595403938409	YES	P35222
377	L	377	-13.519	0.879	8.795	0.56	0.241285030758715	0	0	17.510839401612238	0.018993120315828803	-2.217642350219432	0.06988212601058985	YES	P35222
378	V	378	-10.562	3.104	7.946	0.56	0.21952736318408	0	0	23.115271995224617	0.012879404251487704	-2.2169187356990325	-0.09497172747341134	NO	P35222
379	Q	379	-11.013	2.522	4.23	0.56	0.301973119816986	0	0	33.9511328947174	0.007859721588133969	-2.353264141445962	0.44853082073165457	YES	P35222
380	N	380	-14.717	3.538	4.238	0.56	0.303960964408726	0	1	33.9511328947174	0.007859721588133969	-2.220217740056486	0.9135459644287123	YES	P35222
381	C	381	-13.682	6.688	6.022	0.56	0.376332622601279	0	0	49.52916558374425	6.519721228055241e-4	-1.7967635084895268	0.3709195975900699	YES	P35222
382	L	382	-11	7.542	3.469	0.56	0.303960964408726	0	1	173.8807780102458	8.42306340119907e-6	-1.9155399804824813	-0.6604587830289961	NO	P35222
383	W	383	-13.312	6.747	0.532	0.56	0.303688876179583	0	0	133.1141475323796	1.337752280156067e-4	-2.1249236897138433	1.1535537805304195	YES	P35222
384	T	384	-15.995	8.956	2.026	0.56	0.285177228786251	0	0	71.47657069664464	3.301975931033617e-4	-1.4915842273227022	1.0590052469145959	YES	P35222
385	L	385	-13.685	11.808	3.044	0.56	0.287061994609164	0	0	96.10073068918737	3.8767318151223116e-5	-1.4430369054876269	0.49883858150467386	YES	P35222
386	R	386	-12.267	11.761	-0.5	0.56	0.287061994609164	0	0	293.5183878578863	2.8269846237701203e-6	-1.8303245421248775	0.5514289085559609	YES	P35222
387	N	387	-15.763	12.044	-2.08	0.56	0.380952380952381	0	0	173.8807780102458	8.42306340119907e-6	-1.4238003910123802	0.6209650076571072	YES	P35222
388	L	388	-16.931	14.769	0.336	0.56	0.355223880597015	0	1	25.643409652938175	0.0026336111567749013	-1.0289412851897866	0.7763986409420224	YES	P35222
389	S	389	-13.751	16.852	0.14	0.56	0.356554307116105	0	0	30.611955020064336	0.0017788390687576876	-1.3919907167277599	0.3171629062365912	YES	P35222
390	D	390	-14.45	18.768	-3.129	0.56	0.384905660377358	0	0	33.9511328947174	0.007859721588133969	-1.6513931253239889	0.4280129111654885	YES	P35222
391	A	391	-17.314	20.429	-1.201	-0.52	0.384199134199134	0	0	9.061336521975413	0.15594036015706914	-1.082325435920788	0.5644436864625926	NO	P35222
392	A	392	-15.844	21.508	2.144	0.56	0.381310418904404	0	0	11.721505094847723	0.03426017841341167	-1.0883324538329864	0.7979866455649276	YES	P35222
393	T	393	-14.15	24.925	1.801	0.56	0.381310418904404	0	0	23.115271995224617	0.012879404251487704	-1.2575331440018505	0.5461265916310368	YES	P35222
394	K	394	-16.778	26.054	4.334	0.56	0.37988228999465	1	0	6.814526519903373	0.19170559913346452	-1.2464999471144045	0.42019656466409167	NO	P35222
395	Q	395	-15.874	23.953	7.356	0.56	0.443196004993758	0	0	3.8546523735208287	0.29179079750316844	-0.8018656472845842	0.4280129111654885	NO	P35222
396	E	396	-14.206	24.792	10.668	0.56	0.477980665950591	1	0	0	1	-0.4726682062517391	0.4891843185677227	NO	P35222
397	G	397	-12.862	22.483	13.382	0.56	0.573576799140709	0	0	0	1	-0.4988364594745015	-0.9192409948934163	NO	P35222
398	M	398	-10.704	20.866	10.666	-0.16	0.573576799140709	0	0	3.3521253050280735	0.32285260463022253	-0.5220340430537	-0.7665087482832388	NO	P35222
399	E	399	-7.338	21.094	12.472	0.56	0.569823434991974	0	0	0	1	-0.06733959140415836	-2.212709691460193	NO	P35222
400	G	400	-7.308	17.492	13.723	-0.52	0.573576799140709	0	0	0	1	-0.1626663525131302	-1.8193430349160615	NO	P35222
401	L	401	-8.452	15.963	10.451	-0.16	0.674242424242424	0	0	10.02620825825806	0.04329634048673652	-0.7061222069176871	-1.3870694980236893	NO	P35222
402	L	402	-5.822	17.834	8.435	0.56	0.627128596594246	1	0	3.3521253050280735	0.32285260463022253	-0.5417931952749243	-1.8623583892437474	NO	P35222
403	G	403	-3.258	16.803	11.033	-1.6	0.62474407721556	0	0	4.519664818423418	0.259599470116949	0.011108929947046809	-2.3949488768872964	NO	P35222
404	T	404	-4.211	13.136	10.82	-1.24	0.630651790957135	1	0	10.02620825825806	0.04329634048673652	-0.5151431776670848	-3.187159007823315	NO	P35222
405	L	405	-4.172	13.445	7.009	0.56	0.630651790957135	0	0	8.740812592846092	0.05319213744756787	-0.7924492772647562	-1.7452640267121873	NO	P35222
406	V	406	-0.544	14.57	6.997	0.56	0.625874125874126	0	0	2.385303239410195	0.4095581044815311	-0.2412244638346211	-2.69242512627011	NO	P35222
407	Q	407	0.49	11.697	9.296	-0.16	0.680608365019011	0	0	2.9597694852949648	0.3528148787616286	-0.2655137799784108	-3.1362410934713605	NO	P35222
408	L	408	-1.27	9.115	7.098	-0.88	0.685823754789272	0	0	14.061465497514078	0.026139843577248217	-1.0841930188943023	-2.073217969281423	NO	P35222
409	L	409	0.977	10.288	4.265	0.56	0.681297709923664	0	0	2.385303239410195	0.4095581044815311	-0.37068571314799265	-2.2127096914601934	NO	P35222
410	G	410	3.584	8.057	5.95	-0.52	0.613465481886535	1	0	0	1	-0.24468187030012284	-2.0106871972702502	NO	P35222
411	S	411	1.409	4.939	5.993	-1.24	0.613465481886535	0	0	0	1	-0.9000370563140981	-2.299892017821924	NO	P35222
412	D	412	2.853	1.572	4.945	0.56	0.488038277511962	1	0	0	1	-0.8461282805213975	-2.72085810796857	NO	P35222
413	D	413	-0.334	1.226	2.926	0.56	0.484848484848485	0	0	0	1	-1.6257802546722449	-1.4687538398400861	NO	P35222
414	I	414	0.015	2.607	-0.562	-0.16	0.481243663399797	0	0	0	1	-0.8326083862848709	-1.908364115797422	NO	P35222
415	N	415	-3.787	3.145	-0.657	0.56	0.529368029739777	0	0	33.9511328947174	0.007859721588133969	-1.8181575350208654	-1.2753253184188582	NO	P35222
416	V	416	-4.057	5.015	2.619	0.56	0.526937269372694	0	0	23.115271995224617	0.012879404251487704	-1.851691634191245	-1.5551058583317057	NO	P35222
417	V	417	-1.311	7.255	1.267	-0.16	0.524542124542125	0	0	10.02620825825806	0.04329634048673652	-0.9120119872380172	-1.6076172209279609	NO	P35222
418	T	418	-3.049	7.804	-2.086	0.56	0.437118437118437	0	0	11.721505094847723	0.03426017841341167	-1.0909288759569584	-1.0270300529406478	NO	P35222
419	C	419	-6.361	8.875	-0.431	0.56	0.4940036900369	0	0	133.1141475323796	1.337752280156067e-4	-1.9316740171402658	-0.19007971986802727	NO	P35222
420	A	420	-4.589	11.089	2.076	0.56	0.329335793357934	0	0	17.510839401612238	0.018993120315828803	-1.4196003274623668	-0.9398477265789164	NO	P35222
421	A	421	-2.962	13.063	-0.715	-0.88	0.329335793357934	0	0	6.920421138890681	0.07534571079183149	-0.8236909537330547	-1.1121200034696974	NO	P35222
422	G	422	-6.275	13.307	-2.628	0.56	0.439114391143911	0	0	37.8631808523617	0.0011263121622802636	-1.6612003177747015	0.3230505438610198	YES	P35222
423	I	423	-8.267	14.569	0.311	-1.24	0.526937269372694	0	0	49.52916558374425	6.519721228055241e-4	-1.7217431213215122	-0.06553353935126831	NO	P35222
424	L	424	-5.451	17.067	1.125	0.56	0.525	0	1	21.98770445117259	0.0037131526434110436	-1.1464514922741817	-0.5506526621037159	NO	P35222
425	S	425	-5.389	18.175	-2.479	0.56	0.592740592740593	0	0	5.443500277034368	0.2262480948969918	-1.0765804154646494	0.7312144452196633	NO	P35222
426	N	426	-9.169	18.624	-2.22	0.56	0.521611721611722	0	0	23.115271995224617	0.012879404251487704	-1.7818844552696154	0.46553137437219194	YES	P35222
427	L	427	-9.257	20.408	1.141	0.56	0.521611721611722	0	0	11.721505094847723	0.03426017841341167	-1.4503080565359066	-0.1155784591589116	NO	P35222
428	T	428	-6.48	22.857	0.279	0.56	0.4375	0	0	4.519664818423418	0.259599470116949	-0.9900509412778967	-0.3010390443284126	NO	P35222
429	C	429	-7.977	23.82	-3.082	0.56	0.4375	0	0	9.061336521975413	0.15594036015706914	-1.0926250782759928	0.15230905275259002	NO	P35222
430	N	430	-8.996	27.478	-2.91	0.56	0.523076923076923	0	0	26.050144174526153	0.08061238314591515	-1.0364395251954412	0.3446385484839245	NO	P35222
431	N	431	-9.213	27.368	0.887	0.56	0.581196581196581	0	0	6.814526519903373	0.19170559913346452	-1.0803072445017567	-0.20132905230179923	NO	P35222
432	Y	432	-6.565	29.508	2.6	-1.24	0.652727272727273	0	0	0	1	-0.49512490347152793	-0.4048969720233329	NO	P35222
433	K	433	-7.129	28.389	6.226	0.56	0.791911764705882	0	0	0	1	-0.6636703986360244	-0.2598255809574121	NO	P35222
434	N	434	-6.417	24.803	5.243	0.56	0.797777777777778	0	0	4.519664818423418	0.259599470116949	-0.684592216868349	-0.9767481530855097	NO	P35222
435	K	435	-3.337	25.799	3.278	0.56	0.800743494423792	0	0	4.519664818423418	0.259599470116949	-0.19303979483444622	-0.7684600313409762	NO	P35222
436	M	436	-2.222	27.514	6.494	-0.88	0.778500619578687	0	0	0	1	0.07800755185263775	-1.2465243804866535	NO	P35222
437	M	437	-2.831	24.519	8.799	-0.16	0.775617283950617	1	0	3.8546523735208287	0.29179079750316844	-0.046727329877184504	-2.1556448960234236	NO	P35222
438	V	438	-1.297	21.921	6.525	0.56	0.812943514050525	1	0	2.9597694852949648	0.3528148787616286	-0.09374960398743548	-1.735842641221142	NO	P35222
439	C	439	1.84	23.985	6.08	-0.52	0.806987883910961	0	0	2.9597694852949648	0.3528148787616286	0.30237364771939573	-0.9572841918512627	NO	P35222
440	Q	440	2.087	24.267	9.886	0.56	0.876678876678877	1	0	0	1	0.6766977875747864	-1.8193430349160615	NO	P35222
441	V	441	2.205	20.544	10.703	-0.88	0.876678876678877	0	0	0	1	0.6125471943822949	-2.703963147828905	NO	P35222
442	G	442	4.883	19.987	8.07	-0.52	0.871046228710462	1	0	0	1	0.7010760475675977	-2.6672603033875646	NO	P35222
443	G	443	2.597	19.237	5.138	0.56	0.949421487603306	0	0	1.9856716544862263	0.4622497498697513	0.15027901943230745	-2.3322740247562814	NO	P35222
444	I	444	5.081	20.53	2.524	-0.16	0.952886529528865	0	0	1.828004080118672	0.48714559478318886	0.38827966925094926	-1.106075362175284	NO	P35222
445	E	445	7.829	18.305	3.932	0.56	0.949421487603306	1	0	0	0.9999999999999999	0.7954403957524565	-1.406529591221125	NO	P35222
446	A	446	5.43	15.307	4.074	0.56	0.864734299516908	0	0	1.6912106961199302	0.5111107539054696	0.29136562256991194	-2.9799141634434285	NO	P35222
447	L	447	4.2	15.858	0.503	0.56	0.871046228710462	1	0	1.828004080118672	0.48714559478318886	0.0987267521009499	-1.3365273115247938	NO	P35222
448	V	448	7.705	16.042	-1.012	-0.16	0.871046228710462	1	0	0	1.0000000000000002	0.4910942575683379	-1.0369937473819884	NO	P35222
449	R	449	8.649	12.866	0.836	-0.52	0.804042672655811	1	0	0	0.9999999999999999	0.5535967779126633	-2.3665608556279545	NO	P35222
450	T	450	5.555	11.301	-0.693	-0.88	0.839220779220779	0	0	0	1	0.10107816080814291	-1.735842641221142	NO	P35222
451	V	451	6.329	12.301	-4.27	-0.16	0.913744343891403	1	0	0	1	0.37935414988139277	-0.9767481530855097	NO	P35222
452	L	452	9.88	10.942	-3.846	0.56	0.920512820512821	0	0	0	1	0.8128971871873044	-1.4479102491696954	NO	P35222
453	R	453	8.613	7.656	-2.429	0.56	0.918834841628959	1	0	0	1	0.30537179831173084	-1.710539491616621	NO	P35222
454	A	454	6.09	7.094	-5.259	0.56	0.825850729196454	0	0	0	1	-0.05187974691393201	-1.3541140911529361	NO	P35222
455	G	455	8.52	7.365	-8.137	0.56	0.825850729196454	0	0	0	1	0.5465343028319702	-1.1665217751194177	NO	P35222
456	D	456	6.552	6.804	-11.341	0.56	0.782837670384139	0	0	0	0.9999999999999999	0.38112492829703204	-2.073217969281423	NO	P35222
457	R	457	3.312	5.931	-9.558	-0.16	0.726015557476232	0	0	0	1	-0.13545605856898466	-0.8265107023086657	NO	P35222
458	E	458	0.989	8.66	-10.767	-0.16	0.734265734265734	0	0	0	0.9999999999999999	-0.143871682770909	-1.0016679216354167	NO	P35222
459	D	459	-1.998	7.556	-8.689	0.56	0.729462989840348	0	0	0	1	-0.8860807439815938	-1.0693757543163458	NO	P35222
460	I	460	0.142	9.047	-5.928	0.56	0.726015557476232	0	0	0	1	-0.5173670054151551	-0.7131736780384152	NO	P35222
461	T	461	2.253	11.861	-7.354	0.56	0.678571428571429	0	0	0	1	-0.20597527351272268	-0.8574207998369159	NO	P35222
462	E	462	-0.658	13.543	-9.128	0.56	0.674157303370787	0	0	3.8546523735208287	0.29179079750316844	-0.06953301360482769	-0.5030855354886821	NO	P35222
463	P	463	-2.793	14.138	-6.021	0.56	0.608313619466036	0	0	5.443500277034368	0.2262480948969918	-0.598014179961117	-0.2377110396363876	NO	P35222
464	A	464	0.434	15.022	-4.105	0.56	0.535315985130112	0	0	2.9597694852949648	0.3528148787616286	-0.02097837845170759	-0.2984083977302634	NO	P35222
465	I	465	1.614	17.529	-6.76	-0.16	0.537313432835821	1	0	3.8546523735208287	0.29179079750316844	0.2797366780426281	-0.09982037022294057	NO	P35222
466	C	466	-1.89	19.05	-6.782	0.56	0.600915522263837	0	0	4.519664818423418	0.259599470116949	-0.09925985189583149	-0.06553353935126831	NO	P35222
467	A	467	-1.73	19.637	-3.037	0.56	0.579454253611557	0	0	3.8546523735208287	0.29179079750316844	-0.12883238924228468	0.13439015563476395	NO	P35222
468	L	468	1.738	21.206	-3.373	0.56	0.575146043547531	1	0	2.1691127913207797	0.43639637245964297	0.33307544134775036	-0.14007325342658142	NO	P35222
469	R	469	0.282	23.48	-6.09	0.56	0.571959638874137	0	0	5.443500277034368	0.2262480948969918	0.28540477280763915	0.9209880672535713	NO	P35222
470	H	470	-2.488	24.587	-3.72	0.56	0.572494669509595	0	0	6.814526519903373	0.19170559913346452	0.021414739748484967	0.3446385484839245	NO	P35222
471	L	471	-0.029	25.047	-0.846	0.56	0.804494382022472	0	0	2.6442823479336557	0.3817070716740557	0.1402522449067057	-0.1117935492574932	NO	P35222
472	T	472	2.27	27.347	-2.814	0.56	0.731358529111338	0	0	0	1	0.29842591035485505	0.06399448838616091	NO	P35222
473	S	473	-0.237	30.023	-3.831	0.56	0.670411985018727	0	0	0	1	0.2256916236378994	0.3100977410872767	NO	P35222
474	R	474	-2.502	32.635	-2.293	0.56	0.719288174512055	0	0	0	1	-0.057016972647614385	0.1391207444738699	NO	P35222
475	H	475	-2.1	32.476	1.464	0.56	0.719288174512055	0	0	0	1	-0.09122234540614327	-0.3295714420467974	NO	P35222
476	Q	476	-0.051	33.99	4.315	-0.88	0.663568773234201	0	0	0	1	0.33305867123564337	-0.7779376919071298	NO	P35222
477	E	477	2.559	31.214	4.185	0.56	0.668539325842697	0	0	0	0.9999999999999999	0.4110278036053744	-0.9489146885205364	NO	P35222
478	A	478	2.614	30.607	0.397	0.56	0.669811320754717	0	0	0	1	0.4834440416850595	-0.23391997540992654	NO	P35222
479	E	479	6.139	32.043	0.263	0.56	0.713784461152882	0	0	0	1	0.6786964480128612	-7.69525482553698e-4	NO	P35222
480	M	480	7.725	29.852	2.96	0.56	0.77056277056277	0	0	0	1	0.8426213451267988	-0.5715023977006015	NO	P35222
481	A	481	6.234	26.899	1.09	0.56	0.72886809008482	0	0	0	1	0.7645408317732335	-0.1950615670886975	NO	P35222
482	Q	482	7.635	27.741	-2.357	0.56	0.72886809008482	0	0	0	1	0.7969363798624998	0.16035070414205374	NO	P35222
483	N	483	10.964	27.7	-0.506	0.56	0.728146853146853	0	0	0	1	0.8477940930994327	0.27852528432627843	NO	P35222
484	A	484	10.449	24.565	1.605	-0.52	0.669811320754717	1	0	0	0.9999999999999999	0.9394535662357165	-0.40149686129522577	NO	P35222
485	V	485	9.845	22.661	-1.614	0.56	0.730703259005146	0	0	0	0.9999999999999999	1.0008646122181328	-0.4246794344414133	NO	P35222
486	R	486	13.429	23.445	-2.647	0.56	0.73625993778085	1	0	0	0.9999999999999999	0.958279801479731	-0.012544800731410746	NO	P35222
487	L	487	14.771	23.242	0.877	0.56	0.789607097591889	0	0	0	1	1.030184043737277	-0.35049520037361276	NO	P35222
488	H	488	13.376	19.736	1.118	-1.6	0.855716253443526	0	0	0	1	1.1394558915214308	-1.6896157332898054	NO	P35222
489	Y	489	14.994	18.429	-2.059	0.56	0.855716253443526	1	0	0	1	1.111361604649582	-1.4929324050177397	NO	P35222
490	G	490	11.783	18.718	-4.048	0.56	0.855716253443526	0	0	0	0.9999999999999999	1.0272681274719644	-0.9517779396599955	NO	P35222
491	L	491	12.772	20.852	-7.036	0.2	0.790394402035623	0	0	0	1.0000000000000002	1.1215400875370352	-0.894512916870816	NO	P35222
492	P	492	14.637	18.273	-9.16	0.56	0.788167938931298	0	0	0	1	1.2977132269591454	-1.52920025278422	NO	P35222
493	V	493	11.902	15.63	-8.772	-0.52	0.785941475826972	0	0	0	1	1.1369964955031395	-1.7435102623134213	NO	P35222
494	V	494	9.126	18.116	-9.572	-0.16	0.788952745849298	1	0	0	1	0.9328380470191104	-1.1086475499601407	NO	P35222
495	V	495	10.892	18.962	-12.82	0.56	0.728264073091659	0	0	0	1	1.207905489869025	-1.030517345995117	NO	P35222
496	K	496	11.667	15.291	-13.545	0.56	0.728264073091659	0	0	0	1	1.013712705429603	-1.4385306333680192	NO	P35222
497	L	497	7.903	14.605	-13.553	0.56	0.733136094674556	0	0	0	0.9999999999999999	0.737519762174048	-1.5152510805663428	NO	P35222
498	L	498	7.495	16.77	-16.701	0.56	0.738045738045738	0	0	0	0.9999999999999999	0.783797455917516	-1.0369937473819884	NO	P35222
499	H	499	9.125	14.044	-18.737	-1.6	0.738045738045738	0	0	0	1	0.7663243642624936	-1.9724739477078668	NO	P35222
500	P	500	7.812	10.685	-19.957	-0.88	0.685328185328185	0	0	0	1	0.06160961562295411	-2.0165494571462976	NO	P35222
501	P	501	6.561	8.265	-18.689	0.56	0.693359375	0	0	0	1	-0.1871837624107461	-2.35656052995705	NO	P35222
502	S	502	4.332	10.976	-17.119	-0.16	0.462239583333333	1	0	0	1	0.30633565025108483	-1.4803781500216504	NO	P35222
503	H	503	0.858	11.43	-18.593	-1.24	0.519455252918288	0	0	0	0.9999999999999999	0.26500690814083994	-1.4803781500216504	NO	P35222
504	W	504	-1.063	14.68	-19.171	0.56	0.593663146192329	0	0	0	1	0.4907306229948098	-1.2571913945356183	NO	P35222
505	P	505	-2.94	14.781	-15.848	0.56	0.461738002594034	0	0	0	1	0.28395293768283775	-0.4645634312520585	NO	P35222
506	L	506	0.337	14.642	-13.882	0.56	0.615650670125378	0	0	0	1	0.228321808544924	-0.872458144580389	NO	P35222
507	I	507	1.974	16.997	-16.377	-0.16	0.828793774319066	0	0	0	1	0.5252307324392984	-0.32458959482612715	NO	P35222
508	K	508	-0.802	19.622	-16.05	0.56	0.96692607003891	0	0	2.9597694852949648	0.3528148787616286	0.6663895468888662	-0.1950615670886975	NO	P35222
509	A	509	-0.508	19.467	-12.245	0.56	1.00568181818182	0	0	0	1	0.32672589007330777	0.30379637757572603	NO	P35222
510	T	510	3.294	19.698	-12.292	0.56	0.96692607003891	0	0	0	1	0.5785444605746075	-0.3807184068456796	NO	P35222
511	V	511	3.304	22.612	-14.72	-0.16	0.878083157152925	0	0	4.519664818423418	0.259599470116949	1.0461277918062213	0.4539565293403365	NO	P35222
512	G	512	0.98	24.439	-12.311	0.56	0.874692874692875	0	0	5.443500277034368	0.2262480948969918	0.9923487496035712	1.02281781566201	NO	P35222
513	L	513	3.236	23.683	-9.35	0.56	0.912820512820513	0	0	6.814526519903373	0.19170559913346452	0.8373002297874557	0.6468706132045932	NO	P35222
514	I	514	6.321	24.913	-11.215	0.56	0.912820512820513	0	0	3.3521253050280735	0.32285260463022253	1.2615332886791257	0.32182858133519504	NO	P35222
515	R	515	4.553	28.172	-12	0.56	0.917312661498708	0	0	2.9597694852949648	0.3528148787616286	1.3951737903027628	1.0891614396250835	NO	P35222
516	N	516	4.036	28.692	-8.276	0.56	0.920881971465629	0	0	3.3521253050280735	0.32285260463022253	0.9816118217712249	1.1107616892874799	NO	P35222
517	L	517	7.574	27.649	-7.322	0.56	0.927083333333333	0	0	0	1	0.9766191610302088	0.6074490395453754	NO	P35222
518	A	518	8.9	30.253	-9.734	0.56	0.879023700035373	0	0	2.6442823479336557	0.3817070716740557	1.259884224398621	0.9706906825481667	NO	P35222
519	L	519	7.109	33.041	-7.811	0.56	0.878083157152925	0	0	3.3521253050280735	0.32285260463022253	1.2110822351115909	1.5535668073665985	NO	P35222
520	C	520	9.982	32.624	-5.367	0.56	0.884943181818182	0	0	0	1	1.0558717460726872	1.2815579491179967	NO	P35222
521	P	521	13.179	34.152	-6.861	0.56	0.748798076923077	2	0	0	1	1.3205355046508498	0.791942004270514	NO	P35222
522	A	522	15.424	31.668	-5.021	0.56	0.811197916666667	2	0	0	1	1.045123795793176	0.760207637474844	NO	P35222
523	N	523	13.928	28.929	-7.244	0.56	0.811197916666667	1	0	0	1	1.2149985824981775	0.4508281928452406	NO	P35222
524	H	524	14.536	30.881	-10.437	0.56	0.811197916666667	1	0	0	0.9999999999999999	1.5309210264869315	-0.10870954859707818	NO	P35222
525	A	525	18.05	29.47	-10.746	0.56	0.8134765625	0	0	0	0.9999999999999999	1.4135538321000753	-1.1665217751194177	NO	P35222
526	P	526	17.451	25.903	-9.469	0.56	0.880549682875264	0	0	0	1	1.2949060239913879	-0.40149686129522577	NO	P35222
527	L	527	14.515	25.489	-11.86	0.56	0.918918918918919	0	0	0	0.9999999999999999	1.466979856570039	-0.027880042915969253	NO	P35222
528	R	528	16.701	26.556	-14.833	-0.52	0.916344916344916	1	0	0	0.9999999999999999	1.4983819949512942	-0.9265139590177103	NO	P35222
529	E	529	19.573	24.243	-13.894	0.56	0.922480620155039	0	0	0	1	1.3770296033677925	-2.025497116957107	NO	P35222
530	Q	530	17.094	21.334	-13.908	-1.24	0.922480620155039	0	0	0	0.9999999999999999	1.3407345905065118	-1.0577182318199772	NO	P35222
531	G	531	15.923	21.961	-17.482	0.2	0.922480620155039	0	0	0	1	1.3050037035823003	-1.4579598375286338	NO	P35222
532	A	532	12.391	23.251	-16.852	-0.52	0.957960644007156	0	0	0	0.9999999999999999	1.4599390189439951	-0.6905062731843651	NO	P35222
533	I	533	12.429	25.673	-19.761	0.56	0.945977686435702	0	0	2.9597694852949648	0.3528148787616286	1.6519596196468225	-1.0400060270968123	NO	P35222
534	P	534	13.33	23.471	-22.704	0.56	0.913486005089059	0	0	0	1	1.5549902301861116	-2.0106871972702502	NO	P35222
535	R	535	10.756	20.94	-21.484	0.56	0.945641762452107	0	0	0	1	1.371017748021906	-1.4215300797274817	NO	P35222
536	L	536	8.073	23.595	-20.884	0.56	0.864518711226736	0	0	6.814526519903373	0.19170559913346452	1.501490793457102	-0.40742728698378533	NO	P35222
537	V	537	8.623	24.986	-24.382	0.56	0.856393129770992	0	0	4.519664818423418	0.259599470116949	1.498666082388037	-0.5048786064066028	NO	P35222
538	Q	538	8.677	21.482	-25.913	0.56	0.816730038022814	0	0	0	1	1.302591256230666	0.3446385484839245	NO	P35222
539	L	539	5.27	20.761	-24.297	0.56	0.772727272727273	0	0	0	1	1.0277594143037898	-0.3664957214470601	NO	P35222
540	L	540	3.945	24.144	-25.392	0.56	0.722672064777328	0	0	5.443500277034368	0.2262480948969918	1.1460569643133407	0.8377540225018574	NO	P35222
541	V	541	4.77	23.74	-29.084	0.56	0.727431059506531	0	0	0	1	1.0160810082088196	1.027098049466079	NO	P35222
542	R	542	3.496	20.173	-28.837	-0.16	0.782894736842105	1	0	0	1	0.7769713386979096	0.7375402326207938	NO	P35222
543	A	543	0.135	21.232	-27.382	0.56	0.782894736842105	0	0	0	1	0.8208997938784107	0.023516979718214384	NO	P35222
544	H	544	-0.188	24.292	-29.623	0.56	0.676136363636364	0	0	0	1	0.6785323263641088	0.9706906825481667	NO	P35222
545	Q	545	0.32	22.192	-32.757	0.56	0.681297709923664	0	0	0	1	0.5233250452024418	0.6468706132045932	NO	P35222
546	D	546	-2.256	19.69	-31.411	0.56	0.673584905660377	0	0	0	1	0.5990801279764676	-0.737034104200573	NO	P35222
547	T	547	-4.869	22.46	-31.403	-0.88	0.669172932330827	1	0	0	1	0.4615317973404768	-1.1665217751194177	NO	P35222
548	Q	548	-5.139	21.986	-35.207	0.56	0.717948717948718	0	0	0	1	0.329158187698242	-0.7131736780384148	NO	P35222
559	Q	559	-10.449	17.433	-27.737	-0.88	0.85239852398524	0	0	0	1	0.6254768928739741	-1.5551058583317057	NO	P35222
560	F	560	-9.719	15.806	-24.323	-0.16	0.810288065843622	0	0	0	1	0.4109715271842176	-1.1665217751194177	NO	P35222
561	V	561	-6.511	13.785	-24.751	-0.88	0.767641325536062	0	0	0	1	0.4099030376721024	-1.6198698722004203	NO	P35222
562	E	562	-6.088	11.841	-21.507	-0.16	0.770495010761104	0	0	0	1	0.15422070128963467	-2.0165494571462976	NO	P35222
563	G	563	-8.591	13.924	-19.589	0.56	0.733907339073391	1	0	0	1	0.4439226436556343	-1.4865321965883607	NO	P35222
564	V	564	-6.691	17.071	-20.457	0.56	0.733907339073391	1	0	0	1	0.6598803607302137	-0.907465719644559	NO	P35222
565	R	565	-7.504	19.71	-23.063	0.56	0.743081180811808	2	0	0	1	0.634214920894301	-0.6719602146674147	NO	P35222
566	M	566	-4.33	20.544	-24.973	0.56	0.776384083044983	0	0	0	1	0.5786416638243838	-0.2598255809574121	NO	P35222
567	E	567	-5.479	24.176	-24.677	0.56	0.858742004264392	0	0	0	1	0.5188184555168003	-0.15620315876746893	NO	P35222
568	E	568	-4.838	23.816	-20.921	0.56	0.855549654806161	0	0	2.9597694852949648	0.3528148787616286	0.7587031707144949	-0.09497172747341134	NO	P35222
569	I	569	-1.291	22.702	-21.615	0.56	0.824339839265212	1	0	2.9597694852949648	0.3528148787616286	0.7448178413110544	0.09863570510663652	NO	P35222
570	V	570	-0.703	25.736	-23.837	0.56	0.83410780669145	0	0	2.385303239410195	0.4095581044815311	0.7782527172102752	0.7763986409420224	NO	P35222
571	E	571	-1.943	28.076	-21.108	0.56	0.8317843866171	0	0	2.9597694852949648	0.3528148787616286	0.8207021592410708	1.02281781566201	NO	P35222
572	G	572	-0.229	26.428	-18.148	0.56	0.861940298507463	1	0	4.519664818423418	0.259599470116949	1.22152338238888	1.2672416934207018	NO	P35222
573	C	573	3.092	26.224	-19.974	0.56	0.891385767790262	0	0	4.519664818423418	0.259599470116949	1.3861814354414455	1.0095490908693951	NO	P35222
574	T	574	2.963	29.811	-21.154	0.56	0.894736842105263	0	0	3.3521253050280735	0.32285260463022253	1.1247765422369018	1.4402297830963477	NO	P35222
575	G	575	2.098	30.809	-17.604	0.56	0.947368421052632	0	1	3.8546523735208287	0.29179079750316844	1.2890713645081866	1.4175623782422977	NO	P35222
576	A	576	5.014	28.954	-16.013	0.56	0.943820224719101	0	0	3.8546523735208287	0.29179079750316844	1.6431003487024214	1.047503815276177	NO	P35222
577	L	577	7.312	30.715	-18.455	0.56	0.943820224719101	0	0	2.9597694852949648	0.3528148787616286	1.4349684191988437	0.4111296027224718	NO	P35222
578	H	578	5.63	34.072	-17.734	0.56	0.947368421052632	0	0	3.3521253050280735	0.32285260463022253	1.166876823855863	1.5535668073665985	NO	P35222
579	I	579	6.837	33.756	-14.151	0.56	0.946463978849967	0	0	2.6442823479336557	0.3817070716740557	1.4478719592116516	1.1350916408302885	NO	P35222
580	L	580	10.213	32.255	-15.013	0.56	0.927866541353383	0	0	1.6912106961199302	0.5111107539054696	1.52640728944949	-0.1302975532199829	NO	P35222
581	A	581	10.86	35.207	-17.372	0.56	0.90062893081761	2	0	2.1691127913207797	0.43639637245964297	1.3218715720456606	-0.28249298581146226	NO	P35222
582	R	582	11.197	37.449	-14.287	0.56	0.847537878787879	0	0	1.828004080118672	0.48714559478318886	1.3023863891405418	0.6468706132045932	NO	P35222
583	D	583	14.877	36.509	-14.324	0.56	0.802952359651085	0	0	0	0.9999999999999999	1.33819582280669	-0.35049520037361276	NO	P35222
584	V	584	17.181	37.74	-17.046	-0.88	0.829531051964512	0	0	0	1	1.2305785722654272	-1.6395806590300293	NO	P35222
585	H	585	19.132	34.487	-17.35	-1.24	0.798479087452471	2	0	0	1	1.4268563209471283	-2.6502064564754266	NO	P35222
586	N	586	15.782	32.763	-17.868	0.56	0.798479087452471	0	0	0	0.9999999999999999	1.557655638660625	-1.4865321965883607	NO	P35222
587	R	587	14.769	35.385	-20.46	0.56	0.804597701149426	1	0	0	1	1.3602072674145234	-1.0888049584769601	NO	P35222
588	I	588	17.976	34.754	-22.436	-0.16	0.820689655172414	1	0	0	1	1.405687314197554	-2.003472108192038	NO	P35222
589	V	589	17.166	31.027	-22.503	-1.96	0.768606870229008	0	0	0	1	1.6413266127394122	-2.0106871972702502	NO	P35222
590	I	590	13.499	31.544	-23.42	0.56	0.854007633587786	0	0	0	1	1.5615644737763188	-1.0967759140300326	NO	P35222
591	R	591	14.472	33.794	-26.356	-1.6	0.904942965779468	0	0	0	0.9999999999999999	1.2743379718380115	-1.0815190069167295	NO	P35222
592	G	592	17.124	31.308	-27.452	-1.96	0.936784351145038	0	0	0	1	1.441444678445704	-2.3118222309030036	NO	P35222
593	L	593	14.593	28.523	-27.945	0.56	0.936784351145038	0	0	0	1	1.4186064593101628	-1.1665217751194177	NO	P35222
594	N	594	13.029	30.764	-30.589	0.56	0.968221771467208	1	0	0	1	1.4047770873263132	-1.0482570541417646	NO	P35222
595	T	595	9.842	31.276	-28.653	0.56	0.914431673052363	0	0	0	1	1.2626516207943699	-0.20649051071258856	NO	P35222
596	I	596	8.861	34.807	-29.671	0.56	0.865407794294898	1	0	0	1	1.1312071781577495	-0.2598255809574121	NO	P35222
597	P	597	7.047	33.859	-32.897	0.56	0.806017063313875	0	0	0	1	1.230634230617129	-0.01571506714456447	NO	P35222
598	L	598	4.878	31.477	-30.861	0.56	0.806017063313875	0	0	0	1	0.8439842576547161	0.9491026779252615	NO	P35222
599	F	599	3.99	33.93	-28.105	0.56	0.806851476222673	1	0	3.3521253050280735	0.32285260463022253	0.9205894710163322	1.190888329701796	NO	P35222
600	V	600	2.978	36.327	-30.889	0.56	0.804597701149426	0	0	0	1	0.6096284672492569	1.2513347426459298	NO	P35222
601	Q	601	0.993	33.627	-32.695	0.56	0.726717557251909	0	0	0	0.9999999999999999	0.6266575349105494	1.164982724154311	NO	P35222
602	L	602	-0.647	32.887	-29.323	0.56	0.766459923664122	0	0	0	1	0.41838040869091236	0.8184077310190265	NO	P35222
603	L	603	-1.985	36.437	-29.172	0.56	0.674242424242424	0	0	0	1	0.019265721812281818	0.4920688239574214	NO	P35222
604	Y	604	-4.619	35.363	-31.722	0.56	0.629292929292929	0	0	0	0.9999999999999999	0.14477619730403993	0.14315050533681256	NO	P35222
605	S	605	-5.846	32.478	-29.578	0.56	0.625157232704403	1	0	0	1	0.022399978337138794	0.14315050533681256	NO	P35222
606	P	606	-9.658	32.521	-29.098	-0.88	0.670454545454545	0	0	0	1	-0.15703968646497124	-0.046485299978117	NO	P35222
607	I	607	-9.302	31.686	-25.383	-0.16	0.67557251908397	1	0	0	1	-0.3949203470504274	-0.17739865421541196	NO	P35222
608	E	608	-8.977	34.857	-23.324	0.56	0.672348484848485	0	0	0	1	-0.8420575261249472	0.42019656466409167	NO	P35222
609	N	609	-6.626	33.151	-20.841	0.56	0.670454545454545	1	0	2.9597694852949648	0.3528148787616286	-0.26691147534131404	0.6761188775323996	NO	P35222
610	I	610	-4.153	32.152	-23.543	0.56	0.670454545454545	0	0	3.8546523735208287	0.29179079750316844	0.34637866012742075	0.7763986409420224	NO	P35222
611	Q	611	-3.946	35.729	-24.815	0.56	0.670454545454545	0	0	2.9597694852949648	0.3528148787616286	-0.4422252173866445	0.9059266686794516	NO	P35222
612	R	612	-3.246	36.809	-21.26	0.56	0.623396226415094	0	0	2.6442823479336557	0.3817070716740557	-0.6257939033060153	0.9059266686794516	NO	P35222
613	V	613	-0.215	34.575	-20.587	0.56	0.667293233082707	0	0	2.6442823479336557	0.3817070716740557	0.2789244224029466	1.1455535199936957	NO	P35222
614	A	614	1.208	35.103	-24.084	0.56	0.711251435132032	0	0	2.385303239410195	0.4095581044815311	0.39861622304959093	1.2135557345558463	NO	P35222
615	A	615	0.881	38.854	-23.567	0.56	0.717271407837446	0	0	3.3521253050280735	0.32285260463022253	-0.21895890987980063	0.9868816860153451	NO	P35222
616	G	616	2.353	38.323	-20.109	0.56	0.761185983827493	0	0	3.8546523735208287	0.29179079750316844	-0.06295566548041012	1.2815579491179967	NO	P35222
617	V	617	5.543	36.627	-21.235	0.56	0.764069264069264	1	0	3.3521253050280735	0.32285260463022253	0.6043765870951812	0.9491026779252615	NO	P35222
618	L	618	6.173	39.017	-24.139	0.56	0.764069264069264	0	0	2.9597694852949648	0.3528148787616286	0.3686586292041	0.716616474293978	NO	P35222
619	C	619	5.767	41.723	-21.523	0.56	0.766233766233766	0	0	0	1	-0.1732319814541373	1.164982724154311	NO	P35222
620	E	620	8.449	40.253	-19.219	0.56	0.834659593280283	0	0	2.6442823479336557	0.3817070716740557	0.5826006133019956	0.6945914655289094	NO	P35222
621	L	621	10.737	39.698	-22.217	0.56	0.791187739463602	1	0	0	0.9999999999999999	0.7326809938760046	-0.7131736780384148	NO	P35222
622	A	622	10.183	43.201	-23.601	0.56	0.791187739463602	0	0	0	1	0.13920688039746734	0.3100977410872767	NO	P35222
623	Q	623	11.982	44.735	-20.616	0.56	0.809195402298851	0	0	0	1	0.15682765821786518	0.7476146347781492	NO	P35222
624	D	624	15.1	44.06	-22.699	0.56	0.809195402298851	0	0	0	1	0.5956045032045191	-0.5998366537681644	NO	P35222
625	K	625	15.911	46.205	-25.76	0.56	0.673003802281369	1	0	0	0.9999999999999999	0.3619098442400699	0.8735446617450944	NO	P35222
626	E	626	16.833	43.566	-28.352	0.56	0.747782002534854	0	0	0	1	0.7700755726508668	-0.2598255809574121	NO	P35222
627	A	627	13.961	41.421	-27.123	0.56	0.838068181818182	0	0	0	1	0.9068707150693054	-0.9965162387140417	NO	P35222
628	A	628	11.512	44.322	-27.321	0.56	0.742138364779874	0	0	0	1	0.45708965592377016	0.4280129111654885	NO	P35222
629	E	629	12.645	44.977	-30.909	-0.16	0.742138364779874	0	0	0	1	0.4717906610274112	0.843978481500681	NO	P35222
630	A	630	12.593	41.28	-31.815	0.56	0.747782002534854	1	0	0	1	0.9936157589064136	-0.2922075878917694	NO	P35222
631	I	631	8.945	41.285	-30.7	0.56	0.810687022900763	1	0	0	1	0.7558502409250801	0.6945914655289094	NO	P35222
632	E	632	8.159	44.326	-32.863	-0.16	0.952107279693486	0	0	0	1	0.48661807140417285	0.9491026779252615	NO	P35222
633	A	633	9.786	42.719	-35.928	0.56	0.867990247300592	0	0	0	1	1.3205934968277635	0.5335335889343424	NO	P35222
634	E	634	7.421	39.774	-35.463	0.56	0.949425287356322	0	0	0	1	1.1834616243991598	0.8735446617450944	NO	P35222
635	G	635	4.133	41.567	-36.184	0.56	0.949425287356322	0	0	0	0.9999999999999999	0.8123789538170199	0.3709195975900699	NO	P35222
636	A	636	3.2	41.968	-32.535	0.56	0.949425287356322	0	0	0	0.9999999999999999	0.26817706116950496	0.7763986409420224	NO	P35222
637	T	637	2.124	45.607	-32.71	-0.16	0.904214559386973	0	0	0	1	-0.12361180467858986	0.5821065993358786	NO	P35222
638	A	638	-0.964	44.785	-34.814	0.56	0.813793103448276	0	0	0	1	0.2747647220900326	0.5173425854671636	NO	P35222
639	P	639	-2.643	42.134	-32.616	0.56	0.737722048066876	0	0	0	1	-0.2299408008674256	0.5006292915655601	NO	P35222
640	L	640	-1.343	43.815	-29.448	0.56	0.736988202637058	0	0	0	0.9999999999999999	-0.5105214116038796	0.716616474293978	NO	P35222
641	T	641	-3.242	47.031	-30.147	-0.88	0.683397683397684	0	0	0	1	-1.054296320911111	0.46553137437219194	NO	P35222
642	E	642	-6.491	45.194	-30.954	0.56	0.67557251908397	0	0	0	1	-0.8632860364814419	0.19352251612359053	NO	P35222
643	L	643	-6.17	43.608	-27.489	0.56	0.67557251908397	0	0	0	1	-1.1711664420068593	0.39958983297859185	NO	P35222
644	L	644	-6.014	46.965	-25.694	0.56	0.614156835530881	0	0	0	0.9999999999999999	-1.5042430003001737	0.5821065993358786	NO	P35222
645	H	645	-9.793	46.862	-26.056	0.56	0.614156835530881	0	0	0	0.9999999999999999	-1.817061242013521	0.3446385484839245	NO	P35222
646	S	646	-10.557	43.507	-24.455	0.56	0.491325468424705	1	0	0	1	-1.4449559587283811	-0.033151532416911	NO	P35222
647	R	647	-13.144	42.328	-21.923	0.56	0.408045977011494	1	0	0	1	-1.5337531133951203	0.5935355429597692	NO	P35222
648	N	648	-10.778	41.233	-19.137	0.56	0.405343511450382	1	0	0	1	-1.7702129694744546	0.6468706132045932	NO	P35222
649	E	649	-8.221	43.628	-17.654	0.56	0.402272727272727	0	0	0	1	-1.8081693113818382	0.9809165794748057	NO	P35222
650	G	650	-5.287	41.228	-17.646	0.56	0.402661596958175	0	0	0	1	-1.4611812165704294	1.1183526341688361	NO	P35222
651	V	651	-5.008	40.961	-21.423	-0.88	0.363636363636364	0	0	0	1	-1.1023040262236292	0.7979866455649276	NO	P35222
652	A	652	-5.64	44.694	-21.758	0.56	0.306818181818182	1	0	0	1	-1.3924148223752184	0.828209852036994	NO	P35222
653	T	653	-3.038	45.847	-19.222	0.56	0.383860414394766	0	0	0	0.9999999999999999	-1.6948286961444152	0.716616474293978	NO	P35222
654	Y	654	-0.329	43.438	-20.448	0.56	0.383860414394766	0	0	0	1	-1.1189346029948835	0.9135459644287123	NO	P35222
655	A	655	-1.002	44.337	-24.099	0.56	0.361389961389961	0	0	0	0.9999999999999999	-0.9168097705276602	0.8377540225018574	NO	P35222
656	A	656	-0.466	47.958	-23.141	0.56	0.386813186813187	0	0	0	1	-1.2171647155626752	0.6156052271990066	NO	P35222
657	A	657	2.758	47.158	-21.293	0.56	0.38423645320197	0	0	0	1	-1.0077358604590503	0.5821065993358786	NO	P35222
658	V	658	4.194	45.41	-24.356	0.56	0.385714285714286	0	0	0	1	-0.3682763784408799	0.6015358034964929	NO	P35222
659	L	659	3.228	48.232	-26.72	0.56	0.415384615384615	0	0	0	1	-0.4955667964703838	0.6468706132045932	NO	P35222
660	F	660	4.839	50.579	-24.179	0.56	0.382769901853871	0	0	0	1	-0.9282010664508347	0.19352251612359053	NO	P35222
661	R	661	8.259	49.282	-25.352	0.56	0.381314502987507	0	0	0	0.9999999999999999	-0.24616640097669923	0.9258540575621331	NO	P35222
