Uniprot_position	aminoacid	Position_in_structure	x	y	z	paraz	mtr	gscount	pscount	OR	pvalue	mtr3dscore	paraz3dscore	HotSpot3D	Uniprot
352	W	352	256.818	214.001	194.659	1.27	0.716666666666667	0	0	0	1	1.4821034947712477	-0.801695384167182	NO	Q9BUQ8
353	D	353	258.645	211.022	196.153	0.03	0.716192170818505	0	0	0	1	0.02964189484084484	-0.9202573379424479	NO	Q9BUQ8
354	D	354	259.474	212.306	199.614	0.03	0.720833333333333	0	0	0	1	0.10737836509564454	-1.0941482034795047	NO	Q9BUQ8
355	R	355	260.635	209.127	201.309	-0.47	0.786363636363636	1	0	0	1	-0.13110951617926297	-1.1185192717555317	NO	Q9BUQ8
356	H	356	263.707	209.222	203.477	-0.47	0.785829828534455	0	0	0	1	-0.5534207551451796	-1.52217303465259	NO	Q9BUQ8
357	W	357	266.541	207.213	201.787	1.02	0.686507936507937	0	0	0	1	-0.6923423193068051	-1.1565381382661337	NO	Q9BUQ8
358	S	358	266.226	204.571	204.468	0.03	0.548833531039937	1	0	0	1	-0.2368126942542517	-1.3656989894595957	NO	Q9BUQ8
359	Q	359	262.805	203.812	202.996	0.53	0.54688731284476	0	0	0	1	0.025536036348449333	-0.9058762120678554	NO	Q9BUQ8
360	K	360	264.257	203.104	199.569	0.03	0.462765957446809	0	0	0	1	-0.10034942290359535	-1.1652391527607364	NO	Q9BUQ8
361	K	361	266.086	200.247	197.887	0.28	0.462765957446809	0	0	0	1	0.18903286578122835	-0.9095233338969506	NO	Q9BUQ8
362	L	362	269.745	200.85	196.962	0.03	0.459805653710247	0	0	0	1	-0.026067258979687025	-0.49153145817978866	NO	Q9BUQ8
363	D	363	268.991	201.272	193.252	1.02	0.411347517730496	1	0	0	1	-0.4462435811442432	-0.9058762120678554	NO	Q9BUQ8
364	E	364	266.5	204.001	194.101	1.02	0.411347517730496	0	0	0	1	-0.502769644509993	-1.025335775406017	NO	Q9BUQ8
365	M	365	269.066	206.18	195.838	0.28	0.367844522968198	0	0	0	1	-0.34501092529592847	-1.0063245340163447	NO	Q9BUQ8
366	T	366	269.254	209.668	194.321	-0.47	0.335367812399615	0	0	0	1	-0.6236295266875195	-1.3328613012393702	NO	Q9BUQ8
367	D	367	272.025	212.308	194.584	1.02	0.247517730496454	0	0	0	1	-1.3789945465351652	-1.111478740920235	NO	Q9BUQ8
368	R	368	269.921	214.08	197.22	0.53	0.224863475746868	0	0	0	1	-0.8699690002739843	-1.3584457875815792	NO	Q9BUQ8
369	D	369	269.472	210.768	199.066	-1.21	0.224863475746868	0	0	0	1	-0.6133595705694743	-1.035534035934092	NO	Q9BUQ8
370	W	370	273.265	210.339	199.215	-1.21	0.22550594282043	0	0	0	1	-0.8651900109432825	-0.5824875051871347	NO	Q9BUQ8
371	R	371	273.642	213.902	200.524	-1.21	0.227922077922078	0	0	0	1	-1.2196935779214162	-0.9805629243071511	NO	Q9BUQ8
372	I	372	271.017	213.272	203.272	-1.21	0.250714285714286	0	0	0	1	-1.1653160069832442	-1.2526699268605084	NO	Q9BUQ8
373	F	373	272.712	209.938	203.95	0.53	0.341883116883117	0	0	0	1	-0.763541312631292	-0.6753463983661824	NO	Q9BUQ8
374	R	374	276.112	211.543	204.486	1.02	0.25089605734767	0	0	0	1	-0.8166408072269223	-0.3511599598211712	NO	Q9BUQ8
375	E	375	274.496	214.201	206.633	0.28	0.25089605734767	0	0	0	1	-1.209391620285585	-0.7813983583356962	NO	Q9BUQ8
376	D	376	272.803	211.493	208.748	0.03	0.376344086021505	0	0	0	1	-0.8771238486305443	-0.9849695154416186	NO	Q9BUQ8
377	Y	377	276.159	209.788	209.383	0.53	0.344601247128323	0	0	0	1	-0.6071789689322455	0.03373681765215602	NO	Q9BUQ8
378	S	378	278.304	212.998	209.426	-0.47	0.349090909090909	0	0	0	1	-0.7844288624568324	-0.1664907348499993	NO	Q9BUQ8
379	I	379	280.457	211.769	206.575	1.52	0.284444444444444	0	0	0	1	-0.5829459667022088	0.004350254165700538	NO	Q9BUQ8
380	T	380	282.718	214.425	205.042	0.28	0.386496350364964	0	0	0	1	-0.6904339889522835	-0.03202691540641952	NO	Q9BUQ8
381	T	381	285.068	213.568	202.17	0.53	0.386181818181818	0	0	0	1	-0.48758428460843123	0.1813543173651064	NO	Q9BUQ8
382	K	382	287.843	214.971	199.988	0.28	0.43030303030303	0	0	0	1	-0.19894124112005146	0.1440191631686125	NO	Q9BUQ8
383	G	383	289.069	213.474	196.696	1.52	0.429951690821256	0	0	0	1	0.2942678095140992	-0.854389585845078	NO	Q9BUQ8
384	G	384	287.489	212.785	193.309	-0.22	0.43030303030303	0	0	0	1	0.5651540731548649	-1.3861409940470206	NO	Q9BUQ8
385	K	385	284.84	210.234	192.388	-0.47	0.51970802919708	0	0	0	1	0.6612942467418056	-1.3373846384246726	NO	Q9BUQ8
386	I	386	284.273	208.902	195.887	1.02	0.523529411764706	0	0	0	1	0.11454344968784858	-0.49074793328555844	NO	Q9BUQ8
387	P	387	282.29	205.671	195.741	0.77	0.51970802919708	0	0	0	1	0.2582750392310481	-0.5656196946070167	NO	Q9BUQ8
388	N	388	278.83	205.603	197.45	0.03	0.52014652014652	1	0	0	1	-0.33559720262717435	-0.32419292719777737	NO	Q9BUQ8
389	P	389	279.004	204.56	201.146	1.52	0.648351648351648	0	0	0	1	-0.31303045043086064	0.09397430885285533	NO	Q9BUQ8
390	I	390	277.583	201.262	202.38	1.52	0.653136531365314	0	0	0	1	0.042407230806508336	0.40816880900394426	NO	Q9BUQ8
391	R	391	273.937	201.53	203.539	0.03	0.655555555555556	1	0	0	1	-0.03747306819755253	-0.020144565644570088	NO	Q9BUQ8
392	S	392	274.096	198.229	205.438	0.53	0.648897058823529	0	0	0	1	0.5756194446500417	0.19485233946978925	NO	Q9BUQ8
393	W	393	276.045	194.967	205.272	1.02	0.647058823529412	0	0	0	1	1.0233637851932211	0.34534028813466305	NO	Q9BUQ8
394	K	394	273.313	193.306	203.257	0.53	0.724279835390947	0	0	0	1	1.3972596140107525	-0.14331060875835935	NO	Q9BUQ8
395	D	395	273.23	196.261	200.902	0.03	0.724279835390947	1	0	0	1	0.9804820985105471	-0.28693412850072114	NO	Q9BUQ8
396	S	396	276.979	196.074	200.525	0.28	0.820167286245353	0	0	0	1	0.7863353485191704	0.43725431976638307	NO	Q9BUQ8
397	S	397	278.636	194.137	197.733	0.03	0.940831556503198	1	0	0	1	1.2202082899795537	0.22931631112620188	NO	Q9BUQ8
398	L	398	280.832	192.239	200.167	0.77	0.939989378651089	0	0	0	1	0.818343930043643	-0.0098395415718472	NO	Q9BUQ8
399	P	399	281.4	188.527	199.396	1.52	1.10486891385768	0	0	0	1	0.9935789479172275	-0.32321606499198396	NO	Q9BUQ8
400	P	400	279.089	186.024	201.156	-0.47	1.10174781523096	1	0	0	1	1.6989110943736232	-0.6266335363706164	NO	Q9BUQ8
401	H	401	281.892	184.523	203.214	-0.47	1.10174781523096	0	0	0	1	0.7344302908337885	-0.20458225548715714	NO	Q9BUQ8
402	I	402	283.011	187.963	204.394	1.27	0.823227611940299	0	0	0	1	0.34783359303261524	-0.3385901971292564	NO	Q9BUQ8
403	L	403	279.518	188.983	205.406	0.28	0.828651685393258	0	0	0	1	0.9250325185777483	0.18371647123342597	NO	Q9BUQ8
404	E	404	279.198	185.684	207.258	0.28	0.754797441364605	1	0	0	1	1.186653835178187	0.10824565514061878	NO	Q9BUQ8
405	V	405	282.222	186.52	209.369	0.28	0.754797441364605	0	0	0	1	0.15558044026756052	-0.01065504707400506	NO	Q9BUQ8
406	I	406	280.99	190.075	209.917	1.27	0.667293233082707	0	0	0	1	0.3310781014577779	0.06427260997274616	NO	Q9BUQ8
407	D	407	277.606	188.699	211.018	0.28	0.665413533834586	0	0	0	1	1.263819261644018	-0.08926977748202809	NO	Q9BUQ8
408	K	408	279.219	186.087	213.288	1.52	0.754797441364605	0	0	0	1	0.4832179103248567	-0.01819847296896597	NO	Q9BUQ8
409	C	409	281.492	188.635	214.984	-0.22	0.76047261009667	0	0	0	1	-0.3097053522062446	-0.3857875780666458	NO	Q9BUQ8
410	G	410	278.325	190.571	215.822	1.52	0.66044776119403	0	0	0	1	0.2030208278993924	0.045183094367866196	NO	Q9BUQ8
411	Y	411	279.079	193.825	213.982	0.53	0.49533582089552203	0	0	0	1	-0.003154467218980814	0.39095004714253073	NO	Q9BUQ8
412	K	412	275.391	194.483	213.228	0.28	0.491236162361624	0	0	0	1	0.4854269905195772	0.1807741392220105	NO	Q9BUQ8
413	E	413	275.752	197.825	211.372	-0.71	0.491236162361624	0	0	0	1	0.4640794164377812	0.4551345122418567	NO	Q9BUQ8
414	P	414	278.699	199.562	209.698	1.52	0.587654320987654	0	0	0	1	0.10070425875435171	0.855856617400695	NO	Q9BUQ8
415	T	415	279.989	202.556	211.734	1.52	0.59149111937216	0	0	0	1	-0.34396121729466667	0.9270075551312877	NO	Q9BUQ8
416	P	416	280.342	205.85	209.819	1.52	0.499533582089552	0	0	0	1	-0.4580264400641938	0.6391397370454208	NO	Q9BUQ8
417	I	417	284.037	205.44	208.982	1.52	0.499533582089552	0	0	0	1	-0.43292593794342954	0.8594893237284893	NO	Q9BUQ8
418	Q	418	283.371	201.862	207.881	1.52	0.499533582089552	0	0	0	1	-0.3329183389690497	0.9612683884734172	NO	Q9BUQ8
419	R	419	280.49	202.959	205.624	0.03	0.585485854858549	0	0	0	1	-0.26209993772998963	0.6792626077515902	NO	Q9BUQ8
420	Q	420	282.667	205.26	203.562	1.52	0.4940036900369	0	0	0	1	-0.38599438205380204	0.579251978441497	NO	Q9BUQ8
421	A	421	286.192	203.931	203.899	0.77	0.490808823529412	0	0	0	1	-0.3714864608145123	0.9722329594018211	NO	Q9BUQ8
422	I	422	285.382	200.315	202.97	1.52	0.494444444444445	1	0	0	1	-0.2058768971679607	0.9918005608674878	NO	Q9BUQ8
423	P	423	284.24	201.037	199.376	1.52	0.496282527881041	0	0	0	1	0.2626117735612335	0.08800122830900095	NO	Q9BUQ8
424	I	424	287.312	203.297	198.818	0.28	0.497676579925651	1	0	0	1	0.06673732514694221	0.15535350775657533	NO	Q9BUQ8
425	G	425	289.575	200.511	200.121	0.53	0.441975308641975	0	0	0	1	0.2690950760712954	-0.013469340571648251	NO	Q9BUQ8
426	L	426	287.872	198.098	197.723	1.52	0.397777777777778	0	0	0	1	0.42762358783588095	-0.6571600472953644	NO	Q9BUQ8
427	Q	427	289.063	200.275	194.851	0.03	0.397777777777778	0	0	0	1	0.6397132279404081	-1.2643588390581053	NO	Q9BUQ8
428	N	428	292.678	199.932	196.137	0.53	0.400746268656716	0	0	0	1	0.8126939045907569	-1.2697955424058247	NO	Q9BUQ8
429	R	429	292.706	203.667	196.922	1.52	0.404887218045113	1	0	0	1	0.7526886213017393	-1.0315448406055767	NO	Q9BUQ8
430	D	430	294.706	205.292	199.692	1.52	0.409090909090909	0	0	0	1	0.6546958796383995	-0.4016499595988154	NO	Q9BUQ8
431	I	431	292.865	206.872	202.56	1.02	0.409090909090909	0	0	0	1	0.2833706286202137	0.6173521483794352	NO	Q9BUQ8
432	I	432	293.321	209.355	205.258	1.27	0.407547169811321	0	0	0	1	0.28881970345743896	0.9118175934502888	NO	Q9BUQ8
433	G	433	290.646	208.677	207.848	1.27	0.510849056603774	0	0	0	1	0.18807542615155567	1.1268189678082126	NO	Q9BUQ8
434	V	434	289.988	211.328	210.435	0.03	0.514204545454545	1	0	0	1	0.233604847215449	1.011151306440614	NO	Q9BUQ8
435	A	435	288.317	209.726	213.4	1.52	0.514204545454545	0	0	0	1	0.1647832266519888	1.162387837060294	NO	Q9BUQ8
436	E	436	289.231	208.654	216.898	-0.22	0.457070707070707	0	0	0	1	0.44158833040496387	1.4049142309444689	NO	Q9BUQ8
437	T	437	289.773	205.223	218.375	1.52	0.514204545454545	0	0	0	1	-0.11359551745631413	1.2711891214378908	NO	Q9BUQ8
438	G	438	286.427	203.654	219.269	1.52	0.341856060606061	0	0	0	1	-0.5529189385775214	1.6109132619536792	NO	Q9BUQ8
439	S	439	284.875	204.63	215.947	1.52	0.34280303030303	0	0	0	1	-0.20805217992359598	1.1788956454070059	NO	Q9BUQ8
440	G	440	285.484	201.283	214.228	1.52	0.340225563909774	0	0	0	1	-0.5705788578018257	1.0077271787175164	NO	Q9BUQ8
441	K	441	288.616	202.312	212.31	1.52	0.389903329752954	0	0	0	1	-0.19195601906922985	1.1098495128909691	NO	Q9BUQ8
442	T	442	290.138	198.841	212.66	1.52	0.453183520599251	0	0	0	1	-0.6679264805013315	0.9293872064356687	NO	Q9BUQ8
443	A	443	287.432	196.923	210.848	0.53	0.451935081148564	0	0	0	1	-0.9151046515893306	0.6322894908272942	NO	Q9BUQ8
444	A	444	287.289	199.75	208.303	0.77	0.449004975124378	0	0	0	1	-0.44160908367370677	1.1908327549313464	NO	Q9BUQ8
445	F	445	290.817	198.923	207.189	1.52	0.270943396226415	0	0	0	1	-0.41865410469241787	0.9689443448224667	NO	Q9BUQ8
446	L	446	290.666	195.166	207.897	0.28	0.268913857677903	0	0	0	1	-0.8195610450227001	0.48843432024663835	NO	Q9BUQ8
447	I	447	287.688	194.376	205.666	1.27	0.22180916976456	0	0	0	1	-0.23203682571756673	0.37711781920208315	NO	Q9BUQ8
448	P	448	289.103	195.362	202.239	1.52	0.38272921108742	0	0	0	1	0.09464416425031053	-0.06237003013767775	NO	Q9BUQ8
449	L	449	292.31	193.524	203.141	1.02	0.385606874328679	0	0	0	1	-0.2597517142569522	0.04806134908136471	NO	Q9BUQ8
450	L	450	290.344	190.359	203.996	1.27	0.223684210526316	0	0	0	1	-0.5483721830206163	-0.2896394793622276	NO	Q9BUQ8
451	V	451	288.349	190.592	200.813	0.77	0.386363636363636	0	0	0	1	-0.023903797923642278	-0.45284025268851863	NO	Q9BUQ8
452	W	452	291.627	190.89	198.881	-1.21	0.386363636363636	0	0	0	1	0.16126901143937813	-1.222925436702854	NO	Q9BUQ8
453	I	453	293.468	188.051	200.606	-1.21	0.386363636363636	0	0	0	1	-0.12975907416029525	-1.166163612439296	NO	Q9BUQ8
454	T	454	290.661	185.486	200.627	-1.21	0.387832699619772	1	0	0	1	-0.14047798699751263	-1.2839684656157415	NO	Q9BUQ8
455	T	455	289.763	186.048	197.005	-1.21	0.387832699619772	0	0	0	1	0.5368108616216622	-1.904585025285545	NO	Q9BUQ8
456	L	456	293.216	185.393	195.626	-1.21	0.452471482889734	0	0	0	1	0.06525540223256336	-2.7425984793030183	NO	Q9BUQ8
457	P	457	293.316	182.241	193.407	-1.21	0.546564885496183	0	0	0	1	0.1362635019756902	-3.312025196184781	NO	Q9BUQ8
458	K	458	294.725	179.274	195.31	-1.21	0.546564885496183	0	0	0	1	-0.15008990096054467	-3.064179482320622	NO	Q9BUQ8
459	I	459	297.425	179.006	192.747	-1.21	0.542965779467681	0	0	0	1	0.036132483398108865	-2.7166505769616296	NO	Q9BUQ8
460	D	460	298.283	182.624	193.657	-1.21	0.545593869731801	0	0	0	1	0.11816134149178686	-3.1892076690142046	NO	Q9BUQ8
461	R	461	297.946	182.234	197.43	1.52	0.545593869731801	0	0	0	1	-0.2563761264544575	-2.430366242259427	NO	Q9BUQ8
462	I	462	300.625	179.624	196.967	0.53	0.545593869731801	0	0	0	1	-0.23516386043098053	-2.356048871280166	NO	Q9BUQ8
463	E	463	304.096	180.442	198.105	-0.47	0.541984732824428	1	0	0	1	-0.14974537152715964	-1.600890776281938	NO	Q9BUQ8
464	E	464	306.641	177.806	199.18	0.03	0.539923954372624	0	0	0	1	-0.555724144734187	-1.3258430114632231	NO	Q9BUQ8
465	S	465	309.088	180.177	200.87	0.28	0.383116883116883	0	0	0	1	-0.3694830867750105	-0.832433668479288	NO	Q9BUQ8
466	D	466	307.985	182.495	203.697	-0.22	0.335551330798479	1	0	0	1	-0.06253855346069873	-0.4151457761443307	NO	Q9BUQ8
467	Q	467	307.845	186.057	202.378	0.28	0.380952380952381	0	0	0	1	0.30171263803129117	-0.2879269178076961	NO	Q9BUQ8
468	G	468	306.559	188.021	205.356	0.53	0.334600760456274	0	0	0	1	0.22260585966826268	-0.11188295585799407	NO	Q9BUQ8
469	P	469	303.05	189.527	205.649	1.52	0.380952380952381	0	0	0	1	0.06260153511084353	0.09017980972222629	NO	Q9BUQ8
470	Y	470	300.584	190.813	203.086	0.28	0.377013963480129	0	0	0	1	0.21245055715555333	-0.5346471677776172	NO	Q9BUQ8
471	A	471	299.945	193.678	205.512	1.27	0.326208178438662	0	0	0	1	0.13628165483814267	0.374834403796041	NO	Q9BUQ8
472	I	472	301.494	195.702	208.274	1.27	0.326208178438662	0	0	0	1	0.44683181164643015	0.6840138137206841	NO	Q9BUQ8
473	I	473	299.469	197.706	210.773	1.52	0.327137546468401	0	0	0	1	0.09599137434778814	1.0303959768235837	NO	Q9BUQ8
474	L	474	301.55	200.194	212.702	1.27	0.328358208955224	0	0	0	1	0.8390521561519663	1.2186198245343423	NO	Q9BUQ8
475	A	475	300.348	201.6	216.046	0.53	0.439450686641698	0	0	0	1	0.6245613684460568	1.4033573568039854	NO	Q9BUQ8
476	P	476	301.87	204.261	218.403	1.52	0.439450686641698	0	0	0	1	1.1688370628176235	1.4211216899453973	NO	Q9BUQ8
477	T	477	301.681	202.206	221.603	1.02	0.437810945273632	0	0	0	1	0.6128025385574608	1.54157318327578	NO	Q9BUQ8
478	R	478	301.907	198.527	222.526	1.52	0.492537313432836	0	0	0	1	-0.5196836958393273	1.3921398790225543	NO	Q9BUQ8
479	E	479	298.577	198.704	224.356	1.52	0.293799417394923	0	0	0	1	-1.200288530797304	1.015794544975423	NO	Q9BUQ8
480	L	480	296.962	200.228	221.266	1.52	0.294903926482874	0	0	0	1	-0.5966744347558086	1.185691524591655	NO	Q9BUQ8
481	A	481	298.51	197.497	219.118	1.52	0.401136363636364	0	0	0	1	-0.5667315729227161	1.0890994284471733	NO	Q9BUQ8
482	Q	482	297.079	194.805	221.392	0.03	0.268441064638783	0	0	0	1	-1.249556688204886	0.8149627233106672	NO	Q9BUQ8
483	Q	483	293.569	196.178	220.911	1.52	0.268441064638783	0	0	0	1	-1.1161278117679103	0.8131867335504123	NO	Q9BUQ8
484	I	484	294.09	195.954	217.166	0.28	0.225190839694657	0	0	0	1	-0.8097536718980103	0.8442223021183238	NO	Q9BUQ8
485	E	485	295.549	192.467	217.437	0.28	0.22669220945083	0	0	0	1	-1.3127899859660148	0.4750024649169786	NO	Q9BUQ8
486	E	486	292.627	191.082	219.426	-0.47	0.225378787878788	0	0	0	1	-1.8077797915541711	0.11478452653064843	NO	Q9BUQ8
487	E	487	290.235	192.405	216.862	0.03	0.227099236641221	0	0	0	1	-1.4363234024334153	0.24487001026880792	NO	Q9BUQ8
488	T	488	292.344	191.258	213.952	0.03	0.227969348659004	0	0	0	1	-1.4972930349644162	0.26550086876199597	NO	Q9BUQ8
489	I	489	292.518	187.715	215.4	-0.22	0.2264631043257	0	0	0	1	-1.425201251473994	-0.1866955014731603	NO	Q9BUQ8
490	K	490	288.753	187.537	215.866	0.03	0.207459207459207	1	0	0	1	-1.3462544694582539	-0.06924598084442767	NO	Q9BUQ8
491	F	491	288.253	188.499	212.223	0.53	0.207256894049347	0	0	0	1	-0.7895358529718106	0.030516960440345613	NO	Q9BUQ8
492	G	492	291.188	186.572	210.764	0.77	0.207256894049347	0	0	0	1	-1.2750438970251519	-0.3585700819321254	NO	Q9BUQ8
493	K	493	291.061	183.182	212.458	0.03	0.206477732793522	0	0	0	1	-1.6452034183622002	-0.4173204574834184	NO	Q9BUQ8
494	P	494	287.675	182.148	211.047	0.03	0.206477732793522	0	0	0	1	-0.7485560986717776	-0.3472957183647921	NO	Q9BUQ8
495	L	495	289.139	183	207.635	1.52	0.206477732793522	0	0	0	1	-0.9064534272334824	-0.4071719445676755	NO	Q9BUQ8
496	G	496	292.378	181.1	208.192	-0.47	0.223684210526316	1	0	0	1	-1.6454053836469018	-0.6279021004850842	NO	Q9BUQ8
497	I	497	294.333	184.349	208.305	1.02	0.241297735721528	0	0	0	1	-1.4820350026824054	-0.336041742435013	NO	Q9BUQ8
498	R	498	297.342	184.485	210.652	1.02	0.241297735721528	0	0	0	1	-1.5790381830381548	-0.20572396319017822	NO	Q9BUQ8
499	T	499	298.292	187.555	212.667	0.77	0.263703703703704	0	0	0	1	-1.5210854485485616	0.06536818807160488	NO	Q9BUQ8
500	V	500	301.513	188.212	214.568	0.77	0.263703703703704	0	0	0	1	-1.229054355303447	0.26550086876199597	NO	Q9BUQ8
501	A	501	302.216	191.038	217.049	0.53	0.263468634686347	0	0	0	1	-1.0111435939774447	0.6814867136665665	NO	Q9BUQ8
502	V	502	305.675	192.657	217.008	0.77	0.292742927429274	1	0	0	1	-0.3286542448878881	0.8662852029131385	NO	Q9BUQ8
503	I	503	305.485	194.918	220.059	1.02	0.293562935629356	0	0	0	1	-0.4964304497547856	1.1055907619352556	NO	Q9BUQ8
504	G	504	307.169	195.711	223.396	1.52	0.295473251028807	0	0	0	1	-0.3241311764495722	1.2529556265659394	NO	Q9BUQ8
505	G	505	306.088	194.195	226.717	1.52	0.296571664601404	0	0	0	1	-0.9791114483851259	1.042796838269096	NO	Q9BUQ8
506	I	506	306.449	190.692	225.337	1.02	0.298507462686567	0	0	0	1	-1.349092961336994	0.5064612839785502	NO	Q9BUQ8
507	S	507	309.328	188.199	225.589	0.53	0.300457761131918	0	0	0	1	-1.7825423990283886	0.15244605335757772	NO	Q9BUQ8
508	R	508	311.742	188.091	222.625	-0.22	0.302422723475355	0	0	0	1	-0.8694973634813535	0.4163264653189912	NO	Q9BUQ8
509	E	509	311.781	184.297	222.777	-0.47	0.301587301587302	0	0	0	1	-1.7140399977199827	-0.09193376212241058	NO	Q9BUQ8
510	D	510	308	184.151	222.314	0.03	0.387755102040816	0	0	0	1	-1.7349731283433572	0.19159031746115757	NO	Q9BUQ8
511	Q	511	308.186	186.958	219.782	1.52	0.387372926698769	0	0	0	1	-0.6624486515436339	0.45189967374996376	NO	Q9BUQ8
512	G	512	311.22	185.515	218.001	0.53	0.195148247978437	0	0	0	1	-0.6340455897988617	-0.06752769165927892	NO	Q9BUQ8
513	F	513	309.476	182.144	217.841	0.03	0.228535353535354	0	0	0	1	-1.2829576737235184	-0.21815589151196338	NO	Q9BUQ8
514	R	514	306.121	183.352	216.494	0.53	0.228535353535354	0	0	0	1	-1.1987685221461002	-0.09329293795934043	NO	Q9BUQ8
515	L	515	308.018	185.152	213.73	1.27	0.340225563909774	0	0	0	1	-0.45589905238733835	-0.004640693995590553	NO	Q9BUQ8
516	R	516	309.506	181.938	212.391	0.77	0.338951310861423	0	0	0	1	-0.7687735338366498	-0.5391026124723336	NO	Q9BUQ8
517	M	517	306.068	180.484	211.624	0.03	0.337078651685393	0	0	0	1	-1.2152502229674516	-0.06301050031254336	NO	Q9BUQ8
518	G	518	305	182.823	208.807	-0.22	0.339622641509434	0	0	0	1	-0.8111904091641414	-0.2668492371365376	NO	Q9BUQ8
520	E	520	299.542	187.221	206.707	0.28	0.340909090909091	0	0	0	1	-0.7142671861515288	-0.20572396319017822	NO	Q9BUQ8
521	I	521	299.309	190.273	208.97	0.77	0.81203007518797	1	0	0	1	-0.5979746222818509	0.18379328924540383	NO	Q9BUQ8
522	V	522	301.774	191.882	211.327	0.77	0.81203007518797	0	0	0	1	-0.3181320738297795	0.6227208929353081	NO	Q9BUQ8
523	I	523	300.665	194.398	213.912	1.02	0.672284644194757	0	0	0	1	-0.5254981693527259	0.8654515750664883	NO	Q9BUQ8
524	A	524	303.561	196.436	215.338	1.52	0.674812030075188	0	0	0	1	0.17180793850916706	1.3434465333979801	NO	Q9BUQ8
525	T	525	304.891	199.47	217.198	1.52	0.671052631578947	0	0	0	1	0.756852642059023	1.3884341485793528	NO	Q9BUQ8
526	P	526	307.51	201.632	215.393	1.52	0.671052631578947	0	0	0	1	1.6053583996099021	1.2663886388168157	NO	Q9BUQ8
527	G	527	310.474	201.09	217.72	1.52	0.841981132075472	0	0	0	1	1.7426741218381605	1.2503339273960388	NO	Q9BUQ8
528	R	528	310.054	197.345	217.82	1.52	0.845170454545455	0	0	0	1	0.7526393306550156	1.1558440232126752	NO	Q9BUQ8
529	L	529	309.418	197.041	214.099	1.52	0.841165413533835	0	0	0	1	1.0766943112017018	0.9311941367840815	NO	Q9BUQ8
530	I	530	312.468	198.953	212.964	1.02	0.841165413533835	0	0	0	1	2.0156175232104068	0.6394343712913619	NO	Q9BUQ8
531	D	531	314.761	196.864	215.18	1.52	0.904040404040404	0	0	0	1	1.6860932630545793	0.6564936941313413	NO	Q9BUQ8
532	V	532	313.266	193.704	213.713	1.02	0.90314465408805	0	0	0	1	1.0447389186556884	0.8195295541227515	NO	Q9BUQ8
533	L	533	313.692	194.946	210.152	1.27	0.899749373433584	0	0	0	1	1.8399655216338362	0.5383311754157076	NO	Q9BUQ8
534	E	534	317.202	196.186	210.896	0.28	0.896379525593009	0	0	0	1	2.360391215783311	0.5329609206644603	NO	Q9BUQ8
535	N	535	318.126	192.658	212	0.28	0.896379525593009	0	0	0	1	2.040022155358959	0.27314086767694895	NO	Q9BUQ8
536	R	536	316.244	190.948	209.193	0.03	0.88641975308642	2	0	0	1	1.3243813400459894	0.20721368602881438	NO	Q9BUQ8
537	Y	537	314.05	188.956	211.601	0.03	0.821886446886447	0	0	0	1	0.39303566912012977	0.12660080205841925	NO	Q9BUQ8
538	L	538	311.245	189.955	209.2	1.02	0.831018518518519	0	0	0	1	0.7097870595484609	0.30576108776326566	NO	Q9BUQ8
539	V	539	310.918	191.275	205.627	-0.47	0.824908088235294	1	0	0	1	1.1673173538763069	0.15519838442736053	NO	Q9BUQ8
540	L	540	308.27	193.22	203.673	1.52	0.824908088235294	0	0	0	1	1.4537952334142754	-0.042123965274922466	NO	Q9BUQ8
541	S	541	308.578	191.293	200.392	0.03	0.830258302583026	0	0	0	1	0.978906282680613	-0.46890873147177836	NO	Q9BUQ8
542	R	542	304.829	190.757	199.662	-0.47	0.827205882352941	1	0	0	1	0.9689329668329882	-0.9910845443153846	NO	Q9BUQ8
543	C	543	303.375	193.606	201.689	1.02	0.945378151260504	0	0	0	1	1.135988867346633	-0.68812551265613775	NO	Q9BUQ8
544	T	544	300.636	195.26	199.676	0.28	0.942752100840336	0	0	0	1	0.7989817496956606	-0.712308024979434	NO	Q9BUQ8
545	Y	545	298.871	196.994	202.566	0.53	0.936682365253794	0	0	0	1	0.5071851011800589	-0.23014252794050666	NO	Q9BUQ8
546	V	546	300.317	199.608	204.877	1.02	0.933263816475495	1	0	0	1	0.8403828007841122	0.4498699711668153	NO	Q9BUQ8
547	V	547	298.407	201.059	207.857	0.77	0.936682365253794	0	0	0	1	0.4774715525695696	1.1006750759916923	NO	Q9BUQ8
548	L	548	299.437	203.941	210.114	1.02	0.930656934306569	0	0	0	1	0.8307710818229231	1.3027002540412727	NO	Q9BUQ8
549	D	549	296.983	204.156	213.02	1.52	0.970108695652174	0	0	0	1	0.45283465632529923	1.4073821647671607	NO	Q9BUQ8
550	E	550	296.989	207.307	215.266	1.52	0.855436081242533	0	0	0	1	0.8046138954398454	1.3625725769699577	NO	Q9BUQ8
551	A	551	299.714	208.894	213.161	1.52	0.858513189448441	0	0	0	1	1.2853611577743465	1.0166644175110582	NO	Q9BUQ8
552	D	552	299.42	212.142	215.166	1.52	0.74120082815735	0	0	0	1	1.5262478340189234	1.0097054372259768	NO	Q9BUQ8
553	R	553	300.235	210.261	218.368	0.53	0.804856115107914	0	0	0	1	1.506080220990032	1.2986784965841787	NO	Q9BUQ8
554	M	554	303.203	208.619	216.611	1.52	0.955516014234875	0	0	0	1	1.773515613255984	1.20477435334215	NO	Q9BUQ8
555	I	555	304.414	212.116	215.744	1.27	1.09201830198271	0	0	0	1	1.9641715125702608	0.9222832473946486	NO	Q9BUQ8
556	D	556	303.887	213.325	219.325	0.28	1.09285714285714	0	0	0	1	2.1014979848851465	1.119487305189199	NO	Q9BUQ8
557	M	557	305.963	210.445	220.657	1.52	1.09285714285714	0	0	0	1	2.4001736456269898	1.1517121286684087	NO	Q9BUQ8
558	G	558	308.934	211.385	218.475	1.52	1.06087470449173	0	0	0	1	2.6923831965757885	0.9835749240831486	NO	Q9BUQ8
559	F	559	308.424	208.483	216.051	1.52	1.08732963149924	0	0	0	1	2.139731251490808	1.0791759833581909	NO	Q9BUQ8
560	E	560	308.592	210.485	212.767	0.77	1.0796992481203	0	0	0	1	2.1777944214698857	0.7876404769004387	NO	Q9BUQ8
561	P	561	312.165	209.408	211.921	0.03	1.06918865107018	0	0	0	1	2.6041704398838426	0.6555388113251781	NO	Q9BUQ8
562	D	562	311.473	205.772	212.856	0.53	1.04678362573099	0	0	0	1	2.389027197776649	1.0423739835642736	NO	Q9BUQ8
563	V	563	308.341	205.708	210.77	1.02	1.04020979020979	0	0	0	1	1.8939138309976529	1.0141767942231745	NO	Q9BUQ8
564	Q	564	310.367	207.224	207.9	0.03	0.890990542558487	1	0	0	1	2.067858859468338	0.611266321399251	NO	Q9BUQ8
565	K	565	313.039	204.591	208.231	0.03	0.890990542558487	0	0	0	1	2.26559323583777	0.5257992996182373	NO	Q9BUQ8
566	I	566	310.423	201.803	208.275	1.52	0.890376984126984	0	0	0	1	1.9176764857254092	0.7330859708940125	NO	Q9BUQ8
567	L	567	308.998	203.076	204.957	0.77	0.774221453287197	0	0	0	1	1.7998437605392397	0.38496705966035305	NO	Q9BUQ8
568	E	568	312.463	202.802	203.496	0.28	0.766267123287671	1	0	0	1	2.2265363657174655	-0.15212379102729384	NO	Q9BUQ8
569	H	569	312.239	198.967	203.79	0.03	0.766267123287671	1	0	0	1	2.4492458672389597	0.054585393098627845	NO	Q9BUQ8
570	M	570	309.082	198.665	201.66	0.77	0.822988505747127	1	0	0	1	1.605843514729141	-0.18017825333508164	NO	Q9BUQ8
571	P	571	309.74	197.602	198.033	-0.22	0.863573883161512	1	0	0	1	2.144104293668613	-1.0360172984538893	NO	Q9BUQ8
572	V	572	309.47	200.823	196	0.28	0.779708346261247	0	0	0	1	1.7878357502667817	-1.3668406971626166	NO	Q9BUQ8
573	S	573	308.137	199.284	192.855	0.28	0.780199252801993	0	0	0	1	1.9915366301013544	-2.157641179696335	NO	Q9BUQ8
574	N	574	304.706	198.446	194.216	-1.21	0.783385579937304	1	0	0	1	1.8744485645926878	-1.6999910049041678	NO	Q9BUQ8
575	Q	575	303.795	202.1	194.992	-1.21	0.792116973935156	0	0	0	1	1.3302530901936787	-1.1860703108509454	NO	Q9BUQ8
576	K	576	301.028	203.623	192.873	-1.21	0.789891926255563	0	0	0	1	1.3341943385741224	-1.9057938922652145	NO	Q9BUQ8
577	P	577	301.948	206.241	190.251	-1.21	0.789891926255563	0	0	0	1	1.4169119880567809	-2.3310873115619417	NO	Q9BUQ8
578	D	578	301.331	209.855	191.217	-1.21	0.830985915492958	0	0	0	1	1.0068313479973285	-2.167938935449074	NO	Q9BUQ8
579	T	579	298.042	210.815	189.562	-1.21	0.796780684104628	0	0	0	1	1.2217024404946748	-2.3562205566490415	NO	Q9BUQ8
580	D	580	294.477	212.023	190.229	-1.21	0.768139661756683	0	0	0	1	1.1136187518830012	-2.2223059689262685	NO	Q9BUQ8
581	E	581	293.081	208.956	188.436	-1.21	0.832151300236407	0	0	0	1	1.0385032357223731	-2.1890816706902054	NO	Q9BUQ8
582	A	582	294.504	206.435	190.94	-1.21	0.891590678824722	0	0	0	1	0.9790429034279218	-1.9986857759661247	NO	Q9BUQ8
583	E	583	291.73	207.153	193.46	-1.21	0.89795918367347	0	0	0	1	0.7585360732779375	-1.5137311394415482	NO	Q9BUQ8
584	D	584	289.078	206.397	190.808	-1.21	0.861103560750204	0	0	0	1	0.7980909365703229	-1.619919237998956	NO	Q9BUQ8
585	P	585	287.377	202.907	190.444	-1.21	0.860509209100758	1	0	0	1	0.960707464561511	-2.160327550762267	NO	Q9BUQ8
586	E	586	287.594	202.347	186.663	-1.21	0.833922261484099	1	0	0	1	1.2657306910027268	-2.526815723432034	NO	Q9BUQ8
587	K	587	291.361	201.869	186.846	-1.21	0.869067103109656	0	0	0	1	1.6171952573478907	-3.4418944474034294	NO	Q9BUQ8
588	M	588	291.942	201.491	190.554	-1.21	0.865996194618103	0	0	0	1	1.1399955550563525	-2.258840615422943	NO	Q9BUQ8
589	L	589	289.097	198.924	190.851	-1.21	0.862348178137652	0	0	0	1	1.0666760160913502	-2.2744983210643754	NO	Q9BUQ8
590	A	590	290.564	196.951	187.982	-1.21	0.836277974087161	0	0	0	1	1.4978458416575506	-3.1378468126822203	NO	Q9BUQ8
591	N	591	293.878	197.126	189.822	-1.21	0.815051020408163	0	0	0	1	1.3656213827716053	-2.9414130965532403	NO	Q9BUQ8
592	F	592	292.343	195.861	193.099	-1.21	0.760714285714286	0	0	0	1	0.8967085711730193	-2.1765518181209877	NO	Q9BUQ8
593	E	593	290.828	192.905	191.231	-1.21	0.760714285714286	1	0	0	1	0.6828139142053548	-3.0271796956486425	NO	Q9BUQ8
594	S	594	294.157	191.731	189.836	-1.21	0.761290322580645	1	0	0	1	0.810986065813834	-3.462912248299954	NO	Q9BUQ8
595	G	595	295.138	191.73	193.498	-1.21	0.766787003610108	0	0	0	1	0.6645235984134126	-2.1296645438811295	NO	Q9BUQ8
596	K	596	298.208	189.48	193.602	-1.21	0.726136363636364	0	0	0	1	0.7848008139293664	-2.7666137102975994	NO	Q9BUQ8
597	H	597	299.946	192.099	191.432	-1.21	0.730839416058394	2	0	0	1	1.1776563985964539	-2.660922466702279	NO	Q9BUQ8
598	K	598	298.031	195.181	192.47	-1.21	0.776727272727273	0	0	0	1	1.2822697653331916	-2.561655106975737	NO	Q9BUQ8
599	Y	599	299.697	198.498	193.361	-1.21	0.728181818181818	0	0	0	1	1.5697186447263904	-2.1418133717943575	NO	Q9BUQ8
600	R	600	300.332	199.317	197.028	0.03	0.724090909090909	1	0	0	1	1.0691438155694286	-1.1411445768458885	NO	Q9BUQ8
601	Q	601	297.534	201.094	198.91	1.52	0.691575091575092	0	0	0	1	0.6986381810833605	-0.7897924740718558	NO	Q9BUQ8
602	T	602	298.19	203.29	201.944	1.52	0.611316113161132	1	0	0	1	0.5212907529915002	0.17918045112397185	NO	Q9BUQ8
603	V	603	295.924	204.018	204.919	1.02	0.657992565055762	0	0	0	1	0.20456210777026887	0.909165754636534	NO	Q9BUQ8
604	M	604	296.636	206.709	207.517	1.02	0.662313432835821	0	0	0	1	0.49554025095840587	1.0299299736794933	NO	Q9BUQ8
605	F	605	294.667	207.352	210.699	0.53	0.667293233082707	0	0	0	1	0.4839168412526231	1.2706255550823566	NO	Q9BUQ8
606	T	606	295.151	210.473	212.814	1.02	0.667293233082707	0	0	0	1	1.0118413121081353	0.9470202476267721	NO	Q9BUQ8
607	A	607	293.109	212.493	215.309	1.52	0.716477987421384	0	0	0	1	1.0645247804039553	1.224835788695235	NO	Q9BUQ8
608	T	608	295.079	215.616	214.361	1.52	0.717171717171717	0	0	0	1	1.3022589926819423	0.8154194063918756	NO	Q9BUQ8
609	M	609	296.561	217.074	211.179	1.02	0.677480916030534	0	0	0	1	1.0748565614701866	0.7150193874615911	NO	Q9BUQ8
610	P	610	299.798	218.973	211.931	1.52	0.674904942965779	0	0	0	1	1.4722544905649857	0.9159404268223093	NO	Q9BUQ8
611	P	611	302.623	219.515	209.46	-0.22	0.674904942965779	0	0	0	1	1.4264485949285461	0.6511276679271423	NO	Q9BUQ8
612	A	612	304.566	216.384	210.465	-0.22	0.68007662835249	0	0	0	1	1.9622890501539747	0.7360970681327497	NO	Q9BUQ8
613	V	613	301.516	214.26	209.764	1.02	0.548262548262548	0	0	0	1	1.622858725885101	0.7663585953820554	NO	Q9BUQ8
614	E	614	301.157	215.946	206.391	0.77	0.623025623025623	0	0	0	1	0.8570380572930413	0.7942134267948927	NO	Q9BUQ8
615	R	615	304.827	215.079	205.72	0.53	0.622377622377622	0	0	0	1	1.3115749765659699	0.47321155087302386	NO	Q9BUQ8
616	L	616	304.081	211.43	206.426	0.77	0.493605254061528	0	0	0	1	1.5332374258010175	0.5869473849073144	NO	Q9BUQ8
617	A	617	301.116	211.574	204.11	1.52	0.565589353612167	0	0	0	1	0.8069717261180213	0.5699848704624297	NO	Q9BUQ8
618	R	618	303.115	213.15	201.244	0.03	0.497387669801463	0	0	0	1	0.3278756031166496	0.07741954715904946	NO	Q9BUQ8
619	S	619	305.62	210.295	201.474	0.77	0.500699300699301	0	0	0	1	1.1319034711345155	-0.2668492371365376	NO	Q9BUQ8
620	Y	620	303.427	207.311	202.295	0.03	0.500174155346569	0	0	0	1	1.1491967608796374	0.17509898397307525	NO	Q9BUQ8
621	L	621	300.32	208.089	200.245	1.52	0.455470737913486	0	0	0	1	0.842375290433574	-0.40510218206512266	NO	Q9BUQ8
622	R	622	299.346	208.749	196.688	-0.47	0.496877168632894	1	0	0	1	0.6376929185635241	-0.8982215808771461	NO	Q9BUQ8
623	R	623	296.289	210.926	195.956	0.28	0.546564885496183	0	0	0	1	0.5954886313553313	-1.0114841745973053	NO	Q9BUQ8
624	P	624	294.477	209.694	199.071	1.52	0.542424242424243	0	0	0	1	0.3137036409771001	-0.4644739138358337	NO	Q9BUQ8
625	A	625	290.775	210.249	199.672	0.77	0.548659003831418	0	0	0	1	0.12168124806277826	-0.034467807737016215	NO	Q9BUQ8
626	V	626	289.949	211.851	202.974	-0.22	0.607294317217981	0	0	0	1	-0.05055063449001847	0.49097144847557395	NO	Q9BUQ8
627	V	627	287.142	210.49	205.15	1.02	0.684615384615385	0	0	0	1	-0.22815523401985216	0.8385580158397695	NO	Q9BUQ8
628	Y	628	286.26	212.728	208.027	0.03	0.68007662835249	0	0	0	1	-0.3156725383140546	0.670393985415623	NO	Q9BUQ8
640	E	640	280.538	196.71	230.728	-0.22	0.809302325581395	0	0	0	1	-0.8337237716692701	0.15429453249580233	NO	Q9BUQ8
641	Q	641	281.179	196.635	234.489	1.52	0.808494208494209	0	0	0	1	-0.7209729253330821	0.158010679137008	NO	Q9BUQ8
642	K	642	283.842	198.5	236.488	-0.22	0.808494208494209	0	0	0	1	-0.3875084630717671	0.20258453978654575	NO	Q9BUQ8
643	V	643	284.463	198.457	240.248	1.02	0.726578764746704	0	0	0	1	-0.30869854907367866	0.5349181338696395	NO	Q9BUQ8
644	F	644	286.349	200.637	242.713	-0.22	0.767543859649123	0	0	0	1	0.06530566502425612	0.7697510982710324	NO	Q9BUQ8
645	L	645	287.142	199.344	246.168	0.53	0.717703349282297	0	0	0	1	-0.15135126794197976	0.16780474031488515	NO	Q9BUQ8
646	M	646	287.165	202.106	248.725	0.77	0.767543859649123	1	0	0	1	0.13722906671281934	0.35242218519108354	NO	Q9BUQ8
647	S	647	286.016	203.124	252.15	-0.22	0.834184542049711	0	0	0	1	0.24371600974028004	0.02814584629182396	NO	Q9BUQ8
648	E	648	282.594	204.673	252.486	1.02	0.783582089552239	0	0	0	1	0.17139167817646586	0.2329092629038251	NO	Q9BUQ8
649	S	649	284.05	208.132	253.147	-0.22	0.713754646840149	1	0	0	1	0.44675006899995756	0.3756067354774963	NO	Q9BUQ8
650	E	650	285.711	208.096	249.713	-0.22	0.711111111111111	1	0	0	1	0.7223990286147832	0.20601188844668689	NO	Q9BUQ8
651	K	651	282.524	207.685	247.677	1.52	0.711111111111111	0	0	0	1	0.17242352089013874	0.4951999955238003	NO	Q9BUQ8
652	R	652	281.524	211.323	247.181	0.28	0.776470588235294	0	0	0	1	0.2704122685723563	0.16875616340073593	NO	Q9BUQ8
653	K	653	284.855	212.531	245.87	0.03	0.714285714285714	0	0	0	1	0.7114807404689707	-0.011742387743549043	NO	Q9BUQ8
654	K	654	285.228	209.513	243.513	0.53	0.709651257096513	0	0	0	1	0.6487948760750638	0.16963440009536765	NO	Q9BUQ8
655	L	655	281.75	210.2	242.118	1.52	0.709651257096513	0	0	0	1	0.14961472722285213	0.29791184730499554	NO	Q9BUQ8
656	L	656	282.629	213.856	241.527	0.77	0.709651257096513	0	0	0	1	0.20635750237647515	-0.09098233903655978	NO	Q9BUQ8
657	A	657	285.879	212.915	239.804	-0.22	0.71021571021571	0	0	0	1	0.9558172033464484	-0.3549071030515994	NO	Q9BUQ8
658	I	658	283.899	210.579	237.549	0.77	0.709651257096513	0	0	0	1	0.13311272162037893	0.1796768457774593	NO	Q9BUQ8
659	L	659	281.232	213.187	236.786	1.52	0.709651257096513	1	0	0	1	-0.13073509310925327	0.16245708641855072	NO	Q9BUQ8
660	E	660	283.933	215.807	236.044	-1.21	0.707623682076237	0	0	0	1	0.3968601564092271	-0.30362539872423583	NO	Q9BUQ8
661	Q	661	285.229	213.53	233.293	0.53	0.641025641025641	1	0	0	1	0.828553172422157	-0.5038134652880457	NO	Q9BUQ8
662	G	662	281.875	214.213	231.568	-0.22	0.512820512820513	0	0	0	1	-0.0016487190794172882	-0.029139838456251253	NO	Q9BUQ8
663	F	663	279.039	211.866	230.609	0.28	0.516176470588235	0	0	0	1	-0.27367084093093086	0.25314325449359837	NO	Q9BUQ8
664	D	664	276.081	211.144	228.341	-0.47	0.470982891647098	1	0	0	1	-0.4702485851086774	0.14592200934031432	NO	Q9BUQ8
665	P	665	273.03	213.349	228.917	1.52	0.388888888888889	0	0	0	1	-0.2614598550665368	-0.04679825092964404	NO	Q9BUQ8
666	P	666	271.175	210.946	231.189	1.52	0.286182861828618	0	0	0	1	-0.5050474642272107	0.2755212621156801	NO	Q9BUQ8
667	I	667	272.697	208.627	233.794	1.02	0.286182861828618	0	0	0	1	-0.8139262182723497	0.6499044096739054	NO	Q9BUQ8
668	I	668	271.406	206.831	236.864	1.27	0.428571428571429	1	0	0	1	-0.9385781021581386	0.7512808047643802	NO	Q9BUQ8
669	I	669	273.042	206.659	240.295	1.02	0.428921568627451	0	0	0	1	-0.9619179121324983	0.9183120901667493	NO	Q9BUQ8
670	F	670	271.685	204.03	242.662	1.52	0.382608695652174	0	0	0	1	-1.1290601345963915	1.0016591162713522	NO	Q9BUQ8
671	V	671	271.745	204.181	246.465	0.77	0.385090909090909	0	0	0	1	-1.0186392391793608	0.8690035545869982	NO	Q9BUQ8
672	N	672	270.436	201.787	249.098	0.53	0.466776859504132	0	0	0	1	-1.1397133796527614	0.7387945094091181	NO	Q9BUQ8
673	Q	673	268.263	204.032	251.302	0.03	0.468480424684804	0	0	0	1	-0.8625595210570822	0.7074346160079547	NO	Q9BUQ8
674	K	674	265.85	206.832	250.36	1.52	0.520588235294118	0	0	0	1	-0.6620961446943938	0.5889045981124935	NO	Q9BUQ8
675	K	675	267.539	209.346	252.649	-0.22	0.472860472860473	0	0	0	1	-0.7493404115110741	0.3756067354774963	NO	Q9BUQ8
676	G	676	270.756	208.711	250.765	0.03	0.431873479318735	0	0	0	1	-0.6912683840488891	0.4755280592559652	NO	Q9BUQ8
677	C	677	268.823	209.416	247.575	0.77	0.352355673523557	0	0	0	1	-0.714980164086631	0.6571124260478172	NO	Q9BUQ8
678	D	678	267.758	212.859	248.814	1.52	0.320909090909091	0	0	0	1	-0.8220550503754496	0.40623136562912054	NO	Q9BUQ8
679	V	679	271.074	213.999	250.347	0.53	0.322080291970803	0	0	0	1	-0.7895968535238876	0.11374661043699309	NO	Q9BUQ8
680	L	680	273.308	212.801	247.506	1.27	0.394965034965035	0	0	0	1	-0.49629483172803623	0.42754324275218064	NO	Q9BUQ8
681	A	681	270.952	214.572	245.091	-0.47	0.366753246753247	0	0	0	1	-0.6530105243527367	0.42463300743075444	NO	Q9BUQ8
682	K	682	271.268	217.843	247.001	0.53	0.366753246753247	0	0	0	1	-0.9430667156226279	0.06288872184787211	NO	Q9BUQ8
683	S	683	275.074	217.789	246.905	0.03	0.368393511250654	1	0	0	1	-0.6377122442696712	0.08883662418926028	NO	Q9BUQ8
684	L	684	275.069	217.332	243.133	1.02	0.368697478991597	0	0	0	1	-0.36570547973803197	0.18214170198787957	NO	Q9BUQ8
685	E	685	272.712	220.264	242.587	0.03	0.368697478991597	0	0	0	1	-0.7043539957265986	0.24348612214393386	NO	Q9BUQ8
686	K	686	275.189	222.132	244.797	0.28	0.403262867647059	0	0	0	1	-0.9484264975405174	-0.17212513650127223	NO	Q9BUQ8
687	M	687	278.018	221.159	242.431	0.28	0.402113970588235	1	0	0	1	-0.18085945461226363	-0.2999448936289705	NO	Q9BUQ8
688	G	688	275.896	222.584	239.625	1.52	0.40359778597786	0	0	0	1	-0.3695000835037974	-0.22479719775829515	NO	Q9BUQ8
689	Y	689	274.309	219.376	238.359	0.28	0.402113970588235	0	0	0	1	-0.4761202166143098	0.07572812833975905	NO	Q9BUQ8
690	N	690	270.703	218.851	237.205	0.03	0.40359778597786	1	0	0	1	-0.49861171546574296	0.328595241823687	NO	Q9BUQ8
691	A	691	269.486	216.045	239.448	0.77	0.380174291938998	0	0	0	1	-0.6232882978249997	0.4910439378535436	NO	Q9BUQ8
692	C	692	266.129	214.276	239.787	0.77	0.380174291938998	0	0	0	1	-0.4723650668422461	0.28546406193177964	NO	Q9BUQ8
693	T	693	265.188	212.168	242.796	0.53	0.406949626865672	0	0	0	1	-0.4734924868235699	0.5230117535381339	NO	Q9BUQ8
694	L	694	263.305	208.851	242.981	1.27	0.491573033707865	0	0	0	1	-0.49035925053340595	0.5657758098061307	NO	Q9BUQ8
703	R	703	257.135	210.422	238.744	1.52	0.56661316211878	0	0	0	1	-0.14359753248234142	0.43848460823946617	NO	Q9BUQ8
704	E	704	256.423	210.569	235.018	0.03	0.56661316211878	0	0	0	1	-0.11868556039172797	0.28597148757756685	NO	Q9BUQ8
705	F	705	257.529	214.188	235.367	-0.22	0.526865671641791	0	0	0	1	0.08648498879943096	-0.23369580191419478	NO	Q9BUQ8
706	A	706	261.082	213.16	236.232	0.53	0.509939498703544	0	0	0	1	-0.07229273236706325	0.291897494226581	NO	Q9BUQ8
707	L	707	261.559	210.931	233.185	1.27	0.556077694235589	0	0	0	1	-0.155601962366258	0.35694108824352094	NO	Q9BUQ8
708	S	708	260.226	213.504	230.733	-0.22	0.517191142191142	0	0	0	1	0.0664838762121858	0.10596223973457662	NO	Q9BUQ8
709	N	709	262.851	216.054	231.75	0.53	0.556077694235589	1	0	0	1	-0.09066039474269877	0.09644800887606765	NO	Q9BUQ8
710	L	710	265.561	213.399	231.614	0.77	0.617113223854797	0	0	0	1	-0.22040085111390578	0.12230047065711952	NO	Q9BUQ8
711	K	711	264.234	212.25	228.254	0.03	0.608339029391661	0	0	0	1	-0.10865060992751127	0.025091277437250155	NO	Q9BUQ8
712	A	712	264.068	215.904	227.192	-0.22	0.664179104477612	0	0	0	1	0.12572413515724953	-0.0534962694540344	NO	Q9BUQ8
713	G	713	267.608	216.653	228.351	1.52	0.668539325842697	0	0	0	1	-0.1516077772347574	0.06872082180269835	NO	Q9BUQ8
714	A	714	266.514	218.979	231.146	-0.47	0.668539325842697	1	0	0	1	-0.057087557341590864	0.07741954715904946	NO	Q9BUQ8
715	K	715	267.781	216.811	233.999	0.53	0.658671586715867	0	0	0	1	-0.3488296131902243	0.12230047065711952	NO	Q9BUQ8
716	D	716	270.98	214.837	233.435	1.02	0.603244339303819	0	0	0	1	-0.38040159023459874	0.12443104081285873	NO	Q9BUQ8
717	I	717	271.242	212.72	236.578	1.02	0.589838909541512	1	0	0	1	-0.5262430543241803	0.43191978894709476	NO	Q9BUQ8
718	L	718	268.65	210.471	238.182	1.02	0.526470588235294	0	0	0	1	-0.6237886228519409	0.632342593511156	NO	Q9BUQ8
719	V	719	269.343	209.449	241.781	1.52	0.479033881247903	0	0	0	1	-0.6802995496242531	0.6195979493844088	NO	Q9BUQ8
720	A	720	267.342	206.41	242.907	0.77	0.544871794871795	0	0	0	1	-0.7236003240175365	0.830294226751236	NO	Q9BUQ8
721	T	721	266.903	203.368	245.202	1.52	0.542424242424242	0	0	0	1	-0.9949899676458119	0.8011930364681705	NO	Q9BUQ8
722	D	722	266.142	199.778	244.129	0.03	0.545924574209246	0	0	0	1	-1.3189498700260875	1.0600247573720305	NO	Q9BUQ8
723	V	723	262.391	200.593	244.025	1.52	0.595554080955541	0	0	0	1	-0.7691573614953461	0.9234850449767761	NO	Q9BUQ8
728	I	728	259.134	202.094	236.592	1.27	0.514695340501792	0	0	0	1	-0.4539226782133608	0.9708058247730444	NO	Q9BUQ8
729	D	729	259.952	202.479	232.861	1.52	0.512857142857143	0	0	0	1	-0.45261695996553725	0.5569367824279032	NO	Q9BUQ8
730	I	730	262.944	204.458	231.58	0.77	0.427380952380952	0	0	0	1	-0.8704638855001045	0.61687643683651	NO	Q9BUQ8
731	Q	731	265.115	204.967	228.483	0.03	0.427380952380952	0	0	0	1	-0.8917859534445448	0.5630844392903244	NO	Q9BUQ8
732	D	732	268.446	203.21	227.875	0.03	0.428571428571429	0	0	0	1	-1.4214231279608778	0.7184068718551703	NO	Q9BUQ8
734	S	734	274.951	205.296	228.867	0.28	0.321428571428571	0	0	0	1	-1.2554751225318472	0.5135518897131022	NO	Q9BUQ8
735	M	735	275.996	204.85	232.512	0.03	0.321428571428571	2	0	0	1	-0.9206583607421654	0.6896217316979205	NO	Q9BUQ8
736	V	736	274.719	203.407	235.767	1.52	0.369989722507708	0	0	0	1	-0.9330920050631146	1.0286696469943402	NO	Q9BUQ8
737	V	737	276.636	204.139	238.986	1.02	0.374348279457768	0	0	0	1	-0.6390865988192939	1.0051811545270486	NO	Q9BUQ8
738	N	738	276.123	201.919	242.001	1.52	0.375719518576661	0	0	0	1	-0.9457292738818734	0.9631723139679618	NO	Q9BUQ8
739	Y	739	277.132	204.548	244.582	1.02	0.43956043956044	0	0	0	1	-0.3232772639915189	0.6005753879655977	NO	Q9BUQ8
740	D	740	276	201.961	247.114	1.52	0.374348279457768	0	0	0	1	-0.6307815013970546	0.5268372157118929	NO	Q9BUQ8
741	M	741	276.431	198.346	246.058	1.52	0.216787439613527	0	0	0	1	-1.1462025429921883	0.6594249622804931	NO	Q9BUQ8
742	A	742	273.175	196.307	246.025	0.53	0.216787439613527	0	0	0	1	-1.4710899398933337	0.7738612460019083	NO	Q9BUQ8
743	K	743	272.588	193.845	248.88	-0.22	0.187174139728884	0	0	0	1	-1.5475827931223125	0.4949583642639017	NO	Q9BUQ8
744	N	744	272.008	190.903	246.518	0.28	0.145579886455799	0	0	0	1	-1.5689685740431643	0.30178993053536607	NO	Q9BUQ8
745	I	745	273.156	190.161	242.981	1.02	0.145050505050505	0	0	0	1	-1.525201521942752	0.2848297798745456	NO	Q9BUQ8
746	E	746	269.643	190.026	241.527	1.02	0.145050505050505	0	0	0	1	-1.8263107954622888	0.6634961680432039	NO	Q9BUQ8
747	D	747	269.046	193.732	242.366	0.53	0.162003610108303	0	0	0	1	-1.593429061901887	1.1104366768525227	NO	Q9BUQ8
748	Y	748	272.528	194.56	241.004	1.52	0.162003610108303	0	0	0	1	-1.4115355773363396	1.025036940666546	NO	Q9BUQ8
749	I	749	271.644	192.732	237.717	1.02	0.32518115942029	0	0	0	1	-1.5501467474417487	0.8860635547470833	NO	Q9BUQ8
750	H	750	268.391	194.67	237.392	1.52	0.371948051948052	0	0	0	1	-1.8183600133539495	1.364074488998458	NO	Q9BUQ8
751	R	751	270.249	197.96	237.952	0.77	0.185454545454545	0	0	0	1	-1.4853311002218406	1.0147337248100141	NO	Q9BUQ8
752	I	752	272.944	197.56	235.378	1.52	0.185300207039337	0	0	0	1	-1.4311420504550623	0.8432894171315686	NO	Q9BUQ8
753	G	753	270.244	196.271	232.979	1.52	0.186652763295099	0	0	0	1	-1.5787966348763938	0.7795697845170136	NO	Q9BUQ8
754	R	754	269.205	199.909	232.696	1.52	0.186652763295099	0	0	0	1	-1.4389723565354222	0.9165747088795433	NO	Q9BUQ8
755	T	755	271.966	200.58	230.163	0.53	0.186652763295099	0	0	0	1	-1.419573476387727	0.7130929327765928	NO	Q9BUQ8
756	G	756	269.493	198.832	227.784	1.52	0.187336473050759	0	0	0	1	-1.5782620615269205	0.7706644644334494	NO	Q9BUQ8
757	R	757	268.506	195.398	226.504	1.52	0.163003663003663	0	0	0	1	-1.871728544228152	0.9424310303891384	NO	Q9BUQ8
758	A	758	270.863	195.822	223.497	0.03	0.235567352355674	0	0	0	1	-1.609410714693036	0.7045976453519628	NO	Q9BUQ8
759	G	759	272.73	198.418	221.419	1.52	0.327490774907749	0	0	0	1	-1.4268575854093286	0.4412437351884336	NO	Q9BUQ8
760	K	760	275.522	200.38	223.14	0.28	0.302036199095023	0	0	0	1	-1.375369455736809	-0.02954043765029384	NO	Q9BUQ8
761	S	761	276.861	198.244	225.975	1.02	0.280706378492356	0	0	0	1	-1.2440039708855817	0.403054439846801	NO	Q9BUQ8
762	G	762	276.962	201.226	228.34	1.52	0.33115671641791	0	0	0	1	-1.1811640772435543	0.4175697041970539	NO	Q9BUQ8
763	V	763	278.888	201.17	231.626	0.28	0.310518259348349	1	0	0	1	-1.002126523586364	0.3654245225663027	NO	Q9BUQ8
764	A	764	278.053	200.228	235.195	1.52	0.296296296296296	1	0	0	1	-1.0282312353804157	0.7661470047652794	NO	Q9BUQ8
765	I	765	280.457	201.56	237.821	0.28	0.296574770258981	0	0	0	1	-0.5795218503724134	0.9635115811148544	NO	Q9BUQ8
766	T	766	280.24	200.113	241.316	1.52	0.279913266311847	0	0	0	1	-0.6004962582750679	0.8672470811977351	NO	Q9BUQ8
767	F	767	281.694	201.477	244.569	1.52	0.281757024139296	0	0	0	1	-0.1356446973720978	0.582239493684046	NO	Q9BUQ8
768	L	768	282.549	198.518	246.798	1.27	0.283891547049442	0	0	0	1	-0.4460592360815704	0.15591195174174882	NO	Q9BUQ8
769	T	769	283.316	198.783	250.528	1.27	0.28548644338118	0	0	0	1	-0.5351228565295685	0.23462391549810596	NO	Q9BUQ8
770	K	770	283.97	196.233	253.249	0.28	0.2865719431659	0	0	0	1	-0.5201574472177349	0.06473390601437085	NO	Q9BUQ8
771	E	771	280.295	196.397	254.172	-0.22	0.302798982188295	0	0	0	1	-0.9600926262722852	0.15987621459946075	NO	Q9BUQ8
772	D	772	279.55	194.675	250.816	0.53	0.302798982188295	0	0	0	1	-1.0411731581841184	0.4326174992100521	NO	Q9BUQ8
773	S	773	281.636	191.565	251.406	-0.22	0.303959131545338	1	0	0	1	-1.3522113199456351	0.002574264405445298	NO	Q9BUQ8
774	A	774	278.656	189.214	251.245	-0.22	0.3019508057676	1	0	0	1	-1.5860565778357587	0.06473390601437085	NO	Q9BUQ8
775	V	775	278.083	190.065	247.569	1.02	0.401171963038089	0	0	0	1	-1.6282489861254437	0.005938717056860171	NO	Q9BUQ8
776	F	776	281.753	189.904	246.496	0.77	0.401171963038089	0	0	0	1	-1.2296492545027646	0.18059609513576935	NO	Q9BUQ8
777	Y	777	281.685	186.284	245.329	0.77	0.450757575757576	1	0	0	1	-1.0112991882772118	-0.24530316356157575	NO	Q9BUQ8
778	E	778	278.609	186.729	243.145	1.02	0.522712524334848	0	0	0	1	-1.3644072715086273	-0.11874659454184498	NO	Q9BUQ8
779	L	779	279.783	190.147	241.942	1.27	0.500932835820896	0	0	0	1	-1.0847793073727798	0.22888610242651278	NO	Q9BUQ8
780	K	780	283.065	188.518	240.949	0.03	0.461191626409018	0	0	0	1	-0.41116761495157145	-0.0429787197049917	NO	Q9BUQ8
781	Q	781	281.145	185.878	239.003	-0.22	0.464199127202198	0	0	0	1	-0.4073315450020423	0.03846716670303634	NO	Q9BUQ8
782	A	782	278.956	188.479	237.294	-0.47	0.522712524334848	0	0	0	1	-0.5276536616199536	-0.051973992516672875	NO	Q9BUQ8
783	I	783	282.057	190.203	235.932	1.02	0.497222222222222	0	0	0	1	-0.42975869414880513	-0.049924773562532325	NO	Q9BUQ8
784	L	784	284.136	187.13	235.123	0.28	0.515482111342853	0	0	0	1	0.13474275171131495	-0.6925988703229455	NO	Q9BUQ8
785	E	785	281.125	186.051	232.967	0.03	0.515482111342853	0	0	0	1	0.13214718612308074	-0.7735332608259953	NO	Q9BUQ8
786	S	786	281.134	189.38	231.132	0.53	0.517391304347826	0	0	0	1	0.02840855468833095	-0.6599893104392714	NO	Q9BUQ8
787	P	787	283.229	189.279	227.936	-0.47	0.517391304347826	0	0	0	1	0.07480356374404952	-0.9220138113317112	NO	Q9BUQ8
788	V	788	282.596	192.999	227.511	-1.21	0.542919905373437	0	0	0	1	-0.18026106203190695	-0.5256707571426739	NO	Q9BUQ8
789	S	789	284.22	193.613	230.922	0.77	0.558794756407748	0	0	0	1	-0.13617808274049908	-0.5459528586904601	NO	Q9BUQ8
790	S	790	287.881	193.543	231.979	-0.47	0.516109045848823	1	0	0	1	0.3074520970979575	-0.924238677624778	NO	Q9BUQ8
