Uniprot_position	aminoacid	Position_in_structure	x	y	z	paraz	mtr	gscount	pscount	OR	pvalue	mtr3dscore	paraz3dscore	HotSpot3D	Uniprot
1	M	1	32.031	-38.97	-118.292	NA	0.880597014925373	0	0	0.7700214517980523	1	0.18441080797496198	Inf	NO	O00429
2	E	2	35.443	-39.238	-116.631	NA	0.791489361702128	0	1	0.7700214517980523	1	0.6228074400532804	Inf	NO	O00429
3	A	3	34.033	-36.933	-113.926	NA	0.838452088452089	0	0	0.6683509464789125	1	0.6424560471667534	Inf	NO	O00429
4	L	4	31.093	-39.296	-113.345	NA	0.833431085043988	1	0	0.5257812553825073	1	0.33575784289338223	Inf	NO	O00429
5	I	5	32.805	-42.339	-111.724	NA	0.843181818181818	0	0	0.4305484771273632	0.691867275580782	0.2026683814068312	Inf	NO	O00429
6	P	6	34.739	-40.337	-108.951	NA	0.847207009857612	2	0	0.3624602071588503	0.46697088621092925	0.5469939160473677	Inf	NO	O00429
7	V	7	31.656	-38.327	-107.914	NA	0.772157996146436	0	0	0.3624602071588503	0.46697088621092925	0.3462252168303675	Inf	NO	O00429
8	I	8	29.828	-41.545	-107.036	NA	0.771296296296296	1	0	0.3624602071588503	0.46697088621092925	0.05410059317689141	Inf	NO	O00429
9	N	9	32.889	-42.631	-105.028	NA	0.774641577060932	1	0	0	0.1276211525351142	0.4291371753892249	Inf	NO	O00429
10	K	10	32.923	-39.246	-103.321	NA	0.666666666666667	0	0	0	0.21988619770055137	0.5912961563551493	Inf	NO	O00429
11	L	11	29.186	-39.637	-102.705	NA	0.624579124579125	0	0	0	0.2133428386877881	-0.06803991571596696	Inf	NO	O00429
12	Q	12	29.63	-43.082	-101.106	NA	0.627586206896552	1	0	0	0.2133428386877881	0.31887714378926635	Inf	NO	O00429
13	D	13	32.397	-41.841	-98.753	NA	0.629665071770335	1	0	0	0.2133428386877881	0.41633700964837306	Inf	NO	O00429
14	V	14	30.177	-39	-97.389	NA	0.626543209876543	0	0	0	0.35470135663610713	0.2797781938852312	Inf	NO	O00429
15	F	15	27.582	-41.571	-96.44	NA	0.622916666666667	0	0	0	0.3614441690701053	0.1494465137824268	Inf	NO	O00429
16	N	16	29.493	-44.375	-94.671	NA	0.580818965517241	0	0	0	0.35828347574166863	0.1526235566750754	Inf	NO	O00429
17	T	17	29.617	-42.826	-91.178	NA	0.583333333333333	0	0	0	0.5901942474649404	0.3192305511703951	Inf	NO	O00429
18	V	18	25.787	-42.531	-91.329	NA	0.58094262295082	1	0	0	0.5957185897172513	0.2765235465362868	Inf	NO	O00429
19	G	19	24.248	-45.209	-93.596	NA	0.660714285714286	0	0	0	0.5957185897172513	-0.09074011128148178	Inf	NO	O00429
20	A	20	23.776	-45.181	-97.372	NA	0.612980769230769	0	0	0	0.3614441690701053	-0.3091404881487566	Inf	NO	O00429
21	D	21	20.768	-47.528	-97.495	NA	0.570883315158124	0	0	0	0.35470135663610713	-0.10483407210155185	Inf	NO	O00429
22	I	22	18.3	-44.625	-97.269	NA	0.478865703584805	0	0	0	0.5901942474649404	-0.5449963178207956	Inf	NO	O00429
23	I	23	19.488	-43.163	-100.579	NA	0.478865703584805	0	0	0	0.35470135663610713	-0.6339695258240097	Inf	NO	O00429
24	Q	24	19.281	-45.514	-103.584	NA	0.38024429102496	0	0	0	0.35828347574166863	-0.4869891316601739	Inf	NO	O00429
25	L	25	22.916	-45.047	-104.675	NA	0.28518321826872	0	0	0	0.3614441690701053	-0.44595635174540493	Inf	NO	O00429
26	P	26	24.166	-46.334	-108.081	NA	0.286247334754797	0	0	0	0.21425163855067186	-0.16798194332813374	Inf	NO	O00429
27	Q	27	26.84	-49.012	-107.658	NA	0.267164179104478	0	0	0.3938941384472189	0.6962464228270501	0.027443014810400172	Inf	NO	O00429
28	I	28	27.659	-52.65	-108.393	NA	0.19012214551248	0	0	0.4738677790501691	0.691867275580782	0.2626405228587588	Inf	NO	O00429
29	V	29	27.443	-55.376	-105.765	NA	0.189417989417989	0	0	0.8241488371715328	1	0.2795830921050008	Inf	NO	O00429
30	V	30	29.402	-58.597	-106.196	NA	0.167602996254682	0	0	1.4171951666802904	0.7042783683772963	-0.047145845116739575	Inf	NO	O00429
31	V	31	27.56	-61.719	-105.087	NA	0.168703007518797	0	0	1.5590388001765765	0.4559139222066941	0.02645535678188582	Inf	NO	O00429
32	G	32	29.129	-65.172	-105.037	NA	0.224937343358396	0	1	1.936498585661251	0.3984075380386697	-0.06743097881191586	Inf	NO	O00429
33	T	33	29.688	-68.345	-103.046	NA	0.225786163522013	0	0	2.968864652541523	0.14532588541595062	-0.03919596524014816	Inf	NO	O00429
34	Q	34	33.028	-68.612	-101.215	NA	0.160590471930217	0	0	9.07427033791752	0.026557618024614586	-0.7302548079187181	Inf	NO	O00429
35	S	35	34	-71.402	-103.615	NA	0.227503168567807	0	0	5.7853980580739055	0.11342846609736484	-0.20096880111935936	Inf	NO	O00429
36	S	36	33.237	-69.29	-106.685	NA	0.229487179487179	0	1	1.396345355216597	0.6536646340719215	0.05164775160230979	Inf	NO	O00429
37	G	37	36.635	-67.632	-106.364	NA	0.290997764681975	0	0	1.8897826459681084	0.6098363532509345	-0.28392261034167715	Inf	NO	O00429
38	K	38	35.212	-64.109	-106.391	NA	0.307164307164307	0	0	2.527246290723784	0.18670223444275652	-0.2945509774433145	Inf	NO	O00429
39	S	39	38.172	-62.782	-104.403	NA	0.307164307164307	0	0	3.5852634149922484	0.10778067981755284	-0.8674245700937974	Inf	NO	O00429
40	S	40	40.455	-63.882	-107.238	NA	0.292125662994696	0	0	2.527246290723784	0.18670223444275652	-0.24392391815512524	Inf	NO	O00429
41	V	41	38.248	-61.975	-109.678	NA	0.325581395348837	0	0	1.5590388001765765	0.4559139222066941	-0.2770484421970062	Inf	NO	O00429
42	L	42	38.671	-58.797	-107.638	NA	0.3486328125	0	0	1.936498585661251	0.3984075380386697	-0.3030211951837182	Inf	NO	O00429
43	E	43	42.403	-59.351	-107.185	NA	0.35	0	0	0.5257812553825073	1	-0.18866151813508025	Inf	NO	O00429
44	S	44	42.749	-59.804	-110.937	NA	0.35	1	0	0	0.21425163855067186	0.2433278682086244	Inf	NO	O00429
45	L	45	41.122	-56.428	-111.574	NA	0.416182283189956	0	0	0	0.21988619770055137	0.16684196468037205	Inf	NO	O00429
46	V	46	43.556	-54.558	-109.323	NA	0.411764705882353	0	0	0	0.1332323020205302	0.36596357171400534	Inf	NO	O00429
47	G	47	46.385	-56.808	-110.518	NA	0.439222440944882	1	0	0	0.1276211525351142	0.4433043307826478	Inf	NO	O00429
48	R	48	47.737	-57.614	-107.063	NA	0.442193675889328	0	0	0	0.1276211525351142	0.21563994860016905	Inf	NO	O00429
49	D	49	46.749	-59.842	-104.144	NA	0.497452524316813	0	0	0	0.5957185897172513	-0.38126833707289376	Inf	NO	O00429
50	L	50	45.314	-57.376	-101.626	NA	0.469816272965879	1	0	0	0.21988619770055137	-0.669062144561207	Inf	NO	O00429
51	L	51	42.405	-59.436	-100.272	NA	0.470899470899471	0	0	0.6683509464789125	1	-1.0705041707571934	Inf	NO	O00429
52	P	52	43.028	-61.798	-97.358	NA	0.495233666589165	1	0	0.9053961765899854	1	-1.050541550172047	Inf	NO	O00429
53	R	53	43.063	-65.513	-98.195	NA	0.522058823529412	0	0	0	0.9999999999999999	-0.7523043853060514	Inf	NO	O00429
54	G	54	44.422	-66.241	-94.716	NA	0.568780041199359	0	0	0	0.9999999999999999	-0.6838207797773859	Inf	NO	O00429
55	T	55	43.997	-69.698	-93.204	NA	0.604328793774319	0	0	0	1	-0.7142735659383574	Inf	NO	O00429
56	G	56	42.292	-68.569	-90.009	NA	0.611466535433071	0	0	0	1	-0.6845119424562395	Inf	NO	O00429
57	I	57	38.836	-67.097	-90.534	NA	0.612154150197628	0	0	1.847324842489812	0.49400551479703264	-0.46570669201581166	Inf	NO	O00429
58	V	58	36.521	-65.391	-93.044	NA	0.652230971128609	0	0	1.3774804807973187	0.5746713022931577	-0.12876334667341804	Inf	NO	O00429
59	T	59	35.655	-61.726	-93.611	NA	0.6566534914361	0	0	2.2829048441195092	0.2964453379495023	0.034801554668688346	Inf	NO	O00429
60	R	60	32.4	-60.447	-92.135	NA	0.608571428571429	1	0	2.2829048441195092	0.2964453379495023	0.7691859340775904	Inf	NO	O00429
61	R	61	31.961	-56.989	-93.671	NA	0.804065499717674	0	0	2.8707310907957253	0.23316650851394144	0.9466120978661874	Inf	NO	O00429
62	P	62	31.248	-55.649	-97.191	NA	0.798650168728909	0	0	2.2829048441195092	0.2964453379495023	0.646849137542767	Inf	NO	O00429
63	L	63	34.385	-54.155	-98.736	NA	0.805771725032425	0	0	1.0992627743694583	1	0.20153877795385688	Inf	NO	O00429
64	I	64	33.819	-51.208	-101.077	NA	0.927083333333333	1	0	0.5257812553825073	1	0.5382819633026138	Inf	NO	O00429
65	L	65	36.902	-51.26	-103.291	NA	0.862507571168989	0	0	0.3938941384472189	0.6962464228270501	0.1825996122396821	Inf	NO	O00429
66	Q	66	37.399	-48.079	-105.295	NA	0.808919270833333	0	0	0.27156621883597415	0.30774831462129526	0.7951138225930163	Inf	NO	O00429
67	L	67	40.083	-48.437	-107.952	NA	0.792410714285714	0	0	0	0.07563831144054305	0.8438540760687441	Inf	NO	O00429
68	V	68	41.341	-45.215	-109.498	NA	0.741694103561808	0	0	0.335205382027556	0.4668805381170005	1.2087641148539898	Inf	NO	O00429
69	H	69	43.57	-45.018	-112.555	NA	0.686770428015564	1	0	0.3938941384472189	0.6962464228270501	1.1396617292371305	Inf	NO	O00429
70	V	70	46.501	-42.726	-111.804	NA	0.73125	0	0	0	0.3614441690701053	1.3511331713199686	Inf	NO	O00429
71	S	71	48.194	-41.337	-114.92	NA	0.780433574207893	0	0	0	0.5901942474649404	1.5091369117267728	Inf	NO	O00429
72	Q	72	49.872	-39.298	-115.777	NA	0.775193798449612	0	0	0	1	1.2643484408710786	Inf	NO	O00429
73	E	73	51.656	-37.105	-113.228	NA	0.769230769230769	0	0	0	1	0.72008472381899	Inf	NO	O00429
84	G	84	63.113	-39.144	-103.297	NA	0.735898787559304	0	0	0	1	0.13734256036675874	Inf	NO	O00429
85	V	85	60.689	-40.646	-105.807	NA	0.690893665158371	1	0	0	1	0.09311313237553161	Inf	NO	O00429
86	E	86	56.972	-41.443	-106.056	NA	0.683885457608085	0	0	1.3774804807973187	0.5746713022931577	0.37584414436495617	Inf	NO	O00429
87	A	87	55.555	-44.937	-105.558	NA	0.727841501564129	0	0	1.0945395986693414	1	0.514902378481547	Inf	NO	O00429
88	E	88	53.711	-46.408	-108.535	NA	0.67985347985348	0	0	0.5257812553825073	1	0.8415495211415837	Inf	NO	O00429
89	E	89	50.957	-48.12	-106.549	NA	0.712363138686131	1	0	0.3624602071588503	0.46697088621092925	0.4182573246831128	Inf	NO	O00429
90	W	90	49.196	-47.095	-103.35	NA	0.712912087912088	0	0	0.335205382027556	0.4668805381170005	0.47056800798655446	Inf	NO	O00429
91	G	91	46.177	-47.094	-101.031	NA	0.710310218978102	0	0	0.335205382027556	0.4668805381170005	0.24159648256366142	Inf	NO	O00429
92	K	92	44.097	-45.192	-98.484	NA	0.626353790613718	1	0	0.3938941384472189	0.6962464228270501	0.42996596684342847	Inf	NO	O00429
93	F	93	41.194	-46.308	-96.274	NA	0.667625899280576	1	0	0	0.21425163855067186	0.4195258178763252	Inf	NO	O00429
94	L	94	38.317	-44.113	-95.192	NA	0.667625899280576	0	0	0	0.2133428386877881	0.3416997812771668	Inf	NO	O00429
95	H	95	38.422	-45.428	-91.592	NA	0.630434782608696	0	0	0	0.5957185897172513	0.2508125752167293	Inf	NO	O00429
96	T	96	42.101	-44.584	-91.345	NA	0.678929765886288	0	0	0	0.5901942474649404	0.21941951234323484	Inf	NO	O00429
97	K	97	41.756	-41.056	-92.6	NA	0.715832903558535	0	0	0	0.5957185897172513	0.38860608475409797	Inf	NO	O00429
98	N	98	44.814	-39.709	-94.337	NA	0.732851985559567	1	0	0	0.5901942474649404	0.3181655466207802	Inf	NO	O00429
99	K	99	47.24	-42.565	-93.913	NA	0.733939393939394	1	0	0.7700214517980523	1	0.07233323372052676	Inf	NO	O00429
100	L	100	48.725	-43.527	-97.238	NA	0.734489051094891	0	0	0.4738677790501691	0.691867275580782	0.3416135919652281	Inf	NO	O00429
101	Y	101	49.75	-47.134	-97.714	NA	0.681325894322284	0	0	0.3938941384472189	0.6962464228270501	0.09602475659387276	Inf	NO	O00429
102	T	102	52.737	-48.112	-99.856	NA	0.680837148463048	1	1	0.5891797728810183	1	0.24522559532251006	Inf	NO	O00429
103	D	103	53.026	-51.648	-98.484	NA	0.680837148463048	0	0	0.5891797728810183	1	-0.3499129459498039	Inf	NO	O00429
104	F	104	50.284	-53.891	-99.849	NA	0.686280991735537	1	0	0.5257812553825073	1	-0.4077092340853278	Inf	NO	O00429
105	D	105	50.771	-56.537	-97.168	NA	0.629090909090909	0	0	0.9053961765899854	1	-0.8139465889529905	Inf	NO	O00429
106	E	106	49.657	-53.941	-94.643	NA	0.624548736462094	0	0	0.5891797728810183	1	-0.5885366939498394	Inf	NO	O00429
107	I	107	46.575	-53.068	-96.691	NA	0.571475625823452	0	0	0.3624602071588503	0.46697088621092925	-0.12841454484402337	Inf	NO	O00429
108	R	108	45.535	-56.719	-96.713	NA	0.567771578601904	1	0	1.0992627743694583	1	-0.5603723013154477	Inf	NO	O00429
109	Q	109	46.186	-56.962	-92.968	NA	0.502898550724638	0	0	1.0945395986693414	1	-0.7775514603029269	Inf	NO	O00429
110	E	110	44.042	-53.895	-92.296	NA	0.504347826086957	0	0	0.6683509464789125	1	-0.27474423801597603	Inf	NO	O00429
111	I	111	41.117	-55.349	-94.262	NA	0.561572402727637	0	0	0.4738677790501691	0.691867275580782	-0.08782374473856402	Inf	NO	O00429
112	E	112	41.452	-58.546	-92.194	NA	0.631768953068592	1	0	1.0945395986693414	1	-0.48941337024660003	Inf	NO	O00429
113	N	113	41.829	-56.496	-88.996	NA	0.631768953068592	0	0	1.3774804807973187	0.5746713022931577	-0.4045470299061195	Inf	NO	O00429
114	E	114	38.797	-54.242	-89.473	NA	0.634057971014493	0	0	1.0945395986693414	1	0.15633844688577972	Inf	NO	O00429
115	T	115	36.738	-57.476	-89.729	NA	0.629496402877698	0	1	1.3774804807973187	0.5746713022931577	0.3077118628399333	Inf	NO	O00429
116	E	116	38.346	-58.927	-86.564	NA	0.635036496350365	0	0	2.782098792464833	0.3988612526221157	0.036878178130718926	Inf	NO	O00429
117	R	117	37.85	-55.537	-84.941	NA	0.635036496350365	0	0	2.782098792464833	0.3988612526221157	0.21144015996225632	Inf	NO	O00429
118	I	118	34.112	-56.068	-84.284	NA	0.793181818181818	0	0	2.782098792464833	0.3988612526221157	0.5705975633351716	Inf	NO	O00429
119	S	119	33.479	-58.031	-81.06	NA	0.958791208791209	0	0	5.5596652701071	0.28678453700928985	0.5282488099462139	Inf	NO	O00429
124	G	124	28.583	-62.717	-86.877	NA	0.938502673796792	0	0	2.782098792464833	0.3988612526221157	0.8256096257576884	Inf	NO	O00429
125	V	125	28.278	-60.404	-89.868	NA	0.945454545454546	0	0	2.782098792464833	0.3988612526221157	1.0332934205687967	Inf	NO	O00429
126	S	126	28.161	-56.592	-89.968	NA	0.975	0	0	1.847324842489812	0.49400551479703264	1.0195940913458823	Inf	NO	O00429
127	P	127	26.652	-54.056	-92.424	NA	0.903345724907063	0	0	1.8897826459681084	0.6098363532509345	0.9071552070734196	Inf	NO	O00429
128	E	128	29.365	-51.431	-91.924	NA	0.906716417910448	0	0	1.0945395986693414	1	0.6191444294778418	Inf	NO	O00429
129	P	129	31.15	-51.186	-95.27	NA	0.903345724907063	0	0	1.6080344011925727	0.629854077664366	0.5565921502212658	Inf	NO	O00429
130	I	130	34.906	-50.733	-95.608	NA	0.899233607720693	0	0	1.2313992992967397	0.6796397865165275	0.571927254489543	Inf	NO	O00429
131	H	131	36.044	-48.097	-98.086	NA	0.980555555555556	0	0	0.4738677790501691	0.691867275580782	0.6038807774532878	Inf	NO	O00429
132	L	132	39.389	-48.956	-99.605	NA	0.977777777777778	0	0	0.311348073766544	0.472394353220753	0.4778652552099465	Inf	NO	O00429
133	K	133	40.761	-46.877	-102.445	NA	0.984200743494424	2	0	0	0.04427211050025856	0.7943197568731554	Inf	NO	O00429
134	I	134	43.691	-48.17	-104.484	NA	0.991573033707865	2	0	0.25480850009362044	0.31313167873523357	0.6936559140715988	Inf	NO	O00429
135	F	135	45.703	-45.976	-106.808	NA	1.02371312897629	0	0	0.311348073766544	0.472394353220753	0.9308997644761664	Inf	NO	O00429
136	S	136	47.52	-47.602	-109.723	NA	1.02371312897629	1	0	0.3938941384472189	0.6962464228270501	0.8007508031724936	Inf	NO	O00429
137	P	137	48.356	-46.985	-113.404	NA	1.02276001152406	0	0	0	0.35470135663610713	1.0528095904866204	Inf	NO	O00429
138	N	138	47.661	-50.663	-114.127	NA	1.12083811710677	1	0	0	0.3614441690701053	0.7275141828442406	Inf	NO	O00429
139	V	139	43.959	-50.469	-113.267	NA	1.12503601267646	1	0	0	0.21988619770055137	0.45736137374986435	Inf	NO	O00429
140	V	140	40.913	-48.918	-114.894	NA	1.11566951566952	0	0	0.4738677790501691	0.691867275580782	0.4506823906124483	Inf	NO	O00429
141	N	141	38.584	-46.584	-113.006	NA	1.10650887573965	1	0	0.311348073766544	0.472394353220753	0.8510737484936067	Inf	NO	O00429
142	L	142	36.011	-48.859	-111.398	NA	1.125	0	0	0.311348073766544	0.472394353220753	0.4312598540793573	Inf	NO	O00429
143	T	143	34.302	-49.365	-108.043	NA	1.05092250922509	1	0	0.2902901796976958	0.3076328422629425	0.38443659196794217	Inf	NO	O00429
144	L	144	32.794	-52.582	-106.663	NA	1.05777777777778	0	0	0.4305484771273632	0.691867275580782	0.08526656921906382	Inf	NO	O00429
145	V	145	31.167	-53.585	-103.387	NA	1.05	0	0	1.2313992992967397	0.6796397865165275	0.2852460238527867	Inf	NO	O00429
146	D	146	32.323	-57.053	-102.333	NA	1.04615384615385	0	1	1.2313992992967397	0.6796397865165275	-0.13357779930898173	Inf	NO	O00429
147	L	147	30.022	-59.059	-100.069	NA	0.985239852398524	0	0	0.9909719486979172	1	0.261193959293173	Inf	NO	O00429
148	P	148	30.627	-62.079	-97.765	NA	0.921280276816609	0	0	5.023024756724913	0.03269026862075699	-0.015667117969958757	Inf	NO	O00429
149	G	149	30.393	-65.43	-99.551	NA	0.821033210332103	0	0	2.968864652541523	0.14532588541595062	-0.0798124927209291	Inf	NO	O00429
150	M	150	27.569	-67.968	-99.35	NA	0.818014705882353	1	0	2.8707310907957253	0.23316650851394144	-0.06692576937973395	Inf	NO	O00429
151	T	151	28.052	-71.647	-98.376	NA	0.821033210332103	0	0	11.556861108688809	0.062631105783638	-0.17471377781148179	Inf	NO	O00429
152	K	152	25.27	-73.391	-100.378	NA	0.797014925373134	0	0	11.556861108688809	0.062631105783638	-0.029783726151311776	Inf	NO	O00429
160	K	160	22.721	-72.193	-90.889	NA	0.764294403892944	0	0	0	1	1.1225493202767893	Inf	NO	O00429
161	D	161	22.745	-69.538	-88.19	NA	0.839220779220779	0	0	0	1	1.2537509236168338	Inf	NO	O00429
162	I	162	25.33	-67.219	-89.845	NA	0.845368916797488	0	0	0	1	1.1200865634851718	Inf	NO	O00429
163	E	163	24.887	-67.968	-93.52	NA	0.847723704866562	0	0	0	1	0.666076521316078	Inf	NO	O00429
164	L	164	21.253	-66.651	-93.367	NA	0.847723704866562	0	0	0	1	1.195377507362145	Inf	NO	O00429
165	Q	165	22.642	-63.516	-91.64	NA	0.879120879120879	0	0	0	0.9999999999999999	1.1639001304245415	Inf	NO	O00429
166	I	166	24.84	-63.205	-94.722	NA	0.879120879120879	0	0	1.0945395986693414	1	0.5169502296594309	Inf	NO	O00429
167	R	167	21.991	-63.769	-97.205	NA	0.830258302583026	0	0	1.0945395986693414	1	0.7462841567867606	Inf	NO	O00429
168	E	168	19.875	-61.194	-95.376	NA	0.881562881562882	0	0	1.0945395986693414	1	1.239592828801702	Inf	NO	O00429
169	L	169	22.778	-58.734	-95.576	NA	0.881562881562882	1	0	0.9053961765899854	1	0.8647970787811448	Inf	NO	O00429
170	I	170	23.339	-59.439	-99.265	NA	0.8743961352657	0	0	1.7290167287785971	0.42530801398003	0.6218713436674103	Inf	NO	O00429
171	L	171	19.634	-58.781	-99.822	NA	0.78695652173913	1	0	0.7700214517980523	1	0.6225782497246473	Inf	NO	O00429
172	R	172	19.897	-55.421	-98.02	NA	0.78695652173913	1	0	1.0945395986693414	1	0.632090938513828	Inf	NO	O00429
173	F	173	22.371	-54.304	-100.696	NA	0.76421052631579	0	0	1.396345355216597	0.6536646340719215	0.17538744757215907	Inf	NO	O00429
174	I	174	21.012	-56.102	-103.756	NA	0.808099308099308	1	0	1.0992627743694583	1	0.24664713349154863	Inf	NO	O00429
175	S	175	17.424	-54.98	-103.055	NA	0.802919708029197	0	0	0.5891797728810183	1	0.3679253677818084	Inf	NO	O00429
176	N	176	18.56	-51.54	-104.226	NA	0.854014598540146	1	0	0.7700214517980523	1	-0.2298750252582726	Inf	NO	O00429
177	P	177	16.883	-50.598	-107.549	NA	0.854014598540146	0	0	0.6683509464789125	1	-0.24973634870554087	Inf	NO	O00429
178	N	178	20.011	-48.868	-108.889	NA	0.899749373433584	0	0	0.7700214517980523	1	-0.2908004080854065	Inf	NO	O00429
179	S	179	22.228	-51.778	-107.834	NA	0.902255639097744	0	0	0.6683509464789125	1	-0.12665964965317694	Inf	NO	O00429
180	I	180	23.817	-53.709	-110.687	NA	0.954079540795408	1	0	0.4738677790501691	0.691867275580782	0.11306910070366213	Inf	NO	O00429
181	I	181	24.506	-57.315	-109.766	NA	0.935947712418301	1	0	1.2970274263822936	0.7152556617896126	0.5162242123075577	Inf	NO	O00429
182	L	182	27.849	-58.941	-110.49	NA	0.936802973977695	0	0	0.9909719486979172	1	0.3507926779523314	Inf	NO	O00429
183	A	183	26.973	-62.627	-110.102	NA	0.940298507462687	2	0	1.1939169034775758	0.7285135992300963	0.4629460504090856	Inf	NO	O00429
184	V	184	30.086	-64.798	-109.9	NA	0.939427071944019	1	0	1.4171951666802904	0.7042783683772963	0.1433821826574956	Inf	NO	O00429
185	T	185	29.876	-68.532	-110.586	NA	0.939427071944019	0	0	1.5590388001765765	0.4559139222066941	0.32653693265918815	Inf	NO	O00429
186	A	186	32.533	-71.178	-111.214	NA	0.938562091503268	0	0	1.5590388001765765	0.4559139222066941	0.5910805871518138	Inf	NO	O00429
187	A	187	32.215	-73.057	-114.515	NA	0.917518587360595	0	0	1.2970274263822936	0.7152556617896126	1.2136182362365575	Inf	NO	O00429
188	N	188	33.091	-76.085	-112.388	NA	0.926508435802116	0	0	1.8897826459681084	0.6098363532509345	0.9128019510711308	Inf	NO	O00429
189	T	189	29.473	-76.416	-111.253	NA	0.959488272921109	0	0	2.968864652541523	0.14532588541595062	0.8806336163943073	Inf	NO	O00429
190	D	190	26.052	-76.167	-112.9	NA	0.948200175592625	0	0	2.527246290723784	0.18670223444275652	1.205587889449329	Inf	NO	O00429
191	M	191	25.221	-72.47	-113.289	NA	0.902255639097744	2	0	1.4171951666802904	0.7042783683772963	1.1820744407683585	Inf	NO	O00429
192	A	192	21.426	-72.891	-113.414	NA	0.845864661654135	0	1	0.9053961765899854	1	1.5469792271406009	Inf	NO	O00429
193	T	193	21.496	-74.174	-109.817	NA	0.872438863185724	0	0	2.782098792464833	0.3988612526221157	1.3235994222008685	Inf	NO	O00429
194	S	194	23.793	-71.379	-108.612	NA	0.875718708536046	0	0	2.1952430145667154	0.3765963413294587	0.6091403237440826	Inf	NO	O00429
195	E	195	23.209	-70.114	-105.07	NA	0.879023307436182	0	0	2.968864652541523	0.14532588541595062	0.2885725519660933	Inf	NO	O00429
196	A	196	24.387	-66.756	-106.41	NA	0.799910873440285	0	0	2.1870884877987815	0.25171772577807694	0.32381596771621235	Inf	NO	O00429
197	L	197	21.977	-66.774	-109.358	NA	0.806017063313875	0	0	2.1870884877987815	0.25171772577807694	0.7055294453585976	Inf	NO	O00429
198	K	198	19.122	-67.741	-107.026	NA	0.879901960784314	0	0	1.936498585661251	0.3984075380386697	0.7320614412928972	Inf	NO	O00429
199	I	199	19.495	-64.829	-104.59	NA	0.822137404580153	0	0	0.9909719486979172	1	0.5977472309998029	Inf	NO	O00429
200	S	200	19.848	-62.39	-107.507	NA	0.774123989218329	0	0	0.8241488371715328	1	0.6774161336395889	Inf	NO	O00429
201	R	201	16.562	-63.741	-108.877	NA	0.771213748657358	0	0	1.396345355216597	0.6536646340719215	0.9533326555550372	Inf	NO	O00429
202	E	202	14.699	-63.045	-105.623	NA	0.83367198838897	0	0	1.0945395986693414	1	1.0091891244024676	Inf	NO	O00429
203	V	203	15.166	-59.298	-106.07	NA	0.83367198838897	0	1	0.5891797728810183	1	1.0722804048221635	Inf	NO	O00429
204	D	204	15.627	-59.269	-109.839	NA	0.83367198838897	1	0	0.5257812553825073	1	1.2148608315750358	Inf	NO	O00429
205	P	205	13.349	-61.995	-111.334	NA	0.864365971107544	1	0	1.847324842489812	0.49400551479703264	1.1318295703704846	Inf	NO	O00429
206	D	206	13.922	-61.399	-115.063	NA	0.864365971107544	0	0	1.847324842489812	0.49400551479703264	1.2320777315625704	Inf	NO	O00429
207	G	207	17.608	-60.688	-114.463	NA	0.818233618233618	0	0	0.5891797728810183	1	1.3980713929797917	Inf	NO	O00429
208	R	208	17.237	-57.22	-115.975	NA	0.812217194570136	1	0	0.9053961765899854	1	1.3796778226889719	Inf	NO	O00429
209	R	209	20.13	-55.859	-113.9	NA	0.75978835978836	0	0	0.4738677790501691	0.691867275580782	0.6510046269601335	Inf	NO	O00429
210	T	210	22.387	-58.859	-113.233	NA	0.815954415954416	0	0	0.3938941384472189	0.6962464228270501	0.798213519741519	Inf	NO	O00429
211	L	211	25.751	-59.434	-114.921	NA	0.812943514050525	0	0	0.4305484771273632	0.691867275580782	0.5951155374653853	Inf	NO	O00429
212	A	212	27.103	-62.986	-114.786	NA	0.859550561797753	1	0	1.1939169034775758	0.7285135992300963	0.7720304320063096	Inf	NO	O00429
213	V	213	30.785	-63.874	-114.43	NA	0.888059701492537	1	0	0.8241488371715328	1	0.45314052740095717	Inf	NO	O00429
214	I	214	32.079	-67.376	-115.124	NA	0.888059701492537	0	0	0.701607965518456	1	0.9283116251317101	Inf	NO	O00429
215	T	215	35.406	-68.329	-113.599	NA	0.883148831488315	0	0	0.7585237149039172	1	0.51321407776947	Inf	NO	O00429
216	K	216	37.395	-71.555	-113.999	NA	0.888888888888889	0	0	0.5891797728810183	1	0.9247667424277579	Inf	NO	O00429
217	L	217	36.86	-71.694	-117.787	NA	0.833333333333333	0	0	0.6683509464789125	1	1.4421912343374843	Inf	NO	O00429
218	D	218	39.538	-74.344	-118.169	NA	0.827952029520295	0	0	0	0.5957185897172513	1.7158393987663632	Inf	NO	O00429
219	L	219	37.306	-76.631	-116.139	NA	0.833333333333333	0	0	1.0945395986693414	1	1.6032062609333908	Inf	NO	O00429
220	M	220	34.639	-76.419	-118.859	NA	0.803731343283582	1	0	0.7700214517980523	1	1.5257283720612027	Inf	NO	O00429
221	D	221	33.057	-79.505	-120.407	NA	0.777060270602706	0	0	1.3774804807973187	0.5746713022931577	1.3836385417504542	Inf	NO	O00429
222	A	222	29.708	-80.931	-121.537	NA	0.84692513368984	1	0	1.3774804807973187	0.5746713022931577	1.3837051785311103	Inf	NO	O00429
223	G	223	29.93	-82.052	-118.858	NA	0.853198653198653	0	1	1.3774804807973187	0.5746713022931577	1.3837051785311103	Inf	NO	O00429
224	T	224	27.747	-79.387	-117.272	NA	0.804444444444444	0	0	1.6080344011925727	0.629854077664366	1.4048051199525078	Inf	NO	O00429
225	D	225	26.509	-75.983	-118.378	NA	0.81044776119403	0	0	1.396345355216597	0.6536646340719215	1.557777212044306	Inf	NO	O00429
226	A	226	26.999	-73.039	-118.508	NA	0.853198653198653	0	0	0.8241488371715328	1	1.6276808197129968	Inf	NO	O00429
227	M	227	29.158	-73.582	-121.607	NA	0.978709023318689	1	0	0.9909719486979172	1	1.6070823426713365	Inf	NO	O00429
228	D	228	25.863	-72.92	-123.378	NA	0.971486078497149	1	0	1.2313992992967397	0.6796397865165275	1.6231525078605316	Inf	NO	O00429
229	V	229	25.174	-69.533	-121.695	NA	0.929044117647059	1	0	0.4738677790501691	0.691867275580782	1.8298517595555102	Inf	NO	O00429
230	L	230	28.519	-68.039	-122.74	NA	0.935055350553505	0	0	0	0.2133428386877881	1.5828036682960025	Inf	NO	O00429
231	M	231	27.298	-68.922	-126.235	NA	0.928205128205128	1	0	0	0.5957185897172513	1.6874272864614506	Inf	NO	O00429
232	G	232	23.938	-67.313	-125.376	NA	0.921454545454545	0	0	0	0.5957185897172513	1.8033238079554195	Inf	NO	O00429
233	R	233	21.81	-70.489	-125.278	NA	1.01644604893702	0	0	0	0.9999999999999999	1.9464560519508207	Inf	NO	O00429
234	V	234	20.176	-69.968	-122.825	NA	1.00915969733174	0	0	0.7700214517980523	1	1.8853857036493127	Inf	NO	O00429
235	I	235	20.57	-66.594	-121.103	NA	1.00637196336121	0	0	0.5891797728810183	1	1.6383130788676863	Inf	NO	O00429
236	P	236	19.377	-66.09	-117.489	NA	0.964285714285714	0	0	0.4738677790501691	0.691867275580782	1.495296183543752	Inf	NO	O00429
237	V	237	20.513	-62.433	-117.384	NA	0.963523131672598	0	0	0.3624602071588503	0.46697088621092925	1.56144982426511	Inf	NO	O00429
238	K	238	20.267	-59.435	-119.728	NA	0.963523131672598	0	0	0	0.35828347574166863	1.5991136228216747	Inf	NO	O00429
239	L	239	23.61	-57.627	-119.098	NA	0.90573476702509	0	0	0	0.35470135663610713	1.178209966621599	Inf	NO	O00429
240	G	240	25.199	-60.778	-120.499	NA	0.999209173586398	0	0	0	0.21425163855067186	1.2811319586262253	Inf	NO	O00429
241	I	241	28.051	-62.975	-119.32	NA	1.01167471819646	1	0	0	0.1332323020205302	1.368578982424294	Inf	NO	O00429
242	I	242	31.857	-62.727	-119.22	NA	1.04436363636364	1	0	0	0.21988619770055137	0.9982400210074953	Inf	NO	O00429
243	G	243	34.274	-65.627	-118.741	NA	1.01535353535354	1	0	0	0.1332323020205302	1.1843926135467482	Inf	NO	O00429
244	V	244	37.594	-65.489	-116.889	NA	0.972021660649819	0	0	0.311348073766544	0.472394353220753	0.6655800959236015	Inf	NO	O00429
245	V	245	40.308	-67.725	-115.461	NA	1.00159872102318	0	0	0.3938941384472189	0.6962464228270501	0.7172392007355103	Inf	NO	O00429
246	N	246	42.123	-66.666	-112.319	NA	1.00322061191626	0	0	0.4305484771273632	0.691867275580782	0.7831695216118747	Inf	NO	O00429
247	R	247	44.79	-68.315	-110.207	NA	1.03188405797101	0	0	0	0.3614441690701053	0.9977701869282067	Inf	NO	O00429
248	S	248	43.574	-71.304	-108.186	NA	1.17685950413223	0	0	1.3774804807973187	0.5746713022931577	0.8951540854292415	Inf	NO	O00429
249	Q	249	45.338	-72.616	-105.084	NA	1.1953601953602	0	0	0	1	1.5461779054935803	Inf	NO	O00429
250	L	250	48.501	-74.252	-106.454	NA	1.09629421673217	0	0	0	1	3.0886379681451044	Inf	NO	O00429
251	D	251	49.004	-71.907	-108.316	NA	1.09230769230769	0	0	0	0.9999999999999999	2.5476074740700634	Inf	NO	O00429
252	I	252	48.24	-69.893	-105.113	NA	1.09721048182587	0	0	0	1	1.6928985301430455	Inf	NO	O00429
253	N	253	50.857	-71.903	-103.152	NA	1.10427528675704	1	0	0	1	2.7908415885213906	Inf	NO	O00429
254	N	254	53.527	-70.739	-105.574	NA	1.12063492063492	1	0	0	0.9999999999999999	2.9723309703095584	Inf	NO	O00429
255	K	255	53.635	-66.975	-105.736	NA	1.12063492063492	0	0	0	0.9999999999999999	2.388621245995744	Inf	NO	O00429
256	K	256	52.179	-66.988	-109.208	NA	1.12890528905289	0	0	0	0.3614441690701053	1.9785796585258655	Inf	NO	O00429
257	S	257	51.941	-63.247	-109.61	NA	1.11649973642594	1	0	0	0.21425163855067186	1.3848691240487334	Inf	NO	O00429
258	V	258	48.569	-61.902	-110.692	NA	1.01596023024594	0	0	0	0.21425163855067186	0.8756752161982421	Inf	NO	O00429
259	T	259	50.39	-60.183	-113.55	NA	0.998303167420815	0	0	0	0.3614441690701053	1.090451058904558	Inf	NO	O00429
260	D	260	51.727	-63.505	-114.852	NA	0.991016282987086	1	0	0	0.35470135663610713	1.8226231634089904	Inf	NO	O00429
261	S	261	48.337	-65.185	-114.358	NA	0.991016282987086	0	0	0	0.21425163855067186	1.1459063188267335	Inf	NO	O00429
262	I	262	46.386	-62.636	-116.429	NA	0.994646379261764	1	0	0	0.21425163855067186	0.5945743354418979	Inf	NO	O00429
263	R	263	49.007	-63.027	-119.164	NA	1.0130821559393	2	0	0	0.21425163855067186	1.611933490852377	Inf	NO	O00429
264	D	264	48.643	-66.795	-118.844	NA	1.00651720542232	1	0	0	0.35470135663610713	2.028997737929227	Inf	NO	O00429
265	E	265	44.883	-66.353	-119.215	NA	1.00651720542232	0	0	0	0.3614441690701053	1.445108567904622	Inf	NO	O00429
266	Y	266	45.047	-64.52	-122.544	NA	0.960766423357664	0	0	0	0.3614441690701053	1.4217814421649233	Inf	NO	O00429
267	A	267	47.148	-67.326	-124.071	NA	0.907563025210084	0	0	0	0.35828347574166863	1.619864289222055	Inf	NO	O00429
268	F	268	44.64	-69.911	-122.788	NA	0.910899653979239	1	0	0	0.35828347574166863	1.6022943076993914	Inf	NO	O00429
269	L	269	41.68	-68.178	-124.441	NA	0.89707249070632	1	0	0	0.35470135663610713	1.3237225118651124	Inf	NO	O00429
270	Q	270	43.495	-67.729	-127.757	NA	0.931216931216931	0	0	0	0.5957185897172513	1.320908235337157	Inf	NO	O00429
271	K	271	44.041	-71.51	-128.084	NA	0.92436974789916	0	0	0	1	1.5575554305461146	Inf	NO	O00429
272	K	272	41.01	-73.062	-126.435	NA	0.929368029739777	0	0	0	1	1.278330543196741	Inf	NO	O00429
273	Y	273	37.933	-70.974	-127.251	NA	0.90751944684529	0	0	0	0.35828347574166863	1.312020002483147	Inf	NO	O00429
274	P	274	39.574	-68.806	-129.963	NA	0.83955223880597	0	0	0	0.9999999999999999	1.1263489725610707	Inf	NO	O00429
275	S	275	36.251	-67.486	-131.233	NA	0.83955223880597	0	0	0	1	1.1574843994535864	Inf	NO	O00429
276	L	276	35.409	-66.112	-127.794	NA	0.838821030270845	0	0	0	0.35470135663610713	1.3448470211787735	Inf	NO	O00429
277	A	277	38.745	-64.574	-126.809	NA	0.785130111524164	0	0	0	0.5901942474649404	1.143078684172437	Inf	NO	O00429
278	N	278	37.33	-61.125	-127.575	NA	0.751203852327448	1	0	0	0.9999999999999999	0.6864318292965845	Inf	NO	O00429
279	R	279	34.401	-61.445	-125.144	NA	0.702602230483271	0	0	0	0.35828347574166863	0.9158122672139344	Inf	NO	O00429
280	N	280	36.308	-62.952	-122.239	NA	0.648148148148148	0	0	0	0.21425163855067186	1.1042291510812443	Inf	NO	O00429
281	G	281	39.336	-62.509	-119.997	NA	0.710929519918284	1	0	0	0.21988619770055137	0.8745472886917421	Inf	NO	O00429
282	T	282	40.305	-60.16	-117.179	NA	0.709699222710375	0	0	0	0.21988619770055137	0.5148325010666526	Inf	NO	O00429
283	K	283	41.399	-57.147	-119.244	NA	0.70767151064548806	0	0	0	0.21425163855067186	0.5587099831732605	Inf	NO	O00429
284	Y	284	38.122	-57.254	-121.176	NA	0.588036498817168	0	0	0	0.3614441690701053	0.5445490134223295	Inf	NO	O00429
285	L	285	36.017	-57.749	-118.053	NA	0.517910447761194	0	0	0	0.3614441690701053	0.38355320557711453	Inf	NO	O00429
286	A	286	37.534	-54.657	-116.441	NA	0.59244126659857	0	0	0	0.21425163855067186	0.21733864548377654	Inf	NO	O00429
287	R	287	36.808	-52.58	-119.545	NA	0.544631710362047	0	0	0	0.5901942474649404	0.1498891751471003	Inf	NO	O00429
288	T	288	33.156	-53.714	-119.668	NA	0.542599502487562	0	0	0	0.5957185897172513	0.3188030855004635	Inf	NO	O00429
289	L	289	32.475	-53.076	-115.975	NA	0.591926729986431	0	0	0	0.35470135663610713	0.13852243784976653	Inf	NO	O00429
290	N	290	34.145	-49.664	-116.256	NA	0.591926729986431	0	0	0.6683509464789125	1	0.13834595154648582	Inf	NO	O00429
291	R	291	31.931	-48.885	-119.244	NA	0.548245614035088	0	0	1.3774804807973187	0.5746713022931577	0.17455219459644553	Inf	NO	O00429
292	L	292	28.805	-50.381	-117.682	NA	0.55188679245283	0	0	0	0.9999999999999999	0.17722597863112147	Inf	NO	O00429
293	L	293	29.258	-48.694	-114.293	NA	0.615384615384615	0	0	0.4738677790501691	0.691867275580782	0.17854612886323518	Inf	NO	O00429
294	M	294	29.842	-45.43	-116.142	NA	0.51233671988389	1	0	0.5257812553825073	1	0.07095763554985046	Inf	NO	O00429
295	H	295	26.817	-45.871	-118.376	NA	0.61811320754717	0	0	1.3774804807973187	0.5746713022931577	-0.2682152975358433	Inf	NO	O00429
296	H	296	24.586	-46.824	-115.453	NA	0.614035087719298	0	0	0	0.5901942474649404	-0.2795150030141005	Inf	NO	O00429
297	I	297	25.21	-43.767	-113.233	NA	0.605012964563526	0	0	0.5891797728810183	1	-0.24989744521116755	Inf	NO	O00429
298	R	298	24.683	-41.218	-116.024	NA	0.655430711610487	0	0	1.0945395986693414	1	-0.2170463889648185	Inf	NO	O00429
299	D	299	21.36	-42.838	-116.705	NA	0.662878787878788	0	0	0	1	-0.3554510642829753	Inf	NO	O00429
300	C	300	20.251	-42.812	-113.052	NA	0.659774436090226	0	0	0	0.9999999999999999	-0.5006749425339715	Inf	NO	O00429
301	L	301	21.924	-39.515	-112.064	NA	0.659774436090226	1	0	0	0.5901942474649404	-0.5086335566291347	Inf	NO	O00429
302	P	302	19.049	-37.227	-113.167	NA	0.655430711610487	0	0	0	1	-0.6543044456588819	Inf	NO	O00429
303	E	303	16.713	-38.988	-110.703	NA	0.655430711610487	0	0	0	0.9999999999999999	-0.9285141007833019	Inf	NO	O00429
304	L	304	19.398	-39.133	-107.998	NA	0.605012964563526	0	0	0	0.35828347574166863	-0.5277136863433953	Inf	NO	O00429
305	K	305	19.767	-35.327	-107.738	NA	0.608470181503889	0	0	0	0.35828347574166863	-0.5092315068933286	Inf	NO	O00429
306	T	306	15.982	-35.064	-107.313	NA	0.565008025682183	0	0	0	0.5901942474649404	-1.0193780636541696	Inf	NO	O00429
307	R	307	16.142	-37.914	-104.819	NA	0.467339352097716	0	0	0	0.5957185897172513	-0.9765818850952075	Inf	NO	O00429
308	I	308	18.72	-36.372	-102.43	NA	0.501424501424502	1	0	0	0.35470135663610713	-0.4730038581994347	Inf	NO	O00429
309	N	309	16.9	-32.971	-102.43	NA	0.498154981549816	0	0	0	0.5901942474649404	-0.43423922469950055	Inf	NO	O00429
310	V	310	13.48	-34.261	-101.35	NA	0.394160583941606	2	0	0	0.9999999999999999	-0.9841356611932013	Inf	NO	O00429
311	L	311	15.246	-36.276	-98.651	NA	0.397058823529412	0	0	0	0.5957185897172513	-0.6770060115659916	Inf	NO	O00429
312	A	312	17.211	-33.16	-97.679	NA	0.398523985239852	0	0	0	0.5957185897172513	-0.42817319097095524	Inf	NO	O00429
313	A	313	13.996	-31.192	-97.136	NA	0.370057986294149	0	0	0	0.5901942474649404	-0.8079278797719305	Inf	NO	O00429
314	Q	314	12.47	-34.082	-95.181	NA	0.368697478991597	0	0	0	0.9999999999999999	-1.0656061060224484	Inf	NO	O00429
315	Y	315	15.419	-34.404	-92.814	NA	0.462962962962963	0	0	0	0.35470135663610713	-0.5244516774631541	Inf	NO	O00429
316	Q	316	15.561	-30.614	-92.485	NA	0.466417910447761	0	0	0	0.9999999999999999	-0.6436733908376607	Inf	NO	O00429
317	S	317	11.958	-30.519	-91.307	NA	0.403341976375684	0	0	0	1	-1.2260439706164636	Inf	NO	O00429
318	L	318	12.685	-33.279	-88.799	NA	0.506072874493927	0	0	0	0.5901942474649404	-0.8053660640281027	Inf	NO	O00429
319	L	319	15.587	-31.237	-87.438	NA	0.468164794007491	0	0	0	0.5901942474649404	-0.5256628511621612	Inf	NO	O00429
320	N	320	13.427	-28.112	-87.322	NA	0.468164794007491	0	0	0	1	-1.1164877405780422	Inf	NO	O00429
321	S	321	10.605	-29.937	-85.548	NA	0.471267454350161	0	0	0	1	-1.2021572059687367	Inf	NO	O00429
322	Y	322	13.037	-31.371	-83.026	NA	0.508498991645059	0	0	0	0.9999999999999999	-0.6965587348162144	Inf	NO	O00429
323	G	323	15.428	-28.414	-82.632	NA	0.505166475315729	0	0	0	0.9999999999999999	-0.9564227720762911	Inf	NO	O00429
324	E	324	15.423	-27.277	-79.819	NA	0.438202247191011	0	0	0	0.9999999999999999	-1.2627789845105406	Inf	NO	O00429
325	P	325	18.735	-25.692	-80.624	NA	0.476255088195387	0	0	0	1	-1.3856657258858391	Inf	NO	O00429
326	V	326	19.21	-24.91	-76.9	NA	0.290788930194135	0	0	0	1	-1.5048795776058526	Inf	NO	O00429
327	D	327	20.843	-21.693	-78.103	NA	0.290788930194135	0	0	0	1	-2.3955360799597045	Inf	NO	O00429
328	D	328	21.352	-20.057	-74.711	NA	0.290534979423868	0	0	0	1	-2.1699341804909458	Inf	NO	O00429
329	K	329	19.932	-21.681	-71.474	NA	0.289711934156379	0	0	1.847324842489812	0.49400551479703264	-1.5156682514799744	Inf	NO	O00429
330	S	330	18.393	-18.668	-69.716	NA	0.262921348314607	1	0	1.847324842489812	0.49400551479703264	-1.6289672002461362	Inf	NO	O00429
331	A	331	16.551	-17.614	-72.906	NA	0.262921348314607	0	0	2.782098792464833	0.3988612526221157	-2.1112508725908823	Inf	NO	O00429
332	T	332	15.12	-21.074	-73.772	NA	0.261940298507463	0	0	1.847324842489812	0.49400551479703264	-1.4774962599713417	Inf	NO	O00429
333	L	333	13.3	-21.331	-70.351	NA	0.260223048327138	1	0	1.0945395986693414	1	-1.2485940103563602	Inf	NO	O00429
334	L	334	11.59	-18.002	-71.114	NA	0.258736059479554	0	0	1.847324842489812	0.49400551479703264	-1.7209440105812521	Inf	NO	O00429
335	Q	335	10.283	-19.481	-74.373	NA	0.288310615448162	0	0	2.782098792464833	0.3988612526221157	-2.011797868692997	Inf	NO	O00429
336	L	336	9.481	-23.012	-73.343	NA	0.432098765432099	0	0	1.3774804807973187	0.5746713022931577	-1.3333161784101115	Inf	NO	O00429
337	I	337	7.423	-21.978	-70.218	NA	0.489312267657993	0	0	1.6080344011925727	0.629854077664366	-1.077126687811782	Inf	NO	O00429
338	T	338	5.788	-18.808	-71.52	NA	0.559701492537313	0	0	1.3774804807973187	0.5746713022931577	-1.5713667082396938	Inf	NO	O00429
339	K	339	4.152	-20.98	-74.13	NA	0.556027615507169	0	0	1.3774804807973187	0.5746713022931577	-1.677981789123618	Inf	NO	O00429
340	F	340	2.897	-23.359	-71.421	NA	0.486524163568773	0	0	1.0945395986693414	1	-1.5135998897952674	Inf	NO	O00429
341	A	341	1.058	-20.33	-70.089	NA	0.556503198294243	0	0	1.0945395986693414	1	-1.391310717101566	Inf	NO	O00429
342	T	342	-0.884	-19.638	-73.252	NA	0.560687432867884	0	0	3.8461856077636507	0.17134236481253168	-1.7869471043781067	Inf	NO	O00429
343	E	343	-1.582	-23.352	-74.02	NA	0.493421052631579	0	0	8.450725186353365	0.01132693405594148	-2.1904960701571694	Inf	NO	O00429
344	Y	344	-3.409	-22.893	-70.71	NA	0.493421052631579	0	0	5.023024756724913	0.03269026862075699	-1.9177410995267778	Inf	NO	O00429
345	C	345	-5.246	-19.614	-70.512	NA	0.495283018867925	1	0	8.450725186353365	0.01132693405594148	-1.7647068346120478	Inf	NO	O00429
346	N	346	-6.384	-20.625	-73.99	NA	0.328947368421053	0	0	8.450725186353365	0.01132693405594148	-2.233784961403302	Inf	NO	O00429
347	T	347	-7.845	-24.005	-73.222	NA	0.326779026217228	0	0	12.705737508722441	0.0054211586395172	-2.5030906944904294	Inf	NO	O00429
348	I	348	-9.567	-23.076	-69.936	NA	0.327358490566038	1	0	8.450725186353365	0.01132693405594148	-2.12246894498307	Inf	NO	O00429
349	E	349	-11.105	-20.213	-71.936	NA	0.187770562770563	0	0	6.0347712393097375	0.04769407740971197	-2.281531201814019	Inf	NO	O00429
350	G	350	-11.865	-22.379	-74.96	NA	0.218867924528302	0	1	9.07427033791752	0.026557618024614586	-2.863646178522165	Inf	NO	O00429
361	C	361	-11.936	-30.604	-72.39	NA	0.189203925845147	0	0	25.38523873167505	0.0020178304334421975	-2.8729479764475907	Inf	NO	O00429
362	G	362	-11.78	-26.841	-72.88	NA	0.164299242424242	0	2	12.705737508722441	0.0054211586395172	-2.815596691085062	Inf	NO	O00429
363	G	363	-12.982	-24.622	-71.462	NA	0.164299242424242	0	0	11.13239009898953	0.002369841341031334	-2.4547897878119547	Inf	NO	O00429
364	A	364	-16.148	-26.525	-72.264	NA	0.165399239543726	0	0	33.466399793784696	3.1616633040469817e-4	-2.9685293025924193	Inf	NO	O00429
365	R	365	-15.912	-29.563	-69.962	NA	0.166349809885932	0	0	33.466399793784696	3.1616633040469817e-4	-2.7424517272167233	Inf	NO	O00429
366	I	366	-16.101	-26.765	-67.449	NA	0.297709923664122	0	0	42.49879051120068	4.590203168697804e-5	-2.3497559677059496	Inf	NO	O00429
367	C	367	-19.156	-24.995	-68.781	NA	0.3	0	0	42.49879051120068	4.590203168697804e-5	-2.3568540428429468	Inf	NO	O00429
368	Y	368	-20.461	-28.541	-69.231	NA	0.26793893129771	0	0	43.49879051120068	5.8771760197345594e-5	-2.5422897991215008	Inf	NO	O00429
369	I	369	-19.79	-29.259	-65.597	NA	0.366771159874608	0	0	43.49879051120068	5.8771760197345594e-5	-2.256774637205176	Inf	NO	O00429
370	F	370	-21.326	-25.99	-64.644	NA	0.367816091954023	0	2	18.13452677303181	0.011833745469911153	-1.7892640823719623	Inf	NO	O00429
371	H	371	-24.342	-26.084	-66.813	NA	0.401136363636364	0	0	43.49879051120068	4.5058349484631616e-4	-1.8987819135711541	Inf	NO	O00429
372	E	372	-24.927	-29.759	-67.44	NA	0.399622641509434	0	0	43.49879051120068	4.5058349484631616e-4	-2.0609013088835906	Inf	NO	O00429
373	T	373	-23.968	-31.511	-64.293	NA	0.398490566037736	0	0	43.49879051120068	4.5058349484631616e-4	-1.9313679328106585	Inf	NO	O00429
374	F	374	-23.98	-29.247	-61.266	NA	0.445707070707071	0	0	6.311713405299442	0.020284026770851615	-1.703531021421651	Inf	NO	O00429
375	G	375	-27.411	-28.274	-62.547	NA	0.504261363636364	0	0	6.311713405299442	0.020284026770851615	-1.4528569587764169	Inf	NO	O00429
376	R	376	-28.913	-31.679	-63.04	NA	0.504261363636364	0	0	25.38523873167505	0.0020178304334421975	-1.6636123016246902	Inf	NO	O00429
377	T	377	-27.932	-32.407	-59.473	NA	0.578489951113525	0	0	5.023024756724913	0.03269026862075699	-1.5364533710475132	Inf	NO	O00429
378	L	378	-29.185	-29.254	-57.766	NA	0.574123989218329	0	0	3.5426528370464756	0.06863335969454791	-1.1972479099442501	Inf	NO	O00429
379	E	379	-32.446	-29.369	-59.722	NA	0.573576799140709	0	1	0.9053961765899854	1	-0.9166410866386326	Inf	NO	O00429
380	S	380	-32.931	-32.93	-58.491	NA	0.577358490566038	0	0	1.0945395986693414	1	-0.8284101434255338	Inf	NO	O00429
381	V	381	-32.751	-31.725	-54.906	NA	0.575187969924812	1	0	0.7700214517980523	1	-0.8255995793754205	Inf	NO	O00429
382	D	382	-36.31	-31.926	-53.583	NA	0.675471698113208	1	0	1.0945395986693414	1	-0.243931090191457	Inf	NO	O00429
383	P	383	-37.672	-28.793	-51.915	NA	0.675471698113208	0	0	1.7290167287785971	0.42530801398003	-0.2447176190400772	Inf	NO	O00429
384	L	384	-39.244	-31.055	-49.289	NA	0.771967654986523	1	0	1.6080344011925727	0.629854077664366	-0.026254666685009368	Inf	NO	O00429
385	G	385	-36.977	-34.071	-49.016	NA	0.771967654986523	0	0	0.7700214517980523	1	-0.25655416076828036	Inf	NO	O00429
386	G	386	-36.42	-35.44	-45.528	NA	0.772727272727273	0	0	0.9053961765899854	1	-0.19187990094004678	Inf	NO	O00429
387	L	387	-39.061	-33.046	-44.159	NA	0.769811320754717	0	0	1.8897826459681084	0.6098363532509345	0.13414999298854524	Inf	NO	O00429
388	N	388	-41.928	-35.185	-42.849	NA	0.774891774891775	0	0	3.8461856077636507	0.17134236481253168	0.5234104904038746	Inf	NO	O00429
389	T	389	-45.306	-33.712	-41.859	NA	0.779220779220779	0	0	3.8461856077636507	0.17134236481253168	0.7115683040645605	Inf	NO	O00429
390	I	390	-44.525	-34.56	-38.218	NA	0.777056277056277	0	0	3.8461856077636507	0.17134236481253168	0.8252600004140216	Inf	NO	O00429
391	D	391	-41.423	-32.352	-38.4	NA	0.78298800436205	0	0	1.8897826459681084	0.6098363532509345	0.40864651833321547	Inf	NO	O00429
392	I	392	-43.624	-29.449	-39.519	NA	0.790697674418605	0	0	4.160809390642369	0.0487810710200704	0.3311739720747677	Inf	NO	O00429
393	L	393	-45.97	-30.089	-36.587	NA	0.921492921492922	0	0	3.8461856077636507	0.17134236481253168	0.5072483354760743	Inf	NO	O00429
394	T	394	-43.029	-30.099	-34.177	NA	0.915384615384615	0	0	5.7853980580739055	0.11342846609736484	0.4967175320283	Inf	NO	O00429
395	A	395	-41.872	-26.695	-35.437	NA	0.920881971465629	0	1	4.506580324223237	0.0749694349250399	0.20736042569740937	Inf	NO	O00429
396	I	396	-45.385	-25.315	-34.912	NA	0.924479166666666	0	0	9.07427033791752	0.026557618024614586	0.34163123199029727	Inf	NO	O00429
397	R	397	-45.71	-26.673	-31.384	NA	0.827906976744186	1	0	2.782098792464833	0.3988612526221157	0.6750779166961005	Inf	NO	O00429
398	N	398	-42.544	-24.953	-30.201	NA	0.685328185328185	0	0	5.5596652701071	0.28678453700928985	0.5173284409818231	Inf	NO	O00429
399	A	399	-43.532	-21.837	-32.148	NA	0.918918918918919	0	0	18.13452677303181	0.011833745469911153	0.2911029821719802	Inf	NO	O00429
400	T	400	-46.659	-21.49	-30.017	NA	0.689189189189189	0	0	11.556861108688809	0.062631105783638	0.5852175080461577	Inf	NO	O00429
408	V	408	-47.455	-17.525	-35.898	NA	0.67557251908397	0	0	5.7853980580739055	0.11342846609736484	0.25598475666417875	Inf	NO	O00429
409	P	409	-46.79	-19.903	-38.87	NA	0.583516483516483	0	0	6.311713405299442	0.020284026770851615	0.4158997328614492	Inf	NO	O00429
410	E	410	-43.872	-17.784	-40.105	NA	0.583516483516483	0	1	8.450725186353365	0.01132693405594148	0.15723270472325024	Inf	NO	O00429
411	V	411	-41.653	-18.662	-37.142	NA	0.678846153846154	0	0	18.13452677303181	0.011833745469911153	0.1361646151555308	Inf	NO	O00429
412	S	412	-42.223	-22.354	-37.9	NA	0.684108527131783	0	0	5.023024756724913	0.03269026862075699	0.1994398465145076	Inf	NO	O00429
413	F	413	-41.452	-21.499	-41.529	NA	0.584717607973422	0	0	6.311713405299442	0.020284026770851615	0.2168115190990394	Inf	NO	O00429
414	E	414	-38.059	-19.898	-41.127	NA	0.588660366870484	0	0	6.311713405299442	0.020284026770851615	-0.010756617122982386	Inf	NO	O00429
415	L	415	-36.755	-22.839	-39.04	NA	0.588660366870484	0	0	6.0347712393097375	0.04769407740971197	-0.016966822782620503	Inf	NO	O00429
416	L	416	-38.17	-25.377	-41.564	NA	0.58411472697187	0	1	5.023024756724913	0.03269026862075699	0.1705996305933783	Inf	NO	O00429
417	V	417	-36.782	-23.728	-44.728	NA	0.58246001103144	0	0	3.077883527007372	0.0921795379601735	-0.05664926685212157	Inf	NO	O00429
418	K	418	-33.499	-22.919	-42.904	NA	0.58021978021978	0	0	2.968864652541523	0.14532588541595062	-0.19969972003804917	Inf	NO	O00429
419	R	419	-32.991	-26.743	-42.881	NA	0.449553001277139	2	0	2.8707310907957253	0.23316650851394144	-0.2280459438793459	Inf	NO	O00429
420	Q	420	-33.978	-27.172	-46.545	NA	0.446564885496183	0	0	1.396345355216597	0.6536646340719215	-0.1842795519130935	Inf	NO	O00429
421	I	421	-31.53	-24.524	-47.792	NA	0.500475285171103	0	0	0.3938941384472189	0.6962464228270501	-0.3697669990829934	Inf	NO	O00429
422	K	422	-28.754	-26.392	-45.82	NA	0.498579545454546	0	0	0.5891797728810183	1	-0.4827497266339595	Inf	NO	O00429
423	R	423	-28.772	-29.392	-48.184	NA	0.496698113207547	1	0	0	0.35470135663610713	-0.6238755886049845	Inf	NO	O00429
424	L	424	-27.431	-27.275	-51.027	NA	0.493421052631579	0	0	1.2313992992967397	0.6796397865165275	-0.7026681249247758	Inf	NO	O00429
425	E	425	-23.842	-26.743	-49.708	NA	0.435323383084577	0	0	0.6683509464789125	1	-0.6715997387612325	Inf	NO	O00429
426	E	426	-22.412	-30.237	-50.42	NA	0.389219330855019	1	0	1.3774804807973187	0.5746713022931577	-1.0352316102647259	Inf	NO	O00429
427	P	427	-23.382	-30.247	-54.115	NA	0.387132352941177	0	0	5.023024756724913	0.03269026862075699	-1.1610145927912674	Inf	NO	O00429
428	S	428	-22.036	-26.7	-54.406	NA	0.387132352941177	0	0	5.023024756724913	0.03269026862075699	-0.8613278600709328	Inf	NO	O00429
429	L	429	-18.812	-27.799	-52.656	NA	0.384926470588235	0	0	1.3774804807973187	0.5746713022931577	-0.6126777283358689	Inf	NO	O00429
430	R	430	-18.804	-30.896	-54.894	NA	0.382116788321168	0	0	18.13452677303181	0.011833745469911153	-1.2589885763089004	Inf	NO	O00429
431	C	431	-19.032	-28.63	-57.942	NA	0.384615384615385	0	1	9.07427033791752	0.026557618024614586	-1.2839547256778843	Inf	NO	O00429
432	V	432	-15.825	-26.833	-56.931	NA	0.463171864631719	0	0	3.5852634149922484	0.10778067981755284	-0.7728862511925001	Inf	NO	O00429
433	E	433	-14.043	-30.189	-56.697	NA	0.459468329504431	0	0	6.0347712393097375	0.04769407740971197	-1.0489863167642268	Inf	NO	O00429
434	L	434	-15.276	-31.255	-60.141	NA	0.461487603305785	0	0	43.49879051120068	0.0032963739886125196	-1.9724233366728734	Inf	NO	O00429
435	V	435	-13.726	-28.084	-61.564	NA	0.424908424908425	0	0	16.740415513302786	9.918270771990035e-4	-1.6573143985426977	Inf	NO	O00429
436	H	436	-10.399	-28.709	-59.796	NA	0.427696078431373	0	0	1.847324842489812	0.49400551479703264	-0.8440271529384512	Inf	NO	O00429
437	E	437	-10.446	-32.192	-61.324	NA	0.423030303030303	0	0	5.5596652701071	0.28678453700928985	-1.6569677579962492	Inf	NO	O00429
438	E	438	-10.903	-30.891	-64.872	NA	0.423030303030303	0	0	33.466399793784696	3.1616633040469817e-4	-2.2573735072138574	Inf	NO	O00429
439	M	439	-8.237	-28.269	-64.354	NA	0.317272727272727	0	0	3.5852634149922484	0.10778067981755284	-1.5501967768044276	Inf	NO	O00429
440	Q	440	-5.581	-30.596	-62.946	NA	0.36128364389234	0	0	1.3774804807973187	0.5746713022931577	-1.0886822098769346	Inf	NO	O00429
441	R	441	-6.464	-32.73	-65.998	NA	0.421179302045728	0	0	6.0347712393097375	0.04769407740971197	-2.153920217793097	Inf	NO	O00429
442	I	442	-5.935	-29.882	-68.487	NA	0.314748201438849	0	0	6.311713405299442	0.020284026770851615	-2.284570978411243	Inf	NO	O00429
443	I	443	-2.191	-29.756	-67.794	NA	0.316787003610108	0	0	4.506580324223237	0.0749694349250399	-1.4088910447430583	Inf	NO	O00429
444	Q	444	-1.709	-33.334	-69.084	NA	0.315647482014388	0	0	2.782098792464833	0.3988612526221157	-1.5417373817890352	Inf	NO	O00429
445	H	445	-3.774	-32.187	-72.083	NA	0.314516129032258	0	0	6.0347712393097375	0.04769407740971197	-2.4813146713048573	Inf	NO	O00429
446	C	446	-0.811	-29.896	-72.778	NA	0.314516129032258	0	1	4.506580324223237	0.0749694349250399	-1.936702426713214	Inf	NO	O00429
447	S	447	1.723	-32.341	-71.526	NA	0.316546762589928	1	0	1.847324842489812	0.49400551479703264	-1.2208574820287177	Inf	NO	O00429
448	N	448	0.423	-34.408	-74.443	NA	0.316546762589928	0	0	2.782098792464833	0.3988612526221157	-1.9970772680200535	Inf	NO	O00429
449	Y	449	-0.043	-31.428	-76.782	NA	0.318840579710145	0	0	2.782098792464833	0.3988612526221157	-2.1334073087226217	Inf	NO	O00429
455	L	455	8.119	-30.837	-73.742	NA	0.542651593011305	0	0	1.3774804807973187	0.5746713022931577	-0.763282468968083	Inf	NO	O00429
456	R	456	10.996	-33.34	-73.548	NA	0.631294964028777	1	0	0	1	-0.3013502742079072	Inf	NO	O00429
457	F	457	12.743	-32.007	-70.424	NA	0.76304347826087	0	0	0	0.9999999999999999	-0.1725932198666288	Inf	NO	O00429
458	P	458	11.851	-34.475	-67.601	NA	0.853333333333333	0	0	0	1	0.5091761893728141	Inf	NO	O00429
459	K	459	13.228	-32.075	-64.99	NA	0.736183524504692	0	0	0	1	0.51291537372872	Inf	NO	O00429
460	L	460	11.451	-29.065	-66.42	NA	0.808150183150183	0	0	0.7700214517980523	1	-0.2665577610109997	Inf	NO	O00429
461	H	461	8.166	-30.652	-67.392	NA	0.808150183150183	0	0	1.0945395986693414	1	-0.37376693089991947	Inf	NO	O00429
462	D	462	7.88	-32.319	-63.978	NA	0.802272727272727	0	0	0	1	0.11369195687566525	Inf	NO	O00429
463	A	463	8.726	-29.109	-62.125	NA	0.805200729927007	0	0	1.847324842489812	0.49400551479703264	0.18222300071955716	Inf	NO	O00429
464	I	464	6.151	-27.022	-63.996	NA	0.802272727272727	0	0	1.8897826459681084	0.6098363532509345	-0.589924022603044	Inf	NO	O00429
465	V	465	3.398	-29.613	-63.42	NA	0.801630434782609	1	0	1.847324842489812	0.49400551479703264	-0.5968714470457126	Inf	NO	O00429
466	E	466	4.052	-29.714	-59.656	NA	0.805860805860806	0	0	0	0.9999999999999999	0.029435559751265553	Inf	NO	O00429
467	V	467	3.993	-25.881	-59.723	NA	0.811121323529412	0	0	0	0.9999999999999999	-0.1625382719009964	Inf	NO	O00429
468	V	468	0.582	-25.858	-61.403	NA	0.81712962962963	0	0	0	0.5901942474649404	-0.546572081983574	Inf	NO	O00429
469	T	469	-0.966	-28.897	-59.637	NA	0.729037587773647	0	0	0	0.9999999999999999	-0.33285553672764123	Inf	NO	O00429
470	C	470	0.071	-27.243	-56.361	NA	0.819444444444445	0	0	0	0.9999999999999999	0.02770498885045263	Inf	NO	O00429
471	L	471	-1.118	-23.763	-57.368	NA	0.828651685393258	0	0	0	0.5901942474649404	-0.09639844311471102	Inf	NO	O00429
472	L	472	-4.704	-25.029	-57.471	NA	0.883895131086142	0	0	0	0.9999999999999999	-0.20299093991432327	Inf	NO	O00429
473	R	473	-4.471	-26.63	-53.988	NA	0.884711779448622	1	0	0	1	0.18338852112960471	Inf	NO	O00429
474	K	474	-3.554	-23.202	-52.612	NA	0.950590762620838	0	0	0	1	0.6406265377844353	Inf	NO	O00429
475	R	475	-6.664	-21.777	-54.273	NA	0.827891791044776	1	0	0	0.9999999999999999	0.1960430938478546	Inf	NO	O00429
476	L	476	-9.034	-24.616	-53.28	NA	0.829460966542751	0	0	1.3774804807973187	0.5746713022931577	-0.20908640858203828	Inf	NO	O00429
477	P	477	-9.462	-23.323	-49.695	NA	0.8203125	0	0	0	1	0.45677373901381785	Inf	NO	O00429
478	V	478	-10.351	-19.738	-50.653	NA	0.875	1	0	0	0.9999999999999999	0.5611917823211614	Inf	NO	O00429
479	T	479	-12.922	-20.687	-53.308	NA	0.875	0	0	1.0945395986693414	1	-0.09728054249125906	Inf	NO	O00429
480	N	480	-14.486	-23.365	-51.067	NA	0.874236874236874	0	0	1.0945395986693414	1	-0.1783321707892371	Inf	NO	O00429
481	E	481	-15.033	-20.734	-48.39	NA	0.813636363636364	0	0	0	1	0.21587941361866939	Inf	NO	O00429
482	M	482	-16.903	-18.243	-50.576	NA	0.81959706959707	0	0	0	0.9999999999999999	0.06947797804917769	Inf	NO	O00429
483	V	483	-18.989	-21.234	-51.611	NA	0.81959706959707	0	0	1.0945395986693414	1	-0.30885321801164106	Inf	NO	O00429
484	H	484	-19.728	-22.012	-47.974	NA	0.81959706959707	0	0	1.0945395986693414	1	-0.3608311983233858	Inf	NO	O00429
485	N	485	-20.688	-18.348	-47.396	NA	0.817307692307692	0	0	0	1	0.02406708179998642	Inf	NO	O00429
486	L	486	-23.044	-18.158	-50.393	NA	0.817307692307692	0	0	0	1	-0.2261060271046093	Inf	NO	O00429
487	V	487	-25.108	-20.977	-49.02	NA	0.825645756457565	0	0	0	0.35470135663610713	-0.41460702857842135	Inf	NO	O00429
488	A	488	-24.784	-19.688	-45.43	NA	0.783941605839416	0	0	0	0.5957185897172513	-0.3228911041152662	Inf	NO	O00429
489	I	489	-25.884	-16.124	-46.342	NA	0.648550724637681	1	0	0	1	0.06910664932510459	Inf	NO	O00429
490	E	490	-29.274	-17.664	-47.206	NA	0.772661870503597	0	0	0	0.35470135663610713	-0.23968389680242375	Inf	NO	O00429
491	L	491	-29.598	-19.411	-43.824	NA	0.714854639585822	0	0	1.0945395986693414	1	-0.30793108822630344	Inf	NO	O00429
492	A	492	-29.095	-15.959	-42.267	NA	0.712301587301587	0	0	0	0.9999999999999999	-0.1601990541333684	Inf	NO	O00429
493	Y	493	-31.945	-13.724	-43.488	NA	0.7644128113879	1	0	0	1	-0.04506086277456915	Inf	NO	O00429
494	I	494	-34.759	-15.479	-45.462	NA	0.703309692671395	0	0	3.5852634149922484	0.10778067981755284	-0.12486470241341752	Inf	NO	O00429
495	N	495	-36.493	-12.348	-46.803	NA	0.703309692671395	0	0	1.847324842489812	0.49400551479703264	0.07417614907754314	Inf	NO	O00429
496	T	496	-40.202	-12.472	-47.586	NA	0.703309692671395	0	0	3.8461856077636507	0.17134236481253168	0.30249377062974203	Inf	NO	O00429
497	K	497	-40.108	-9.141	-49.397	NA	0.759574468085106	0	0	0	1	0.4992631523694384	Inf	NO	O00429
498	H	498	-38.489	-10.928	-52.33	NA	0.754225352112676	0	0	0	1	0.42857730306797925	Inf	NO	O00429
499	P	499	-40.321	-10.099	-55.598	NA	0.751578947368421	0	0	0	1	0.4641480033958546	Inf	NO	O00429
500	D	500	-40.898	-13.765	-56.507	NA	0.754225352112676	0	0	1.847324842489812	0.49400551479703264	0.35157408475594065	Inf	NO	O00429
501	F	501	-42.768	-14.478	-53.265	NA	0.759574468085106	0	0	2.782098792464833	0.3988612526221157	0.48345874956854823	Inf	NO	O00429
502	A	502	-46.436	-15.304	-52.641	NA	0.808476221287609	0	0	2.782098792464833	0.3988612526221157	0.5526417867086013	Inf	NO	O00429
503	D	503	-48.187	-14.869	-49.284	NA	0.811990876507006	1	0	11.556861108688809	0.062631105783638	0.43303326306378126	Inf	NO	O00429
504	A	504	-49.411	-15.68	-46.5	NA	0.78361925843940194	0	0	5.7853980580739055	0.11342846609736484	0.3085016978529711	Inf	NO	O00429
516	R	616	-55.26	-26.071	-43.236	NA	0.899628252788104	0	0	0	1	0.392313032347671	Inf	NO	O00429
643	D	617	-52.286	-24.755	-41.237	NA	0.714599898494333	0	0	5.7853980580739055	0.11342846609736484	0.425753190537064	Inf	NO	O00429
644	C	618	-49.459	-27.065	-42.306	NA	0.736164736164736	1	0	8.450725186353365	0.01132693405594148	0.5180167353303535	Inf	NO	O00429
645	E	619	-51.102	-27.161	-45.74	NA	0.761081081081081	0	0	2.782098792464833	0.3988612526221157	0.5255459883521818	Inf	NO	O00429
646	V	620	-49.813	-23.683	-46.543	NA	0.758153846153846	0	0	3.8461856077636507	0.17134236481253168	0.43687512294794334	Inf	NO	O00429
647	I	621	-46.518	-23.885	-44.594	NA	0.755249042145594	0	0	6.311713405299442	0.020284026770851615	0.4022593839225839	Inf	NO	O00429
648	E	622	-45.735	-26.786	-46.928	NA	0.756	1	0	6.0347712393097375	0.04769407740971197	0.3009589985480003	Inf	NO	O00429
649	R	623	-46.468	-24.524	-49.91	NA	0.73125	0	0	2.8707310907957253	0.23316650851394144	0.4022840529328748	Inf	NO	O00429
650	L	624	-44.434	-21.697	-48.451	NA	0.797727272727273	0	1	3.5852634149922484	0.10778067981755284	0.18387770505084775	Inf	NO	O00429
651	I	625	-41.24	-23.758	-47.978	NA	0.762629005975014	0	0	1.936498585661251	0.3984075380386697	0.0216109768172391	Inf	NO	O00429
652	K	626	-41.312	-25.255	-51.501	NA	0.836544190665343	0	0	1.8897826459681084	0.6098363532509345	0.07738997142239552	Inf	NO	O00429
653	S	627	-41.846	-21.752	-52.913	NA	0.830277942046127	0	0	0.7700214517980523	1	0.16864489106681158	Inf	NO	O00429
654	Y	628	-38.98	-20.016	-51.088	NA	0.801081980857262	0	0	1.8897826459681084	0.6098363532509345	0.08237046355813937	Inf	NO	O00429
655	F	629	-36.462	-22.884	-51.353	NA	0.767548655149792	0	0	1.5590388001765765	0.4559139222066941	-0.20069118192363725	Inf	NO	O00429
656	L	630	-37.138	-22.909	-55.089	NA	0.733333333333333	0	0	1.6080344011925727	0.629854077664366	-0.1631930744523925	Inf	NO	O00429
657	I	631	-35.924	-19.319	-55.505	NA	0.682611506140918	1	0	2.8707310907957253	0.23316650851394144	0.08722499680453283	Inf	NO	O00429
658	V	632	-33.004	-19.805	-53.074	NA	0.644688644688645	0	0	0.7700214517980523	1	-0.18267204490207678	Inf	NO	O00429
659	R	633	-31.893	-22.804	-55.143	NA	0.64051094890511	1	0	0.7700214517980523	1	-0.5454996030529214	Inf	NO	O00429
660	K	634	-32.121	-20.743	-58.34	NA	0.591335740072202	1	0	1.0945395986693414	1	-0.3175753859165356	Inf	NO	O00429
661	N	635	-29.791	-18.298	-56.553	NA	0.63768115942029	0	0	1.0945395986693414	1	-0.42593183442603516	Inf	NO	O00429
662	I	636	-27.121	-20.815	-55.584	NA	0.684606060606061	1	0	3.5426528370464756	0.06863335969454791	-0.6675622167901359	Inf	NO	O00429
663	Q	637	-27.347	-22.613	-58.957	NA	0.634892086330935	0	0	5.023024756724913	0.03269026862075699	-0.9301787408243041	Inf	NO	O00429
664	D	638	-26.161	-19.395	-60.628	NA	0.592565947242206	0	0	6.311713405299442	0.020284026770851615	-0.7396948123131281	Inf	NO	O00429
665	S	639	-23.872	-17.886	-57.973	NA	0.592565947242206	0	0	3.5852634149922484	0.10778067981755284	-0.4647733633926165	Inf	NO	O00429
666	V	640	-21.641	-20.935	-57.236	NA	0.598550724637681	0	0	3.5852634149922484	0.10778067981755284	-0.7286310110623531	Inf	NO	O00429
667	P	641	-20.416	-21.439	-60.838	NA	0.528132992327366	0	0	4.506580324223237	0.0749694349250399	-1.0467830308042234	Inf	NO	O00429
668	K	642	-19.785	-17.699	-60.992	NA	0.530053475935829	0	0	6.0347712393097375	0.04769407740971197	-0.6742535179225057	Inf	NO	O00429
669	A	643	-17.993	-18.041	-57.632	NA	0.600727272727273	0	0	4.506580324223237	0.0749694349250399	-0.21427687713503754	Inf	NO	O00429
670	V	644	-15.625	-20.804	-58.807	NA	0.643115942028986	0	0	3.5852634149922484	0.10778067981755284	-0.5779923890931769	Inf	NO	O00429
671	M	645	-14.744	-18.73	-61.884	NA	0.677109974424552	0	0	4.506580324223237	0.0749694349250399	-0.9037268775947837	Inf	NO	O00429
672	H	646	-13.616	-15.819	-59.733	NA	0.717391304347826	1	0	0	0.9999999999999999	-0.04420263454432008	Inf	NO	O00429
673	F	647	-11.51	-17.543	-57.088	NA	0.73469387755102	0	0	0	0.9999999999999999	0.04506797176402157	Inf	NO	O00429
674	L	648	-10.205	-20.636	-58.849	NA	0.770181818181818	0	0	0.9053961765899854	1	-0.38609623691600886	Inf	NO	O00429
675	V	649	-10.457	-20.484	-62.642	NA	0.687104622871046	0	0	0	0.9999999999999999	-1.1297415750443776	Inf	NO	O00429
676	N	650	-9.867	-16.78	-63.35	NA	0.647058823529412	1	0	0	0.9999999999999999	-0.8689340647017414	Inf	NO	O00429
677	H	651	-7.429	-16.292	-60.468	NA	0.642335766423358	0	0	0	0.5957185897172513	-0.12218920573209652	Inf	NO	O00429
678	V	652	-5.29	-19.087	-61.904	NA	0.590769230769231	0	0	0	0.35828347574166863	-0.3868358511199529	Inf	NO	O00429
679	K	653	-5.407	-17.78	-65.49	NA	0.548571428571429	0	0	0	0.5957185897172513	-0.9472436969550895	Inf	NO	O00429
680	D	654	-3.952	-14.421	-64.325	NA	0.552137643378519	0	0	0	0.5901942474649404	-0.8879667169670745	Inf	NO	O00429
681	T	655	-1.445	-15.971	-61.773	NA	0.555729984301413	0	0	0	0.5901942474649404	-0.37191336606883457	Inf	NO	O00429
682	L	656	0.131	-18.926	-63.728	NA	0.605637254901961	0	0	0	0.5957185897172513	-0.5821881747202832	Inf	NO	O00429
683	Q	657	1.224	-16.561	-66.496	NA	0.569880073800738	0	0	0	0.9999999999999999	-0.9713094530164917	Inf	NO	O00429
684	S	658	3.78	-15.15	-64.023	NA	0.569880073800738	0	0	1.3774804807973187	0.5746713022931577	-0.9898449313326874	Inf	NO	O00429
685	E	659	4.08	-17.31	-60.876	NA	0.536357716518342	1	0	1.847324842489812	0.49400551479703264	-0.6869430361147744	Inf	NO	O00429
686	L	660	5.39	-19.968	-63.257	NA	0.534385813148789	1	0	1.0945395986693414	1	-0.7327216277751926	Inf	NO	O00429
687	V	661	8.173	-17.739	-64.486	NA	0.534385813148789	0	0	1.0945395986693414	1	-1.2381777291514962	Inf	NO	O00429
688	G	662	8.908	-16.475	-61.027	NA	0.460491889063318	0	0	1.3774804807973187	0.5746713022931577	-1.2656527826643442	Inf	NO	O00429
689	Q	663	9.489	-19.768	-59.197	NA	0.463497899159664	1	0	1.3774804807973187	0.5746713022931577	-0.6738542003161346	Inf	NO	O00429
690	L	664	11.205	-21.416	-62.289	NA	0.461800104657248	0	0	0.7700214517980523	1	-0.5397643277814935	Inf	NO	O00429
691	Y	665	13.122	-18.54	-63.822	NA	0.45881126173097	0	1	0.9053961765899854	1	-1.1741922967160003	Inf	NO	O00429
692	K	666	16.063	-18.698	-61.395	NA	0.397058823529412	0	0	1.0945395986693414	1	-1.3945427247807207	Inf	NO	O00429
693	S	667	19.555	-19.118	-62.834	NA	0.433333333333333	0	0	1.3774804807973187	0.5746713022931577	-1.3581161950626353	Inf	NO	O00429
694	S	668	20.64	-21.612	-60.177	NA	0.654850746268657	0	0	1.847324842489812	0.49400551479703264	-0.821815356563734	Inf	NO	O00429
695	L	669	17.997	-24.12	-61.298	NA	0.651851851851852	0	0	1.3774804807973187	0.5746713022931577	-0.627040340297421	Inf	NO	O00429
696	L	670	18.533	-23.576	-65.025	NA	0.694280078895464	0	0	1.3774804807973187	0.5746713022931577	-1.037920503561658	Inf	NO	O00429
697	D	671	21.164	-26.311	-65.408	NA	0.744973544973545	1	0	1.847324842489812	0.49400551479703264	-0.8850705003426198	Inf	NO	O00429
698	D	672	18.649	-28.737	-63.939	NA	0.869888475836431	0	0	1.847324842489812	0.49400551479703264	-0.25927513591632784	Inf	NO	O00429
699	L	673	15.663	-27.774	-66.081	NA	0.869888475836431	0	0	1.3774804807973187	0.5746713022931577	-0.6407031905884892	Inf	NO	O00429
700	L	674	17.439	-27.747	-69.458	NA	0.873907615480649	0	0	1.3774804807973187	0.5746713022931577	-0.9159611130834391	Inf	NO	O00429
701	T	675	18.803	-31.28	-69.013	NA	0.937164339419978	0	0	0	1	-0.15087181469659708	Inf	NO	O00429
705	D	679	17.816	-38.854	-73.314	NA	0.700377358490566	0	0	0	0.9999999999999999	0.7047808358329141	Inf	NO	O00429
706	M	680	16.438	-38.688	-76.866	NA	0.752560646900269	0	0	0	0.9999999999999999	0.1830764688917467	Inf	NO	O00429
707	A	681	18.9	-35.987	-77.904	NA	0.746923488496522	0	0	0	0.9999999999999999	-0.04831345497014198	Inf	NO	O00429
708	Q	682	20.34	-38.839	-79.96	NA	0.784269662921348	0	0	0	0.9999999999999999	0.22131487435262975	Inf	NO	O00429
709	R	683	17.32	-38.843	-82.28	NA	0.811567164179105	2	0	0	0.5901942474649404	-0.10721169969713519	Inf	NO	O00429
710	R	684	18.383	-35.283	-83.084	NA	0.813899253731343	0	0	0	0.5901942474649404	-0.24759311891816096	Inf	NO	O00429
711	K	685	21.979	-36.466	-83.326	NA	0.813899253731343	1	0	0	0.5957185897172513	0.003960817603456473	Inf	NO	O00429
712	E	686	20.937	-39.086	-85.862	NA	0.795125980999587	1	0	0	0.5957185897172513	0.25429452126290986	Inf	NO	O00429
713	A	687	19.221	-36.326	-87.805	NA	0.770412642669008	0	0	0	0.5957185897172513	-0.33349988877770753	Inf	NO	O00429
714	A	688	21.917	-33.716	-87.462	NA	0.811121323529412	0	0	0	0.5957185897172513	-0.1370207037743219	Inf	NO	O00429
715	D	689	24.371	-36.215	-88.977	NA	0.811121323529412	0	0	0	0.5957185897172513	0.23276229403510734	Inf	NO	O00429
716	M	690	22.052	-37.241	-91.832	NA	0.885720802919708	2	0	0	0.35470135663610713	-0.2305863655084751	Inf	NO	O00429
717	L	691	21.043	-33.646	-92.618	NA	0.885027985074627	0	0	0	0.3614441690701053	-0.26832696021478514	Inf	NO	O00429
718	K	692	24.697	-32.67	-92.797	NA	0.888461538461538	0	0	0	0.35828347574166863	0.11320659625455401	Inf	NO	O00429
719	A	693	25.605	-35.658	-94.971	NA	0.892113095238095	0	0	0	0.35470135663610713	-0.04531415461298646	Inf	NO	O00429
720	L	694	22.863	-34.714	-97.475	NA	0.888719512195122	0	0	0	0.21425163855067186	-0.25980352509261023	Inf	NO	O00429
721	Q	695	23.721	-31.001	-97.797	NA	0.881483402489627	0	0	0	0.35828347574166863	-0.061798377919712454	Inf	NO	O00429
722	G	696	27.358	-31.946	-98.386	NA	0.877659574468085	0	0	0	0.35828347574166863	0.409344715006534	Inf	NO	O00429
723	A	697	26.211	-34.609	-100.851	NA	0.880482456140351	1	0	0	0.3614441690701053	0.01686645763673904	Inf	NO	O00429
724	S	698	24.02	-32.132	-102.775	NA	0.876407657657658	1	0	0	0.5957185897172513	-0.03224949124718505	Inf	NO	O00429
725	Q	699	27.039	-29.817	-102.889	NA	0.822259136212625	0	0	0	0.9999999999999999	0.3774488908075597	Inf	NO	O00429
726	I	700	28.997	-32.525	-104.713	NA	0.826086956521739	0	0	0	0.21425163855067186	0.553622831110268	Inf	NO	O00429
727	I	701	26.436	-33.328	-107.433	NA	0.798756798756799	1	0	0	0.3614441690701053	0.29763857024752816	Inf	NO	O00429
728	A	702	26.695	-29.696	-108.497	NA	0.753472222222222	0	0	0	0.9999999999999999	0.4655681154413245	Inf	NO	O00429
729	E	703	29.533	-29.288	-111.04	NA	0.756756756756757	0	0	0	0.9999999999999999	0.7860547777529214	Inf	NO	O00429
