Uniprot_position	aminoacid	Position_in_structure	x	y	z	paraz	mtr	gscount	pscount	OR	pvalue	mtr3dscore	paraz3dscore	HotSpot3D	Uniprot
25	K	25	119.058	99.292	207.001	NA	0.571338383838384	0	0	0	0.5745110728525077	0.6868900372387998	Inf	NO	Q05586
26	I	26	118.605	95.521	207.193	NA	0.571338383838384	0	0	0	1	0.7353202120584246	Inf	NO	Q05586
27	V	27	119.45	94.033	203.795	NA	0.564918851435705	1	0	0	0.5934464439559303	0.7369928344671072	Inf	NO	Q05586
28	N	28	118.377	90.433	203.288	NA	0.610003379520108	1	0	0	0.3388155325388546	0.6664424316352857	Inf	NO	Q05586
29	I	29	120.311	88.643	200.548	NA	0.610003379520108	0	0	0.39310179319194966	0.6884595483472695	0.6947939727068221	Inf	NO	Q05586
30	G	30	119.252	85.224	199.298	NA	0.60550150956055	0	0	0.3470713464657141	0.45703747449412113	0.6515481742932379	Inf	NO	Q05586
31	A	31	121.171	82.297	197.878	NA	0.601604278074866	0	0	0.3470713464657141	0.45703747449412113	0.6707892241771894	Inf	NO	Q05586
32	V	32	119.949	79.332	195.852	NA	0.551470588235294	0	0	0.641322153438837	1	0.550084698561111	Inf	NO	Q05586
33	L	33	122.226	76.328	196.238	NA	0.545454545454546	1	0	0	0.20187117681874694	0.6893965959371926	Inf	NO	Q05586
34	S	34	121.708	72.617	196.723	NA	0.608622147083686	0	0	0	0.3388155325388546	0.7051535356653635	Inf	NO	Q05586
35	T	35	123.878	72.413	199.857	NA	0.565149136577708	0	0	0	0.5934464439559303	0.8590172074962726	Inf	NO	Q05586
36	R	36	123.894	74.254	203.173	NA	0.657509157509158	0	0	0	0.5745110728525077	0.9776145462672682	Inf	NO	Q05586
37	K	37	127.617	74.126	203.988	NA	0.783941605839416	0	0	0	0.5745110728525077	1.0549343716581907	Inf	NO	Q05586
38	H	38	128.157	76.662	201.232	NA	0.732272727272727	1	0	0	0.3388155325388546	1.0031758822406536	Inf	NO	Q05586
39	E	39	125.144	78.535	202.599	NA	0.684782608695652	1	0	0	0.3388155325388546	0.8972275184831949	Inf	NO	Q05586
40	Q	40	127.158	78.737	205.817	NA	0.689855072463768	1	0	0	0.3388155325388546	1.0022230359777111	Inf	NO	Q05586
41	M	41	130.019	79.912	203.597	NA	0.684892086330935	0	0	0	0.20179963483959984	1.012030155748486	Inf	NO	Q05586
42	F	42	127.66	82.691	202.474	NA	0.684892086330935	0	0	0	0.12075454755083236	0.9505095578518127	Inf	NO	Q05586
43	R	43	126.923	83.395	206.156	NA	0.646209386281588	0	0	0	0.20187117681874694	0.9698412671664322	Inf	NO	Q05586
44	E	44	130.615	83.667	207.015	NA	0.700979020979021	0	0	0	0.11883312851983052	0.9823551438921387	Inf	NO	Q05586
45	A	45	131.166	85.83	203.935	NA	0.650909090909091	0	0	0	0.04101469455043573	0.9822089600678058	Inf	NO	Q05586
46	V	46	128.336	88.051	205.223	NA	0.611435523114355	1	0	0	0.04347431178874582	0.9325070967833891	Inf	NO	Q05586
47	N	47	130.331	88.215	208.466	NA	0.609212121212121	0	0	0	0.20187117681874694	0.9474900701371037	Inf	NO	Q05586
48	Q	48	133.365	89.216	206.365	NA	0.605314009661836	0	0	0	0.20187117681874694	0.9523101575774904	Inf	NO	Q05586
49	A	49	131.222	91.82	204.591	NA	0.522627737226277	1	0	0	0.12075454755083236	0.9683773560653789	Inf	NO	Q05586
50	N	50	130.207	93.275	207.953	NA	0.520727272727273	0	0	0	0.20179963483959984	0.9486848821361366	Inf	NO	Q05586
51	K	51	133.917	93.343	208.782	NA	0.557922077922078	1	0	0	0.3388155325388546	0.9580094933002952	Inf	NO	Q05586
52	R	52	135.369	94.487	205.454	NA	0.555900621118012	2	0	0	0.20179963483959984	0.9400244707281111	Inf	NO	Q05586
53	H	53	134.882	98.156	204.504	NA	0.644404332129964	0	0	0	0.3388155325388546	0.9690391510243044	Inf	NO	Q05586
54	G	54	131.201	98.232	205.468	NA	0.635231316725979	0	0	0	0.20179963483959984	0.9508087445186534	Inf	NO	Q05586
55	S	55	130.12	99.461	208.858	NA	0.639784946236559	0	0	0	0.5934464439559303	0.9156567333464781	Inf	NO	Q05586
56	W	56	128.243	99.674	211.287	NA	0.642086330935252	0	0	0	0.5745110728525077	0.8446987716091502	Inf	NO	Q05586
57	K	57	124.79	99.661	212.775	NA	0.640287769784173	0	0	0	1	0.848949813756985	Inf	NO	Q05586
58	I	58	122.869	96.496	211.753	NA	0.644404332129964	0	0	0	0.5934464439559303	0.834945245119885	Inf	NO	Q05586
59	Q	59	122.234	95.952	208.042	NA	0.644927536231884	0	0	0	0.5934464439559303	0.8647829701577896	Inf	NO	Q05586
60	L	60	122.22	92.215	207.241	NA	0.682864450127877	0	0	0	0.3388155325388546	0.8640841996038726	Inf	NO	Q05586
61	N	61	120.288	89.09	208.183	NA	0.644404332129964	0	0	0	0.5745110728525077	0.7820742722548578	Inf	NO	Q05586
62	A	62	120.837	85.676	206.64	NA	0.58631386861313906	0	0	0	0.3388155325388546	0.8249548806630852	Inf	NO	Q05586
63	T	63	118.572	84.008	204.07	NA	0.619433198380567	0	0	0	0.20187117681874694	0.7483955851501723	Inf	NO	Q05586
64	S	64	119.678	80.972	202.042	NA	0.588461538461539	0	0	0	0.20187117681874694	0.8036235300716343	Inf	NO	Q05586
65	V	65	117.496	78.327	200.372	NA	0.587956204379562	0	0	0	0.20187117681874694	0.7162231011067721	Inf	NO	Q05586
66	T	66	118.37	74.993	198.762	NA	0.649090909090909	0	0	0	0.20187117681874694	0.7214640763766056	Inf	NO	Q05586
67	H	67	116.829	73.675	195.555	NA	0.584181818181818	0	0	0	0.12075454755083236	0.572637683956663	Inf	NO	Q05586
68	K	68	113.206	72.507	195.733	NA	0.479082321187584	1	0	0	0.20187117681874694	0.5442769354492338	Inf	NO	Q05586
69	P	69	111.972	69.008	194.817	NA	0.508986928104575	0	0	0	0.5934464439559303	0.5382674538224655	Inf	NO	Q05586
70	N	70	109.067	70.407	192.789	NA	0.536953242835596	2	0	0	0.3388155325388546	0.5293044293856786	Inf	NO	Q05586
71	A	71	110.195	72.605	189.915	NA	0.542919389978214	1	0	0	0.3388155325388546	0.507611308087317	Inf	NO	Q05586
72	I	72	106.647	73.907	189.503	NA	0.546468401486989	0	0	0.5310587160381973	0.9999999999999999	0.48843327133706826	Inf	NO	Q05586
73	Q	73	106.751	75.52	192.954	NA	0.510416666666667	0	0	0.5310587160381973	0.9999999999999999	0.5022344932456989	Inf	NO	Q05586
74	M	74	110.055	77.463	193.079	NA	0.510416666666667	0	0	0.39310179319194966	0.6884595483472695	0.5743138085971229	Inf	NO	Q05586
75	A	75	108.565	80.663	194.544	NA	0.510416666666667	1	0	0.45226090039672023	0.68313407054124	0.5288252058237156	Inf	NO	Q05586
76	L	76	107.002	79.461	197.805	NA	0.540441176470588	0	0	0.45226090039672023	0.68313407054124	0.49164782073878555	Inf	NO	Q05586
77	S	77	110.164	80.298	199.743	NA	0.545474278272194	0	0	0.8064048215742883	1	0.5613728709939865	Inf	NO	Q05586
78	V	78	110.581	83.392	197.562	NA	0.549019607843137	0	0	0.5310587160381973	0.9999999999999999	0.4995655538871672	Inf	NO	Q05586
79	C	79	107.328	85.166	198.409	NA	0.54699370523117	0	0	0.8064048215742883	1	0.2509756898770731	Inf	NO	Q05586
80	E	80	106.488	83.462	201.718	NA	0.580652573529412	1	0	0	0.5745110728525077	0.1704443278375837	Inf	NO	Q05586
81	D	81	110.06	83.513	203.025	NA	0.576414233576642	1	0	0	0.5934464439559303	0.42994527382496334	Inf	NO	Q05586
82	L	82	112.354	85.757	200.958	NA	0.512368207623682	0	0	0.45226090039672023	0.68313407054124	0.4354715374816221	Inf	NO	Q05586
83	I	83	110.202	88.642	199.683	NA	0.592883211678832	0	0	0.45226090039672023	0.68313407054124	0.2967256393741042	Inf	NO	Q05586
84	S	84	108.343	88.531	203.01	NA	0.592883211678832	0	0	0	0.3388155325388546	0.18336652713874393	Inf	NO	Q05586
85	S	85	111.798	89.021	204.562	NA	0.592883211678832	0	0	0	0.3388155325388546	0.40222563964837427	Inf	NO	Q05586
86	Q	86	112.515	91.682	201.867	NA	0.512368207623682	0	0	0	0.3388155325388546	0.39397283553888207	Inf	NO	Q05586
87	V	87	115.358	89.999	199.975	NA	0.512368207623682	0	0	0.45226090039672023	0.68313407054124	0.4327892148348378	Inf	NO	Q05586
88	Y	88	117.119	92.384	197.582	NA	0.516135620915033	0	0	0.45226090039672023	0.68313407054124	0.4045738291302125	Inf	NO	Q05586
89	A	89	119.303	89.86	195.722	NA	0.516605166051661	0	0	0.3470713464657141	0.45703747449412113	0.4438754985059867	Inf	NO	Q05586
90	I	90	119.577	86.079	195.283	NA	0.516605166051661	0	0	0.7082434326143332	1	0.5833645598951238	Inf	NO	Q05586
91	L	91	122.641	84.065	194.206	NA	0.472337633938334	0	0	0.2549306471868648	0.30725445098927734	0.6355168553778947	Inf	NO	Q05586
92	V	92	121.496	81.039	192.25	NA	0.50185873605948	0	0	0.3470713464657141	0.45703747449412113	0.5624323241418503	Inf	NO	Q05586
93	S	93	123.176	77.748	191.277	NA	0.571428571428571	0	0	0.2549306471868648	0.30725445098927734	0.5853067746347599	Inf	NO	Q05586
94	H	94	122.088	75.487	188.392	NA	0.571959638874137	0	0	0	0.20179963483959984	0.45041184526021244	Inf	NO	Q05586
95	P	95	120.02	72.673	189.933	NA	0.622903412377097	0	0	0	0.11883312851983052	0.4388547619724261	Inf	NO	Q05586
96	P	96	120.359	69.821	192.421	NA	0.517142033995967	0	0	0	0.11883312851983052	0.5685593647932334	Inf	NO	Q05586
97	T	97	121.411	67.725	189.461	NA	0.446517412935323	0	0	0	0.3388155325388546	0.5503198407430734	Inf	NO	Q05586
98	P	98	122.734	70.804	187.55	NA	0.486650895572829	2	0	0	0.20187117681874694	0.507757955192395	Inf	NO	Q05586
99	N	99	122.558	68.954	184.228	NA	0.537313432835821	1	0	0	0.20187117681874694	0.19471397007326857	Inf	NO	Q05586
100	D	100	118.872	68.376	183.454	NA	0.563358302122347	0	0	0	0.5934464439559303	0.533556216215406	Inf	NO	Q05586
101	H	101	116.536	70.923	181.871	NA	0.569182389937107	0	0	0	0.5934464439559303	0.50505989593539	Inf	NO	Q05586
102	F	102	116.4	72.53	185.367	NA	0.550570342205323	1	0	0	0.20179963483959984	0.4775370504414302	Inf	NO	Q05586
103	T	103	118.708	75.41	184.456	NA	0.550570342205323	0	0	0	0.20187117681874694	0.38665081388966793	Inf	NO	Q05586
104	P	104	117.257	78.133	186.685	NA	0.552671755725191	0	0	0.6331179804267189	0.7350937144430872	0.4074030264410167	Inf	NO	Q05586
105	T	105	114.399	79.957	185.001	NA	0.512264150943396	0	0	2.2015287641598342	0.3371409412324947	0.4627155123643663	Inf	NO	Q05586
106	P	106	111.708	80.035	187.696	NA	0.516159695817491	0	0	1.0828899521695121	1	0.535893203539519	Inf	NO	Q05586
107	V	107	113.306	81.656	190.779	NA	0.517585551330799	0	0	1.0828899521695121	1	0.5054547130380954	Inf	NO	Q05586
108	S	108	114.811	84.328	188.5	NA	0.514733840304182	0	0	1.6430103146511408	0.627682532885957	0.4303298280751472	Inf	NO	Q05586
109	Y	109	111.572	85.316	186.771	NA	0.614079728583545	0	0	1.6430103146511408	0.627682532885957	0.41912368560701646	Inf	NO	Q05586
110	T	110	109.479	85.032	189.943	NA	0.609427609427609	0	1	1.6430103146511408	0.627682532885957	0.4235600922331334	Inf	NO	Q05586
111	A	111	111.941	87.593	191.246	NA	0.607744107744108	0	0	1.6430103146511408	0.627682532885957	0.31433031560803315	Inf	NO	Q05586
112	G	112	111.419	89.371	187.905	NA	0.569288389513109	0	0	1.6430103146511408	0.627682532885957	0.33450952682670976	Inf	NO	Q05586
113	F	113	107.862	90.561	188.546	NA	0.633889376646181	0	0	1.6430103146511408	0.627682532885957	0.15666368446694293	Inf	NO	Q05586
114	Y	114	108.964	93.864	190.069	NA	0.475417032484636	0	0	1.6430103146511408	0.627682532885957	0.025574298531842878	Inf	NO	Q05586
115	R	115	112.37	94.177	188.291	NA	0.425707547169811	2	0	1.6430103146511408	0.627682532885957	0.08952499023917172	Inf	NO	Q05586
116	I	116	114.657	92.786	191.005	NA	0.42251872659176	0	0	1.6430103146511408	0.627682532885957	0.16006477096480745	Inf	NO	Q05586
117	P	117	118.321	92.156	190.069	NA	0.447335811648079	1	0	0.8020059572275244	0.9999999999999999	0.3021635717530367	Inf	NO	Q05586
118	V	118	119.495	88.528	190.203	NA	0.384861407249467	0	1	0.8020059572275244	0.9999999999999999	0.41872325693602097	Inf	NO	Q05586
119	L	119	123.073	87.299	189.673	NA	0.384861407249467	0	0	0.31022821820848606	0.46378253803615227	0.6643718508044936	Inf	NO	Q05586
120	G	120	123.388	83.871	188.101	NA	0.361904761904762	0	0	0.28007091391078487	0.30045782136058935	0.6455875174803204	Inf	NO	Q05586
121	L	121	126.476	82.373	189.709	NA	0.364646464646465	0	0	0.28007091391078487	0.30045782136058935	0.7399969575487382	Inf	NO	Q05586
122	T	122	127.855	79.847	187.211	NA	0.367430025445293	0	0	0	0.06987103353542792	0.7101375495342525	Inf	NO	Q05586
123	T	123	125.212	79.838	184.465	NA	0.433894230769231	0	0	0.28007091391078487	0.30045782136058935	0.5315068961615104	Inf	NO	Q05586
124	R	124	126.367	79.708	180.842	NA	0.536965811965812	2	0	0	0.11883312851983052	0.4967643091727773	Inf	NO	Q05586
125	M	125	122.965	79.411	179.118	NA	0.508704453441296	0	0	0	0.06987103353542792	0.5037251031639604	Inf	NO	Q05586
126	S	126	122.969	82.585	177.032	NA	0.479580152671756	0	0	0	0.06987103353542792	0.927309843615388	Inf	NO	Q05586
127	I	127	119.141	82.534	176.854	NA	0.518558754300199	0	0	0	0.20179963483959984	0.7320699706344818	Inf	NO	Q05586
128	Y	128	119.448	84.288	180.223	NA	0.518558754300199	0	0	0.45226090039672023	0.68313407054124	0.6900895164334492	Inf	NO	Q05586
129	S	129	121.901	86.759	178.661	NA	0.514645103324349	0	0	0.39310179319194966	0.6884595483472695	0.8821406599187059	Inf	NO	Q05586
130	D	130	119.094	88.052	176.429	NA	0.517520215633423	0	0	0	0.20179963483959984	0.9232724414738439	Inf	NO	Q05586
131	K	131	118.26	91.387	178.047	NA	0.49584487534626	0	0	0	0.5745110728525077	0.8773146847080429	Inf	NO	Q05586
132	S	132	115.043	91.796	176.02	NA	0.492144540455617	0	0	0	0.9999999999999999	0.6037443371637456	Inf	NO	Q05586
133	I	133	113.132	89.15	177.95	NA	0.497676579925651	0	0	0	1	0.5182518668674538	Inf	NO	Q05586
134	H	134	115.469	88.311	180.86	NA	0.514197530864198	0	0	1.0828899521695121	1	0.5345139841691976	Inf	NO	Q05586
135	L	135	115.237	91.779	182.319	NA	0.541478129713424	0	0	1.6430103146511408	0.627682532885957	0.458132597654179	Inf	NO	Q05586
136	S	136	117.565	92.11	185.328	NA	0.575320512820513	0	0	0.9224545576098425	1	0.3100355436374555	Inf	NO	Q05586
137	F	137	119.69	88.96	185.296	NA	0.577435661764706	0	0	0.8020059572275244	0.9999999999999999	0.4479962936150845	Inf	NO	Q05586
138	L	138	123.47	89.342	185.298	NA	0.617647058823529	0	0	0.28007091391078487	0.30045782136058935	0.6494760181063696	Inf	NO	Q05586
139	R	139	126.235	86.774	185.646	NA	0.651459854014599	2	0	0.21540709868741034	0.2007648420655826	0.84470317799437	Inf	NO	Q05586
140	T	140	129.55	86.186	187.322	NA	0.60024154589372	0	0	0.37933309183878855	0.2519011896026884	1.023829421841271	Inf	NO	Q05586
141	V	141	130.226	83.559	184.627	NA	0.676047397376217	0	0	0.19959155919375185	0.12426190757549929	1.1225088493714575	Inf	NO	Q05586
142	P	142	129.84	84.681	180.99	NA	0.668829809503873	1	0	0.21540709868741034	0.2007648420655826	1.1868936401361272	Inf	NO	Q05586
143	P	143	128.2	82.271	178.53	NA	0.740508969545265	0	0	0.2549306471868648	0.30725445098927734	0.7785321512587218	Inf	NO	Q05586
144	Y	144	129.63	80.725	175.393	NA	0.737892330076907	0	0	0	0.07242358759632254	0.4898556344095448	Inf	NO	Q05586
145	S	145	128.723	83.579	173.042	NA	0.839243498817967	0	0	0	0.12075454755083236	0.8540416464776387	Inf	NO	Q05586
146	H	146	131.315	85.77	174.742	NA	0.851318944844125	0	0	0.23365142246692627	0.1945373827844216	1.2884397601734399	Inf	NO	Q05586
147	Q	147	133.608	82.834	173.961	NA	0.798111510791367	0	0	0.19959155919375185	0.12426190757549929	0.9455806121938596	Inf	NO	Q05586
148	S	148	132.724	83.53	170.304	NA	0.795250896057348	0	0	0	0.20179963483959984	0.795362776485959	Inf	NO	Q05586
149	S	149	134.79	86.725	170.624	NA	0.794039145907473	1	0	0	0.11883312851983052	1.380826412780006	Inf	NO	Q05586
150	V	150	137.653	84.578	171.959	NA	0.741507870753935	0	0	0.1857500292035121	0.07962698103414222	1.0559321695240846	Inf	NO	Q05586
151	W	151	137.814	82.677	168.66	NA	0.787852112676056	0	0	0	0.02402685336787733	0.9483497295374358	Inf	NO	Q05586
152	F	152	138.477	85.985	166.878	NA	0.787852112676056	0	0	0	0.20187117681874694	1.2520911244255715	Inf	NO	Q05586
153	E	153	141.653	86.181	168.941	NA	0.793439716312057	1	0	0	0.04101469455043573	1.4162683377565486	Inf	NO	Q05586
154	M	154	142.542	82.845	167.34	NA	0.781349206349207	0	0	0	0.04347431178874582	0.9661565239772915	Inf	NO	Q05586
155	M	155	142.146	84.682	164.018	NA	0.74555092767891	1	0	0	0.3388155325388546	1.2769326807189156	Inf	NO	Q05586
156	R	156	144.712	87.302	164.927	NA	0.742878702131673	2	0	0	0.20187117681874694	1.4083416809007632	Inf	NO	Q05586
157	V	157	147.17	84.665	166.114	NA	0.784772182254197	0	0	0	0.20179963483959984	1.2098337963886119	Inf	NO	Q05586
158	Y	158	146.554	82.105	163.407	NA	0.803249097472924	1	0	0	0.20179963483959984	0.8549576266632412	Inf	NO	Q05586
159	S	159	145.743	84.28	160.367	NA	0.800359712230216	0	0	0	0.20187117681874694	1.1015266389046117	Inf	NO	Q05586
160	W	160	142.518	82.908	158.973	NA	0.785399117529082	0	0	0.3470713464657141	0.45703747449412113	0.8590084934010135	Inf	NO	Q05586
161	N	161	140.139	84.167	156.293	NA	0.780375699440448	0	0	0.3470713464657141	0.45703747449412113	0.8926566497058255	Inf	NO	Q05586
162	H	162	137.97	81.138	155.393	NA	0.780375699440448	0	0	0.3470713464657141	0.45703747449412113	0.6543454492062957	Inf	NO	Q05586
163	I	163	135.619	80.061	158.158	NA	0.783192940232652	0	0	0.45226090039672023	0.68313407054124	0.5989884188454402	Inf	NO	Q05586
164	I	164	133.287	77.107	158.743	NA	0.786030595813205	0	0	0.641322153438837	1	0.5444383507605277	Inf	NO	Q05586
165	L	165	130.505	77.885	161.233	NA	0.803249097472924	0	0	0.3470713464657141	0.45703747449412113	0.6758927148247417	Inf	NO	Q05586
166	L	166	128.159	75.199	162.569	NA	0.798111510791367	0	0	0.1857500292035121	0.07962698103414222	0.5247450461761253	Inf	NO	Q05586
167	V	167	125.196	76.316	164.682	NA	0.803894927536232	0	0	0.23365142246692627	0.1945373827844216	0.6510077494935309	Inf	NO	Q05586
168	S	168	122.368	74.32	166.166	NA	0.803894927536232	0	0	0.23365142246692627	0.1945373827844216	0.6078803283706071	Inf	NO	Q05586
169	D	169	119.548	76.82	165.677	NA	0.771739130434783	2	0	0	0.06987103353542792	0.9792821693878742	Inf	NO	Q05586
170	D	170	119.085	78.162	169.179	NA	0.772363636363636	2	0	0	0.12075454755083236	0.90338393878371	Inf	NO	Q05586
171	H	171	118.387	81.583	170.667	NA	0.735584415584416	0	0	0	0.11883312851983052	0.8050532463370887	Inf	NO	Q05586
172	E	172	121.796	80.988	172.214	NA	0.645454545454546	0	0	0	0.06987103353542792	0.7993099625366286	Inf	NO	Q05586
173	G	173	122.993	79.92	168.779	NA	0.645985401459854	0	0	0	0.12075454755083236	0.9026702192224899	Inf	NO	Q05586
174	R	174	121.492	82.871	166.926	NA	0.591075591075591	2	0	0	0.12075454755083236	1.0495082562189513	Inf	NO	Q05586
175	A	175	122.734	85.341	169.553	NA	0.599864819195674	1	0	0	0.20187117681874694	0.9791815484766638	Inf	NO	Q05586
176	A	176	126.214	83.851	169.172	NA	0.602655771195097	0	0	0	0.20179963483959984	0.9640268332895797	Inf	NO	Q05586
177	Q	177	125.719	84.208	165.399	NA	0.548327137546468	0	0	0	0.11883312851983052	1.18777569468413	Inf	NO	Q05586
178	K	178	124.942	87.892	165.963	NA	0.593760483059376	0	0	0	0.3388155325388546	1.2145331349517536	Inf	NO	Q05586
179	R	179	128.101	88.404	168.042	NA	0.597115062059712	0	0	0	0.5745110728525077	1.21319462310419	Inf	NO	Q05586
180	L	180	130.177	86.495	165.466	NA	0.601554579249747	0	0	0	0.5934464439559303	1.2855777292902921	Inf	NO	Q05586
181	E	181	128.81	88.456	162.496	NA	0.667910447761194	0	0	0	0.5745110728525077	1.2067262766546858	Inf	NO	Q05586
182	T	182	129.291	91.801	164.25	NA	0.668539325842697	0	0	0	1	1.1350695901084609	Inf	NO	Q05586
183	L	183	132.882	90.998	165.222	NA	0.764044943820225	0	0	0	1	1.304252266273409	Inf	NO	Q05586
184	L	184	133.531	89.735	161.681	NA	0.766917293233083	0	0	0	0.5934464439559303	1.3060797613575026	Inf	NO	Q05586
185	E	185	132.121	92.796	159.924	NA	0.673584905660377	0	0	0	1	1.138853698058111	Inf	NO	Q05586
186	E	186	133.937	95.17	162.278	NA	0.596491228070175	0	0	0	0.9999999999999999	1.1836328968317402	Inf	NO	Q05586
187	R	187	137.262	93.786	161.019	NA	0.671052631578947	0	0	0	0.5745110728525077	1.2852902813536506	Inf	NO	Q05586
188	E	188	135.743	93.035	157.567	NA	0.59874213836478	0	0	0	0.9999999999999999	1.0067256878226802	Inf	NO	Q05586
189	S	189	136.729	89.366	157.888	NA	0.671052631578947	0	0	0	0.5745110728525077	1.1731122364766702	Inf	NO	Q05586
190	K	190	134.286	87.176	155.989	NA	0.671698113207547	0	0	0	1	1.0370106694437164	Inf	NO	Q05586
191	A	191	133.085	83.696	156.906	NA	0.738333909436571	0	0	0.8064048215742883	1	0.9927475205502805	Inf	NO	Q05586
192	E	192	132.233	81.173	154.205	NA	0.677480916030534	0	0	0.45226090039672023	0.68313407054124	0.6481551671055304	Inf	NO	Q05586
193	K	193	129.412	79	155.548	NA	0.677480916030534	0	0	0.45226090039672023	0.68313407054124	0.9546575229916908	Inf	NO	Q05586
194	V	194	127.101	78.963	158.528	NA	0.732390215148836	0	0	0	0.20179963483959984	1.0277209951381918	Inf	NO	Q05586
195	L	195	125.385	75.59	158.428	NA	0.71787072243346	0	0	0	0.04347431178874582	0.9978871886031195	Inf	NO	Q05586
196	Q	196	122.459	75.222	160.753	NA	0.673003802281369	1	0	0.21540709868741034	0.2007648420655826	0.9458619414716778	Inf	NO	Q05586
197	F	197	121.145	72.413	162.883	NA	0.67557251908397	0	0	0.21540709868741034	0.2007648420655826	0.769305700603152	Inf	NO	Q05586
198	D	198	118.785	71.502	165.575	NA	0.68007662835249	2	0	0.28007091391078487	0.30045782136058935	0.7510988364879875	Inf	NO	Q05586
199	P	199	119.9	69.797	168.777	NA	0.681992337164751	0	0	0.28007091391078487	0.30045782136058935	0.3902390859667424	Inf	NO	Q05586
200	G	200	119.412	66.256	167.54	NA	0.679389312977099	0	0	0.3470713464657141	0.45703747449412113	0.30907658002739197	Inf	NO	Q05586
201	T	201	120.856	66.255	164.013	NA	0.67680608365019	1	0	0.2549306471868648	0.30725445098927734	0.45364594939587966	Inf	NO	Q05586
202	K	202	122.081	62.817	162.956	NA	0.60559796437659	0	0	0.3470713464657141	0.45703747449412113	0.10445134812818659	Inf	NO	Q05586
203	N	203	121.707	63.035	159.168	NA	0.573724387304138	0	0	0.31022821820848606	0.46378253803615227	0.34077632128224955	Inf	NO	Q05586
204	V	204	124.441	65.677	159.138	NA	0.641509433962264	1	0	0.23365142246692627	0.1945373827844216	0.24290132729109803	Inf	NO	Q05586
205	T	205	125.977	63.786	156.182	NA	0.634920634920635	1	0	0	0.12075454755083236	-0.17566887974028372	Inf	NO	Q05586
206	A	206	124.319	65.955	153.525	NA	0.634328358208955	1	0	0	0.06987103353542792	0.5148975135194973	Inf	NO	Q05586
207	L	207	125.586	69.078	155.279	NA	0.6337404850416	0	0	0	0.06987103353542792	0.7627474468906787	Inf	NO	Q05586
208	L	208	128.898	67.222	155.669	NA	0.6337404850416	0	0	0.23365142246692627	0.1945373827844216	0.08799335691876804	Inf	NO	Q05586
209	M	209	129.13	66.708	151.903	NA	0.637882018479033	1	0	0	0.20179963483959984	0.08345803146589847	Inf	NO	Q05586
210	E	210	128.402	70.41	151.604	NA	0.637882018479033	1	0	0	0.20179963483959984	0.6059041198528037	Inf	NO	Q05586
211	A	211	131.263	70.921	154.068	NA	0.642054574638844	1	0	0.2549306471868648	0.30725445098927734	0.3334810750892893	Inf	NO	Q05586
212	K	212	133.577	68.904	151.804	NA	0.635127143701952	0	0	0.39310179319194966	0.6884595483472695	-0.08627979792765898	Inf	NO	Q05586
213	E	213	133.316	71.675	149.204	NA	0.639295607439652	0	0	1.0828899521695121	1	0.4272327587120272	Inf	NO	Q05586
214	L	214	135.512	74.397	150.733	NA	0.559378468368479	0	0	0.39310179319194966	0.6884595483472695	0.3150139262308712	Inf	NO	Q05586
215	E	215	139.053	75.691	150.9	NA	0.559378468368479	0	0	0.39310179319194966	0.6884595483472695	0.4004302293072907	Inf	NO	Q05586
216	A	216	138.357	76.077	154.617	NA	0.526315789473684	0	0	0.39310179319194966	0.6884595483472695	0.23226074246807016	Inf	NO	Q05586
217	R	217	138.742	73.2	157.028	NA	0.496268656716418	1	1	0.45226090039672023	0.68313407054124	-0.02039181668907465	Inf	NO	Q05586
218	V	218	138.245	75.479	160.046	NA	0.50188679245283	0	0	0.31022821820848606	0.46378253803615227	0.17510436707099555	Inf	NO	Q05586
219	I	219	135.38	73.902	161.97	NA	0.476792452830189	1	0	0.3470713464657141	0.45703747449412113	-0.09382926198248391	Inf	NO	Q05586
220	I	220	133.636	76.02	164.6	NA	0.384861407249467	0	0	0.45226090039672023	0.68313407054124	0.41331658316766207	Inf	NO	Q05586
221	L	221	131.079	74.062	166.597	NA	0.354477611940299	0	0	0.28007091391078487	0.30045782136058935	0.007592038812276328	Inf	NO	Q05586
222	S	222	128.018	75.07	168.626	NA	0.299336650082919	0	0	0.17353461135013584	0.07840068921511165	0.23207684496893927	Inf	NO	Q05586
223	A	223	125.504	72.313	169.454	NA	0.31901299845781	0	0	0.19959155919375185	0.12426190757549929	0.052510870429866525	Inf	NO	Q05586
224	S	224	124.814	69.744	172.167	NA	0.32142064372919	0	0	0.23365142246692627	0.1945373827844216	-0.18904181060565142	Inf	NO	Q05586
225	E	225	126.935	66.755	173.2	NA	0.254716981132076	1	0	0.45226090039672023	0.68313407054124	-0.7637478022076907	Inf	NO	Q05586
226	D	226	125.462	63.906	171.172	NA	0.194070080862534	0	0	0.39310179319194966	0.6884595483472695	-0.5292470273392855	Inf	NO	Q05586
227	D	227	125.215	66.19	168.138	NA	0.207056101792944	0	1	0.2549306471868648	0.30725445098927734	-0.26666623622991625	Inf	NO	Q05586
228	A	228	128.973	66.67	168.413	NA	0.207056101792944	0	0	0.23365142246692627	0.1945373827844216	-0.5784634979097861	Inf	NO	Q05586
229	A	229	129.727	62.983	169.072	NA	0.206280610774993	0	0	0.31022821820848606	0.46378253803615227	-0.7933476915324026	Inf	NO	Q05586
230	T	230	127.746	61.768	166.043	NA	0.208624708624709	0	0	0.3470713464657141	0.45703747449412113	-0.5811062313658537	Inf	NO	Q05586
231	V	231	129.409	64.474	163.935	NA	0.208624708624709	1	0	0.2549306471868648	0.30725445098927734	-0.5029621334701693	Inf	NO	Q05586
232	Y	232	132.856	63.338	165.135	NA	0.208624708624709	0	0	0.31022821820848606	0.46378253803615227	-1.0307488606659359	Inf	NO	Q05586
233	R	233	131.686	59.971	163.788	NA	0.246556473829201	0	0	0.45226090039672023	0.68313407054124	-0.9337853680837094	Inf	NO	Q05586
234	A	234	130.164	60.972	160.456	NA	0.271969696969697	1	0	0.3470713464657141	0.45703747449412113	-0.5445314180695051	Inf	NO	Q05586
235	A	235	132.896	63.443	159.496	NA	0	1	0	0.5716628809687445	0.7365412897739991	-0.6046217364828042	Inf	NO	Q05586
236	A	236	135.606	61.101	160.547	NA	0	0	0	0	0.5745110728525077	-1.0902586114340014	Inf	NO	Q05586
237	M	237	133.3	58.842	158.52	NA	0	0	0	0	0.3388155325388546	-1.0065303401853813	Inf	NO	Q05586
238	L	238	133.564	61.194	155.577	NA	0	0	0	0	0.11883312851983052	-0.6135641914403503	Inf	NO	Q05586
239	N	239	137.34	61.079	156.361	NA	0	0	0	0	0.20187117681874694	-0.9558799399025371	Inf	NO	Q05586
240	M	240	137.02	64.785	156.954	NA	0	0	0	0.31022821820848606	0.46378253803615227	-0.6887459432755241	Inf	NO	Q05586
241	T	241	139.417	65.148	159.89	NA	0	0	0	0.39310179319194966	0.6884595483472695	-0.9273378574645426	Inf	NO	Q05586
242	G	242	142.862	65.503	158.391	NA	0	0	0	0.45226090039672023	0.68313407054124	-0.891188723257372	Inf	NO	Q05586
243	S	243	145.397	68.085	159.383	NA	0	1	0	0.5310587160381973	0.9999999999999999	-0.6234109406289535	Inf	NO	Q05586
244	G	244	143.557	71.221	158.78	NA	0	0	0	0.5310587160381973	0.9999999999999999	-0.28906768562981017	Inf	NO	Q05586
245	Y	245	140.208	69.965	160.097	NA	0	0	0	0.3470713464657141	0.45703747449412113	-0.5571980529133401	Inf	NO	Q05586
246	V	246	140.424	72.033	163.28	NA	0	0	0	0.31022821820848606	0.46378253803615227	-0.2657823883239946	Inf	NO	Q05586
247	W	247	137.548	71.616	165.724	NA	0	0	0	0.3470713464657141	0.45703747449412113	-0.4242704942613894	Inf	NO	Q05586
248	L	248	136.645	74.864	167.482	NA	0	0	0	0.45226090039672023	0.68313407054124	0.18150045140199558	Inf	NO	Q05586
249	V	249	134.422	73.685	170.257	NA	0	1	0	0	0.20179963483959984	-0.0029687359745924303	Inf	NO	Q05586
250	G	250	132.059	75.104	172.879	NA	0	0	0	0	0.12075454755083236	0.15441530295429048	Inf	NO	Q05586
251	E	251	132.342	73.679	176.362	NA	0	0	0	0	0.11883312851983052	-0.06005191188025147	Inf	NO	Q05586
252	R	252	128.979	71.872	176.375	NA	0	1	0	0.3470713464657141	0.45703747449412113	-0.6158232740277936	Inf	NO	Q05586
253	E	253	130.546	69.648	173.722	NA	0.274045801526718	0	0	0.39310179319194966	0.6884595483472695	-0.8638263787213049	Inf	NO	Q05586
254	I	254	133.494	69.206	176.117	NA	0.228371501272265	0	0	0.3470713464657141	0.45703747449412113	-0.32225302565665087	Inf	NO	Q05586
255	S	255	131.141	67.112	178.245	NA	0.226869455006337	0	0	0.45226090039672023	0.68313407054124	-0.9615661035590464	Inf	NO	Q05586
256	G	256	129.446	63.73	177.966	NA	0.225157232704403	0	0	0.641322153438837	1	-1.0030889997300392	Inf	NO	Q05586
257	N	257	129.91	61.584	174.878	NA	0.223684210526316	1	0	0.641322153438837	1	-1.0248864349358404	Inf	NO	Q05586
258	A	258	131.072	64.536	172.796	NA	0.2264631043257	1	0	0.39310179319194966	0.6884595483472695	-0.8524640313076043	Inf	NO	Q05586
259	L	259	134.251	63.912	174.777	NA	0.193373166757197	0	0	0.39310179319194966	0.6884595483472695	-0.38818821973750395	Inf	NO	Q05586
260	R	260	134.173	60.211	174.007	NA	0.193373166757197	0	0	0	0.5934464439559303	-0.45011110075027216	Inf	NO	Q05586
261	Y	261	134.041	60.2	170.193	NA	0.194854953475643	0	0	0.45226090039672023	0.68313407054124	-0.7331535160196777	Inf	NO	Q05586
262	A	262	136.116	63.288	169.397	NA	0.193373166757197	0	0	0.31022821820848606	0.46378253803615227	-0.4888192440077096	Inf	NO	Q05586
263	P	263	139.607	62.921	167.919	NA	0.191913746630728	0	0	0	0.20179963483959984	-0.4306907272281704	Inf	NO	Q05586
264	D	264	142.743	64.318	169.477	NA	0.191913746630728	0	0	0	0.3388155325388546	0.006419893263675274	Inf	NO	Q05586
265	G	265	144.46	67.676	169.114	NA	0.335849056603774	0	0	0	0.11883312851983052	0.23079233544840452	Inf	NO	Q05586
266	I	266	141.128	69.503	169.311	NA	0.337735849056604	0	0	0	0.06987103353542792	-0.008197733363320097	Inf	NO	Q05586
267	L	267	141.217	73.111	170.475	NA	0.337735849056604	1	0	0	0.11883312851983052	0.35595093762489843	Inf	NO	Q05586
268	G	268	138.718	73.447	173.31	NA	0.340909090909091	1	0	0	0.04347431178874582	0.3774540601458193	Inf	NO	Q05586
269	L	269	138.041	76.105	175.912	NA	0.452830188679245	0	0	0	0.07242358759632254	0.6995610180498537	Inf	NO	Q05586
270	Q	270	138.076	76.285	179.703	NA	0.404887218045113	0	0	0.21540709868741034	0.2007648420655826	0.8132485041200428	Inf	NO	Q05586
271	L	271	136.915	79.234	181.77	NA	0.404887218045113	0	0	0.2549306471868648	0.30725445098927734	1.056430096335869	Inf	NO	Q05586
272	I	272	139.291	79.548	184.718	NA	0.543396226415094	0	0	0.3470713464657141	0.45703747449412113	1.270991006554903	Inf	NO	Q05586
273	N	273	137.425	79.366	188.066	NA	0.561797752808989	0	0	0.5310587160381973	0.9999999999999999	1.05516664152089	Inf	NO	Q05586
274	G	274	134.237	77.995	186.559	NA	0.561797752808989	0	0	0.31022821820848606	0.46378253803615227	0.8721778260895728	Inf	NO	Q05586
275	K	275	133.544	75.242	189.076	NA	0.624638519375362	0	0	0	0.5934464439559303	0.6578231402046715	Inf	NO	Q05586
276	N	276	135.112	76.272	192.404	NA	0.676029962546816	0	0	0	1	0.8295638777327627	Inf	NO	Q05586
277	E	277	131.983	78.031	193.567	NA	0.671641791044776	0	0	0	0.3388155325388546	0.7909701803561164	Inf	NO	Q05586
278	S	278	133.367	78.929	197.01	NA	0.672284644194757	0	0	0	0.20187117681874694	0.9366798018439154	Inf	NO	Q05586
279	A	279	135.537	81.549	195.303	NA	0.728629579375848	0	0	0	0.5934464439559303	0.9570835847746512	Inf	NO	Q05586
280	H	280	132.336	82.671	193.574	NA	0.720563569272056	1	0	0	0.11883312851983052	0.8387857737022358	Inf	NO	Q05586
281	I	281	130.695	82.943	197.024	NA	0.607466063348416	0	0	0	0.06987103353542792	0.8392621890835507	Inf	NO	Q05586
282	S	282	133.515	85.136	198.363	NA	0.610859728506787	1	0	0	0.04101469455043573	0.9907833563440015	Inf	NO	Q05586
283	D	283	133.625	87.332	195.247	NA	0.606400898371701	0	0	0	0.07242358759632254	1.0273686102448725	Inf	NO	Q05586
284	A	284	129.84	87.647	194.978	NA	0.547445255474453	1	0	0.23365142246692627	0.1945373827844216	0.8782051435772558	Inf	NO	Q05586
285	V	285	129.371	88.569	198.639	NA	0.601604278074866	0	0	0	0.07242358759632254	0.9032174815629355	Inf	NO	Q05586
286	G	286	132.091	91.229	198.381	NA	0.664206642066421	0	0	0	0.04101469455043573	0.9491516564332788	Inf	NO	Q05586
287	V	287	130.53	92.605	195.172	NA	0.666666666666667	1	0	0	0.014391211660909136	0.8644625306637391	Inf	NO	Q05586
288	V	288	126.937	92.644	196.463	NA	0.662361623616236	1	0	0.23365142246692627	0.1945373827844216	0.7061946722988238	Inf	NO	Q05586
289	A	289	127.985	94.04	199.864	NA	0.713312517740562	0	0	0	0.07242358759632254	0.8065224073842426	Inf	NO	Q05586
290	Q	290	129.812	97.019	198.419	NA	0.769914215686275	1	0	0	0.11883312851983052	0.7598393547226938	Inf	NO	Q05586
291	A	291	126.986	97.384	195.878	NA	0.710059171597633	0	0	0	0.20179963483959984	0.5301041919421727	Inf	NO	Q05586
292	V	292	124.552	97.702	198.807	NA	0.659340659340659	0	0	0	0.20179963483959984	0.6141726340340347	Inf	NO	Q05586
293	H	293	126.886	100.249	200.39	NA	0.656934306569343	0	0	0	0.20187117681874694	0.7557180592293969	Inf	NO	Q05586
294	E	294	126.73	102.079	197.07	NA	0.659340659340659	0	0	0	0.5934464439559303	0.49360544656322647	Inf	NO	Q05586
295	L	295	122.905	101.826	197.185	NA	0.609732360097324	0	0	0	0.5745110728525077	0.35075699609738964	Inf	NO	Q05586
296	L	296	122.757	103.322	200.686	NA	0.559958289885297	0	0	0	1	0.5806566592426757	Inf	NO	Q05586
297	E	297	124.721	106.375	199.519	NA	0.564075630252101	0	0	0	1	0.6379488339865553	Inf	NO	Q05586
298	K	298	121.977	107.219	197.002	NA	0.529889298892989	0	0	0	0.9999999999999999	0.33832101636733514	Inf	NO	Q05586
299	E	299	118.654	108.931	197.703	NA	0.529411764705882	0	0	0	0.9999999999999999	0.27731015018455396	Inf	NO	Q05586
300	N	300	114.975	107.892	197.611	NA	0.472689075630252	0	0	0	0.9999999999999999	0.11422602912783444	Inf	NO	Q05586
301	I	301	115.728	104.316	198.654	NA	0.472689075630252	1	0	0	1	0.1438218972840027	Inf	NO	Q05586
302	T	302	112.328	102.717	198.123	NA	0.471376050420168	0	0	0	1	-0.039795124555005876	Inf	NO	Q05586
303	D	303	111.135	100.186	200.617	NA	0.441975308641975	0	0	0	0.5745110728525077	-0.02513082336400519	Inf	NO	Q05586
304	P	304	111.256	96.555	199.549	NA	0.333955223880597	1	0	0	0.20187117681874694	0.008394650246761228	Inf	NO	Q05586
305	P	305	107.769	95.037	199.536	NA	0.309420916162489	0	0	0	1	-0.0789278014708437	Inf	NO	Q05586
306	R	306	107.042	92.375	202.124	NA	0.203988603988604	0	0	0	0.5934464439559303	-0.020662706925309016	Inf	NO	Q05586
307	G	307	103.934	90.878	200.595	NA	0.203988603988604	1	0	0	0.5745110728525077	-0.11013972581008606	Inf	NO	Q05586
308	C	308	103.459	89.405	197.206	NA	0.203988603988604	0	0	0.641322153438837	1	0.03584313964915011	Inf	NO	Q05586
309	V	309	99.87	90.563	197.929	NA	0.202668180527959	0	0	0	1	-0.3940827216680647	Inf	NO	Q05586
310	G	310	98.626	94.124	197.396	NA	0.187137585661571	0	0	0	0.9999999999999999	-0.8518028010962122	Inf	NO	Q05586
311	N	311	102.016	95.429	196.219	NA	0.263703703703704	0	0	0	1	-0.3451092141236792	Inf	NO	Q05586
312	T	312	100.845	96.452	192.754	NA	0.302036199095023	0	0	0	0.9999999999999999	-0.608998257112456	Inf	NO	Q05586
313	N	313	103.958	98.488	191.91	NA	0.302036199095023	0	0	0	0.5745110728525077	-0.41219176414395886	Inf	NO	Q05586
314	I	314	107.358	97.719	190.386	NA	0.304273504273504	0	0	0	1	-0.21815980151200937	Inf	NO	Q05586
315	W	315	110.549	98.903	192.117	NA	0.306262510723477	0	0	0	0.5934464439559303	-0.10920964218819733	Inf	NO	Q05586
316	K	316	111.641	102.478	191.446	NA	0.414730483271376	0	0	0	0.5745110728525077	-0.23710066405916108	Inf	NO	Q05586
317	T	317	115.288	101.882	192.379	NA	0.353903345724907	0	0	0	0.5934464439559303	-0.09680112771387392	Inf	NO	Q05586
318	G	318	115.31	98.871	190.022	NA	0.356218905472637	0	0	0.641322153438837	1	0.012596186281301552	Inf	NO	Q05586
319	P	319	117.159	100.928	187.411	NA	0.356218905472637	0	0	0	0.5934464439559303	-0.10803093219574998	Inf	NO	Q05586
320	L	320	119.125	102.414	190.317	NA	0.266914498141264	0	0	0	0.5934464439559303	0.12010625997354801	Inf	NO	Q05586
321	F	321	120.079	98.837	191.274	NA	0.266914498141264	0	0	0.5310587160381973	0.9999999999999999	0.19806624884322868	Inf	NO	Q05586
322	K	322	121.172	98.479	187.648	NA	0.29574555968608	0	0	0.641322153438837	1	0.3009708688771665	Inf	NO	Q05586
323	R	323	123.181	101.717	187.749	NA	0.366953669536695	0	0	0	1	0.310388973815602	Inf	NO	Q05586
324	V	324	124.898	100.509	190.918	NA	0.3696819496076	0	0	0	0.3388155325388546	0.4809370622497596	Inf	NO	Q05586
325	L	325	125.713	97.07	189.505	NA	0.366953669536695	0	0	0.2549306471868648	0.30725445098927734	0.743209492150479	Inf	NO	Q05586
326	M	326	126.88	98.216	186.058	NA	0.441975308641975	1	0	0	0.12075454755083236	0.8926415382500006	Inf	NO	Q05586
327	S	327	129.062	101.055	187.369	NA	0.4375	0	0	0	0.3388155325388546	0.7271511721566793	Inf	NO	Q05586
328	S	328	130.668	99.242	190.304	NA	0.480023050326546	0	0	0	0.12075454755083236	0.8796185080604793	Inf	NO	Q05586
329	K	329	134.196	97.902	189.857	NA	0.552149604781184	0	0	0	0.12075454755083236	1.102805730419787	Inf	NO	Q05586
330	Y	330	135.758	95.082	191.87	NA	0.548133971291866	0	0	0	0.11883312851983052	1.1375594406947382	Inf	NO	Q05586
331	A	331	139.399	94.526	190.972	NA	0.582545454545454	1	0	0.5310587160381973	0.9999999999999999	1.4001001873827996	Inf	NO	Q05586
332	D	332	139.944	92.484	194.145	NA	0.613205741626794	0	0	0	0.20187117681874694	1.1717184659211703	Inf	NO	Q05586
333	G	333	138.127	89.31	193.246	NA	0.580434782608696	0	0	0.3470713464657141	0.45703747449412113	1.2302760894008122	Inf	NO	Q05586
334	V	334	139.467	85.79	193.614	NA	0.642599277978339	0	0	0.3470713464657141	0.45703747449412113	1.130898931776034	Inf	NO	Q05586
335	T	335	138.8	85.076	189.922	NA	0.731757451181912	0	0	0.28007091391078487	0.30045782136058935	1.2311289112610035	Inf	NO	Q05586
336	G	336	140.587	88.289	188.901	NA	0.802967563837129	0	0	0.3470713464657141	0.45703747449412113	1.3677963847358734	Inf	NO	Q05586
337	R	337	138.969	91.663	188.311	NA	0.843115942028986	1	0	0.3470713464657141	0.45703747449412113	1.3862754753093645	Inf	NO	Q05586
338	V	338	135.224	91.34	188.876	NA	0.858513189448441	1	0	0.17353461135013584	0.07840068921511165	1.24935064302676	Inf	NO	Q05586
339	E	339	134.24	94.013	186.353	NA	0.858513189448441	0	0	0.23365142246692627	0.1945373827844216	1.2957074201977714	Inf	NO	Q05586
340	F	340	131.43	93.491	183.915	NA	0.853046594982079	0	0	0.2549306471868648	0.30725445098927734	1.2859522960568812	Inf	NO	Q05586
341	N	341	130.546	93.829	180.24	NA	0.898920863309353	1	0	0.31022821820848606	0.46378253803615227	1.409775592956763	Inf	NO	Q05586
342	E	342	127.584	95.728	178.952	NA	0.885011441647597	0	0	0	0.20187117681874694	1.1706738804432817	Inf	NO	Q05586
343	D	343	125.817	92.379	179.502	NA	0.885011441647597	0	0	0	0.20187117681874694	1.072758605909594	Inf	NO	Q05586
344	G	344	126.563	92.116	183.178	NA	0.907971014492754	1	0	0.3470713464657141	0.45703747449412113	0.835549350110683	Inf	NO	Q05586
345	D	345	129.092	89.388	182.351	NA	0.907971014492754	0	0	0.2549306471868648	0.30725445098927734	1.171449001534455	Inf	NO	Q05586
346	R	346	132.619	89.738	183.705	NA	0.901438848920863	1	0	0.19959155919375185	0.12426190757549929	1.221360341940563	Inf	NO	Q05586
347	K	347	135.349	91.392	181.656	NA	0.91379679144385	0	0	0.1857500292035121	0.07962698103414222	1.559341720045979	Inf	NO	Q05586
348	F	348	138.838	89.851	181.523	NA	0.907198980675303	0	0	0.2549306471868648	0.30725445098927734	1.4629899657526664	Inf	NO	Q05586
349	A	349	138.001	86.597	183.244	NA	0.928198957079824	1	1	0.2549306471868648	0.30725445098927734	1.3849370726865178	Inf	NO	Q05586
350	N	350	140.918	84.279	182.628	NA	0.905434782608696	1	0	0.2549306471868648	0.30725445098927734	1.2966866106983803	Inf	NO	Q05586
351	Y	351	140.668	81.966	179.618	NA	0.968525179856115	2	0	0.19959155919375185	0.12426190757549929	1.324268362908553	Inf	NO	Q05586
352	S	352	142.519	78.778	178.743	NA	0.968525179856115	0	0	0.23365142246692627	0.1945373827844216	1.1443297421154546	Inf	NO	Q05586
353	I	353	142.641	76.759	175.527	NA	1.13402527075812	1	0	0	0.04101469455043573	0.8304546735495311	Inf	NO	Q05586
354	M	354	143.12	73.021	175.813	NA	1.05302346570397	0	0	0	0.07242358759632254	0.6783627333021862	Inf	NO	Q05586
355	N	355	143.919	70.083	173.536	NA	1.05966687750369	0	0	0	0.20179963483959984	0.5917848742912822	Inf	NO	Q05586
356	L	356	142.706	66.508	173.905	NA	0.993673388691182	0	0	0	0.20179963483959984	0.5275156171262776	Inf	NO	Q05586
357	Q	357	145.901	64.571	173.246	NA	0.973508552357113	0	0	0	0.5934464439559303	0.8631937344136703	Inf	NO	Q05586
358	N	358	145.259	60.854	173.629	NA	0.913623871221044	0	0	0	1	0.6680726169666075	Inf	NO	Q05586
359	R	359	141.936	62.352	174.789	NA	0.910406885758998	1	0	0	0.5934464439559303	0.5341948496214717	Inf	NO	Q05586
360	K	360	143.795	64.231	177.528	NA	0.892294946147473	0	0	0	0.5745110728525077	0.7645934259268723	Inf	NO	Q05586
361	L	361	143.419	68.009	177.595	NA	0.890459363957597	0	0	0	0.20187117681874694	1.0010046306348093	Inf	NO	Q05586
362	V	362	146.716	69.852	177.127	NA	0.822064056939502	1	0	0	0.11883312851983052	1.2249732151104695	Inf	NO	Q05586
363	Q	363	147.213	73.502	178.1	NA	0.781349206349207	0	0	0	0.12075454755083236	1.2153582295124121	Inf	NO	Q05586
364	V	364	148.145	75.899	175.3	NA	0.833935018050542	1	0	0	0.12075454755083236	1.1713471950340066	Inf	NO	Q05586
365	G	365	146.139	79.122	175.363	NA	0.720323741007194	1	0	0	0.04101469455043573	1.1769115862234723	Inf	NO	Q05586
366	I	366	146.016	81.578	178.26	NA	0.68792270531401	1	0	0.23365142246692627	0.1945373827844216	1.2102237269253884	Inf	NO	Q05586
367	Y	367	144.192	84.916	178.249	NA	0.595923261390887	0	0	0.28007091391078487	0.30045782136058935	1.305328034574534	Inf	NO	Q05586
368	N	368	143.685	87.576	180.864	NA	0.558678057553957	0	0	0.3470713464657141	0.45703747449412113	1.3583717811689147	Inf	NO	Q05586
369	G	369	140.768	88.441	178.718	NA	0.529624893435635	0	0	0.21540709868741034	0.2007648420655826	1.5030781121063859	Inf	NO	Q05586
370	T	370	142.648	89.258	175.528	NA	0.531987977672821	1	0	0.28007091391078487	0.30045782136058935	1.4977743626048952	Inf	NO	Q05586
371	H	371	146.38	88.797	176.085	NA	0.535899653979239	0	0	0.28007091391078487	0.30045782136058935	1.3417254172537392	Inf	NO	Q05586
372	V	372	147.678	85.879	174.036	NA	0.535899653979239	0	0	0	0.04347431178874582	1.3918858805318033	Inf	NO	Q05586
373	I	373	149.815	83.449	176.012	NA	0.536357716518342	0	0	0	0.12075454755083236	1.2880002379608744	Inf	NO	Q05586
374	P	374	150.52	80.243	174.08	NA	0.532428355957768	1	0	0	0.12075454755083236	1.4111671234469476	Inf	NO	Q05586
375	N	375	152.002	77.616	176.34	NA	0.581069958847737	0	0	0	0.3388155325388546	1.4210820937764361	Inf	NO	Q05586
376	D	376	155.193	75.794	175.435	NA	0.585406301824212	0	0	0	0.5934464439559303	0.9997359476453653	Inf	NO	Q05586
377	R	377	153.149	72.629	174.981	NA	0.581577860388269	0	0	0	0.3388155325388546	1.3199550768020722	Inf	NO	Q05586
378	K	378	152.848	72.585	171.204	NA	0.556672580327223	0	0	0	0.3388155325388546	0.9827126524050913	Inf	NO	Q05586
379	I	379	149.697	72.475	169.114	NA	0.595488721804511	0	0	0	0.12075454755083236	0.6856096476326176	Inf	NO	Q05586
380	I	380	149.681	69.245	167.183	NA	0.527340823970038	0	0	0	0.5934464439559303	0.2815441279091475	Inf	NO	Q05586
381	W	381	146.97	70.302	164.756	NA	0.516081871345029	0	0	0.39310179319194966	0.6884595483472695	-0.15381388231434767	Inf	NO	Q05586
382	P	382	144.231	67.68	165.066	NA	0.466622604097819	0	0	0.45226090039672023	0.68313407054124	-0.2506266906503406	Inf	NO	Q05586
383	G	383	145.234	65.644	162.043	NA	0.439054726368159	0	0	0.8064048215742883	1	-0.6962069881758528	Inf	NO	Q05586
384	G	384	148.876	65.786	161.072	NA	0.438661710037175	1	0	0	1	-0.6401359263119494	Inf	NO	Q05586
385	E	385	151.756	67.906	162.294	NA	0.461437908496732	0	0	0	1	-0.3609636685459229	Inf	NO	Q05586
386	T	386	152.275	71.051	164.37	NA	0.40590405904059	0	0	0	1	-0.19993694356505706	Inf	NO	Q05586
387	E	387	152.306	73.124	161.17	NA	0.407407407407407	0	0	0	0.5934464439559303	-0.010151962257227963	Inf	NO	Q05586
388	K	388	149.685	75.861	161.004	NA	0.406709558823529	0	0	0.45226090039672023	0.68313407054124	0.1498052047074444	Inf	NO	Q05586
389	P	389	147.389	74.632	158.211	NA	0.437037037037037	0	0	0.5310587160381973	0.9999999999999999	-0.03770556253725014	Inf	NO	Q05586
390	R	390	145.694	76.455	155.336	NA	0.372486772486772	2	0	0.5310587160381973	0.9999999999999999	0.042591051176689196	Inf	NO	Q05586
391	G	391	141.983	76.799	154.702	NA	0.372486772486772	0	0	0.45226090039672023	0.68313407054124	0.24973085549559884	Inf	NO	Q05586
392	Y	392	143.004	78.244	151.358	NA	0.347955390334573	0	0	0.5310587160381973	0.9999999999999999	0.3116745025692083	Inf	NO	Q05586
393	Q	393	143.48	75.286	149.046	NA	0.347955390334573	0	0	1.3071660421256244	0.669051140343073	0.13709639652723224	Inf	NO	Q05586
394	M	394	142.465	76.181	145.495	NA	0.374200426439232	1	0	0.641322153438837	1	0.19584323688327515	Inf	NO	Q05586
395	S	395	140.949	73.717	143.036	NA	0.375601926163724	0	0	1.6287343263932155	0.5560115542808775	0.29402586031053873	Inf	NO	Q05586
396	T	396	141.653	75.576	139.74	NA	0.469502407704655	0	0	1.08104856413156	1	0.34033222529787915	Inf	NO	Q05586
397	R	397	138.129	74.555	138.712	NA	0.469502407704655	0	1	1.08104856413156	1	0.3559317191630733	Inf	NO	Q05586
398	L	398	136.008	77.576	137.896	NA	0.471267454350161	0	0	1.08104856413156	1	0.12262223621666243	Inf	NO	Q05586
399	K	399	132.222	77.276	137.746	NA	0.474393530997305	0	0	1.6287343263932155	0.5560115542808775	0.07344162765068225	Inf	NO	Q05586
400	I	400	131.196	79.496	134.845	NA	0.378436657681941	0	0	1.08104856413156	1	0.2407093816007101	Inf	NO	Q05586
401	V	401	127.689	80.168	133.599	NA	0.440251572327044	0	0	0	0.5745110728525077	-0.02597771180595328	Inf	NO	Q05586
402	T	402	127.534	81.921	130.234	NA	0.441509433962264	0	0	0	0.20187117681874694	0.34730403769320495	Inf	NO	Q05586
403	I	403	124.893	84.382	129.046	NA	0.43859649122807	0	0	0	0.5745110728525077	-0.11203373884994834	Inf	NO	Q05586
404	H	404	123.3	83.617	125.658	NA	0.460930640913082	0	0	0	0.5745110728525077	0.07411605024863245	Inf	NO	Q05586
405	Q	405	124.844	86.603	123.871	NA	0.460529193089875	0	0	0	1	-0.15575519111870162	Inf	NO	Q05586
406	E	406	126.279	86.541	120.379	NA	0.328358208955224	0	0	0	1	-0.23351444008348965	Inf	NO	Q05586
407	P	407	129.058	87.108	119.238	NA	0.325925925925926	0	0	2.2015287641598342	0.3371409412324947	-0.25993985266457104	Inf	NO	Q05586
408	F	408	130.342	86.857	122.798	NA	0.328066914498141	0	0	0	0.3388155325388546	0.1671984947265076	Inf	NO	Q05586
409	V	409	128.879	83.376	123.211	NA	0.462745098039216	0	0	0	0.20179963483959984	0.6701691956506126	Inf	NO	Q05586
410	Y	410	127.486	81.961	120.004	NA	0.409722222222222	0	0	0	0.5934464439559303	0.9005488509029466	Inf	NO	Q05586
411	V	411	125.273	79.206	121.377	NA	0.435049019607843	1	0	0	0.20187117681874694	1.0031701895369458	Inf	NO	Q05586
412	K	412	124.923	76.579	118.661	NA	0.432234432234432	0	0	0	0.20179963483959984	1.2087600521300366	Inf	NO	Q05586
413	P	413	124.229	72.848	119.06	NA	0.485857664233577	0	0	0	0.11883312851983052	1.539011062765509	Inf	NO	Q05586
414	T	414	126.914	70.192	119.126	NA	0.57051282051282	0	0	0	0.20187117681874694	1.4196760899967849	Inf	NO	Q05586
415	L	415	127.086	67.185	116.824	NA	0.618189711308878	0	0	0	0.5745110728525077	1.2721571192847927	Inf	NO	Q05586
416	S	416	125.121	63.983	117.299	NA	0.614186851211073	1	0	0	1	1.3102179064428399	Inf	NO	Q05586
417	D	417	128.151	62.899	119.349	NA	0.614186851211073	0	0	0	0.5745110728525077	1.3790055771970153	Inf	NO	Q05586
418	G	418	127.438	65.69	121.815	NA	0.692906574394464	0	0	0	0.3388155325388546	1.4845226038755828	Inf	NO	Q05586
419	T	419	130.704	67.22	120.601	NA	0.690368455074338	1	0	0	0.3388155325388546	1.4873868414312024	Inf	NO	Q05586
420	C	420	131.58	70.42	118.785	NA	0.651459854014599	0	0	0	0.20187117681874694	1.4601771812154725	Inf	NO	Q05586
421	K	421	132.523	70.379	115.126	NA	0.649090909090909	0	0	0	0.20179963483959984	1.453464041786991	Inf	NO	Q05586
422	E	422	135.707	71.224	113.252	NA	0.649090909090909	0	0	0	0.20187117681874694	1.481846659459538	Inf	NO	Q05586
423	E	423	135.038	74.688	111.845	NA	0.683826354206685	0	0	0	0.3388155325388546	1.560469091747134	Inf	NO	Q05586
424	F	424	137.159	77.721	111.049	NA	0.724460724460724	2	0	0	0.3388155325388546	1.3771209150165868	Inf	NO	Q05586
425	T	425	137.095	81.489	111.28	NA	0.760536026412896	0	0	0	0.20187117681874694	0.7191751778752404	Inf	NO	Q05586
426	V	426	137.083	83.855	108.32	NA	0.759868421052632	0	0	0.5310587160381973	0.9999999999999999	-0.008853238938133971	Inf	NO	Q05586
427	N	427	140.877	83.615	108.695	NA	0.695280637016897	0	0	0.641322153438837	1	0.2785464284604661	Inf	NO	Q05586
428	G	428	140.715	79.831	108.251	NA	0.695280637016897	1	0	0	0.5934464439559303	1.1833488348814856	Inf	NO	Q05586
429	D	429	141.583	79.36	111.906	NA	0.792619926199262	1	0	0	0.3388155325388546	1.105224739840185	Inf	NO	Q05586
430	P	430	139.922	76.569	113.925	NA	0.817782463538921	1	0	0	0.11883312851983052	1.4358294940382694	Inf	NO	Q05586
431	V	431	137.537	78.155	116.404	NA	0.908914352301418	0	0	0	0.11883312851983052	1.3834116415434283	Inf	NO	Q05586
432	K	432	138.055	77.761	120.132	NA	0.924113588961977	0	0	0	0.12075454755083236	1.4297749623869276	Inf	NO	Q05586
433	K	433	134.833	75.959	121.046	NA	0.885608856088561	1	0	0	0.07242358759632254	1.4509689576648213	Inf	NO	Q05586
434	V	434	133.232	75.086	124.375	NA	0.879901960784314	0	0	0	0.11883312851983052	1.2670181755372512	Inf	NO	Q05586
435	I	435	130.781	72.328	125.194	NA	0.912247173116738	1	0	0	0.20187117681874694	1.2006529913659258	Inf	NO	Q05586
436	C	436	128.207	74.093	127.369	NA	0.903840050777531	0	0	0	0.20179963483959984	1.038287754908913	Inf	NO	Q05586
437	T	437	125.607	72.367	129.504	NA	0.910485933503836	1	0	0	0.20179963483959984	1.1615585289969212	Inf	NO	Q05586
438	G	438	122.324	74.173	129.122	NA	0.942352941176471	0	0	0	0.20179963483959984	1.1407657678790788	Inf	NO	Q05586
439	P	439	118.561	73.892	128.713	NA	0.936263736263736	0	0	0	0.12075454755083236	1.3647054278536084	Inf	NO	Q05586
440	N	440	116.81	73.335	125.42	NA	0.901301174230403	1	0	0	0.11883312851983052	1.4034835414835756	Inf	NO	Q05586
441	D	441	113.551	75.131	126.221	NA	0.900553359683794	0	0	0	0.20187117681874694	1.4662368310184224	Inf	NO	Q05586
442	T	442	115.172	78.287	127.619	NA	0.909698996655518	0	0	0	0.20179963483959984	0.9205214143415876	Inf	NO	Q05586
443	S	443	111.926	79.763	128.956	NA	0.915601023017903	0	0	0	0.3388155325388546	0.8392662548245293	Inf	NO	Q05586
444	P	444	110.347	79.714	132.442	NA	0.899899732620321	1	0	0	0.3388155325388546	1.0140544349383942	Inf	NO	Q05586
445	G	445	107.793	76.977	132.958	NA	0.880688806888069	1	0	0	0.5934464439559303	1.6892691466471577	Inf	NO	Q05586
446	S	446	109.23	74.73	130.242	NA	0.904040404040404	1	0	0	0.3388155325388546	1.768499093130662	Inf	NO	Q05586
447	P	447	110.853	71.287	130.094	NA	0.904040404040404	1	0	0	0.20187117681874694	2.0594324080316464	Inf	NO	Q05586
448	R	448	114.494	72.292	130.405	NA	0.914198161389173	1	0	0	0.20179963483959984	1.6391515987447292	Inf	NO	Q05586
449	H	449	116.948	69.657	129.224	NA	0.893882646691635	0	0	0	0.20187117681874694	1.9426765174096658	Inf	NO	Q05586
450	T	450	120.641	70.115	129.99	NA	0.91078697421981	1	0	0	0.20187117681874694	1.5953466530245002	Inf	NO	Q05586
451	V	451	122.264	69.434	126.616	NA	0.904040404040404	0	0	0	0.11883312851983052	1.4253976143214084	Inf	NO	Q05586
452	P	452	125.891	69.959	125.57	NA	0.897393048128342	0	0	0	0.11883312851983052	1.4310825775099196	Inf	NO	Q05586
453	Q	453	125.807	72.898	123.164	NA	0.927306273062731	1	0	0	0.11883312851983052	1.279562188406116	Inf	NO	Q05586
454	C	454	128.709	74.476	121.318	NA	0.883950617283951	0	0	0	0.20179963483959984	1.2585838780862548	Inf	NO	Q05586
455	C	455	129.808	77.925	122.397	NA	0.878228782287823	0	0	0	0.11883312851983052	1.1126675036242737	Inf	NO	Q05586
456	Y	456	131.929	80.366	120.43	NA	0.881481481481482	0	0	0	0.12075454755083236	1.0537168667794503	Inf	NO	Q05586
457	G	457	133.468	83.759	121.024	NA	0.880688806888069	1	0	0.45226090039672023	0.68313407054124	0.6380811207584043	Inf	NO	Q05586
458	F	458	135.606	86.37	122.777	NA	0.92814814814814794	0	0	0.5310587160381973	0.9999999999999999	0.39892958526330724	Inf	NO	Q05586
459	C	459	135.54	85	126.291	NA	0.883950617283951	0	0	0	0.3388155325388546	0.6214016338898697	Inf	NO	Q05586
460	I	460	136.625	81.489	125.305	NA	0.837426900584795	0	0	0	0.20187117681874694	1.0676912810658994	Inf	NO	Q05586
461	D	461	139.77	82.975	123.763	NA	0.857952069716776	2	0	0	0.3388155325388546	0.8994612414950013	Inf	NO	Q05586
462	L	462	140.207	85.02	126.949	NA	0.864354697102722	0	0	0	0.20187117681874694	0.6936101051473871	Inf	NO	Q05586
463	L	463	139.776	82.023	129.265	NA	0.714612525021447	0	0	0	0.12075454755083236	1.0400098032752045	Inf	NO	Q05586
464	I	464	142.198	79.864	127.321	NA	0.767769607843137	0	0	0	0.3388155325388546	1.478432100108846	Inf	NO	Q05586
465	K	465	144.73	82.716	127.481	NA	0.767769607843137	1	0	0	0.3388155325388546	0.891026573614978	Inf	NO	Q05586
466	L	466	144.12	82.701	131.233	NA	0.717914438502674	0	0	0	0.3388155325388546	0.7213165270145151	Inf	NO	Q05586
467	A	467	144.432	78.908	131.299	NA	0.718550821871855	0	0	0.5310587160381973	0.9999999999999999	1.005415672149729	Inf	NO	Q05586
468	R	468	147.874	79.27	129.767	NA	0.713903743315508	0	0	0	0.3388155325388546	1.0707868738033	Inf	NO	Q05586
469	T	469	149.006	82.265	131.837	NA	0.583845838458385	0	0	0	0.5745110728525077	0.7955511710717529	Inf	NO	Q05586
470	M	470	147.146	81.366	135.025	NA	0.588186699710863	0	0	0.8064048215742883	1	0.5869551704035721	Inf	NO	Q05586
471	N	471	146.748	77.526	135.122	NA	0.583845838458385	1	0	0.641322153438837	1	0.595550919296446	Inf	NO	Q05586
472	F	472	143.039	77.168	135.848	NA	0.57956857956858	0	0	0.641322153438837	1	0.6054042897169869	Inf	NO	Q05586
473	T	473	140.313	74.899	134.513	NA	0.575353535353535	0	0	0.8064048215742883	1	0.6838434536218956	Inf	NO	Q05586
474	Y	474	136.861	76.162	133.723	NA	0.517391304347826	0	0	0.8064048215742883	1	0.778124310511497	Inf	NO	Q05586
475	E	475	133.42	74.669	134.322	NA	0.517391304347826	0	0	1.08104856413156	1	0.5713905349128051	Inf	NO	Q05586
476	V	476	131.179	76.266	131.727	NA	0.517391304347826	0	0	0.5310587160381973	0.9999999999999999	0.8549999779931572	Inf	NO	Q05586
477	H	477	127.371	76.355	131.788	NA	0.323104693140794	0	0	0	0.20187117681874694	0.559833777947696	Inf	NO	Q05586
478	L	478	124.474	78.092	130.069	NA	0.320143884892086	0	0	0	0.20179963483959984	0.6083784384988532	Inf	NO	Q05586
479	V	479	121.91	80.28	131.8	NA	0.320143884892086	0	0	0	0.20187117681874694	0.18536038532757798	Inf	NO	Q05586
480	A	480	118.517	78.724	132.425	NA	0.322202166064982	0	0	0	0.20179963483959984	0.49020568839098944	Inf	NO	Q05586
481	D	481	117.02	82.246	132.536	NA	0.182795698924731	0	0	0	0.3388155325388546	-0.028251856304322403	Inf	NO	Q05586
482	G	482	118.897	83.814	129.619	NA	0.2125	0	0	0	0.5745110728525077	-0.18603247608090062	Inf	NO	Q05586
483	K	483	119.081	86.948	131.785	NA	0.211743772241993	0	0	2.2015287641598342	0.3371409412324947	-0.5778680231762384	Inf	NO	Q05586
484	F	484	121.471	88.976	133.92	NA	0.210401891252955	0	0	3.3151270682711966	0.23689485892025824	-0.713095250585374	Inf	NO	Q05586
485	G	485	119.219	89.192	136.954	NA	0.254285714285714	0	0	6.642881955300894	0.13920607462619106	-1.077978350027345	Inf	NO	Q05586
486	T	486	118.363	92.132	139.187	NA	0.255913978494624	0	0	2.2015287641598342	0.3371409412324947	-1.0246155515394182	Inf	NO	Q05586
487	Q	487	117.05	92.822	142.658	NA	0	0	0	1.6430103146511408	0.627682532885957	-1.140396169973833	Inf	NO	Q05586
488	E	488	113.341	92.052	142.445	NA	0	0	0	0	1	-1.4751670534278523	Inf	NO	Q05586
489	R	489	110.738	91.184	145.06	NA	0	0	0	0	0.9999999999999999	-1.7432568940164153	Inf	NO	Q05586
490	V	490	109.705	87.632	145.909	NA	0	0	0	0	0.9999999999999999	-1.934610001911866	Inf	NO	Q05586
491	N	491	106.214	87.233	147.485	NA	0	0	0	0	0.9999999999999999	-2.0206509107283352	Inf	NO	Q05586
492	N	492	105.304	88.969	150.767	NA	0	0	0	0	0.9999999999999999	-2.0206509107283352	Inf	NO	Q05586
493	S	493	106.248	92.061	148.686	NA	0	0	0	0	0.9999999999999999	-2.0206509107283352	Inf	NO	Q05586
494	N	494	109.494	92.942	150.48	NA	0	0	0	0	0.9999999999999999	-2.0206509107283352	Inf	NO	Q05586
495	K	495	112.018	90.243	149.536	NA	0	1	0	0	0.9999999999999999	-2.0206509107283352	Inf	NO	Q05586
496	K	496	114.525	92.19	147.439	NA	0	0	0	0	0.9999999999999999	-1.8705583295607822	Inf	NO	Q05586
497	E	497	116.744	89.517	145.919	NA	0	0	0	0	1	-1.6568735043403262	Inf	NO	Q05586
498	W	498	119.282	89.448	143.129	NA	0	0	0	1.6430103146511408	0.627682532885957	-1.144960080485692	Inf	NO	Q05586
499	N	499	118.057	87.228	140.332	NA	0	0	0	1.6430103146511408	0.627682532885957	-1.3082070961978967	Inf	NO	Q05586
500	G	500	119.737	85.52	137.377	NA	0	0	0	2.2015287641598342	0.3371409412324947	-0.9798854748130127	Inf	NO	Q05586
501	M	501	123.523	85.548	137.163	NA	0	0	0	1.6430103146511408	0.627682532885957	-0.6957019095880729	Inf	NO	Q05586
502	M	502	123.719	87.679	140.312	NA	0	0	0	1.3071660421256244	0.669051140343073	-0.6616274555273851	Inf	NO	Q05586
503	G	503	121.511	85.112	142.029	NA	0	0	0	0	1	-0.9775508531262485	Inf	NO	Q05586
504	E	504	123.752	82.313	140.755	NA	0	0	0	0	1	-0.8052337003939868	Inf	NO	Q05586
505	L	505	126.985	83.747	142.152	NA	0	0	0	0	1	-0.6421981030098025	Inf	NO	Q05586
506	L	506	125.288	84.821	145.371	NA	0	0	0	0	1	-0.8428447649725692	Inf	NO	Q05586
507	S	507	123.915	81.291	145.922	NA	0.314487632508834	2	0	0	1	-0.9647048363472738	Inf	NO	Q05586
508	G	508	127.194	79.419	145.44	NA	0.314487632508834	0	0	0	0.5745110728525077	-0.33827661701014256	Inf	NO	Q05586
509	Q	509	125.947	77.708	142.275	NA	0.502816901408451	0	0	0	1	-0.5611562023506157	Inf	NO	Q05586
510	A	510	128.129	79.714	139.887	NA	0.501052631578947	0	0	1.08104856413156	1	-0.5218621740143304	Inf	NO	Q05586
511	D	511	131.627	80.752	140.918	NA	0.497902097902098	0	0	0.8064048215742883	1	-0.4171572744597644	Inf	NO	Q05586
512	M	512	132.563	82.902	137.897	NA	0.501408450704226	1	0	0.8064048215742883	1	-0.2210142424843973	Inf	NO	Q05586
513	I	513	130.746	85.15	135.486	NA	0.417840375586854	0	0	0	1	-0.2793035449614094	Inf	NO	Q05586
514	V	514	132.865	85.251	132.343	NA	0.418138987043581	0	0	0.45226090039672023	0.68313407054124	0.3293977225724742	Inf	NO	Q05586
515	A	515	130.561	87.497	130.298	NA	0.418742586002372	1	0	1.08104856413156	1	0.17011162149994194	Inf	NO	Q05586
516	P	516	130.518	91.132	129.076	NA	0.418742586002372	0	0	6.909266169365551	0.028488529902714034	0.19515274508662533	Inf	NO	Q05586
517	L	517	129.084	92.597	132.275	NA	0.421428571428571	0	0	4.588196832056093	0.05489699380340343	0.027066154065794122	Inf	NO	Q05586
518	T	518	128.637	96.353	132.394	NA	0.425659472422062	0	0	4.588196832056093	0.05489699380340343	0.0645278372299498	Inf	NO	Q05586
519	I	519	130.132	97.926	135.516	NA	0.429602888086643	0	0	4.588196832056093	0.05489699380340343	0.17451269235302294	Inf	NO	Q05586
520	N	520	127.275	98.52	137.934	NA	0.431159420289855	0	0	5.072663893125936	0.08652573545190365	-0.10371077350742125	Inf	NO	Q05586
521	N	521	127.718	100.322	141.243	NA	0.519272727272727	0	0	3.3151270682711966	0.23689485892025824	0.12235778873603444	Inf	NO	Q05586
522	E	522	125.078	98.23	143.034	NA	0.525	1	0	2.2015287641598342	0.3371409412324947	-0.1853785977334901	Inf	NO	Q05586
523	R	523	126.534	95.018	141.619	NA	0.527407407407408	0	0	3.3151270682711966	0.23689485892025824	-0.5423340917245681	Inf	NO	Q05586
524	A	524	130.005	96.157	142.736	NA	0.523985239852399	1	0	0	1	-0.04003660726747721	Inf	NO	Q05586
525	Q	525	128.468	96.526	146.209	NA	0.523985239852399	0	0	0	1	-0.13053260981591042	Inf	NO	Q05586
526	Y	526	128.087	92.728	146.2	NA	0.52014652014652	0	0	0	1	-0.5946055994120005	Inf	NO	Q05586
527	I	527	130.205	91.317	143.36	NA	0.52014652014652	0	0	0	0.5745110728525077	-0.42899789494774077	Inf	NO	Q05586
528	E	528	133.328	93.287	142.492	NA	0.525925925925926	0	0	0.641322153438837	1	-0.1039721395107021	Inf	NO	Q05586
529	F	529	134.626	93.519	138.929	NA	0.522058823529412	0	0	0.45226090039672023	0.68313407054124	0.010755510944897888	Inf	NO	Q05586
530	S	530	138.189	93.167	137.73	NA	0.525461254612546	0	0	0.641322153438837	1	-0.045508289297125165	Inf	NO	Q05586
531	K	531	139.675	95.698	135.33	NA	0.527407407407408	0	0	1.6287343263932155	0.5560115542808775	-0.0046193398760757355	Inf	NO	Q05586
532	P	532	137.149	96.046	132.492	NA	0.659259259259259	0	1	2.2015287641598342	0.3371409412324947	0.011051546722659	Inf	NO	Q05586
533	F	533	137.577	95.108	128.86	NA	0.667293233082707	0	0	3.368722689212941	0.14456294100109304	0.007306390316732016	Inf	NO	Q05586
534	K	534	135.621	97.608	126.808	NA	0.664794007490637	0	0	10.165820709525438	0.04151729033212393	-0.172363413334697	Inf	NO	Q05586
535	Y	535	134.77	101.193	127.732	NA	0.657407407407407	0	0	41.157025137136486	0.05471847739888979	-0.032054891465660845	Inf	NO	Q05586
536	Q	536	131.448	101.359	125.918	NA	0.653136531365314	0	1	41.157025137136486	0.05471847739888979	-0.09532437737513207	Inf	NO	Q05586
537	G	537	127.829	102.333	126.438	NA	0.653136531365314	0	0	41.157025137136486	0.01247467878523911	-0.3629589582912933	Inf	NO	Q05586
538	L	538	124.255	101.876	125.233	NA	0.645985401459854	0	0	41.157025137136486	0.01247467878523911	-0.579676185607663	Inf	NO	Q05586
539	T	539	123.435	102.575	121.573	NA	0.641818181818182	0	0	3.2638943728280645	0.417076394395982	-0.9585142517599904	Inf	NO	Q05586
540	I	540	120.143	102.687	119.685	NA	0	0	0	0	0.9999999999999999	-1.095126117877837	Inf	NO	Q05586
541	L	541	118.96	100.559	116.771	NA	0	0	0	1.08104856413156	1	-1.2597135823343024	Inf	NO	Q05586
542	V	542	117.051	102.814	114.368	NA	0	0	0	1.6287343263932155	0.5560115542808775	-1.3929830191302421	Inf	NO	Q05586
543	K	543	115.504	101.317	111.218	NA	0	0	0	1.6287343263932155	0.5560115542808775	-1.654006194126551	Inf	NO	Q05586
544	K	544	116.945	101.962	107.767	NA	NA	1	0	1.08104856413156	1	-1.6753472145628936	Inf	NO	Q05586
545	E	545	114.329	103.9	105.811	NA	NA	0	0	1.6430103146511408	0.627682532885957	-1.6929170968786564	Inf	NO	Q05586
546	I	546	113.566	102.845	102.252	NA	NA	0	0	3.368722689212941	0.14456294100109304	-1.6768309392231628	Inf	NO	Q05586
547	P	547	114.48	105.011	99.281	NA	NA	1	0	2.2015287641598342	0.3371409412324947	-1.8999600431577217	Inf	NO	Q05586
548	R	548	111.97	106.985	97.228	NA	NA	1	1	5.072663893125936	0.08652573545190365	-1.714827307943356	Inf	NO	Q05586
553	S	553	112.143	107.215	91.184	NA	NA	0	1	12.960543960638827	6.764872445312387e-4	-1.5752332447775328	Inf	NO	Q05586
554	F	554	108.628	108.081	90.006	NA	NA	0	0	12.960543960638827	6.764872445312387e-4	-1.5306914781824525	Inf	NO	Q05586
555	M	555	106.552	109.12	87.033	NA	NA	0	0	30.496301908385075	4.292105436792483e-5	-1.2379206555202353	Inf	NO	Q05586
556	Q	556	106.314	112.839	86.064	NA	NA	0	0	41.157025137136486	2.3527646822655646e-7	-1.5497946703660936	Inf	NO	Q05586
557	P	557	105.927	114.955	89.24	NA	NA	0	1	41.157025137136486	5.820331520523529e-6	-1.8822113861620442	Inf	NO	Q05586
558	F	558	105.404	118.204	87.347	NA	NA	0	0	41.157025137136486	2.805698271431851e-5	-2.0206509107283352	Inf	NO	Q05586
559	Q	559	101.634	118.872	87.631	NA	NA	0	1	41.157025137136486	0.002793808269610842	-2.0206509107283352	Inf	NO	Q05586
560	S	560	100.212	117.165	84.467	NA	NA	0	0	41.157025137136486	0.05471847739888979	Inf	Inf	NO	Q05586
561	T	561	98.005	120.188	83.751	NA	NA	0	0	41.157025137136486	0.05471847739888979	4.440211159715256	Inf	NO	Q05586
562	L	562	101.328	121.933	83.047	NA	NA	0	0	41.157025137136486	0.002793808269610842	0.3930640075059932	Inf	NO	Q05586
563	W	563	102.246	119.174	80.571	NA	NA	0	0	41.157025137136486	0.002793808269610842	0.5497549033653186	Inf	NO	Q05586
564	L	564	98.88	119.752	78.89	NA	NA	0	0	41.157025137136486	0.23589743589743586	1.9916487062714714	Inf	NO	Q05586
565	L	565	99.735	123.467	78.771	NA	NA	0	0	41.157025137136486	0.23589743589743586	1.82146482044293	Inf	NO	Q05586
566	V	566	103.029	122.509	77.099	NA	NA	0	0	41.157025137136486	0.05471847739888979	-0.2997309996734564	Inf	NO	Q05586
567	G	567	101.181	120.485	74.453	NA	NA	0	0	0	1	0.29843285295797073	Inf	NO	Q05586
568	L	568	98.656	123.271	73.859	NA	1.37262357414449	0	0	0	1	1.4298291709165676	Inf	NO	Q05586
569	S	569	101.531	125.755	73.562	NA	0.678571428571429	0	0	41.157025137136486	0.23589743589743586	-0.04014635340819915	Inf	NO	Q05586
570	V	570	103.138	123.524	70.908	NA	0.679245283018868	0	0	41.157025137136486	0.23589743589743586	-0.7170940715706622	Inf	NO	Q05586
571	H	571	99.843	123.619	69.012	NA	0.679245283018868	0	0	0	1	-0.19549080982481865	Inf	NO	Q05586
572	V	572	99.786	127.426	69.432	NA	0.671641791044776	0	0	0	1	-0.20905093742610145	Inf	NO	Q05586
573	V	573	103.306	127.472	67.917	NA	0.671641791044776	0	0	3.2638943728280645	0.417076394395982	-0.8594188051565754	Inf	NO	Q05586
574	A	574	101.965	125.404	65.005	NA	0.666666666666667	0	0	0	0.9999999999999999	-0.7781583942379992	Inf	NO	Q05586
575	V	575	98.996	127.771	64.506	NA	0.444857496902107	0	0	0	0.9999999999999999	-0.4675352651154152	Inf	NO	Q05586
576	M	576	101.267	130.841	64.603	NA	0.446941323345818	0	0	0	1	-0.8289697011484227	Inf	NO	Q05586
577	L	577	103.79	129.331	62.193	NA	0.335205992509363	0	0	0	1	-1.2051623630055293	Inf	NO	Q05586
578	Y	578	101.151	128.341	59.648	NA	0.333022388059701	0	0	0	1	-1.0112044872521992	Inf	NO	Q05586
579	L	579	98.881	131.393	59.716	NA	0.333022388059701	0	0	0	1	-0.7672843877382927	Inf	NO	Q05586
580	L	580	101.745	133.866	59.293	NA	0.335205992509363	0	0	0	1	-1.0682182902090416	Inf	NO	Q05586
581	D	581	103.152	132.161	56.193	NA	0.271212121212121	0	0	0	1	-1.1280523352956375	Inf	NO	Q05586
582	R	582	100.674	134.036	53.988	NA	0.271212121212121	1	0	0	1	-0.981213351140577	Inf	NO	Q05586
583	F	583	102.219	137.46	54.681	NA	0.271212121212121	1	0	0	1	-1.0554588911111311	Inf	NO	Q05586
584	S	584	105.291	136.451	52.566	NA	0.273764258555133	0	0	0	1	-1.2644074654963409	Inf	NO	Q05586
601	L	601	104.538	125.718	53.487	NA	0	0	0	0	0.9999999999999999	-1.283409638347866	Inf	NO	Q05586
602	T	602	100.97	125.411	54.757	NA	0	0	0	0	0.9999999999999999	-1.1217955288959915	Inf	NO	Q05586
603	L	603	100.618	121.601	54.726	NA	0	0	0	0	1	-1.2725646997702205	Inf	NO	Q05586
604	S	604	103.304	119.781	56.722	NA	0	0	0	0	1	-1.4621712263345317	Inf	NO	Q05586
605	S	605	106.269	122.172	56.963	NA	0	0	0	0	1	-1.4527817643817131	Inf	NO	Q05586
606	A	606	105.755	124.238	60.109	NA	0	0	0	0	0.9999999999999999	-1.0682400203223779	Inf	NO	Q05586
607	M	607	104.629	121.152	62.038	NA	0	0	0	0	1	-0.988753418236455	Inf	NO	Q05586
608	W	608	108.112	119.712	61.554	NA	0	0	0	41.157025137136486	0.05471847739888979	-1.3606927858859932	Inf	NO	Q05586
609	F	609	109.662	123.121	62.236	NA	0	0	0	41.157025137136486	0.002793808269610842	-1.4134799423807933	Inf	NO	Q05586
610	S	610	107.759	123.19	65.536	NA	0	0	0	41.157025137136486	0.002793808269610842	-1.2444150358512849	Inf	NO	Q05586
611	W	611	109.018	119.684	66.291	NA	0	0	0	41.157025137136486	0.01247467878523911	-1.3719473961948325	Inf	NO	Q05586
613	V	613	112.766	123.862	67.355	NA	0	0	0	41.157025137136486	2.805698271431851e-5	-1.6515073133214648	Inf	NO	Q05586
614	L	614	110.557	122.875	70.297	NA	0	0	0	41.157025137136486	1.1827411645983637e-6	-1.42536780666253	Inf	NO	Q05586
615	L	615	112.301	119.492	70.562	NA	0	0	0	41.157025137136486	2.805698271431851e-5	-1.8523788371740744	Inf	NO	Q05586
616	N	616	115.534	121.481	69.945	NA	0	0	1	41.157025137136486	5.820331520523529e-6	-2.0206509107283352	Inf	NO	Q05586
617	S	617	116.614	118.949	67.317	NA	0	0	0	41.157025137136486	0.002793808269610842	-2.0206509107283352	Inf	NO	Q05586
618	G	618	117.376	122.018	65.254	NA	0	0	1	41.157025137136486	0.002793808269610842	-2.0206509107283352	Inf	NO	Q05586
619	I	619	117.488	125.479	66.782	NA	0	0	0	41.157025137136486	2.805698271431851e-5	-2.0206509107283352	Inf	NO	Q05586
620	G	620	118.704	127.136	63.588	NA	0	0	1	41.157025137136486	0.002793808269610842	-2.0206509107283352	Inf	NO	Q05586
621	E	621	117.179	128.376	60.392	NA	0	0	0	41.157025137136486	0.002793808269610842	-2.0206509107283352	Inf	NO	Q05586
622	G	622	114.389	127.201	58.113	NA	0	0	0	41.157025137136486	0.05471847739888979	-1.9278393942587992	Inf	NO	Q05586
626	S	626	108.098	136.915	57.206	NA	0	0	0	0	1	-1.269946006581621	Inf	NO	Q05586
627	F	627	110.424	138.744	59.602	NA	0	0	0	0	1	-1.520840554081605	Inf	NO	Q05586
628	S	628	108.051	139.231	62.54	NA	0	0	0	0	1	-1.4518338669972701	Inf	NO	Q05586
629	A	629	106.769	135.643	62.472	NA	0	1	0	0	1	-1.1079029827306788	Inf	NO	Q05586
630	R	630	110.348	134.439	62.812	NA	0	0	0	3.3151270682711966	0.23689485892025824	-1.5084297787271024	Inf	NO	Q05586
631	I	631	111.032	137.02	65.543	NA	0	0	0	3.2638943728280645	0.417076394395982	-1.7112791891632149	Inf	NO	Q05586
632	L	632	108.074	135.506	67.416	NA	0	0	0	3.2638943728280645	0.417076394395982	-1.4110677716587958	Inf	NO	Q05586
633	G	633	109.371	132.01	66.642	NA	0	0	0	6.642881955300894	0.13920607462619106	-1.3667524705532703	Inf	NO	Q05586
634	M	634	112.757	132.723	68.169	NA	0	0	0	21.75415410478506	7.596428069901756e-4	-1.8383749119652886	Inf	NO	Q05586
635	V	635	110.953	134.232	71.165	NA	0	0	0	17.715629326607136	0.0030232254270492667	-1.854262479788488	Inf	NO	Q05586
636	W	636	109.229	130.823	71.438	NA	0	0	0	21.75415410478506	7.596428069901756e-4	-1.3230290028997727	Inf	NO	Q05586
637	A	637	112.675	129.212	71.191	NA	0	0	1	41.157025137136486	1.1827411645983637e-6	-1.702232671132276	Inf	NO	Q05586
638	G	638	113.715	131.448	74.079	NA	0	0	0	41.157025137136486	5.820331520523529e-6	-2.0206509107283352	Inf	NO	Q05586
639	F	639	110.691	130.156	75.995	NA	0	0	0	41.157025137136486	5.820331520523529e-6	-1.5657677113053934	Inf	NO	Q05586
640	A	640	111.733	126.586	75.158	NA	0	0	0	41.157025137136486	2.3527646822655646e-7	-1.653245249655959	Inf	NO	Q05586
641	M	641	115.257	127.17	76.468	NA	0	0	3	41.157025137136486	2.3527646822655646e-7	-2.0206509107283352	Inf	NO	Q05586
642	I	642	113.941	128.793	79.671	NA	0	0	1	41.157025137136486	1.1827411645983637e-6	-2.0206509107283352	Inf	NO	Q05586
643	I	643	111.522	125.883	80.21	NA	0	0	0	41.157025137136486	8.708823441993475e-9	-2.0206509107283352	Inf	NO	Q05586
644	V	644	114.353	123.369	79.702	NA	0	0	1	41.157025137136486	8.708823441993475e-9	-2.0206509107283352	Inf	NO	Q05586
645	A	645	116.473	125.342	82.19	NA	0	0	1	41.157025137136486	4.5783528952194665e-8	-2.0206509107283352	Inf	NO	Q05586
646	S	646	113.663	125.449	84.767	NA	0	0	0	41.157025137136486	8.708823441993475e-9	-2.0206509107283352	Inf	NO	Q05586
647	Y	647	112.806	121.743	84.465	NA	0	0	2	41.157025137136486	5.186821097078626e-11	-2.0206509107283352	Inf	NO	Q05586
648	T	648	116.456	120.713	84.71	NA	0	0	0	41.157025137136486	1.6180327706436056e-9	-2.0206509107283352	Inf	NO	Q05586
649	A	649	116.745	123.002	87.742	NA	0	0	0	41.157025137136486	2.3527646822655646e-7	-2.0206509107283352	Inf	NO	Q05586
650	N	650	113.768	121.132	89.205	NA	0	0	2	41.157025137136486	2.3527646822655646e-7	-2.0206509107283352	Inf	NO	Q05586
651	L	651	115.405	117.792	88.337	NA	0	0	0	41.157025137136486	4.5783528952194665e-8	-1.9652751009018188	Inf	NO	Q05586
652	A	652	118.46	118.937	90.277	NA	0	0	1	41.157025137136486	5.820331520523529e-6	-2.0206509107283352	Inf	NO	Q05586
653	A	653	116.336	120.331	93.129	NA	0	0	1	41.157025137136486	2.805698271431851e-5	-2.0206509107283352	Inf	NO	Q05586
654	F	654	113.859	117.501	93.762	NA	0	0	1	40.157025137136486	2.1302058609701653e-6	-2.0206509107283352	Inf	NO	Q05586
655	L	655	116.695	114.938	93.623	NA	0	0	0	15.185945860688948	1.7576557811184597e-4	-1.9514311484451896	Inf	NO	Q05586
656	V	656	119.441	116.74	95.605	NA	0	0	0	41.157025137136486	6.143452739458414e-4	-2.0206509107283352	Inf	NO	Q05586
657	L	657	117.369	118.738	98.126	NA	0	0	0	41.157025137136486	6.143452739458414e-4	-2.0206509107283352	Inf	NO	Q05586
658	D	658	115.421	117.576	101.172	NA	0	0	0	13.854050627600063	0.01151166025227086	-2.0206509107283352	Inf	NO	Q05586
663	R	663	115.347	110.722	113.18	NA	0	0	0	0	0.9999999999999999	-1.6620268196494739	Inf	NO	Q05586
664	I	664	115.564	109.212	116.638	NA	0	0	0	0	0.9999999999999999	-1.3096841058532047	Inf	NO	Q05586
665	T	665	118.758	110.757	117.986	NA	0	0	0	0	1	-1.367819257724907	Inf	NO	Q05586
666	G	666	118.622	109.702	121.631	NA	0	0	0	0	1	-1.2617392257080542	Inf	NO	Q05586
667	I	667	117.065	110.394	125.023	NA	0	0	0	41.157025137136486	0.23589743589743586	-0.9046099354296221	Inf	NO	Q05586
668	N	668	117.143	114.162	124.346	NA	0	0	0	41.157025137136486	0.23589743589743586	-1.214590063587962	Inf	NO	Q05586
669	D	669	114.381	113.719	121.739	NA	0	0	0	41.157025137136486	0.23589743589743586	-1.3908665638271611	Inf	NO	Q05586
670	P	670	110.84	114.721	122.737	NA	0.192430703624733	0	0	41.157025137136486	0.23589743589743586	-1.2556294577273233	Inf	NO	Q05586
671	R	671	109.945	111.235	121.475	NA	0.225343320848939	0	0	41.157025137136486	0.23589743589743586	-1.061390923058361	Inf	NO	Q05586
672	L	672	111.651	109.953	124.655	NA	0.223258706467662	0	0	41.157025137136486	0.05471847739888979	-0.7769848672728613	Inf	NO	Q05586
673	R	673	111.286	112.929	126.999	NA	0.221604938271605	0	0	41.157025137136486	0.23589743589743586	-0.8118711082868383	Inf	NO	Q05586
674	N	674	107.574	112.725	126.156	NA	0.222428748451053	0	1	41.157025137136486	0.23589743589743586	-0.6238491235844028	Inf	NO	Q05586
675	P	675	107.276	109.029	125.232	NA	0.224094881398252	0	0	41.157025137136486	0.05471847739888979	-0.6481694739182615	Inf	NO	Q05586
676	S	676	104.275	108.293	123.068	NA	0.22180916976456	0	0	41.157025137136486	0.23589743589743586	-0.7056283480436779	Inf	NO	Q05586
677	D	677	102.354	105.168	122.147	NA	0.22180916976456	0	0	6.642881955300894	0.13920607462619106	-0.5704876578457171	Inf	NO	Q05586
678	K	678	103.239	105.483	118.476	NA	0.219557195571956	0	0	41.157025137136486	0.23589743589743586	-0.9009843678926402	Inf	NO	Q05586
679	F	679	106.819	105.159	119.764	NA	0.380597014925373	0	0	6.642881955300894	0.13920607462619106	-0.8984418275627981	Inf	NO	Q05586
680	I	680	106.933	102.277	122.249	NA	0.376383763837638	0	0	6.642881955300894	0.13920607462619106	-0.7575361290534536	Inf	NO	Q05586
681	Y	681	110.357	100.912	123.202	NA	0.526937269372694	0	0	3.2638943728280645	0.417076394395982	-0.9231011954320201	Inf	NO	Q05586
682	A	682	111.539	97.942	125.249	NA	0.524542124542125	0	0	1.6287343263932155	0.5560115542808775	-0.8572104123991672	Inf	NO	Q05586
683	T	683	114.411	95.817	126.58	NA	0.525	0	0	5.072663893125936	0.08652573545190365	-0.7344727055119012	Inf	NO	Q05586
684	V	684	114.733	92.417	128.267	NA	0.439114391143911	0	0	5.072663893125936	0.08652573545190365	-0.7486808761589914	Inf	NO	Q05586
685	K	685	113.783	92.179	131.945	NA	0.4375	1	0	3.368722689212941	0.14456294100109304	-0.7470623272650253	Inf	NO	Q05586
686	Q	686	116.319	91.299	134.68	NA	0.432727272727273	0	0	5.072663893125936	0.08652573545190365	-1.0202142898827897	Inf	NO	Q05586
687	S	687	119.08	93.045	132.732	NA	0.429951690821256	0	0	5.072663893125936	0.08652573545190365	-0.7793458397173073	Inf	NO	Q05586
688	S	688	121.741	95.588	133.602	NA	0.428743961352657	0	2	2.2015287641598342	0.3371409412324947	-0.4501122070017546	Inf	NO	Q05586
689	V	689	120.212	97.88	130.96	NA	0.428743961352657	0	0	5.072663893125936	0.08652573545190365	-0.3286612880644976	Inf	NO	Q05586
690	D	690	117.034	98.091	133.035	NA	0.428743961352657	0	0	5.072663893125936	0.08652573545190365	-0.36689050492082614	Inf	NO	Q05586
691	I	691	119.283	98.801	136.034	NA	0.426328502415459	0	0	3.368722689212941	0.14456294100109304	-0.2694709369241514	Inf	NO	Q05586
692	Y	692	120.677	101.821	134.178	NA	0.361767728674204	0	0	5.072663893125936	0.08652573545190365	-0.10101846349587207	Inf	NO	Q05586
693	F	693	117.091	102.866	133.441	NA	0.357905439755974	0	0	5.072663893125936	0.08652573545190365	-0.10885157467297117	Inf	NO	Q05586
694	R	694	115.944	102.46	137.056	NA	0.359183673469388	1	0	3.368722689212941	0.14456294100109304	-0.10440074552963535	Inf	NO	Q05586
695	R	695	118.903	104.359	138.523	NA	0.361767728674204	0	0	3.3151270682711966	0.23689485892025824	0.006088352694442741	Inf	NO	Q05586
696	Q	696	118.265	107.728	136.899	NA	0.359447004608295	0	0	0	0.9999999999999999	-0.05026461934010257	Inf	NO	Q05586
697	V	697	115.339	109.948	137.845	NA	0.359183673469388	0	0	0	0.9999999999999999	-0.0811707165829149	Inf	NO	Q05586
698	E	698	114.46	111.713	134.582	NA	0.420549581839904	0	0	3.2638943728280645	0.417076394395982	-0.4180718389531553	Inf	NO	Q05586
699	L	699	113.519	108.385	132.944	NA	0.630824372759857	0	0	6.642881955300894	0.13920607462619106	-0.3441657794088845	Inf	NO	Q05586
700	S	700	110.272	108.475	134.954	NA	0.635379061371841	0	0	6.642881955300894	0.13920607462619106	-0.20443803128826862	Inf	NO	Q05586
701	T	701	107.935	108.691	131.967	NA	0.42512077294686	0	0	6.642881955300894	0.13920607462619106	-0.3625915804524549	Inf	NO	Q05586
702	M	702	110.007	106.004	130.236	NA	0.426328502415459	0	0	3.3151270682711966	0.23689485892025824	-0.28378505410505916	Inf	NO	Q05586
703	Y	703	109.343	103.232	132.771	NA	0.42326139088729	0	0	2.2015287641598342	0.3371409412324947	-0.171700900413683	Inf	NO	Q05586
704	R	704	105.772	102.799	131.542	NA	0.420238095238095	0	0	3.3151270682711966	0.23689485892025824	-0.23926022190305973	Inf	NO	Q05586
705	H	705	107.256	101.699	128.21	NA	0.417556346381969	0	0	6.642881955300894	0.13920607462619106	-0.3850652784705391	Inf	NO	Q05586
706	M	706	110.568	100.138	129.229	NA	0.421744324970131	0	1	1.08104856413156	1	-0.2879660491490924	Inf	NO	Q05586
707	E	707	109.024	97.918	131.925	NA	0.421428571428571	0	0	1.08104856413156	1	-0.07254959681638572	Inf	NO	Q05586
708	K	708	105.581	97.186	130.438	NA	0.424460431654676	0	0	1.6287343263932155	0.5560115542808775	-0.21675241886818988	Inf	NO	Q05586
709	H	709	106.672	95.978	126.991	NA	0.421428571428571	1	0	1.6287343263932155	0.5560115542808775	-0.6700555089405935	Inf	NO	Q05586
710	N	710	109.958	94.142	127.525	NA	0	0	0	1.6287343263932155	0.5560115542808775	-0.6711339433760273	Inf	NO	Q05586
711	Y	711	111.261	90.903	126.049	NA	0	0	0	1.6287343263932155	0.5560115542808775	-0.7942372527185829	Inf	NO	Q05586
712	E	712	113.153	87.737	126.942	NA	0	0	0	0	1	-0.6103195241335581	Inf	NO	Q05586
713	S	713	115.854	87.955	124.246	NA	0	0	0	0	0.9999999999999999	-0.7749995414756929	Inf	NO	Q05586
714	A	714	117.432	90.727	122.2	NA	0	0	0	0	0.9999999999999999	-1.0859803289291976	Inf	NO	Q05586
715	A	715	116.64	88.727	119.05	NA	0	0	0	0	1	-1.3426837443356985	Inf	NO	Q05586
716	E	716	112.978	89.443	119.794	NA	0	0	0	0	0.9999999999999999	-1.533872660769785	Inf	NO	Q05586
717	A	717	113.846	93.147	119.607	NA	0	0	0	0	1	-1.4184979855692934	Inf	NO	Q05586
718	I	718	115.747	92.456	116.369	NA	0	0	0	3.2638943728280645	0.417076394395982	-1.4973355303132854	Inf	NO	Q05586
719	Q	719	112.634	90.8	114.94	NA	0	0	0	0	0.9999999999999999	-1.8017771252435062	Inf	NO	Q05586
720	A	720	110.613	93.72	116.344	NA	0	0	0	0	1	-1.4692412176790517	Inf	NO	Q05586
721	V	721	112.696	95.972	114.122	NA	0	0	0	1.6287343263932155	0.5560115542808775	-1.5086177868654327	Inf	NO	Q05586
722	R	722	112.307	93.466	111.269	NA	0	0	0	1.6287343263932155	0.5560115542808775	-1.7392920190831456	Inf	NO	Q05586
723	D	723	108.56	93.078	111.842	NA	0	0	0	0	1	-1.8609919447367098	Inf	NO	Q05586
724	N	724	108.51	96.88	112.372	NA	0	0	0	0	1	-1.5036075711416883	Inf	NO	Q05586
725	K	725	106.969	96.395	115.811	NA	0	0	0	0	0.9999999999999999	-1.2927418782319196	Inf	NO	Q05586
726	L	726	108.961	98.975	117.768	NA	0.180369989722508	0	0	3.2638943728280645	0.417076394395982	-1.2629388429941477	Inf	NO	Q05586
727	H	727	110.887	101.758	116.107	NA	0.182337662337662	0	0	0	1	-1.395270212685322	Inf	NO	Q05586
728	A	728	114.156	101.863	118.047	NA	0.183524504692388	0	0	1.6287343263932155	0.5560115542808775	-1.2683329889600938	Inf	NO	Q05586
729	F	729	115.983	99.88	120.702	NA	0.184720041862899	0	0	1.6287343263932155	0.5560115542808775	-1.1736107195801233	Inf	NO	Q05586
730	I	730	118.62	100.544	123.352	NA	0.162962962962963	0	0	10.165820709525438	0.04151729033212393	-0.9075584791254434	Inf	NO	Q05586
731	W	731	121.254	97.831	123.768	NA	0.28996282527881	0	0	41.157025137136486	0.01247467878523911	-0.7023908455651737	Inf	NO	Q05586
732	D	732	125.013	97.285	124.103	NA	0.263432835820896	0	0	41.157025137136486	0.01247467878523911	-0.4826594093330723	Inf	NO	Q05586
733	S	733	127.067	98.986	121.402	NA	0.219330855018587	0	0	41.157025137136486	0.23589743589743586	-0.6289401818630758	Inf	NO	Q05586
734	A	734	129.169	96.18	119.925	NA	0.202459250786388	0	0	10.165820709525438	0.04151729033212393	-0.7080457720378267	Inf	NO	Q05586
735	V	735	126.46	93.631	119.057	NA	0.202459250786388	0	0	3.3151270682711966	0.23689485892025824	-0.9092255958982588	Inf	NO	Q05586
736	L	736	124.281	96.33	117.503	NA	0.18816631130064	0	0	0	1	-1.1210586575690142	Inf	NO	Q05586
737	E	737	127.137	97.688	115.381	NA	0.189406099518459	0	0	3.368722689212941	0.14456294100109304	-1.1794708893958485	Inf	NO	Q05586
738	F	738	127.886	94.112	114.274	NA	0.17546468401487	0	0	3.368722689212941	0.14456294100109304	-1.3870374135208818	Inf	NO	Q05586
739	E	739	124.268	93.406	113.324	NA	0.165111940298507	0	0	1.08104856413156	1	-1.4692740134202367	Inf	NO	Q05586
740	A	740	124.1	96.792	111.579	NA	0.155838454784899	0	0	0.8064048215742883	1	-1.4416974464645078	Inf	NO	Q05586
741	S	741	127.175	95.705	109.614	NA	0.147180762852405	1	0	2.2015287641598342	0.3371409412324947	-1.542376801369845	Inf	NO	Q05586
742	Q	742	125.319	92.447	108.853	NA	0.137890852592736	0	0	2.2015287641598342	0.3371409412324947	-1.52852882861587	Inf	NO	Q05586
743	K	743	121.934	93.491	107.468	NA	0.145961459614596	0	0	0.8064048215742883	1	-1.5761770447348258	Inf	NO	Q05586
744	C	744	120.092	96.528	106.127	NA	0.146090534979424	0	1	1.08104856413156	1	-1.6429569228645733	Inf	NO	Q05586
745	D	745	117.592	97.076	108.964	NA	0.146090534979424	0	0	1.08104856413156	1	-1.602327108820918	Inf	NO	Q05586
746	L	746	119.819	98.588	111.653	NA	0.145961459614596	1	0	1.08104856413156	1	-1.4878032831847072	Inf	NO	Q05586
747	V	747	121.684	101.845	112.301	NA	0.145424836601307	0	0	1.08104856413156	1	-1.4238248958207569	Inf	NO	Q05586
748	T	748	123.335	102.521	115.652	NA	0.145141451414514	0	0	1.08104856413156	1	-1.1410137368515045	Inf	NO	Q05586
749	T	749	122.376	106.117	116.479	NA	0.144199346405229	0	0	0	1	-1.1513320856148654	Inf	NO	Q05586
750	G	750	123.109	108.23	119.533	NA	0.229216409811157	0	0	0	1	-1.1686160092536058	Inf	NO	Q05586
751	E	751	126.15	108.344	121.751	NA	0.215686274509804	0	0	41.157025137136486	0.23589743589743586	-0.9114801698166591	Inf	NO	Q05586
752	L	752	127.324	105.689	124.157	NA	0.275004855311711	0	0	41.157025137136486	0.23589743589743586	-0.6298113738664917	Inf	NO	Q05586
753	F	753	124.662	105.937	126.833	NA	0.27704950107611	0	0	41.157025137136486	0.23589743589743586	-0.6241354412598455	Inf	NO	Q05586
754	F	754	125.956	105.11	130.332	NA	0.293267244940107	0	0	41.157025137136486	0.01247467878523911	-0.25590399513770995	Inf	NO	Q05586
755	R	755	129.65	104.81	129.484	NA	0.310518259348349	0	0	41.157025137136486	0.05471847739888979	0.01760531479446873	Inf	NO	Q05586
756	S	756	130.864	101.948	131.667	NA	0.292181069958848	0	0	41.157025137136486	0.002793808269610842	0.08426612683048779	Inf	NO	Q05586
757	G	757	133.332	99.129	131.157	NA	0.363878638786388	0	0	6.642881955300894	0.13920607462619106	0.09635738244330894	Inf	NO	Q05586
758	F	758	132.767	95.462	130.49	NA	0.363878638786388	0	0	13.854050627600063	0.01151166025227086	0.11894319765126536	Inf	NO	Q05586
759	G	759	134.084	93.622	133.526	NA	0.347290158481706	0	0	1.3071660421256244	0.669051140343073	0.21933858216256819	Inf	NO	Q05586
760	I	760	134.11	90.118	135.009	NA	0.346978557504873	0	0	0.641322153438837	1	0.020780529557423436	Inf	NO	Q05586
761	G	761	131.793	88.717	137.675	NA	0.344727131481841	0	0	1.08104856413156	1	-0.2845828837461055	Inf	NO	Q05586
762	M	762	134.179	88.1	140.575	NA	0.273530541682674	0	0	0.45226090039672023	0.68313407054124	-0.24856899044167927	Inf	NO	Q05586
763	R	763	133.307	87.531	144.211	NA	0.275303643724696	0	0	0	0.3388155325388546	-0.24545792775121325	Inf	NO	Q05586
764	K	764	134.833	89.802	146.836	NA	0.30742808072134	0	0	0	0.5745110728525077	0.019952009725537536	Inf	NO	Q05586
765	D	765	136.804	87.014	148.531	NA	0.32518115942029	1	0	0	1	0.3516829455651122	Inf	NO	Q05586
766	S	766	138.189	85.815	145.192	NA	0.325454545454545	0	0	0	0.3388155325388546	0.018744712454634015	Inf	NO	Q05586
767	P	767	141.993	86.179	145.487	NA	0.343405275779376	1	0	0	0.5934464439559303	-0.09116014215016871	Inf	NO	Q05586
768	W	768	142.519	86.175	141.71	NA	0.344645006016847	0	0	0	0.20187117681874694	0.0030802939899944484	Inf	NO	Q05586
769	K	769	141.387	89.708	140.986	NA	0.342174432497013	0	0	0.641322153438837	1	-0.06842110236980173	Inf	NO	Q05586
770	Q	770	145.106	90.492	140.95	NA	0.364285714285714	0	0	0	0.5745110728525077	-0.13550242555380074	Inf	NO	Q05586
771	N	771	146.905	88.566	138.227	NA	0.392006569942513	0	0	0	0.5745110728525077	0.07796525079835719	Inf	NO	Q05586
772	V	772	143.815	88.461	136.033	NA	0.390911579523679	2	0	0.641322153438837	1	0.3260106730486752	Inf	NO	Q05586
773	S	773	143.723	92.274	136.041	NA	0.421985815602837	0	0	1.08104856413156	1	0.029712873634493642	Inf	NO	Q05586
774	L	774	147.454	92.215	135.321	NA	0.426523297491039	0	0	1.6287343263932155	0.5560115542808775	0.017835409932306794	Inf	NO	Q05586
775	S	775	146.643	90.075	132.276	NA	0.42719614921781	0	0	1.08104856413156	1	0.20651204866219344	Inf	NO	Q05586
777	L	777	146.656	95.361	131.521	NA	0.361224489795918	0	0	1.6287343263932155	0.5560115542808775	-0.19588304810678608	Inf	NO	Q05586
778	K	778	148.715	93.118	129.235	NA	0.358922216573462	0	0	0	1	-0.06069807548085238	Inf	NO	Q05586
779	S	779	145.723	92.756	126.903	NA	0.334994068801898	0	0	1.3071660421256244	0.669051140343073	-0.0688006521452447	Inf	NO	Q05586
780	H	780	145.331	96.521	126.634	NA	0.335238095238095	0	0	41.157025137136486	0.05471847739888979	-0.35632687371996147	Inf	NO	Q05586
781	E	781	149.072	97.221	126.354	NA	0.270353302611367	0	0	0	1	-0.5095480468802517	Inf	NO	Q05586
782	N	782	150.021	94.374	123.993	NA	0.289077470572133	0	0	0	1	-0.7338988875777726	Inf	NO	Q05586
783	G	783	146.856	94.73	121.923	NA	0.20952380952381	0	0	41.157025137136486	0.23589743589743586	-0.894308623189773	Inf	NO	Q05586
784	F	784	145.121	91.473	122.804	NA	0.20952380952381	0	0	1.08104856413156	1	-0.35254839818114886	Inf	NO	Q05586
785	M	785	142.041	93.677	122.948	NA	0.194651226909291	0	0	5.072663893125936	0.08652573545190365	-0.34988456537658424	Inf	NO	Q05586
786	E	786	143.04	94.602	119.401	NA	0.196056650930297	0	0	41.157025137136486	0.05471847739888979	-0.8739180866701857	Inf	NO	Q05586
787	D	787	143.569	90.891	118.728	NA	0.213939393939394	0	0	3.3151270682711966	0.23689485892025824	-0.7820810169971839	Inf	NO	Q05586
788	L	788	139.924	90.216	119.577	NA	0	0	0	1.6430103146511408	0.627682532885957	-0.2791905695705731	Inf	NO	Q05586
789	D	789	139.132	93.289	117.485	NA	0	0	1	3.3151270682711966	0.23689485892025824	-0.8871572128721387	Inf	NO	Q05586
790	K	790	140.742	91.492	114.562	NA	0	0	0	6.642881955300894	0.13920607462619106	-0.9308553102308892	Inf	NO	Q05586
791	T	791	139.517	87.967	115.286	NA	0	0	0	0.7082434326143332	1	-0.02347597361833798	Inf	NO	Q05586
792	W	792	135.885	88.701	116.181	NA	0	0	0	1.3071660421256244	0.669051140343073	-0.11500139334823867	Inf	NO	Q05586
793	V	793	134.984	92.402	115.77	NA	0	0	0	2.2015287641598342	0.3371409412324947	-0.958551801169144	Inf	NO	Q05586
794	R	794	136.253	93.842	112.504	NA	0	0	1	3.3151270682711966	0.23689485892025824	-1.2845312890308078	Inf	NO	Q05586
795	Y	795	135.004	91.761	109.597	NA	0	0	0	3.3151270682711966	0.23689485892025824	-1.269834055627004	Inf	NO	Q05586
796	Q	796	131.775	93.039	108.1	NA	0	1	0	3.3151270682711966	0.23689485892025824	-1.555723109449526	Inf	NO	Q05586
797	E	797	130.167	96.105	106.513	NA	0	0	0	2.2015287641598342	0.3371409412324947	-1.614198181957178	Inf	NO	Q05586
798	C	798	127.179	97.097	104.387	NA	0	0	0	0.8064048215742883	1	-1.5993988548919578	Inf	NO	Q05586
799	D	799	126.69	99.199	101.267	NA	0	0	0	1.6287343263932155	0.5560115542808775	-1.7331499713534533	Inf	NO	Q05586
800	S	800	125.992	102.939	101.091	NA	0	0	0	1.08104856413156	1	-1.8480994698050304	Inf	NO	Q05586
801	R	801	123.682	103.032	98.019	NA	0	0	0	1.6287343263932155	0.5560115542808775	-1.9060442535599444	Inf	NO	Q05586
802	S	802	126.562	103.608	95.599	NA	0	0	0	0	1	-2.0206509107283352	Inf	NO	Q05586
809	T	809	119.218	101.546	85.236	NA	0	0	0	41.157025137136486	6.143452739458414e-4	-1.3898812214659841	Inf	NO	Q05586
810	F	810	116.679	103.351	87.43	NA	0.110802469135802	0	0	21.75415410478506	7.596428069901756e-4	-1.3898812214659841	Inf	NO	Q05586
811	E	811	112.936	103.448	88.041	NA	0.102564102564103	0	0	12.960543960638827	6.764872445312387e-4	-1.3493138066719084	Inf	NO	Q05586
812	N	812	112.654	106.703	86.091	NA	0.176470588235294	0	0	30.496301908385075	4.292105436792483e-5	-1.3722049207130262	Inf	NO	Q05586
813	M	813	114.769	104.952	83.451	NA	0.166360294117647	0	0	41.157025137136486	1.3256924332515486e-4	-1.2263884345525464	Inf	NO	Q05586
814	A	814	112.516	101.874	83.427	NA	0.16529304029304	0	1	41.157025137136486	1.3256924332515486e-4	-1.2263884345525464	Inf	NO	Q05586
815	G	815	109.453	104.098	83.108	NA	0.154438502673797	0	1	41.157025137136486	1.3256924332515486e-4	-1.2002109186719951	Inf	NO	Q05586
816	V	816	111.155	105.797	80.155	NA	0.165	0	1	41.157025137136486	1.3256924332515486e-4	-1.1206324707834674	Inf	NO	Q05586
817	F	817	111.802	102.345	78.607	NA	0.16514598540146	0	1	41.157025137136486	6.143452739458414e-4	-1.1206324707834674	Inf	NO	Q05586
818	M	818	108.131	101.358	78.992	NA	0.220194647201946	0	1	17.715629326607136	0.0030232254270492667	-0.9786437319865537	Inf	NO	Q05586
819	L	819	106.687	104.663	77.733	NA	0.235510380622837	0	0	21.75415410478506	7.596428069901756e-4	-0.8507697034296854	Inf	NO	Q05586
820	V	820	109.083	105.039	74.786	NA	0.266911764705882	0	0	21.75415410478506	7.596428069901756e-4	-0.8130716065690964	Inf	NO	Q05586
821	A	821	108.615	101.366	73.821	NA	0.264963503649635	0	0	21.75415410478506	7.596428069901756e-4	-0.7895127217715031	Inf	NO	Q05586
822	G	822	104.818	101.651	73.786	NA	0.246603260869565	0	0	17.715629326607136	0.0030232254270492667	-0.6915608145184563	Inf	NO	Q05586
823	G	823	105.025	104.955	71.931	NA	0.248403284671533	0	0	13.854050627600063	0.01151166025227086	-0.5955644040608313	Inf	NO	Q05586
824	I	824	107.326	103.553	69.239	NA	0.370710784313726	0	0	13.854050627600063	0.01151166025227086	-0.5396876442678613	Inf	NO	Q05586
825	V	825	105.066	100.489	68.799	NA	0.372078720787208	1	0	6.642881955300894	0.13920607462619106	-0.3900819952917787	Inf	NO	Q05586
826	A	826	101.913	102.624	68.464	NA	0.36968954248366	0	0	1.6287343263932155	0.5560115542808775	-0.3035732397017789	Inf	NO	Q05586
827	G	827	103.682	105.108	66.186	NA	0.388924800689507	0	1	5.072663893125936	0.08652573545190365	-0.20071381225913593	Inf	NO	Q05586
828	I	828	105.023	102.43	63.829	NA	0.384697357203751	0	0	5.072663893125936	0.08652573545190365	-0.15625112699299604	Inf	NO	Q05586
829	F	829	101.67	100.627	63.655	NA	0.382246761520493	0	0	5.072663893125936	0.08652573545190365	-0.027369707847083327	Inf	NO	Q05586
830	L	830	100.036	103.951	62.729	NA	0.460358056265985	0	0	5.072663893125936	0.08652573545190365	0.06673568018357418	Inf	NO	Q05586
831	I	831	102.754	104.776	60.141	NA	0.492700729927007	0	0	2.514615615114325	0.35878658441470374	0.16048178603288285	Inf	NO	Q05586
832	F	832	101.518	101.906	57.947	NA	0.492272727272727	0	0	2.514615615114325	0.35878658441470374	0.1895629764244551	Inf	NO	Q05586
833	I	833	97.874	103.004	58.106	NA	0.495879120879121	1	0	3.368722689212941	0.14456294100109304	0.23521280323483398	Inf	NO	Q05586
834	E	834	98.479	106.701	57.479	NA	0.550544662309368	0	1	3.368722689212941	0.14456294100109304	0.26551217669780725	Inf	NO	Q05586
835	I	835	101.1	106.25	54.749	NA	0.550544662309368	0	1	3.368722689212941	0.14456294100109304	0.2761004058329546	Inf	NO	Q05586
836	A	836	98.952	103.593	53.037	NA	0.546496539792388	0	0	2.2015287641598342	0.3371409412324947	0.339574178247027	Inf	NO	Q05586
837	Y	837	95.875	105.846	52.985	NA	0.546496539792388	0	0	4.588196832056093	0.05489699380340343	0.3837661556307505	Inf	NO	Q05586
838	K	838	97.904	108.853	51.843	NA	0.515170151701517	0	0	4.588196832056093	0.05489699380340343	0.4007331235884958	Inf	NO	Q05586
839	R	839	99.733	106.911	49.113	NA	0.495367632564557	2	0	4.588196832056093	0.05489699380340343	0.4007331235884958	Inf	NO	Q05586
840	H	840	96.348	105.807	47.815	NA	0.51755472945064	0	0	4.588196832056093	0.05489699380340343	0.41794590078671634	Inf	NO	Q05586
841	K	841	95.233	109.427	48.079	NA	0.466247015411331	0	0	6.909266169365551	0.028488529902714034	0.4274478681014386	Inf	NO	Q05586
842	D	842	98.221	110.243	45.885	NA	0.515637860082305	0	0	5.072663893125936	0.08652573545190365	0.4131194655555137	Inf	NO	Q05586
843	A	843	97.418	107.388	43.492	NA	0.4940036900369	0	0	5.072663893125936	0.08652573545190365	0.4131194655555137	Inf	NO	Q05586
844	R	844	94.146	109.192	42.725	NA	0.523076923076923	0	2	3.3151270682711966	0.23689485892025824	0.37609814421992666	Inf	NO	Q05586
