Uniprot_position	aminoacid	Position_in_structure	x	y	z	paraz	mtr	gscount	pscount	OR	pvalue	mtr3dscore	paraz3dscore	HotSpot3D	Uniprot
3	G	3	-99.637	-209.416	295.859	0.49	0.302737520128824	0	0	0	0.5191919191919193	-0.17281235216488391	-4.70035481107753	NO	P68400
4	P	4	-99.682	-206.919	298.789	0.49	0.298850574712644	0	0	0	0.28611514271891636	0.13959529678283028	-1.9181032581045119	NO	P68400
5	V	5	-98.112	-207.782	302.18	-0.36	0.296296296296296	1	0	0	0.28611514271891636	0.11233085635304778	-2.4204356280442725	NO	P68400
6	P	6	-100.809	-207.833	304.929	-0.65	0.39811320754717	0	0	0	0.1443315594258991	-0.03773747415711603	-0.9048908944063343	NO	P68400
7	S	7	-100.867	-205.297	307.75	0.49	0.39578313253012	0	0	0	0.28611514271891636	-0.0814105041444209	-0.9061950094831445	NO	P68400
8	R	8	-102.471	-205.062	311.207	0.49	0.398823529411765	0	0	0	0.28611514271891636	-6.032641254809162e-4	-0.5311836779956318	NO	P68400
9	A	9	-102.968	-202.216	313.671	0.49	0.396067415730337	0	0	1.0860431306615606	1	-0.4723929513237433	-0.05555631165473771	NO	P68400
10	R	10	-100.247	-202.147	316.367	0.49	0.397826086956522	0	0	3.3926731527507297	0.5509433962264151	-0.9032238589750682	0.05907694997838425	NO	P68400
11	V	11	-102.879	-201.191	319.027	0.49	0.363157894736842	0	0	3.3926731527507297	0.5509433962264151	-0.49903701810576867	-0.4486136319074005	NO	P68400
12	Y	12	-106.478	-202.216	319.727	0.49	0.361329026303646	0	0	0	1	0.12967752469536992	-0.9107594122519796	NO	P68400
13	T	13	-106	-205.006	317.234	-0.65	0.40422322775264	0	0	0	0.27878787878787875	0.20056524197752582	-0.9503719077100866	NO	P68400
14	D	14	-108.527	-207.492	318.561	-0.08	0.406330511593669	0	0	0	0.5191919191919193	0.04143669857399472	-1.5997767574929889	NO	P68400
15	V	15	-112.442	-205.709	319.87	0.49	0.404112017015243	0	0	0	1	0.027604676626189883	-1.7888363949066806	NO	P68400
16	N	16	-113.968	-206.312	318.017	0.49	0.402472527472527	0	0	0	1	0.15599984030149655	-1.7888363949066806	NO	P68400
17	T	17	-113.007	-210.009	317.897	-0.08	0.40053050397878	0	0	0	0.5191919191919193	0.03325232548101958	-2.6052939401821043	NO	P68400
18	H	18	-114.981	-210.014	322.063	-1.22	0.431944444444444	0	0	0	1	-0.45906264604758934	-3.7206057567470223	NO	P68400
19	R	19	-116.888	-208.551	321.71	0.49	0.430894308943089	0	0	0	1	-0.23848637280619717	-2.783990308582008	NO	P68400
20	P	20	-120.25	-210.038	321.018	-0.65	0.536890645586298	0	0	0	1	-0.656042795798082	-2.4008294434235933	NO	P68400
22	E	22	-124.239	-207.223	318.941	0.49	0.434343434343434	0	0	1.6343852363089761	1	-0.43627368577336856	-1.3388523456238008	NO	P68400
23	Y	23	-121.438	-204.597	319.246	0.49	0.435994930291508	0	0	1.6676067222431312	0.6315432994678278	-0.2743330351003435	-1.4037149112861975	NO	P68400
24	W	24	-120.104	-204.623	315.669	0.49	0.389433962264151	0	0	1.6676067222431312	0.6315432994678278	-0.029403877786746257	-0.9465384404076886	NO	P68400
25	D	25	-122.642	-206.467	313.487	0.49	0.388636363636364	0	0	1.6676067222431312	0.6315432994678278	-0.004953586922110164	-0.1764611168155925	NO	P68400
26	Y	26	-124.539	-203.299	312.63	0.49	0.388636363636364	0	0	1.6676067222431312	0.6315432994678278	-0.1428061349751201	-0.4691534443671594	NO	P68400
27	E	27	-126.707	-205.029	309.968	0.49	0.390458015267176	0	1	1.6676067222431312	0.6315432994678278	-0.5553488645622287	-0.32195145507221884	NO	P68400
28	S	28	-128.489	-206.933	312.748	-0.36	0.437179487179487	1	0	1.6676067222431312	0.6315432994678278	-0.5791201738542627	-0.8227316445672975	NO	P68400
29	H	29	-129.15	-203.856	314.877	0.49	0.435897435897436	0	0	1.6676067222431312	0.6315432994678278	-0.38338384530830266	-1.0216743995346789	NO	P68400
30	V	30	-132.825	-202.924	315.485	0.49	0.433333333333333	0	0	1.6676067222431312	0.6315432994678278	-0.43508128452205463	-2.483867401817058	NO	P68400
31	V	31	-133.352	-199.11	315.412	-0.65	0.485209923664122	0	0	1.6676067222431312	0.6315432994678278	-0.7296731538666055	-1.4626552426924626	NO	P68400
32	E	32	-135.413	-197.61	318.299	-0.93	0.481939163498099	0	0	0	0.5191919191919193	-0.5945370901230077	-2.4649385550404173	NO	P68400
33	W	33	-137.519	-194.752	316.835	0.49	0.430925221799746	0	0	0	0.5191919191919193	-0.9741107535021454	-2.0753667787203196	NO	P68400
34	G	34	-138.325	-191.518	318.628	0.49	0.481132075471698	0	0	0	0.27878787878787875	-1.0793815310949735	-1.5739019288099159	NO	P68400
35	N	35	-141.115	-188.978	318.025	0.49	0.481534090909091	1	0	0	1	-1.3362203509054311	-0.7017891463570395	NO	P68400
36	Q	36	-140.536	-186.784	314.933	0.49	0.481534090909091	0	0	0	0.5191919191919193	-1.5608291612014518	0.5851055503346129	NO	P68400
37	D	37	-143.087	-184.228	316.34	0.49	0.368278109722977	0	0	0	0.5191919191919193	-1.3603780997360841	0.555783197374819	NO	P68400
38	D	38	-140.657	-183.405	319.185	0.49	0.319811320754717	0	0	0	0.5191919191919193	-1.7068579099723142	-0.052827245663580706	NO	P68400
39	Y	39	-138.513	-181.49	316.674	0.49	0.321022727272727	0	0	0	0.5191919191919193	-1.8226986508112653	0.3286715567483402	NO	P68400
40	Q	40	-139.178	-178.299	314.753	0.49	0.321969696969697	0	0	0	0.27878787878787875	-1.9971186672866637	1.1606016750360326	NO	P68400
41	L	41	-136.757	-177.497	311.892	0.49	0.319548872180451	0	0	0	0.5191919191919193	-1.9277837665724804	1.1706082503369406	NO	P68400
42	V	42	-135.474	-173.855	312.002	0.49	0.420987654320988	0	0	0	0.5191919191919193	-2.1457951624875666	1.0405227714251333	NO	P68400
43	R	43	-132.932	-173.47	309.187	0.49	0.420987654320988	1	0	1.6676067222431312	0.6315432994678278	-1.9954957540818696	1.0795484150986754	NO	P68400
44	K	44	-130.913	-175.494	306.698	0.49	0.360569319978914	0	0	7.4757545061946225	0.06434446057087566	-1.8251838406799357	1.4307792081605561	NO	P68400
45	L	45	-127.187	-175.523	307.622	0.49	0.364021164021164	0	0	7.4757545061946225	0.06434446057087566	-1.903277749589282	1.4307792081605561	NO	P68400
46	G	46	-125.81	-177.511	304.677	0.49	0.366737739872068	0	0	12.578838417250532	0.009664800608196815	-1.7764238502158327	1.4307792081605561	YES	P68400
47	R	47	-126.237	-180.336	302.196	0.49	0.368869936034115	0	2	12.578838417250532	0.009664800608196815	-1.52273509539551	1.4307792081605561	YES	P68400
48	G	48	-123.639	-182.977	301.357	0.49	0.368869936034115	0	0	34.60214420500999	1.6712846901526117e-4	-1.1897149028733696	1.4307792081605561	YES	P68400
49	K	49	-123.572	-186.187	299.275	0.49	0.366895097522404	0	0	34.60214420500999	1.6712846901526117e-4	-1.1594676896880542	1.4307792081605561	YES	P68400
50	Y	50	-125.454	-188.292	301.82	0.49	0.369622942113648	0	2	34.60214420500999	1.2059223481212217e-5	-1.0294111590053705	1.4307792081605561	YES	P68400
51	S	51	-127.484	-185.833	303.966	0.49	0.214197530864198	0	2	34.60214420500999	4.6227023344646674e-5	-1.4309201406795657	1.4307792081605561	YES	P68400
52	E	52	-129.119	-182.448	304.622	0.49	0.214197530864198	0	0	12.578838417250532	0.009664800608196815	-1.755572578289538	1.4307792081605561	YES	P68400
53	V	53	-128.299	-180.843	307.999	0.49	0.215613382899628	0	0	15.640936021854555	0.0034141958670260526	-1.7908563305661436	1.0816023963446517	YES	P68400
54	F	54	-130.602	-178.465	309.903	0.49	0.216232961586121	0	0	3.669359368354105	0.18795033059184002	-2.076503566578307	0.8662656528149196	NO	P68400
55	E	55	-130.672	-176.371	313.038	0.49	0.183974696889826	0	0	0	0.5191919191919193	-2.239811555531475	0.6132946722621442	NO	P68400
56	A	56	-133.822	-177.384	314.958	0.49	0.184126984126984	0	0	0	0.5191919191919193	-2.1432419098328555	0.8662656528149196	NO	P68400
57	I	57	-135.496	-177	318.333	0.49	0.161111111111111	1	0	0	0.5191919191919193	-2.2629545926232364	0.757705353709989	NO	P68400
58	N	58	-136.534	-179.835	320.644	0.49	0.161710037174721	0	0	0	0.5191919191919193	-2.052859684653328	0.3040237817966293	NO	P68400
59	I	59	-140	-178.549	321.668	0.49	0.161847014925373	0	0	0	0.5191919191919193	-2.1154331848815136	1.0405227714251333	NO	P68400
60	T	60	-140.034	-180.809	324.818	0.49	0.186034115138593	0	0	0	0.5191919191919193	-2.1880236000867352	0.9624714840780492	NO	P68400
61	N	61	-137.168	-178.854	326.495	0.49	0.186034115138593	0	0	0	1	-2.6230027024575295	0.8453945530574223	NO	P68400
62	N	62	-136.868	-175.743	324.186	0.49	0.184656084656085	0	0	0	1	-2.647888762370424	0.8904241419115091	NO	P68400
63	E	63	-133.218	-176.79	323.513	0.49	0.183447548761202	0	0	0	1	-2.5965568583951346	-0.4060668775264706	NO	P68400
64	K	64	-131.345	-176.344	320.218	-0.08	0.212287104622871	0	0	0	0.5191919191919193	-2.402770834200448	0.05314464389528625	NO	P68400
65	V	65	-130.468	-179.541	318.326	0.49	0.213064713064713	0	0	0	0.28611514271891636	-2.144572039212069	-0.08472587332977667	NO	P68400
66	V	66	-129.052	-180.508	314.918	0.49	0.212121212121212	0	0	0.7927928602764529	1	-1.7437314781357642	-0.45572356698962424	NO	P68400
67	V	67	-131	-182.779	312.585	0.49	0.36101083032491	0	0	2.305620132472884	0.27909499840451263	-1.6513020027811722	-0.15372061016371605	NO	P68400
68	K	68	-129.234	-184.767	309.842	0.49	0.3584229390681	0	0	6.545506944776298	0.004601329902322478	-1.3316779378844401	0.3407998269626741	YES	P68400
69	I	69	-131.773	-186.14	307.351	0.49	0.357398873527906	0	0	34.60214420500999	5.730118937666083e-4	-1.6317854331192176	0.785396679819705	YES	P68400
70	L	70	-130.176	-188.959	305.401	0.49	0.359979370809696	0	0	23.226307046080688	3.5373722211555806e-4	-1.2591101851535806	0.5028629746843807	YES	P68400
71	K	71	-130.592	-189.126	301.593	0.49	0.362042289840124	0	0	34.60214420500999	1.6712846901526117e-4	-1.5194878270128003	1.1380868806089892	YES	P68400
72	P	72	-132.28	-192.349	300.353	0.49	0.364675324675325	0	0	34.60214420500999	0.005849496415534153	-1.6015299769015057	1.0405227714251333	YES	P68400
73	V	73	-128.949	-193.579	298.923	0.49	0.255072463768116	0	1	34.60214420500999	0.005849496415534153	-1.5489927958596368	1.4307792081605561	YES	P68400
77	K	77	-124.394	-196.948	305.648	0.49	0.429440389294404	0	0	23.226307046080688	3.5373722211555806e-4	-0.3676709920937797	1.1114784871952106	YES	P68400
78	I	78	-127.266	-195.757	307.867	0.49	0.431013431013431	0	0	27.97384353897878	1.0317335645037075e-4	-0.560859526412103	0.2618771536324481	YES	P68400
79	K	79	-127.227	-198.687	310.314	0.49	0.431013431013431	0	0	3.669359368354105	0.18795033059184002	-0.3769262778948113	-0.787520537493425	NO	P68400
80	R	80	-123.445	-198.497	310.536	0.49	0.431013431013431	0	1	3.669359368354105	0.18795033059184002	0.16582741185963432	0.3040237817966293	NO	P68400
81	E	81	-123.462	-194.803	311.492	0.49	0.431013431013431	0	0	4.4743398093420055	0.04094205296097327	0.020976179032559446	0.41568005554404114	NO	P68400
82	I	82	-126.265	-195.363	314.045	-0.08	0.470588235294118	1	0	1.7922294502467842	0.4801763494623005	-0.27660643526602546	-0.8505729850443138	NO	P68400
83	K	83	-124.469	-198.338	315.662	0.49	0.470588235294118	0	0	1.3567940601441173	0.7186836714737157	0.012328885078598561	-0.5858569242521541	NO	P68400
84	I	84	-121.178	-196.413	315.825	0.49	0.473666554847367	0	0	2.9362152858166883	0.15622859909945594	0.4397586700746332	0.5123561653170424	NO	P68400
85	L	85	-122.808	-193.334	317.348	0.49	0.476767676767677	0	0	2.305620132472884	0.27909499840451263	0.33807593855224083	-0.3222937852798817	NO	P68400
86	E	86	-124.633	-195.448	319.973	0.49	0.583747927031509	0	0	0.7927928602764529	1	-0.1401367003916783	-1.6501926608033066	NO	P68400
87	N	87	-121.413	-197.376	320.765	0.49	0.586466165413534	0	0	0.7927928602764529	1	0.39686654907093977	0.2962566258244515	NO	P68400
88	L	88	-119.414	-194.178	321.314	0.49	0.659774436090226	0	0	0.6157510341251579	0.6960490243509111	0.940068342290718	0.06830498166320322	NO	P68400
89	R	89	-122.113	-192.117	323.02	0.49	0.664150943396226	1	0	0.6157510341251579	0.6960490243509111	0.6228357755525401	-0.7450243737835786	NO	P68400
90	G	90	-120.842	-190.363	326.148	0.49	0.666666666666667	0	0	0	0.28611514271891636	0.8173623632053523	-0.6704436064727981	NO	P68400
91	G	91	-117.196	-190.752	325.109	0.49	0.664772727272727	0	0	0	0.28611514271891636	1.3481380528273135	-0.2534854135396888	NO	P68400
92	P	92	-114.823	-187.771	325.411	-0.36	0.669201520912548	1	0	0	0.5191919191919193	1.768298194104103	0.12136616385091427	NO	P68400
93	N	93	-115.483	-185.12	322.796	0.49	0.531320754716981	0	0	0.3808869297887854	0.6387679406547331	1.3561224594840664	0.0932749497515381	NO	P68400
94	I	94	-117.773	-187.459	320.73	0.49	0.479835953520164	0	0	1.2448275952082453	1	1.2127724511133533	0.391575723710042	NO	P68400
95	I	95	-120.931	-185.82	319.352	0.49	0.47940074906367	0	0	1.2448275952082453	1	0.4097958075239417	-0.2712495756670478	NO	P68400
96	T	96	-124.004	-187.09	321.252	-0.93	0.48257006151743	0	0	0.9672575183201411	1	-0.02498359499388982	-1.1161575368495704	NO	P68400
97	L	97	-126.775	-188.75	319.242	0.49	0.482124616956078	2	0	1.2448275952082453	1	-0.23213834087618163	-0.47062057382857087	NO	P68400
98	A	98	-129.936	-187.625	321.122	-0.65	0.397388059701493	0	0	0	0.1443315594258991	-1.1694761022580364	-1.5070765481804693	NO	P68400
99	D	99	-132.598	-189.37	318.954	0.49	0.398876404494382	0	0	0	0.1443315594258991	-1.0865695632904004	-1.3957640161404847	NO	P68400
100	I	100	-133.451	-191.128	315.684	-0.93	0.442786069651741	0	0	0	0.28611514271891636	-0.9637297658160066	-1.0031885683208956	NO	P68400
101	V	101	-136.776	-190.212	314.062	0.49	0.439506172839506	0	0	0	0.28611514271891636	-1.1271614306094693	-1.0578509724476741	NO	P68400
102	K	102	-138.421	-190.984	310.685	0.49	0.439506172839506	0	0	0	1	-1.142608994190034	-0.6460240516595291	NO	P68400
103	D	103	-138.659	-187.763	308.606	0.49	0.438271604938272	0	0	0	1	-1.31739838100372	0.5851055503346129	NO	P68400
104	P	104	-142.228	-187.444	307.255	0.49	0.439900867410161	0	0	0	1	-1.2321244285782031	0.9624714840780492	NO	P68400
105	V	105	-141.172	-185.831	303.952	0.49	0.329291044776119	0	0	0	1	-1.286096390503887	0.9624714840780492	NO	P68400
106	S	106	-138.051	-187.822	302.947	0.49	0.328066914498141	0	0	34.60214420500999	0.050695635601295995	-1.558570578060535	1.0405227714251333	NO	P68400
107	R	107	-139.356	-191.076	304.623	-0.08	0.377398720682303	0	0	0	1	-1.286096390503887	0.9624714840780492	NO	P68400
108	T	108	-135.7	-191.67	305.635	0.49	0.221383647798742	0	0	34.60214420500999	0.005849496415534153	-1.3751957883726775	0.4497977650824621	YES	P68400
109	P	109	-134.059	-191.638	309.104	0.49	0.222012578616352	0	0	4.845646365536749	0.09243025318497007	-1.1451015619019056	-0.3720294740217272	NO	P68400
110	A	110	-133.207	-188.317	310.674	0.49	0.189406099518459	0	0	1.7457311785031084	0.4640864376713433	-1.3784452901622972	0.010597889514356324	NO	P68400
111	L	111	-130.493	-188.346	313.31	0.49	0.18816631130064	0	0	2.305620132472884	0.27909499840451263	-1.0753585730465947	-0.4740651386510148	NO	P68400
112	V	112	-130.893	-185.768	316.088	0.49	0.290534979423868	0	0	0	0.1443315594258991	-1.6059634206397508	-0.4085609976108699	NO	P68400
113	F	113	-127.668	-184.516	317.757	0.49	0.186083289404323	0	0	0.9672575183201411	1	-1.1523055120819299	-0.6358419224059735	NO	P68400
114	E	114	-126.699	-182.127	320.551	0.49	0.188336008560728	0	0	0.3808869297887854	0.6387679406547331	-1.178058973935458	-0.3780494374891958	NO	P68400
115	H	115	-126.039	-178.614	319.196	-0.36	0.187633262260128	0	0	0.5223770805126023	1	-1.2851046496152265	-0.32152354231264113	NO	P68400
116	V	116	-122.488	-177.2	319.577	-0.08	0.187265917602996	0	0	0.8031776811082509	1	-0.35881267727648936	-0.9762300644674617	NO	P68400
117	N	117	-122.259	-173.893	317.617	0.49	0.185185185185185	0	0	0	0.5191919191919193	-0.674535134453996	-0.8586198883156677	NO	P68400
118	N	118	-122.831	-172.619	314.033	0.49	0.183447548761202	0	0	0	1	-1.2578097730124689	0.4497977650824621	NO	P68400
119	T	119	-118.96	-172.61	313.663	0.49	0.318933823529412	0	0	0	1	0.043614331431192505	0.21446509641308362	NO	P68400
120	D	120	-116.776	-175.448	312.41	0.49	0.320110701107011	0	0	34.60214420500999	0.14141414141414146	0.3463081613859915	0.7826340149859362	NO	P68400
121	F	121	-113.038	-175.67	313.198	0.49	0.322490706319703	0	0	0.2955601271679484	0.3895178197064988	0.6402296711961244	0.4307837672625711	NO	P68400
122	K	122	-112.226	-174.429	309.672	0.49	0.42716049382716	0	0	0.5223770805126023	1	0.6013431402522779	0.7016158658391088	NO	P68400
123	Q	123	-113.663	-171.003	310.748	0.49	0.42998760842627	0	0	0	0.5191919191919193	0.2905707644825706	0.5974496740789016	NO	P68400
124	L	124	-111.255	-170.691	313.708	0.49	0.559076262083781	0	0	0	0.27878787878787875	0.5895224711939797	0.13448882181131636	NO	P68400
125	Y	125	-108.208	-172.883	313.053	0.49	0.647388059701493	0	0	0.2955601271679484	0.3895178197064988	0.7118509689733747	0.74954209491188	NO	P68400
126	Q	126	-106.279	-170.336	311.093	0.49	0.64365671641791	0	0	0.5223770805126023	1	0.6798477560848598	0.5851055503346129	NO	P68400
127	T	127	-106.447	-167.719	313.876	-0.93	0.638376383763838	1	0	0	0.27878787878787875	0.4635635367302068	0.168813130632958	NO	P68400
128	L	128	-105.636	-169.567	317.059	0.49	0.540779220779221	0	0	0	0.07213030156426382	0.4944360588076956	0.3040237817966293	NO	P68400
129	T	129	-102.715	-168.882	319.305	0.49	0.536874677668901	0	0	0	0.28611514271891636	0.32438608719042666	-0.16012262963169305	NO	P68400
130	D	130	-99.905	-171.463	319.799	0.49	0.531122448979592	0	0	0	0.1443315594258991	0.48056530358871175	-0.036160946223528105	NO	P68400
131	Y	131	-101.458	-172.454	323.146	-0.08	0.531490015360983	0	0	0	0.1443315594258991	0.6529751872133845	0.030785590903377097	NO	P68400
132	D	132	-104.936	-172.89	321.611	0.49	0.531122448979592	0	0	0	0.1443315594258991	1.161827382019916	-0.01833997434520588	NO	P68400
133	I	133	-103.579	-175.105	318.788	0.49	0.525492175668854	0	0	0	0.03617481051443313	0.8295824179028584	0.16758074188537259	NO	P68400
134	R	134	-102.007	-177.404	321.451	0.49	0.525492175668854	1	0	0	0.1443315594258991	0.6044259806833104	0.5578371786207946	NO	P68400
135	F	135	-105.13	-177.289	323.606	0.49	0.527355623100304	0	0	0	0.28611514271891636	1.4025532328796153	0.43166404493941773	NO	P68400
136	Y	136	-107.593	-178.187	320.823	0.49	0.527355623100304	0	0	0	0.07213030156426382	1.3040612129635853	0.7313985939057589	NO	P68400
137	M	137	-105.268	-180.805	319.319	0.49	0.527355623100304	1	0	0	0.07213030156426382	1.0479040230729628	0.6297265222299517	NO	P68400
138	Y	138	-105.199	-182.536	322.731	0.49	0.527707168276563	0	0	0	0.28611514271891636	1.2959641418867007	0.3321926674557274	NO	P68400
139	E	139	-109.02	-182.426	322.809	0.49	0.620071684587814	0	0	0	0.1443315594258991	1.363136904394551	0.6314870775836456	NO	P68400
140	I	140	-109.24	-184.035	319.303	0.21	0.615658362989324	0	0	0.2955601271679484	0.3895178197064988	1.0876859908829417	0.5763230098345778	NO	P68400
141	L	141	-106.799	-186.735	320.46	0.49	0.738790035587189	0	0	0	0.28611514271891636	0.9066180362157308	0.46951598504383074	NO	P68400
142	K	142	-109.072	-187.636	323.378	0.49	0.744086021505376	0	0	0	0.27878787878787875	0.9758900714395338	0.7083444250931675	NO	P68400
143	A	143	-111.896	-188.339	320.853	0.49	0.823250296559905	0	0	0.3808869297887854	0.6387679406547331	1.1255485380113945	0.5097307757545171	NO	P68400
144	L	144	-109.598	-190.337	318.544	0.49	0.825622775800712	0	0	2.3901471715383003	0.40809546847282696	0.9062041165197531	0.2641178604462399	NO	P68400
145	D	145	-108.063	-192.495	321.258	0.49	0.822143698468787	0	0	0	0.5191919191919193	0.5214291717917083	0.45856141839862596	NO	P68400
146	Y	146	-111.554	-193.201	322.572	0.49	0.821052631578947	0	0	0	0.5191919191919193	0.9385008597233375	0.2641178604462399	NO	P68400
147	C	147	-112.999	-194.278	319.24	0.49	0.615789473684211	0	0	1.6676067222431312	0.6315432994678278	1.068336808505027	0.5771245634915443	NO	P68400
148	H	148	-109.893	-196.318	318.331	0.49	0.611498257839721	0	0	0	1	0.6571621096437152	0.40278664310139384	NO	P68400
149	S	149	-109.987	-198.045	321.791	0.49	0.611111111111111	0	0	0	1	0.5245171420337549	-0.2136895268989055	NO	P68400
150	M	150	-113.573	-198.895	320.953	-0.65	0.404844290657439	0	0	0	1	0.6516783272376258	-0.37555058472911435	NO	P68400
151	G	151	-112.546	-200.591	317.681	0.49	0.409090909090909	0	0	0	1	0.6045270556899908	-0.42867793157881046	NO	P68400
152	I	152	-113.667	-197.743	315.391	0.49	0.413145539906103	0	0	3.3926731527507297	0.5509433962264151	0.7453812823089333	0.5945154151560793	NO	P68400
153	M	153	-111.856	-195.662	312.782	0.49	0.417556346381969	0	0	3.669359368354105	0.18795033059184002	0.9631340906279705	0.3186235091199419	NO	P68400
154	H	154	-113.375	-192.263	311.888	0.49	0.626334519572954	0	0	15.640936021854555	0.0034141958670260526	1.1455502611500035	0.6699131118251324	NO	P68400
155	R	155	-111.965	-192.094	308.325	0.49	0.619298245614035	0	0	5.427252780711037	0.019565719683230696	1.2042763552453142	1.023804319423004	NO	P68400
156	D	156	-113.014	-188.47	307.722	0.49	0.617957746478873	0	2	7.423644473097061	0.005737908493917093	1.2583184333286948	0.9446703132795911	NO	P68400
157	V	157	-110.973	-186.355	310.097	0.49	0.621478873239437	0	0	9.39511221961135	0.004256751283438661	1.2513712582080017	0.9546290102297773	NO	P68400
158	K	158	-110.847	-182.776	308.724	0.49	0.501067615658363	0	0	6.1222408244103494	0.014049073239550278	1.0636379491128276	0.8935841130591645	NO	P68400
159	P	159	-111.56	-179.229	310.078	0.49	0.629893238434164	0	0	4.018936963251945	0.07071158735550546	1.054621952928548	0.8794474000301803	NO	P68400
161	N	161	-115.79	-182.377	311.143	0.49	0.627659574468085	0	0	15.640936021854555	0.0034141958670260526	0.82582951754614	0.6079784855078538	NO	P68400
162	V	162	-114.541	-180.689	314.327	0.49	0.621908127208481	0	0	4.845646365536749	0.09243025318497007	0.793578658960109	1.1688965992986278	NO	P68400
163	M	163	-117.212	-178.422	315.865	0.49	0.621478873239437	0	0	1.6676067222431312	0.6315432994678278	0.3695286966521987	0.13148935713465282	NO	P68400
164	I	164	-115.816	-175.845	318.28	0.49	0.621478873239437	0	0	0.5223770805126023	1	0.4343609877323528	-0.26468894760864836	NO	P68400
165	D	165	-117.459	-173.544	320.806	0.49	0.619298245614035	0	0	0	0.5191919191919193	0.08598466736510237	-0.955573548527818	NO	P68400
166	H	166	-114.423	-171.242	321.253	0.49	0.619718309859155	0	0	0	0.27878787878787875	0.34296857787527885	-0.8586198883156685	NO	P68400
167	E	167	-116.186	-169.151	323.931	-0.36	0.619298245614035	0	0	0	0.5191919191919193	0.4768373889993791	-2.0712588162283683	NO	P68400
168	H	168	-116.664	-172.314	326.109	-0.93	0.619718309859155	1	0	0	0.5191919191919193	0.7247175543500541	-2.389625909354634	NO	P68400
169	R	169	-113.391	-174.04	324.918	-0.08	0.619718309859155	1	0	0	0.27878787878787875	0.6152654771748745	-0.47942335059703917	NO	P68400
170	K	170	-115.43	-177.149	323.961	0.49	0.748936170212766	0	0	0	0.28611514271891636	0.4699859078087421	-0.8597640158001636	NO	P68400
171	L	171	-114.852	-179.451	320.984	0.49	0.76028880866426	0	0	0.3808869297887854	0.6387679406547331	0.736761736276355	-0.8374822434766229	NO	P68400
172	R	172	-116.866	-182.303	319.357	0.49	0.759712230215827	0	0	0.781264558883441	1	0.7409005691037981	0.06613410717558678	NO	P68400
173	L	173	-115.826	-184.717	316.605	0.49	0.847172081829121	0	0	2.282694199029443	0.30037852209984933	1.0935047143756833	0.5948981445807948	NO	P68400
174	I	174	-118.848	-185.058	314.271	0.49	0.734098018769552	0	1	4.018936963251945	0.07071158735550546	0.6014732769983956	0.4929614295100923	NO	P68400
175	D	175	-119.945	-186.827	311.018	0.49	0.722222222222222	0	1	8.949765398403002	0.002237283037526905	0.1479385103884707	0.785396679819705	NO	P68400
176	W	176	-119.45	-190.507	311.708	0.49	0.648148148148148	0	1	5.427252780711037	0.019565719683230696	0.6312767957661107	0.8734033882298209	NO	P68400
177	G	177	-121.015	-191.417	308.311	0.49	0.648148148148148	0	1	33.60214420500999	2.8004196750815023e-5	0.2596239308812469	1.2179120608503256	NO	P68400
178	L	178	-117.723	-192.802	306.996	0.49	0.715457154571546	0	0	8.949765398403002	0.002237283037526905	0.642252902915895	1.2179120608503256	NO	P68400
179	A	179	-116.661	-194.489	310.226	0.49	0.720164609053498	0	0	4.998887969702287	0.03252977161482564	0.9248760972246718	1.250660852744207	NO	P68400
180	E	180	-116.028	-198.228	310.297	0.49	0.720164609053498	0	0	3.15616749137492	0.2361232059345267	0.5226635966516608	0.9167829256309753	NO	P68400
181	F	181	-115.281	-201.05	312.714	0.49	0.720776538620405	0	0	1.6676067222431312	0.6315432994678278	0.4279448355556387	0.40278664310139384	NO	P68400
182	Y	182	-111.688	-202.234	312.562	0.49	0.72890559732665	0	0	0	0.28611514271891636	0.43861578689128944	0.19839046057501125	NO	P68400
183	H	183	-111.308	-206.01	312.011	0.49	0.787218045112782	0	0	0	0.28611514271891636	0.16154420811671896	-0.6527280182262561	NO	P68400
184	P	184	-107.704	-207.319	311.62	0.49	0.737220109843684	0	0	0	0.28611514271891636	0.19541373637319331	-0.25804981630852397	NO	P68400
185	G	185	-106.982	-208.47	308.073	0.21	0.660984848484848	2	0	0	0.1443315594258991	0.22587921281947584	-1.3729051925965587	NO	P68400
186	Q	186	-110.099	-206.824	306.593	0.49	0.58863443596268	0	0	0	0.28611514271891636	0.7864776870688747	-0.14667838874894168	NO	P68400
187	E	187	-109.718	-205.006	303.266	0.49	0.530268199233717	0	0	0	0.07213030156426382	0.6604632036419242	0.26514485106922775	NO	P68400
188	Y	188	-111.51	-201.651	303.281	0.49	0.527756653992396	1	0	0.2955601271679484	0.3895178197064988	1.1494743800212026	1.3029759306331663	NO	P68400
189	N	189	-112.675	-199.201	300.639	0.49	0.587484035759898	0	0	0.5223770805126023	1	0.9418222383063602	1.4307792081605561	NO	P68400
190	V	190	-109.945	-196.572	299.89	0.49	0.584706379383185	1	0	1.7457311785031084	0.4640864376713433	0.8957099936241719	1.4307792081605561	NO	P68400
191	R	191	-112.61	-194.016	298.758	0.49	0.585241730279898	0	1	3.15616749137492	0.2361232059345267	0.923152514206926	1.4307792081605561	NO	P68400
192	V	192	-112.805	-192.423	302.213	0.49	0.578616352201258	0	0	4.998887969702287	0.03252977161482564	1.0077909884680991	0.9004785955631397	NO	P68400
193	A	193	-111.69	-189.078	303.739	0.49	0.574282147315855	0	0	9.39511221961135	0.004256751283438661	1.0859893425083076	0.9307814877115632	NO	P68400
194	S	194	-110.153	-185.653	301.268	0.49	0.567901234567901	0	0	2.282694199029443	0.30037852209984933	1.2165822870308696	0.4307837672625711	NO	P68400
195	R	195	-108.776	-185.259	299.224	0.49	0.634191176470588	0	0	2.9362152858166883	0.15622859909945594	1.353530138141818	0.37017798296572335	NO	P68400
196	Y	196	-106.433	-183.091	301.257	0.49	0.632841328413284	0	0	2.305620132472884	0.27909499840451263	1.349342117469347	0.38016780084387897	NO	P68400
197	F	197	-106.602	-185.347	304.315	0.49	0.634191176470588	0	1	4.018936963251945	0.07071158735550546	1.1119037630523112	1.0141144411197291	NO	P68400
198	K	198	-106.303	-188.723	302.525	0.49	0.632352941176471	1	1	2.282694199029443	0.30037852209984933	0.9344210383543871	1.050346159992844	NO	P68400
199	G	199	-103.412	-190.84	303.803	0.49	0.634191176470588	0	0	3.6527029735850363	0.08213139207501527	0.3407549854538685	1.041892092255784	NO	P68400
200	P	200	-100.819	-192.278	301.402	0.49	0.63003663003663	0	0	0.7927928602764529	1	0.527335429040846	0.8355616641139203	NO	P68400
201	E	201	-102.305	-195.754	302.005	0.49	0.557575757575758	0	0	0.781264558883441	1	0.2024416700984008	0.7801925902491168	NO	P68400
202	L	202	-105.558	-194.548	300.328	0.49	0.563725490196078	0	0	0.781264558883441	1	0.5191000766852956	0.9820633051935114	NO	P68400
203	L	203	-103.639	-192.802	297.523	0.49	0.566993464052288	0	0	0.9672575183201411	1	0.8517709766540441	1.1688965992986278	NO	P68400
204	V	204	-101.626	-195.935	296.621	0.49	0.425245098039216	0	0	0.7927928602764529	1	0.5502853099889796	-0.17798772449841224	NO	P68400
205	D	205	-104.785	-198.15	296.894	0.49	0.473181818181818	0	0	0.6157510341251579	0.6960490243509111	0.6417167049659964	0.3428774171884884	NO	P68400
206	Y	206	-103.598	-200.184	299.936	0.49	0.538819875776398	0	0	0.2955601271679484	0.3895178197064988	0.04708584554477298	-0.12682323670450782	NO	P68400
207	Q	207	-106.841	-201.609	301.46	0.49	0.558363417569194	0	0	0.19757278254140515	0.13611353007579421	0.3146548911687956	0.4982717224874937	NO	P68400
208	M	208	-105.642	-203.193	304.706	0.49	0.564040404040404	0	0	0	0.03617481051443313	0.25864698518672014	0.5283526091221084	NO	P68400
209	Y	209	-105.431	-199.925	306.63	0.49	0.563607085346216	0	0	0.19757278254140515	0.13611353007579421	0.28102016123881374	0.496902401656843	NO	P68400
210	D	210	-106.42	-199.124	310.221	0.49	0.634545454545455	1	0	0.6157510341251579	0.6960490243509111	0.15645754341966103	0.7296869428674461	NO	P68400
211	Y	211	-106.85	-196.432	312.933	0.49	0.634545454545455	0	0	3.669359368354105	0.18795033059184002	0.2005588623762175	0.143058720887497	NO	P68400
212	S	212	-103.52	-194.887	311.803	0.49	0.627240143369176	0	0	2.616893744223414	0.3588130946621514	-0.4572312319018825	0.42977773563188915	NO	P68400
213	L	213	-105.294	-193.343	308.807	0.49	0.566159818828858	0	0	2.9362152858166883	0.15622859909945594	0.026563423054431868	0.8927941202722508	NO	P68400
214	D	214	-106.914	-190.851	311.245	0.49	0.49469964664311	0	0	4.018936963251945	0.07071158735550546	0.5751739930355456	0.9753311927485067	NO	P68400
215	M	215	-103.442	-189.925	312.533	0.49	0.495035460992908	0	0	1.8447366566347614	0.5028039671915886	-0.2667714145427401	0.4714491438635732	NO	P68400
216	W	216	-102.27	-188.891	309.054	0.49	0.48951048951049	0	0	2.9362152858166883	0.15622859909945594	-0.29130416485470434	0.6297265222299517	NO	P68400
217	S	217	-105.423	-186.744	308.666	-0.93	0.54320987654321	0	0	7.6729278486371975	0.01964281670423783	0.5280969480522291	0.9850215760551462	NO	P68400
218	L	218	-104.753	-185.167	312.09	0.49	0.611111111111111	0	0	2.282694199029443	0.30037852209984933	0.3700152590394411	0.8022609468919282	NO	P68400
219	G	219	-101.141	-184.416	310.993	0.49	0.611498257839721	0	0	1.7922294502467842	0.4801763494623005	-0.1840325807570348	0.5198831773364573	NO	P68400
220	C	220	-102.479	-182.613	307.9	0.49	0.607266435986159	0	0	0.9672575183201411	1	0.6132701979008751	0.5974496740789016	NO	P68400
221	M	221	-104.676	-180.456	310.177	0.49	0.603448275862069	1	0	1.7922294502467842	0.4801763494623005	0.8220090466243815	0.764702432679797	NO	P68400
222	L	222	-101.724	-179.687	312.476	0.49	0.67281814686659	0	0	0.6157510341251579	0.6960490243509111	0.3726341803482727	0.6297265222299517	NO	P68400
223	A	223	-99.456	-178.696	309.576	0.49	0.670498084291188	0	0	0.6157510341251579	0.6960490243509111	0.17404430160603698	0.06312828096196349	NO	P68400
224	S	224	-102.196	-175.285	309.305	0.49	0.668193967163039	0	0	0.3808869297887854	0.6387679406547331	0.7118945620266169	0.17311069139376897	NO	P68400
225	M	225	-102.503	-174.714	311.637	0.49	0.665905631659056	1	0	0.23846491242170753	0.23160780519271087	0.395326473097655	0.2901031115581212	NO	P68400
226	I	226	-98.859	-174.277	312.595	0.49	0.603448275862069	0	0	0.19757278254140515	0.13611353007579421	0.0795041745544616	0.04649138238423473	NO	P68400
227	F	227	-97.723	-173.208	309.153	0.49	0.670103092783505	0	0	0.2955601271679484	0.3895178197064988	0.2662350295766054	-0.04484416065897799	NO	P68400
228	R	228	-100.8	-171.188	308.258	0.49	0.674329501915709	0	0	0.2955601271679484	0.3895178197064988	0.515840953193178	0.11751494901470952	NO	P68400
229	K	229	-101.158	-172.987	304.924	-0.08	0.683760683760684	0	0	0.3808869297887854	0.6387679406547331	1.1800022885849768	0.11623121073597438	NO	P68400
230	E	230	-104.575	-174.277	304.007	0.49	0.687645687645688	0	0	1.0860431306615606	1	1.4478660247090296	0.4497977650824621	NO	P68400
231	P	231	-104.553	-176.955	302.949	0.49	0.692488262910798	0	1	1.7045062065731067	0.6640541848089018	1.429300862006011	0.639665141162093	NO	P68400
232	F	232	-101.028	-178.116	303.63	0.49	0.692007797270955	0	0	1.2448275952082453	1	1.3458570603299367	0.18646411785644135	NO	P68400
233	F	233	-100.957	-180.71	300.786	0.49	0.747368421052632	0	0	0.9672575183201411	1	1.3462598382316955	-0.04484416065897799	NO	P68400
234	H	234	-102.863	-179.017	297.961	0.49	0.747887323943662	0	0	1.2448275952082453	1	1.5420298775165817	0.0021211415150907465	NO	P68400
235	G	235	-103.529	-181.665	295.346	0.49	0.748936170212766	0	0	1.7045062065731067	0.6640541848089018	1.5136354398410994	0.7016158658391088	NO	P68400
236	H	236	-106.558	-182.138	291.977	-0.93	0.683274021352313	0	0	0	0.5191919191919193	1.604537657593391	0.2641178604462399	NO	P68400
237	D	237	-106.954	-184.597	292.211	0.49	0.628571428571429	1	0	0.5223770805126023	1	1.5395196633430606	0.401372136647924	NO	P68400
238	N	238	-106.063	-187.862	294.075	0.49	0.720942140296979	0	0	1.2448275952082453	1	1.1792794581841959	0.5565534403420602	NO	P68400
239	Y	239	-102.973	-188.453	291.91	0.49	0.717844433146924	0	0	0.2955601271679484	0.3895178197064988	1.1718693826996116	0.5283526091221084	NO	P68400
240	D	240	-101.502	-184.992	292.279	0.49	0.713272543059777	0	0	0.3808869297887854	0.6387679406547331	1.278212641566384	0.39465977963493104	NO	P68400
241	Q	241	-102.368	-185.324	296.024	0.49	0.624555160142349	0	0	0.9672575183201411	1	1.3308052380390942	0.4130646295092672	NO	P68400
242	L	242	-99.645	-188.002	296.328	0.49	0.537244897959184	1	0	0.6157510341251579	0.6960490243509111	1.0417020294722634	0.38016780084387897	NO	P68400
243	V	243	-97.175	-185.912	294.249	0.49	0.533434650455927	0	0	0	0.1443315594258991	1.230975908731331	-0.16012262963169305	NO	P68400
244	R	244	-97.763	-182.926	296.633	0.49	0.618374558303887	0	0	0.781264558883441	1	1.4419127722869436	0.4448682100921198	NO	P68400
245	I	245	-96.989	-185.193	299.586	0.49	0.621428571428571	0	0	1.2448275952082453	1	0.9899863700617346	0.876204271747061	NO	P68400
246	A	246	-93.834	-186.539	297.82	0.49	0.623655913978495	0	0	0	0.28611514271891636	0.9170672325653919	0.5293748670694148	NO	P68400
247	K	247	-92.539	-183.012	297.225	0.49	0.536485097636177	0	0	0	0.28611514271891636	1.18689027761599	-0.1415788491037598	NO	P68400
248	V	248	-92.399	-182.675	301.057	-0.65	0.630434782608696	1	0	0	0.28611514271891636	0.515536132154577	0.005829718764769822	NO	P68400
249	L	249	-91.648	-186.197	302.357	0.49	0.623655913978495	0	0	0	0.28611514271891636	0.11562765916842131	-0.1638571409880129	NO	P68400
250	G	250	-89.535	-187.227	299.35	0.49	0.623214285714286	0	0	0	0.27878787878787875	0.6367922593591668	-0.5182207741321393	NO	P68400
251	T	251	-89.834	-190.027	296.83	0.49	0.622775800711744	0	0	0	0.28611514271891636	0.8854008146407081	-0.6460240516595291	NO	P68400
252	E	252	-87.223	-192.394	298.365	0.49	0.620567375886525	0	0	0	0.5191919191919193	0.9045817253039842	-1.913475711423855	NO	P68400
253	D	253	-89.315	-192.939	301.528	-0.08	0.534183673469388	0	0	0	0.5191919191919193	0.47487119721704435	-1.3989749545647148	NO	P68400
254	L	254	-92.424	-193.371	299.307	0.49	0.538026721479959	0	0	0	0.28611514271891636	0.39174741405472485	-0.7475511727068672	NO	P68400
255	Y	255	-90.732	-196.142	297.322	0.49	0.630434782608696	0	0	0	1	0.5794873798328307	-1.8145111604813793	NO	P68400
256	D	256	-89.489	-197.739	300.569	-1.22	0.625448028673835	0	0	0	1	0.2689381108250298	-2.629617402305503	NO	P68400
257	Y	257	-93.134	-197.758	301.802	0.49	0.69995988768552	0	0	0	0.5191919191919193	-0.16791031411032561	-1.8391589354330904	NO	P68400
258	I	258	-94.611	-199.293	298.665	0.21	0.566544566544567	0	0	0	0.5191919191919193	-0.01553265073698071	-1.6986079330298816	NO	P68400
259	D	259	-91.677	-201.831	298.532	-0.93	0.566993464052288	0	0	0	0.5191919191919193	-0.10890593794569967	-2.9503627895060567	NO	P68400
260	K	260	-92.278	-202.848	302.223	0.49	0.57283950617284	0	0	0	0.5191919191919193	-0.49204038873557426	-3.190678595285238	NO	P68400
261	Y	261	-95.916	-203.694	301.493	0.49	0.514498141263941	0	0	0	0.5191919191919193	-0.3439888876377301	-1.8329261647556463	NO	P68400
262	N	262	-95.197	-205.02	297.982	-1.22	0.514498141263941	0	0	0	0.5191919191919193	0.058813828810589254	-3.550665834711542	NO	P68400
263	I	263	-97.631	-202.385	296.529	0.49	0.586346738763096	1	0	0	0.5191919191919193	0.34956815302332134	-2.0746821183049944	NO	P68400
264	E	264	-97.276	-201.468	292.866	-0.08	0.512177121771218	0	0	0	0.27878787878787875	0.3572525808078459	-2.212161929702315	NO	P68400
265	L	265	-97.964	-197.797	292.073	0.49	0.514074074074074	0	0	0	0.28611514271891636	0.6392437052960767	-0.6950913814245091	NO	P68400
266	D	266	-100.566	-197.033	289.413	0.49	0.569085690856909	0	0	0	0.28611514271891636	0.7493589015555588	0.32811559189980516	NO	P68400
267	P	267	-98.403	-196.581	286.208	0.49	0.635531135531136	0	0	0	0.27878787878787875	0.7535534527605023	0.08463149925942205	NO	P68400
268	R	268	-99.907	-193.163	285.79	-0.36	0.564916564916565	0	0	0	0.27878787878787875	0.9052282165931462	0.401372136647924	NO	P68400
269	F	269	-97.414	-192.002	288.42	0.49	0.560808080808081	0	0	0	0.27878787878787875	0.9835743712867074	0.21446509641308362	NO	P68400
270	N	270	-94.448	-192.756	286.074	0.49	0.55515443241075	1	0	0	0.5191919191919193	0.8928830074534343	-0.5674511182817207	NO	P68400
271	D	271	-94.906	-189.417	284.221	0.49	0.563701531443467	0	0	0	0.5191919191919193	1.0310937254097692	-0.06569284247903456	NO	P68400
272	I	272	-95.836	-187.142	287.241	0.49	0.563701531443467	1	0	0	0.27878787878787875	1.0336157840642435	0.4331311744008292	NO	P68400
273	L	273	-94.111	-188.336	290.443	0.49	0.62410071942446	0	0	0	0.27878787878787875	1.0608856823214339	0.6548307374585465	NO	P68400
274	G	274	-90.475	-187.47	289.588	0.49	0.62410071942446	0	0	0	0.27878787878787875	1.024749329039414	0.4331311744008292	NO	P68400
275	R	275	-87.586	-187.545	292.127	-0.36	0.625448028673835	0	0	0	0.28611514271891636	1.01822501598734	-0.07156136032467986	NO	P68400
276	H	276	-87.835	-185.381	295.297	0.49	0.625	0	0	0	0.27878787878787875	1.0568656233255207	-0.07156136032467986	NO	P68400
277	S	277	-85.67	-185.209	298.369	0.49	0.629496402877698	0	0	0	0.5191919191919193	1.0455440010661645	-0.32195145507221884	NO	P68400
278	R	278	-87.218	-185.051	301.858	0.49	0.631294964028777	1	0	0	0.27878787878787875	0.2375145782467079	-0.4691534443671594	NO	P68400
279	K	279	-87.551	-181.392	302.891	0.49	0.524193548387097	0	0	0	0.27878787878787875	0.5849230828311369	-0.41780391321776184	NO	P68400
280	R	280	-86.644	-180.164	306.369	0.49	0.524193548387097	0	0	0	0.27878787878787875	-0.1459804002084532	-0.6352842804387403	NO	P68400
281	W	281	-89.792	-178.805	308.205	0.49	0.488753124132186	0	0	0	0.28611514271891636	-0.8401996387733799	-0.6460240516595291	NO	P68400
282	E	282	-87.995	-175.435	308.651	0.49	0.488006617038875	0	0	0	0.28611514271891636	-0.6567485753134817	-0.4691534443671594	NO	P68400
283	R	283	-88.619	-174.794	304.876	-0.65	0.488378527946873	0	0	0	0.27878787878787875	-0.1834331398036605	-1.2514786542315126	NO	P68400
284	F	284	-92.296	-174.038	305.792	0.49	0.491917502787068	0	0	0	0.27878787878787875	0.15426686402389234	-0.7618457719187263	NO	P68400
285	V	285	-91.49	-171.473	308.561	-0.08	0.496911847276811	0	0	0	0.27878787878787875	-0.34953381592177485	-0.11217150381654613	NO	P68400
286	H	286	-91.687	-167.772	307.797	0.49	0.400112707805016	1	0	0	0.5191919191919193	-0.26841915283128154	-0.8382659565116537	NO	P68400
287	S	287	-92.186	-164.497	309.692	0.49	0.400794777178541	0	0	0	0.5191919191919193	-0.5354942203380751	-0.8227316445672975	NO	P68400
288	E	288	-96.005	-164.962	309.622	0.49	0.323260073260073	0	0	0	0.28611514271891636	0.004847308307959493	-1.0412476325845665	NO	P68400
289	N	289	-96.221	-168.43	311.261	0.49	0.350082644628099	0	0	0	0.28611514271891636	0.09603263210105223	-0.812168312445136	NO	P68400
290	Q	290	-93.082	-168.532	313.356	-0.36	0.321167883211679	0	0	0	0.27878787878787875	-0.588242593435237	0.05907694997838425	NO	P68400
291	H	291	-94.831	-167.846	316.606	0.49	0.324074074074074	1	0	0	0.28611514271891636	-0.3834841112379383	-0.47942335059703917	NO	P68400
292	L	292	-96.769	-171.144	316.083	0.49	0.327715355805243	0	0	0	0.1443315594258991	-0.03606618695336884	0.1573108356554928	NO	P68400
293	V	293	-93.731	-173.253	315.429	0.49	0.328947368421053	0	0	0	0.28611514271891636	-0.3886449386696382	-0.011840561071935032	NO	P68400
294	S	294	-91.497	-174.778	318.073	0.49	0.239917976760082	0	0	0	0.5191919191919193	-0.564190714639987	-0.02754747648233912	NO	P68400
295	P	295	-89.033	-177.702	318.013	0.49	0.239917976760082	0	0	0	0.5191919191919193	-1.01156767144867	0.03201797965096251	NO	P68400
296	E	296	-91.7	-179.765	319.869	0.49	0.239917976760082	0	0	0	0.5191919191919193	-0.45050080991429453	0.5578371786207953	NO	P68400
297	A	297	-94.41	-178.948	317.26	0.49	0.240137221269297	0	0	0	0.1443315594258991	-0.2272076336540629	0.45856141839862596	NO	P68400
298	L	298	-92.07	-179.969	314.417	0.49	0.240137221269297	0	0	0	1	-0.6881284008403987	-0.01833997434520588	NO	P68400
299	D	299	-91.024	-183.21	316.085	0.49	0.26	0	0	0	1	-0.8525068198489715	1.0278828868345125	NO	P68400
300	F	300	-94.687	-184.106	316.791	-0.36	0.26	0	0	0.7927928602764529	1	-0.8291933308353246	0.879447400030181	NO	P68400
301	L	301	-95.7	-183.295	313.183	0.49	0.256934306569343	0	0	0.6157510341251579	0.6960490243509111	-0.5008946811077902	0.46951598504383074	NO	P68400
302	D	302	-92.792	-185.379	311.829	0.49	0.144078144078144	1	0	1.0860431306615606	1	-0.949739908390486	0.33703419467838486	NO	P68400
303	K	303	-94.085	-188.378	313.787	0.49	0.144199346405229	0	0	3.3926731527507297	0.5509433962264151	-1.2745316494375023	0.8145848343677836	NO	P68400
304	L	304	-97.625	-188.096	312.384	0.49	0.257664233576642	0	0	1.6676067222431312	0.6315432994678278	-1.1191355783958243	0.36270896025308363	NO	P68400
305	L	305	-96.773	-187.387	308.728	0.49	0.234625668449198	0	0	1.3567940601441173	0.7186836714737157	-0.44955208348093856	0.077952469333696	NO	P68400
306	R	306	-95.083	-190.685	307.854	0.49	0.234625668449198	0	0	1.0860431306615606	1	-0.680446843514189	-0.7475511727068672	NO	P68400
307	Y	307	-95.81	-192.706	304.757	0.49	0.13	0	0	0.9672575183201411	1	-0.18569478067935996	-0.6390737110797119	NO	P68400
308	D	308	-95.69	-195.988	306.687	0.49	0.130970149253731	0	0	3.3926731527507297	0.5509433962264151	-0.5098917027464487	-0.2699172635074963	NO	P68400
309	H	309	-98.977	-196.144	308.57	0.49	0.145522388059701	0	0	3.3926731527507297	0.5509433962264151	-0.6465031616829242	0.5814302064461937	NO	P68400
310	Q	310	-97.421	-198.6	311.068	0.49	0.163712686567164	0	0	3.3926731527507297	0.5509433962264151	-1.0776363493218197	0.6132946722621442	NO	P68400
311	S	311	-95.241	-194.721	312.589	-0.36	0.145522388059701	0	0	3.3926731527507297	0.5509433962264151	-1.59428190789206	0.6825431828407608	NO	P68400
312	R	312	-97.053	-193.113	312.862	0.49	0.164943609022556	0	2	1.6676067222431312	0.6315432994678278	-1.3352073525218544	0.05274451767853748	NO	P68400
313	L	313	-97.773	-192.186	316.474	0.49	0.165719696969697	0	0	1.6676067222431312	0.6315432994678278	-1.1788812823279726	0.6536896367663376	NO	P68400
314	T	314	-100.94	-193.737	317.861	0.49	0.163857677902622	0	0	1.6676067222431312	0.6315432994678278	-0.4315027313113679	0.6945890878923491	NO	P68400
315	A	315	-103.441	-191.371	319.471	0.49	0.293501048218029	0	0	1.6676067222431312	0.6315432994678278	0.04731065157558939	0.2076333761819025	NO	P68400
316	R	316	-102.319	-192.356	323.003	-0.08	0.29404309252218	0	0	3.3926731527507297	0.5509433962264151	0.39377392664910854	1.042804972809551	NO	P68400
317	E	317	-98.597	-191.985	322.082	0.49	0.333015267175573	0	0	3.3926731527507297	0.5509433962264151	-0.19127191281339279	0.3548090323839455	NO	P68400
318	A	318	-99.392	-188.574	320.557	0.49	0.440656565656566	0	0	0.7927928602764529	1	-0.190416452805047	0.5814302064461937	NO	P68400
319	M	319	-100.978	-187.469	323.91	0.49	0.436953807740325	1	0	0	0.27878787878787875	0.7931872008895444	0.3471270335594732	NO	P68400
320	E	320	-97.68	-188.313	325.626	0.49	0.528301886792453	0	0	0	1	0.24290851100005406	0.5097307757545171	NO	P68400
321	H	321	-95.679	-185.982	323.306	0.49	0.665399239543726	0	0	0	0.28611514271891636	-0.5265575224308886	0.466116291947043	NO	P68400
322	P	322	-93.714	-183	324.765	0.49	0.723140495867769	0	0	0	0.5191919191919193	-0.07031642324400748	0.4331311744008292	NO	P68400
323	Y	323	-95.743	-180.665	322.553	0.49	0.815850815850816	0	0	0	0.27878787878787875	-0.1443773370656824	0.4982717224874937	NO	P68400
324	F	324	-98.572	-181.085	325.086	0.49	0.85795763172189	0	0	0	0.27878787878787875	0.5174004881154357	0.43166404493941773	NO	P68400
325	Y	325	-96.532	-180.514	328.258	0.49	0.797727272727273	0	0	0	0.5191919191919193	1.0217857728837845	0.401372136647924	NO	P68400
326	T	326	-99.129	-176.755	328.561	-0.36	0.745047169811321	0	0	0	0.27878787878787875	1.1434603753130546	0.5097307757545171	NO	P68400
327	V	327	-101.325	-177.699	328.145	0.49	0.769735403455062	0	0	0	0.27878787878787875	1.2874375613331122	0.555783197374819	NO	P68400
328	V	328	-103.119	-177.577	331.546	0.49	0.76839591925331	0	0	0	1	1.4795685229133286	-0.02754747648233912	NO	P68400
