Uniprot_position	aminoacid	Position_in_structure	x	y	z	paraz	mtr	gscount	pscount	OR	pvalue	mtr3dscore	paraz3dscore	HotSpot3D	Uniprot
58	S	57	136.301	-59.205	60.129	0.26	0	0	0	0	1	-2.1535275481555165	1.1916222815619122	NO	P84243
59	T	58	134.354	-62.266	61.368	0.26	0	0	0	0	1	-2.1535275481555165	1.1916222815619122	NO	P84243
60	E	59	130.834	-63.107	62.696	0.26	0	0	0	0	1	-1.626595643439784	1.1916222815619122	NO	P84243
61	L	60	132.614	-63.44	66.032	0.26	0	0	0	0	1	-1.4892673840122521	1.1916222815619122	NO	P84243
62	L	61	130.824	-61.649	68.839	0.26	0	0	0	0	1	-1.0689931037531597	-0.539297455292476	NO	P84243
63	I	62	131.303	-63.17	72.328	0.26	0	0	0	0	1	-0.94705348271582	-0.718717890466414	NO	P84243
64	R	63	133.872	-65.93	72.786	0.26	0	0	0	0	1	-1.5023885119036708	0.40400676543075104	NO	P84243
65	K	64	132.106	-69.253	73.247	0.26	0	0	0	0	1	-1.0158637201680836	-1.2102528336207634	NO	P84243
66	L	65	134.041	-70.622	76.258	0.26	0	0	0	0	1	-1.314458796268931	-1.0494170617987657	NO	P84243
67	P	66	133.757	-67.616	78.521	0.26	0	0	0	0	1	-1.5670575886226363	-0.2092938445921938	NO	P84243
68	F	67	130.101	-67.382	77.538	0.26	0	0	0	0	1	-0.9380152732273663	-0.910018444222929	NO	P84243
69	Q	68	129.549	-71.004	78.617	0.26	0	0	0	0	1	-0.7843257919874987	-1.143237928694931	NO	P84243
70	R	69	131.21	-70.502	81.975	0.26	0	0	0	0	1	-1.1376568075278097	0.08563586617709172	NO	P84243
71	L	70	129.252	-67.302	82.421	0.26	0.0486968449931413	0	0	0	1	-1.2541965372382482	-0.799826621634804	NO	P84243
72	V	71	126.012	-69.236	81.959	-3.68	0.0945300053106744	0	0	0	1	-0.7898706882910997	-0.7483537730087105	NO	P84243
73	R	72	127.021	-71.988	84.426	0.26	0.0987654320987654	0	0	0	1	-0.878727001407558	0.3510726058694486	NO	P84243
74	E	73	128.005	-69.49	87.086	0.26	0.0981205085682698	0	0	0	1	-1.1793897910012117	0.4915196005564356	NO	P84243
75	I	74	124.677	-67.653	86.893	0.26	0.097480380008261	0	0	0	1	-1.250380513900149	0.3514990643553403	NO	P84243
76	A	75	122.709	-70.917	86.761	0.26	0.0980311166184772	0	0	0	1	-0.8263645374801741	0.08563586617709172	NO	P84243
77	Q	76	124.529	-72.132	89.853	0.26	0.0979423868312757	0	0	0	1	-0.9002369424965415	0.40400676543075104	NO	P84243
78	D	77	122.897	-69.856	92.385	0.26	0.101709401709402	0	0	0	1	-0.9112291907907831	0.14146826005369728	NO	P84243
79	F	78	119.45	-70.781	91.137	0.26	0.105682656826568	0	0	0	1	-0.9112291907907831	0.14146826005369728	NO	P84243
80	K	79	120.11	-74.524	91.179	0.26	0.105092250922509	0	0	0	1	-0.8235098367848023	1.1916222815619122	NO	P84243
81	T	80	123.146	-76.768	91.643	0.26	0.106171003717472	0	0	0	1	-0.7321135021390024	1.1916222815619122	NO	P84243
82	D	81	124.163	-79.988	89.875	0.26	0.172463768115942	0	0	0	1	-0.7029496836420399	1.1916222815619122	NO	P84243
83	L	82	122.747	-78.619	86.6	0.26	0.18030303030303	0	0	0	1	-0.6979196509053905	0.3514990643553403	NO	P84243
84	R	83	124.143	-79.605	83.232	0.26	0.190298507462687	1	0	0	1	-0.6247603872861288	-0.675910504571986	NO	P84243
85	F	84	123.44	-78.165	79.798	0.26	0.229103160596823	0	0	0	1	-0.4107457481478945	-1.2408744767806534	NO	P84243
86	Q	85	122.842	-79.431	76.31	0.26	0.210774907749078	1	0	0	1	-0.08758802238115207	-1.3941923453927159	NO	P84243
87	S	86	125.335	-77.62	74.099	0.26	0.208467153284672	1	0	0	1	-0.4782969139593922	-1.527050565997426	NO	P84243
88	A	87	122.407	-76.324	72.039	-3.68	0.200449185850646	0	0	0	1	0.06150038267589277	-1.2094913006102426	NO	P84243
89	A	88	120.996	-74.748	75.222	0.26	0.186131386861314	0	0	0	1	-0.2044108886105444	-1.527050565997426	NO	P84243
90	I	89	124.188	-72.734	75.664	-2.37	0.226926977687627	0	0	0	1	-0.6058900750812306	-1.4350954549770365	NO	P84243
91	G	90	124.088	-71.986	71.946	-3.68	0.234375	0	0	0	1	-0.4980782789109747	-1.8103408459111718	NO	P84243
92	A	91	120.502	-70.814	72.338	0.26	0.235031512605042	0	0	0	1	-0.1817754851693542	-2.789592136071422	NO	P84243
93	L	92	121.481	-68.541	75.236	0.26	0.24284357617691	0	0	0	1	-0.43454007997832966	-1.8341006758394216	NO	P84243
94	Q	93	124.457	-67.146	73.392	0.26	0.23331595411887401	0	0	0	1	-0.7012159308633585	-1.6099730493652489	NO	P84243
95	E	94	122.558	-66.335	70.19	0.26	0.21209972822876	0	0	0	1	-0.4949662384953174	-1.5493005739569907	NO	P84243
96	A	95	119.678	-64.691	72.106	0.26	0.211508921186341	0	0	0	1	0.21848395293403597	-2.3106680338233527	NO	P84243
97	S	96	122.151	-62.705	74.265	-5	0.217948717948718	1	0	0	1	-0.3343728669955032	-1.6738879764805774	NO	P84243
98	E	97	123.998	-61.479	71.175	0.26	0.219362745098039	0	0	0	1	-0.4144788564826499	-0.718717890466414	NO	P84243
99	A	98	120.813	-60.564	69.252	-3.68	0.245541838134431	0	0	0	1	0.08690364073157704	-0.539297455292476	NO	P84243
100	Y	99	119.609	-58.786	72.342	0.26	0.255933657420646	0	0	0	1	0.5295762253494694	-0.539297455292476	NO	P84243
101	L	100	122.766	-56.687	72.768	0.26	0.294382943829438	0	0	0	1	0.3089789986089355	-0.20959845779640202	NO	P84243
102	V	101	123.233	-55.945	69.045	0.26	0.254754470621629	0	0	0	1	0.12571424710796225	-0.4431352476894544	NO	P84243
103	G	102	119.623	-54.753	68.814	0.26	0.212148148148148	0	0	0	1	0.6177766090101792	-0.3570953777288562	NO	P84243
104	L	103	120.038	-52.729	71.979	0.26	0.20174697097774	0	0	0	1	0.8584081112157096	0.1407067270431765	NO	P84243
105	F	104	123.128	-51.018	70.562	0.26	0.20981684981685	1	0	0	1	0.7828098013667731	0.18347442091402588	NO	P84243
106	E	105	121.063	-50.001	67.523	0.26	0.21875	0	0	0	1	0.7376588358943238	-0.06856254424794568	NO	P84243
107	D	106	118.468	-48.335	69.787	0.26	0.229103160596823	0	0	0	1	0.9433258416452805	0.7248871608915944	NO	P84243
108	T	107	121.262	-46.826	71.83	0.26	0.241297735721528	0	0	0	1	0.9804586775369306	0.7851110474297	NO	P84243
109	N	108	122.837	-45.425	68.734	0.26	0.230806529820592	0	0	0	1	0.8592065295135252	0.7415562723441058	NO	P84243
110	L	109	119.485	-43.778	67.874	0.26	0.222014925373134	0	0	0	1	0.8381146037677569	0.6437158355576261	NO	P84243
111	C	110	119.347	-42.192	71.326	0.26	0.266417910447761	0	0	0	1	1.010266149548748	0.7415562723441058	NO	P84243
112	A	111	122.883	-40.747	70.937	-3.68	0.267415730337079	0	0	0	1	0.9202830734984535	0.6665452708078048	NO	P84243
113	I	112	122.041	-39.245	67.559	0.26	0.308849045691151	0	0	0	1	0.8650339713121342	0.45033708990905463	NO	P84243
114	H	113	118.874	-37.738	69.035	0.26	0.317910447761194	0	0	0	1	0.9956877879943477	0.45033708990905463	NO	P84243
115	A	114	121.105	-35.906	71.525	0.26	0.319101123595506	0	0	0	1	0.9631302803248818	0.45033708990905463	NO	P84243
116	K	115	123.361	-34.858	68.611	0.26	0.290944753187316	1	0	0	1	0.9832647889769485	0.2222493386312523	NO	P84243
117	R	116	126.171	-37.121	69.764	0.26	0.303321678321678	0	0	0	1	0.9292254635152876	0.40400676543075104	NO	P84243
118	V	117	128.261	-39.629	67.828	0.26	0.291580400276052	0	0	0	1	0.9393392311157723	0.3514990643553403	NO	P84243
119	T	118	129.562	-41.106	71.1	0.26	0.306122448979592	0	0	0	1	0.8790871146046788	0.5283671100830397	NO	P84243
120	I	119	127.06	-43.462	72.81	0.26	0.319784817692768	0	0	0	1	0.8860301115370746	0.6875483512379691	NO	P84243
121	M	120	126.914	-43.33	76.615	0.26	0.269527896995708	0	0	0	1	0.9262293541475471	0.5915342692715038	NO	P84243
122	P	121	125.229	-45.234	79.473	0.26	0.267543859649123	0	0	0	1	0.9456503429371818	0.45033708990905463	NO	P84243
123	K	122	122.319	-42.763	79.546	0.26	0.266666666666667	0	0	0	1	1.0962166974978584	0.5283671100830397	NO	P84243
124	D	123	121.596	-43.713	75.92	0.26	0.265740740740741	0	0	0	1	1.010266149548748	0.7415562723441058	NO	P84243
125	I	124	121.425	-47.417	76.829	0.26	0.277375904215515	0	0	0	1	0.9534484448852026	0.7248871608915944	NO	P84243
126	Q	125	119.215	-46.465	79.77	0.26	0.33128078817734	1	0	0	1	1.0957229464997769	0.6437158355576261	NO	P84243
127	L	126	116.737	-44.523	77.627	0.26	0.332908163265306	0	0	0	1	1.0839603804780338	0.7069358100965822	NO	P84243
128	A	127	116.543	-47.344	75.089	0.26	0.357446808510638	2	0	0	1	1.0121575427739469	0.7415562723441058	NO	P84243
129	R	128	115.849	-49.916	77.808	0.26	0.381475667189953	0	0	0	1	1.0449137849079442	1.1916222815619122	NO	P84243
130	R	129	113.173	-47.83	79.442	0.26	0.38423645320197	0	0	0	1	1.230727088426981	1.1916222815619122	NO	P84243
131	I	130	111.314	-47.214	76.21	0.26	0.380388841927303	0	0	0	1	1.2590525971094157	1.1916222815619122	NO	P84243
132	R	131	111.632	-50.94	75.405	0.26	0.309116809116809	0	0	0	1	1.2150341094684072	1.1916222815619122	NO	P84243
133	G	132	109.77	-51.473	78.66	0.26	0.307692307692308	0	0	0	1	1.6780206558790887	1.1916222815619122	NO	P84243
134	E	133	112.566	-52.929	80.76	0.26	0.333892617449664	0	0	0	1	1.4782828589417596	1.1916222815619122	NO	P84243
135	R	134	113.016	-52.259	84.47	0.26	0.367504835589942	0	0	0	1	1.6780206558790887	1.1916222815619122	NO	P84243
