Uniprot_position	aminoacid	Position_in_structure	x	y	z	paraz	mtr	gscount	pscount	OR	pvalue	mtr3dscore	paraz3dscore	HotSpot3D	Uniprot
2	S	2	-2.418	-25.266	30.567	-0.65	0.34280303030303	0	0	0	0.5263157894736843	-0.8277239591577061	-5.481686463674209	NO	P68400
3	G	3	-0.7	-21.86	30.273	0.49	0.302737520128824	0	0	0	0.5263157894736843	-0.2968744875645676	-4.829681555904029	NO	P68400
4	P	4	-0.918	-19.323	27.449	0.49	0.298850574712644	0	0	0	0.28548644338118023	-0.010700844294630366	-2.4607173064199634	NO	P68400
5	V	5	-2.346	-20.055	23.994	-0.36	0.296296296296296	1	0	0	0.28548644338118023	-0.008546361130641882	-2.837828152232613	NO	P68400
6	P	6	0.354	-20.021	21.254	-0.65	0.39811320754717	0	0	0	0.14635430772471492	-0.13017039055740706	-1.3023389302430823	NO	P68400
7	S	7	0.411	-17.475	18.434	0.49	0.39578313253012	0	0	0	0.28548644338118023	-0.11119277213211383	-0.8185000261783386	NO	P68400
8	R	8	1.969	-17.229	14.949	0.49	0.398823529411765	0	0	0	0.28548644338118023	-0.031091752763003543	-0.47687951997712513	NO	P68400
9	A	9	2.534	-14.343	12.577	0.49	0.396067415730337	0	0	1.154868148297131	1	-0.4106108667728076	0.21229182649260267	NO	P68400
10	R	10	-0.189	-14.259	9.946	0.49	0.397826086956522	0	0	3.5962401732455396	0.547846889952153	-0.8637675102830026	0.24386656747319554	NO	P68400
11	V	11	2.397	-13.308	7.285	0.49	0.363157894736842	0	0	3.5962401732455396	0.547846889952153	-0.42167668847975576	-0.11164162727125124	NO	P68400
12	Y	12	5.968	-14.384	6.504	0.49	0.361329026303646	0	0	0	1	0.09805043779214952	-0.8226580167601448	NO	P68400
13	T	13	5.468	-17.139	9.044	-0.65	0.40422322775264	0	0	0	0.2894736842105263	0.1683186268024301	-0.858743435023679	NO	P68400
14	D	14	7.978	-19.682	7.74	-0.08	0.406330511593669	0	0	0	0.2894736842105263	0.06859067492169357	-1.3302944321389427	NO	P68400
15	V	15	10.537	-17.559	5.834	0.49	0.404112017015243	0	0	0	1	-0.01764287388829744	-1.6225514549351499	NO	P68400
16	N	16	13.451	-18.478	8.138	0.49	0.402472527472527	0	0	0	1	0.07949330898354452	-1.5052337506694824	NO	P68400
17	T	17	12.644	-22.195	8.398	-0.08	0.40053050397878	0	0	0	0.2894736842105263	-0.044892056609376174	-2.1912309168289923	NO	P68400
18	H	18	13.158	-22.541	4.613	-1.22	0.431944444444444	0	0	0	1	-0.35006728436290696	-2.830233704728785	NO	P68400
19	R	19	16.525	-20.794	4.73	0.49	0.430894308943089	0	0	0	1	-0.3122206396221434	-2.289129320080987	NO	P68400
20	P	20	19.95	-22.338	5.151	-0.65	0.536890645586298	0	0	0	1	-0.7067437933812818	-1.8891826009934847	NO	P68400
21	R	21	21.193	-22.47	8.766	0.49	0.38953488372093	1	0	0.8523487179281668	1	-0.6927646526499304	-2.11371409241103	NO	P68400
22	E	22	23.725	-19.702	7.992	0.49	0.434343434343434	0	0	1.7702841143866326	0.620414673046252	-0.546944658079646	-1.212633765011671	NO	P68400
23	Y	23	21.093	-17.007	7.219	0.49	0.435994930291508	0	0	1.154868148297131	1	-0.3279723175034719	-1.1760872162136884	NO	P68400
24	W	24	19.668	-16.956	10.772	0.49	0.389433962264151	0	0	1.154868148297131	1	-0.14278689185904056	-0.8552512977723687	NO	P68400
25	D	25	22.32	-18.773	12.87	0.49	0.388636363636364	0	0	1.154868148297131	1	-0.11735277378931101	-0.0411157100952274	NO	P68400
26	Y	26	24.202	-15.565	13.761	0.49	0.388636363636364	0	0	1.154868148297131	1	-0.2586442343675641	-0.2280653635618302	NO	P68400
27	E	27	26.273	-17.279	16.504	0.49	0.390458015267176	0	1	1.154868148297131	1	-0.6339025919832822	-0.058181748362312075	NO	P68400
28	S	28	28.188	-19.089	13.744	-0.36	0.437179487179487	1	0	1.154868148297131	1	-0.6624519924746493	-0.38019890131968775	NO	P68400
29	H	29	28.76	-15.978	11.64	0.49	0.435897435897436	0	0	1.154868148297131	1	-0.4732733953639707	-0.7205982479339879	NO	P68400
30	V	30	32.404	-15.081	11	0.49	0.433333333333333	0	0	1.7702841143866326	0.620414673046252	-0.46177262144607645	-2.255697241395654	NO	P68400
31	V	31	32.929	-11.315	10.959	-0.65	0.485209923664122	0	0	1.7702841143866326	0.620414673046252	-0.7537898840925852	-1.3254133127603003	NO	P68400
32	E	32	34.702	-9.715	8.001	-0.93	0.481939163498099	0	0	0	0.5263157894736843	-0.7398915401414599	-2.0516724960982873	NO	P68400
33	W	33	36.934	-6.875	9.253	0.49	0.430925221799746	0	0	0	0.5263157894736843	-0.9960912038549731	-1.883569313708046	NO	P68400
34	G	34	37.883	-3.719	7.351	0.49	0.481132075471698	0	0	0	0.2894736842105263	-0.9972102691555379	-1.5636119384380442	NO	P68400
35	N	35	40.654	-1.229	8.139	0.49	0.481534090909091	1	0	0	1	-1.355036118550029	-0.6322943609930957	NO	P68400
36	Q	36	40.058	1.087	11.13	0.49	0.481534090909091	0	0	0	0.5263157894736843	-1.5776819440945897	0.540015862187716	NO	P68400
37	D	37	42.656	3.591	9.837	0.49	0.368278109722977	0	0	0	0.5263157894736843	-1.3789827390081053	0.5133043571742495	NO	P68400
38	D	38	40.169	4.519	7.094	0.49	0.319811320754717	0	0	0	0.5263157894736843	-1.7224344641781884	-0.0411157100952274	NO	P68400
39	Y	39	38.008	6.363	9.637	0.49	0.321022727272727	0	0	0	0.5263157894736843	-1.8372628065828798	0.30641462579665446	NO	P68400
40	Q	40	38.63	9.528	11.612	0.49	0.321969696969697	0	0	0	0.2894736842105263	-2.010158466857649	1.0642700938065335	NO	P68400
41	L	41	36.234	10.355	14.47	0.49	0.319548872180451	0	0	0	0.5263157894736843	-1.9414295234639583	1.0733856885435704	NO	P68400
42	V	42	34.998	13.971	14.32	0.49	0.420987654320988	0	0	0	0.5263157894736843	-2.1575355932021156	0.9548829569620885	NO	P68400
43	R	43	32.126	14.537	16.744	0.49	0.420987654320988	1	0	0	0.5263157894736843	-2.043248243433907	0.9339707102124154	NO	P68400
44	K	44	30.448	12.484	19.478	0.49	0.360569319978914	0	0	7.925910669210703	0.0563178959405375	-1.7808832214163204	1.3103911517065352	NO	P68400
45	L	45	26.736	12.217	18.589	0.49	0.364021164021164	0	0	7.925910669210703	0.0563178959405375	-1.8916628279017593	1.3103911517065352	NO	P68400
46	G	46	25.385	10.179	21.497	0.49	0.366737739872068	0	0	13.337551751372146	0.007828649338083306	-1.554826891871469	1.3103911517065352	YES	P68400
47	R	47	25.72	7.416	24.035	0.49	0.368869936034115	0	2	36.631705641501554	0.0014953599859260241	-1.5929097859017434	1.3103911517065352	YES	P68400
48	G	48	23.31	4.546	24.706	0.49	0.368869936034115	0	0	36.631705641501554	1.231472929586134e-4	-1.0787133921320045	1.3103911517065352	YES	P68400
49	K	49	23.546	1.723	27.246	0.49	0.366895097522404	0	0	36.631705641501554	1.231472929586134e-4	-1.4152830885645142	1.3103911517065352	YES	P68400
50	Y	50	25.093	-0.513	24.591	0.49	0.369622942113648	0	2	36.631705641501554	8.16793269623457e-6	-0.9580750407030166	1.3103911517065352	YES	P68400
51	S	51	27.192	1.86	22.473	0.49	0.214197530864198	0	2	36.631705641501554	3.2671730784938286e-5	-1.4489082727427804	1.3103911517065352	YES	P68400
52	E	52	28.752	5.227	21.694	0.49	0.214197530864198	0	0	16.58429871827503	0.0026564630338215193	-1.6295880817575612	1.3103911517065352	YES	P68400
53	V	53	27.937	6.858	18.357	0.49	0.215613382899628	0	0	16.58429871827503	0.0026564630338215193	-1.7248356330969923	1.3103911517065352	YES	P68400
54	F	54	30.258	9.262	16.521	0.49	0.216232961586121	0	0	3.89626755160738	0.1792638014087864	-2.0305335901355295	0.760676120994614	NO	P68400
55	E	55	30.126	11.339	13.385	0.49	0.183974696889826	0	0	0	0.5263157894736843	-2.2263505298463837	0.540015862187716	NO	P68400
56	A	56	33.251	10.567	11.38	0.49	0.184126984126984	0	0	0	0.5263157894736843	-2.1789521624046744	0.6122385455801054	NO	P68400
57	I	57	34.91	10.915	7.991	0.49	0.161111111111111	1	0	0	0.5263157894736843	-2.273671100124164	0.697247463604777	NO	P68400
58	N	58	36.049	8.133	5.69	0.49	0.161710037174721	0	0	0	0.5263157894736843	-2.1375223360607754	0.24594556276409865	NO	P68400
59	I	59	39.476	9.573	4.959	0.49	0.161847014925373	0	0	0	0.5263157894736843	-2.1274389662694686	0.9548829569620885	NO	P68400
60	T	60	39.764	7.671	1.665	0.49	0.186034115138593	0	0	0	0.5263157894736843	-2.199394972352616	0.8837813180131995	NO	P68400
61	N	61	36.755	9.256	-0.068	0.49	0.186034115138593	0	0	0	1	-2.630572543768181	0.7771288595898653	NO	P68400
62	N	62	36.297	12.291	2.216	0.49	0.184656084656085	0	0	0	1	-2.6739968293256826	0.17169573094612717	NO	P68400
63	E	63	32.688	11.184	2.745	0.49	0.183447548761202	0	0	0	1	-2.604357825050182	-0.3629030581432663	NO	P68400
64	K	64	30.839	11.654	6.036	-0.08	0.212287104622871	0	0	0	0.5263157894736843	-2.3920624845326786	0.008940099601133922	NO	P68400
65	V	65	30.138	8.504	8.007	0.49	0.213064713064713	0	0	0	0.28548644338118023	-2.1121514467440536	-0.14906354250750903	NO	P68400
66	V	66	28.671	7.303	11.325	0.49	0.212121212121212	0	0	0.844620498515951	1	-1.727439495286772	-0.4533628006128665	NO	P68400
67	V	67	30.565	5.052	13.742	0.49	0.36101083032491	0	0	2.4572820291552664	0.2663923960845509	-1.705477197387618	0.22059196165552314	NO	P68400
68	K	68	28.818	2.995	16.392	0.49	0.3584229390681	0	0	9.522227314658684	0.002067633083546667	-1.3654978658406725	0.2948964518862737	YES	P68400
69	I	69	31.265	1.536	18.921	0.49	0.357398873527906	0	0	36.631705641501554	4.3981176056647663e-4	-1.549356539912892	0.7224731676000682	YES	P68400
70	L	70	29.704	-1.436	20.779	0.49	0.359979370809696	0	0	24.628949828245904	2.5320591358327186e-4	-1.2432910064634703	0.5336335597755677	YES	P68400
71	K	71	30.113	-3.127	24.201	0.49	0.362042289840124	0	0	36.631705641501554	1.231472929586134e-4	-1.3973157869228239	1.0897308928996372	YES	P68400
72	P	72	27.405	-5.522	25.501	0.49	0.364675324675325	0	0	36.631705641501554	4.3981176056647663e-4	-1.0842904392842119	1.3103911517065352	YES	P68400
73	V	73	27.31	-8.017	28.383	0.49	0.255072463768116	0	1	36.631705641501554	0.004859919954259576	-1.2353258155756446	1.3103911517065352	YES	P68400
74	K	74	25.203	-10.361	26.267	0.49	0.423586040914561	0	0	36.631705641501554	0.004859919954259576	-0.6109486528054363	1.3103911517065352	YES	P68400
75	K	75	28.011	-10.426	23.709	0.49	0.42512077294686	0	0	13.337551751372146	0.007828649338083306	-0.9818461021549771	0.973593914580217	YES	P68400
76	K	76	25.916	-12.531	21.257	0.49	0.366753246753247	0	0	3.89626755160738	0.1792638014087864	-0.46893089998672327	0.5857667930408212	NO	P68400
77	K	77	24.008	-9.287	20.435	0.49	0.429440389294404	0	0	24.628949828245904	2.5320591358327186e-4	-0.4487321665818038	1.0544252514905337	YES	P68400
78	I	78	27.101	-8.249	18.463	0.49	0.431013431013431	0	0	12.093735041042164	0.0010743438282579182	-0.6833611243920569	0.0692309630373265	YES	P68400
79	K	79	26.887	-11.035	15.881	0.49	0.431013431013431	0	0	3.89626755160738	0.1792638014087864	-0.381414949318538	-0.42170892494309986	NO	P68400
80	R	80	23.093	-10.785	15.796	0.49	0.431013431013431	0	1	3.89626755160738	0.1792638014087864	-0.057531665272713924	0.412265186036354	NO	P68400
81	E	81	23.116	-7.067	14.895	0.49	0.431013431013431	0	0	6.5135754536947825	0.012205079601390528	-0.12717694927369497	0.43191169153538955	YES	P68400
82	I	82	25.876	-7.561	12.334	-0.08	0.470588235294118	1	0	1.9139979119059127	0.4729421521874352	-0.3325203870225901	-0.6754651501641983	NO	P68400
83	K	83	24.156	-10.512	10.593	0.49	0.470588235294118	0	0	1.4488198415331297	0.7120464441219159	-0.053305269127542194	-0.4726530448445594	NO	P68400
84	I	84	20.819	-8.687	10.492	0.49	0.473666554847367	0	0	3.1295371147926585	0.1481366696858256	0.37503728793046953	0.4533380198322465	NO	P68400
85	L	85	22.394	-5.553	8.957	0.49	0.476767676767677	0	0	2.4572820291552664	0.2663923960845509	0.30462753881587595	-0.2865890810007553	NO	P68400
86	E	86	24.245	-7.664	6.362	0.49	0.583747927031509	0	0	0.844620498515951	1	-0.1570524604219666	-1.5839601048477592	NO	P68400
87	N	87	21.072	-9.632	5.533	0.49	0.586466165413534	0	0	0.844620498515951	1	0.33549360127577704	0.30641462579665446	NO	P68400
88	L	88	19.089	-6.399	5.046	0.49	0.659774436090226	0	0	0.6573021822226325	1	0.9554848906334489	0.03376924336106362	NO	P68400
89	R	89	21.68	-4.333	3.176	0.49	0.664150943396226	1	0	0.6573021822226325	1	0.5584403942231025	-0.8185000261783386	NO	P68400
90	G	90	20.257	-2.628	0.072	0.49	0.666666666666667	0	0	0	0.28548644338118023	0.8307448491624448	-0.7044835475930159	NO	P68400
91	G	91	16.634	-2.869	1.29	0.49	0.664772727272727	0	0	0	0.28548644338118023	1.3427630754601725	-0.1691109970983612	NO	P68400
92	P	92	14.335	0.174	0.858	-0.36	0.669201520912548	1	0	0	0.5263157894736843	1.7223502647404423	0.1175676035508259	NO	P68400
93	N	93	15.073	2.801	3.527	0.49	0.531320754716981	0	0	0.40565625917721115	0.6419006349492944	1.3148266495046865	0.05505599514480492	NO	P68400
94	I	94	17.266	0.505	5.617	0.49	0.479835953520164	0	0	1.3264064766344343	0.7005576350164234	1.1716795786866712	0.3637178365406684	NO	P68400
95	I	95	20.462	2.151	6.881	0.49	0.47940074906367	0	0	1.3264064766344343	0.7005576350164234	0.37572060686653286	-0.24008982281191896	NO	P68400
96	T	96	23.496	0.739	5.019	-0.93	0.48257006151743	0	0	1.0327616532020527	1	-0.017481058910639526	-1.0822725537116815	NO	P68400
97	L	97	26.307	-0.914	7.008	0.49	0.482124616956078	2	0	1.3264064766344343	0.7005576350164234	-0.367469042303686	-0.4726530448445594	NO	P68400
98	A	98	29.399	0.272	5.108	-0.65	0.397388059701493	0	0	0	0.14635430772471492	-1.189749143181706	-1.3658793669638833	NO	P68400
99	D	99	32.122	-1.438	7.143	0.49	0.398876404494382	0	0	0	0.14635430772471492	-1.1075671718371087	-1.2644780482591855	NO	P68400
100	I	100	33.01	-3.259	10.358	-0.93	0.442786069651741	0	0	0	0.28548644338118023	-0.9858009415526966	-0.9068573260417243	NO	P68400
101	V	101	36.292	-2.342	12.054	0.49	0.439506172839506	0	0	0	0.28548644338118023	-1.1478042836304454	-0.9566526164770672	NO	P68400
102	K	102	37.988	-3.141	15.373	0.49	0.439506172839506	0	0	0	1	-1.1663739344870385	-0.5139272160610198	NO	P68400
103	D	103	38.289	0.017	17.504	0.49	0.438271604938272	0	0	0	1	-1.3402063941901547	0.5125024589906155	NO	P68400
104	P	104	41.846	0.366	18.947	0.49	0.439900867410161	0	0	0	1	-1.2518499499762188	0.8837813180131995	NO	P68400
105	V	105	40.69	1.912	22.234	0.49	0.329291044776119	0	0	0	1	-1.3107894032272864	0.8533091870351039	NO	P68400
106	S	106	37.578	-0.084	23.165	0.49	0.328066914498141	0	0	36.631705641501554	0.13157894736842102	-1.534316870851233	0.9339707102124154	NO	P68400
107	R	107	38.903	-3.293	21.556	-0.08	0.377398720682303	0	0	0	1	-1.3107894032272864	0.8533091870351039	NO	P68400
108	T	108	35.338	-4.026	20.383	0.49	0.221383647798742	0	0	36.631705641501554	0.01515151515151513	-1.3287943911268567	0.41675581586470506	YES	P68400
109	P	109	33.677	-3.978	16.935	0.49	0.222012578616352	0	0	1.7702841143866326	0.620414673046252	-1.117401235389094	-0.38019890131968775	NO	P68400
110	A	110	32.783	-0.569	15.5	0.49	0.189406099518459	0	0	1.860541514738192	0.4490260484302193	-1.356981976715031	-0.44656776863575676	NO	P68400
111	L	111	29.948	-0.465	12.957	0.49	0.18816631130064	0	0	2.4572820291552664	0.2663923960845509	-1.0964541608438423	-0.42484678740079834	NO	P68400
112	V	112	30.315	2.062	10.164	0.49	0.290534979423868	0	0	0	0.14635430772471492	-1.622421749446564	-0.3651751029968962	NO	P68400
113	F	113	27.122	3.384	8.515	0.49	0.186083289404323	0	0	1.0327616532020527	1	-1.126190663587677	-0.6217614191760256	NO	P68400
114	E	114	26.255	5.71	5.609	0.49	0.188336008560728	0	0	0.40565625917721115	0.6419006349492944	-1.1500309548826173	-0.3923059915431831	NO	P68400
115	H	115	25.642	9.302	6.794	-0.36	0.187633262260128	0	0	0.5553209549529787	1	-1.2905092947535044	-0.3923059915431831	NO	P68400
116	V	116	22.172	10.938	6.971	-0.08	0.187265917602996	0	0	0.8523487179281668	1	-0.387835751484575	-0.9530311408090418	NO	P68400
117	N	117	21.586	14.694	7.479	0.49	0.185185185185185	0	0	0	0.5263157894736843	-0.4817791390502282	-1.271720999595235	NO	P68400
118	N	118	18.867	14.409	10.152	0.49	0.183447548761202	0	0	0.8523487179281668	1	0.3790130978458124	-0.5290399125987396	NO	P68400
119	T	119	16.658	17.063	11.759	0.49	0.318933823529412	0	0	0	0.2894736842105263	0.38556204433775404	-0.9489569806825138	NO	P68400
121	F	121	12.217	14.948	15.648	0.49	0.322490706319703	0	0	0.5553209549529787	1	0.666136169062247	0.6461521562629641	NO	P68400
122	K	122	11.025	17.261	18.475	0.49	0.42716049382716	0	0	0.8523487179281668	1	0.6144065188086276	0.0692309630373265	NO	P68400
123	Q	123	11.673	20.074	16.01	0.49	0.42998760842627	0	0	0	0.5263157894736843	0.4767913799876215	0.3726419816685518	NO	P68400
124	L	124	10.547	18.251	12.846	0.49	0.559076262083781	0	0	0	0.5263157894736843	0.5206701247554564	0.24854430687772722	NO	P68400
125	Y	125	7.298	16.86	14.299	0.49	0.647388059701493	0	0	0.5553209549529787	1	0.7390557517785328	0.6122385455801054	NO	P68400
126	Q	126	6.114	20.463	14.785	0.49	0.64365671641791	0	0	0	0.5263157894736843	0.396138100690124	0.3390483953567201	NO	P68400
127	T	127	6.586	21.394	11.122	-0.93	0.638376383763838	1	0	0	0.5263157894736843	0.26427271232289523	0.19334698190424782	NO	P68400
128	L	128	5.235	18.381	9.244	0.49	0.540779220779221	0	0	0	0.07535827297495616	0.4141363078253705	0.3523901216583423	NO	P68400
129	T	129	2.291	19.123	6.981	0.49	0.536874677668901	0	0	0	0.28548644338118023	0.22559596531004145	-0.20786940930734196	NO	P68400
130	D	130	-0.533	16.62	6.474	0.49	0.531122448979592	0	0	0	0.14635430772471492	0.40520912785639673	-0.0704775205113681	NO	P68400
131	Y	131	1.059	15.679	3.16	-0.08	0.531490015360983	0	0	0	0.14635430772471492	0.6167747029859736	0.03505228045487838	NO	P68400
132	D	132	4.509	15.23	4.731	0.49	0.531122448979592	0	0	0	0.14635430772471492	1.1211797476658667	-0.009699168524205284	NO	P68400
133	I	133	3.157	12.924	7.482	0.49	0.525492175668854	0	0	0	0.03940250414927672	0.8710533561705696	0.15966725819161598	NO	P68400
134	R	134	1.6	10.629	4.869	0.49	0.525492175668854	1	0	0	0.28548644338118023	0.5937004133103241	0.49245500439976336	NO	P68400
135	F	135	4.758	10.676	2.716	0.49	0.527355623100304	0	0	0	0.14635430772471492	1.437198606199543	0.2476087589968209	NO	P68400
136	Y	136	7.128	9.799	5.546	0.49	0.527355623100304	0	0	0	0.07535827297495616	1.3472624415654568	0.9016286929720297	NO	P68400
137	M	137	4.795	7.128	6.957	0.49	0.527355623100304	1	0	0	0.14635430772471492	1.006801213372715	0.8665498314625505	NO	P68400
138	Y	138	4.781	5.367	3.556	0.49	0.527707168276563	0	0	0	0.14635430772471492	1.329288567779954	0.1907679039622895	NO	P68400
139	E	139	8.599	5.453	3.513	0.49	0.620071684587814	0	0	0	0.07535827297495616	1.4838073717146598	0.602493255153997	NO	P68400
140	I	140	8.764	3.824	6.993	0.21	0.615658362989324	0	0	0.3154089589184873	0.39742895303967796	1.108578207767889	0.514324954862511	NO	P68400
141	L	141	6.321	1.183	5.812	0.49	0.738790035587189	0	0	0	0.28548644338118023	0.8868572501800189	0.45607620875197263	NO	P68400
142	K	142	8.63	0.301	2.899	0.49	0.744086021505376	0	0	0	0.2894736842105263	0.9997594142879905	0.6742185926901573	NO	P68400
143	A	143	11.383	-0.388	5.449	0.49	0.823250296559905	0	0	0.40565625917721115	0.6419006349492944	1.085217965207582	0.4713524206199187	NO	P68400
144	L	144	9.179	-2.469	7.765	0.49	0.825622775800712	0	0	1.813000435103859	0.659116950576732	0.8540005350865252	0.22345461370796402	NO	P68400
145	D	145	7.623	-4.592	5.023	0.49	0.822143698468787	0	0	0	0.5263157894736843	0.4821913990979664	0.44867569815811836	NO	P68400
146	Y	146	11.102	-5.337	3.696	0.49	0.821052631578947	0	0	0	0.5263157894736843	0.8998050034731255	0.2476087589968209	NO	P68400
147	C	147	12.547	-6.456	7.038	0.49	0.615789473684211	0	0	0.8523487179281668	1	0.9968604978079437	0.5133043571742495	NO	P68400
148	H	148	9.418	-8.446	7.938	0.49	0.611498257839721	0	0	0	1	0.6209250335084648	0.3739305411601877	NO	P68400
149	S	149	9.626	-10.192	4.519	0.49	0.611111111111111	0	0	0	1	0.48943932607370905	-0.1876548925948994	NO	P68400
150	M	150	13.222	-11.122	5.373	-0.65	0.404844290657439	0	0	0	1	0.6584322481798598	-0.2893957246434749	NO	P68400
151	G	151	12.099	-12.796	8.616	0.49	0.409090909090909	0	0	0	1	0.5687499873708509	-0.3835008350170047	NO	P68400
152	I	152	13.255	-9.964	10.893	0.49	0.413145539906103	0	0	3.5962401732455396	0.547846889952153	0.7083732084087244	0.5485878772541497	NO	P68400
153	M	153	11.459	-7.782	13.442	0.49	0.417556346381969	0	0	3.89626755160738	0.1792638014087864	0.9242229504956113	0.2972612514078551	NO	P68400
154	H	154	12.988	-4.419	14.48	0.49	0.626334519572954	0	0	13.337551751372146	0.007828649338083306	1.1428563608200797	0.6018695565667257	NO	P68400
155	R	155	11.506	-4.238	17.995	0.49	0.619298245614035	0	0	5.78535319546407	0.00913946850264965	1.1632577350557278	0.9396531077380302	NO	P68400
156	D	156	12.538	-0.612	18.654	0.49	0.617957746478873	0	2	7.898354278082005	0.00506943882142652	1.2155486178622419	0.8908717861632267	NO	P68400
157	V	157	10.507	1.555	16.246	0.49	0.621478873239437	0	0	9.977746679417065	0.0032219352974069988	1.3209911395226503	0.8665498314625505	NO	P68400
158	K	158	10.391	5.133	17.61	0.49	0.501067615658363	0	0	6.5135754536947825	0.012205079601390528	1.1365054746471563	0.7945755633148774	NO	P68400
159	P	159	11.094	8.649	16.318	0.49	0.629893238434164	0	0	4.275484700693928	0.06252059757521522	0.9771543353519196	0.8081496577462363	NO	P68400
160	H	160	14.763	8.609	17.501	0.49	0.629893238434164	0	0	10.47201606525492	0.021682719795927344	0.6337730575411694	1.3103911517065352	NO	P68400
161	N	161	15.309	5.581	15.227	0.49	0.627659574468085	0	0	16.58429871827503	0.0026564630338215193	0.946376644064915	0.4883161750648774	NO	P68400
162	V	162	13.947	7.152	12.065	0.49	0.621908127208481	0	0	5.145756193142572	0.08789175075173095	0.9063195681507922	1.0592704047263857	NO	P68400
163	M	163	16.543	9.516	10.593	0.49	0.621478873239437	0	0	3.5962401732455396	0.547846889952153	0.4282797153755907	0.4883161750648774	NO	P68400
164	I	164	15.049	12.092	8.207	0.49	0.621478873239437	0	0	0.5553209549529787	1	0.51050936099557	-0.14585594977297275	NO	P68400
165	D	165	16.857	14.299	5.701	0.49	0.619298245614035	0	0	0	0.5263157894736843	0.32560057912309354	-0.9669996898142809	NO	P68400
166	H	166	13.953	16.711	5.194	0.49	0.619718309859155	0	0	0	0.2894736842105263	0.38802679951811253	-0.8585830553869518	NO	P68400
167	E	167	15.804	18.76	2.571	-0.36	0.619298245614035	0	0	0	0.5263157894736843	0.18064391935041146	-1.6344257165005005	NO	P68400
168	H	168	16.17	15.772	0.228	-0.93	0.619718309859155	1	0	0	0.5263157894736843	0.14361540731318265	-1.8798271221844205	NO	P68400
169	R	169	12.978	14.095	1.527	-0.08	0.619718309859155	1	0	0	0.2894736842105263	0.5123905369651649	-0.7205982479339879	NO	P68400
170	K	170	14.95	10.964	2.393	0.49	0.748936170212766	0	0	0	0.14635430772471492	0.5316975254555238	-0.9968634842392744	NO	P68400
171	L	171	14.449	8.534	5.305	0.49	0.76028880866426	0	0	0.40565625917721115	0.6419006349492944	0.731335891079295	-0.8739795005127264	NO	P68400
172	R	172	16.374	5.722	7.057	0.49	0.759712230215827	0	0	1.0327616532020527	1	0.7827692549108615	0.0035027273018484904	NO	P68400
173	L	173	15.336	3.245	9.752	0.49	0.847172081829121	0	0	4.275484700693928	0.06252059757521522	1.1172989938168614	0.5489365286383381	NO	P68400
174	I	174	18.28	2.849	12.147	0.49	0.734098018769552	0	1	4.275484700693928	0.06252059757521522	0.5914307345502559	0.43471833517810854	NO	P68400
175	D	175	19.492	1.068	15.295	0.49	0.722222222222222	0	1	9.522227314658684	0.002067633083546667	0.13948635024914188	0.7224731676000682	NO	P68400
176	W	176	19.019	-2.618	14.642	0.49	0.648148148148148	0	1	5.78535319546407	0.00913946850264965	0.5354513131799276	0.7908357238915179	NO	P68400
177	G	177	20.58	-3.566	18.017	0.49	0.648148148148148	0	1	35.631705641501554	1.8368403685981853e-5	0.063927390731898	1.1419925331433762	NO	P68400
178	L	178	17.292	-4.968	19.319	0.49	0.715457154571546	0	0	9.522227314658684	0.002067633083546667	0.5172843933509271	1.1275583658379627	NO	P68400
179	A	179	16.269	-6.657	16.056	0.49	0.720164609053498	0	0	5.318244888897702	0.028334260906256944	0.8429900377065913	0.8304550888015321	NO	P68400
180	E	180	15.662	-10.431	16.042	0.49	0.720164609053498	0	0	3.3574538763343975	0.12958521121381106	0.4471975869034806	0.8533091870351039	NO	P68400
181	F	181	14.86	-13.309	13.674	0.49	0.720776538620405	0	0	1.7702841143866326	0.620414673046252	0.3937110201705481	0.3739305411601877	NO	P68400
182	Y	182	11.251	-14.461	13.774	0.49	0.72890559732665	0	0	0	0.28548644338118023	0.40428871196429633	0.18773369461880918	NO	P68400
183	H	183	10.799	-18.213	14.214	0.49	0.787218045112782	0	0	0	0.28548644338118023	0.12963862005607174	-0.5876016116824021	NO	P68400
184	P	184	7.243	-19.579	14.619	0.49	0.737220109843684	0	0	0	0.28548644338118023	0.13639771997642697	-0.858743435023679	NO	P68400
185	G	185	6.594	-20.741	18.212	0.21	0.660984848484848	2	0	0	0.14635430772471492	0.193411364386895	-1.2436545631680418	NO	P68400
186	Q	186	9.689	-19.087	19.715	0.49	0.58863443596268	0	0	0	0.28548644338118023	0.7491104482019075	-0.12661039336575447	NO	P68400
187	E	187	9.332	-17.177	22.992	0.49	0.530268199233717	0	0	0	0.14635430772471492	0.7331361966654123	0.61727219993933	NO	P68400
188	Y	188	11.038	-13.769	23.017	0.49	0.527756653992396	1	0	0.3154089589184873	0.39742895303967796	1.10893470561105	1.1939674154159563	NO	P68400
189	N	189	12.209	-11.32	25.659	0.49	0.587484035759898	0	0	0.5553209549529787	1	0.9030973546306269	1.3103911517065352	NO	P68400
190	V	190	9.495	-8.78	26.534	0.49	0.584706379383185	1	0	1.860541514738192	0.4490260484302193	0.8573881112067037	1.3103911517065352	NO	P68400
191	R	191	12.104	-6.229	27.639	0.49	0.585241730279898	0	1	3.3574538763343975	0.12958521121381106	0.8845907959193751	1.3103911517065352	NO	P68400
192	V	192	12.447	-4.587	24.206	0.49	0.578616352201258	0	0	5.318244888897702	0.028334260906256944	0.9684895661852216	0.8273082459293924	NO	P68400
193	A	193	11.304	-1.248	22.662	0.49	0.574282147315855	0	0	9.977746679417065	0.0032219352974069988	1.0521705990237018	0.8549129834023718	NO	P68400
194	S	194	11.137	2.069	24.498	0.49	0.567901234567901	0	0	4.275484700693928	0.06252059757521522	1.240367807923889	0.7789999553516781	NO	P68400
195	R	195	8.41	2.594	27.127	0.49	0.634191176470588	0	0	3.1295371147926585	0.1481366696858256	1.3112071038487183	0.3442253401522496	NO	P68400
196	Y	196	5.98	4.8	25.15	0.49	0.632841328413284	0	0	2.4572820291552664	0.2663923960845509	1.294051454119764	0.4928662342375242	NO	P68400
197	F	197	6.175	2.525	22.095	0.49	0.634191176470588	0	1	4.275484700693928	0.06252059757521522	1.0903923589416722	0.948078972373678	NO	P68400
198	K	198	5.888	-0.887	23.853	0.49	0.632352941176471	1	1	2.437981518888545	0.2962806763689943	0.9008177263988224	0.9561303541366304	NO	P68400
199	G	199	3.055	-3.042	22.483	0.49	0.634191176470588	0	0	3.8934241481448986	0.07825811634047605	0.30728317199562244	0.9561303541366304	NO	P68400
200	P	200	0.39	-4.47	24.83	0.49	0.63003663003663	0	0	0.844620498515951	1	0.3921494201634969	0.7563841022306353	NO	P68400
201	E	201	1.915	-7.958	24.259	0.49	0.557575757575758	0	0	0.8359612690691095	1	0.21844565397249982	0.7036215260900734	NO	P68400
202	L	202	5.104	-6.721	25.986	0.49	0.563725490196078	0	0	0.8359612690691095	1	0.4893733241718941	0.8332617324442517	NO	P68400
203	L	203	3.166	-5.006	28.782	0.49	0.566993464052288	0	0	1.0327616532020527	1	0.8138331024159202	1.0718264420753936	NO	P68400
204	V	204	1.212	-8.131	29.705	0.49	0.425245098039216	0	0	0.844620498515951	1	0.5149822912833135	-0.15513196119446965	NO	P68400
205	D	205	4.27	-10.411	29.417	0.49	0.473181818181818	0	0	0.6573021822226325	1	0.6056146150488848	0.319355603380818	NO	P68400
206	Y	206	3.182	-12.389	26.342	0.49	0.538819875776398	0	0	0.3154089589184873	0.39742895303967796	0.016180574524715906	-0.10852313433489658	NO	P68400
207	Q	207	6.363	-13.85	24.791	0.49	0.558363417569194	0	0	0.21178148298822874	0.2356733633794211	0.2814111813500539	0.4609136758434891	NO	P68400
208	M	208	5.218	-15.493	21.533	0.49	0.564040404040404	0	0	0	0.03940250414927672	0.2258927604654646	0.4883161750648774	NO	P68400
209	Y	209	4.991	-12.198	19.626	0.49	0.563607085346216	0	0	0	0.07535827297495616	0.27200715394452984	0.420097679923013	NO	P68400
210	D	210	5.997	-11.282	16.037	0.49	0.634545454545455	1	0	0.6573021822226325	1	0.10380309110040492	0.5464959689490174	NO	P68400
211	Y	211	6.417	-8.592	13.326	0.49	0.634545454545455	0	0	3.89626755160738	0.1792638014087864	0.2409744941040236	0.31169378883891175	NO	P68400
212	S	212	3.117	-7.055	14.477	0.49	0.627240143369176	0	0	2.7784902384164085	0.34646865878246225	-0.42465099018664604	0.5783249348972472	NO	P68400
213	L	213	4.942	-5.484	17.48	0.49	0.566159818828858	0	0	3.1295371147926585	0.1481366696858256	0.047877301642613605	0.9915564338936211	NO	P68400
214	D	214	6.497	-2.984	15.059	0.49	0.49469964664311	0	0	4.275484700693928	0.06252059757521522	0.5396534579054795	0.8954960045219407	NO	P68400
215	M	215	3.052	-2.024	13.76	0.49	0.495035460992908	0	0	1.9745496493566344	0.3267419982201893	-0.23444292431459227	0.6098528984837939	NO	P68400
216	W	216	1.863	-1.023	17.268	0.49	0.48951048951049	0	0	3.1295371147926585	0.1481366696858256	-0.2763866065687605	0.7563841022306353	NO	P68400
217	S	217	4.993	1.14	17.685	-0.93	0.54320987654321	0	0	8.148568916874536	0.008989752385978806	0.5451845128146041	0.8954960045219407	NO	P68400
218	L	218	4.347	2.764	14.291	0.49	0.611111111111111	0	0	2.437981518888545	0.2962806763689943	0.3362877233288207	0.737835848591795	NO	P68400
219	G	219	0.78	3.47	15.402	0.49	0.611498257839721	0	0	1.9139979119059127	0.4729421521874352	-0.14388342251854647	0.6742185926901573	NO	P68400
220	C	220	2.107	5.302	18.495	0.49	0.607266435986159	0	0	1.9139979119059127	0.4729421521874352	0.587335193809728	0.5512608711995963	NO	P68400
221	M	221	4.26	7.45	16.222	0.49	0.603448275862069	1	0	2.4572820291552664	0.2663923960845509	0.8315394437191848	0.6569469395041921	NO	P68400
222	L	222	1.322	8.192	13.911	0.49	0.67281814686659	0	0	0.6573021822226325	1	0.3156321177290329	0.5651376908312785	NO	P68400
223	A	223	-0.934	9.199	16.809	0.49	0.670498084291188	0	0	0.6573021822226325	1	0.11395821923468805	6.241184375214958e-4	NO	P68400
224	S	224	1.757	11.517	18.199	0.49	0.668193967163039	0	0	1.7702841143866326	0.620414673046252	0.7938263223729664	0.4650961251934234	NO	P68400
225	M	225	2.171	13.21	14.789	0.49	0.665905631659056	1	0	0.25502610425830496	0.24260363932657872	0.4086538296093562	0.2465395614186421	NO	P68400
226	I	226	-1.483	13.703	13.73	0.49	0.603448275862069	0	0	0.21178148298822874	0.2356733633794211	0.050724836308247784	0.019335076055650078	NO	P68400
227	F	227	-2.619	14.777	17.217	0.49	0.670103092783505	0	0	0.40565625917721115	0.6419006349492944	0.20947990304318745	0.3343028626274844	NO	P68400
228	R	228	0.493	16.814	18.104	0.49	0.674329501915709	0	0	0.3154089589184873	0.39742895303967796	0.4478966941245043	0.15031177938255139	NO	P68400
229	K	229	0.828	14.983	21.424	-0.08	0.683760683760684	0	0	0.5553209549529787	1	1.0433729321879857	0.7539435425413141	NO	P68400
230	E	230	4.291	13.687	22.317	0.49	0.687645687645688	0	0	1.7702841143866326	0.620414673046252	1.284202378880887	1.0544252514905337	NO	P68400
231	P	231	4.181	10.923	23.445	0.49	0.692488262910798	0	1	1.813000435103859	0.659116950576732	1.303815492671035	0.11405929899742684	NO	P68400
232	F	232	0.609	9.779	22.829	0.49	0.692007797270955	0	0	1.3264064766344343	0.7005576350164234	1.2993307625189514	0.1390852048116741	NO	P68400
233	F	233	0.591	7.15	25.598	0.49	0.747368421052632	0	0	1.0327616532020527	1	1.305704569113597	-0.07017409957702032	NO	P68400
234	H	234	2.537	8.821	28.431	0.49	0.747887323943662	0	0	1.3264064766344343	0.7005576350164234	1.4980594362782285	0.008940099601133922	NO	P68400
235	G	235	3.226	6.177	31.122	0.49	0.748936170212766	0	0	1.813000435103859	0.659116950576732	1.4699131538202987	0.6461521562629641	NO	P68400
236	H	236	5.305	6.835	34.263	-0.93	0.683274021352313	0	0	0.8523487179281668	1	1.639241303771411	0.2476087589968209	NO	P68400
237	D	237	6.556	3.224	34.144	0.49	0.628571428571429	1	0	0.5553209549529787	1	1.4955711603008937	0.3726419816685518	NO	P68400
238	N	238	5.734	-0.044	32.324	0.49	0.720942140296979	0	0	1.3264064766344343	0.7005576350164234	1.1384793001631244	0.5140060180849295	NO	P68400
239	Y	239	2.637	-0.677	34.441	0.49	0.717844433146924	0	0	0.3154089589184873	0.39742895303967796	1.1311339855628717	0.4883161750648774	NO	P68400
240	D	240	1.216	2.823	34.162	0.49	0.713272543059777	0	0	0.40565625917721115	0.6419006349492944	1.2365478499179108	0.3665272896364838	NO	P68400
241	Q	241	1.99	2.488	30.415	0.49	0.624555160142349	0	0	1.0327616532020527	1	1.2886808096347007	0.3832933806921548	NO	P68400
242	L	242	-0.734	-0.163	30.059	0.49	0.537244897959184	1	0	0.6573021822226325	1	1.0035280872042764	0.30295380205675965	NO	P68400
243	V	243	-3.143	1.935	32.131	0.49	0.533434650455927	0	0	0	0.14635430772471492	1.1881233196296213	-0.18414658804150033	NO	P68400
244	R	244	-2.598	4.873	29.762	0.49	0.618374558303887	0	0	0.8359612690691095	1	1.403909999567055	0.3832933806921548	NO	P68400
245	I	245	-3.424	2.637	26.816	0.49	0.621428571428571	0	0	1.3264064766344343	0.7005576350164234	0.9429999191743682	0.7915413539713966	NO	P68400
246	A	246	-6.526	1.244	28.508	0.49	0.623655913978495	0	0	0	0.28548644338118023	0.8679003061773172	0.4650961251934234	NO	P68400
247	K	247	-7.754	4.834	29.136	0.49	0.536485097636177	0	0	0	0.28548644338118023	1.142633590659301	-0.1731204880165314	NO	P68400
248	V	248	-7.992	5.196	25.321	-0.65	0.630434782608696	1	0	0	0.28548644338118023	0.4729702316616378	-0.07421971203499407	NO	P68400
250	G	250	-10.832	0.697	27.045	0.49	0.623214285714286	0	0	0	0.2894736842105263	0.5761097154827927	-0.5333578258952307	NO	P68400
251	T	251	-10.524	-2.163	29.54	0.49	0.622775800711744	0	0	0	0.28548644338118023	0.832023839412481	-0.6542593981969856	NO	P68400
252	E	252	-13.148	-4.534	28.087	0.49	0.620567375886525	0	0	0	0.5263157894736843	0.8483365135473446	-1.8811636191571437	NO	P68400
253	D	253	-11.116	-5.054	24.898	-0.08	0.534183673469388	0	0	0	0.5263157894736843	0.4081985967185483	-1.3705148558189553	NO	P68400
254	L	254	-7.979	-5.53	27.063	0.49	0.538026721479959	0	0	0	0.28548644338118023	0.4133821073296469	-0.7873744966802445	NO	P68400
255	Y	255	-9.623	-8.355	29.048	0.49	0.630434782608696	0	0	0	1	0.5171208845301705	-1.759645202098747	NO	P68400
256	D	256	-10.91	-9.819	25.774	-1.22	0.625448028673835	0	0	0	1	0.18026894385321637	-2.5939620046096685	NO	P68400
257	Y	257	-7.318	-9.857	24.454	0.49	0.69995988768552	0	0	0	0.5263157894736843	-0.13677033709729325	-1.5403568911126555	NO	P68400
258	I	258	-5.778	-11.448	27.537	0.21	0.566544566544567	0	0	0	0.5263157894736843	-0.021227874551475737	-1.4420552344637179	NO	P68400
259	D	259	-8.657	-14.021	27.738	-0.93	0.566993464052288	0	0	0	0.5263157894736843	-0.1384479076244547	-2.6806561082403317	NO	P68400
260	K	260	-8.112	-15.033	24.071	0.49	0.57283950617284	0	0	0	0.5263157894736843	-0.5182339274971793	-2.8995743123724385	NO	P68400
261	Y	261	-4.483	-16.002	24.768	0.49	0.514498141263941	0	0	0	0.5263157894736843	-0.40702107704973006	-1.9902217721313802	NO	P68400
262	N	262	-5.241	-17.299	28.285	-1.22	0.514498141263941	0	0	0	0.5263157894736843	-0.04547517538524864	-3.640528234050338	NO	P68400
263	I	263	-2.893	-14.701	29.85	0.49	0.586346738763096	1	0	0	0.5263157894736843	0.25338224595110626	-2.2259798381198026	NO	P68400
264	E	264	-3.275	-13.519	33.444	-0.08	0.512177121771218	0	0	0	0.2894736842105263	0.32363658543584084	-2.008184291444784	NO	P68400
265	L	265	-2.414	-9.898	34.266	0.49	0.514074074074074	0	0	0	0.28548644338118023	0.6031632283363375	-0.6261929617697924	NO	P68400
266	D	266	0.169	-9.258	36.965	0.49	0.569085690856909	0	0	0	0.28548644338118023	0.7123160649676444	0.305908163785938	NO	P68400
267	P	267	-2.012	-8.863	40.087	0.49	0.635531135531136	0	0	0	0.2894736842105263	0.7164739575925275	0.08410377550301867	NO	P68400
268	R	268	-0.293	-5.459	40.469	-0.36	0.564916564916565	0	0	0	0.2894736842105263	0.8668231489857272	0.3726419816685518	NO	P68400
269	F	269	-3.009	-4.216	38.077	0.49	0.560808080808081	0	0	0	0.2894736842105263	0.9444845918605654	0.20237705275473608	NO	P68400
270	N	270	-5.926	-5.134	40.401	0.49	0.55515443241075	1	0	0	0.5263157894736843	0.8545858316836635	-0.5099177251428496	NO	P68400
271	D	271	-5.934	-1.721	42.077	0.49	0.563701531443467	0	0	0	0.5263157894736843	0.9915886471918307	-0.05283576047141828	NO	P68400
272	I	272	-4.629	0.532	39.276	0.49	0.563701531443467	1	0	0	0.2894736842105263	0.9940886641344305	0.40157321025456644	NO	P68400
273	L	273	-6.301	-0.557	36.02	0.49	0.62410071942446	0	0	0	0.2894736842105263	1.0105229243577059	0.5763458913030219	NO	P68400
274	G	274	-9.889	0.543	36.779	0.49	0.62410071942446	0	0	0	0.2894736842105263	0.9852996981270191	0.40157321025456644	NO	P68400
275	R	275	-12.795	0.359	34.318	-0.36	0.625448028673835	0	0	0	0.28548644338118023	0.9657268257099253	-0.12661039336575447	NO	P68400
276	H	276	-12.547	2.504	31.135	0.49	0.625	0	0	0	0.2894736842105263	1.0059448759478684	-0.12661039336575447	NO	P68400
277	S	277	-14.656	2.839	28.017	0.49	0.629496402877698	0	0	0	0.5263157894736843	0.9762685561329433	-0.48586077963382657	NO	P68400
278	R	278	-13.164	2.862	24.516	0.49	0.631294964028777	1	0	0	0.2894736842105263	0.2952485614519293	-0.6676243679242204	NO	P68400
279	K	279	-12.811	6.474	23.379	0.49	0.524193548387097	0	0	0	0.2894736842105263	0.5440563939871612	-0.5717110557640649	NO	P68400
280	R	280	-13.711	7.669	19.871	0.49	0.524193548387097	0	0	0	0.2894736842105263	-0.2777628592418904	-0.8226580167601448	NO	P68400
281	W	281	-10.624	9.12	18.142	0.49	0.488753124132186	0	0	0	0.28548644338118023	-0.9522649294949932	-0.4203724279703762	NO	P68400
283	R	283	-11.683	13.016	21.423	-0.65	0.488378527946873	0	0	0	0.2894736842105263	-0.17812900918218066	-1.458830575776523	NO	P68400
284	F	284	-8.072	13.969	20.607	0.49	0.491917502787068	0	0	0	0.2894736842105263	0.1300465293907223	-0.7738468229737215	NO	P68400
285	V	285	-8.889	16.428	17.8	-0.08	0.496911847276811	0	0	0	0.2894736842105263	-0.390476953939024	-0.1537412819120413	NO	P68400
286	H	286	-8.746	20.17	18.414	0.49	0.400112707805016	1	0	0	0.5263157894736843	-0.3117979149517974	-0.8858074987213292	NO	P68400
287	S	287	-8.189	23.445	16.52	0.49	0.400794777178541	0	0	0	0.5263157894736843	-0.6463427402793787	-0.01808683918060771	NO	P68400
288	E	288	-4.399	23.107	16.609	0.49	0.323260073260073	0	0	0	0.5263157894736843	-0.23079846828665876	-0.17900107469651488	NO	P68400
289	N	289	-4.198	19.6	15.122	0.49	0.350082644628099	0	0	0	0.28548644338118023	0.1255065189799735	-0.7328454201931266	NO	P68400
290	Q	290	-7.36	19.494	12.928	-0.36	0.321167883211679	0	0	0	0.2894736842105263	-0.6673365385619429	-0.058181748362312075	NO	P68400
291	H	291	-5.45	20.23	9.702	0.49	0.324074074074074	1	0	0	0.2894736842105263	-0.49595846032536317	0.2465395614186421	NO	P68400
292	L	292	-3.586	16.919	10.209	0.49	0.327715355805243	0	0	0	0.14635430772471492	-0.06624474484213057	0.15031177938255139	NO	P68400
293	V	293	-6.647	14.781	10.932	0.49	0.328947368421053	0	0	0	0.28548644338118023	-0.42673813897365664	-0.04360178138714679	NO	P68400
294	S	294	-8.867	13.175	8.291	0.49	0.239917976760082	0	0	0	0.5263157894736843	-0.6130963234477225	-0.0758467518278745	NO	P68400
295	P	295	-11.312	10.263	8.203	0.49	0.239917976760082	0	0	0	0.5263157894736843	-1.0848180081990064	-0.030889073340379568	NO	P68400
296	E	296	-8.573	8.286	6.372	0.49	0.239917976760082	0	0	0	0.5263157894736843	-0.4770573867940428	0.5151754529360627	NO	P68400
297	A	297	-6.007	9.156	9.074	0.49	0.240137221269297	0	0	0	0.14635430772471492	-0.24056769856447105	0.12678943266261808	NO	P68400
298	L	298	-8.28	8.014	11.893	0.49	0.240137221269297	0	0	0	1	-0.7361701816330142	-0.05684525138958847	NO	P68400
299	D	299	-9.3	4.813	10.183	0.49	0.26	0	0	0	1	-0.9084571126497888	0.9286876162967086	NO	P68400
300	F	300	-5.66	3.876	9.464	-0.36	0.26	0	0	0.844620498515951	1	-0.7857637412862932	1.0524833575107064	NO	P68400
301	L	301	-4.658	4.704	13.058	0.49	0.256934306569343	0	0	0.6573021822226325	1	-0.5121359856176736	0.6216256307364979	NO	P68400
302	D	302	-7.56	2.63	14.46	0.49	0.144078144078144	1	0	1.154868148297131	1	-0.9989815574301438	0.540015862187716	NO	P68400
303	K	303	-6.348	-0.438	12.53	0.49	0.144199346405229	0	0	3.5962401732455396	0.547846889952153	-1.309800431576891	1.012185264667608	NO	P68400
304	L	304	-2.78	-0.184	13.83	0.49	0.257664233576642	0	0	1.154868148297131	1	-1.128452354024188	0.5822676009667815	NO	P68400
305	L	305	-3.635	0.439	17.483	0.49	0.234625668449198	0	0	1.860541514738192	0.4490260484302193	-0.5152159591513669	0.19334698190424782	NO	P68400
306	R	306	-5.346	-2.852	18.319	0.49	0.234625668449198	0	0	1.154868148297131	1	-0.6858926104588574	-0.5147291142446543	NO	P68400
307	Y	307	-4.665	-4.812	21.524	0.49	0.13	0	0	1.0327616532020527	1	-0.17529427762365785	-0.4377468886157812	NO	P68400
308	D	308	-4.727	-8.106	19.605	0.49	0.130970149253731	0	0	3.5962401732455396	0.547846889952153	-0.5054240641667618	-0.04360178138714679	NO	P68400
309	H	309	-1.391	-8.3	17.764	0.49	0.145522388059701	0	0	3.5962401732455396	0.547846889952153	-0.5977877033850459	0.78024735252622	NO	P68400
310	Q	310	-3.031	-10.735	15.281	0.49	0.163712686567164	0	0	3.5962401732455396	0.547846889952153	-0.944669501944357	0.8837813180131995	NO	P68400
312	R	312	-3.312	-5.228	13.417	0.49	0.164943609022556	0	2	1.7702841143866326	0.620414673046252	-1.292611945250547	0.3140326585411782	NO	P68400
313	L	313	-2.656	-4.233	9.807	0.49	0.165719696969697	0	0	1.7702841143866326	0.620414673046252	-1.1384892475471617	0.8549129834023718	NO	P68400
314	T	314	0.469	-5.835	8.41	0.49	0.163857677902622	0	0	1.7702841143866326	0.620414673046252	-0.3808943289627042	0.8795334249323268	NO	P68400
315	A	315	3.017	-3.567	6.783	0.49	0.293501048218029	0	0	1.7702841143866326	0.620414673046252	0.09215674579506429	0.8081496577462369	NO	P68400
316	R	316	1.882	-4.546	3.279	-0.08	0.29404309252218	0	0	3.5962401732455396	0.547846889952153	0.28132879173961445	0.9569619522529915	NO	P68400
317	E	317	-1.84	-4.077	4.098	0.49	0.333015267175573	0	0	3.5962401732455396	0.547846889952153	-0.09611888584864206	0.6727217160807065	NO	P68400
318	A	318	-0.991	-0.708	5.637	0.49	0.440656565656566	0	0	0.844620498515951	1	-0.13312864394015947	0.78024735252622	NO	P68400
319	M	319	0.56	0.48	2.326	0.49	0.436953807740325	1	0	0	0.2894736842105263	0.6697355816207153	0.6742185926901573	NO	P68400
320	E	320	-2.738	-0.48	0.623	0.49	0.528301886792453	0	0	0	1	0.3564828359274961	0.5133043571742495	NO	P68400
321	H	321	-4.715	1.924	2.852	0.49	0.665399239543726	0	0	0	0.28548644338118023	-0.5524493962354571	0.4316213490895907	NO	P68400
322	P	322	-6.711	4.901	1.436	0.49	0.723140495867769	0	0	0	0.5263157894736843	-0.10019564874467718	0.40157321025456644	NO	P68400
323	Y	323	-4.619	7.178	3.653	0.49	0.815850815850816	0	0	0	0.2894736842105263	-0.17360930191651594	0.4609136758434891	NO	P68400
324	F	324	-1.838	6.863	1.081	0.49	0.85795763172189	0	0	0	0.2894736842105263	0.5631173350211667	0.4316213490895907	NO	P68400
325	Y	325	-3.911	7.582	-2.049	0.49	0.797727272727273	0	0	0	0.5263157894736843	1.084654506122476	0.4247391577817733	NO	P68400
326	T	326	-2.938	11.272	-2.104	-0.36	0.745047169811321	0	0	0	1	1.1810010169121776	0.4247391577817733	NO	P68400
327	V	327	0.8	10.454	-1.91	0.49	0.769735403455062	0	0	0	0.28548644338118023	1.4294804827813428	0.3390483953567201	NO	P68400
328	V	328	2.809	10.632	-5.156	0.49	0.76839591925331	0	0	0	0.5263157894736843	1.6798623835310977	-0.17900107469651488	NO	P68400
329	K	329	4.744	7.364	-5.469	0.49	0.789591078066914	0	0	0	0.2894736842105263	1.7551660552896815	0.2476087589968209	NO	P68400
330	D	330	8.339	7.437	-6.753	-0.08	0.751991502920871	1	0	0	0.5263157894736843	1.8714151544710296	0.03056165062652735	NO	P68400
331	Q	331	8.48	6.629	-9.474	0.49	0.774069104327407	0	0	0	1	2.643983972489933	0.03056165062652735	NO	P68400
