Uniprot_position	aminoacid	Position_in_structure	x	y	z	paraz	mtr	gscount	pscount	OR	pvalue	mtr3dscore	paraz3dscore	HotSpot3D	Uniprot
11	L	11	56.26	153.778	148.456	NA	0.402854877081681	0	0	0	1	-0.5555314155953708	Inf	NO	P62195
12	E	12	56.641	149.982	148.605	NA	0.40107156525067	0	0	0	1	-0.6284242833952774	Inf	NO	P62195
13	E	13	58.442	149.862	145.238	NA	0.375866851595007	0	0	0	1	-0.6885894472553138	Inf	NO	P62195
14	G	14	60.353	151.42	146.886	NA	0.375586854460094	0	0	0	1	-0.7382755497067711	Inf	NO	P62195
15	K	15	61.911	153.268	149.812	NA	0.377038486627528	2	0	0	1	-0.7684494263996626	Inf	NO	P62195
16	A	16	62.221	149.812	151.359	NA	0.375078665827565	0	0	0	1	-0.7684494263996626	Inf	NO	P62195
17	G	17	63.463	148.302	148.093	NA	0.373252279635258	0	0	0	1	-0.7947441559975205	Inf	NO	P62195
18	S	18	65.54	151.294	146.968	NA	0.236664162283997	0	0	0	1	-0.8359547170157685	Inf	NO	P62195
19	G	19	67.585	150.968	150.151	NA	0.235636363636364	0	0	0	1	-0.8425852658935306	Inf	NO	P62195
20	L	20	68.35	147.418	149.043	NA	0.234877962504422	0	0	0	1	-0.8812476423270957	Inf	NO	P62195
21	R	21	69.129	148.972	145.656	NA	0.233962264150943	0	0	0	1	-0.9116289558715454	Inf	NO	P62195
22	Q	22	71.265	151.535	147.483	NA	0.234820530023482	0	0	0	1	-0.9185335197920637	Inf	NO	P62195
23	Y	23	72.663	148.647	149.531	NA	0.259259259259259	0	0	0	1	-1.0580133522068584	Inf	NO	P62195
24	Y	24	73.988	146.992	146.36	NA	0.25830258302583	0	0	0	1	-1.2479502754512657	Inf	NO	P62195
25	L	25	75.84	150.185	145.429	NA	0.261194029850746	0	0	0	1	-1.3952264316674596	Inf	NO	P62195
26	S	26	77.085	150.659	149	NA	0.259259259259259	0	0	0	1	-1.475936231904908	Inf	NO	P62195
27	K	27	78.034	146.974	149.086	NA	0.288065843621399	0	0	0	1	-1.5638250312650757	Inf	NO	P62195
28	I	28	79.967	147.502	145.852	NA	0.324074074074074	1	0	0	1	-1.6742616451583354	Inf	NO	P62195
29	E	29	81.187	150.872	147.184	NA	0.325	0	0	0	1	-1.680279309314747	Inf	NO	P62195
30	E	30	82.638	149.029	150.176	NA	0.326208178438662	0	0	0	1	-1.646391543971532	Inf	NO	P62195
31	L	31	83.732	146.303	147.755	NA	0	0	0	0	1	-1.6689895981777028	Inf	NO	P62195
32	Q	32	85.213	149.037	145.561	NA	0	0	0	0	1	-1.608382782983132	Inf	NO	P62195
33	L	33	86.736	150.627	148.669	NA	0	0	0	0	1	-1.5411107077372619	Inf	NO	P62195
34	I	34	88.286	147.234	149.432	NA	0	0	0	0	1	-1.56753504312255	Inf	NO	P62195
35	V	35	89.583	147.151	145.854	NA	0	0	0	0	1	-1.4494054712507565	Inf	NO	P62195
36	N	36	90.5	150.817	146.3	NA	0	1	0	0	1	-1.480701185207821	Inf	NO	P62195
37	D	37	92.274	150.016	149.575	NA	0.218711276332094	0	0	0	1	-1.4346838121952434	Inf	NO	P62195
38	K	38	94.091	147.368	147.545	NA	0.263432835820896	1	0	0	1	-1.2996233332170652	Inf	NO	P62195
39	S	39	94.919	150.113	145.038	NA	0.264661654135338	1	0	0	1	-1.0582226740922038	Inf	NO	P62195
40	Q	40	95.771	152.831	147.579	NA	0.331766917293233	0	0	0	1	-0.9557816228357529	Inf	NO	P62195
41	N	41	98.546	150.877	149.296	NA	0.439450686641698	0	0	0	1	-0.7813999987880921	Inf	NO	P62195
42	L	42	99.57	149.675	145.83	NA	0.436567164179104	0	0	0	1	-0.4635255076978001	Inf	NO	P62195
43	R	43	99.746	153.296	144.669	NA	0.330827067669173	1	0	0	1	-0.43247378413531495	Inf	NO	P62195
44	R	44	102.505	153.654	147.268	NA	0.440699126092385	0	0	0	1	-0.13127770680447617	Inf	NO	P62195
45	L	45	104.442	150.708	145.81	NA	0.667293233082707	0	0	0	1	-0.06640730373201312	Inf	NO	P62195
46	Q	46	104.383	152.631	142.519	NA	0.667293233082707	0	0	0	1	0.02730851343984999	Inf	NO	P62195
47	A	47	105.338	156.085	143.83	NA	0.530337078651685	0	0	0	1	0.09808093397929085	Inf	NO	P62195
48	Q	48	108.004	154.414	145.988	NA	0.441947565543071	0	0	0	1	0.14947167432158168	Inf	NO	P62195
49	R	49	109.583	152.639	143.013	NA	0.440699126092385	0	0	0	1	0.13270883098165245	Inf	NO	P62195
50	N	50	108.793	155.742	140.94	NA	0.443609022556391	0	0	0	1	0.03843216116574984	Inf	NO	P62195
51	E	51	110.878	157.693	143.449	NA	0.382749326145553	0	0	0	1	0.0862418809341724	Inf	NO	P62195
52	L	52	113.388	154.839	143.289	NA	0.380592991913747	1	0	0	1	0.023461045882706442	Inf	NO	P62195
53	N	53	113.225	155.297	139.517	NA	0.383116883116883	0	0	0	1	-0.016120589262792463	Inf	NO	P62195
54	A	54	114.322	158.858	140.309	NA	0.500943396226415	0	0	0	1	-0.1472415030862406	Inf	NO	P62195
55	K	55	116.967	157.509	142.713	NA	0.444025157232704	0	0	0	1	-0.23644004476680874	Inf	NO	P62195
56	V	56	118.807	155.7	139.915	NA	0.399622641509434	0	0	0	1	-0.30820852374035	Inf	NO	P62195
57	R	57	118.506	159.013	138.067	NA	0.366055997234704	0	0	0	1	-0.31580353517935716	Inf	NO	P62195
58	L	58	119.623	160.815	141.233	NA	0.290934065934066	0	0	0	1	-0.3016164098506515	Inf	NO	P62195
59	L	59	122.844	158.792	141.222	NA	0.29288472145615	0	0	0	1	-0.29397691899836337	Inf	NO	P62195
60	R	60	123.096	159.388	137.461	NA	0.340384615384615	1	0	0	1	-0.2892733063935547	Inf	NO	P62195
61	E	61	122.665	163.147	137.884	NA	0.320036060401172	0	0	0	1	-0.28503588090746124	Inf	NO	P62195
62	E	62	125.014	163.181	140.875	NA	0.42995951417004	0	0	0	1	-0.30012032166254315	Inf	NO	P62195
63	L	63	127.571	161.124	138.944	NA	0.427102238354507	0	0	0	1	-0.3293679301413929	Inf	NO	P62195
64	Q	64	127.587	163.807	136.235	NA	0.422653592155293	0	0	0	1	-0.3856045458549092	Inf	NO	P62195
65	L	65	128.74	166.212	138.95	NA	0.424266773804741	0	0	0	1	-0.3755832750427694	Inf	NO	P62195
66	L	66	131.474	163.704	139.844	NA	0.421452871723034	0	0	0	1	-0.4254937464452965	Inf	NO	P62195
67	Q	67	132.07	162.632	136.224	NA	0.424266773804741	0	0	0	1	-0.3174709838594641	Inf	NO	P62195
68	E	68	134.683	165.068	134.866	NA	0.392529635428316	0	0	0	1	-0.26324394842220905	Inf	NO	P62195
69	Q	69	137.696	164.747	137.192	NA	0.373197625106022	1	0	0	1	-0.279432256737585	Inf	NO	P62195
70	G	70	135.999	162.655	139.867	NA	0.371778622729193	0	0	0	1	-0.22707529549462696	Inf	NO	P62195
71	S	71	136.305	164.257	143.292	NA	0.374627501064283	0	0	0	1	-0.3236247415457164	Inf	NO	P62195
72	Y	72	139.382	164.461	145.502	NA	0.374627501064283	0	0	0	1	0.1626375738442242	Inf	NO	P62195
73	V	73	140.274	164.485	149.213	NA	0.373197625106022	0	0	0	1	0.07472946178925326	Inf	NO	P62195
74	G	74	142.271	167.371	150.671	NA	0.39553752535497	0	0	0	1	0.35984409286563773	Inf	NO	P62195
75	E	75	144.104	168.171	153.895	NA	0.392529635428316	1	0	0	1	0.3878478526587773	Inf	NO	P62195
76	V	76	143.672	171.56	155.57	NA	0.33587786259542	0	0	0	1	0.5001780810241782	Inf	NO	P62195
77	V	77	146.848	172.818	157.25	NA	0.395150426582847	1	0	0	1	0.8988212940914856	Inf	NO	P62195
78	R	78	145.318	176.079	158.538	NA	0.416666666666667	0	0	0	1	0.7530751653679892	Inf	NO	P62195
79	A	79	141.914	177.767	158.706	NA	0.442767295597484	0	0	0	1	0.9097575608691841	Inf	NO	P62195
80	M	80	141.192	181.42	157.93	NA	0.440699126092385	0	0	0	1	0.907442065083714	Inf	NO	P62195
81	D	81	138.392	183.743	159.015	NA	0.490706319702602	0	0	0	1	0.8871672448333539	Inf	NO	P62195
82	K	82	138.094	184.997	155.422	NA	0.538344226579521	0	0	0	1	1.2031564156490784	Inf	NO	P62195
83	K	83	136.356	181.622	154.687	NA	0.509876543209877	0	0	0	1	1.0438276055614149	Inf	NO	P62195
84	K	84	139.115	180.568	152.248	NA	0.54598033545402	0	0	0	1	0.8044320216273583	Inf	NO	P62195
85	V	85	140.358	177.12	153.309	NA	0.479082321187584	0	0	0	1	0.8126511598143282	Inf	NO	P62195
86	L	86	143.741	175.707	152.319	NA	0.541571319603356	0	0	0	1	0.8405868115314075	Inf	NO	P62195
87	V	87	143.631	172.283	150.646	NA	0.565511748307447	0	0	0	1	0.8112213336696451	Inf	NO	P62195
88	K	88	146.493	169.79	150.355	NA	0.673987126088603	0	0	0	1	0.8411576830188268	Inf	NO	P62195
89	V	89	146.694	166.465	148.521	NA	0.805505415162455	0	0	0	1	0.9646446996217874	Inf	NO	P62195
90	H	90	149.418	164.023	149.539	NA	0.839300937766411	0	0	0	1	1.143294215844689	Inf	NO	P62195
91	P	91	151.112	163.492	146.128	NA	0.858513189448441	1	0	0	1	1.399950218120426	Inf	NO	P62195
92	E	92	150.128	166.952	144.858	NA	0.879704301075269	1	0	0	1	1.425421091317812	Inf	NO	P62195
93	G	93	150.869	170.458	146.107	NA	0.860911270983213	0	0	0	1	1.5649861225277986	Inf	NO	P62195
94	K	94	148.884	172.591	148.514	NA	0.807104316546763	0	0	0	1	1.1330938239662	Inf	NO	P62195
95	F	95	145.756	174.297	147.152	NA	0.807104316546763	0	0	0	1	0.7613634596458377	Inf	NO	P62195
96	V	96	143.289	176.861	148.503	NA	0.843989769820972	1	0	0	1	0.7598391832481008	Inf	NO	P62195
97	V	97	139.707	177.76	147.59	NA	0.840942875345084	1	0	0	1	0.583088437108615	Inf	NO	P62195
98	D	98	136.986	180.276	148.394	NA	0.834914611005693	0	0	0	1	0.795842033153705	Inf	NO	P62195
99	V	99	133.757	179.284	150.198	NA	0.826032540675845	1	0	0	1	0.7637703830403928	Inf	NO	P62195
100	D	100	132.9	176.326	150.158	NA	0.820215410107705	0	0	0	1	0.6158755035922108	Inf	NO	P62195
101	K	101	130.611	176.243	153.179	NA	0.77856860419138	1	0	0	1	0.8312558985150557	Inf	NO	P62195
102	N	102	128.743	172.978	153.796	NA	0.784149741138989	0	0	0	1	0.6831919947186217	Inf	NO	P62195
103	I	103	129.156	171.553	157.312	NA	0.792017649418372	2	0	0	1	0.6080481917971016	Inf	NO	P62195
104	D	104	129.309	173.856	160.328	NA	0.749716016660356	0	0	0	1	0.7169807896003615	Inf	NO	P62195
105	I	105	132.657	175.633	160.458	NA	0.712230215827338	1	0	0	1	0.8354958018917799	Inf	NO	P62195
106	N	106	133.356	174.595	164.06	NA	0.675883256528418	0	0	0	1	1.133435261282891	Inf	NO	P62195
107	D	107	133.913	171.008	162.882	NA	0.68019869818431	1	0	0	1	0.39225880251118667	Inf	NO	P62195
108	V	108	136.685	172.22	160.534	NA	0.649280575539568	1	0	0	1	0.22802288673952836	Inf	NO	P62195
109	T	109	140.129	172.257	162.165	NA	0.617852875917392	0	0	0	1	0.03823179206210696	Inf	NO	P62195
110	P	110	143.7	172.23	160.823	NA	0.613945578231293	0	0	0	1	-0.04091561322365827	Inf	NO	P62195
111	N	111	145.311	168.879	159.925	NA	0.618362452894827	1	0	0	1	-0.1554546280807424	Inf	NO	P62195
112	C	112	141.804	167.424	159.594	NA	0.552551020408163	0	0	0	1	-0.27700824597619056	Inf	NO	P62195
113	R	113	140.764	165.305	156.609	NA	0.546312016600641	0	0	0	1	-0.16495397164407014	Inf	NO	P62195
114	V	114	138.318	166.947	154.182	NA	0.575539568345324	0	0	0	1	0.028248867378177122	Inf	NO	P62195
115	A	115	136.702	165.946	150.894	NA	0.536631981312381	0	0	0	1	-0.16644840607294564	Inf	NO	P62195
116	L	116	137.489	167.888	147.714	NA	0.541478129713424	0	0	0	1	0.07080222151373075	Inf	NO	P62195
117	R	117	135.27	168.618	144.711	NA	0.46583044982699	0	0	0	1	-0.19015807407037433	Inf	NO	P62195
118	N	118	136.682	168.462	141.187	NA	0.435151515151515	0	0	0	1	-0.3012610449866253	Inf	NO	P62195
119	D	119	135.208	171.562	139.545	NA	0.306052855924979	0	0	0	1	-0.21931860118324378	Inf	NO	P62195
120	S	120	135.235	174.37	142.113	NA	0.306052855924979	0	0	0	1	0.2564480715903934	Inf	NO	P62195
121	Y	121	137.781	172.438	144.241	NA	0.244090909090909	0	0	0	1	0.4951806271695311	Inf	NO	P62195
122	T	122	135.761	173.134	147.391	NA	0.244090909090909	0	0	0	1	0.343738385912415	Inf	NO	P62195
123	L	123	135.28	171	150.514	NA	0.187336473050759	0	0	0	1	0.4309611047583651	Inf	NO	P62195
124	H	124	132.076	168.971	150.254	NA	0.101244343891403	0	0	0	1	0.13906905516239815	Inf	NO	P62195
125	K	125	132.053	167.343	153.716	NA	0.10968137254902	0	0	0	1	0.12550587873282082	Inf	NO	P62195
126	I	126	134.064	167.12	156.935	NA	0.110285006195787	0	0	0	1	0.17046253939281847	Inf	NO	P62195
127	L	127	135.838	163.857	157.705	NA	0	0	0	0	1	-0.3410412568014692	Inf	NO	P62195
128	P	128	137.264	162.52	160.977	NA	0	0	0	0	1	-0.6202339027716408	Inf	NO	P62195
129	N	129	141.064	162.509	160.941	NA	0	0	0	0	1	-0.5957701812443428	Inf	NO	P62195
130	K	130	143.648	160.606	162.976	NA	0.109355638166047	0	0	0	1	-1.2246877223505956	Inf	NO	P62195
131	V	131	146.475	162.421	164.761	NA	0.118855218855219	0	0	0	1	-1.0675006541885586	Inf	NO	P62195
132	D	132	146.197	161.283	168.374	NA	0.119742198100407	0	0	0	1	-1.3653081060083456	Inf	NO	P62195
133	P	133	145.428	157.699	167.176	NA	0.110588972431078	0	0	0	1	-1.764958471121773	Inf	NO	P62195
134	L	134	148.885	157.697	165.548	NA	0.110588972431078	0	0	0	1	-1.5349806393420908	Inf	NO	P62195
135	V	135	150.695	158.492	168.816	NA	0.119742198100407	0	0	0	1	-1.2538268544486273	Inf	NO	P62195
136	S	136	148.363	156.577	171.152	NA	0.237918215613383	0	0	0	1	-1.2388156660695697	Inf	NO	P62195
137	L	137	148.761	153.43	169.043	NA	0.259040590405904	0	0	0	1	-1.3072143016497042	Inf	NO	P62195
138	M	138	152.518	153.594	169.63	NA	0.259040590405904	0	0	0	1	-1.2158022533051505	Inf	NO	P62195
139	M	139	151.74	154.203	173.311	NA	0.259259259259259	0	0	0	1	-0.8971989571642379	Inf	NO	P62195
140	V	140	149.65	151.034	173.607	NA	0.259479553903346	0	0	0	1	-1.1114864191905445	Inf	NO	P62195
141	E	141	152.395	148.994	171.919	NA	0.26044776119403	0	0	0	1	-0.9023251448173576	Inf	NO	P62195
142	K	142	154.886	149.498	174.742	NA	0.354849611355188	0	0	0	1	-0.7915652851135654	Inf	NO	P62195
143	V	143	152.55	148.656	177.639	NA	0.387777777777778	0	0	0	1	-0.8760296710383731	Inf	NO	P62195
144	P	144	149.253	146.891	178.258	NA	0.351224421335122	0	0	0	1	-1.040851041116144	Inf	NO	P62195
145	D	145	146.552	148.487	180.407	NA	0.352525252525253	1	0	0	1	-0.9825190067660634	Inf	NO	P62195
146	S	146	147.799	147.217	183.798	NA	0.352525252525253	0	0	0	1	-0.9185815072400596	Inf	NO	P62195
147	T	147	145.396	148.77	186.296	NA	0.390671641791045	0	0	0	1	-0.9950894078144159	Inf	NO	P62195
148	Y	148	145.591	148.446	190.096	NA	0.432465923172243	0	0	0	1	-0.7264215930169556	Inf	NO	P62195
149	E	149	144.14	144.937	189.812	NA	0.486524163568773	0	0	0	1	-0.3869752255719803	Inf	NO	P62195
150	M	150	147.044	144.161	187.448	NA	0.486940298507463	0	0	0	1	-0.6189517591728064	Inf	NO	P62195
151	I	151	149.708	145.313	189.944	NA	0.486524163568773	1	0	0	1	-0.5119682289404163	Inf	NO	P62195
152	G	152	150.705	143.952	193.334	NA	0.486524163568773	0	0	0	1	-0.3026400238386062	Inf	NO	P62195
153	G	153	153.493	143.752	195.878	NA	0.486940298507463	0	0	0	1	-0.2227654386827523	Inf	NO	P62195
154	L	154	154.306	147.467	195.566	NA	0.486940298507463	0	0	0	1	-0.445163733509068	Inf	NO	P62195
155	D	155	151.594	148.46	198.083	NA	0.484317343173432	0	0	0	1	-0.3239917842078524	Inf	NO	P62195
156	K	156	154.217	150.089	200.31	NA	0.427696078431373	0	0	0	1	-0.05068836287401609	Inf	NO	P62195
157	Q	157	155.479	152.056	197.299	NA	0.349369608493696	1	0	0	1	-0.5308290089799603	Inf	NO	P62195
158	I	158	152.036	152.773	195.814	NA	0.349369608493696	0	0	0	1	-0.7322753847530362	Inf	NO	P62195
159	K	159	151.254	154.662	199.021	NA	0.353237168735324	0	0	0	1	-0.5137206291636839	Inf	NO	P62195
160	E	160	154.459	156.622	198.392	NA	0.326208178438662	0	0	0	1	-0.573141303988251	Inf	NO	P62195
161	I	161	153.694	157.438	194.75	NA	0.237242311591754	0	0	0	1	-0.6855092238255789	Inf	NO	P62195
162	K	162	149.955	158.227	195.037	NA	0.237242311591754	0	0	0	1	-1.012429677309694	Inf	NO	P62195
163	E	163	150.295	161.435	197.07	NA	0.238805970149254	0	0	0	1	-1.394973210250736	Inf	NO	P62195
164	V	164	152.587	162.692	194.302	NA	0.260966542750929	0	0	0	1	-0.8717791981554305	Inf	NO	P62195
165	I	165	150.292	161.478	191.513	NA	0.261194029850746	0	0	0	1	-1.0049783308776559	Inf	NO	P62195
166	E	166	146.933	162.129	193.174	NA	0.263157894736842	0	0	0	1	-1.1881608165169273	Inf	NO	P62195
167	L	167	147.713	165.634	194.421	NA	0.146483562213899	0	0	0	1	-1.3424057134883798	Inf	NO	P62195
168	P	168	147.748	167.764	191.206	NA	0.14703425229741	0	0	0	1	-1.1271447678198339	Inf	NO	P62195
169	V	169	144.725	165.95	189.729	NA	0.132330827067669	0	0	0	1	-1.141707350313107	Inf	NO	P62195
170	K	170	142.403	166.361	192.737	NA	0.133333333333333	0	0	0	1	-1.4234905122778836	Inf	NO	P62195
171	H	171	144.046	167.894	195.813	NA	0.134865900383142	0	0	0	1	-1.5632058953538703	Inf	NO	P62195
172	P	172	145.995	170.919	194.565	NA	0.135384615384615	0	0	0	1	-1.5699892849627686	Inf	NO	P62195
173	E	173	143.959	173.501	196.501	NA	0	0	0	0	1	-2.0333279803166104	Inf	NO	P62195
174	L	174	145.735	172.098	199.59	NA	0.112707535121328	0	0	0	1	-1.9388240286512273	Inf	NO	P62195
175	F	175	149.219	172.803	198.157	NA	0.122484385843164	0	0	0	1	-1.9049916303155323	Inf	NO	P62195
176	E	176	149.448	176.122	200.016	NA	0.122605363984674	0	0	0	1	-2.082858874470441	Inf	NO	P62195
177	A	177	148.266	174.243	203.118	NA	0.113141025641026	0	0	0	1	-2.0877470642597618	Inf	NO	P62195
178	L	178	150.881	171.493	202.767	NA	0.114341085271318	0	0	0	1	-2.0068914578911548	Inf	NO	P62195
179	G	179	153.554	173.978	201.675	NA	0.105656988925471	0	0	0	1	-2.096641019503319	Inf	NO	P62195
180	I	180	155.318	172.154	198.836	NA	0.106370192307692	0	0	0	1	-1.5636062943625195	Inf	NO	P62195
181	A	181	155.812	172.876	195.142	NA	0.116469816272966	0	0	0	1	-1.288062260055588	Inf	NO	P62195
182	Q	182	154.394	170.609	192.456	NA	0.116930171277997	0	0	0	1	-0.89539437597877	Inf	NO	P62195
183	P	183	156.687	167.55	192.255	NA	0.108669108669109	0	0	0	1	-0.5385726767429277	Inf	NO	P62195
184	K	184	159.015	167.366	189.267	NA	0.109408519767086	0	0	0	1	-0.10698096239392844	Inf	NO	P62195
185	G	185	158.809	163.584	188.924	NA	0.108543630282761	0	0	0	1	0.06588013169878255	Inf	NO	P62195
186	V	186	159.578	160.225	190.488	NA	0.108116293155663	0	0	0	1	-0.18110816765474763	Inf	NO	P62195
187	L	187	162.341	157.668	189.944	NA	0.117918313570487	0	0	0	1	0.03297449547782548	Inf	NO	P62195
188	L	188	162.366	153.87	190.264	NA	0.13984375	0	0	0	1	-0.2595726977727622	Inf	NO	P62195
189	Y	189	165.739	152.104	190.323	NA	0.138910505836576	1	0	0	1	-0.0017937762514353204	Inf	NO	P62195
190	G	190	166.533	148.453	190.93	NA	0.138910505836576	0	0	0	1	-0.11124621224979801	Inf	NO	P62195
191	P	191	167.537	145.21	189.223	NA	0.154177433247201	0	0	0	1	-0.002146581477377807	Inf	NO	P62195
192	P	192	164.689	144.054	186.943	NA	0.126636009904492	0	0	0	1	-0.10204205708211694	Inf	NO	P62195
193	G	193	162.319	142.934	188.002	NA	0.126636009904492	0	0	0	1	-0.22984041699304192	Inf	NO	P62195
194	T	194	158.936	144.07	186.692	NA	0.127485795454545	0	0	0	1	-0.3178173113095694	Inf	NO	P62195
195	G	195	155.957	146.096	187.883	NA	0.127485795454545	0	0	0	1	-0.4835324027422028	Inf	NO	P62195
196	K	196	157.632	149.479	187.408	NA	0.128489620615605	0	0	0	1	-0.4532812487911394	Inf	NO	P62195
197	T	197	155.96	149.771	183.985	NA	0.129356809198706	0	0	0	1	-0.5819432902533291	Inf	NO	P62195
198	L	198	152.732	148.081	185.107	NA	0.128489620615605	0	0	0	1	-0.5844864420273639	Inf	NO	P62195
199	L	199	152.376	150.551	187.986	NA	0.117782152230971	0	0	0	1	-0.6039690198031642	Inf	NO	P62195
200	A	200	152.587	153.516	185.573	NA	0.128489620615605	0	0	0	1	-0.7346165438783113	Inf	NO	P62195
201	R	201	149.044	153.217	184.208	NA	0.11745406824147	0	0	0	1	-0.8174746082582988	Inf	NO	P62195
202	A	202	147.91	151.441	187.401	NA	0.233333333333333	0	0	0	1	-0.9841051364206099	Inf	NO	P62195
203	V	203	147.892	154.423	189.761	NA	0.233072916666667	0	0	0	1	-0.8870155335207508	Inf	NO	P62195
204	A	204	146.812	156.551	186.793	NA	0.253272019808985	0	0	0	1	-0.8557149237976271	Inf	NO	P62195
205	H	205	143.794	154.327	186.081	NA	0.140234375	0	0	0	1	-1.0436903277588672	Inf	NO	P62195
206	H	206	142.054	154.995	189.402	NA	0.139147286821705	0	0	0	1	-1.2688780796233041	Inf	NO	P62195
207	T	207	143.372	158.579	189.264	NA	0.139147286821705	1	0	0	1	-1.2439979061079647	Inf	NO	P62195
208	D	208	141.189	158.903	186.1	NA	0.154011154011154	0	0	0	1	-1.1747919316930717	Inf	NO	P62195
209	C	209	144.121	160.532	184.263	NA	0.152991452991453	0	0	0	1	-1.0509460332964	Inf	NO	P62195
210	T	210	145.063	159.074	180.875	NA	0.304182509505703	0	0	0	1	-0.9774518891729425	Inf	NO	P62195
211	F	211	148.566	157.708	180.299	NA	0.303872053872054	0	0	0	1	-0.8502666765321797	Inf	NO	P62195
212	I	212	151.058	158.363	177.477	NA	0.272452830188679	0	0	0	1	-0.7553296054212062	Inf	NO	P62195
213	R	213	154.089	156.182	177.188	NA	0.270676691729323	0	0	0	1	-0.5129345030143871	Inf	NO	P62195
214	V	214	157.611	156.984	175.968	NA	0.30188679245283	0	0	0	1	-0.27927351105700265	Inf	NO	P62195
215	S	215	160.258	156.852	173.192	NA	0.299625468164794	0	0	0	1	-0.2455110473704966	Inf	NO	P62195
216	G	216	161.943	155.526	170.923	NA	0.299625468164794	0	0	0	1	-0.23229778620286717	Inf	NO	P62195
217	S	217	160.181	157.857	168.487	NA	0.268401486988848	1	0	0	1	-0.7577931599713255	Inf	NO	P62195
218	E	218	161.075	156.61	165.806	NA	0.244001351808043	0	0	0	1	-0.8847346178374738	Inf	NO	P62195
219	L	219	158.745	158.421	163.348	NA	0.244001351808043	0	0	0	1	-1.123554115175794	Inf	NO	P62195
220	V	220	158.787	161.691	165.281	NA	0.243097643097643	0	0	0	1	-0.9197591979445029	Inf	NO	P62195
221	Q	221	161.962	162.43	163.337	NA	0.241310160427808	0	0	0	1	-0.8398986653535951	Inf	NO	P62195
222	K	222	159.764	163.299	160.321	NA	0.24042624042624	0	0	0	1	-0.8895374376231009	Inf	NO	P62195
223	F	223	156.229	164.161	161.521	NA	0.293854293854294	0	0	0	1	-1.0751166134279704	Inf	NO	P62195
224	I	224	158.284	166.333	163.844	NA	0.293854293854294	0	0	0	1	-0.8558828696398286	Inf	NO	P62195
225	G	225	161.158	167.889	161.902	NA	0.292781832927818	1	0	0	1	-0.7740351182901412	Inf	NO	P62195
226	E	226	164.828	166.963	162.235	NA	0.293854293854294	0	0	0	1	-0.8292352127282497	Inf	NO	P62195
227	G	227	165.931	170.563	162.749	NA	0.396703296703297	0	0	0	1	-0.6975680551501501	Inf	NO	P62195
228	A	228	163.153	170.639	165.313	NA	0.392391304347826	0	0	0	1	-0.7267156043957598	Inf	NO	P62195
229	R	229	164.146	170.389	168.965	NA	0.356719367588933	1	0	0	1	-0.37609682077475437	Inf	NO	P62195
230	M	230	162.837	166.811	169.472	NA	0.392391304347826	0	0	0	1	-0.4979295323271743	Inf	NO	P62195
231	V	231	162.02	166.37	173.189	NA	0.390974729241877	0	0	0	1	-0.19556777470981074	Inf	NO	P62195
232	R	232	160.785	169.971	173.132	NA	0.434416365824308	0	0	0	1	-0.16205797789237544	Inf	NO	P62195
233	E	233	158.417	168.974	170.314	NA	0.326992753623188	0	0	0	1	-0.5067335187359547	Inf	NO	P62195
234	L	234	157.368	165.902	172.3	NA	0.289610910549539	0	0	0	1	-0.5539358189113901	Inf	NO	P62195
235	F	235	156.837	168.365	175.158	NA	0.325812274368231	0	0	0	1	-0.12782694192259214	Inf	NO	P62195
236	V	236	154.154	169.795	172.861	NA	0.289610910549539	0	0	0	1	-0.3727264076385686	Inf	NO	P62195
237	M	237	152.505	166.424	172.19	NA	0.289855072463768	0	0	0	1	-0.8096236388931557	Inf	NO	P62195
238	A	238	151.985	165.85	175.914	NA	0.290909090909091	0	0	0	1	-0.36824343706398693	Inf	NO	P62195
239	R	239	150.254	169.236	176.11	NA	0.264468864468864	0	0	0	1	-0.29486953347587275	Inf	NO	P62195
240	E	240	148.265	168.686	172.903	NA	0.261818181818182	0	0	0	1	-0.8210201061143747	Inf	NO	P62195
241	H	241	146.885	165.482	174.417	NA	0.145454545454545	0	0	0	1	-0.9441228334884136	Inf	NO	P62195
242	A	242	144.677	165.614	177.499	NA	0.263503649635037	1	0	0	1	-0.7684303926187531	Inf	NO	P62195
243	P	243	146.786	165.892	180.691	NA	0.29466829466829503	0	0	0	1	-0.559241958085867	Inf	NO	P62195
244	S	244	148.59	162.59	181.189	NA	0.401111111111111	0	0	0	1	-0.6614301161533085	Inf	NO	P62195
245	I	245	151.575	160.81	182.735	NA	0.402602230483271	0	0	0	1	-0.7003361750492975	Inf	NO	P62195
246	I	246	154.861	159.731	181.129	NA	0.399630996309963	0	0	0	1	-0.4368990543886523	Inf	NO	P62195
247	F	247	157.407	156.948	181.753	NA	0.55453431372549	0	0	0	1	-0.3316118414935182	Inf	NO	P62195
248	M	248	160.976	155.964	180.858	NA	0.601065601065601	0	0	0	1	-0.020935390048821473	Inf	NO	P62195
249	D	249	161.22	152.902	178.609	NA	0.661172161172161	0	0	0	1	-0.04573687886936344	Inf	NO	P62195
250	E	250	163.798	151.679	178.253	NA	0.658759124087591	0	0	0	1	0.2543086603243347	Inf	NO	P62195
251	I	251	167.132	151.648	176.402	NA	0.666051660516605	0	0	0	1	0.6390817014857713	Inf	NO	P62195
252	D	252	168.866	150.703	179.665	NA	0.60550150956055	0	0	0	1	0.667312463881214	Inf	NO	P62195
253	S	253	171.365	148.057	178.615	NA	0.601065601065601	0	0	0	1	0.8397277433373562	Inf	NO	P62195
254	I	254	174.26	146.009	179.99	NA	0.607178799060718	0	0	0	1	0.7250772690304297	Inf	NO	P62195
255	G	255	176.394	146.868	176.96	NA	0.601065601065601	0	0	0	1	0.8894862491629415	Inf	NO	P62195
256	S	256	179.224	147.748	179.211	NA	0.664206642066421	0	0	0	1	0.9308704237257484	Inf	NO	P62195
257	S	257	177.917	150.083	181.864	NA	0.60382422006038206	1	0	0	1	1.1523114445440663	Inf	NO	P62195
258	R	258	176.749	153.663	181.199	NA	0.533333333333333	2	0	0	1	1.1791588440141438	Inf	NO	P62195
259	L	259	173.83	155.929	180.357	NA	0.481717544448172	1	0	0	1	1.1081657058882992	Inf	NO	P62195
260	E	260	175.859	156.558	177.158	NA	0.527941176470588	0	0	0	1	0.8798157513572525	Inf	NO	P62195
261	G	261	173.178	155.022	174.946	NA	0.527472527472528	0	0	0	1	0.7087672818864907	Inf	NO	P62195
262	G	262	170.331	155.495	177.401	NA	0.531365313653137	1	0	0	1	0.8521987012911784	Inf	NO	P62195
263	S	263	170.681	159.281	177.622	NA	0.527472527472528	0	0	0	1	0.8306610647637538	Inf	NO	P62195
264	G	264	169.104	159.639	174.172	NA	0.524087591240876	0	0	0	1	0.3411755423008028	Inf	NO	P62195
265	G	265	165.788	158.355	175.498	NA	0.524087591240876	0	0	0	1	0.3802274251573023	Inf	NO	P62195
266	D	266	166.265	159.162	179.192	NA	0.478188478188478	0	0	0	1	0.685607337132892	Inf	NO	P62195
267	S	267	168.555	162.058	180.144	NA	0.524542124542125	0	0	0	1	0.91138107497111	Inf	NO	P62195
268	E	268	167.069	164.147	177.335	NA	0.524542124542125	0	0	0	1	0.3352470778369029	Inf	NO	P62195
269	V	269	163.552	163.239	178.48	NA	0.528413284132841	0	0	0	1	0.2979521769780947	Inf	NO	P62195
270	Q	270	164.675	164.465	181.912	NA	0.587654320987654	0	0	0	1	0.4043947072859371	Inf	NO	P62195
271	R	271	164.493	167.91	180.31	NA	0.59149111937216	0	0	0	1	0.26549034676505034	Inf	NO	P62195
272	T	272	160.958	167.098	179.142	NA	0.59149111937216	1	0	0	1	0.04772269814718386	Inf	NO	P62195
273	M	273	159.605	166.795	182.69	NA	0.589300411522634	0	0	0	1	0.0026544996073924326	Inf	NO	P62195
274	L	274	161.162	170.151	183.59	NA	0.589300411522634	0	0	0	1	0.15645378469121662	Inf	NO	P62195
275	E	275	159.819	172.18	180.651	NA	0.49907063197026	0	0	0	1	-0.09866378014936851	Inf	NO	P62195
276	L	276	156.34	170.626	180.862	NA	0.587125871258713	0	0	0	1	-0.219352948774525	Inf	NO	P62195
277	L	277	155.942	171.51	184.555	NA	0.584967320261438	0	0	0	1	-0.23141735352444937	Inf	NO	P62195
278	N	278	157.544	174.895	183.844	NA	0.374348279457768	0	0	0	1	-0.17483017142296958	Inf	NO	P62195
279	Q	279	154.623	175.722	181.539	NA	0.370293965961836	0	0	0	1	-0.018414399552065405	Inf	NO	P62195
280	L	280	152.042	174.195	183.892	NA	0.32168458781362	0	0	0	1	-0.36981094678690507	Inf	NO	P62195
281	D	281	153.384	176.569	186.517	NA	0.324909747292419	0	0	0	1	-0.4142411991548211	Inf	NO	P62195
282	G	282	153.653	179.514	184.147	NA	0.32258064516129	0	0	0	1	-0.11203794914288732	Inf	NO	P62195
283	F	283	150.9	179.235	181.552	NA	0.36896197327852	0	0	0	1	-0.18243856965353564	Inf	NO	P62195
284	E	284	148.729	177.031	179.297	NA	0.36896197327852	0	0	0	1	-0.2928602423423681	Inf	NO	P62195
285	A	285	146.63	174.448	181.212	NA	0.369989722507708	0	0	0	1	-0.3490072459443556	Inf	NO	P62195
286	T	286	146.012	172.474	183.222	NA	0.485611510791367	0	0	0	1	-0.5929660817469034	Inf	NO	P62195
287	K	287	148.507	170.853	185.614	NA	0.489130434782609	0	0	0	1	-0.746983866883544	Inf	NO	P62195
288	N	288	148.537	167.016	185.691	NA	0.583941605839416	1	0	0	1	-0.7938881552507312	Inf	NO	P62195
289	I	289	151.792	166.13	183.885	NA	0.587708587708588	0	0	0	1	-0.5422483294187777	Inf	NO	P62195
290	K	290	154.074	163.544	185.466	NA	0.661172161172161	0	0	0	1	-0.4720149872766712	Inf	NO	P62195
291	V	291	156.908	161.134	184.695	NA	0.663003663003663	1	0	0	1	-0.2977153999503827	Inf	NO	P62195
292	I	292	158.229	157.855	186.102	NA	0.658181818181818	0	0	0	1	-0.33987380090507224	Inf	NO	P62195
293	M	293	161.834	156.642	185.773	NA	0.583434343434343	0	0	0	1	0.10562117135718717	Inf	NO	P62195
294	A	294	162.872	153.028	185.111	NA	0.586080586080586	0	0	0	1	-0.16586889644753874	Inf	NO	P62195
295	T	295	166.535	152.117	185.664	NA	0.581818181818182	0	0	0	1	0.30437417866758126	Inf	NO	P62195
296	N	296	168.575	149.49	187.531	NA	0.654545454545455	0	0	0	1	0.28659404973823954	Inf	NO	P62195
297	R	297	171.815	150.424	189.355	NA	0.744713769984528	0	0	0	1	0.47225126669831496	Inf	NO	P62195
298	I	298	175.05	152.43	189.003	NA	0.744713769984528	0	0	0	1	0.8841833995657619	Inf	NO	P62195
299	D	299	174.427	155.694	187.12	NA	0.75012987012987	0	0	0	1	0.9066091688323769	Inf	NO	P62195
300	I	300	171.122	156.515	188.864	NA	0.754953076120959	0	0	0	1	0.5996295729543659	Inf	NO	P62195
301	L	301	173.426	158.482	191.174	NA	0.749482401656315	1	0	0	1	0.9004533387437937	Inf	NO	P62195
302	D	302	174.06	160.699	188.144	NA	0.75012987012987	0	0	0	1	1.0725621644340195	Inf	NO	P62195
303	S	303	170.3	161.213	187.864	NA	0.745341614906832	1	0	0	1	0.5606727833866781	Inf	NO	P62195
304	A	304	170.608	162.322	191.49	NA	0.563086548488008	0	0	0	1	0.5722587680866854	Inf	NO	P62195
305	L	305	173.405	164.633	190.325	NA	0.568802521008403	0	0	0	1	1.1485192050630688	Inf	NO	P62195
306	L	306	171.123	166.141	187.676	NA	0.666051660516605	0	0	0	1	1.051848876944012	Inf	NO	P62195
307	R	307	168.256	166.525	190.162	NA	0.495879120879121	0	0	0	1	0.3709070528894633	Inf	NO	P62195
308	P	308	169.581	167.899	193.486	NA	0.497252747252747	0	0	0	1	0.772409538423902	Inf	NO	P62195
309	G	309	166.616	166.355	195.263	NA	0.499538745387454	0	0	0	1	0.1560301892931733	Inf	NO	P62195
310	R	310	164.319	169.172	194.121	NA	0.498154981549816	0	0	0	1	-0.20745545725580217	Inf	NO	P62195
311	I	311	161.778	167.906	193.986	NA	0.570901423299947	0	0	0	1	-0.37158116556815785	Inf	NO	P62195
312	D	312	161.697	164.141	193.516	NA	0.566718995290424	0	0	0	1	-0.125346876091427	Inf	NO	P62195
313	R	313	159.596	161.496	195.244	NA	0.568802521008403	0	0	0	1	-0.3892220384563339	Inf	NO	P62195
314	K	314	161.674	158.736	196.84	NA	0.505130597014925	0	0	0	1	-0.443841104015676	Inf	NO	P62195
315	I	315	160.896	155.21	195.621	NA	0.594795539033457	0	0	0	1	-0.3721430979760614	Inf	NO	P62195
316	E	316	163.539	152.497	195.277	NA	0.588235294117647	0	0	0	1	-0.14194442371426158	Inf	NO	P62195
317	F	317	162.391	149.926	192.718	NA	0.496323529411765	0	0	0	1	-0.4189137173199093	Inf	NO	P62195
318	P	318	162.841	146.699	194.686	NA	0.5	0	0	0	1	-0.26063868451037553	Inf	NO	P62195
319	P	319	164.293	143.412	193.495	NA	0.446096654275093	0	0	0	1	-0.18165052587166738	Inf	NO	P62195
320	P	320	161.729	140.583	193.473	NA	0.451127819548872	0	0	0	1	-0.07234777265825963	Inf	NO	P62195
321	N	321	160.469	140.263	197.039	NA	0.452830188679245	1	0	0	1	-0.024015755308315758	Inf	NO	P62195
322	E	322	158.245	137.918	199.028	NA	0.385232744783307	0	0	0	1	0.4615296097741355	Inf	NO	P62195
323	E	323	155.469	140.512	199.248	NA	0.385232744783307	0	0	0	1	0.3152654591787006	Inf	NO	P62195
324	A	324	155.91	141.134	195.515	NA	0.450686641697878	0	0	0	1	0.1130564397669246	Inf	NO	P62195
325	R	325	155.829	137.535	194.274	NA	0.674157303370787	0	0	0	1	0.30229233683790924	Inf	NO	P62195
326	L	326	152.806	136.614	196.412	NA	0.533828996282528	0	0	0	1	0.42286577662486274	Inf	NO	P62195
327	D	327	150.148	138.8	194.791	NA	0.531851851851852	0	0	0	1	0.2777251372323873	Inf	NO	P62195
328	I	328	151.745	139.47	191.38	NA	0.483501683501684	0	0	0	1	0.083820285359525	Inf	NO	P62195
329	L	329	151.376	135.742	190.702	NA	0.440344403444034	0	0	0	1	0.39887597303251127	Inf	NO	P62195
330	K	330	147.611	135.639	191.302	NA	0.440344403444034	1	0	0	1	0.5995792087631867	Inf	NO	P62195
331	I	331	147.544	138.901	189.321	NA	0.435523114355231	0	0	0	1	0.198022564447834	Inf	NO	P62195
332	H	332	148.608	137.168	186.098	NA	0.437118437118437	0	0	0	1	0.348507291641681	Inf	NO	P62195
333	S	333	146.495	134.097	186.922	NA	0.440740740740741	0	0	0	1	0.6592604943387754	Inf	NO	P62195
334	R	334	143.223	136.041	186.625	NA	0.441975308641975	1	0	0	1	0.3963335900756499	Inf	NO	P62195
335	K	335	143.302	135.994	182.813	NA	0.486210418794688	0	0	0	1	0.37598457281457875	Inf	NO	P62195
336	M	336	143.629	132.18	182.764	NA	0.488038277511962	0	0	0	1	0.6878064541547817	Inf	NO	P62195
337	N	337	141.145	129.755	184.321	NA	0.491252144082333	0	0	0	1	0.632933605631093	Inf	NO	P62195
338	L	338	142.88	127.41	186.779	NA	0.540909090909091	0	0	0	1	0.8689175283268672	Inf	NO	P62195
339	T	339	142.029	125.782	190.112	NA	0.614669421487603	0	0	0	1	1.077985846623306	Inf	NO	P62195
340	R	340	142.542	126.969	193.69	NA	0.610634648370497	2	0	0	1	0.8194228874205806	Inf	NO	P62195
341	G	341	144.617	123.932	194.695	NA	0.610634648370497	0	0	0	1	1.5002568199610256	Inf	NO	P62195
342	I	342	147.828	125.933	194.235	NA	0.615278257863809	0	0	0	1	1.2136409519405549	Inf	NO	P62195
343	N	343	149.305	127.642	197.305	NA	0.615278257863809	1	0	0	1	0.9746743618576273	Inf	NO	P62195
344	L	344	150.692	130.997	196.188	NA	0.619361554476058	0	0	0	1	0.6780928941633115	Inf	NO	P62195
345	R	345	152.358	131.726	199.553	NA	0.67680608365019	0	0	0	1	0.5585381415311738	Inf	NO	P62195
346	K	346	155.016	129.011	199.687	NA	0.490358126721763	0	0	0	1	0.8487639806520341	Inf	NO	P62195
347	I	347	155.475	128.724	195.915	NA	0.559748427672956	0	0	0	1	1.3119509370562885	Inf	NO	P62195
348	A	348	156.768	132.311	195.889	NA	0.557644110275689	0	0	0	1	0.7017753128347768	Inf	NO	P62195
349	E	349	159.17	131.768	198.806	NA	0.513788098693759	0	0	0	1	0.7637802682776438	Inf	NO	P62195
350	L	350	161.071	128.964	197.047	NA	0.515239477503628	0	0	0	1	1.628036579471779	Inf	NO	P62195
351	M	351	162.52	131.499	194.554	NA	0.5206200643463	0	0	0	1	1.6874144105908329	Inf	NO	P62195
352	P	352	164.271	134.244	196.698	NA	0.525147928994083	1	0	0	1	0.9415131821452261	Inf	NO	P62195
353	G	353	166.037	135.751	193.705	NA	0.630828630828631	0	0	0	1	0.7842385379357987	Inf	NO	P62195
354	A	354	166.115	135.852	189.899	NA	0.633273703041145	1	0	0	1	0.9561206913305426	Inf	NO	P62195
355	S	355	163.836	138.589	188.481	NA	0.549416342412451	0	0	0	1	0.4785914766328812	Inf	NO	P62195
356	G	356	160.284	139.875	188.547	NA	0.36875	0	0	0	1	-0.06477065665219155	Inf	NO	P62195
357	A	357	159.851	138.888	184.903	NA	0.495798319327731	0	0	0	1	0.13096949723121826	Inf	NO	P62195
358	E	358	160.513	135.31	186.028	NA	0.499717673630717	0	0	0	1	1.2039844728382365	Inf	NO	P62195
359	V	359	157.055	135.354	187.644	NA	0.597300337457818	0	0	0	1	0.6501336835576211	Inf	NO	P62195
360	K	360	155.578	135.435	184.145	NA	0.638914027149321	0	0	0	1	0.6881911498732989	Inf	NO	P62195
361	G	361	158.344	133.035	183.113	NA	0.632146064052679	0	0	0	1	1.488985247216518	Inf	NO	P62195
362	V	362	157.04	130.477	185.618	NA	0.67953667953668	1	0	0	1	1.751725912300108	Inf	NO	P62195
363	C	363	153.463	130.478	184.275	NA	0.676923076923077	0	0	0	1	1.340364971911975	Inf	NO	P62195
364	T	364	153.894	131.215	180.568	NA	0.677606177606178	0	0	0	1	1.1610947522816821	Inf	NO	P62195
365	E	365	157.14	129.43	179.666	NA	0.667300380228137	0	0	0	1	1.8276979697169968	Inf	NO	P62195
366	A	366	156.356	126.292	181.692	NA	0.669201520912548	0	0	0	1	2.052148939703482	Inf	NO	P62195
367	G	367	152.723	126.496	180.558	NA	0.673664122137405	0	0	0	1	1.6290548078207772	Inf	NO	P62195
368	M	368	153.81	124.893	177.287	NA	0.62422634836428	1	0	0	1	1.4498079458505368	Inf	NO	P62195
369	Y	369	154.314	121.633	179.204	NA	0.620082207868467	0	0	0	1	1.765090491746671	Inf	NO	P62195
370	A	370	150.63	121.559	180.137	NA	0.563537675606641	0	0	0	1	1.6521271164602125	Inf	NO	P62195
371	L	371	150.177	122.394	176.448	NA	0.557133838383838	0	0	0	1	1.3392587684404265	Inf	NO	P62195
372	R	372	152.028	119.16	175.654	NA	0.559796437659033	0	0	0	1	1.3075036687131905	Inf	NO	P62195
373	E	373	149.594	116.735	177.314	NA	0.556083650190114	0	0	0	1	1.3517816916806344	Inf	NO	P62195
374	R	374	146.531	118.298	175.608	NA	0.551378446115288	1	0	0	1	1.1876053664704862	Inf	NO	P62195
375	R	375	144.803	118.807	178.971	NA	0.606199770378875	0	0	0	1	1.2125891514103435	Inf	NO	P62195
376	V	376	143.857	122.137	180.522	NA	0.694710947109471	0	0	0	1	1.1021979836312394	Inf	NO	P62195
377	H	377	145.255	121.147	183.932	NA	0.776470588235294	1	0	0	1	1.3583874846603785	Inf	NO	P62195
378	V	378	148.102	118.87	184.994	NA	0.734098018769552	0	0	0	1	1.6503709000468911	Inf	NO	P62195
379	T	379	148.878	116.791	188.071	NA	0.767391304347826	0	0	0	1	1.9035788884408147	Inf	NO	P62195
380	Q	380	151.081	118.099	190.905	NA	0.852657004830918	0	0	0	1	2.206604061258547	Inf	NO	P62195
381	E	381	154.044	116.201	189.429	NA	0.855072463768116	0	0	0	1	2.601377668308195	Inf	NO	P62195
382	D	382	154.417	118.955	186.829	NA	0.849578820697954	0	0	0	1	2.1859536409700864	Inf	NO	P62195
383	F	383	154.061	121.688	189.469	NA	0.870503597122302	0	0	0	1	2.2586542139885832	Inf	NO	P62195
384	E	384	157.408	120.605	190.947	NA	0.874320652173913	0	0	0	1	2.678841160937374	Inf	NO	P62195
385	M	385	158.732	120.38	187.38	NA	0.86620036101083	0	0	0	1	2.690801516081542	Inf	NO	P62195
386	A	386	157.662	123.983	186.797	NA	0.989943269726663	0	0	0	1	2.1785257802521185	Inf	NO	P62195
387	V	387	159.888	124.918	189.742	NA	1.15006150061501	0	0	0	1	2.3290439815663166	Inf	NO	P62195
388	A	388	162.651	122.607	188.507	NA	1.13550600343053	0	0	0	1	2.9640207328563903	Inf	NO	P62195
389	K	389	162.913	124.442	185.178	NA	1.14346590909091	0	0	0	1	2.710426435755457	Inf	NO	P62195
390	V	390	163.296	127.905	186.734	NA	1.134	1	0	0	1	2.2401459701580717	Inf	NO	P62195
391	M	391	165.945	126.625	189.181	NA	1.12868852459016	1	0	0	1	2.6706258418983775	Inf	NO	P62195
392	Q	392	168.254	125.434	186.383	NA	1.118410041841	1	0	0	1	3.5505584278321276	Inf	NO	P62195
393	K	393	168.661	128.969	185.02	NA	1.09314420803782	0	0	0	1	2.764898563498946	Inf	NO	P62195
394	D	394	169.506	130.257	188.513	NA	1.09551656920078	1	0	0	1	2.805372517470561	Inf	NO	P62195
