Uniprot_position	aminoacid	Position_in_structure	x	y	z	paraz	mtr	gscount	pscount	OR	pvalue	mtr3dscore	paraz3dscore	HotSpot3D	Uniprot
2	S	2	-3.839	-10.978	12.227	-0.65	0.34280303030303	0	0	0	0.5299455535390198	-0.5836978183529673	-3.6688571120307105	NO	P68400
3	G	3	-6.431	-10.21	9.569	0.49	0.302737520128824	0	0	0	0.5299455535390198	-0.17644329700606673	-1.902158939634933	NO	P68400
4	P	4	-5.205	-10.067	5.938	0.49	0.298850574712644	0	0	0	0.5299455535390198	-0.054312775318512224	-1.1741338241108095	NO	P68400
5	V	5	-2.559	-7.673	4.655	-0.36	0.296296296296296	1	0	0	0.28576142550734207	-0.03938241583081885	-1.5769624420055393	NO	P68400
6	P	6	-4.214	-4.835	2.64	-0.65	0.39811320754717	0	0	0	0.14789913655612405	-0.1563847382132915	-0.6643176599110431	NO	P68400
7	S	7	-3.675	-4.373	-1.103	0.49	0.39578313253012	0	0	0	0.28576142550734207	-0.13812826834041392	-0.37673957414834236	NO	P68400
8	R	8	-4.049	-1.595	-3.759	0.49	0.398823529411765	0	0	0	0.28576142550734207	-0.07032607057283204	-0.21795378343522595	NO	P68400
9	A	9	-4.176	-1.76	-7.497	0.49	0.396067415730337	0	0	1.1892770170448412	0.9999999999999999	-0.42616849033775145	0.23592952980455223	NO	P68400
10	R	10	-0.782	-1.058	-8.865	0.49	0.397826086956522	0	0	3.6983948261863118	0.5467332123411979	-0.66070814562023	0.3925025004347737	NO	P68400
11	V	11	-2.262	0.912	-11.79	0.49	0.363157894736842	0	0	3.6983948261863118	0.5467332123411979	-0.42404073899785627	0.010885959840336629	NO	P68400
12	Y	12	-5.273	3.271	-12.131	0.49	0.361329026303646	0	0	0	1	0.06316371005636857	-0.37921094832286545	NO	P68400
13	T	13	-5.385	3.269	-8.402	-0.65	0.40422322775264	0	0	0	0.5467332123411979	0.13076171139346368	-0.40065894562319193	NO	P68400
14	D	14	-6.962	6.655	-7.822	-0.08	0.406330511593669	0	0	0	0.5467332123411979	0.03482341670376444	-0.6809334997168295	NO	P68400
15	V	15	-8.868	7.223	-10.997	0.49	0.404112017015243	0	0	0	1	-0.08563007583451239	-0.7849117328125956	NO	P68400
16	N	16	-12.234	7.485	-9.218	0.49	0.402472527472527	0	0	0	1	0.08550932698479106	-0.7205457429656673	NO	P68400
17	T	17	-10.668	9.459	-6.294	-0.08	0.40053050397878	0	0	0	0.5467332123411979	-0.07434697669647139	-1.192646105194505	NO	P68400
18	H	18	-10.09	12.259	-8.657	-1.22	0.431944444444444	0	0	0	1	-0.22924373051920735	-1.4357234079315377	NO	P68400
19	R	19	-13.441	12.102	-10.669	0.49	0.430894308943089	0	0	0	1	-0.1308074294526689	-1.0131184240880688	NO	P68400
20	P	20	-16.534	14.082	-9.807	-0.65	0.536890645586298	0	0	0	1	-0.7110483805240319	-1.0131184240880688	NO	P68400
21	R	21	-18.723	12.18	-7.359	0.49	0.38953488372093	1	0	0.8769618921966202	1	-0.5352780047850223	-0.8921755504223393	NO	P68400
22	E	22	-21.421	11.857	-10.026	0.49	0.434343434343434	0	0	1.8217872944099633	0.6154099983501073	-0.5573216043834625	-0.6109998314281477	NO	P68400
23	Y	23	-19.083	9.653	-12.175	0.49	0.435994930291508	0	0	1.1892770170448412	0.9999999999999999	-0.2582767164537486	-0.5364962618585927	NO	P68400
24	W	24	-19.065	6.747	-9.713	0.49	0.389433962264151	0	0	1.1892770170448412	0.9999999999999999	-0.05096965121449613	-0.3205719792728147	NO	P68400
25	D	25	-22.032	7.442	-7.453	0.49	0.388636363636364	0	0	1.1892770170448412	0.9999999999999999	-0.1616595928748096	0.1150638865817766	NO	P68400
26	Y	26	-24.577	5.418	-9.346	0.49	0.388636363636364	0	0	1.1892770170448412	0.9999999999999999	-0.279976582374668	-0.025804441366046187	NO	P68400
27	E	27	-27.077	5.391	-6.532	0.49	0.390458015267176	0	1	1.1892770170448412	0.9999999999999999	-0.6424361220690215	0.1121431716482494	NO	P68400
28	S	28	-27.794	9.086	-7.347	-0.36	0.437179487179487	1	0	1.1892770170448412	0.9999999999999999	-0.6679171713524379	-0.06040367980937111	NO	P68400
29	H	29	-28.093	8.452	-11.106	0.49	0.435897435897436	0	0	1.1892770170448412	0.9999999999999999	-0.4991804765736022	-0.21795378343522595	NO	P68400
30	V	30	-31.451	9.394	-12.724	0.49	0.433333333333333	0	0	1.8217872944099633	0.6154099983501073	-0.5962020211918454	-1.113209078156259	NO	P68400
31	V	31	-32.341	7.266	-15.688	-0.65	0.485209923664122	0	0	1.8217872944099633	0.6154099983501073	-0.7699470495985129	-0.552701415374395	NO	P68400
32	E	32	-33.212	8.834	-18.968	-0.93	0.481939163498099	0	0	0	0.5299455535390198	-0.6274419742256918	-1.2207138547480185	NO	P68400
33	W	33	-35.997	6.664	-20.41	0.49	0.430925221799746	0	0	0	0.5299455535390198	-1.0196816799834234	-0.9193827321829385	NO	P68400
34	G	34	-36.566	6.004	-24.079	0.49	0.481132075471698	0	0	0	0.5467332123411979	-1.0897860364368217	-0.7382663105357375	NO	P68400
35	N	35	-39.747	4.688	-25.616	0.49	0.481534090909091	1	0	0	1	-1.3347056297121946	-0.26606499155012897	NO	P68400
36	Q	36	-40.41	0.9	-25.409	0.49	0.481534090909091	0	0	0	0.5299455535390198	-1.5489130235064514	0.44598088855043433	NO	P68400
37	D	37	-42.775	1.241	-28.349	0.49	0.368278109722977	0	0	0	0.5299455535390198	-1.432500258680209	0.45791088570199634	NO	P68400
38	D	38	-39.822	1.766	-30.67	0.49	0.319811320754717	0	0	0	0.5299455535390198	-1.6078896435219383	0.14269031931841122	NO	P68400
39	Y	39	-38.869	-1.932	-30.264	0.49	0.321022727272727	0	0	0	0.5299455535390198	-1.798607727682279	0.29187305609623726	NO	P68400
40	Q	40	-40.547	-5.187	-31.214	0.49	0.321969696969697	0	0	0	0.5467332123411979	-1.9115439699459233	0.7477356752597183	NO	P68400
41	L	41	-39.111	-8.467	-29.752	0.49	0.319548872180451	0	0	0	0.5299455535390198	-1.8496948172021501	0.7527666869721408	NO	P68400
42	V	42	-38.241	-10.959	-32.547	0.49	0.420987654320988	0	0	0	0.5299455535390198	-2.1831358021455816	0.6984317604779803	NO	P68400
43	R	43	-36.651	-14.012	-30.873	0.49	0.420987654320988	1	0	1.8217872944099633	0.6154099983501073	-1.915326539939461	0.6884226950711613	NO	P68400
44	K	44	-35.641	-15.147	-27.414	0.49	0.360569319978914	0	0	8.150984170692702	0.05276907001044938	-1.7443705639364429	0.8886040032075415	NO	P68400
45	L	45	-31.821	-15.771	-27.214	0.49	0.364021164021164	0	0	8.150984170692702	0.05276907001044938	-1.8400651072360719	0.8886040032075415	NO	P68400
46	G	46	-31.643	-16.947	-23.709	0.49	0.366737739872068	0	0	13.716925491233374	0.00706428683006432	-1.5269043636250048	0.8886040032075415	YES	P68400
47	R	47	-32.475	-16.595	-20.175	0.49	0.368869936034115	0	2	13.716925491233374	0.00706428683006432	-1.5125647064439833	0.8886040032075415	YES	P68400
48	G	48	-30.623	-15.984	-16.958	0.49	0.368869936034115	0	0	45.04246464069696	1.0616145944708068e-4	-1.1949991212836046	0.8886040032075415	YES	P68400
49	K	49	-31.198	-15.298	-13.274	0.49	0.366895097522404	0	0	45.04246464069696	1.0616145944708068e-4	-1.384553785164225	0.8886040032075415	YES	P68400
50	Y	50	-31.053	-11.533	-13.836	0.49	0.369622942113648	0	2	45.04246464069696	6.759668438263111e-6	-1.027373942754854	0.8886040032075415	YES	P68400
51	S	51	-32.698	-11.153	-17.267	0.49	0.214197530864198	0	2	45.04246464069696	2.7601979456241056e-5	-1.4559956692494875	0.8886040032075415	YES	P68400
52	E	52	-34.2	-12.565	-20.435	0.49	0.214197530864198	0	0	13.716925491233374	0.00706428683006432	-1.740287227993201	0.8886040032075415	YES	P68400
53	V	53	-32.45	-11.604	-23.623	0.49	0.215613382899628	0	0	17.05597956240653	0.002350718030613932	-1.7300269933798806	0.6930245642237218	YES	P68400
54	F	54	-34.059	-11.109	-27.055	0.49	0.216232961586121	0	0	4.009481791938458	0.17585937102767565	-2.012771652609962	0.5727623837034752	NO	P68400
55	E	55	-33.125	-10.164	-30.538	0.49	0.183974696889826	0	0	0	0.5299455535390198	-2.1963634993735472	0.44598088855043433	NO	P68400
56	A	56	-35.428	-7.305	-31.427	0.49	0.184126984126984	0	0	0	0.5299455535390198	-2.1042754016136085	0.5829508230423163	NO	P68400
57	I	57	-36	-4.703	-34.124	0.49	0.161111111111111	1	0	0	0.5299455535390198	-2.2184325278632984	0.5241713653182342	NO	P68400
58	N	58	-36.223	-0.944	-33.811	0.49	0.161710037174721	0	0	0	0.5299455535390198	-2.0180875821608115	0.27852763555381194	NO	P68400
59	I	59	-39.44	-0.465	-35.789	0.49	0.161847014925373	0	0	0	0.5299455535390198	-2.077757207792224	0.677301511285807	NO	P68400
60	T	60	-38.6	3.203	-36.557	0.49	0.186034115138593	0	0	0	0.5299455535390198	-2.114280361198012	0.61692937073674	NO	P68400
61	N	61	-35.558	2.301	-38.627	0.49	0.186034115138593	0	0	0	1	-2.561771734472561	0.5716502653249398	NO	P68400
62	N	62	-35.482	-1.555	-39.004	0.49	0.184656084656085	0	0	0	1	-2.4506068508521737	0.61692937073674	NO	P68400
63	E	63	-32.169	-1.891	-37.165	0.49	0.183447548761202	0	0	0	1	-2.4529352229588195	-0.06074068537862446	NO	P68400
64	K	64	-31.631	-5.152	-35.29	-0.08	0.212287104622871	0	0	0	0.5299455535390198	-2.332325045576775	0.1150638865817766	NO	P68400
65	V	65	-30.85	-4.649	-31.587	0.49	0.213064713064713	0	0	0	0.28576142550734207	-2.062166622028275	0.021151667949894617	NO	P68400
66	V	66	-30.591	-6.859	-28.541	0.49	0.212121212121212	0	0	0.4180407423945779	0.6438981466204697	-1.823050722845714	-0.15971389992771196	NO	P68400
67	V	67	-32.923	-6.284	-25.592	0.49	0.36101083032491	0	0	1.9178696824737869	0.44284789848601785	-1.7254624516003854	0.009759235779531516	NO	P68400
68	K	68	-32.138	-7.494	-22.054	0.49	0.3584229390681	0	0	9.809143496403513	9.464471182427945e-4	-1.3515170832565622	0.38296084710009265	YES	P68400
69	I	69	-35.301	-7.316	-19.908	0.49	0.357398873527906	0	0	45.04246464069696	3.8673103084293603e-4	-1.6165542995340891	0.5391647021624572	YES	P68400
70	L	70	-34.2	-7.167	-16.291	0.49	0.359979370809696	0	0	20.903102136363923	7.346372993737983e-4	-1.3222597053881613	0.4005429090845579	YES	P68400
71	K	71	-35.755	-9.502	-13.727	0.49	0.362042289840124	0	0	45.04246464069696	3.8673103084293603e-4	-1.557869718163412	0.7364662090238927	YES	P68400
72	P	72	-36.869	-7.419	-10.697	0.49	0.364675324675325	0	0	45.04246464069696	0.004440961337513067	-1.433052875707933	0.7074875815603405	YES	P68400
73	V	73	-33.815	-6.364	-8.656	0.49	0.255072463768116	0	1	45.04246464069696	3.8673103084293603e-4	-1.124524365524128	0.6984317604779803	YES	P68400
74	K	74	-33.314	-3.185	-6.569	0.49	0.423586040914561	0	0	45.04246464069696	0.004440961337513067	-1.1681218946589222	0.8886040032075415	YES	P68400
75	K	75	-32.872	0.155	-8.276	0.49	0.42512077294686	0	0	2.859286913659161	0.34121157124786905	-0.9454134783532665	0.1121431716482494	NO	P68400
76	K	76	-29.21	0.239	-7.085	0.49	0.366753246753247	0	0	4.009481791938458	0.17585937102767565	-0.5148455343106689	0.07516884633590196	NO	P68400
77	K	77	-27.962	-2.801	-9.045	0.49	0.429440389294404	0	0	17.05597956240653	0.002350718030613932	-0.40502372340671566	0.7423176626463406	YES	P68400
78	I	78	-29.742	-1.555	-12.196	0.49	0.431013431013431	0	0	12.446937747499742	9.186107754747974e-4	-0.688554251788663	0.15089881211236306	YES	P68400
79	K	79	-28.328	1.927	-11.775	0.49	0.431013431013431	0	0	5.295807262193135	0.08637908964074081	-0.33855433785777644	-0.20329404117271327	NO	P68400
80	R	80	-24.79	0.532	-11.336	0.49	0.431013431013431	0	1	5.295807262193135	0.08637908964074081	-0.07838359740975774	0.37096344883467997	NO	P68400
81	E	81	-24.932	-1.38	-14.663	0.49	0.431013431013431	0	0	5.964393311536988	0.00822722047065135	-0.14963788556717034	0.39132821394812106	YES	P68400
82	I	82	-26.466	1.561	-16.465	-0.08	0.470588235294118	1	0	1.974876149171244	0.4709259510820995	-0.33013689304780514	-0.31854994585729574	NO	P68400
83	K	83	-23.986	4.109	-15.155	0.49	0.470588235294118	0	0	1.4949643503207888	0.7096441619538562	-0.09891460977356957	-0.14089986720812742	NO	P68400
84	I	84	-21.046	1.844	-16.045	0.49	0.473666554847367	0	0	3.226225392379395	0.145553764798363	0.3588547900290025	0.39132821394812106	NO	P68400
85	L	85	-22.424	1.266	-19.555	0.49	0.476767676767677	0	0	2.5331091257829965	0.2616256496303066	0.2618908915576887	-0.06058903287246045	NO	P68400
86	E	86	-22.911	5.031	-19.976	0.49	0.583747927031509	0	0	0.8704736907994038	1	-0.18803383443586102	-0.8317041135894745	NO	P68400
87	N	87	-19.428	5.833	-18.656	0.49	0.586466165413534	0	0	0.8704736907994038	1	0.26664949948429006	0.3084489157382179	NO	P68400
88	L	88	-17.763	3.304	-20.958	0.49	0.659774436090226	0	0	0.67807633030429	1	0.8359463820294941	0.15089881211236306	NO	P68400
89	R	89	-19.897	3.977	-24.06	0.49	0.664150943396226	1	0	0.67807633030429	1	0.533435759700067	-0.28947449984793633	NO	P68400
90	G	90	-17.75	4.563	-27.182	0.49	0.666666666666667	0	0	0	0.28576142550734207	0.7189348706379418	-0.2490930980342183	NO	P68400
91	G	91	-14.733	2.877	-25.595	0.49	0.664772727272727	0	0	0	0.28576142550734207	1.2250786308319888	-0.023333067191523085	NO	P68400
92	P	92	-12.827	0.305	-27.664	-0.36	0.669201520912548	1	0	0	0.5299455535390198	1.6257402246984334	0.17962853689119543	NO	P68400
93	N	93	-14.765	-2.954	-27.989	0.49	0.531320754716981	0	0	0.571792576653229	1	1.2653084548057585	0.11915710005833081	NO	P68400
94	I	94	-17.248	-1.946	-25.223	0.49	0.479835953520164	0	0	1.3671911636010954	0.6955561731012884	1.0946989723851812	0.31030244636911025	NO	P68400
95	I	95	-20.832	-2.974	-26.11	0.49	0.47940074906367	0	0	1.3671911636010954	0.6955561731012884	0.3077166081149579	-0.05855014917847878	NO	P68400
96	T	96	-22.925	0.096	-26.904	-0.93	0.48257006151743	0	0	1.0654720072291448	1	-0.08431998636367287	-0.4904227861764099	NO	P68400
97	L	97	-25.995	0.674	-24.782	0.49	0.482124616956078	2	0	1.3671911636010954	0.6955561731012884	-0.2818612153102806	-0.14089986720812742	NO	P68400
98	A	98	-28.413	2.213	-27.272	-0.65	0.397388059701493	0	0	0	0.14789913655612405	-1.1756995511534085	-0.7020840259621882	NO	P68400
99	D	99	-31.479	2.814	-25.132	0.49	0.398876404494382	0	0	0	0.14789913655612405	-1.079194510016582	-0.593988810177523	NO	P68400
100	I	100	-33.106	2.122	-21.758	-0.93	0.442786069651741	0	0	0	0.28576142550734207	-0.9795013710010939	-0.4292562753569605	NO	P68400
101	V	101	-36.926	1.526	-21.759	0.49	0.439506172839506	0	0	0	0.28576142550734207	-1.1353485941703625	-0.4588529741405652	NO	P68400
102	K	102	-39.611	0.37	-19.375	0.49	0.439506172839506	0	0	0	1	-1.1523497617178533	-0.1957114158645169	NO	P68400
103	D	103	-40.885	-3.016	-20.584	0.49	0.438271604938272	0	0	0	1	-1.3028599127561906	0.44598088855043433	NO	P68400
104	P	104	-44.647	-2.632	-20.908	0.49	0.439900867410161	0	0	0	1	-1.2994511917611065	0.677301511285807	NO	P68400
105	V	105	-45.34	-6.25	-19.565	0.49	0.329291044776119	0	0	0	1	-1.2847039657362467	0.6350410129014602	NO	P68400
106	S	106	-42.737	-6.792	-16.807	0.49	0.328066914498141	0	0	45.04246464069696	0.12704174228675136	-1.4312981561892921	0.677301511285807	NO	P68400
107	R	107	-42.666	-3.013	-15.815	-0.08	0.377398720682303	0	0	45.04246464069696	0.3620689655172415	-1.3451832773072128	0.65088869979559	NO	P68400
108	T	108	-38.958	-3.641	-15.279	0.49	0.221383647798742	0	0	45.04246464069696	0.004440961337513067	-1.3470766475635887	0.37788502475703334	YES	P68400
109	P	109	-36.196	-1.824	-17.104	0.49	0.222012578616352	0	0	5.295807262193135	0.08637908964074081	-1.1261653363955655	-0.03475482351161709	NO	P68400
110	A	110	-35.054	-3.201	-20.463	0.49	0.189406099518459	0	0	1.9178696824737869	0.44284789848601785	-1.3886764678196646	0.11965358147731966	NO	P68400
111	L	111	-31.607	-2.341	-21.747	0.49	0.18816631130064	0	0	2.5331091257829965	0.2616256496303066	-1.0859497734852166	-0.14276491045163398	NO	P68400
112	V	112	-31.299	-2.114	-25.495	0.49	0.290534979423868	0	0	0	0.14789913655612405	-1.6163802169468733	-0.08300771189342517	NO	P68400
113	F	113	-27.87	-2.836	-27.058	0.49	0.186083289404323	0	0	1.0654720072291448	1	-1.1145562906098314	-0.2598045539959021	NO	P68400
114	E	114	-26.251	-2.802	-30.427	0.49	0.188336008560728	0	0	0.4180407423945779	0.6438981466204697	-1.313534530120513	-0.0907776656317373	NO	P68400
115	H	115	-26.551	-6.088	-32.214	-0.36	0.187633262260128	0	0	0.571792576653229	1	-1.346121634574272	-0.15832122899996318	NO	P68400
116	V	116	-23.382	-8.164	-32.872	-0.08	0.187265917602996	0	0	0.8769618921966202	1	-0.41423183199623825	-0.5015439699617642	NO	P68400
117	N	117	-23.776	-11.04	-35.295	0.49	0.185185185185185	0	0	0	0.5299455535390198	-0.6263089491969576	-0.646119359171372	NO	P68400
118	N	118	-22.038	-13.488	-32.89	0.49	0.183447548761202	0	0	0.8769618921966202	1	-0.08318136778938291	-0.09159412628783682	NO	P68400
119	T	119	-20.858	-17.047	-33.602	0.49	0.318933823529412	0	0	0	0.5467332123411979	0.22453288470921723	-0.45427893887400783	NO	P68400
120	D	120	-21.337	-18.844	-30.386	0.49	0.320110701107011	0	0	0	1	-0.1568887891502325	0.22466933122188118	NO	P68400
121	F	121	-17.99	-19.606	-28.748	0.49	0.322490706319703	0	0	0.571792576653229	1	0.6119451187043079	0.5241713653182342	NO	P68400
122	K	122	-18.693	-23.365	-28.42	0.49	0.42716049382716	0	0	0.8769618921966202	1	0.4799132400657215	0.22466933122188118	NO	P68400
123	Q	123	-18.687	-23.448	-32.225	0.49	0.42998760842627	0	0	0	1	0.24087448569039394	0.3312364393768361	NO	P68400
124	L	124	-16.207	-20.677	-32.974	0.49	0.559076262083781	0	0	0	0.5299455535390198	0.41031724927260893	0.28272191058143126	NO	P68400
125	Y	125	-13.381	-21.783	-30.623	0.49	0.647388059701493	0	0	0.571792576653229	1	0.6100421544890942	0.48621935351926243	NO	P68400
126	Q	126	-13.091	-25.109	-32.446	0.49	0.64365671641791	0	0	0	0.5299455535390198	0.2677373778819127	0.3353251098861576	NO	P68400
127	T	127	-12.145	-23.17	-35.669	-0.93	0.638376383763838	1	0	0	0.5299455535390198	0.05659888965147727	0.28502702867512286	NO	P68400
128	L	128	-9.83	-20.455	-34.333	0.49	0.540779220779221	0	0	0	0.14789913655612405	0.370280254083044	0.2995647516798024	NO	P68400
129	T	129	-6.315	-20.236	-35.726	0.49	0.536874677668901	0	0	0	0.28576142550734207	0.2093648175786311	0.0989999544473757	NO	P68400
130	D	130	-3.188	-19.141	-33.776	0.49	0.531122448979592	0	0	0	0.28576142550734207	0.3613961703837568	0.039559144560136345	NO	P68400
131	Y	131	-3.512	-15.609	-35.336	-0.08	0.531490015360983	0	0	0	0.07737945146773004	0.6631561397481367	-0.13283395369347448	NO	P68400
132	D	132	-7.269	-15.443	-34.523	0.49	0.531122448979592	0	0	0	0.14789913655612405	1.029463374076808	-0.41832683611962923	NO	P68400
133	I	133	-6.502	-16.175	-30.824	0.49	0.525492175668854	0	0	0	0.07737945146773004	0.7335317678285368	0.20465120040824314	NO	P68400
134	R	134	-3.835	-13.479	-30.732	0.49	0.525492175668854	1	0	0	0.07737945146773004	0.566082139256414	0.20465120040824314	NO	P68400
135	F	135	-6.042	-10.921	-32.511	0.49	0.527355623100304	0	0	0	0.28576142550734207	1.4268817549198127	0.25692076419940885	NO	P68400
136	Y	136	-9.13	-11.451	-30.337	0.49	0.527355623100304	0	0	0	0.07737945146773004	1.2527291480072162	0.37642840401175837	NO	P68400
138	Y	138	-5.567	-8.168	-28.154	0.49	0.527707168276563	0	0	0	0.14789913655612405	1.207787535602764	0.014307862543522749	NO	P68400
139	E	139	-9.089	-6.808	-28.769	0.49	0.620071684587814	0	0	0	0.28576142550734207	1.3088065047951036	0.44310246451187213	NO	P68400
140	I	140	-10.292	-8	-25.32	0.21	0.615658362989324	0	0	0.4180407423945779	0.6438981466204697	1.0507416762727448	0.39291695448888614	NO	P68400
141	L	141	-7.194	-6.344	-23.788	0.49	0.738790035587189	0	0	0	0.5467332123411979	0.7421844848720991	0.3681326020529533	NO	P68400
142	K	142	-8.148	-2.948	-25.45	0.49	0.744086021505376	0	0	0	0.5299455535390198	0.9463701587874308	0.49744512523990225	NO	P68400
143	A	143	-11.573	-3.162	-23.697	0.49	0.823250296559905	0	0	0.571792576653229	1	1.0326512532894991	0.37642840401175837	NO	P68400
144	L	144	-10.08	-4.177	-20.34	0.49	0.825622775800712	0	0	4.009481791938458	0.17585937102767565	0.7299160232394961	0.25692076419940885	NO	P68400
145	D	145	-7.375	-1.459	-20.421	0.49	0.822143698468787	0	0	0	0.5299455535390198	0.43673517461379113	0.3622013040340976	NO	P68400
146	Y	146	-10.055	1.079	-21.266	0.49	0.821052631578947	0	0	0	0.5299455535390198	0.8344516422812256	0.25692076419940885	NO	P68400
147	C	147	-12.47	0.047	-18.526	0.49	0.615789473684211	0	0	1.8217872944099633	0.6154099983501073	0.9148073275836596	0.43740168963030385	NO	P68400
148	H	148	-9.69	-0.281	-15.965	0.49	0.611498257839721	0	0	0	1	0.5661690972479093	0.3320023171698017	NO	P68400
149	S	149	-8.353	3.164	-16.915	0.49	0.611111111111111	0	0	0	1	0.43967984012925587	-0.0017857736073988105	NO	P68400
150	M	150	-11.972	4.4	-16.404	-0.65	0.404844290657439	0	0	0	1	0.6022510396349079	-0.062257210440263805	NO	P68400
151	G	151	-11.956	3.027	-12.878	0.49	0.409090909090909	0	0	0	1	0.5159767002578941	-0.11819022300778163	NO	P68400
152	I	152	-14.153	-0.028	-13.534	0.49	0.413145539906103	0	0	5.808245237451563	0.13009404388714746	0.7145056197961096	0.4463429736039112	NO	P68400
153	M	153	-13.586	-3.824	-13.012	0.49	0.417556346381969	0	0	4.009481791938458	0.17585937102767565	0.8579417085362933	0.28643258848834935	NO	P68400
154	H	154	-15.677	-6.006	-15.283	0.49	0.626334519572954	0	0	17.05597956240653	0.002350718030613932	1.0237893742326976	0.4854019357555418	NO	P68400
155	R	155	-15.679	-9.05	-12.869	0.49	0.619298245614035	0	0	5.964393311536988	0.00822722047065135	1.087893183220563	0.6682493849488905	NO	P68400
156	D	156	-17.299	-11.499	-15.258	0.49	0.617957746478873	0	2	8.135700051673634	0.0049165709717197865	1.1381970150918448	0.6392553562306469	NO	P68400
157	V	157	-14.795	-12.033	-18.073	0.49	0.621478873239437	0	0	10.268117361274756	0.0028124553823968253	1.241941793698287	0.6185181112775048	NO	P68400
158	K	158	-15.555	-15.425	-19.783	0.49	0.501067615658363	0	0	6.70923501015913	0.01161774111471058	1.105522277261664	0.5820200177734461	NO	P68400
159	P	159	-16.236	-16.583	-23.307	0.49	0.629893238434164	0	0	6.742794771749121	0.021204993228415493	0.894223934721403	0.5977422734367328	NO	P68400
160	H	160	-19.988	-16.089	-23.154	0.49	0.629893238434164	0	0	13.716925491233374	0.00706428683006432	0.6932849618266234	0.8886040032075415	NO	P68400
161	N	161	-19.374	-12.356	-22.463	0.49	0.627659574468085	0	0	17.05597956240653	0.002350718030613932	0.7752205332356253	0.41525861834339295	NO	P68400
162	V	162	-17.107	-11.79	-25.416	0.49	0.621908127208481	0	0	10.769630554204506	0.019942430157134143	0.7811642730958269	0.7353120104904938	NO	P68400
164	I	164	-17.425	-12.051	-31.817	0.49	0.621478873239437	0	0	0.8769618921966202	1	0.3546763571536772	0.02305815659881247	NO	P68400
165	D	165	-18.689	-11.324	-35.37	0.49	0.619298245614035	0	0	0	0.5299455535390198	0.15039038000645655	-0.4650029375241711	NO	P68400
166	H	166	-15.936	-13.373	-36.922	0.49	0.619718309859155	0	0	0	0.5467332123411979	0.2366992819313464	-0.35098025102158126	NO	P68400
167	E	167	-16.271	-12.388	-40.56	-0.36	0.619298245614035	0	0	0	0.5299455535390198	0.15483053909603128	-0.7366775699949727	NO	P68400
168	H	168	-15.762	-8.736	-39.535	-0.93	0.619718309859155	1	0	0	0.5299455535390198	0.2858392306106196	-0.628325465114805	NO	P68400
169	R	169	-13.079	-9.518	-36.936	-0.08	0.619718309859155	1	0	0	0.5467332123411979	0.41998949778045724	-0.21795378343522595	NO	P68400
170	K	170	-15.397	-7.535	-34.623	0.49	0.748936170212766	0	0	0	0.5467332123411979	0.3910687579783375	-0.49470016455539234	NO	P68400
171	L	171	-15.461	-8.133	-30.823	0.49	0.76028880866426	0	0	0.571792576653229	1	0.6208833493355117	-0.40971476670555185	NO	P68400
172	R	172	-17.447	-6.648	-28.03	0.49	0.759712230215827	0	0	0.8633224129899455	1	0.741848206039228	-0.10562982720314619	NO	P68400
173	L	173	-17.23	-7.153	-24.222	0.49	0.847172081829121	0	0	3.226225392379395	0.145553764798363	1.0322588988385024	0.4259627577367963	NO	P68400
174	I	174	-20.72	-7.508	-22.805	0.49	0.734098018769552	0	1	4.40374243146585	0.05928330478547924	0.5364905009310398	0.3681326020529533	NO	P68400
175	D	175	-22.622	-8.202	-19.616	0.49	0.722222222222222	0	1	9.809143496403513	9.464471182427945e-4	0.31769990990533103	0.48621935351926243	NO	P68400
176	W	176	-21.549	-5.468	-17.272	0.49	0.648148148148148	0	1	5.964393311536988	0.00822722047065135	0.5414850539580869	0.5868155159413322	NO	P68400
177	G	177	-24.043	-6.547	-14.628	0.49	0.648148148148148	0	1	44.04246464069696	3.5108900788465535e-6	0.09224640874576194	0.7799341502192209	NO	P68400
178	L	178	-21.333	-7.569	-12.141	0.49	0.715457154571546	0	0	9.809143496403513	9.464471182427945e-4	0.6064904476940689	0.7697463515015658	NO	P68400
179	A	179	-18.974	-4.662	-12.894	0.49	0.720164609053498	0	0	6.70923501015913	0.01161774111471058	0.7384643695152892	0.61692937073674	NO	P68400
180	E	180	-18.091	-2.202	-10.111	0.49	0.720164609053498	0	0	3.45804422856555	0.12383438908111033	0.4008177264921141	0.61692937073674	NO	P68400
181	F	181	-16.012	0.899	-9.617	0.49	0.720776538620405	0	0	1.1892770170448412	0.9999999999999999	0.3158477092711226	0.34525473826593867	NO	P68400
182	Y	182	-12.543	0.532	-8.051	0.49	0.72890559732665	0	0	0	0.28576142550734207	0.25770934070099616	0.008131745469479644	NO	P68400
183	H	183	-11.87	2.579	-4.911	0.49	0.787218045112782	0	0	0	0.28576142550734207	0.0935515429717809	-0.23950107701935022	NO	P68400
184	P	184	-8.581	1.845	-3.113	0.49	0.737220109843684	0	0	0	0.28576142550734207	0.10005379743271323	-0.40065894562319193	NO	P68400
185	G	185	-8.984	0.05	0.23	0.21	0.660984848484848	2	0	0	0.14789913655612405	0.2587182822276541	-0.7093345091091765	NO	P68400
186	Q	186	-12.593	-1.09	-0.448	0.49	0.58863443596268	0	0	0	0.28576142550734207	0.6894834725846024	0.034497088492319965	NO	P68400
187	E	187	-13.474	-4.627	0.525	0.49	0.530268199233717	0	0	0	0.14789913655612405	0.6741162418087372	0.4766366734196288	NO	P68400
188	Y	188	-15.505	-6.119	-2.32	0.49	0.527756653992396	1	0	0.325333082325518	0.40201764243814714	1.0356344261818813	0.8194055263208916	NO	P68400
189	N	189	-17.937	-8.991	-2.562	0.49	0.587484035759898	0	0	0.571792576653229	1	0.8376188842591624	0.8886040032075415	NO	P68400
190	V	190	-16.135	-12.151	-3.645	0.49	0.584706379383185	1	0	1.9178696824737869	0.44284789848601785	0.793646589802621	0.8886040032075415	NO	P68400
191	R	191	-19.313	-13.644	-5.241	0.49	0.585241730279898	0	1	3.45804422856555	0.12383438908111033	0.873221171555039	0.8886040032075415	NO	P68400
192	V	192	-18.433	-12.408	-8.73	0.49	0.578616352201258	0	0	5.477916744854036	0.026803221091479174	0.9005261950403808	0.6014752582038448	NO	P68400
193	A	193	-17.304	-14.012	-11.974	0.49	0.574282147315855	0	0	10.268117361274756	0.0028124553823968253	0.983653042686044	0.6392553562306469	NO	P68400
194	S	194	-18.297	-17.41	-13.137	0.49	0.567901234567901	0	0	3.226225392379395	0.145553764798363	1.105689831168925	0.6099202212921889	NO	P68400
195	R	195	-16.775	-20.42	-11.236	0.49	0.634191176470588	0	0	3.226225392379395	0.145553764798363	1.2302204833880361	0.3143465132001482	NO	P68400
196	Y	196	-14.216	-21.412	-13.851	0.49	0.632841328413284	0	0	2.5331091257829965	0.2616256496303066	1.2262268179425733	0.3197554525866616	NO	P68400
197	F	197	-12.902	-17.822	-14.205	0.49	0.634191176470588	0	1	4.40374243146585	0.05928330478547924	1.0177966877599323	0.6732574444547689	NO	P68400
198	K	198	-12.775	-16.843	-10.507	0.49	0.632352941176471	1	1	2.515619952234078	0.18135629850864593	0.736781922422231	0.6912029910174999	NO	P68400
199	G	199	-9.326	-15.653	-9.424	0.49	0.634191176470588	0	0	4.013762527488245	0.07747260900361612	0.33757715756235596	0.6912029910174999	NO	P68400
200	P	200	-7.604	-17.242	-6.403	0.49	0.63003663003663	0	0	0.8704736907994038	1	0.437830769526598	0.5593202572150902	NO	P68400
201	E	201	-8.369	-14.038	-4.477	0.49	0.557575757575758	0	0	0.8633224129899455	1	0.15614940814209805	0.5443528142154335	NO	P68400
202	L	202	-12.123	-14.798	-4.693	0.49	0.563725490196078	0	0	0.8633224129899455	1	0.44181302470617573	0.6392553562306469	NO	P68400
203	L	203	-11.623	-18.435	-3.876	0.49	0.566993464052288	0	0	1.0654720072291448	1	0.751746669170743	0.7468089099442723	NO	P68400
204	V	204	-9.645	-17.764	-0.669	0.49	0.425245098039216	0	0	0.8704736907994038	1	0.48273787145240654	0.04046740820866827	NO	P68400
205	D	205	-12.01	-14.868	0.277	0.49	0.473181818181818	0	0	0.67807633030429	1	0.4736603210256876	0.31919939339739395	NO	P68400
206	Y	206	-9.517	-12.027	-0.134	0.49	0.538819875776398	0	0	0.549202974206931	0.6975460020352667	0.01840549655551326	0.06804098336922677	NO	P68400
207	Q	207	-11.888	-9.055	-0.548	0.49	0.558363417569194	0	0	0.2188854907289102	0.2366292635100635	0.17434640394917378	0.3999894123800331	NO	P68400
208	M	208	-9.48	-6.155	-1.186	0.49	0.564040404040404	0	0	0	0.041305587995996464	0.12464452635530324	0.41525861834339295	NO	P68400
209	Y	209	-8.978	-7.134	-4.858	0.49	0.563607085346216	0	0	0.2188854907289102	0.2366292635100635	0.2074829255659144	0.38296084710009265	NO	P68400
210	D	210	-8.787	-4.931	-7.961	0.49	0.634545454545455	1	0	0.67807633030429	1	0.06869776282619874	0.43456958692720143	NO	P68400
211	Y	211	-8.757	-4.857	-11.809	0.49	0.634545454545455	0	0	4.009481791938458	0.17585937102767565	0.2006566593660429	0.2950108186642477	NO	P68400
212	S	212	-6.21	-7.674	-11.765	0.49	0.627240143369176	0	0	2.859286913659161	0.34121157124786905	-0.43967508976303016	0.4534876876055489	NO	P68400
213	L	213	-9.099	-10.079	-11.178	0.49	0.566159818828858	0	0	3.226225392379395	0.145553764798363	-0.014082733316515514	0.695231583103011	NO	P68400
214	D	214	-10.056	-9.605	-14.803	0.49	0.49469964664311	0	0	4.40374243146585	0.05928330478547924	0.4879858374591213	0.6420038410105515	NO	P68400
215	M	215	-6.529	-10.575	-15.89	0.49	0.495035460992908	0	0	2.515619952234078	0.18135629850864593	-0.2480834205422838	0.47222688228387094	NO	P68400
216	W	216	-6.848	-13.978	-14.127	0.49	0.48951048951049	0	0	3.226225392379395	0.145553764798363	-0.2716635422024731	0.5593202572150902	NO	P68400
217	S	217	-10.159	-14.565	-15.938	-0.93	0.54320987654321	0	0	8.386354046604426	0.008007000589954393	0.44309351659255863	0.6472506529721896	NO	P68400
218	L	218	-8.529	-13.537	-19.238	0.49	0.611111111111111	0	0	4.013762527488245	0.07747260900361612	0.32265153026437554	0.5482957793756955	NO	P68400
219	G	219	-5.729	-15.989	-18.639	0.49	0.611498257839721	0	0	2.5331091257829965	0.2616256496303066	-0.1503951705326809	0.5104837545054904	NO	P68400
220	C	220	-8.237	-18.758	-18.1	0.49	0.607266435986159	0	0	2.5331091257829965	0.2616256496303066	0.544107455914537	0.43740168963030385	NO	P68400
221	M	221	-9.764	-17.85	-21.473	0.49	0.603448275862069	1	0	2.5331091257829965	0.2616256496303066	0.7654094507482149	0.5099276953162224	NO	P68400
222	L	222	-6.37	-17.837	-23.182	0.49	0.67281814686659	0	0	0.8704736907994038	1	0.27233500747864536	0.43602017611659516	NO	P68400
223	A	223	-5.507	-21.299	-21.725	0.49	0.670498084291188	0	0	0.8704736907994038	1	0.09650829555417009	0.1480959121339406	NO	P68400
224	S	224	-8.811	-22.689	-22.93	0.49	0.668193967163039	0	0	1.8217872944099633	0.6154099983501073	0.7325001457702793	0.38618817102211694	NO	P68400
225	M	225	-8.168	-21.287	-26.446	0.49	0.665905631659056	1	0	0.325333082325518	0.40201764243814714	0.2759009319033382	0.2562852679831029	NO	P68400
226	I	226	-4.559	-22.365	-26.965	0.49	0.603448275862069	0	0	0.26330637634389525	0.4034131068853529	-0.011687292238426489	0.13908794251086287	NO	P68400
227	F	227	-5.008	-25.753	-25.323	0.49	0.670103092783505	0	0	0.4180407423945779	0.6438981466204697	0.16887523877413008	0.3389833940260769	NO	P68400
228	R	228	-8.507	-26.509	-26.81	0.49	0.674329501915709	0	0	0.325333082325518	0.40201764243814714	0.3408795235648109	0.21937041424180045	NO	P68400
229	K	229	-9.982	-27.289	-23.374	-0.08	0.683760683760684	0	0	0.571792576653229	1	0.9839950081180036	0.5716502653249398	NO	P68400
230	E	230	-12.879	-25.079	-22.398	0.49	0.687645687645688	0	0	1.8217872944099633	0.6154099983501073	1.181332675835699	0.7477356752597183	NO	P68400
231	P	231	-13.122	-24.26	-19.611	0.49	0.692488262910798	0	1	1.8671713533027914	0.6573359524083765	1.220142488233174	0.1990906085155658	NO	P68400
232	F	232	-9.519	-24.884	-18.663	0.49	0.692007797270955	0	0	1.3671911636010954	0.6955561731012884	1.208346698913843	0.21487551453348833	NO	P68400
233	F	233	-9.879	-25.179	-14.839	0.49	0.747368421052632	0	0	1.0654720072291448	1	1.2015695270765	0.06804098336922677	NO	P68400
234	H	234	-13.085	-27.15	-14.419	0.49	0.747887323943662	0	0	1.3671911636010954	0.6955561731012884	1.4194857086678412	0.08531234363463196	NO	P68400
235	G	235	-13.894	-27.203	-10.682	0.49	0.748936170212766	0	0	1.8671713533027914	0.6573359524083765	1.3828957113865032	0.49380197882745874	NO	P68400
236	H	236	-17.02	-28.849	-9.265	-0.93	0.683274021352313	0	0	0.8769618921966202	1	1.5457894000957497	0.25692076419940885	NO	P68400
237	D	237	-17.559	-25.991	-6.74	0.49	0.628571428571429	1	0	0.571792576653229	1	1.3619335716815855	0.3622013040340976	NO	P68400
238	N	238	-15.609	-22.994	-5.513	0.49	0.720942140296979	0	0	1.0654720072291448	1	1.0503732581756613	0.4296024178847307	NO	P68400
239	Y	239	-13.347	-25.066	-3.174	0.49	0.717844433146924	0	0	0.325333082325518	0.40201764243814714	1.0234914415996763	0.3999894123800331	NO	P68400
240	D	240	-12.59	-27.612	-5.9	0.49	0.713272543059777	0	0	0.325333082325518	0.40201764243814714	1.1361015889847688	0.3476378490770859	NO	P68400
241	Q	241	-11.941	-24.761	-8.307	0.49	0.624555160142349	0	0	1.0654720072291448	1	1.1881676159801966	0.35478718151052796	NO	P68400
242	L	242	-8.877	-23.708	-6.233	0.49	0.537244897959184	1	0	0.549202974206931	0.6975460020352667	0.9371319264733698	0.3336298074798536	NO	P68400
243	V	243	-7.848	-27.426	-6.109	0.49	0.533434650455927	0	0	0	0.14789913655612405	1.1133536793607304	0.027217768196451626	NO	P68400
244	R	244	-7.887	-27.524	-9.837	0.49	0.618374558303887	0	0	0.8633224129899455	1	1.2822670981558664	0.23849137392653588	NO	P68400
245	I	245	-5.735	-24.421	-10.128	0.49	0.621428571428571	0	0	0.8704736907994038	1	0.87943681647035	0.4615505458499307	NO	P68400
246	A	246	-3.383	-25.842	-7.418	0.49	0.623655913978495	0	0	0	0.28576142550734207	0.7842063891578726	0.4005429090845579	NO	P68400
247	K	247	-2.879	-29.031	-9.442	0.49	0.536485097636177	0	0	0	0.28576142550734207	1.0070047671066196	0.037258209983856407	NO	P68400
248	V	248	-1.376	-26.944	-12.281	-0.65	0.630434782608696	1	0	0	0.28576142550734207	0.4534063146351808	0.14045163946551506	NO	P68400
249	L	249	0.304	-23.874	-10.645	0.49	0.623655913978495	0	0	0	0.28576142550734207	0.07801056699864653	-0.14280635585704526	NO	P68400
250	G	250	1.376	-26.029	-7.661	0.49	0.623214285714286	0	0	0	0.5467332123411979	0.5245331397011682	-0.12898431315239053	NO	P68400
251	T	251	0.75	-25.757	-3.946	0.49	0.622775800711744	0	0	0	0.28576142550734207	0.7914254369027632	-0.2791202942546753	NO	P68400
252	E	252	4.147	-24.174	-3.098	0.49	0.620567375886525	0	0	0	0.5299455535390198	0.8021066073197213	-0.9221269203897143	NO	P68400
253	D	253	3.241	-20.837	-4.759	-0.08	0.534183673469388	0	0	0	0.5299455535390198	0.39233783543832296	-0.6435529321439826	NO	P68400
254	L	254	-0.312	-21.049	-3.477	0.49	0.538026721479959	0	0	0	0.28576142550734207	0.3394071840982447	-0.1880468162286648	NO	P68400
255	Y	255	0.837	-21.168	0.114	0.49	0.630434782608696	0	0	0	0.5467332123411979	0.4893285236634107	-0.7473604805277023	NO	P68400
256	D	256	3.471	-18.505	-0.571	-1.22	0.625448028673835	0	0	0	1	0.19908432300593737	-1.2207138547480185	NO	P68400
257	Y	257	0.602	-16.197	-1.673	0.49	0.69995988768552	0	0	0	0.5299455535390198	-0.11703177512460003	-0.7473604805277023	NO	P68400
258	I	258	-1.561	-17.105	1.336	0.21	0.566544566544567	0	0	0	0.5299455535390198	-0.07530763602979958	-0.8057877835182466	NO	P68400
259	D	259	1.474	-16.336	3.605	-0.93	0.566993464052288	0	0	0	0.5299455535390198	-0.22387126820141567	-1.732817889054578	NO	P68400
260	K	260	2.166	-13.004	1.854	0.49	0.57283950617284	0	0	0	0.5299455535390198	-0.5297018801293109	-1.613662348497209	NO	P68400
261	Y	261	-1.349	-11.71	2.489	0.49	0.514498141263941	0	0	0	0.5299455535390198	-0.40624578830758784	-1.1408202930716216	NO	P68400
262	N	262	-1.826	-13.441	5.796	-1.22	0.514498141263941	0	0	0	0.5299455535390198	-0.07490793698798176	-2.0540612263972453	NO	P68400
263	I	263	-4.937	-15.18	4.534	0.49	0.586346738763096	1	0	0	0.5299455535390198	0.08946839710285158	-1.1408202930716216	NO	P68400
264	E	264	-6.634	-17.787	6.707	-0.08	0.512177121771218	0	0	0	0.5467332123411979	0.1680871283289523	-1.0075578321953917	NO	P68400
265	L	265	-7.644	-20.814	4.761	0.49	0.514074074074074	0	0	0	0.28576142550734207	0.4635572761060152	-0.26243851857664363	NO	P68400
266	D	266	-11.148	-21.936	5.317	0.49	0.569085690856909	0	0	0	0.28576142550734207	0.6540872740757235	0.2915720315727238	NO	P68400
267	P	267	-10.436	-25.198	7.242	0.49	0.635531135531136	0	0	0	0.5467332123411979	0.658087166988507	0.1597387274289269	NO	P68400
268	R	268	-12.6	-26.994	4.536	-0.36	0.564916564916565	0	0	0	0.5467332123411979	0.8027230966172291	0.3312364393768361	NO	P68400
269	F	269	-9.618	-26.614	2.218	0.49	0.560808080808081	0	0	0	0.28576142550734207	0.8797454898119041	0.2300365112226392	NO	P68400
270	N	270	-7.476	-28.536	4.529	0.49	0.55515443241075	1	0	0	0.5467332123411979	0.8619297644703546	-0.0023990741837972168	NO	P68400
271	D	271	-7.899	-32.152	3.307	0.49	0.563701531443467	0	0	0	0.5299455535390198	0.9227475121223107	0.07834632741743172	NO	P68400
272	I	272	-8.544	-31.087	-0.295	0.49	0.563701531443467	1	0	0	0.5467332123411979	0.9765218940846382	0.37298548225019895	NO	P68400
273	L	273	-5.713	-28.91	-1.599	0.49	0.62410071942446	0	0	0	0.28576142550734207	0.9136932215161409	0.25692076419940885	NO	P68400
274	G	274	-3.137	-31.644	-0.986	0.49	0.62410071942446	0	0	0	0.5467332123411979	0.9269472156823304	0.37298548225019895	NO	P68400
275	R	275	0.329	-31.175	-2.284	-0.36	0.625448028673835	0	0	0	0.28576142550734207	0.9294067252758031	0.14590233823778373	NO	P68400
276	H	276	1.099	-30.626	-5.938	0.49	0.625	0	0	0	0.5467332123411979	0.9473234027922587	0.07516884633590196	NO	P68400
277	S	277	4.139	-29.776	-8.002	0.49	0.629496402877698	0	0	0	0.5299455535390198	0.9365271877924185	-0.06040367980937111	NO	P68400
278	R	278	4.022	-26.891	-10.401	0.49	0.631294964028777	1	0	0	0.5467332123411979	0.44353440851488873	-0.23362454240549796	NO	P68400
279	K	279	3.417	-28.256	-13.86	0.49	0.524193548387097	0	0	0	0.5467332123411979	0.47240263732084653	-0.2524294531698246	NO	P68400
280	R	280	5.13	-27.03	-16.958	0.49	0.524193548387097	0	0	0	0.5467332123411979	-0.19970164223111572	-0.23005624814281767	NO	P68400
281	W	281	2.658	-25.53	-19.487	0.49	0.488753124132186	0	0	0	0.28576142550734207	-0.7498152218473734	-0.15832122899996318	NO	P68400
282	E	282	4.016	-28.082	-21.963	0.49	0.488006617038875	0	0	0	0.28576142550734207	-0.68676638500266185	-0.14010549693774488	NO	P68400
283	R	283	2.172	-30.85	-20.119	-0.65	0.488378527946873	0	0	0	0.5467332123411979	-0.15774720479395535	-0.48300866365284023	NO	P68400
284	F	284	-0.981	-29.473	-21.812	0.49	0.491917502787068	0	0	0	0.5467332123411979	0.08661192163005621	-0.2985823658790457	NO	P68400
285	V	285	0.292	-29.416	-25.357	-0.08	0.496911847276811	0	0	0	0.5467332123411979	-0.36904645320938106	0.08531234363463196	NO	P68400
286	H	286	-0.84	-32.281	-27.627	0.49	0.400112707805016	1	0	0	0.5299455535390198	-0.3164583284503463	-0.3399597114333793	NO	P68400
287	S	287	-1.168	-33.012	-31.274	0.49	0.400794777178541	0	0	0	0.5299455535390198	-0.4679157309612774	-0.250205216412754	NO	P68400
288	E	288	-4.55	-31.338	-31.603	0.49	0.323260073260073	0	0	0	0.28576142550734207	-0.03241577491352512	-0.3755038870610808	NO	P68400
289	N	289	-3.559	-27.98	-30.109	0.49	0.350082644628099	0	0	0	0.28576142550734207	0.08297641410072298	-0.2791202942546753	NO	P68400
290	Q	290	0.173	-27.709	-30.717	-0.36	0.321167883211679	0	0	0	0.5467332123411979	-0.6214395888784157	0.14590233823778373	NO	P68400
291	H	291	-0.453	-25.374	-33.691	0.49	0.324074074074074	1	0	0	0.5467332123411979	-0.508272879597583	0.2562852679831029	NO	P68400
292	L	292	-1.94	-22.789	-31.32	0.49	0.327715355805243	0	0	0	0.14789913655612405	-0.09488826384273798	0.1990906085155658	NO	P68400
293	V	293	0.943	-22.916	-28.866	0.49	0.328947368421053	0	0	0	0.28576142550734207	-0.4311047459602568	0.10750438910676442	NO	P68400
294	S	294	4.234	-20.919	-29.207	0.49	0.239917976760082	0	0	0	0.5299455535390198	-0.564086758794579	0.13058411639778253	NO	P68400
295	P	295	6.863	-19.99	-26.613	0.49	0.239917976760082	0	0	0	0.5299455535390198	-1.0251192429386156	0.13125138742490375	NO	P68400
296	E	296	5.37	-16.467	-26.764	0.49	0.239917976760082	0	0	0	0.5299455535390198	-0.4900900459165301	0.4159536923299777	NO	P68400
297	A	297	1.838	-17.802	-25.937	0.49	0.240137221269297	0	0	0	0.28576142550734207	-0.3478836883595254	0.3312364393768361	NO	P68400
298	L	298	3.12	-19.794	-22.952	0.49	0.240137221269297	0	0	0	0.5299455535390198	-0.6411239463592234	0.1301392690463684	NO	P68400
299	D	299	5.263	-16.915	-21.614	0.49	0.26	0	0	0	1	-0.8734399948071131	0.6704577058794351	NO	P68400
300	F	300	2.239	-14.566	-21.901	-0.36	0.26	0	0	1.1892770170448412	0.9999999999999999	-0.7869783957611644	0.7353120104904938	NO	P68400
301	L	301	-0.082	-17.148	-20.245	0.49	0.256934306569343	0	0	0.8704736907994038	1	-0.5582645689673721	0.4792242108926022	NO	P68400
302	D	302	2.339	-17.69	-17.44	0.49	0.144078144078144	1	0	1.1892770170448412	0.9999999999999999	-0.893311290674851	0.46025905353937335	NO	P68400
303	K	303	2.398	-13.954	-16.711	0.49	0.144199346405229	0	0	3.6983948261863118	0.5467332123411979	-1.2168308281858378	0.7167311628884273	NO	P68400
304	L	304	-1.434	-13.763	-16.389	0.49	0.257664233576642	0	0	1.1892770170448412	0.9999999999999999	-0.9649716684825866	0.4792242108926022	NO	P68400
305	L	305	-1.998	-16.928	-14.359	0.49	0.234625668449198	0	0	1.9178696824737869	0.44284789848601785	-0.46505668998691263	0.2562852679831029	NO	P68400
306	R	306	-0.312	-15.969	-11.115	0.49	0.234625668449198	0	0	1.1892770170448412	0.9999999999999999	-0.5704499551693337	-0.19618803802674664	NO	P68400
307	Y	307	-1.781	-16.465	-7.684	0.49	0.13	0	0	1.3671911636010954	0.6955561731012884	-0.20146278212987445	-0.15043231045271668	NO	P68400
308	D	308	-0.597	-13.057	-6.437	0.49	0.130970149253731	0	0	1.8217872944099633	0.6154099983501073	-0.4311593220060285	0.12982152093821525	NO	P68400
309	H	309	-2.905	-10.561	-8.174	0.49	0.145522388059701	0	0	2.859286913659161	0.34121157124786905	-0.5562688414010093	0.5820200177734461	NO	P68400
310	Q	310	-0.209	-7.794	-7.815	0.49	0.163712686567164	0	0	3.6983948261863118	0.5467332123411979	-1.0144538426396688	0.6262974615115952	NO	P68400
312	R	312	-0.112	-10.414	-12.981	0.49	0.164943609022556	0	2	1.8217872944099633	0.6154099983501073	-1.2746535718806191	0.2964009666374172	NO	P68400
313	L	313	0.349	-8.286	-16.127	0.49	0.165719696969697	0	0	1.8217872944099633	0.6154099983501073	-1.0113273951000588	0.6254026536208196	NO	P68400
314	T	314	-1.863	-5.272	-16.409	0.49	0.163857677902622	0	0	1.8217872944099633	0.6154099983501073	-0.3417660617861006	0.6254026536208196	NO	P68400
315	A	315	-3.851	-5.049	-19.625	0.49	0.293501048218029	0	0	3.6983948261863118	0.5467332123411979	0.06132216061799504	0.3407393704132382	NO	P68400
316	R	316	-1.532	-2.341	-20.977	-0.08	0.29404309252218	0	0	3.6983948261863118	0.5467332123411979	0.42205629984354354	0.686039584260014	NO	P68400
317	E	317	1.526	-4.437	-20.15	0.49	0.333015267175573	0	0	3.6983948261863118	0.5467332123411979	-0.0908834235055247	0.49380197882745874	NO	P68400
318	A	318	-0.057	-7.493	-21.696	0.49	0.440656565656566	0	0	1.1892770170448412	0.9999999999999999	-0.17479698413651362	0.5549684896469081	NO	P68400
319	M	319	-0.663	-5.547	-24.961	0.49	0.436953807740325	1	0	0	0.5299455535390198	0.6732233641723883	0.32142363015446457	NO	P68400
320	E	320	3.114	-5.008	-25.218	0.49	0.528301886792453	0	0	0	1	0.48654421801101094	0.20010162522332547	NO	P68400
321	H	321	3.955	-8.684	-25.032	0.49	0.665399239543726	0	0	0	0.5467332123411979	-0.48635272118791056	0.36629185439192913	NO	P68400
322	P	322	5.769	-10.206	-28.1	0.49	0.723140495867769	0	0	0	0.5299455535390198	0.2136164444138709	0.37298548225019895	NO	P68400
323	Y	323	2.865	-12.559	-28.549	0.49	0.815850815850816	0	0	0	0.5299455535390198	-0.03381782169045907	0.3999894123800331	NO	P68400
324	F	324	0.976	-9.645	-30.12	0.49	0.85795763172189	0	0	0	0.5467332123411979	0.5660754921918735	0.1546058733741481	NO	P68400
325	Y	325	3.699	-8.184	-32.356	0.49	0.797727272727273	0	0	0	0.5467332123411979	1.2270650235983576	-0.013800623946933445	NO	P68400
326	T	326	2.037	-9.34	-35.566	-0.36	0.745047169811321	0	0	0	0.5467332123411979	1.3422863790166317	0.027217768196451626	NO	P68400
327	V	327	-1.37	-8.174	-34.464	0.49	0.769735403455062	0	0	0	0.28576142550734207	1.497814307327401	-0.1373252009914062	NO	P68400
328	V	328	0.096	-4.729	-33.516	0.49	0.76839591925331	0	0	0	0.28576142550734207	1.6966401854159296	-0.23059149228221962	NO	P68400
329	K	329	1.679	-4.535	-37.005	0.49	0.789591078066914	0	0	0	0.5299455535390198	2.309107152734652	-1.8916919431310704	NO	P68400
330	D	330	-1.606	-5.451	-38.764	-0.08	0.751991502920871	1	0	0	0.5467332123411979	2.0138979079951325	-2.1452549334371516	NO	P68400
331	Q	331	-3.564	-2.831	-36.843	0.49	0.774069104327407	0	0	0	0.28576142550734207	2.1504494644921595	-3.2609876967028364	NO	P68400
332	A	332	-1.105	-0.025	-37.659	-0.36	0.787334593572779	0	0	0	0.5467332123411979	2.5706560295551997	-4.801398028062897	NO	P68400
333	R	333	-3.264	1.196	-40.505	-0.36	0.785770750988142	1	0	0	0.5467332123411979	2.582326667756783	-5.435642509397354	NO	P68400
334	M	334	-2.47	4.189	-42.795	-2.64	0.806818181818182	0	0	0	0.5467332123411979	2.6067523870362677	-7.2425700844273235	NO	P68400
335	G	335	-6.22	4.719	-43.238	-2.64	0.771739130434783	1	0	0	0.5299455535390198	2.6443852674522996	-9.734350748563026	NO	P68400
