Uniprot_position	aminoacid	Position_in_structure	x	y	z	paraz	mtr	gscount	pscount	OR	pvalue	mtr3dscore	paraz3dscore	HotSpot3D	Uniprot
14	L	14	18.678	-5.451	5.827	-1.13	0.953162723322066	0	0	0	0.2415730337078652	0.10530422521955468	-1.5690595968428434	NO	Q9BY41
15	V	15	16.649	-3.179	3.518	-1.49	0.957236842105263	0	0	0	0.11662146454862449	0.6045867281103494	-1.009627785028499	NO	Q9BY41
16	P	16	12.923	-4.028	3.214	-0.41	0.953748006379585	0	0	0.25609249446032134	0.1572012232442772	0.4283429770282698	-1.013040049691251	NO	Q9BY41
17	V	17	11.358	-4.854	-0.148	-0.05	0.96164139161463	0	0	0.46816373830193775	0.4845017190717425	0.22612005520364414	-0.5056945525171942	NO	Q9BY41
18	Y	18	8.523	-2.589	-1.306	1.03	0.946051423324151	0	0	0.7826376101097589	1	0.6368168072551109	0.12349376090732495	NO	Q9BY41
19	I	19	6.263	-4.202	-3.914	-0.41	0.941777777777778	1	1	0.6814955971459533	0.7577853574010064	0.41571727093440747	0.05358394830460054	NO	Q9BY41
20	Y	20	5.348	-1.465	-6.388	1.03	0.97007722007722	0	0	0.5038237959069968	0.38367832592853424	1.3019042280344566	-0.42539274074379463	NO	Q9BY41
21	S	21	4.864	-0.354	-9.959	-0.41	0.992674805771365	0	0	0.33428649720746634	0.1965985051494352	1.8150297666433053	-1.1195027071691142	NO	Q9BY41
22	P	22	2.702	2.385	-11.504	-0.41	0.988795518207283	2	0	0.25609249446032134	0.1572012232442772	2.5653933050737865	-1.3679155746174612	NO	Q9BY41
23	E	23	0.743	-0.27	-13.427	0.31	0.929621848739496	0	0	0.37600844491226004	0.4340428926316748	1.3490515716974385	-1.8456326274027441	NO	Q9BY41
24	Y	24	0.158	-2.245	-10.239	-0.77	0.904342889582742	0	0	0.6814955971459533	0.7577853574010064	0.6903761042146458	-0.9323500264897031	NO	Q9BY41
25	V	25	-1.088	0.765	-8.264	-0.05	0.867647058823529	0	0	0.3917248423219877	0.31479035086490875	1.9850465834616149	-0.5665837441389219	NO	Q9BY41
26	S	26	-4.365	0.628	-11.209	0.31	0.828208556149733	1	0	0.15040511497150516	0.11026278004421462	1.692092512133676	-1.043750431656019	NO	Q9BY41
27	M	27	-4.826	-1.756	-11.213	-0.05	0.833612881583361	1	0	0.15040511497150516	0.11026278004421462	0.9256499009067641	-1.2484863114211404	NO	Q9BY41
28	C	28	-5.358	-1.786	-7.438	-1.13	0.828916470982892	0	0	0.3061186056573479	0.266301388520099	1.0261375563790192	-0.5507679843268454	NO	Q9BY41
29	D	29	-7	1.667	-7.675	-1.49	0.911808118081181	0	0	0.15040511497150516	0.11026278004421462	2.248685405259701	-1.4965317042134991	NO	Q9BY41
30	S	30	-10.874	-0.619	-8.962	-0.05	0.922014925373134	0	0	0	0.05559860519178612	0.40947255236313335	-1.0335136376677632	NO	Q9BY41
31	L	31	-11.459	-1.899	-6.989	-1.13	1.02446102819237	0	0	0.37600844491226004	0.4340428926316748	0.320809194626423	-0.5319107322432158	NO	Q9BY41
32	A	32	-14.795	-0.155	-6.399	-0.41	1.14498141263941	0	0	0.37600844491226004	0.4340428926316748	0.669975662970306	-0.5462422438267743	NO	Q9BY41
33	K	33	-14.92	-0.731	-2.632	-0.41	1.14498141263941	0	0	1	1	1.0817252542347002	0.12495021533654838	NO	Q9BY41
34	I	34	-11.654	1.22	-2.264	-0.77	1.13141025641026	0	0	0.7826376101097589	1	1.6558561685023943	-0.34658946176616634	NO	Q9BY41
35	P	35	-11.2	3.472	-5.328	1.03	1.28363636363636	1	0	0	0.11662146454862449	2.4374760678552208	-1.476487632068662	NO	Q9BY41
36	K	36	-7.841	5.297	-5.512	0.31	1.27898550724638	1	0	0.25609249446032134	0.1572012232442772	2.281011131806898	-1.2855505655165504	NO	Q9BY41
37	R	37	-6.706	3.94	-2.152	1.03	1.27898550724638	0	0	0.6814955971459533	0.7577853574010064	1.4890854868483334	-0.008259347459347853	NO	Q9BY41
38	A	38	-3.551	2.359	-3.579	-0.41	1.0589651022864	0	0	0.4551535086242379	0.3529408833426882	1.8953549275644923	-0.1053776493992131	NO	Q9BY41
39	S	39	-2.507	5.692	-5.088	-1.49	1.06498194945848	0	0	0.33428649720746634	0.1965985051494352	2.350967850339968	-1.2587231054093964	NO	Q9BY41
40	M	40	-3.154	7.555	-1.861	0.31	1.06197352587244	0	0	0.6814955971459533	0.7577853574010064	1.5619008406129626	-0.42539274074379463	NO	Q9BY41
41	V	41	-1.102	5.07	0.172	-0.41	1.09850438370294	0	0	1	1.0000000000000002	1.3412084272039726	0.12893119077642573	NO	Q9BY41
42	H	42	1.848	5.117	-2.199	1.03	1.10649350649351	0	1	0.6187094679440656	0.5728102140618397	1.7733945735752874	-0.1569583943012786	NO	Q9BY41
43	S	43	2.168	9.449	-1.44	0.31	1.07575757575758	0	0	1	0.9999999999999999	1.8014169678644885	-0.06505088520305286	NO	Q9BY41
44	L	44	1.964	9.505	0.985	1.03	1.07099879663057	0	0	1.4673609106029692	0.7577853574010064	1.2955695772502225	0.15844866720868717	NO	Q9BY41
45	I	45	4.795	6.996	1.393	0.31	1.07014388489209	0	0	3.9048391562874896	0.1572012232442772	1.4477073657094928	0.4675236281891527	NO	Q9BY41
46	E	46	6.517	8.769	-1.518	-1.13	1.06332138590203	0	0	1	0.9999999999999999	2.0554502131094328	0.24643860376039198	NO	Q9BY41
47	A	47	5.821	12.204	0.002	-1.85	1.05952380952381	0	0	1	0.9999999999999999	1.7244467857398877	0.08229690705214814	NO	Q9BY41
48	Y	48	7.725	11.1	3.084	1.03	1.07099879663057	0	0	3.266704558688185	0.266301388520099	1.2798348659893424	0.03441512871998265	NO	Q9BY41
49	A	49	10.497	9.779	0.785	0.67	1.07789855072464	0	0	3.106196716475217	0.6164277411855871	1.878350884881659	0.021806760757907714	NO	Q9BY41
50	L	50	10.285	6.343	2.384	1.03	1.07789855072464	0	0	1	0.9999999999999999	1.704816366195018	-0.4871247585445955	NO	Q9BY41
51	H	51	10.481	4.536	-0.941	-0.05	1.07014388489209	1	0	0.7346751241889069	0.9999999999999999	2.3583906905453578	-0.14891343992398023	NO	Q9BY41
52	K	52	14.083	5.754	-1.189	0.31	1.02365591397849	0	0	0.49240827924849023	1	2.4844847058495874	-0.3328619602493479	NO	Q9BY41
53	Q	53	14.937	3.674	1.891	-0.41	0.846975088967971	0	0	0.32193701594778606	0.6164277411855871	2.0785420894210707	-0.8901985218321781	NO	Q9BY41
54	M	54	13.513	0.466	0.439	1.03	0.913265306122449	0	0	0.37600844491226004	0.4340428926316748	1.4108188226305574	-0.5717204866419894	NO	Q9BY41
56	I	56	11.371	-1.304	-4.937	0.31	0.800359712230216	1	0	0.25609249446032134	0.1572012232442772	1.5337080163848105	-0.4655611415785932	NO	Q9BY41
57	V	57	10.355	-4.538	-6.636	-0.77	0.800359712230216	1	0	0.5333286703179435	0.5216260808669873	0.42929317267197503	-0.1983324453845268	NO	Q9BY41
58	K	58	7.949	-4.783	-9.551	0.31	0.791814946619217	0	0	0.7826376101097589	1	0.6211661891603446	-0.8328724754979442	NO	Q9BY41
59	P	59	5.196	-7.36	-8.963	1.03	0.791814946619217	0	0	0.5333286703179435	0.5216260808669873	0.18069806472426897	-0.5529864845719784	NO	Q9BY41
60	K	60	4.73	-10.256	-11.376	-0.41	0.792410714285714	0	0	1.3611458549165056	0.9999999999999999	-0.20268497654289497	-1.000440918628782	NO	Q9BY41
61	V	61	1.192	-11.112	-12.422	-1.49	0.795863309352518	0	0	1.5284795509183005	1	-0.40943199941889524	-0.5319107322432158	NO	Q9BY41
62	A	62	0.116	-14.535	-11.177	1.03	0.764028776978417	0	0	1.7392854716943933	0.7136120661509681	-0.5978540330559172	-0.22480691259553393	NO	Q9BY41
63	S	63	-0.208	-17.297	-13.765	0.31	0.764028776978417	0	0	1	0.9999999999999999	-0.5607688366733257	-0.6409548421181174	NO	Q9BY41
64	M	64	-3.299	-19.494	-13.859	-0.77	0.759139784946237	0	0	0.6542449320955629	1	0.020459035224802184	-0.449228934645763	NO	Q9BY41
65	E	65	-1.195	-22.328	-12.382	-0.77	0.756428571428571	0	0	0.6542449320955629	1	0.5971900127942228	-0.3328619602493479	NO	Q9BY41
66	E	66	-0.005	-20.118	-9.53	0.31	0.759139784946237	1	0	1.5690058603340082	0.739068771381993	-0.01305626060699259	-0.03926502155839271	NO	Q9BY41
67	M	67	-3.567	-19.006	-8.758	1.03	0.702380952380952	0	0	1.5690058603340082	0.739068771381993	-0.10872484631541023	0.11300728901691628	NO	Q9BY41
68	A	68	-4.732	-22.634	-8.981	-0.41	0.697399527186761	0	0	1	0.9999999999999999	0.60785622799394	0.2673466445321616	NO	Q9BY41
69	T	69	-2.367	-23.663	-6.188	-0.77	0.783450704225352	2	0	0.7346751241889069	0.9999999999999999	0.6613979934598494	0.9442349608633087	NO	Q9BY41
70	F	70	-5.29	-22.613	-3.979	0.31	0.777972027972028	0	0	0.7346751241889069	0.9999999999999999	0.3259725000319187	0.8116684787153927	NO	Q9BY41
71	H	71	-8.314	-21.648	-6.081	1.03	0.826945412311266	0	1	1	0.9999999999999999	0.2735354900653607	0.669407150496246	NO	Q9BY41
72	T	72	-10.302	-24.238	-8.03	0.31	0.775261324041812	0	0	1	0.9999999999999999	0.7576976678071747	0.36380874172918987	NO	Q9BY41
73	D	73	-10.184	-24.21	-11.811	0.31	0.713286713286713	0	0	0.32193701594778606	0.6164277411855871	0.8877556880274048	-0.6035682901610083	NO	Q9BY41
74	A	74	-13.971	-23.935	-11.867	-1.49	0.715284715284715	0	0	20.34353290878426	1	0.39302580214995586	-0.5489720555569759	NO	Q9BY41
75	Y	75	-13.827	-20.74	-9.793	1.03	0.71830985915493	0	0	1	1	0.0862674845356077	0.1731071763028067	NO	Q9BY41
76	L	76	-10.91	-19.25	-11.746	0.67	0.627208480565371	0	0	1	0.9999999999999999	0.05622888748916799	0.05158652508737989	NO	Q9BY41
78	H	78	-15.793	-18.438	-13.891	-0.41	0.561486753657572	0	0	0.6542449320955629	1	-0.42782948322777786	-0.7558406007363173	NO	Q9BY41
79	L	79	-13.985	-15.314	-12.691	1.03	0.565079365079365	0	0	0.32193701594778606	0.6164277411855871	-0.9492250684478675	-0.564482349478576	NO	Q9BY41
80	Q	80	-12.177	-15.044	-16.024	-0.05	0.561904761904762	0	0	0	0.4943820224719101	-1.0470646803398853	-0.7419415054505386	NO	Q9BY41
81	K	81	-15.496	-15.56	-17.819	-1.13	0.561486753657572	0	0	0	0.4943820224719101	-1.0564051090518751	-1.2914808461718157	NO	Q9BY41
82	V	82	-17.467	-12.829	-16.053	0.31	0.470744680851064	0	0	0.49240827924849023	1	-1.3003768706405117	-0.9396175272927246	NO	Q9BY41
83	S	83	-14.424	-10.548	-16.231	-0.77	0.418439716312057	0	0	0	0.4943820224719101	-1.5914080237479538	-0.9925664617147388	NO	Q9BY41
84	Q	84	-14.598	-10.322	-20.033	-0.41	0.470744680851064	0	0	0	0.4943820224719101	-1.566619867281843	-1.3679155746174612	NO	Q9BY41
85	E	85	-17.749	-8.192	-20.289	-0.41	0.362519201228879	0	0	0	0.4943820224719101	-1.4610301658222025	-1.7660131186051968	NO	Q9BY41
86	G	86	-18.37	-7.562	-16.587	-0.41	0.362519201228879	1	0	0	0.4943820224719101	-1.6195988187377544	-0.9475245681664121	NO	Q9BY41
87	D	87	-21.288	-9.998	-16.478	-1.13	0.425659472422062	0	0	0.49240827924849023	1	-1.3075999874118798	-1.5470594694119424	NO	Q9BY41
88	D	88	-22.961	-9.284	-13.137	-0.77	0.428743961352657	0	0	0.32193701594778606	0.6164277411855871	-1.3694691587941628	-1.5802342647442535	NO	Q9BY41
89	D	89	-26.068	-11.295	-14.054	-1.49	0.425659472422062	0	0	0.32193701594778606	0.6164277411855871	-1.3478219253081634	-1.9252521362002915	NO	Q9BY41
90	H	90	-24.524	-14.76	-14.47	-0.41	0.422619047619048	0	0	0.32193701594778606	0.6164277411855871	-1.1397509193321202	-1.6379295609743603	NO	Q9BY41
91	P	91	-26.592	-17.751	-13.181	-0.41	0.42326139088729	0	1	1	1	-0.8960391494912943	-1.7500892168456874	NO	Q9BY41
92	D	92	-23.572	-19.27	-11.408	-0.77	0.426328502415459	0	0	0.49240827924849023	1	-0.6830016625019665	-1.6719173354808232	NO	Q9BY41
93	S	93	-22.256	-16.063	-9.796	-0.05	0.319746376811594	0	0	0.6542449320955629	1	-0.7838399443680806	-1.1589143640238997	NO	Q9BY41
94	I	94	-23.482	-17.542	-5.789	0.31	0.322080291970803	1	0	1	1	-0.9397819411978666	-0.35276683744873466	NO	Q9BY41
95	E	95	-22.687	-19.835	-6.018	-0.41	0.320909090909091	0	0	2.0308350654180556	1	-0.38535480282705986	-0.49210097784444223	NO	Q9BY41
96	Y	96	-19.229	-18.336	-6.548	0.31	0.322992700729927	0	0	2.6595147357218143	0.4340428926316748	-0.41040370578635305	0.542952636523671	NO	Q9BY41
97	G	97	-19.768	-15.501	-4.047	-0.41	0.321818181818182	0	0	2.0808496241949164	0.6765959386466713	-0.6214644803042044	0.8116684787153927	NO	Q9BY41
98	L	98	-20.093	-12.748	-6.638	0.31	0.323905109489051	0	0	1.3611458549165056	0.9999999999999999	-0.7907085674255293	-0.09400343385670633	NO	Q9BY41
99	G	99	-22.75	-10.188	-5.757	1.03	0.326286764705882	0	0	1.3611458549165056	0.9999999999999999	-0.920317254171991	-0.07125500277169292	NO	Q9BY41
100	Y	100	-23.024	-7.045	-3.644	-1.13	0.325091575091575	0	0	1.5284795509183005	1	-0.5537351308213135	0.1846648469347088	NO	Q9BY41
101	D	101	-19.711	-7.325	-1.747	1.03	0.327205882352941	0	0	1.5284795509183005	1	-0.20213187483788964	0.42830054385520305	NO	Q9BY41
102	C	102	-17.843	-8.772	-4.747	1.03	0	0	0	1	0.9999999999999999	-0.4939348468875185	0.7166679284455921	NO	Q9BY41
103	P	103	-19.382	-7.517	-7.987	1.03	0	0	0	1	0.9999999999999999	-0.6672275178956154	-0.1314714379967285	NO	Q9BY41
104	A	104	-18.312	-9.106	-11.275	-0.05	0	1	0	1	0.9999999999999999	-0.9622457651204197	-0.5056945525171942	NO	Q9BY41
105	T	105	-16.696	-6.003	-12.714	-0.77	0	0	0	0	0.4943820224719101	-1.0110473466594028	-0.7637440078596032	NO	Q9BY41
106	E	106	-14.975	-5.709	-16.084	-1.13	0	0	0	0	0.2415730337078652	-1.1154740017216513	-1.1290570482248194	NO	Q9BY41
107	G	107	-11.345	-6.8	-15.775	1.03	0	0	0	0	0.11662146454862449	-1.0763818488404955	-1.4740749196808576	NO	Q9BY41
108	I	108	-11.719	-8.13	-12.23	0.67	0	0	0	0.48057292962094844	0.6765959386466713	-0.6765383627656045	-0.8524840176649189	NO	Q9BY41
109	F	109	-9.781	-11.286	-13.104	1.03	0	0	0	0.6542449320955629	1	-0.7145653037415722	-0.5507679843268454	NO	Q9BY41
110	D	110	-6.747	-9.235	-14.174	0.31	0	0	0	0.23630007012458776	0.36071290197597816	-0.4939988581722192	-0.9698180306297253	NO	Q9BY41
111	Y	111	-7.063	-7.302	-10.908	0.31	0	0	0	1.3611458549165056	0.9999999999999999	-0.5038428724782773	-0.6854626420670568	NO	Q9BY41
112	A	112	-7.055	-10.494	-8.834	0.31	0	0	0	2.894642011046973	0.14411126762634788	-0.4605198245831559	0.2625534968453528	NO	Q9BY41
113	A	113	-4.148	-11.964	-10.813	-0.77	0	0	0	4.576469003235595	0.08966302569257807	-0.39497849957538145	0.13873051493612384	NO	Q9BY41
114	A	114	-2.168	-8.774	-10.203	-1.85	0	0	0	1.5690058603340082	0.739068771381993	0.07269275481644127	-0.20774558928177378	NO	Q9BY41
116	G	116	-2.011	-12.548	-6.149	-0.41	0	0	0	2.561358479407389	0.16680709420234444	-0.13629639264463772	0.39963752068808617	NO	Q9BY41
117	G	117	1.141	-12.061	-8.176	1.03	0	0	1	1.5690058603340082	0.739068771381993	-0.2815662353926893	-0.11850174425595171	NO	Q9BY41
118	A	118	2.326	-9.203	-5.984	0.67	0	0	1	1.4001012043412264	0.7721654474996478	0.05427352744032416	0.08434426584979926	NO	Q9BY41
119	T	119	2.105	-11.194	-2.763	0.31	0.265168539325843	0	1	1.719280873141587	0.5501728066018686	-0.24706921594043144	0.6756518178529163	NO	Q9BY41
120	I	120	3.752	-14.195	-4.405	0.31	0.265168539325843	0	0	1.1716565109085397	1	-0.36859773933673956	0.3200180118905389	NO	Q9BY41
121	T	121	6.541	-11.873	-5.614	-0.77	0.264179104477612	0	0	0.6373462491638628	0.739068771381993	-0.3174245047530333	-0.016325864298123764	NO	Q9BY41
122	A	122	6.959	-10.591	-2.036	-0.05	0.264179104477612	0	0	0.6373462491638628	0.739068771381993	-0.4042768567779926	-0.11390831105609314	NO	Q9BY41
123	A	123	7.031	-14.153	-0.706	1.03	0.263940520446097	0	0	0.8143764101137295	1	-0.657638205264992	-0.0876338731529026	NO	Q9BY41
124	Q	124	9.68	-15.082	-3.269	-0.77	0.263940520446097	0	0	0.8143764101137295	1	-0.7568212442315384	-0.6577956312879863	NO	Q9BY41
125	C	125	11.897	-12.169	-2.169	-1.13	0.262222222222222	0	0	0.46816373830193775	0.4845017190717425	-0.33996087007106657	-0.8503887674334045	NO	Q9BY41
126	L	126	11.801	-13.569	1.376	1.03	0.260516605166052	0	0	0.48057292962094844	0.6765959386466713	-0.5567703285921749	-1.03718838422765	NO	Q9BY41
127	I	127	12.607	-17.115	0.196	-0.77	0.260294117647059	0	0	0.23630007012458776	0.36071290197597816	-1.0000100574988704	-1.1213519344702183	NO	Q9BY41
128	D	128	15.594	-15.807	-1.795	-1.13	0.215506715506716	0	0	0.23630007012458776	0.36071290197597816	-1.1949823348919164	-1.504406161127542	NO	Q9BY41
129	G	129	16.919	-13.893	1.212	-1.49	0.216299019607843	0	0	0	0.4943820224719101	-0.6373244689411857	-1.887173240688421	NO	Q9BY41
130	M	130	16.603	-10.6	-0.669	-0.41	0.217901234567901	0	0	0	0.11662146454862449	-0.2292922886010999	-1.8456326274027441	NO	Q9BY41
131	C	131	15.232	-9.045	2.526	-0.05	0.21952736318408	0	0	0	0.11662146454862449	-0.1930768921376733	-1.261756229554065	NO	Q9BY41
132	K	132	13.875	-9.818	5.983	-0.77	0.219135802469136	0	0	0	0.2415730337078652	-0.34893285518482137	-1.0949344015972993	NO	Q9BY41
133	V	133	10.702	-7.769	5.373	-0.05	0.261254612546126	0	0	0.23630007012458776	0.36071290197597816	-0.30552313031735223	-0.48072676230193545	NO	Q9BY41
134	A	134	8.664	-7.573	2.181	1.03	0.324723247232472	1	0	0.5749487454901874	0.7136120661509681	-0.2985936218325326	-0.14376562685517336	NO	Q9BY41
135	I	135	5.716	-5.194	1.892	0.31	0.432964329643296	0	0	1.1949735893793236	0.9999999999999999	-0.06995871546549286	0.542952636523671	NO	Q9BY41
136	N	136	2.609	-5.409	-0.233	1.03	0.431372549019608	0	0	2.5364202813091548	0.22967093130570013	0.09979982690286036	0.458649627208621	NO	Q9BY41
137	W	137	0.188	-2.795	1.079	1.03	0.427878787878788	0	0	3.941755242068502	0.0689857092737457	0.4382340771323911	0.9791290760232774	NO	Q9BY41
138	S	138	-2.329	-3.595	-1.666	-0.05	0.427878787878788	0	0	2.6123727494125943	0.11980516867910158	0.6873468930331442	0.2995873454821117	NO	Q9BY41
139	G	139	-2.62	-7.212	-0.514	1.03	0.427878787878788	0	0	6.822149630764255	0.013893633148504309	-0.30335761603229994	1.2319676165024445	YES	Q9BY41
140	G	140	-4.238	-9.023	2.395	1.03	0.644160583941606	0	2	20.34353290878426	2.1000567169273334e-4	-0.5112303096638262	2.239335640291819	YES	Q9BY41
141	W	141	-7.536	-10.179	0.863	-0.41	0.647058823529412	0	0	20.34353290878426	4.8795435481546805e-4	-0.4741941312439897	2.562392905116004	YES	Q9BY41
142	H	142	-8.087	-12.726	3.577	1.03	0.644688644688645	0	0	20.34353290878426	2.1000567169273334e-4	-0.3845225859133897	2.6066903045560936	YES	Q9BY41
143	H	143	-11.774	-13.644	3.131	1.03	0.428921568627451	0	0	20.34353290878426	0.0011153242395782078	-0.5474579849486243	2.0809685137836067	YES	Q9BY41
144	A	144	-11.657	-15.417	-0.253	1.03	0.430864197530864	0	0	20.34353290878426	0.002509479539050981	-0.36628178595057226	1.9044462369617277	YES	Q9BY41
145	K	145	-12.123	-19.201	-0.337	1.03	0.432465923172243	0	0	20.34353290878426	0.01214759441165077	0.02545263844339015	1.812315091067423	NO	Q9BY41
146	K	146	-10.85	-21.742	-2.871	1.03	0.43734335839599	0	0	3.266704558688185	0.266301388520099	0.25572562116874714	1.5282440578933172	NO	Q9BY41
147	D	147	-14.127	-21.558	-4.803	-1.85	0.43734335839599	0	0	6.648710053441032	0.11026278004421462	0.14269220104964922	0.9127980967445353	NO	Q9BY41
148	E	148	-15.787	-18.425	-3.497	1.03	0.43609022556390997	0	0	6.648710053441032	0.11026278004421462	-0.04123801297002019	1.361896155584156	NO	Q9BY41
149	A	149	-15.33	-14.638	-3.529	1.03	0.784962406015038	0	0	3.266704558688185	0.266301388520099	-0.6021264922846719	1.5235297448724097	NO	Q9BY41
150	S	150	-16.118	-13.041	-0.169	1.03	0.649253731343284	0	1	3.266704558688185	0.266301388520099	-0.7423463829100347	1.2595282157015955	NO	Q9BY41
151	G	151	-15.812	-9.756	1.667	1.03	0.656603773584906	0	0	20.34353290878426	0.005561549248707566	-0.4571832462027071	2.0182552995370453	YES	Q9BY41
152	F	152	-14.37	-7.678	-1.214	1.03	0.658490566037736	0	0	9.32050554834273	0.029978106925960347	-0.22676569346622225	1.0709556948652998	YES	Q9BY41
153	C	153	-11.847	-10.47	-1.786	1.03	0.662878787878788	0	2	7.950370898521878	0.058249910552253	-0.5481044573422599	1.2442819267829164	NO	Q9BY41
154	Y	154	-11.802	-12.321	-5.127	1.03	0.659090909090909	0	0	9.32050554834273	0.029978106925960347	-0.751074485206604	1.0613264597587655	YES	Q9BY41
155	L	155	-8.53	-14.121	-4.687	0.31	0.659090909090909	0	0	4.4577272093742275	0.03893548593270501	-0.4551754928929668	1.273048509648349	YES	Q9BY41
156	N	156	-6.777	-14.928	-1.447	1.03	0.656603773584906	0	2	5.004171003262645	0.021322316749558992	-0.29477035904418186	1.5461584473727654	YES	Q9BY41
157	D	157	-3.271	-13.507	-1.888	1.03	0.565453557848995	0	0	2.894642011046973	0.14411126762634788	-0.5082702440143169	1.3422100132990482	NO	Q9BY41
158	A	158	-2.547	-14.216	1.766	-0.41	0.566558441558442	0	0	13.902056633105351	0.0035453898691655515	-0.5988680500261602	2.0542756762443846	YES	Q9BY41
159	V	159	-2.998	-17.95	1.217	1.03	0.568712656165128	0	0	2.8751716978949875	0.10435174834210807	-0.4042773691477074	1.9761037948795201	NO	Q9BY41
160	L	160	-0.96	-17.802	-2.014	0.67	0.56390977443609	0	0	2.1970609498817955	0.3529408833426882	-0.4111708370369622	1.1292417467601545	NO	Q9BY41
161	G	161	1.872	-16.075	-0.156	0.67	0.559701492537313	0	0	1.4001012043412264	0.7721654474996478	-0.5468594115625255	0.9082656768888876	NO	Q9BY41
162	I	162	1.769	-18.638	2.659	1.03	0.565520945220193	0	0	1.6162674919505275	0.5728102140618397	-0.6024583101433936	0.686267752359256	NO	Q9BY41
163	L	163	1.798	-21.514	0.135	1.03	0.565520945220193	0	0	1.1949735893793236	0.9999999999999999	-0.3282359171610946	0.7067413403357681	NO	Q9BY41
164	R	164	4.87	-19.964	-1.528	-0.05	0.498579545454546	1	0	0.7826376101097589	1	-0.7345316574311345	0.01063934913435573	NO	Q9BY41
165	L	165	6.65	-19.397	1.781	1.03	0.443181818181818	0	0	1	1	-0.7918411151117709	-0.27045748038100004	NO	Q9BY41
166	R	166	6.125	-23.003	2.887	-1.13	0.443181818181818	0	0	1.5690058603340082	0.739068771381993	-0.6404703258544344	0.4917686665823907	NO	Q9BY41
167	R	167	9.811	-24.149	0.898	0.31	0.442767295597484	1	1	0.49240827924849023	1	-0.7115522001503608	-0.46025317432542334	NO	Q9BY41
168	K	168	11.233	-22.859	2.41	-0.41	0.446134347275032	0	0	0.32193701594778606	0.6164277411855871	-0.7727543204973877	-1.0856282252443392	NO	Q9BY41
169	F	169	9.798	-22.288	5.902	-0.41	0.445707070707071	0	0	1.5690058603340082	0.739068771381993	-0.7383960786398919	-0.19833244538452674	NO	Q9BY41
170	E	170	8.564	-25.284	7.927	-1.13	0.442355889724311	0	0	2.1360048166632244	0.4845017190717425	-0.5843165373910402	0.1520932296993486	NO	Q9BY41
171	R	171	6.308	-23.372	10.329	1.03	0.439054726368159	0	0	1.5690058603340082	0.739068771381993	-0.6283809362078471	0.6417906474447641	NO	Q9BY41
172	I	172	4.575	-20.157	9.346	0.31	0.439054726368159	0	0	1.5690058603340082	0.739068771381993	-0.5721876949308929	0.9471747581112183	NO	Q9BY41
173	L	173	2.684	-17.858	11.699	1.03	0.442355889724311	0	0	2.9914459852662736	0.1965985051494352	-0.7536755888693952	0.8614306717138598	NO	Q9BY41
174	Y	174	-0.101	-15.77	10.167	1.03	0.49765037593985	0	0	6.031693161345988	0.026607189177406173	-0.758362737779589	1.654375983820044	YES	Q9BY41
175	V	175	-1.179	-12.816	12.306	0.31	0.50046992481203	0	0	5.583900209138452	0.011341520879109678	-0.6631880686043897	1.4088147946969962	YES	Q9BY41
176	D	176	-4.298	-10.934	11.238	1.03	0.494888475836431	0	1	13.902056633105351	0.0035453898691655515	-0.7923269977016638	1.7754626327097014	YES	Q9BY41
177	L	177	-5.028	-7.503	12.744	0.67	0.498595505617978	0	0	5.583900209138452	0.011341520879109678	-0.5535555526512427	1.6608105400412332	YES	Q9BY41
178	D	178	-7.813	-6.509	10.311	1.03	0.502358490566038	0	0	6.822149630764255	0.013893633148504309	-0.5791448679835659	1.424891810896501	YES	Q9BY41
179	L	179	-11.132	-5.479	11.906	0.67	0.502358490566038	0	0	3.941755242068502	0.0689857092737457	-0.8333441202440512	1.6101928608312182	NO	Q9BY41
180	H	180	-12.716	-8.645	10.462	1.03	0.384199134199134	0	1	6.822149630764255	0.013893633148504309	-0.8740164645928168	1.915118639204803	YES	Q9BY41
181	H	181	-12.078	-12.336	11.156	1.03	0.37988228999465	0	0	3.9048391562874896	0.1572012232442772	-1.2369967841577052	1.8236409056927274	NO	Q9BY41
182	G	182	-9.426	-13.781	8.848	1.03	0.377057886351567	0	0	20.34353290878426	8.884855340846359e-5	-0.931557654262362	1.9761037948795201	YES	Q9BY41
183	D	183	-11.758	-16.665	7.992	1.03	0.262962962962963	0	0	20.34353290878426	2.1000567169273334e-4	-1.0918111617083999	1.941981148252	YES	Q9BY41
184	G	184	-10.471	-17.542	4.507	1.03	0.219557195571956	0	0	20.34353290878426	8.884855340846359e-5	-0.3184889868959721	2.270083519670463	YES	Q9BY41
185	V	185	-6.899	-18.05	5.661	1.03	0.218559218559219	0	0	19.34353290878426	3.4300521507245666e-4	-0.7073837599130389	2.1715334982916814	YES	Q9BY41
186	E	186	-7.913	-19.785	8.888	-0.05	0.219362745098039	0	1	13.902056633105351	0.0035453898691655515	-1.4797560328885846	1.941148888578158	YES	Q9BY41
187	D	187	-10.256	-22.216	7.119	0.31	0.216787439613527	0	0	12.28930343510465	0.0073890230872056635	-1.5894349458879116	2.0195326178600004	YES	Q9BY41
189	F	189	-5.113	-24.105	7.112	1.03	0.369989722507708	0	0	6.648710053441032	0.11026278004421462	-1.467945167865569	1.2218137115343364	NO	Q9BY41
190	S	190	-7.583	-25.439	9.7	-0.77	0.372987012987013	0	0	6.648710053441032	0.11026278004421462	-2.158175838568494	0.7021916541187655	NO	Q9BY41
191	F	191	-6.32	-29.011	9.375	-1.13	0.328467153284672	0	0	6.648710053441032	0.11026278004421462	-2.2186090370650926	0.2017261702484689	NO	Q9BY41
192	T	192	-2.568	-28.416	9.588	1.03	0.328467153284672	0	0	6.648710053441032	0.11026278004421462	-1.9526842882159376	0.25632240485250124	NO	Q9BY41
193	S	193	-0.15	-27.719	12.419	-0.41	0.327272727272727	0	0	3.4537426208652797	0.11842731605280857	-1.3468162192105173	-0.07807953209719688	NO	Q9BY41
194	K	194	2.436	-26.275	10.016	0.31	0.327272727272727	0	0	2.552812310989524	0.31479035086490875	-0.9310781560861753	0.35802990641323906	NO	Q9BY41
195	V	195	0.639	-22.938	9.683	1.03	0.376103896103896	1	2	10.764739236553963	0.01505687723430586	-1.2593210847732799	0.9104272925123502	YES	Q9BY41
197	T	197	-3.293	-18.505	12.309	1.03	0.438787878787879	0	0	15.608918017031709	0.0016638910911039627	-1.3028926351747672	1.6107907545143036	YES	Q9BY41
198	V	198	-4.001	-15.795	14.892	1.03	0.377142857142857	0	0	1.719280873141587	0.5501728066018686	-1.118924421320115	1.4203921212313337	NO	Q9BY41
199	S	199	-6.814	-13.307	14.299	1.03	0.381302521008403	0	1	2.552812310989524	0.31479035086490875	-1.1940024385325398	2.0065963727168787	NO	Q9BY41
200	L	200	-7.924	-10.375	16.501	-0.05	0.379905808477237	0	0	4.576469003235595	0.08966302569257807	-0.7392916752177601	1.2296708999025154	NO	Q9BY41
201	H	201	-11.25	-9.033	15.269	1.03	0.380252100840336	0	0	3.4537426208652797	0.11842731605280857	-1.2115133391225186	1.6503876225259182	NO	Q9BY41
202	K	202	-14.656	-7.702	16.101	1.03	0.383430695698354	0	0	1.5690058603340082	0.739068771381993	-0.9647087834481077	1.3818703877563632	NO	Q9BY41
203	F	203	-17.013	-10.534	16.985	0.31	0.384492830589485	0	0	1.3611458549165056	0.9999999999999999	-1.140157646352119	0.9728979840304259	NO	Q9BY41
204	S	204	-20.691	-9.718	17.359	-0.05	0.337078651685393	1	0	1.5284795509183005	1	-1.0433761910128807	0.7220965313181523	NO	Q9BY41
205	P	205	-23.926	-11.274	15.999	-1.13	0.335205992509363	0	0	1	1	-1.5946802634377686	0.3382167567585496	NO	Q9BY41
206	G	206	-24.628	-9.889	12.541	-0.77	0.33271375464684	0	0	0	1	-1.3747885922072038	-0.46025317432542345	NO	Q9BY41
207	F	207	-21.069	-8.604	12.085	1.03	0.334888059701493	0	0	1.5284795509183005	1	-1.1783642500775378	0.8686688088772732	NO	Q9BY41
208	F	208	-19.2	-9.932	9.024	-2.93	0.297678275290216	0	0	1.5284795509183005	1	-0.8676825052918469	1.4601693778714142	NO	Q9BY41
209	P	209	-18.229	-12.703	8.514	1.03	0.297678275290216	0	0	3.106196716475217	0.6164277411855871	-0.9894748374043585	1.8658613980829164	NO	Q9BY41
210	G	210	-19.795	-14.065	11.706	1.03	0.299916457811195	0	0	2.0308350654180556	1	-1.351150807439263	1.4301414488391968	NO	Q9BY41
211	T	211	-17.048	-16.536	12.613	1.03	0.169339622641509	0	0	2.0808496241949164	0.6765959386466713	-1.6672027062928372	0.8295828681948408	NO	Q9BY41
212	G	212	-13.996	-16.645	14.852	1.03	0.150673400673401	0	1	3.9048391562874896	0.1572012232442772	-1.7089254520871158	1.162693677974849	NO	Q9BY41
213	D	213	-15.097	-17.178	18.437	1.03	0.134586466165414	0	0	1.7392854716943933	0.7136120661509681	-1.2929496907457143	1.1251702946057347	NO	Q9BY41
214	V	214	-12.378	-18	20.98	-0.05	0.134586466165414	1	0	1.3611458549165056	0.9999999999999999	-0.19007482902814624	0.36923734460174984	NO	Q9BY41
215	S	215	-13.579	-21.624	20.987	-1.49	0.149958228905597	0	0	2.0808496241949164	0.6765959386466713	-0.6870909859653037	0.1416703121840333	NO	Q9BY41
216	D	216	-12.712	-21.921	17.273	0.31	0.148980441115273	0	0	3.266704558688185	0.266301388520099	-1.5193988203005282	1.1901821919101836	NO	Q9BY41
217	V	217	-9.316	-23.603	17.395	0.31	0.149540517961571	0	0	1.5690058603340082	0.739068771381993	-1.1391063113078324	0.014949578182042397	NO	Q9BY41
218	G	218	-8.925	-25.6	14.174	1.03	0.14856429463171	0	2	3.9048391562874896	0.1572012232442772	-2.1528190347482483	0.5907243418021993	NO	Q9BY41
219	L	219	-9.616	-29.268	13.432	-0.41	0.166044776119403	0	0	20.34353290878426	0.11662146454862449	-2.507510230371396	-0.6035682901610083	NO	Q9BY41
220	G	220	-7.859	-32.638	13.222	-1.49	0	0	0	20.34353290878426	0.2415730337078652	-2.5090491899057756	-0.412481469046895	NO	Q9BY41
221	K	221	-4.063	-32.318	13.183	-1.13	0	0	0	2.6595147357218143	0.4340428926316748	-1.793555979677408	-0.28676645515603105	NO	Q9BY41
222	G	222	-4.604	-28.562	13.181	1.03	0	0	0	3.266704558688185	0.266301388520099	-1.667630432826157	0.08434426584979937	NO	Q9BY41
223	R	223	-6.465	-28.581	16.484	0.31	0	0	1	2.1360048166632244	0.4845017190717425	-1.2419155667866697	-0.14891343992398023	NO	Q9BY41
224	Y	224	-5.154	-25.668	18.637	1.03	0	0	0	1	1.0000000000000002	-0.7043756004483951	-0.28676645515603105	NO	Q9BY41
225	Y	225	-3.267	-24.214	15.663	1.03	0	0	0	2.265060656496675	0.2575904005063312	-0.9715235525593223	0.5779075428250332	NO	Q9BY41
226	S	226	-5.976	-21.616	15.007	-0.41	0	0	0	1.9848208999334276	0.38367832592853424	-1.4001885923199395	0.9888218857899354	NO	Q9BY41
227	V	227	-6.238	-18.779	17.546	0.31	0	0	0	1.6162674919505275	0.5728102140618397	-0.6969136081148675	0.7909980293160296	NO	Q9BY41
228	N	228	-9.129	-16.298	17.632	1.03	0	0	0	2.1970609498817955	0.3529408833426882	-0.7088837485133385	1.2436043139420865	NO	Q9BY41
229	V	229	-9.529	-13.233	19.851	-0.77	0.262172284644195	0	0	1	0.9999999999999999	-0.2478325654946762	0.6364190164164438	NO	Q9BY41
230	P	230	-13.124	-11.9	19.721	1.03	0.26044776119403	0	0	1	0.9999999999999999	-0.3916389743432245	0.9524243960539136	NO	Q9BY41
231	I	231	-13.17	-8.175	20.59	0.31	0.260223048327138	0	0	1	0.9999999999999999	-0.019658059031351188	0.709598120053421	NO	Q9BY41
232	Q	232	-16.026	-5.686	21.053	-0.05	0.258736059479554	0	0	0.48057292962094844	0.6765959386466713	-0.06632362528301072	0.23895087566030918	NO	Q9BY41
233	D	233	-16.537	-2.139	19.746	1.03	0.214197530864198	0	1	0.5333286703179435	0.5216260808669873	-0.028527120141360246	0.8203367316893193	NO	Q9BY41
234	G	234	-14.475	0.717	21.128	1.03	0.215796019900497	0	0	0.8143764101137295	1	0.1646911083065647	0.19552205267982883	NO	Q9BY41
235	I	235	-11.096	-0.846	21.883	1.03	0.257037037037037	0	0	1.2279334071824939	1	0.19652901846403428	-0.35276683744873466	NO	Q9BY41
236	Q	236	-8.214	1.626	22.054	-0.41	0.255147058823529	0	0	1	1.0000000000000002	0.2364560427270426	-0.9720928737382265	NO	Q9BY41
237	D	237	-4.423	1.332	21.699	1.03	0.214197530864198	0	1	1.8750163935568112	0.5216260808669873	-0.08822929012450169	-0.7946551112751216	NO	Q9BY41
238	E	238	-3.371	0.356	25.224	-0.05	0.212792127921279	0	0	2.1360048166632244	0.4845017190717425	-0.29491649486276145	-0.9499131534303384	NO	Q9BY41
239	K	239	-5.857	-2.466	25.816	-1.13	0.425584255842558	0	0	1.277730570422955	1	0.18647566007989463	-0.692522499989992	NO	Q9BY41
240	Y	240	-5.396	-3.831	22.276	1.03	0.424019607843137	0	0	2.9914459852662736	0.1965985051494352	-0.3156900846605377	-0.12119058320221027	NO	Q9BY41
241	Y	241	-1.643	-3.987	22.672	-2.21	0.424019607843137	0	0	1.5690058603340082	0.739068771381993	-0.41029509420707405	-1.2246004587818762	NO	Q9BY41
242	Q	242	-1.951	-5.727	26.062	-1.85	0.365079365079365	0	0	1.3611458549165056	0.9999999999999999	0.10694805920021512	-1.7262033642064232	NO	Q9BY41
243	I	243	-4.122	-8.403	24.427	0.67	0.422794117647059	0	1	1.277730570422955	1	0.40363264001304017	-0.7799561250355743	NO	Q9BY41
244	C	244	-1.961	-8.742	21.322	-0.05	0.507352941176471	1	0	1.5690058603340082	0.739068771381993	-0.21877191981474226	-0.33092002101038326	NO	Q9BY41
245	E	245	1.317	-8.925	23.253	-0.77	0.51070110701107	0	0	1.3611458549165056	0.9999999999999999	-0.16737459995736423	-1.4020382212449813	NO	Q9BY41
246	S	246	-0.269	-12.713	24.807	-0.41	0.513653136531365	0	0	0.5749487454901874	0.7136120661509681	0.6146582306093628	-1.3960165777224778	NO	Q9BY41
247	V	247	-1.296	-13.732	22.864	0.31	0.513653136531365	0	0	0.7826376101097589	1	0.599384569874157	-0.8147695134976598	NO	Q9BY41
248	L	248	1.77	-13.368	20.606	0.31	0.513653136531365	0	0	1.4001012043412264	0.7721654474996478	-0.08515683404859824	-0.470739646215832	NO	Q9BY41
249	K	249	4.189	-13.986	23.472	-1.13	0.515555555555556	0	0	1	1.0000000000000002	0.3794996368013907	-1.2209257122219894	NO	Q9BY41
250	E	250	2.478	-17.31	24.188	-0.77	0.515555555555556	0	0	0.7826376101097589	1	1.1928315625936898	-0.9925664617147388	NO	Q9BY41
251	V	251	2.2	-18.141	20.497	1.03	0.515555555555556	0	0	1	1.0000000000000002	0.18111462624076113	0.05266408234930164	NO	Q9BY41
252	Y	252	5.881	-17.446	19.713	-0.77	0.513653136531365	0	0	0.46816373830193775	0.4845017190717425	0.05257946615914811	-0.1042769188628415	NO	Q9BY41
253	Q	253	6.898	-19.575	22.677	-0.41	0.517037037037037	0	0	1	0.9999999999999999	0.7434356547919294	-0.5717204866419895	NO	Q9BY41
254	A	254	4.708	-22.539	21.756	-0.41	0.515129151291513	1	0	0.7346751241889069	0.9999999999999999	0.6957648236031506	-0.31693805848983847	NO	Q9BY41
255	F	255	4.866	-22.505	17.965	0.31	0.511764705882353	0	0	1.277730570422955	1	-0.20171230106805638	0.19552205267982883	NO	Q9BY41
257	P	257	7.605	-19.894	13.782	1.03	0.513235294117647	0	3	1.7392854716943933	0.7136120661509681	-0.4140379741614996	-0.2821950001054542	NO	Q9BY41
258	K	258	10.221	-19.795	11.002	-1.13	0.513235294117647	0	0	2.1360048166632244	0.4845017190717425	-0.5962656744587016	-0.020071032830412526	NO	Q9BY41
259	A	259	8.424	-16.993	9.156	0.31	0.510948905109489	0	0	1.2279334071824939	1	-0.6068734533623452	0.2489729117327276	NO	Q9BY41
260	V	260	5.511	-14.604	9.663	0.31	0.321428571428571	0	0	1.5690058603340082	0.739068771381993	-0.5198787355817287	0.7709539571711925	NO	Q9BY41
261	V	261	2.73	-13.246	7.437	1.03	0.323260073260073	0	0	2.894642011046973	0.14411126762634788	-0.5552755579856411	1.3922273970308408	NO	Q9BY41
262	L	262	1.113	-10.158	8.959	1.03	0.325091575091575	0	0	2.9914459852662736	0.1965985051494352	-0.4284431182335645	1.4203921212313337	NO	Q9BY41
263	Q	263	-2.153	-8.659	7.74	1.03	0.261992619926199	0	0	20.34353290878426	2.1000567169273334e-4	-0.48034664180007236	2.058785592476973	YES	Q9BY41
264	L	264	-2.633	-5.063	8.874	-0.05	0.523985239852399	0	0	8.547479862984572	0.003499466980899469	-0.456889188158918	1.654375983820044	YES	Q9BY41
265	G	265	-6.065	-4.021	7.622	1.03	0.439506172839506	0	1	7.659318627844452	0.007064036934631394	-0.5526491607010814	1.7155308569966385	YES	Q9BY41
266	A	266	-6.667	-0.452	8.763	-0.05	0.439506172839506	0	1	5.583900209138452	0.011341520879109678	-0.34201755502233044	1.1611747048340373	YES	Q9BY41
267	D	267	-10.431	-0.793	9.244	1.03	0.439900867410161	0	1	3.4537426208652797	0.11842731605280857	-0.44697493004365896	1.116213099866011	NO	Q9BY41
268	T	268	-9.676	-0.856	13.015	0.31	0.527881040892193	0	0	4.4577272093742275	0.03893548593270501	-0.531799092550103	1.2442819267829164	YES	Q9BY41
269	I	269	-8.538	2.768	12.957	0.67	0.522509225092251	0	1	2.561358479407389	0.16680709420234444	-0.2743097661429219	0.6344303700357465	NO	Q9BY41
270	A	270	-10.563	5.622	14.494	-0.05	0.326851851851852	0	0	1.6162674919505275	0.5728102140618397	-0.04904268907026173	-0.1185017442559516	NO	Q9BY41
271	G	271	-12.369	7.455	11.738	0.31	0.437037037037037	0	0	1.1949735893793236	0.9999999999999999	0.13122640075700942	-0.17362294265425346	NO	Q9BY41
272	D	272	-13.175	4.367	9.691	1.03	0.437037037037037	0	0	1.4673609106029692	0.7577853574010064	-0.04630741187263229	0.49353363106312453	NO	Q9BY41
273	P	273	-16.793	4.562	8.517	-1.13	0.523985239852399	0	0	2.0808496241949164	0.6765959386466713	-0.5492863652279635	0.6146101944414635	NO	Q9BY41
274	M	274	-17.322	1.098	9.977	0.31	0.522509225092251	1	0	5.410416362920232	0.20277138364063174	-0.6968324048038088	1.0414399959517926	NO	Q9BY41
275	C	275	-16.86	2.902	13.305	0.31	0.556197478991597	0	0	1	0.9999999999999999	-0.03607589625271354	0.43679329146027496	NO	Q9BY41
276	S	276	-16.186	-0.243	15.343	-0.41	0.488888888888889	0	0	0.8368385785993868	0.9999999999999999	-0.10436703307441993	0.4267511912515752	NO	Q9BY41
277	F	277	-12.729	-0.285	16.914	1.03	0.492537313432836	0	0	1.4001012043412264	0.7721654474996478	-0.0708952398765172	0.5755242537590314	NO	Q9BY41
278	N	278	-11.097	2.947	18.097	1.03	0.525373134328358	0	0	1	1	0.18276806134276788	-0.26101020840765893	NO	Q9BY41
279	M	279	-7.401	2.322	17.358	0.31	0.528838951310862	1	1	2.561358479407389	0.16680709420234444	0.040859789978592014	-0.02364200747747861	NO	Q9BY41
280	T	280	-4.617	4.566	16.12	0.31	0.526865671641791	0	1	2.8751716978949875	0.10435174834210807	-0.13951751800637965	0.24123660318559761	NO	Q9BY41
281	P	281	-1.645	3.518	14.013	-0.77	0.477611940298508	0	0	4.552416240048677	0.016069131647694374	-0.19755864062850537	0.2498080814054292	YES	Q9BY41
282	V	282	0.607	3.951	17.072	-1.49	0.547752808988764	0	0	4.4577272093742275	0.03893548593270501	-0.09414803304775288	-0.3578852344428627	NO	Q9BY41
283	G	283	-1.151	1.041	18.785	1.03	0.549313358302122	0	0	1.719280873141587	0.5501728066018686	-0.1241817605467839	-0.8534510562333102	NO	Q9BY41
284	I	284	-0.971	-1.164	15.705	-1.13	0.553459119496855	0	0	3.67451005533445	0.051264704360907194	-0.5427358293611335	0.16908711695257997	NO	Q9BY41
285	G	285	2.672	-0.093	15.359	0.67	0.551378446115288	0	0	1.9848208999334276	0.38367832592853424	-0.4013011689144616	-0.562621114207984	NO	Q9BY41
286	K	286	3.403	-2.965	18.579	-0.41	0.547752808988764	1	0	1.277730570422955	1	-0.31908085874382897	-1.4832265873587362	NO	Q9BY41
287	C	287	2.084	-4.836	17.758	1.03	0.54368029739777	0	2	1.4673609106029692	0.7577853574010064	-0.35011521038425264	-1.0004409186287817	NO	Q9BY41
288	L	288	4.157	-4.622	14.584	0.31	0.547752808988764	0	0	1	0.9999999999999999	-0.3761752908635408	-0.43578473991446987	NO	Q9BY41
289	K	289	7.312	-3.761	16.554	-0.41	0.547752808988764	0	0	0.5749487454901874	0.7136120661509681	-0.2002107500702687	-1.504406161127542	NO	Q9BY41
290	Y	290	6.763	-6.791	18.792	-0.77	0.503731343283582	1	0	0.48057292962094844	0.6765959386466713	-0.13947311350875494	-1.314835902085763	NO	Q9BY41
291	I	291	6.634	-9.065	15.75	0.31	0.503731343283582	0	0	1.2279334071824939	1	-0.2880874975724354	-0.26549160665142335	NO	Q9BY41
292	L	292	9.609	-7.354	14.082	-0.77	0.503731343283582	0	0	0.3061186056573479	0.266301388520099	-0.3097101328671935	-0.5080248796039517	NO	Q9BY41
293	Q	293	11.894	-7.923	17.073	-0.05	0.50990675990676	1	0	0.37600844491226004	0.4340428926316748	-0.30912337849649435	-1.5726514543825827	NO	Q9BY41
294	W	294	11.599	-11.687	16.392	0.31	0.54874213836478	0	0	1.7392854716943933	0.7136120661509681	-0.31459693430915614	-0.9525094417606934	NO	Q9BY41
295	Q	295	13.903	-11.037	13.389	0.31	0.479778776356723	0	0	1	0.9999999999999999	-0.2913885860447324	-1.3201438693389327	NO	Q9BY41
296	L	296	12.068	-13.493	11.136	0.67	0.482997918112422	0	0	0.7346751241889069	0.9999999999999999	-0.6108391714344403	-0.5080248796039517	NO	Q9BY41
297	A	297	11.254	-13.352	7.443	-0.41	0.480222068008328	1	0	1	0.9999999999999999	-0.6070340643522697	-0.5148494089294556	NO	Q9BY41
298	T	298	8.069	-11.269	7.461	-0.77	0.482517482517483	0	0	1.3611458549165056	0.9999999999999999	-0.6231108326907736	0.0444652770955496	NO	Q9BY41
299	L	299	5.525	-10.625	4.731	1.03	0.486257928118393	0	0	1.5690058603340082	0.739068771381993	-0.48041679644130225	0.7322367517782172	NO	Q9BY41
300	I	300	3.537	-7.443	5.416	-0.05	0.49197860962566897	0	0	2.9914459852662736	0.1965985051494352	-0.4230668595798971	1.0986643101718576	NO	Q9BY41
301	L	301	0.058	-7.104	3.882	1.03	0.49197860962566897	0	0	6.822149630764255	0.013893633148504309	-0.5131767108193643	1.5797002829938598	YES	Q9BY41
302	G	302	-2.718	-4.495	3.986	1.03	0.44921875	0	0	3.941755242068502	0.0689857092737457	-0.15352439524801478	1.6761419245259706	NO	Q9BY41
303	G	303	-6.416	-5.36	3.938	1.03	0.450980392156863	0	0	17.41948769922626	7.638667838493917e-4	0.11070366892852875	1.8132457087027192	NO	Q9BY41
304	G	304	-9.523	-3.39	4.809	1.03	0.368607954545455	0	0	7.659318627844452	0.007064036934631394	0.020370929092563213	1.8761165047616704	NO	Q9BY41
305	G	305	-9.546	0.318	5.57	1.03	0.367542613636364	0	0	3.941755242068502	0.0689857092737457	0.1022862785015048	1.0843652963469919	NO	Q9BY41
307	N	307	-11.261	5.974	5.415	0.67	0.340551181102362	0	0	1.2279334071824939	1	0.6919609238907486	0.450491271468455	NO	Q9BY41
308	L	308	-8.777	6.263	2.594	0.31	0.342885375494071	0	0	2.1970609498817955	0.3529408833426882	1.0597906376130655	0.458649627208621	NO	Q9BY41
309	A	309	-6.666	9.083	4.013	-1.49	0.391869000564653	0	0	1.4001012043412264	0.7721654474996478	1.3059735949069162	0.38009455034687	NO	Q9BY41
310	N	310	-6.494	7.401	7.415	1.03	0.391869000564653	0	0	2.894642011046973	0.14411126762634788	0.5597800941016616	0.47129507860587866	NO	Q9BY41
311	T	311	-5.478	4.116	5.825	-0.41	0.392575928008999	1	1	3.2733904183474642	0.08737170118635638	0.6786486311030003	0.5130953207245907	NO	Q9BY41
312	A	312	-2.692	5.97	4.008	1.03	0.394127611518916	0	0	3.4537426208652797	0.11842731605280857	1.0479397536823614	0.32950459166216156	NO	Q9BY41
313	R	313	-1.757	7.651	7.33	1.03	0.195518207282913	0	1	2.5364202813091548	0.22967093130570013	0.8113109035592132	0.14654912463801065	NO	Q9BY41
314	C	314	-1.671	4.279	9.031	1.03	0.341796875	0	0	7.659318627844452	0.007064036934631394	0.15747188779311624	0.6675744763807014	NO	Q9BY41
315	W	315	0.354	2.311	6.508	1.03	0.3427734375	0	1	13.902056633105351	0.0035453898691655515	0.41130938180986204	0.923176413230325	NO	Q9BY41
316	T	316	2.736	5.218	5.954	1.03	0.342412451361868	0	0	2.552812310989524	0.31479035086490875	0.8549527479191086	-0.20619455988961372	NO	Q9BY41
317	Y	317	3.347	5.374	9.705	1.03	0.340733590733591	0	0	2.552812310989524	0.31479035086490875	0.5387280038630193	-0.41248146904689503	NO	Q9BY41
318	L	318	3.809	1.597	9.847	-1.13	0.340733590733591	0	0	3.941755242068502	0.0689857092737457	0.06558482375222316	-0.12119058320221027	NO	Q9BY41
319	T	319	6.312	1.789	6.985	1.03	0.340733590733591	0	0	1.3611458549165056	0.9999999999999999	0.7640152066465576	0.024578813288576643	NO	Q9BY41
320	G	320	8.212	4.312	9.106	-0.05	0.451737451737452	0	1	2.0808496241949164	0.6765959386466713	0.9000758779281812	-0.23876617712497392	NO	Q9BY41
321	V	321	8.091	1.772	11.938	0.31	0.510174418604651	0	0	1	1	-0.09743727571399996	-0.8901985218321782	NO	Q9BY41
322	I	322	9.569	-0.931	9.676	-0.41	0.511627906976744	0	0	0.6373462491638628	0.739068771381993	0.3284025445448704	-0.7064611938378385	NO	Q9BY41
323	L	323	12.368	1.482	8.712	0.31	0.507183908045977	0	0	0.32193701594778606	0.6164277411855871	0.804584069243754	-0.7558406007363173	NO	Q9BY41
324	G	324	12.966	2.618	12.295	-1.49	0.50381679389313	1	0	0.49240827924849023	1	0.48069998327194335	-1.7091420408926634	NO	Q9BY41
325	K	325	12.28	6.234	11.346	-1.49	0.503326996197719	0	0	1	1	0.45520541551108956	-0.6372894938870283	NO	Q9BY41
326	T	326	10.359	8.978	13.104	-1.49	0.505248091603053	0	0	1	1	0.2602794094262542	-0.7393405051631413	NO	Q9BY41
327	L	327	8.141	10.787	10.604	0.67	0.576860401955459	0	0	1.5284795509183005	1	0.7632692203537397	-0.2759908825368142	NO	Q9BY41
328	S	328	7.23	14.455	10.695	-0.41	0.579062159214831	0	0	3.106196716475217	0.6164277411855871	0.9280922688084713	-0.43762447182506786	NO	Q9BY41
329	S	329	2.959	15.841	11.009	-0.77	0.506679389312977	1	0	2.0308350654180556	1	1.1253344453503902	-0.3885956164076309	NO	Q9BY41
330	E	330	2.957	17.548	9.272	1.03	0.506679389312977	0	0	3.106196716475217	0.6164277411855871	1.2128447352580725	-0.6035682901610083	NO	Q9BY41
331	I	331	1.567	15.854	6.167	0.67	0.506679389312977	0	0	0.7346751241889069	0.9999999999999999	1.1457383118874558	-0.12883696895563326	NO	Q9BY41
332	P	332	3.736	17.023	3.229	1.03	0.503326996197719	0	0	0.7346751241889069	0.9999999999999999	1.5458998065945977	-0.43159015115830635	NO	Q9BY41
333	D	333	2.065	18.644	0.221	-1.13	0.505248091603053	0	0	0.23630007012458776	0.36071290197597816	1.5800730319189407	-0.8901985218321782	NO	Q9BY41
334	H	334	1.408	15.995	-2.444	-1.49	0.446969696969697	0	1	0.6542449320955629	1	2.1393928397089907	-0.516333002261087	NO	Q9BY41
335	E	335	-2.585	15.003	-4.188	0.31	0.574123989218329	1	0	0.48057292962094844	0.6765959386466713	2.117382586129719	-1.1631796948523399	NO	Q9BY41
336	F	336	-3.864	14.149	-2.316	0.31	0.676136363636364	0	0	0.7346751241889069	0.9999999999999999	1.8678436457454755	-0.5830947021844961	NO	Q9BY41
337	F	337	-2.927	16.766	0.31	1.03	0.671052631578947	0	0	1	0.9999999999999999	1.3706816277778862	-0.2930522058505743	NO	Q9BY41
338	T	338	-6.435	18.28	0.412	-0.41	0.744902205576363	1	0	0.32193701594778606	0.6164277411855871	1.1467525801054426	-0.8901985218321782	NO	Q9BY41
339	A	339	-7.811	14.908	1.588	-0.77	0.806741573033708	1	0	0.5749487454901874	0.7136120661509681	1.1923445508039918	0.06523558373838804	NO	Q9BY41
340	Y	340	-5.965	15.296	4.91	0.31	0.741429161503511	0	0	0.7826376101097589	1	0.9407374060413718	-0.14891343992398023	NO	Q9BY41
341	G	341	-8.097	17.988	6.525	0.67	0.804494382022472	0	0	0.49240827924849023	1	1.3672975371815692	-0.5529864845719783	NO	Q9BY41
342	P	342	-9.03	19.512	8.752	1.03	0.801492537313433	0	0	0.49240827924849023	1	1.6935350310421975	-0.6513399954395366	NO	Q9BY41
344	Y	344	-3.262	17.857	8.026	0.31	0.988888888888889	0	0	1	0.9999999999999999	0.9384963640634632	-0.6947688184200168	NO	Q9BY41
345	V	345	-1.271	15.796	10.507	-1.49	0.938323668950975	0	0	0.48057292962094844	0.6765959386466713	0.9150240266785471	0.15710424773555787	NO	Q9BY41
346	L	346	-0.109	12.188	10.459	1.03	0.991666666666667	0	1	2.1360048166632244	0.4845017190717425	0.6635561154406887	0.03713458063337132	NO	Q9BY41
347	E	347	-1.491	11.29	13.903	-0.77	0.984375	0	0	1.8750163935568112	0.5216260808669873	0.3393718979874492	-0.17362294265425357	NO	Q9BY41
348	I	348	-5.079	10.093	14.35	-0.77	0.975274725274725	0	0	1.4673609106029692	0.7577853574010064	0.3907871433842392	0.06523558373838793	NO	Q9BY41
349	T	349	-7.141	11.051	17.385	-0.41	0.971715328467153	1	0	1.5690058603340082	0.739068771381993	0.7110736737168245	-0.6409548421181174	NO	Q9BY41
350	P	350	-9.408	8.39	18.894	-0.41	0.965454545454545	0	0	0.7826376101097589	1	0.4319915208513268	-0.44542747268725935	NO	Q9BY41
351	S	351	-13.519	9.089	20.381	0.31	0.925443169968717	1	0	0.7826376101097589	1	0.5637904453552874	-0.23876617712497392	NO	Q9BY41
352	C	352	-14.941	9.888	22.17	-1.13	0.922077922077922	0	0	0.18482865881698185	0.20277138364063174	0.7683222784236254	-0.5319107322432157	NO	Q9BY41
353	R	353	-17.037	6.77	22.386	-1.13	0.925443169968717	1	0	0.3061186056573479	0.266301388520099	0.684635485753088	-0.4376244718250678	NO	Q9BY41
354	P	354	-17.068	3.95	24.967	-1.13	0.972527472527472	1	0	0.23630007012458776	0.36071290197597816	0.9186268847145453	-0.412481469046895	NO	Q9BY41
355	D	355	-14.882	0.866	25.013	-0.05	0.972527472527472	0	0	0.5749487454901874	0.7136120661509681	0.5192016984288522	-0.47219610064505535	NO	Q9BY41
356	R	356	-17.411	-1.972	25.214	-0.05	0.978860294117647	1	0	0.18482865881698185	0.20277138364063174	0.6858860148756134	-0.7032657620466325	NO	Q9BY41
357	N	357	-14.722	-4.492	26.256	1.03	0.986111111111111	0	0	0.48057292962094844	0.6765959386466713	0.7401991369841471	-0.12243897271297319	NO	Q9BY41
358	E	358	-15.062	-5.52	29.882	-0.77	1.02714164546226	0	0	0.32193701594778606	0.6164277411855871	1.6199938281478619	-0.9698180306297253	NO	Q9BY41
359	P	359	-11.837	-6.49	31.698	-1.13	1.02387152777778	0	0	0.49240827924849023	1	1.685442290167114	-1.4182015801738068	NO	Q9BY41
360	H	360	-13.301	-9.738	33.018	-1.13	1.02044444444444	0	0	0	0.4943820224719101	3.442172141443754	-1.7262033642064232	NO	Q9BY41
361	R	361	-14.298	-10.975	29.57	-0.77	1.02322404371585	1	0	0.32193701594778606	0.6164277411855871	1.8407974893093941	-1.3427725718392884	NO	Q9BY41
362	I	362	-10.927	-10.079	28.074	0.31	1.01960784313726	0	0	0.18482865881698185	0.20277138364063174	1.1904525054425723	-1.19730234147986	NO	Q9BY41
363	Q	363	-9.232	-11.992	30.898	-0.41	1.01580459770115	0	0	0.49240827924849023	1	1.8908250984670016	-1.802203804422264	NO	Q9BY41
364	Q	364	-11.418	-15.05	30.222	-0.41	1.02083333333333	0	0	0.32193701594778606	0.6164277411855871	1.9889176058128195	-1.8456326274027441	NO	Q9BY41
365	I	365	-10.501	-14.969	26.54	1.03	1.1519495412844	0	0	0.23630007012458776	0.36071290197597816	1.0501387024708666	-1.0335136376677632	NO	Q9BY41
366	L	366	-6.812	-14.728	27.398	-1.13	1.14740566037736	0	0	0.18482865881698185	0.20277138364063174	0.9638356124566784	-1.4547732205784218	NO	Q9BY41
367	N	367	-7.105	-17.616	29.91	0.31	1.11387163561077	0	0	0.23630007012458776	0.36071290197597816	2.0145405983044617	-1.6067741010101029	NO	Q9BY41
368	Y	368	-8.831	-19.797	27.337	-1.13	1.11857142857143	0	0	0	0.11662146454862449	0.8882040735603136	-0.7366466120083371	NO	Q9BY41
369	I	369	-6.232	-19.113	24.651	0.67	1.0880829015544	1	0	0.3061186056573479	0.266301388520099	0.38375550076578985	-0.28676645515603105	NO	Q9BY41
370	K	370	-3.393	-19.761	27.092	-0.77	1.03957219251337	0	0	0.18482865881698185	0.20277138364063174	1.019283049309488	-0.7419415054505386	NO	Q9BY41
371	G	371	-4.958	-23.119	27.926	-1.49	1.03425414364641	0	0	0	0.05559860519178612	1.2999013201577923	-0.8901985218321782	NO	Q9BY41
372	N	372	-5.262	-23.937	24.224	1.03	0.975433526011561	0	0	0.5749487454901874	0.7136120661509681	0.21409706195354472	-0.22139464793278182	NO	Q9BY41
373	L	373	-1.613	-23.16	23.483	1.03	0.980421686746988	1	0	0.23630007012458776	0.36071290197597816	0.482862794383168	-0.6513399954395366	NO	Q9BY41
374	K	374	-0.496	-25.556	26.204	0.31	0.968944099378882	0	0	0.23630007012458776	0.36071290197597816	1.2951450255437973	-0.5130534801595863	NO	Q9BY41
375	H	375	-1.394	-28.365	23.808	-0.77	0.962903225806452	0	0	0.23630007012458776	0.36071290197597816	0.47642736395472296	-0.5489720555569759	NO	Q9BY41
376	V	376	0.904	-26.823	21.201	0.31	0.969387755102041	1	0	0.23630007012458776	0.36071290197597816	-0.09269415912487655	-0.5462422438267743	NO	Q9BY41
377	V	377	4.304	-28.529	21.423	-0.77	0.855791962174941	0	0	1.3611458549165056	0.9999999999999999	0.19326991093689694	0.06523558373838793	NO	Q9BY41
