Uniprot_position	aminoacid	Position_in_structure	x	y	z	paraz	mtr	gscount	pscount	OR	pvalue	mtr3dscore	paraz3dscore	HotSpot3D	Uniprot
2	S	2	10.055	32.518	-8.245	-0.65	0.34280303030303	0	0	0	0.5336060783167739	-0.5355998480505523	-3.308671325222853	NO	P68400
3	G	3	8.543	30.1	-10.781	0.49	0.302737520128824	0	0	0	0.5336060783167739	-0.38482685114598625	-2.889771052715722	NO	P68400
4	P	4	8.763	26.279	-10.301	0.49	0.298850574712644	0	0	0	0.5336060783167739	-0.10477464863222462	-1.3578456382796404	NO	P68400
5	V	5	11.316	24.497	-12.479	-0.36	0.296296296296296	1	0	0	0.28638223261250734	-0.0293810810990016	-1.56331503563147	NO	P68400
6	P	6	9.614	22.602	-15.365	-0.65	0.39811320754717	0	0	0	0.1497529355507146	-0.08623451685347314	-0.3676697896095452	NO	P68400
7	S	7	10.163	18.808	-15.791	0.49	0.39578313253012	0	0	0	0.1497529355507146	-0.13219983027920318	-0.2814916558154087	NO	P68400
8	R	8	9.888	16.155	-18.458	0.49	0.398823529411765	0	0	0	0.28638223261250734	-0.18581419220235665	-0.39209201820933137	NO	P68400
9	A	9	9.734	12.372	-18.461	0.49	0.396067415730337	0	0	1.2236833787703691	0.9999999999999999	-0.4989320368455192	0.09017509888385941	NO	P68400
10	R	10	13.334	11.081	-18.923	0.49	0.397826086956522	0	0	3.7996848751314953	0.2863822326125074	-1.0704769940918832	0.15196965424038134	NO	P68400
11	V	11	11.831	8.196	-20.982	0.49	0.363157894736842	0	0	3.7996848751314953	0.2863822326125074	-0.6219940509959786	-0.08677270793878424	NO	P68400
12	Y	12	8.966	7.84	-23.489	0.49	0.361329026303646	0	0	0	1	0.07272299884672707	-0.37083329072350707	NO	P68400
13	T	13	8.717	11.694	-23.531	-0.65	0.40422322775264	0	0	0	0.5458796025715955	0.14002960524439112	-0.39218692324275045	NO	P68400
14	D	14	7.398	12.044	-27.059	-0.08	0.406330511593669	0	0	0	0.5458796025715955	0.0021340176400771217	-0.6061186860744282	NO	P68400
15	V	15	5.446	8.859	-27.673	0.49	0.404112017015243	0	0	0	1	0.058449448415597426	-0.596232745093297	NO	P68400
16	N	16	2.242	10.773	-28.237	0.49	0.402472527472527	0	0	0	1	0.064955886891452555	-0.6513303894948014	NO	P68400
17	T	17	4.15	13.514	-30.093	-0.08	0.40053050397878	0	0	0	0.5458796025715955	-0.0641949201105438	-1.1806895758977705	NO	P68400
18	H	18	4.996	10.931	-32.72	-1.22	0.431944444444444	0	0	0	1	-0.424280151002033	-1.558821003166636	NO	P68400
19	R	19	1.663	9.286	-33.315	0.49	0.430894308943089	0	0	0	1	-0.25273059278423415	-1.1133256110004626	NO	P68400
20	P	20	-1.394	10.428	-35.33	-0.65	0.536890645586298	0	0	0	1	-0.698151692982541	-1.0019517629589192	NO	P68400
21	R	21	-3.773	12.797	-33.492	0.49	0.38953488372093	1	0	0.9015731751203889	1	-0.5231390112134585	-0.881541001808742	NO	P68400
22	E	22	-6.382	10.005	-33.571	0.49	0.434343434343434	0	0	0.9015731751203889	1	-0.5424520537273522	-0.6845471511914021	NO	P68400
23	Y	23	-4.147	8.004	-31.15	0.49	0.435994930291508	0	0	1.2236833787703691	0.9999999999999999	-0.3353442405542425	-0.5799758643687705	NO	P68400
24	W	24	-4.327	10.564	-28.299	0.49	0.389433962264151	0	0	1.2236833787703691	0.9999999999999999	-0.17859084695011102	-0.4684075282072716	NO	P68400
25	D	25	-7.376	12.63	-29.233	0.49	0.388636363636364	0	0	1.2236833787703691	0.9999999999999999	-0.13360164652850778	0.09164623751377889	NO	P68400
26	Y	26	-9.964	10.571	-27.402	0.49	0.388636363636364	0	0	1.2236833787703691	0.9999999999999999	-0.26893811753248104	-0.018981666826181604	NO	P68400
27	E	27	-12.471	13.405	-27.769	0.49	0.390458015267176	0	1	1.2236833787703691	0.9999999999999999	-0.6298352016286468	0.1183590178991571	NO	P68400
28	S	28	-12.558	13.233	-31.6	-0.36	0.437179487179487	1	0	1.8731299948594953	0.6107539450613676	-0.6856384306649348	0.06513670654437625	NO	P68400
29	H	29	-13.099	9.433	-31.388	0.49	0.435897435897436	0	0	1.2236833787703691	0.9999999999999999	-0.5390946455403126	-0.3676697896095452	NO	P68400
30	V	30	-16.803	8.61	-31.969	0.49	0.433333333333333	0	0	1.8731299948594953	0.6107539450613676	-0.5896137897071522	-0.6639223645170422	NO	P68400
31	V	31	-17.902	5.445	-30.135	-0.65	0.485209923664122	0	0	1.8731299948594953	0.6107539450613676	-0.5780169411348172	-0.7392373749948961	NO	P68400
32	E	32	-19.053	2.189	-31.744	-0.93	0.481939163498099	0	0	0	0.5336060783167739	-0.5440170145646119	-1.123746555846455	NO	P68400
33	W	33	-21.394	0.382	-29.372	0.49	0.430925221799746	0	0	0	0.5336060783167739	-0.959080068389	-0.9989320573501373	NO	P68400
34	G	34	-21.847	-3.307	-28.559	0.49	0.481132075471698	0	0	0	0.5458796025715955	-0.9542309698069864	-0.7283089166012092	NO	P68400
35	N	35	-25.15	-4.877	-27.42	0.49	0.481534090909091	1	0	0	1	-1.3191205406979045	-0.2581851423611224	NO	P68400
36	Q	36	-26.264	-4.456	-23.86	0.49	0.481534090909091	0	0	0	0.5336060783167739	-1.532382546693509	0.43553223460086704	NO	P68400
37	D	37	-28.634	-7.446	-24.14	0.49	0.368278109722977	0	0	0	0.5336060783167739	-1.411476204573113	0.44218649556471806	NO	P68400
38	D	38	-25.617	-9.819	-24.382	0.49	0.319811320754717	0	0	0	0.5336060783167739	-1.6710342044573276	0.09164623751377889	NO	P68400
39	Y	39	-25.068	-9.241	-20.626	0.49	0.321022727272727	0	0	0	0.5336060783167739	-1.8183667466660856	0.2798244530981409	NO	P68400
40	Q	40	-26.913	-10.217	-17.415	0.49	0.321969696969697	0	0	0	0.5458796025715955	-2.0034481377951363	0.7399352204108185	NO	P68400
41	L	41	-25.839	-8.764	-14.093	0.49	0.319548872180451	0	0	0	0.5336060783167739	-1.9328986401524566	0.745760929385299	NO	P68400
42	V	42	-25.273	-11.452	-11.446	0.49	0.420987654320988	0	0	0	0.5336060783167739	-2.1281383750589797	0.6921030835677133	NO	P68400
43	R	43	-24.113	-9.448	-8.381	0.49	0.420987654320988	1	0	1.8731299948594953	0.6107539450613676	-1.8972385663483864	0.6921030835677133	NO	P68400
44	K	44	-22.871	-6.012	-7.413	0.49	0.360569319978914	0	0	8.376054501364468	0.04949258806652143	-1.7270195308656118	0.8914036537473173	YES	P68400
45	L	45	-19.236	-6.089	-6.519	0.49	0.364021164021164	0	0	8.376054501364468	0.04949258806652143	-1.7793854141048349	0.8914036537473173	YES	P68400
46	G	46	-19.356	-2.401	-5.452	0.49	0.366737739872068	0	0	14.096311667517986	0.0063852133589570505	-1.6713685222081789	0.8914036537473173	YES	P68400
47	R	47	-19.702	1.375	-5.92	0.49	0.368869936034115	0	2	14.096311667517986	0.0063852133589570505	-1.4962129196891332	0.8914036537473173	YES	P68400
48	G	48	-16.771	3.687	-6.586	0.49	0.368869936034115	0	0	46.26223328605808	9.176668528476475e-5	-1.1800162656010171	0.8914036537473173	YES	P68400
49	K	49	-16.848	7.456	-7.173	0.49	0.366895097522404	0	0	46.26223328605808	2.3391508013763503e-5	-0.9680718934329013	0.8914036537473173	YES	P68400
50	Y	50	-18.199	7.393	-10.744	0.49	0.369622942113648	0	2	46.26223328605808	2.3391508013763503e-5	-1.0735829521834563	0.8914036537473173	YES	P68400
51	S	51	-19.37	3.798	-11.127	0.49	0.214197530864198	0	2	46.26223328605808	2.3391508013763503e-5	-1.4042668040159167	0.8914036537473173	YES	P68400
52	E	52	-20.679	0.499	-9.863	0.49	0.214197530864198	0	0	14.096311667517986	0.0063852133589570505	-1.7652707565381	0.8914036537473173	YES	P68400
53	V	53	-19.089	-2.757	-10.772	0.49	0.215613382899628	0	0	17.527661047952027	0.002084414708611085	-1.7127377911885264	0.6966847058706929	YES	P68400
54	F	54	-20.951	-5.964	-11.302	0.49	0.216232961586121	0	0	4.1235524905308605	0.17301595735260264	-1.99426362203284	0.5769516430194979	NO	P68400
55	E	55	-20.045	-9.523	-11.938	0.49	0.183974696889826	0	0	0	0.5336060783167739	-2.153711796794686	0.43553223460086704	NO	P68400
56	A	56	-21.943	-10.553	-15.086	0.49	0.184126984126984	0	0	0	0.5336060783167739	-2.108311121094559	0.47827018014584677	NO	P68400
57	I	57	-22.349	-13.315	-17.656	0.49	0.161111111111111	1	0	0	0.5336060783167739	-2.1990379542360508	0.5285744105998333	NO	P68400
58	N	58	-22.083	-13.033	-21.432	0.49	0.161710037174721	0	0	0	0.5336060783167739	-2.068627431303658	0.2615154319451127	NO	P68400
59	I	59	-25.247	-14.879	-22.4	0.49	0.161847014925373	0	0	0	0.5336060783167739	-2.0589690437563952	0.6810308296688465	NO	P68400
60	T	60	-24.18	-15.739	-25.965	0.49	0.186034115138593	0	0	0	0.5336060783167739	-2.0953347566777905	0.6209243085035693	NO	P68400
61	N	61	-21.379	-17.927	-24.6	0.49	0.186034115138593	0	0	0	1	-2.5408971273334453	0.5758444176296112	NO	P68400
62	N	62	-21.89	-18.226	-20.814	0.49	0.184656084656085	0	0	0	1	-2.564525991452159	0.6001182050232807	NO	P68400
63	E	63	-18.582	-16.6	-19.824	0.49	0.183447548761202	0	0	0	1	-2.432529777748358	-0.05376420180141005	NO	P68400
64	K	64	-18.203	-14.474	-16.721	-0.08	0.212287104622871	0	0	0	0.5336060783167739	-2.3124395150773673	0.12126688255946534	NO	P68400
65	V	65	-17.385	-10.817	-17.356	0.49	0.213064713064713	0	0	0	0.28638223261250734	-2.0211986967519766	0.002366796573594087	NO	P68400
66	V	66	-17.293	-7.668	-15.172	0.49	0.212121212121212	0	0	0.8963848669531203	1	-1.6758282892854455	-0.15230196377218713	NO	P68400
67	V	67	-19.457	-4.727	-16.05	0.49	0.36101083032491	0	0	1.9751950768024216	0.43750080809948694	-1.7377423291143472	-0.0054489120609000795	NO	P68400
68	K	68	-18.622	-1.226	-14.977	0.49	0.3584229390681	0	0	7.410903886731368	0.002924782064795509	-1.3246680109165283	0.29048223759972386	YES	P68400
69	I	69	-21.696	0.981	-15.227	0.49	0.357398873527906	0	0	46.26223328605808	3.408476882005543e-4	-1.6349836484768157	0.5136816207402584	YES	P68400
70	L	70	-20.84	4.701	-15.418	0.49	0.359979370809696	0	0	21.481853495142765	6.387681034527727e-4	-1.2933511414211831	0.37604056318187706	YES	P68400
71	K	71	-22.494	7.833	-14.048	0.49	0.362042289840124	0	0	46.26223328605808	3.408476882005543e-4	-1.54166366132347	0.7336240356884643	YES	P68400
72	P	72	-23.661	10.746	-16.109	0.49	0.364675324675325	0	0	46.26223328605808	0.004064608681791619	-1.4030713091187315	0.6921030835677133	YES	P68400
73	V	73	-19.946	11.605	-15.869	0.49	0.255072463768116	0	1	46.26223328605808	3.408476882005543e-4	-1.1957199766540532	0.8914036537473173	YES	P68400
74	K	74	-18.163	13.81	-18.363	0.49	0.423586040914561	0	0	46.26223328605808	0.0012043284983086287	-1.0035806514326124	0.8914036537473173	YES	P68400
75	K	75	-18.406	12.216	-21.801	0.49	0.42512077294686	0	0	2.9400826859826537	0.33651240635460394	-0.9702054147854708	-0.05376420180141005	NO	P68400
76	K	76	-14.687	13.114	-21.781	0.49	0.366753246753247	0	0	4.1235524905308605	0.17301595735260264	-0.38875214445653883	0.1183590178991571	NO	P68400
77	K	77	-13.893	10.767	-18.858	0.49	0.429440389294404	0	0	26.031708629103047	1.833894228279064e-4	-0.45101444274726393	0.7399352204108185	YES	P68400
78	I	78	-15.697	7.828	-20.478	0.49	0.431013431013431	0	0	26.031708629103047	1.833894228279064e-4	-0.6708336321034062	0.32941195585347927	YES	P68400
79	K	79	-13.96	8.389	-23.868	0.49	0.431013431013431	0	0	5.445856042449753	0.08531133595919722	-0.47289919156397114	-0.19569036541415824	NO	P68400
80	R	80	-10.521	8.791	-22.209	0.49	0.431013431013431	0	1	5.445856042449753	0.08531133595919722	-0.05278006922098499	0.35993546660170694	NO	P68400
81	E	81	-10.797	5.467	-20.296	0.49	0.431013431013431	0	0	4.134081583924343	0.041889043986460296	-0.10374584254627796	0.5524223420743161	YES	P68400
82	I	82	-12.162	3.686	-23.426	-0.08	0.470588235294118	1	0	2.608934035754904	0.2578126415780661	-0.3352348570113392	-0.18210169017463998	NO	P68400
83	K	83	-9.478	5.112	-25.731	0.49	0.470588235294118	0	0	1.5409786407930024	0.7077986799323763	-0.09394936852817456	-0.3499541833713579	NO	P68400
84	I	84	-6.732	4.227	-23.299	0.49	0.473666554847367	0	0	3.3226780256165216	0.14383615127745783	0.33803572658560616	0.3842404141845855	NO	P68400
85	L	85	-8.286	0.806	-22.839	0.49	0.476767676767677	0	0	2.608934035754904	0.2578126415780661	0.2705935263956898	-0.05361321652097087	NO	P68400
86	E	86	-8.407	0.119	-26.589	0.49	0.583747927031509	0	0	0.8963848669531203	1	-0.17900848380415607	-0.5722768777867626	NO	P68400
87	N	87	-4.946	1.546	-27.261	0.49	0.586466165413534	0	0	0.8963848669531203	1	0.24737348627752176	0.2798244530981409	NO	P68400
88	L	88	-3.543	-0.922	-24.663	0.49	0.659774436090226	0	0	0.6988496397569809	0.9999999999999999	0.8940192929741079	0.13595958773319985	NO	P68400
89	R	89	-5.576	-4.037	-25.349	0.49	0.664150943396226	1	0	0.6988496397569809	0.9999999999999999	0.5409678451306887	-0.2814916558154087	NO	P68400
90	G	90	-3.443	-7.137	-25.893	0.49	0.666666666666667	0	0	0	0.28638223261250734	0.7745366509483	-0.30090326609908485	NO	P68400
91	G	91	-0.618	-5.6	-23.84	0.49	0.664772727272727	0	0	0	0.28638223261250734	1.2649749233906031	0.01590472045834326	NO	P68400
92	P	92	0.853	-7.948	-21.184	-0.36	0.669201520912548	1	0	0	0.5336060783167739	1.653595246980881	0.15485806830095508	NO	P68400
93	N	93	-1.149	-8.109	-17.901	0.49	0.531320754716981	0	0	0.4304250833271231	0.6461399500557888	1.2372102987503846	0.1704045322152211	NO	P68400
94	I	94	-3.367	-5.327	-19.12	0.49	0.479835953520164	0	0	1.4079731588055446	0.691021570646197	1.050989913234002	0.16574516745234935	NO	P68400
95	I	95	-7.047	-5.975	-18.37	0.49	0.47940074906367	0	0	1.4079731588055446	0.691021570646197	0.33869024578300505	-0.026097169331759727	NO	P68400
96	T	96	-9.04	-6.562	-21.58	-0.93	0.48257006151743	0	0	1.0982043961288723	0.9999999999999999	-0.07412493909029244	-0.48155582971217586	NO	P68400
97	L	97	-11.967	-4.266	-22.273	0.49	0.482124616956078	2	0	1.4079731588055446	0.691021570646197	-0.27081462637434445	-0.13357070717635977	NO	P68400
98	A	98	-14.156	-6.894	-23.902	-0.65	0.397388059701493	0	0	0	0.1497529355507146	-1.1614197239427961	-0.3879774257927202	NO	P68400
99	D	99	-17.104	-4.724	-24.885	0.49	0.398876404494382	0	0	0	0.1497529355507146	-1.082081629824392	-0.632281350529009	NO	P68400
100	I	100	-18.773	-1.278	-24.7	-0.93	0.442786069651741	0	0	0	0.28638223261250734	-0.9767078853073043	-0.45814592146885724	NO	P68400
101	V	101	-22.519	-0.962	-24.248	0.49	0.439506172839506	0	0	0	0.28638223261250734	-1.090644427672404	-0.4501249154186185	NO	P68400
102	K	102	-24.985	1.959	-23.955	0.49	0.439506172839506	0	0	0	1	-1.1222197745680653	-0.11617145104956886	NO	P68400
103	D	103	-28.626	1.633	-22.701	0.49	0.438271604938272	0	0	0	1	-1.1989679773668813	0.26186693206888606	NO	P68400
104	P	104	-30.418	2.765	-25.87	0.49	0.439900867410161	0	0	0	1	-1.0779842226611938	0.6389562648531526	NO	P68400
105	V	105	-33.256	4.454	-23.968	0.49	0.329291044776119	0	0	0	1	-1.2033730714825317	0.47065800559037574	NO	P68400
106	S	106	-31.409	6.087	-20.963	0.49	0.328066914498141	0	0	0	1	-1.369616681552119	0.5758444176296112	NO	P68400
107	R	107	-28.105	6.246	-22.876	-0.08	0.377398720682303	0	0	0	1	-1.1948603855898077	0.6686559576642308	NO	P68400
108	T	108	-26.001	5.338	-19.816	0.49	0.221383647798742	0	0	46.26223328605808	0.04091174751607246	-1.287110693660527	0.34055902227868984	YES	P68400
109	P	109	-22.647	3.643	-20.711	0.49	0.222012578616352	0	0	5.445856042449753	0.08531133595919722	-1.1114792027488594	-0.02789266996400876	NO	P68400
110	A	110	-21.033	0.488	-19.362	0.49	0.189406099518459	0	0	2.608934035754904	0.2578126415780661	-1.3719405697441467	0.291881613369647	NO	P68400
111	L	111	-17.642	-1.171	-19.916	0.49	0.18816631130064	0	0	2.608934035754904	0.2578126415780661	-1.1150327301458782	0.2044206277494405	NO	P68400
112	V	112	-17.361	-4.945	-20.077	0.49	0.290534979423868	0	0	0	0.1497529355507146	-1.6021346569106738	-0.12554028127168682	NO	P68400
113	F	113	-14.039	-6.461	-18.933	0.49	0.186083289404323	0	0	1.0982043961288723	0.9999999999999999	-1.0999202001171637	-0.25195224886198914	NO	P68400
114	E	114	-12.566	-9.927	-18.812	0.49	0.188336008560728	0	0	0.4304250833271231	0.6461399500557888	-1.1113934507623238	-0.024573714249851903	NO	P68400
115	H	115	-13.346	-11.52	-15.473	-0.36	0.187633262260128	0	0	0.5882639836314686	1	-1.2478858291835024	-0.11617145104956886	NO	P68400
116	V	116	-10.456	-12.242	-13.131	-0.08	0.187265917602996	0	0	0.9015731751203889	1	-0.43059229724892256	-0.40612610002614524	NO	P68400
117	N	117	-11.049	-14.779	-10.368	0.49	0.185185185185185	0	0	0	0.5336060783167739	-0.5337168493709775	-0.5671141552943291	NO	P68400
118	N	118	-8.716	-12.97	-7.973	0.49	0.183447548761202	0	0	0.9015731751203889	1	0.210265185016043	-0.15676971534541417	NO	P68400
119	T	119	-7.577	-14.273	-4.587	0.49	0.318933823529412	0	0	0	0.5458796025715955	0.2699630095393818	-0.39209201820933137	NO	P68400
120	D	120	-8.906	-12.622	-1.415	0.49	0.320110701107011	0	0	0	1	-0.032594167508243	-0.05195237843614102	NO	P68400
121	F	121	-6.484	-9.819	-0.381	0.49	0.322490706319703	0	0	0	0.5336060783167739	0.41895659467839497	0.44218649556471806	NO	P68400
122	K	122	-6.373	-11.695	2.923	0.49	0.42716049382716	0	0	0	1	0.13102133063516871	0.26249963229167844	NO	P68400
123	Q	123	-5.236	-15.321	2.206	0.49	0.42998760842627	0	0	0	1	0.0445537196954774	-0.11395700026979536	NO	P68400
124	L	124	-2.543	-14.059	-0.263	0.49	0.559076262083781	0	0	0	0.5458796025715955	0.3618658879673208	0.07109406054431024	NO	P68400
125	Y	125	-1.023	-12.249	2.731	0.49	0.647388059701493	0	0	0	0.5336060783167739	0.3457638453285172	0.38293168623781504	NO	P68400
126	Q	126	-0.387	-15.614	4.483	0.49	0.64365671641791	0	0	0	0.5336060783167739	-0.09272452383201964	0.3364883406982241	NO	P68400
127	T	127	1.002	-17.587	1.517	-0.93	0.638376383763838	1	0	0	0.5458796025715955	0.07310654106631793	0.03380726085326438	NO	P68400
128	L	128	3.042	-15.414	-0.89	0.49	0.540779220779221	0	0	0	0.1497529355507146	0.27118023026063826	0.05237285829984925	NO	P68400
129	T	129	6.618	-16.567	-0.966	0.49	0.536874677668901	0	0	0	0.28638223261250734	0.23746472552509576	0.03380726085326438	NO	P68400
130	D	130	9.658	-14.497	-1.885	0.49	0.531122448979592	0	0	0	0.1497529355507146	0.3669359185898515	0.07427131601094153	NO	P68400
131	Y	131	9.529	-15.981	-5.427	-0.08	0.531490015360983	0	0	0	0.043378549118323936	0.6559632006398896	-0.08787569108579807	NO	P68400
132	D	132	5.83	-15.122	-5.787	0.49	0.531122448979592	0	0	0	0.07963622195065799	0.9050807893554055	-0.08448189678729483	NO	P68400
133	I	133	6.571	-11.413	-5.095	0.49	0.525492175668854	0	0	0	0.043378549118323936	0.7952566483379846	0.24629917658702055	NO	P68400
134	R	134	9.408	-11.092	-7.521	0.49	0.525492175668854	1	0	0	0.1497529355507146	0.5376683682352241	0.29919624521363736	NO	P68400
135	F	135	7.309	-12.821	-10.136	0.49	0.527355623100304	0	0	0	0.1497529355507146	1.3936943609295225	0.28278685879024745	NO	P68400
136	Y	136	4.174	-10.646	-9.649	0.49	0.527355623100304	0	0	0	0.043378549118323936	1.242930738104693	0.38148147418869127	NO	P68400
137	M	137	6.317	-7.519	-9.338	0.49	0.527355623100304	1	0	0	0.1497529355507146	0.9600934478948706	0.62250605906055	NO	P68400
138	Y	138	7.804	-8.428	-12.663	0.49	0.527707168276563	0	0	0	0.1497529355507146	1.2186865829022846	0.21046003896700427	NO	P68400
139	E	139	4.358	-8.973	-14.293	0.49	0.620071684587814	0	0	0	0.1497529355507146	1.279918886684389	0.47250338124018715	NO	P68400
140	I	140	3.299	-5.581	-13.005	0.21	0.615658362989324	0	0	0.335257025048279	0.4069567681490534	1.0406602094914377	0.4203295787773445	NO	P68400
141	L	141	6.445	-4.037	-14.425	0.49	0.738790035587189	0	0	0	0.28638223261250734	0.8150065417835883	0.3978974799692506	NO	P68400
142	K	142	5.594	-5.414	-17.878	0.49	0.744086021505376	0	0	0	0.5458796025715955	0.9299731796209195	0.5149470211858436	NO	P68400
143	A	143	2.17	-3.7	-17.839	0.49	0.823250296559905	0	0	0.4304250833271231	0.6461399500557888	1.0182845275006795	0.3949004789139182	NO	P68400
144	L	144	3.717	-0.508	-16.566	0.49	0.825622775800712	0	0	2.6945856787187723	0.23330940716227921	0.7911487622198385	0.2761714588450621	NO	P68400
145	D	145	6.541	-0.478	-19.12	0.49	0.822143698468787	0	0	0	0.5336060783167739	0.3637622757411017	0.3673169692009516	NO	P68400
146	Y	146	4.009	-1.289	-21.802	0.49	0.821052631578947	0	0	0	0.5336060783167739	0.786525375447025	0.28278685879024745	NO	P68400
147	C	147	1.583	1.525	-21.001	0.49	0.615789473684211	0	0	0.9015731751203889	1	0.8900674670828437	0.431229979511484	NO	P68400
148	H	148	4.416	3.972	-20.453	0.49	0.611498257839721	0	0	0	1	0.5735600789665358	0.33725084885768697	NO	P68400
149	S	149	5.88	3.04	-23.838	0.49	0.611111111111111	0	0	0	1	0.4210280142572923	-0.20796400756598124	NO	P68400
150	M	150	2.373	3.643	-25.286	-0.65	0.404844290657439	0	0	0	1	0.5461498095511615	-0.055274054605801086	NO	P68400
151	G	151	2.281	7.144	-23.765	0.49	0.409090909090909	0	0	0	1	0.5235840465167659	-0.11096097862657263	NO	P68400
152	I	152	-0.071	6.432	-20.852	0.49	0.413145539906103	0	0	11.067242504287398	0.01836600959920654	0.7302147072006729	0.4610956044959	NO	P68400
153	M	153	0.245	7.046	-17.113	0.49	0.417556346381969	0	0	4.1235524905308605	0.17301595735260264	0.7845464990833709	0.3197663594337247	NO	P68400
154	H	154	-1.944	4.845	-14.962	0.49	0.626334519572954	0	0	17.527661047952027	0.002084414708611085	1.037275802127381	0.4812488571458136	NO	P68400
155	R	155	-2.035	7.367	-12.03	0.49	0.619298245614035	0	0	6.143427457646204	0.00749775532681898	1.0930351671075287	0.6720185299837224	NO	P68400
156	D	156	-3.825	4.912	-9.633	0.49	0.617957746478873	0	2	8.373040411555337	0.0024486660228750816	1.0964515986341743	0.6431520663306176	NO	P68400
157	V	157	-1.346	2.113	-9.008	0.49	0.621478873239437	0	0	10.559385064793155	0.0024602828259522474	1.2441206059063776	0.6287594914951262	NO	P68400
158	K	158	-2.35	0.324	-5.785	0.49	0.501067615658363	0	0	6.904889975034026	0.011220683862744678	1.1725428816883863	0.6018216287000295	NO	P68400
159	P	159	-2.992	-3.312	-4.672	0.49	0.629893238434164	0	0	4.531986433232833	0.0565472483913647	0.9286234574992132	0.609061179326212	NO	P68400
160	H	160	-6.749	-3.077	-5.1	0.49	0.629893238434164	0	0	14.096311667517986	0.0063852133589570505	0.8393245997660139	0.8914036537473173	NO	P68400
161	N	161	-6.141	-2.137	-8.8	0.49	0.627659574468085	0	0	17.527661047952027	0.002084414708611085	0.8677506103452394	0.4201408471767958	NO	P68400
162	V	162	-4.003	-5.176	-9.373	0.49	0.621908127208481	0	0	5.445856042449753	0.08531133595919722	0.7644274978713805	0.4945507640037203	NO	P68400
163	M	163	-6.077	-8.321	-9.747	0.49	0.621478873239437	0	0	1.8731299948594953	0.6107539450613676	0.3510849042862131	0.14855607398697568	NO	P68400
164	I	164	-4.221	-11.554	-8.977	0.49	0.621478873239437	0	0	0.5882639836314686	1	0.367679244462856	0.053603108733056626	NO	P68400
165	D	165	-5.737	-15.008	-9.636	0.49	0.619298245614035	0	0	0	0.5336060783167739	0.16942198379330034	-0.33906073605719345	NO	P68400
166	H	166	-3.133	-16.865	-7.623	0.49	0.619718309859155	0	0	0	0.5458796025715955	0.278919670182713	-0.29701826473106113	NO	P68400
167	E	167	-4.208	-20.399	-8.529	-0.36	0.619298245614035	0	0	0	0.5458796025715955	0.1000287695414916	-0.8912292239702505	NO	P68400
168	H	168	-3.589	-19.404	-12.202	-0.93	0.619718309859155	1	0	0	0.5336060783167739	0.3494714877728722	-0.6188517780581252	NO	P68400
169	R	169	-0.544	-17.224	-11.57	-0.08	0.619718309859155	1	0	0	0.5336060783167739	0.3867024386133619	-0.2581851423611224	NO	P68400
170	K	170	-2.613	-14.592	-13.401	0.49	0.748936170212766	0	0	0	0.5458796025715955	0.43216434233851153	-0.4858143889040477	NO	P68400
171	L	171	-2.225	-10.831	-12.848	0.49	0.76028880866426	0	0	0.4304250833271231	0.6461399500557888	0.5910934377317394	-0.29915501548347423	NO	P68400
172	R	172	-4.084	-7.935	-14.397	0.49	0.759712230215827	0	0	0.7417881640255259	1	0.7581371124772691	-0.07431293021238927	NO	P68400
173	L	173	-3.666	-4.236	-13.81	0.49	0.847172081829121	0	0	2.5932553364051074	0.17468124985079653	0.9603728639421468	0.4503981367541513	NO	P68400
174	I	174	-7.18	-2.721	-13.653	0.49	0.734098018769552	0	1	4.531986433232833	0.0565472483913647	0.5453088717144923	0.3732221712803472	NO	P68400
175	D	175	-9.074	0.612	-13.103	0.49	0.722222222222222	0	1	10.096646698556281	7.992447632662665e-4	0.2753897765565424	0.5340990279298293	NO	P68400
176	W	176	-7.814	2.703	-15.993	0.49	0.648148148148148	0	1	4.134081583924343	0.041889043986460296	0.5885724598959573	0.5839554873462232	NO	P68400
177	G	177	-10.232	5.513	-15.078	0.49	0.648148148148148	0	1	45.26223328605808	2.8099264837202287e-6	0.13386933888074737	0.7890601177091423	NO	P68400
178	L	178	-7.63	7.953	-13.662	0.49	0.715457154571546	0	0	10.096646698556281	7.992447632662665e-4	0.5416137962151394	0.776654840613606	NO	P68400
179	A	179	-5.25	7.031	-16.516	0.49	0.720164609053498	0	0	5.637584696847491	0.025597476308193867	0.8277514246280449	0.7917533686575153	NO	P68400
180	E	180	-4.04	9.724	-18.982	0.49	0.720164609053498	0	0	4.531986433232833	0.0565472483913647	0.44110184334282576	0.6209243085035693	NO	P68400
181	F	181	-1.905	10.539	-22.032	0.49	0.720776538620405	0	0	1.9213399596813994	0.6559693958875724	0.3491291372224441	0.36302539792232125	NO	P68400
182	Y	182	1.54	11.916	-21.25	0.49	0.72890559732665	0	0	0	0.28638223261250734	0.36605429532555056	0.22706841981530462	NO	P68400
183	H	183	2.455	15.106	-23.135	0.49	0.787218045112782	0	0	0	0.28638223261250734	0.1029798388251194	-0.23173810111899193	NO	P68400
184	P	184	5.742	16.797	-22.17	0.49	0.737220109843684	0	0	0	0.28638223261250734	0.13513834377682166	-0.018981666826181604	NO	P68400
185	G	185	5.378	20.158	-20.49	0.21	0.660984848484848	2	0	0	0.1497529355507146	0.2674345932437267	-0.6995044064582925	NO	P68400
186	Q	186	1.719	19.606	-19.576	0.49	0.58863443596268	0	0	0	0.28638223261250734	0.6963428825966481	0.04105455431434086	NO	P68400
187	E	187	0.373	20.254	-16.111	0.49	0.530268199233717	0	0	0	0.1497529355507146	0.6810418953959267	0.4812488571458136	NO	P68400
188	Y	188	-1.728	17.566	-14.612	0.49	0.527756653992396	1	0	0.335257025048279	0.4069567681490534	1.0410016820745398	0.8225096294877012	NO	P68400
189	N	189	-4.228	17.362	-11.718	0.49	0.587484035759898	0	0	0.5882639836314686	1	0.8438397264369722	0.8914036537473173	NO	P68400
190	V	190	-2.516	16.268	-8.6	0.49	0.584706379383185	1	0	1.9751950768024216	0.43750080809948694	0.8000569835030551	0.8914036537473173	NO	P68400
191	R	191	-5.794	14.799	-7.299	0.49	0.585241730279898	0	1	3.5584496116948166	0.11875570441122968	0.8261131608245975	0.8914036537473173	NO	P68400
192	V	192	-5.003	11.192	-8.355	0.49	0.578616352201258	0	0	5.637584696847491	0.025597476308193867	0.9064758624548502	0.6055381894492997	NO	P68400
193	A	193	-3.875	7.845	-6.851	0.49	0.574282147315855	0	0	10.559385064793155	0.0024602828259522474	0.9605983594492705	0.6364425639680042	NO	P68400
194	S	194	-4.953	6.481	-3.446	0.49	0.567901234567901	0	0	3.3226780256165216	0.14383615127745783	1.1381336404694007	0.3364883406982241	NO	P68400
195	R	195	-3.609	8.563	-0.586	0.49	0.634191176470588	0	0	3.3226780256165216	0.14383615127745783	1.2347489364872368	0.31967272515128203	NO	P68400
196	Y	196	-1.177	5.882	0.48	0.49	0.632841328413284	0	0	2.608934035754904	0.2578126415780661	1.2306178197080373	0.33887117869654554	NO	P68400
197	F	197	0.238	5.635	-3.071	0.49	0.634191176470588	0	1	3.3226780256165216	0.14383615127745783	1.027443376957744	0.6817689799287711	NO	P68400
198	K	198	0.451	9.328	-3.922	0.49	0.632352941176471	1	1	2.5932553364051074	0.17468124985079653	0.8063880945123156	0.6863262554465654	NO	P68400
199	G	199	4.007	10.282	-4.95	0.49	0.634191176470588	0	0	4.134081583924343	0.041889043986460296	0.28839582760745675	0.69487114704243	NO	P68400
200	P	200	5.727	13.247	-3.181	0.49	0.63003663003663	0	0	1.9751950768024216	0.43750080809948694	0.3930938926274048	0.5705438705503664	NO	P68400
201	E	201	5.286	15.352	-6.411	0.49	0.557575757575758	0	0	0.8906179931166277	1	0.18804393626873672	0.5323462773126341	NO	P68400
202	L	202	1.533	15.21	-5.893	0.49	0.563725490196078	0	0	0.8906179931166277	1	0.4547641718078391	0.6018216287000295	NO	P68400
203	L	203	1.814	15.922	-2.153	0.49	0.566993464052288	0	0	1.0982043961288723	0.9999999999999999	0.7583376810047489	0.7502324165367646	NO	P68400
204	V	204	3.838	19.121	-2.835	0.49	0.425245098039216	0	0	0.6988496397569809	0.9999999999999999	0.4739124307105451	0.04699860640741688	NO	P68400
205	D	205	1.355	20.089	-5.643	0.49	0.473181818181818	0	0	0.6988496397569809	0.9999999999999999	0.5588949463715899	0.3049559989659541	NO	P68400
206	Y	206	3.889	19.847	-8.477	0.49	0.538819875776398	0	0	0.5665463698003205	0.6989440944757817	0.08859776786275622	0.002366796573594087	NO	P68400
207	Q	207	1.737	19.377	-11.527	0.49	0.558363417569194	0	0	0.2259892924824834	0.2382726353261072	0.2483556651963505	0.388723326738761	NO	P68400
208	M	208	4.3	18.668	-14.271	0.49	0.564040404040404	0	0	0	0.043378549118323936	0.19517717070359794	0.4049388211583917	NO	P68400
209	Y	209	4.771	15.034	-13.389	0.49	0.563607085346216	0	0	0.2259892924824834	0.2382726353261072	0.26224696309192763	0.3765438474500073	NO	P68400
210	D	210	5.035	11.962	-15.62	0.49	0.634545454545455	1	0	0.6988496397569809	0.9999999999999999	0.07823319595603806	0.43936685326749136	NO	P68400
211	Y	211	5.172	8.106	-15.724	0.49	0.634545454545455	0	0	4.1235524905308605	0.17301595735260264	0.16054570095659465	0.2745209365247339	NO	P68400
212	S	212	7.596	8.061	-12.75	0.49	0.627240143369176	0	0	2.9400826859826537	0.33651240635460394	-0.46363420776919295	0.34055902227868984	NO	P68400
213	L	213	4.537	8.619	-10.526	0.49	0.566159818828858	0	0	3.3226780256165216	0.14383615127745783	-0.08033368632672827	0.5897954575421835	NO	P68400
214	D	214	3.501	4.966	-11.113	0.49	0.49469964664311	0	0	4.531986433232833	0.0565472483913647	0.5534536000427275	0.6511121861548872	NO	P68400
215	M	215	6.955	3.821	-10.042	0.49	0.495035460992908	0	0	2.5932553364051074	0.17468124985079653	-0.27909758476650726	0.37426426576494665	NO	P68400
216	W	216	6.541	5.605	-6.692	0.49	0.48951048951049	0	0	3.3226780256165216	0.14383615127745783	-0.21326928364816303	0.5705438705503664	NO	P68400
217	S	217	3.166	3.855	-6.212	-0.93	0.54320987654321	0	0	8.624113352450731	0.007144177826665168	0.51485152053665	0.6511121861548872	NO	P68400
218	L	218	4.714	0.562	-7.232	0.49	0.611111111111111	0	0	3.2270491815889684	0.09299341234544088	0.3365449646767535	0.5656238755691188	NO	P68400
219	G	219	7.516	1.101	-4.675	0.49	0.611498257839721	0	0	2.035751162682001	0.3064063402605356	-0.1590141120644003	0.5149470211858436	NO	P68400
220	C	220	4.914	1.632	-1.978	0.49	0.607266435986159	0	0	0.8906179931166277	1	0.6242480479498357	0.4078294020712243	NO	P68400
221	M	221	3.379	-1.687	-3.053	0.49	0.603448275862069	1	0	2.608934035754904	0.2578126415780661	0.8182739616582785	0.4945507640037203	NO	P68400
222	L	222	6.684	-3.556	-2.994	0.49	0.67281814686659	0	0	0.6988496397569809	0.9999999999999999	0.2537502203381831	0.4307978915544549	NO	P68400
223	A	223	7.409	-2.144	0.483	0.49	0.670498084291188	0	0	0.6988496397569809	0.9999999999999999	0.07917721730425792	0.154153577066669	NO	P68400
224	S	224	4.079	-3.315	1.785	0.49	0.668193967163039	0	0	1.8731299948594953	0.6107539450613676	0.8527723906765151	0.3245042541253331	NO	P68400
225	M	225	4.441	-6.763	0.23	0.49	0.665905631659056	1	0	0.2715864517399524	0.40324754330687074	0.4311698671860388	0.21344103040131443	NO	P68400
226	I	226	7.959	-7.471	1.563	0.49	0.603448275862069	0	0	0.2715864517399524	0.40324754330687074	-0.03837759216054459	0.33887117869654554	NO	P68400
227	F	227	7.582	-5.795	4.965	0.49	0.670103092783505	0	0	0.4304250833271231	0.6461399500557888	0.13223188664683375	0.2972981445452602	NO	P68400
228	R	228	4.029	-7.227	5.215	0.49	0.674329501915709	0	0	0.335257025048279	0.4069567681490534	0.49569036900962193	0.2049239120175707	NO	P68400
229	K	229	2.691	-3.83	6.285	-0.08	0.683760683760684	0	0	0.5882639836314686	1	1.0467086597200381	0.5471572143461834	NO	P68400
230	E	230	-0.314	-2.609	4.282	0.49	0.687645687645688	0	0	1.8731299948594953	0.6107539450613676	1.2790923269776373	0.7336240356884643	NO	P68400
231	P	231	-0.255	0.173	3.599	0.49	0.692488262910798	0	1	1.9213399596813994	0.6559693958875724	1.367423353088944	0.16063489642210327	NO	P68400
232	F	232	3.434	0.84	4.19	0.49	0.692007797270955	0	0	1.2236833787703691	0.9999999999999999	1.1847163800523715	0.2206393691643496	NO	P68400
233	F	233	3.109	4.667	4.412	0.49	0.747368421052632	0	0	1.0982043961288723	0.9999999999999999	1.2173840561995792	0.09594962364451257	NO	P68400
234	H	234	-0.122	5.267	6.409	0.49	0.747887323943662	0	0	1.4079731588055446	0.691021570646197	1.4137260322464364	0.12126688255946534	NO	P68400
235	G	235	-0.985	8.961	6.679	0.49	0.748936170212766	0	0	1.9213399596813994	0.6559693958875724	1.3867660268494537	0.49833864033754316	NO	P68400
236	H	236	-4.355	10.148	7.854	-0.93	0.683274021352313	0	0	0.9015731751203889	1	1.4932773437105407	0.30180613363265596	NO	P68400
237	D	237	-4.581	12.818	5.246	0.49	0.628571428571429	1	0	1.2236833787703691	0.9999999999999999	1.4031400911931067	0.3673169692009516	NO	P68400
238	N	238	-2.41	14.208	2.405	0.49	0.720942140296979	0	0	1.4079731588055446	0.691021570646197	1.0972643880266475	0.5769516430194979	NO	P68400
239	Y	239	-0.453	16.448	4.672	0.49	0.717844433146924	0	0	0.335257025048279	0.4069567681490534	1.0210848455707118	0.388723326738761	NO	P68400
240	D	240	0.145	13.59	7.115	0.49	0.713272543059777	0	0	0.335257025048279	0.4069567681490534	1.1410357607293655	0.3528175890952926	NO	P68400
241	Q	241	0.963	11.328	4.138	0.49	0.624555160142349	0	0	1.0982043961288723	0.9999999999999999	1.2131720545493938	0.3427913315324938	NO	P68400
242	L	242	4.043	13.43	3.308	0.49	0.537244897959184	1	0	0.5665463698003205	0.6989440944757817	0.9634974989503755	0.46622910403082907	NO	P68400
243	V	243	5.152	13.264	6.922	0.49	0.533434650455927	0	0	0	0.1497529355507146	1.1183859105984477	0.03380726085326438	NO	P68400
244	R	244	4.854	9.463	6.86	0.49	0.618374558303887	0	0	0.8906179931166277	1	1.281825298368365	0.4054898826427595	NO	P68400
245	I	245	7.245	9.526	3.905	0.49	0.621428571428571	0	0	1.4079731588055446	0.691021570646197	0.895972230402823	0.6001182050232807	NO	P68400
246	A	246	9.649	12.06	5.498	0.49	0.623655913978495	0	0	0	0.1497529355507146	0.81259321164574	0.41898748739566366	NO	P68400
247	K	247	9.704	9.857	8.567	0.49	0.536485097636177	0	0	0	0.28638223261250734	1.1174191597295353	0.28401143986662	NO	P68400
248	V	248	11.354	7.039	6.554	-0.65	0.630434782608696	1	0	0	0.28638223261250734	0.4566228568554637	0.14654293691445444	NO	P68400
249	L	249	13.186	8.804	3.728	0.49	0.623655913978495	0	0	0	0.28638223261250734	0.0242442500261062	0.35993546660170694	NO	P68400
250	G	250	14.014	11.744	5.962	0.49	0.623214285714286	0	0	0	0.5458796025715955	0.5542192742679684	-0.15923021621182892	NO	P68400
251	T	251	13.54	15.512	5.576	0.49	0.622775800711744	0	0	0	0.1497529355507146	0.7918131650903989	-0.4306234617773883	NO	P68400
252	E	252	17.001	16.412	4.126	0.49	0.620567375886525	0	0	0	0.5336060783167739	0.8232030427658661	-0.8329795404153421	NO	P68400
253	D	253	16.267	14.845	0.728	-0.08	0.534183673469388	0	0	0	0.5336060783167739	0.26709886954695083	-0.7866579371476188	NO	P68400
254	L	254	12.668	16.111	0.963	0.49	0.538026721479959	0	0	0	0.1497529355507146	0.375982193614136	-0.16829206086618592	NO	P68400
255	Y	255	13.86	19.694	1.138	0.49	0.630434782608696	0	0	0	0.5458796025715955	0.4970507423097955	-0.737363074961859	NO	P68400
256	D	256	16.642	19.194	-1.516	-1.22	0.625448028673835	0	0	0	1	0.15147625411059268	-1.4190066598162383	NO	P68400
257	Y	257	13.864	17.977	-3.823	0.49	0.69995988768552	0	0	0	0.5336060783167739	-0.20983127576056618	-0.8712991669522901	NO	P68400
258	I	258	11.655	20.998	-3.203	0.21	0.566544566544567	0	0	0	0.5336060783167739	0.02000485259459713	-0.7955333152729009	NO	P68400
259	D	259	14.745	23.175	-3.52	-0.93	0.566993464052288	0	0	0	0.5336060783167739	-0.15068914931980298	-1.5998534734977308	NO	P68400
260	K	260	15.747	21.707	-6.876	0.49	0.57283950617284	0	0	0	0.5336060783167739	-0.5609190807239288	-1.7184847652713044	NO	P68400
261	Y	261	12.3	22.338	-8.451	0.49	0.514498141263941	0	0	0	0.5336060783167739	-0.3946630143602937	-1.1290917818665975	NO	P68400
262	N	262	11.854	25.679	-6.709	-1.22	0.514498141263941	0	0	0	0.5336060783167739	-0.06475346226857485	-2.0383147278928595	NO	P68400
263	I	263	8.616	24.238	-5.305	0.49	0.586346738763096	1	0	0	0.5336060783167739	0.14328203903810943	-1.2012523331385232	NO	P68400
264	E	264	7.724	26.164	-2.121	-0.08	0.512177121771218	0	0	0	0.5458796025715955	0.22390849958537087	-1.2881269406527094	NO	P68400
265	L	265	5.351	24.712	0.443	0.49	0.514074074074074	0	0	0	0.28638223261250734	0.5283710113047116	-0.3427268000571525	NO	P68400
266	D	266	2.131	25.51	2.228	0.49	0.569085690856909	0	0	0	0.5458796025715955	0.6083904879408699	0.1855474676945536	NO	P68400
267	P	267	3.731	26.985	5.431	0.49	0.635531135531136	0	0	0	0.5336060783167739	0.6516227448415866	0.1052736269277687	NO	P68400
268	R	268	1.585	24.636	7.547	-0.36	0.564916564916565	0	0	0	0.5336060783167739	0.7546902872849711	0.26249963229167844	NO	P68400
269	F	269	3.634	21.778	6.093	0.49	0.560808080808081	0	0	0	0.5458796025715955	0.8627184357343237	0.2630532449866217	NO	P68400
270	N	270	6.665	23.469	7.466	0.49	0.55515443241075	1	0	0	0.5458796025715955	0.8011213401717319	0.17328890087795118	NO	P68400
271	D	271	5.562	23.106	11.127	0.49	0.563701531443467	0	0	0	0.5336060783167739	0.9286013900279619	0.08471086968701592	NO	P68400
272	I	272	4.266	19.507	10.901	0.49	0.563701531443467	1	0	0	0.5458796025715955	0.9309960391389336	0.3536084643737832	NO	P68400
273	L	273	7.173	18.118	8.766	0.49	0.62410071942446	0	0	0	0.5458796025715955	0.9568883146821763	0.4731185064567908	NO	P68400
274	G	274	9.611	18.434	11.653	0.49	0.62410071942446	0	0	0	0.5458796025715955	0.922577500337304	0.3536084643737832	NO	P68400
275	R	275	13.12	17.126	11.176	-0.36	0.625448028673835	0	0	0	0.28638223261250734	0.9163827830090084	0.08154736857305404	NO	P68400
276	H	276	13.73	13.453	10.343	0.49	0.625	0	0	0	0.28638223261250734	0.9269317094056373	0.1183590178991571	NO	P68400
277	S	277	16.748	11.307	9.616	0.49	0.629496402877698	0	0	0	0.5336060783167739	0.9423216656022408	-0.05342867895598965	NO	P68400
278	R	278	16.7	8.977	6.629	0.49	0.631294964028777	1	0	0	0.5458796025715955	0.2864962730311071	-0.17730954866505128	NO	P68400
279	K	279	16.148	5.483	8.026	0.49	0.524193548387097	0	0	0	0.5458796025715955	0.5049704285921058	-0.1050991971507021	NO	P68400
280	R	280	17.828	2.326	6.88	0.49	0.524193548387097	0	0	0	0.5458796025715955	-0.30841803885570035	-0.1604604666450363	NO	P68400
281	W	281	15.504	-0.157	5.127	0.49	0.488753124132186	0	0	0	0.28638223261250734	-0.84815783916703	-0.22812424047144503	NO	P68400
282	E	282	16.894	-2.762	7.589	0.49	0.488006617038875	0	0	0	0.28638223261250734	-0.6739743699437039	-0.13277983189786918	NO	P68400
283	R	283	14.852	-1.094	10.33	-0.65	0.488378527946873	0	0	0	0.5458796025715955	-0.26179665887407455	-0.6448715747204624	NO	P68400
284	F	284	11.599	-2.574	8.916	0.49	0.491917502787068	0	0	0	0.5336060783167739	0.03270626840932315	-0.3419491501177672	NO	P68400
285	V	285	12.826	-6.153	8.606	-0.08	0.496911847276811	0	0	0	0.5458796025715955	-0.3822795082284189	0.05965594086443738	NO	P68400
286	H	286	11.694	-8.567	11.398	0.49	0.400112707805016	1	0	0	0.5336060783167739	-0.3052626016184883	-0.3317547475510359	NO	P68400
287	S	287	11.375	-12.357	11.99	0.49	0.400794777178541	0	0	0	0.5336060783167739	-0.5588455513382456	-0.3233807740140774	NO	P68400
288	E	288	7.906	-12.478	10.325	0.49	0.323260073260073	0	0	0	0.5336060783167739	-0.14060789213502242	0.06513670654437625	NO	P68400
289	N	289	8.924	-10.633	7.123	0.49	0.350082644628099	0	0	0	0.28638223261250734	0.09245029619886021	-0.27118300563370507	NO	P68400
290	Q	290	12.598	-11.511	6.597	-0.36	0.321167883211679	0	0	0	0.5458796025715955	-0.6089291782666797	0.15196965424038134	NO	P68400
291	H	291	11.928	-14.57	4.325	0.49	0.324074074074074	1	0	0	0.28638223261250734	-0.38248949661993853	-0.09354554090840607	NO	P68400
292	L	292	10.593	-11.962	1.812	0.49	0.327715355805243	0	0	0	0.1497529355507146	-0.08464765985887811	0.2049239120175707	NO	P68400
293	V	293	13.505	-9.622	2.268	0.49	0.328947368421053	0	0	0	0.28638223261250734	-0.419414812417764	0.11374064461513754	NO	P68400
294	S	294	16.907	-9.75	0.618	0.49	0.239917976760082	0	0	0	0.5336060783167739	-0.5518235792269259	0.13671882800055088	NO	P68400
295	P	295	19.552	-7.115	-0.083	0.49	0.239917976760082	0	0	0	0.5336060783167739	-0.9504100463692002	0.17328890087795118	NO	P68400
296	E	296	18.579	-7.026	-3.805	0.49	0.239917976760082	0	0	0	0.5336060783167739	-0.47814584423639866	0.42083286304547507	NO	P68400
297	A	297	15.023	-6.496	-2.703	0.49	0.240137221269297	0	0	0	0.1497529355507146	-0.31871809905724846	0.3523430639281984	NO	P68400
298	L	298	16.08	-3.502	-0.587	0.49	0.240137221269297	0	0	0	1	-0.7037689471503709	0.11023705108932964	NO	P68400
299	D	299	18.4	-2.121	-3.208	0.49	0.26	0	0	0	1	-1.0265577665527412	0.6655296742104331	NO	P68400
300	F	300	15.58	-2.475	-5.662	-0.36	0.26	0	0	0.8963848669531203	1	-0.8454782176059304	0.730065096935257	NO	P68400
301	L	301	13.094	-0.748	-3.327	0.49	0.256934306569343	0	0	0.6988496397569809	0.9999999999999999	-0.457410104806725	0.504726479125351	NO	P68400
302	D	302	15.572	1.987	-2.508	0.49	0.144078144078144	1	0	1.2236833787703691	0.9999999999999999	-0.9521643454347735	0.30180613363265596	NO	P68400
303	K	303	15.621	2.891	-6.194	0.49	0.144199346405229	0	0	3.7996848751314953	0.2863822326125074	-1.2605482335609945	0.559236036781311	NO	P68400
304	L	304	11.886	3.169	-6.467	0.49	0.257664233576642	0	0	1.8731299948594953	0.6107539450613676	-1.1130024725977128	0.3156464510062395	NO	P68400
305	L	305	11.147	5.3	-3.439	0.49	0.234625668449198	0	0	1.9751950768024216	0.43750080809948694	-0.5171167271062559	0.14518523981903325	NO	P68400
306	R	306	13.062	8.453	-4.279	0.49	0.234625668449198	0	0	1.2236833787703691	0.9999999999999999	-0.6964754472987902	-0.2828537597433218	NO	P68400
307	Y	307	11.638	11.903	-3.748	0.49	0.13	0	0	1.0982043961288723	0.9999999999999999	-0.24111511190161575	-0.2503259692195605	NO	P68400
308	D	308	12.891	13.103	-7.129	0.49	0.130970149253731	0	0	3.7996848751314953	0.2863822326125074	-0.5445694536005541	8.721488853348834e-5	NO	P68400
309	H	309	10.691	11.727	-9.854	0.49	0.145522388059701	0	0	3.7996848751314953	0.2863822326125074	-0.6786730151642639	0.44559974676662456	NO	P68400
310	Q	310	13.579	12.087	-12.36	0.49	0.163712686567164	0	0	3.7996848751314953	0.2863822326125074	-1.0735997046122125	0.4507279485724153	NO	P68400
311	S	311	15.63	9.768	-10.091	-0.36	0.145522388059701	0	0	3.7996848751314953	0.2863822326125074	-1.5479182129273739	0.5140612408739339	NO	P68400
312	R	312	13.306	6.841	-9.769	0.49	0.164943609022556	0	2	1.8731299948594953	0.6107539450613676	-1.2433381322374257	0.1704045322152211	NO	P68400
313	L	313	13.961	3.671	-11.725	0.49	0.165719696969697	0	0	1.8731299948594953	0.6107539450613676	-1.1697299386904139	0.47250338124018715	NO	P68400
314	T	314	12.011	3.43	-14.999	0.49	0.163857677902622	0	0	1.8731299948594953	0.6107539450613676	-0.46010751195734606	0.4945507640037203	NO	P68400
315	A	315	9.872	0.294	-15.517	0.49	0.293501048218029	0	0	1.8731299948594953	0.6107539450613676	0.06707770738462833	0.5942010490935222	NO	P68400
316	R	316	12.435	-1.284	-17.85	-0.08	0.29404309252218	0	0	3.7996848751314953	0.2863822326125074	0.3990735051727562	0.6822610801020539	NO	P68400
317	E	317	15.451	-0.566	-15.643	0.49	0.333015267175573	0	0	3.7996848751314953	0.2863822326125074	-0.2640332102689868	0.2630532449866217	NO	P68400
318	A	318	13.522	-2.2	-12.808	0.49	0.440656565656566	0	0	0.8963848669531203	1	-0.1513015368281762	0.568726540123197	NO	P68400
319	M	319	12.965	-5.374	-14.899	0.49	0.436953807740325	1	0	0	0.5458796025715955	0.788831055958779	0.30724681011744387	NO	P68400
320	E	320	16.76	-5.301	-15.392	0.49	0.528301886792453	0	0	0	1	0.6023891164280799	0.23573366199702656	NO	P68400
321	H	321	17.517	-5.407	-11.699	0.49	0.665399239543726	0	0	0	0.28638223261250734	-0.4490220956377053	0.388723326738761	NO	P68400
322	P	322	19.225	-8.498	-10.132	0.49	0.723140495867769	0	0	0	0.5336060783167739	0.11794306240487573	0.4003732634497425	NO	P68400
323	Y	323	16.117	-8.934	-7.937	0.49	0.815850815850816	0	0	0	0.5458796025715955	-0.014106353169865726	0.4201408471767958	NO	P68400
324	F	324	14.498	-10.456	-11	0.49	0.85795763172189	0	0	0	0.28638223261250734	0.6522588380968538	0.16063489642210327	NO	P68400
325	Y	325	17.408	-12.68	-12.044	0.49	0.797727272727273	0	0	0	0.5458796025715955	1.2316070789490465	-0.007030662617880836	NO	P68400
326	T	326	15.64	-15.992	-11.088	-0.36	0.745047169811321	0	0	0	0.5458796025715955	1.3463317492698452	0.03380726085326438	NO	P68400
327	V	327	12.37	-14.665	-12.497	0.49	0.769735403455062	0	0	0	0.1497529355507146	1.452647729129514	-0.0891551515363337	NO	P68400
328	V	328	13.83	-13.81	-15.947	0.49	0.76839591925331	0	0	0	0.1497529355507146	1.6377881875520564	-0.17442113460447717	NO	P68400
329	K	329	15.825	-17.086	-15.903	0.49	0.789591078066914	0	0	0	0.5336060783167739	2.2709972853740177	-0.5891148675868828	NO	P68400
330	D	330	12.503	-19.014	-15.6	-0.08	0.751991502920871	1	0	0	0.28638223261250734	2.046628263105933	-3.2399310822673875	NO	P68400
331	Q	331	10.793	-16.886	-18.307	0.49	0.774069104327407	0	0	0	0.5458796025715955	2.218980263113304	-3.2629060091075366	NO	P68400
332	A	332	13.023	-17.587	-21.261	-0.36	0.787334593572779	0	0	0	0.5458796025715955	2.5694062624842684	-4.773564068327483	NO	P68400
333	R	333	9.778	-19.396	-22.268	-0.36	0.785770750988142	1	0	0	0.5458796025715955	2.5810265920251725	-5.405018063408315	NO	P68400
334	M	334	9.832	-21.831	-25.166	-2.64	0.806818181818182	0	0	0	0.5458796025715955	2.5923341022618724	-8.553228921986133	NO	P68400
335	G	335	6.006	-22.27	-24.981	-2.64	0.771739130434783	1	0	0	0.5458796025715955	2.5923341022618724	-8.553228921986133	NO	P68400
