Uniprot_position	aminoacid	Position_in_structure	x	y	z	paraz	mtr	gscount	pscount	OR	pvalue	mtr3dscore	paraz3dscore	HotSpot3D	Uniprot
3	G	3	-32.388	-38.096	-12.984	0.49	0.302737520128824	0	0	0	0.5191919191919193	-0.09695549535121675	-3.9659456284240586	NO	P68400
4	P	4	-28.93	-38.342	-14.662	0.49	0.298850574712644	0	0	0	0.28611514271891636	0.13265487352300495	-2.002385817962694	NO	P68400
5	V	5	-25.941	-39.65	-12.637	-0.36	0.296296296296296	1	0	0	0.28611514271891636	0.10552174577146944	-2.519786390384003	NO	P68400
6	P	6	-23.362	-36.914	-11.794	-0.65	0.39811320754717	0	0	0	0.1443315594258991	0.11068897728525247	-1.079067249791121	NO	P68400
7	S	7	-19.874	-36.912	-13.394	0.49	0.39578313253012	0	0	0	0.1443315594258991	-0.0515641252281513	-0.874156912614285	NO	P68400
8	R	8	-16.597	-35.1	-12.672	0.49	0.398823529411765	0	0	0	0.28611514271891636	-0.006868454436122566	-0.5738635335303567	NO	P68400
9	A	9	-13.552	-34.473	-14.856	0.49	0.396067415730337	0	0	1.0860431306615606	1	-0.4763858790675126	-0.08396902079264594	NO	P68400
10	R	10	-10.805	-37.083	-14.072	0.49	0.397826086956522	0	0	3.3926731527507297	0.5509433962264151	-0.9414568514462482	-0.14228246938799502	NO	P68400
11	V	11	-8.186	-34.306	-14.278	0.49	0.363157894736842	0	0	3.3926731527507297	0.5509433962264151	-0.6220033277900521	-0.6377219081794753	NO	P68400
12	Y	12	-7.881	-30.587	-13.406	0.49	0.361329026303646	0	0	0	1	0.12278486802068325	-0.9648252034004956	NO	P68400
13	T	13	-11.115	-31.117	-11.468	-0.65	0.40422322775264	0	0	0	0.27878787878787875	0.19333117151020662	-1.0056259342542904	NO	P68400
14	D	14	-10.913	-28.353	-8.839	-0.08	0.406330511593669	0	0	0	0.27878787878787875	0.12827675458634535	-1.4143888118821217	NO	P68400
15	V	15	-8.655	-25.826	-10.621	0.49	0.404112017015243	0	0	0	1	0.006633653758953402	-1.8692414039929441	NO	P68400
16	N	16	-11.231	-22.994	-10.467	0.49	0.402472527472527	0	0	0	1	0.19081619804214672	-1.736593694572718	NO	P68400
17	T	17	-12.02	-23.58	-6.726	-0.08	0.40053050397878	0	0	0	1	-0.05743006616264991	-2.7419237028102184	NO	P68400
18	H	18	-8.384	-22.69	-6.005	-1.22	0.431944444444444	0	0	0	1	-0.4631197760291478	-3.85895704529633	NO	P68400
19	R	19	-8.518	-19.455	-8.014	0.49	0.430894308943089	0	0	0	1	-0.1712502560484284	-2.6229215711533174	NO	P68400
20	P	20	-10.064	-16.126	-6.889	-0.65	0.536890645586298	0	0	0	1	-0.6591512178429473	-2.4995920892543473	NO	P68400
22	E	22	-11.732	-12.435	-10.408	0.49	0.434343434343434	0	0	3.3926731527507297	0.5509433962264151	-0.426882675596354	-1.4057594175397505	NO	P68400
23	Y	23	-10.361	-15.393	-12.5	0.49	0.435994930291508	0	0	1.6676067222431312	0.6315432994678278	-0.29957264742015094	-1.26403056299499	NO	P68400
24	W	24	-13.642	-17.13	-13.462	0.49	0.389433962264151	0	0	1.6676067222431312	0.6315432994678278	0.03415311866375611	-0.9251578261815288	NO	P68400
25	D	25	-16.409	-14.555	-12.633	0.49	0.388636363636364	0	0	1.6676067222431312	0.6315432994678278	-0.01119782493999761	-0.20850054442552443	NO	P68400
26	Y	26	-16.497	-13.052	-16.11	0.49	0.388636363636364	0	0	1.6676067222431312	0.6315432994678278	-0.09833678705110807	-0.35944000030487566	NO	P68400
27	E	27	-19.819	-11.207	-15.503	0.49	0.390458015267176	0	1	1.6676067222431312	0.6315432994678278	-0.5921464933099392	-0.2633389536334997	NO	P68400
28	S	28	-17.948	-8.994	-12.943	-0.36	0.437179487179487	1	0	1.6676067222431312	0.6315432994678278	-0.5825990753715103	-0.874156912614285	NO	P68400
29	H	29	-15.005	-8.323	-15.311	0.49	0.435897435897436	0	0	1.6676067222431312	0.6315432994678278	-0.3974123028979454	-0.9587806506814152	NO	P68400
30	V	30	-14.266	-4.65	-16.035	0.49	0.433333333333333	0	0	1.6676067222431312	0.6315432994678278	-0.5224797620486056	-2.5851208940387727	NO	P68400
31	V	31	-13.273	-4.482	-19.732	-0.65	0.485209923664122	0	0	1.6676067222431312	0.6315432994678278	-0.7324269528432599	-1.5332759656340402	NO	P68400
32	E	32	-10.134	-2.399	-20.469	-0.93	0.481939163498099	0	0	0	0.5191919191919193	-0.5979417397380102	-2.5656242485036986	NO	P68400
33	W	33	-11.064	-0.559	-23.728	0.49	0.430925221799746	0	0	0	0.5191919191919193	-0.9009993272814913	-2.007904757401855	NO	P68400
34	G	34	-8.392	0.693	-26.095	0.49	0.481132075471698	0	0	0	1	-1.099704483628588	-1.6478596606566136	NO	P68400
35	N	35	-8.617	3.395	-28.762	0.49	0.481534090909091	1	0	0	1	-1.3360528598915022	-0.7495865652732312	NO	P68400
36	Q	36	-10.615	2.294	-31.86	0.49	0.481534090909091	0	0	0	0.5191919191919193	-1.5595798953932152	0.5759104414079339	NO	P68400
37	D	37	-8.83	4.932	-34.043	0.49	0.368278109722977	0	0	0	0.5191919191919193	-1.3600942586834468	0.5457085210977688	NO	P68400
38	D	38	-5.515	3.016	-33.561	0.49	0.319811320754717	0	0	0	0.5191919191919193	-1.707610978126607	-0.08115809243027604	NO	P68400
39	Y	39	-6.905	0.408	-36.04	0.49	0.321022727272727	0	0	0	0.5191919191919193	-1.8593294927102195	0.27839706614454185	NO	P68400
40	Q	40	-7.881	0.461	-39.691	0.49	0.321969696969697	0	0	0	0.27878787878787875	-1.9562325180941393	1.1575381473231166	NO	P68400
41	L	41	-9.486	-2.338	-41.752	0.49	0.319548872180451	0	0	0	0.5191919191919193	-1.9793741978225503	1.1686694236381001	NO	P68400
42	V	42	-7.559	-3.736	-44.767	0.49	0.420987654320988	0	0	0	0.5191919191919193	-2.1417285473737335	1.0449885756938337	NO	P68400
43	R	43	-9.685	-6.625	-46.179	0.49	0.420987654320988	1	0	0	0.5191919191919193	-2.077995280406108	1.0449885756938337	NO	P68400
44	K	44	-12.561	-8.915	-45.006	0.49	0.360569319978914	0	0	7.4757545061946225	0.06434446057087566	-1.822661373572782	1.4469513315126998	NO	P68400
45	L	45	-11.391	-12.479	-44.1	0.49	0.364021164021164	0	0	7.4757545061946225	0.06434446057087566	-1.942385898862029	1.1454792646485505	NO	P68400
46	G	46	-14.803	-14.035	-43.269	0.49	0.366737739872068	0	0	12.578838417250532	0.009664800608196815	-1.6137480508089177	1.4469513315126998	YES	P68400
47	R	47	-18.133	-13.87	-41.417	0.49	0.368869936034115	0	2	41.38347932812942	0.0018718388529709276	-1.5748680074784824	1.4469513315126998	YES	P68400
48	G	48	-19.159	-16.133	-38.53	0.49	0.368869936034115	0	0	41.38347932812942	4.6227023344646674e-5	-0.9762231792165097	1.4469513315126998	YES	P68400
49	K	49	-22.717	-16.746	-37.256	0.49	0.366895097522404	0	0	41.38347932812942	4.6227023344646674e-5	-1.1239437863828727	1.4469513315126998	YES	P68400
50	Y	50	-22.239	-13.893	-34.706	0.49	0.369622942113648	0	2	41.38347932812942	4.6227023344646674e-5	-1.0649202195364253	1.4469513315126998	YES	P68400
51	S	51	-18.943	-12.144	-35.844	0.49	0.214197530864198	0	2	41.38347932812942	4.6227023344646674e-5	-1.3905189239174138	1.4469513315126998	YES	P68400
52	E	52	-17.052	-10.547	-38.84	0.49	0.214197530864198	0	0	15.640936021854555	0.0034141958670260526	-1.5951135570103363	1.4469513315126998	YES	P68400
53	V	53	-13.27	-10.99	-39.229	0.49	0.215613382899628	0	0	15.640936021854555	0.0034141958670260526	-1.788499193728731	1.0873004447273988	YES	P68400
54	F	54	-10.855	-8.535	-40.926	0.49	0.216232961586121	0	0	3.669359368354105	0.18795033059184002	-2.0998313508890543	0.6575705248552558	NO	P68400
55	E	55	-7.202	-8.212	-41.783	0.49	0.183974696889826	0	0	0	0.5191919191919193	-2.212373966921209	0.5759104414079339	NO	P68400
56	A	56	-6.278	-4.839	-40.243	0.49	0.184126984126984	0	0	0	0.5191919191919193	-2.1869230494473753	0.6814911553600269	NO	P68400
57	I	57	-3.406	-2.521	-39.346	0.49	0.161111111111111	1	0	0	0.5191919191919193	-2.2583237070416993	0.7536876311935221	NO	P68400
58	N	58	-2.394	-0.764	-36.119	0.49	0.161710037174721	0	0	0	0.5191919191919193	-2.0492406711152547	0.28639720944920743	NO	P68400
59	I	59	-1.547	2.753	-37.503	0.49	0.161847014925373	0	0	0	0.5191919191919193	-2.1115128009953708	1.0449885756938337	NO	P68400
60	T	60	0.396	3.77	-34.31	0.49	0.186034115138593	0	0	0	0.5191919191919193	-2.1496289200165593	0.9301420740313009	NO	P68400
61	N	61	3.246	1.285	-35.18	0.49	0.186034115138593	0	0	0	1	-2.707363258005218	0.7891940947181919	NO	P68400
62	N	62	2.287	-0.241	-38.647	0.49	0.184656084656085	0	0	0	1	-2.6602338855263508	0.15946160234851284	NO	P68400
63	E	63	1.833	-3.735	-37.062	0.49	0.183447548761202	0	0	0	1	-2.590319257021994	-0.44499366955955616	NO	P68400
64	K	64	-0.513	-6.144	-38.93	-0.08	0.212287104622871	0	0	0	0.5191919191919193	-2.3771836727340836	-0.024561447099054997	NO	P68400
65	V	65	-3.427	-7.378	-36.731	0.49	0.213064713064713	0	0	0	0.28611514271891636	-2.096872437898196	-0.2032115607963287	NO	P68400
66	V	66	-6.748	-9.272	-37.072	0.49	0.212121212121212	0	0	0.3808869297887854	0.6387679406547331	-1.8456972349673004	-0.5472738642534744	NO	P68400
67	V	67	-10.005	-7.514	-36.036	0.49	0.36101083032491	0	0	1.7457311785031084	0.4640864376713433	-1.8455179949526408	0.00305880074229968	NO	P68400
68	K	68	-13.026	-9.601	-35.02	0.49	0.3584229390681	0	0	13.72133108575276	4.7901915494815307e-4	-1.3549814091241263	0.44032244729556463	YES	P68400
69	I	69	-16.182	-7.464	-34.919	0.49	0.357398873527906	0	0	41.38347932812942	5.730118937666083e-4	-1.6101572812999387	0.782209599590642	YES	P68400
70	L	70	-18.77	-9.014	-32.59	0.49	0.359979370809696	0	0	23.226307046080688	3.5373722211555806e-4	-1.214846461227475	0.5442981254633166	YES	P68400
71	K	71	-22.417	-9.027	-33.704	0.49	0.362042289840124	0	0	41.38347932812942	1.6712846901526117e-4	-1.436479855975256	1.1686694236381001	YES	P68400
72	P	72	-25.108	-8.629	-30.948	0.49	0.364675324675325	0	0	41.38347932812942	0.005849496415534153	-1.5375965464410795	1.066144510210616	YES	P68400
73	V	73	-25.43	-12.353	-29.919	0.49	0.255072463768116	0	1	41.38347932812942	0.0018718388529709276	-1.0301687256666727	1.4469513315126998	YES	P68400
74	K	74	-21.57	-12.651	-29.507	0.49	0.423586040914561	0	0	23.226307046080688	3.5373722211555806e-4	-0.9446949082306281	1.1885467027720003	YES	P68400
75	K	75	-21.313	-9.142	-27.992	0.49	0.42512077294686	0	0	15.640936021854555	0.0034141958670260526	-1.203608988493121	0.2434137234468559	YES	P68400
76	K	76	-23.634	-10.334	-25.152	0.49	0.366753246753247	0	0	19.167012136022397	0.0011343400343801783	-1.0478507885201709	0.7578723215375013	YES	P68400
77	K	77	-21.064	-13.022	-24.04	0.49	0.429440389294404	0	0	15.640936021854555	0.0034141958670260526	-0.3412445143656884	1.1575381473231166	YES	P68400
78	I	78	-18.035	-10.801	-24.833	0.49	0.431013431013431	0	0	27.97384353897878	1.0317335645037075e-4	-0.5810194320367658	0.40140277828855814	YES	P68400
79	K	79	-16.936	-10.669	-21.179	0.49	0.431013431013431	0	0	3.669359368354105	0.18795033059184002	-0.3289687442842163	-0.5114837494694441	NO	P68400
80	R	80	-16.587	-14.477	-21.123	0.49	0.431013431013431	0	1	3.669359368354105	0.18795033059184002	0.04488610446642151	0.4314664747071436	NO	P68400
81	E	81	-14.538	-14.574	-24.328	0.49	0.431013431013431	0	0	2.9362152858166883	0.15622859909945594	0.04684319829062008	0.42821171555071547	NO	P68400
82	I	82	-12.36	-11.63	-23.116	-0.08	0.470588235294118	1	0	1.7922294502467842	0.4801763494623005	-0.2916133833845713	-0.7495865652732312	NO	P68400
83	K	83	-11.759	-13.163	-19.673	0.49	0.470588235294118	0	0	1.3567940601441173	0.7186836714737157	-0.01844198749585293	-0.9946924050712476	NO	P68400
84	I	84	-10.828	-16.542	-21.165	0.49	0.473666554847367	0	0	2.9362152858166883	0.15622859909945594	0.431372581477934	0.5009788309765715	NO	P68400
85	L	85	-8.518	-14.938	-23.752	0.49	0.476767676767677	0	0	2.305620132472884	0.27909499840451263	0.3301795805935887	-0.35870767949467924	NO	P68400
86	E	86	-6.792	-12.845	-21.059	0.49	0.583747927031509	0	0	0.7927928602764529	1	-0.13302543852760815	-1.8256072890520803	NO	P68400
87	N	87	-6.442	-15.825	-18.676	0.49	0.586466165413534	0	0	0.7927928602764529	1	0.3351457362836602	0.34331674755388386	NO	P68400
88	L	88	-4.905	-17.999	-21.392	0.49	0.659774436090226	0	0	0.6157510341251579	0.6960490243509111	0.9292726314176779	0.043607675232799306	NO	P68400
89	R	89	-2.76	-15.283	-22.992	0.49	0.664150943396226	1	0	0.6157510341251579	0.6960490243509111	0.6135679397177882	-0.7941186972995615	NO	P68400
90	G	90	0.842	-16.409	-23.422	0.49	0.666666666666667	0	0	0	0.28611514271891636	0.8071576364308898	-0.7173007695541411	NO	P68400
91	G	91	-0.071	-20.118	-23.234	0.49	0.664772727272727	0	0	0	0.28611514271891636	1.3353769714659247	-0.2878352988634582	NO	P68400
92	P	92	1.285	-22.547	-25.87	-0.36	0.669201520912548	1	0	0	0.5191919191919193	1.753513511576727	0.09826050606782064	NO	P68400
93	N	93	-0.414	-22.153	-29.302	0.49	0.531320754716981	0	0	0.3808869297887854	0.6387679406547331	1.3433229231312755	0.06932665444928023	NO	P68400
94	I	94	-3.148	-19.898	-27.783	0.49	0.479835953520164	0	0	1.2448275952082453	1	1.2019446902432185	0.40474318900173445	NO	P68400
95	I	95	-4.179	-16.907	-29.996	0.49	0.47940074906367	0	0	0.9672575183201411	1	0.3008590855300824	-0.40175186933844076	NO	P68400
96	T	96	-2.963	-13.623	-28.398	-0.93	0.48257006151743	0	0	0.9672575183201411	1	-0.0761639658686966	-1.3456320247025788	NO	P68400
97	L	97	-5.581	-10.892	-27.714	0.49	0.482124616956078	2	0	1.2448275952082453	1	-0.4273410980080637	-0.7818885931671419	NO	P68400
98	A	98	-3.788	-7.559	-28.389	-0.65	0.397388059701493	0	0	0	0.1443315594258991	-1.1701116951705341	-1.5790297538877271	NO	P68400
99	D	99	-6.627	-5.03	-27.794	0.49	0.398876404494382	0	0	0	0.1443315594258991	-1.0876044557852265	-1.4643782377967773	NO	P68400
100	I	100	-10.378	-4.595	-27.202	-0.93	0.442786069651741	0	0	0	0.28611514271891636	-0.9563172644921152	-0.9922707400709158	NO	P68400
101	V	101	-12.196	-1.618	-28.788	0.49	0.439506172839506	0	0	0	0.28611514271891636	-1.083851854597928	-1.036226482394636	NO	P68400
102	K	102	-15.742	-0.345	-29.297	0.49	0.439506172839506	0	0	0	1	-1.1103809900088861	-0.47823870951450015	NO	P68400
103	D	103	-17.416	1.926	-31.842	0.49	0.438271604938272	0	0	0	1	-1.1886565444284865	0.18394204086078986	NO	P68400
104	P	104	-18.573	5.022	-29.802	0.49	0.439900867410161	0	0	0	1	-1.083309826405945	0.964596024530061	NO	P68400
105	V	105	-21.479	5.437	-32.291	0.49	0.329291044776119	0	0	0	1	-1.2147340692341955	0.6430258198749678	NO	P68400
106	S	106	-23.01	1.917	-32.824	0.49	0.328066914498141	0	0	0	1	-1.4391290388316524	0.8903875157635006	NO	P68400
107	R	107	-21.484	0.56	-29.548	-0.08	0.377398720682303	0	0	0	1	-1.2049233689744439	1.0449885756938337	NO	P68400
108	T	108	-20.317	-2.507	-31.593	0.49	0.221383647798742	0	0	41.38347932812942	0.005849496415534153	-1.372597751269101	0.4754057233189225	YES	P68400
109	P	109	-17.316	-4.105	-29.769	0.49	0.222012578616352	0	0	2.616893744223414	0.3588130946621514	-1.1342895429016295	-0.35835508058606674	NO	P68400
110	A	110	-14.299	-5.668	-31.533	0.49	0.189406099518459	0	0	1.7457311785031084	0.4640864376713433	-1.308228529459848	-0.01583042650482741	NO	P68400
111	L	111	-11.446	-7.941	-30.412	0.49	0.18816631130064	0	0	2.305620132472884	0.27909499840451263	-1.0181499495716888	-0.4732873205850401	NO	P68400
112	V	112	-7.953	-7.192	-31.851	0.49	0.290534979423868	0	0	0	0.1443315594258991	-1.6886360873165767	-0.5778264012642316	NO	P68400
113	F	113	-5.645	-10.238	-32.142	0.49	0.186083289404323	0	0	0.6157510341251579	0.6960490243509111	-1.3481942662337618	-0.7967212912941708	NO	P68400
114	E	114	-1.978	-10.929	-32.991	0.49	0.188336008560728	0	0	0.3808869297887854	0.6387679406547331	-1.342090693989347	-0.47823870951450015	NO	P68400
115	H	115	-1.546	-11.239	-36.777	-0.36	0.187633262260128	0	0	0.5223770805126023	1	-1.582378269751449	-0.47823870951450015	NO	P68400
116	V	116	-1.94	-14.89	-37.912	-0.08	0.187265917602996	0	0	0.5223770805126023	1	-0.70054141186095	-0.3562809693589312	NO	P68400
117	N	117	-1.647	-16.008	-41.577	0.49	0.185185185185185	0	0	0	0.5191919191919193	-0.7323856288354977	-0.8237856399552793	NO	P68400
118	N	118	-5.215	-16.422	-43.008	0.49	0.183447548761202	0	0	1.6343852363089761	1	-0.8384141344134719	0.8461227912360791	NO	P68400
119	T	119	-4.955	-20.242	-43.569	0.49	0.318933823529412	0	0	0	1	0.03976357910382832	0.2943760190383939	NO	P68400
120	D	120	-7.071	-22.648	-41.443	0.49	0.320110701107011	0	0	41.38347932812942	0.14141414141414146	0.43503674433383965	1.1885467027720003	NO	P68400
121	F	121	-6.236	-26.342	-40.703	0.49	0.322490706319703	0	0	0.2955601271679484	0.3895178197064988	0.7810572517419702	0.6886780996217092	NO	P68400
122	K	122	-9.077	-27.489	-43.074	0.49	0.42716049382716	0	0	0.5223770805126023	1	0.6876760649670615	0.4754057233189225	NO	P68400
123	Q	123	-7.253	-25.924	-46.115	0.49	0.42998760842627	0	0	0	1	0.4262294246143145	0.5457085210977688	NO	P68400
124	L	124	-4.145	-28.169	-45.534	0.49	0.559076262083781	0	0	0	0.5191919191919193	0.6454074126767503	0.2943760190383939	NO	P68400
125	Y	125	-5.114	-31.056	-43.154	0.49	0.647388059701493	0	0	0.2955601271679484	0.3895178197064988	0.710398309483766	0.5918061889396	NO	P68400
126	Q	126	-6.232	-33.17	-46.159	0.49	0.64365671641791	0	0	0.5223770805126023	1	0.6255048304930985	0.5448018381899069	NO	P68400
127	T	127	-2.757	-32.826	-47.904	-0.93	0.638376383763838	1	0	0	0.27878787878787875	0.39556753106521036	0.09297152243862492	NO	P68400
128	L	128	-0.249	-33.394	-45.006	0.49	0.540779220779221	0	0	0	0.28611514271891636	0.46236425338590187	0.4754057233189225	NO	P68400
129	T	129	2.332	-36.172	-44.625	0.49	0.536874677668901	0	0	0	0.28611514271891636	0.2508352080072756	-0.26970164070621594	NO	P68400
130	D	130	2.069	-38.74	-41.786	0.49	0.531122448979592	0	0	0	0.1443315594258991	0.4719826795688566	-0.06399186268588937	NO	P68400
131	Y	131	4.715	-36.737	-39.8	-0.08	0.531490015360983	0	0	0	0.1443315594258991	0.676404182696467	0.06042393087434439	NO	P68400
132	D	132	2.883	-33.416	-40.284	0.49	0.531122448979592	0	0	0	0.1443315594258991	1.1273235993701007	-0.2428789380152956	NO	P68400
133	I	133	-0.44	-34.86	-38.996	0.49	0.525492175668854	0	0	0	0.03617481051443313	0.819318836147866	0.14586135873058148	NO	P68400
134	R	134	1.376	-36.031	-35.833	0.49	0.525492175668854	1	0	0	0.1443315594258991	0.6564333401483264	0.5721248501430484	NO	P68400
135	F	135	3.197	-32.704	-35.508	0.49	0.527355623100304	0	0	0	0.28611514271891636	1.4338448539128932	0.4864719044507782	NO	P68400
136	Y	136	0.113	-30.475	-35.791	0.49	0.527355623100304	0	0	0	0.07213030156426382	1.3297474407009402	0.744161506833245	NO	P68400
137	M	137	-1.342	-32.508	-32.243	0.49	0.527355623100304	1	0	0	0.28611514271891636	1.1482601013802058	0.5468624811623205	NO	P68400
138	Y	138	0.733	-32.447	-30.882	0.49	0.527707168276563	0	0	0	0.1443315594258991	1.3246634308986536	0.18102595258955764	NO	P68400
139	E	139	0.666	-28.641	-31.212	0.49	0.620071684587814	0	0	0	0.1443315594258991	1.3109758362837622	0.6681842284895203	NO	P68400
140	I	140	-3.169	-28.65	-30.753	0.21	0.615658362989324	0	0	0.2955601271679484	0.3895178197064988	1.0761793147933922	0.566864455614551	NO	P68400
141	L	141	-2.742	-30.963	-27.713	0.49	0.738790035587189	0	0	0	0.28611514271891636	0.8959834307682798	0.45685359612728255	NO	P68400
142	K	142	-0.328	-28.46	-26.116	0.49	0.744086021505376	0	0	0	0.27878787878787875	1.0280627186537246	0.727649557942098	NO	P68400
143	A	143	-3.061	-25.776	-26.365	0.49	0.823250296559905	0	0	0.3808869297887854	0.6387679406547331	1.1138595059889773	0.49827468897066723	NO	P68400
144	L	144	-5.793	-28.092	-24.999	0.49	0.825622775800712	0	0	2.3901471715383003	0.40809546847282696	0.8955715046178508	0.24529425095945845	NO	P68400
145	D	145	-3.738	-29.387	-22.084	0.49	0.822143698468787	0	0	0	0.27878787878787875	0.5042254916548972	0.49827468897066723	NO	P68400
146	Y	146	-2.92	-25.768	-21.258	0.49	0.821052631578947	0	0	0	0.27878787878787875	0.8810896181947449	0.2840573825902083	NO	P68400
147	C	147	-6.486	-24.465	-21.371	0.49	0.615789473684211	0	0	1.6676067222431312	0.6315432994678278	1.0115731149895493	0.5886248454032416	NO	P68400
148	H	148	-7.83	-27.516	-19.498	0.49	0.611498257839721	0	0	0	1	0.647728949203255	0.3881226088678821	NO	P68400
149	S	149	-5.104	-27.057	-16.832	0.49	0.611111111111111	0	0	0	1	0.515722834460923	-0.2468456757371922	NO	P68400
150	M	150	-6.368	-23.41	-16.604	-0.65	0.404844290657439	0	0	0	1	0.6615761278695941	-0.3129937074780107	NO	P68400
151	G	151	-9.918	-24.614	-15.873	0.49	0.409090909090909	0	0	0	1	0.5953473994401681	-0.4682829756242495	NO	P68400
152	I	152	-11.348	-23.883	-19.335	0.49	0.413145539906103	0	0	5.327690424406806	0.15013707466537662	0.8004990246274876	0.5856025690437017	NO	P68400
153	M	153	-13.084	-26.097	-21.961	0.49	0.417556346381969	0	0	3.669359368354105	0.18795033059184002	0.952227289076296	0.3014348771893589	NO	P68400
154	H	154	-12.811	-24.766	-25.577	0.49	0.626334519572954	0	0	15.640936021854555	0.0034141958670260526	1.1337648955959425	0.66326193115189	NO	P68400
155	R	155	-16.111	-26.511	-26.648	0.49	0.619298245614035	0	0	5.427252780711037	0.019565719683230696	1.1922081494577081	1.0277686289941272	NO	P68400
156	D	156	-15.64	-25.719	-30.397	0.49	0.617957746478873	0	2	7.423644473097061	0.005737908493917093	1.2482585607912187	0.9597930556127372	NO	P68400
157	V	157	-12.551	-27.724	-31.509	0.49	0.621478873239437	0	0	9.39511221961135	0.004256751283438661	1.2831968981828488	0.9565183040781984	NO	P68400
158	K	158	-12.685	-28.097	-35.349	0.49	0.501067615658363	0	0	9.39511221961135	0.004256751283438661	1.072892597782682	0.9206329606073814	NO	P68400
159	P	159	-10.375	-27.484	-38.387	0.49	0.629893238434164	0	0	6.170138783118272	0.04332849540396712	1.0691132102394805	0.8790815102727504	NO	P68400
160	H	160	-11.73	-23.945	-38.994	0.49	0.629893238434164	0	0	9.87685568382104	0.0257377842283503	0.5755505667378127	1.4469513315126998	NO	P68400
161	N	161	-10.704	-22.99	-35.416	0.49	0.627659574468085	0	0	15.640936021854555	0.0034141958670260526	0.7737129850626064	0.8475331868705314	NO	P68400
162	V	162	-7.052	-24.007	-35.921	0.49	0.621908127208481	0	0	4.845646365536749	0.09243025318497007	0.7968162901277429	1.1837921460600402	NO	P68400
163	M	163	-4.945	-21.373	-37.785	0.49	0.621478873239437	0	0	1.6676067222431312	0.6315432994678278	0.3883821820967569	0.14586135873058148	NO	P68400
164	I	164	-1.672	-22.717	-39.289	0.49	0.621478873239437	0	0	0.8031776811082509	1	0.43659949443736	-0.19958482916488038	NO	P68400
165	D	165	1.259	-20.905	-40.909	0.49	0.619298245614035	0	0	0	0.5191919191919193	0.07930244692258696	-1.0109836059825668	NO	P68400
166	H	166	2.551	-24.093	-42.609	0.49	0.619718309859155	0	0	0	0.27878787878787875	0.3350486556855962	-0.9111216773194329	NO	P68400
167	E	167	5.804	-22.491	-43.824	-0.36	0.619298245614035	0	0	0	0.5191919191919193	0.7426618347172871	-1.5571913698704036	NO	P68400
168	H	168	6.665	-21.46	-40.264	-0.93	0.619718309859155	1	0	0	0.5191919191919193	0.8697988842423146	-2.160135503598702	NO	P68400
169	R	169	5.221	-24.732	-38.727	-0.08	0.619718309859155	1	0	0	0.5191919191919193	0.8886221069090569	-0.35553428931716224	NO	P68400
170	K	170	3.167	-22.523	-36.386	0.49	0.748936170212766	0	0	0	0.28611514271891636	0.5816855763469444	-0.6112188693342753	NO	P68400
171	L	171	-0.368	-23.264	-35.106	0.49	0.76028880866426	0	0	0.3808869297887854	0.6387679406547331	0.7510251487128687	-0.19958482916488038	NO	P68400
172	R	172	-2.857	-21.188	-33.025	0.49	0.759712230215827	0	0	0.6478567771801018	0.7247992438329827	0.6725215672916404	-0.27244916466943453	NO	P68400
173	L	173	-6.159	-22.349	-31.421	0.49	0.847172081829121	0	0	4.018936963251945	0.07071158735550546	1.2989230804659342	0.5259301823169631	NO	P68400
174	I	174	-8.704	-19.588	-32.107	0.49	0.734098018769552	0	1	4.018936963251945	0.07071158735550546	0.5271968768318722	0.5259301823169631	NO	P68400
175	D	175	-12.389	-18.657	-31.563	0.49	0.722222222222222	0	1	8.949765398403002	0.002237283037526905	0.15292371639818123	0.8154466861867444	NO	P68400
176	W	176	-12.82	-18.909	-27.839	0.49	0.648148148148148	0	1	3.6527029735850363	0.08213139207501527	0.7163536192431804	0.8595051498141372	NO	P68400
177	G	177	-16.393	-17.489	-28.14	0.49	0.648148148148148	0	1	40.38347932812942	7.026756834659811e-6	0.07495541963752562	1.256547920861658	NO	P68400
178	L	178	-17.96	-20.82	-27.015	0.49	0.715457154571546	0	0	10.762278815133302	8.44037330673348e-4	0.5637950513742329	1.234147519608594	NO	P68400
179	A	179	-15.349	-21.524	-24.286	0.49	0.720164609053498	0	0	4.998887969702287	0.03252977161482564	0.7827142669675973	0.9301420740313009	NO	P68400
180	E	180	-16.453	-21.888	-20.652	0.49	0.720164609053498	0	0	3.15616749137492	0.2361232059345267	0.5138782162383282	0.9175369701902912	NO	P68400
181	F	181	-14.959	-22.343	-17.173	0.49	0.720776538620405	0	0	1.6676067222431312	0.6315432994678278	0.4196156454768112	0.3881226088678821	NO	P68400
182	Y	182	-15.204	-25.881	-15.785	0.49	0.72890559732665	0	0	0	0.28611514271891636	0.4302352027190112	0.1775952605057551	NO	P68400
183	H	183	-16.776	-26.129	-12.3	0.49	0.787218045112782	0	0	0	0.28611514271891636	0.1989738439556796	-0.7682797472445814	NO	P68400
184	P	184	-17.317	-29.692	-10.964	0.49	0.737220109843684	0	0	0	0.28611514271891636	0.18820447690464198	-0.2925366176449652	NO	P68400
185	G	185	-20.964	-30.75	-10.977	0.21	0.660984848484848	2	0	0	0.1443315594258991	0.284734148661948	-1.079067249791121	NO	P68400
186	Q	186	-22.065	-27.831	-13.167	0.49	0.58863443596268	0	0	0	0.28611514271891636	0.7008376993202703	-0.44499366955955616	NO	P68400
187	E	187	-24.734	-28.594	-15.791	0.49	0.530268199233717	0	0	0	0.07213030156426382	0.6510141442691104	0.24635204768529745	NO	P68400
188	Y	188	-23.781	-26.906	-19.072	0.49	0.527756653992396	1	0	0.2955601271679484	0.3895178197064988	1.1376701148839994	1.3153144056304982	NO	P68400
189	N	189	-25.667	-26.004	-22.247	0.49	0.587484035759898	0	0	0.5223770805126023	1	0.9310180802112408	1.4469513315126998	NO	P68400
190	V	190	-25.303	-28.872	-24.775	0.49	0.584706379383185	1	0	1.7457311785031084	0.4640864376713433	0.8851279241636897	1.4469513315126998	NO	P68400
191	R	191	-25.775	-26.455	-27.717	0.49	0.585241730279898	0	1	2.3901471715383003	0.40809546847282696	0.890597979772466	1.4469513315126998	NO	P68400
192	V	192	-21.978	-26.193	-28.24	0.49	0.578616352201258	0	0	4.998887969702287	0.03252977161482564	1.0065112439211643	0.9168085018568582	NO	P68400
193	A	193	-19.492	-27.471	-30.861	0.49	0.574282147315855	0	0	9.39511221961135	0.004256751283438661	1.053396705436258	0.9597930556127372	NO	P68400
194	S	194	-20.681	-29.341	-34.801	0.49	0.567901234567901	0	0	2.282694199029443	0.30037852209984933	1.2273126105062033	0.47263477971277457	NO	P68400
195	R	195	-22.46	-30.805	-35.688	0.49	0.634191176470588	0	0	2.9362152858166883	0.15622859909945594	1.3407430870868349	0.354535803737026	NO	P68400
196	Y	196	-19.634	-33.086	-36.995	0.49	0.632841328413284	0	0	2.305620132472884	0.27909499840451263	1.3365752370176252	0.3648252809792793	NO	P68400
197	F	197	-17.419	-32.501	-33.876	0.49	0.634191176470588	0	1	3.15616749137492	0.2361232059345267	1.1104606801575365	1.017788088457971	NO	P68400
198	K	198	-20.182	-32.8	-31.232	0.49	0.632352941176471	1	1	2.282694199029443	0.30037852209984933	0.9137415541804862	1.0634437526127292	NO	P68400
199	G	199	-19.109	-35.583	-28.834	0.49	0.634191176470588	0	0	2.8401585143771797	0.1774555176785815	0.3804269458229795	1.0790971231800748	NO	P68400
200	P	200	-22.055	-38.179	-27.78	0.49	0.63003663003663	0	0	0.7927928602764529	1	0.5252023120638726	0.8466516895989986	NO	P68400
201	E	201	-22.644	-36.415	-24.421	0.49	0.557575757575758	0	0	0.781264558883441	1	0.2198261584077898	0.7920789948795716	NO	P68400
202	L	202	-24.094	-33.384	-26.315	0.49	0.563725490196078	0	0	0.781264558883441	1	0.5103318591164371	0.9847755312999147	NO	P68400
203	L	203	-26.165	-35.567	-28.707	0.49	0.566993464052288	0	0	0.9672575183201411	1	0.8381402985595213	0.9206329606073814	NO	P68400
204	V	204	-27.844	-37.465	-25.821	0.49	0.425245098039216	0	0	0.7927928602764529	1	0.5413668961776047	-0.21007294496393375	NO	P68400
205	D	205	-28.355	-34.186	-23.798	0.49	0.473181818181818	0	0	0.6157510341251579	0.6960490243509111	0.6323579336354123	0.3264163171065688	NO	P68400
206	Y	206	-25.914	-35.099	-20.992	0.49	0.538819875776398	0	0	0.3482102271895651	0.2865868520206745	0.11690552273533092	-0.16646704295139056	NO	P68400
207	Q	207	-25.18	-31.708	-19.369	0.49	0.558363417569194	0	0	0.19757278254140515	0.13611353007579421	0.23768859555962282	0.3203978184940362	NO	P68400
208	M	208	-22.519	-32.578	-16.8	0.49	0.564040404040404	0	0	0	0.03617481051443313	0.29407708322438386	0.5174551117753561	NO	P68400
209	Y	209	-19.705	-32.77	-19.324	0.49	0.563607085346216	0	0	0.19757278254140515	0.13611353007579421	0.2733985988310839	0.485061508816326	NO	P68400
210	D	210	-16.126	-31.513	-19.016	0.49	0.634545454545455	1	0	0.6157510341251579	0.6960490243509111	0.12856028975661019	0.5832373092840615	NO	P68400
211	Y	211	-12.772	-30.978	-20.823	0.49	0.634545454545455	0	0	3.669359368354105	0.18795033059184002	0.1933248226347273	0.12060376344013721	NO	P68400
212	S	212	-13.101	-34.49	-22.35	0.49	0.627240143369176	0	0	2.616893744223414	0.3588130946621514	-0.4612971824531156	0.4159233391437938	NO	P68400
213	L	213	-15.619	-33.018	-24.831	0.49	0.566159818828858	0	0	2.9362152858166883	0.15622859909945594	0.020167390870769564	0.8928285851308219	NO	P68400
214	D	214	-12.649	-31.327	-26.614	0.49	0.49469964664311	0	0	4.018936963251945	0.07071158735550546	0.5661357088150456	0.9778414791840461	NO	P68400
215	M	215	-10.931	-34.711	-26.853	0.49	0.495035460992908	0	0	1.8447366566347614	0.5028039671915886	-0.2511937497283527	0.4778467926862438	NO	P68400
216	W	216	-13.847	-36.265	-28.745	0.49	0.48951048951049	0	0	2.9362152858166883	0.15622859909945594	-0.2961692635719799	0.6218698853581855	NO	P68400
217	S	217	-13.753	-33.276	-31.194	-0.93	0.54320987654321	0	0	7.6729278486371975	0.01964281670423783	0.5192853991970352	0.98782253987189	NO	P68400
218	L	218	-9.975	-33.728	-31.584	0.49	0.611111111111111	0	0	2.9362152858166883	0.15622859909945594	0.3752045992404106	0.7726059187902605	NO	P68400
219	G	219	-10.534	-37.454	-32.352	0.49	0.611498257839721	0	0	1.7922294502467842	0.4801763494623005	-0.18941432748855958	0.5087316268553924	NO	P68400
220	C	220	-13.038	-36.456	-35.102	0.49	0.607266435986159	0	0	1.2448275952082453	1	0.680850906093827	0.8154466861867444	NO	P68400
221	M	221	-10.316	-34.238	-36.649	0.49	0.603448275862069	1	0	1.7922294502467842	0.4801763494623005	0.8362694230936447	0.7920789948795716	NO	P68400
222	L	222	-7.704	-37.049	-36.453	0.49	0.67281814686659	0	0	0.6157510341251579	0.6960490243509111	0.3054875538470041	0.654873143204366	NO	P68400
223	A	223	-10.064	-39.571	-38.06	0.49	0.670498084291188	0	0	0.7927928602764529	1	0.15783471313523736	-0.31466721581157275	NO	P68400
224	S	224	-9.425	-37.09	-41.627	0.49	0.668193967163039	0	0	0.5223770805126023	1	0.6576880176712421	0.11746786766858343	NO	P68400
225	M	225	-6.363	-37.828	-41.86	0.49	0.665905631659056	1	0	0.2955601271679484	0.3895178197064988	0.28526037642061325	0.24408534041564234	NO	P68400
226	I	226	-5.696	-40.127	-41.33	0.49	0.603448275862069	0	0	0.23846491242170753	0.23160780519271087	0.0641733230368925	-0.31538721358298877	NO	P68400
227	F	227	-8.608	-41.566	-43.356	0.49	0.670103092783505	0	0	0.2955601271679484	0.3895178197064988	0.25868467623116315	-0.07293554298245777	NO	P68400
228	R	228	-9.057	-38.644	-45.808	0.49	0.674329501915709	0	0	0.2955601271679484	0.3895178197064988	0.4909592456048413	-0.3032214330574819	NO	P68400
229	K	229	-12.806	-38.555	-45.043	-0.08	0.683760683760684	0	0	0.3808869297887854	0.6387679406547331	1.0537180158867272	-0.35944000030487566	NO	P68400
230	E	230	-14.247	-35.08	-44.393	0.49	0.687645687645688	0	0	1.6676067222431312	0.6315432994678278	1.4356022876526902	1.1454792646485505	NO	P68400
231	P	231	-16.141	-35	-42.042	0.49	0.692488262910798	0	1	1.7045062065731067	0.6640541848089018	1.429428208116283	0.09429376834592401	NO	P68400
232	F	232	-15.548	-38.409	-40.497	0.49	0.692007797270955	0	0	1.2448275952082453	1	1.2717886208688243	0.20536242455903145	NO	P68400
233	F	233	-19.066	-38.613	-38.9	0.49	0.747368421052632	0	0	0.9672575183201411	1	1.3108425128207504	-0.11401356661746251	NO	P68400
234	H	234	-21.311	-36.956	-41.495	0.49	0.747887323943662	0	0	1.2448275952082453	1	1.5283349623999865	-0.024561447099054997	NO	P68400
235	G	235	-24.705	-36.486	-39.814	0.49	0.748936170212766	0	0	1.7045062065731067	0.6640541848089018	1.5000772797651252	0.6959156561669243	NO	P68400
236	H	236	-27.579	-34.448	-41.34	-0.93	0.683274021352313	0	0	0.8031776811082509	1	1.6117153504762909	0.3203978184940362	NO	P68400
237	D	237	-28.854	-33.224	-37.93	0.49	0.628571428571429	1	0	0.5223770805126023	1	1.525836838074667	0.38666567220101605	NO	P68400
238	N	238	-28.021	-33.873	-34.232	0.49	0.720942140296979	0	0	0.9672575183201411	1	1.1530517843764037	0.5737882160018619	NO	P68400
239	Y	239	-29.996	-37.126	-34.159	0.49	0.717844433146924	0	0	0.2955601271679484	0.3895178197064988	1.1167946129422015	0.4864719044507782	NO	P68400
240	D	240	-28.497	-38.509	-37.364	0.49	0.713272543059777	0	0	0.2955601271679484	0.3895178197064988	1.2425191757679115	0.4178662310892123	NO	P68400
241	Q	241	-25.023	-37.457	-36.068	0.49	0.624555160142349	0	0	0.9672575183201411	1	1.2968560743338389	0.4314664747071436	NO	P68400
242	L	242	-25.43	-39.993	-33.194	0.49	0.537244897959184	1	0	0.6157510341251579	0.6960490243509111	1.0304168241715532	0.3648252809792793	NO	P68400
243	V	243	-26.562	-42.63	-35.728	0.49	0.533434650455927	0	0	0	0.1443315594258991	1.2187791109087893	-0.19167196015081095	NO	P68400
244	R	244	-23.376	-42.059	-37.825	0.49	0.618374558303887	0	0	0.781264558883441	1	1.3912750864166008	0.21023584518879068	NO	P68400
245	I	245	-21.273	-42.518	-34.665	0.49	0.621428571428571	0	0	1.2448275952082453	1	0.9940483249014676	0.634563446068255	NO	P68400
246	A	246	-23.224	-45.681	-33.651	0.49	0.623655913978495	0	0	0	0.28611514271891636	0.888388532315167	0.518508033861906	NO	P68400
247	K	247	-22.564	-47.217	-37.111	0.49	0.536485097636177	0	0	0	0.28611514271891636	1.1750294981855407	0.3264163171065688	NO	P68400
248	V	248	-18.829	-47.119	-36.254	-0.65	0.630434782608696	1	0	0	0.28611514271891636	0.5300479922641433	0.02373391856551908	NO	P68400
249	L	249	-18.567	-47.484	-32.45	0.49	0.623655913978495	0	0	0	0.28611514271891636	0.07197267126713265	0.4314664747071436	NO	P68400
250	G	250	-21.543	-49.844	-32.303	0.49	0.623214285714286	0	0	0	0.27878787878787875	0.6274572054469972	-0.5605117881908761	NO	P68400
251	T	251	-24.728	-49.645	-30.242	0.49	0.622775800711744	0	0	0	0.28611514271891636	0.7559431771475408	-0.6157522838735855	NO	P68400
252	E	252	-23.757	-52.05	-27.396	0.49	0.620567375886525	0	0	0	0.5191919191919193	0.8939569272626398	-1.997619461174328	NO	P68400
253	D	253	-21.283	-49.522	-25.942	-0.08	0.534183673469388	0	0	0	0.5191919191919193	0.4722574610738246	-1.584270966051885	NO	P68400
254	L	254	-23.805	-46.68	-26.463	0.49	0.538026721479959	0	0	0	0.28611514271891636	0.46861019805231935	-1.1878201888476616	NO	P68400
255	Y	255	-26.47	-48.386	-24.371	0.49	0.630434782608696	0	0	0	1	0.5704283212130129	-1.895686322138922	NO	P68400
256	D	256	-23.811	-49.231	-21.707	-1.22	0.625448028673835	0	0	0	1	0.20548261957569594	-2.801658106151722	NO	P68400
257	Y	257	-22.898	-45.489	-21.641	0.49	0.69995988768552	0	0	0	0.5191919191919193	-0.22314804040663552	-2.037212228906363	NO	P68400
258	I	258	-26.545	-44.36	-21.364	0.21	0.566544566544567	0	0	0	0.5191919191919193	-0.021725937215757926	-1.7763064059370781	NO	P68400
259	D	259	-27.122	-46.876	-18.529	-0.93	0.566993464052288	0	0	0	0.5191919191919193	-0.11464951424422651	-3.0656095009169895	NO	P68400
260	K	260	-23.943	-45.83	-16.612	0.49	0.57283950617284	0	0	0	0.5191919191919193	-0.4337063114661167	-3.5398046617288697	NO	P68400
261	Y	261	-24.98	-42.143	-16.479	0.49	0.514498141263941	0	0	0	0.5191919191919193	-0.2491188341215168	-2.0347110346777777	NO	P68400
262	N	262	-28.775	-42.839	-16.287	-1.22	0.514498141263941	0	0	0	0.5191919191919193	0.07216143773008449	-3.427375981153969	NO	P68400
263	I	263	-29.317	-40.737	-19.442	0.49	0.586346738763096	1	0	0	0.5191919191919193	0.2968501044652706	-2.0347110346777777	NO	P68400
264	E	264	-32.84	-40.45	-20.799	-0.08	0.512177121771218	0	0	0	0.5191919191919193	0.3054226269299183	-1.6878062699305383	NO	P68400
265	L	265	-32.494	-41.294	-24.475	0.49	0.514074074074074	0	0	0	0.27878787878787875	0.5348926100562775	-0.8237856399552793	NO	P68400
266	D	266	-34.857	-39.15	-26.529	0.49	0.569085690856909	0	0	0	0.28611514271891636	0.7394816972440019	0.31121168903280166	NO	P68400
267	P	267	-37.569	-41.483	-28.033	0.49	0.635531135531136	0	0	0	0.27878787878787875	0.7436560463929309	0.06042393087434439	NO	P68400
268	R	268	-36.829	-40.016	-31.502	-0.36	0.564916564916565	0	0	0	0.27878787878787875	0.88532355786811745	0.44557043105166533	NO	P68400
269	F	269	-33.747	-42.275	-31.488	0.49	0.560808080808081	0	0	0	0.27878787878787875	0.9508054863346859	0.24635204768529745	NO	P68400
270	N	270	-35.979	-45.436	-31.282	0.49	0.55515443241075	1	0	0	0.5191919191919193	1.0198596124768518	-0.09440961185287639	NO	P68400
271	D	271	-36.708	-45.743	-35.04	0.49	0.563701531443467	0	0	0	0.5191919191919193	1.0813197143900992	-0.2129758382656126	NO	P68400
272	I	272	-33.352	-44.389	-36.21	0.49	0.563701531443467	1	0	0	0.27878787878787875	1.1166984757604643	0.41937736926898256	NO	P68400
273	L	273	-30.451	-45.771	-34.099	0.49	0.62410071942446	0	0	0	0.28611514271891636	1.0498408853564132	0.11177679756465432	NO	P68400
274	G	274	-30.989	-49.448	-34.905	0.49	0.62410071942446	0	0	0	0.27878787878787875	1.0242424870596925	0.4660852766436969	NO	P68400
275	R	275	-28.431	-52.013	-33.73	-0.36	0.625448028673835	0	0	0	0.28611514271891636	1.0268092687216424	0.034102835087578574	NO	P68400
276	H	276	-24.884	-52.041	-35.032	0.49	0.625	0	0	0	0.27878787878787875	1.0455073861895945	-0.10045416457195691	NO	P68400
277	S	277	-21.631	-53.915	-34.464	0.49	0.629496402877698	0	0	0	0.5191919191919193	1.0201096500785352	-0.46454957541540537	NO	P68400
278	R	278	-18.454	-52.042	-33.467	0.49	0.631294964028777	1	0	0	0.27878787878787875	0.3468477807971586	-0.5950562609767336	NO	P68400
279	K	279	-16.439	-51.645	-36.717	0.49	0.524193548387097	0	0	0	0.27878787878787875	0.618268751920683	-0.0762759536956341	NO	P68400
280	R	280	-12.679	-52.249	-36.667	0.49	0.524193548387097	0	0	0	0.27878787878787875	-0.15154541619701048	-0.6810867875283552	NO	P68400
281	W	281	-10.725	-49.029	-37.444	0.49	0.488753124132186	0	0	0	0.28611514271891636	-0.7660576114577862	-0.2925366176449652	NO	P68400
282	E	282	-8.852	-50.955	-40.214	0.49	0.488006617038875	0	0	0	0.28611514271891636	-0.6598535981395494	-0.5099726112896737	NO	P68400
283	R	283	-12.163	-49.672	-42.985	-0.65	0.488378527946873	0	0	0	0.27878787878787875	0.1375625616577607	-1.263123880087128	NO	P68400
284	F	284	-11.549	-47.27	-43.026	0.49	0.491917502787068	0	0	0	0.27878787878787875	0.14725577865774334	-0.8114446781538232	NO	P68400
285	V	285	-8.058	-47.913	-44.48	-0.08	0.496911847276811	0	0	0	0.27878787878787875	-0.3541184654050125	-0.14228246938799502	NO	P68400
286	H	286	-7.753	-47.929	-48.31	0.49	0.400112707805016	1	0	0	0.5191919191919193	-0.2733944717538186	-0.8901571992236168	NO	P68400
287	S	287	-5.031	-47.437	-50.983	0.49	0.400794777178541	0	0	0	0.5191919191919193	-0.5391832358612214	-0.874156912614285	NO	P68400
288	E	288	-5.422	-43.569	-50.887	0.49	0.323260073260073	0	0	0	0.28611514271891636	0.09289638629554098	-0.9577732252282352	NO	P68400
289	N	289	-4.944	-43.153	-47.101	0.49	0.350082644628099	0	0	0	0.28611514271891636	0.089302018031541	-0.86327671771994	NO	P68400
290	Q	290	-1.455	-45.627	-45.551	-0.36	0.321167883211679	0	0	0	0.27878787878787875	-0.6175907339907881	-0.030117551113563075	NO	P68400
291	H	291	0.389	-44.02	-45.914	0.49	0.324074074074074	1	0	0	0.28611514271891636	-0.3879052472165902	-0.5205505785480652	NO	P68400
292	L	292	-1.18	-41.935	-43.052	0.49	0.327715355805243	0	0	0	0.1443315594258991	-0.04216057854958283	0.13528339147219	NO	P68400
293	V	293	-2.274	-44.97	-41.074	0.49	0.328947368421053	0	0	0	0.28611514271891636	-0.3930412187531628	-0.03894195160719467	NO	P68400
294	S	294	-0.158	-46.948	-38.603	0.49	0.239917976760082	0	0	0	0.27878787878787875	-0.47804094789895984	0.004962834848810592	NO	P68400
295	P	295	-0.963	-49.281	-35.654	0.49	0.239917976760082	0	0	0	0.5191919191919193	-1.0129637926771904	0.006232190919817397	NO	P68400
296	E	296	-0.028	-46.348	-33.317	0.49	0.239917976760082	0	0	0	0.5191919191919193	-0.580129964829167	0.9778414791840461	NO	P68400
297	A	297	-2.46	-43.94	-35.161	0.49	0.240137221269297	0	0	0	0.1443315594258991	-0.23238143803503894	0.44557043105166533	NO	P68400
298	L	298	-5.3	-46.477	-34.834	0.49	0.240137221269297	0	0	0	0.5191919191919193	-0.6122204541877768	0.004116597468139389	NO	P68400
299	D	299	-4.538	-47.24	-31.18	0.49	0.26	0	0	0	1	-0.7906542703148842	1.0153702673703389	NO	P68400
300	F	300	-4.485	-43.494	-30.411	-0.36	0.26	0	0	0.7927928602764529	1	-0.8840280538185223	0.8637336772662659	NO	P68400
301	L	301	-7.703	-42.788	-32.365	0.49	0.256934306569343	0	0	0.7927928602764529	1	-0.5266172305550554	0.4314664747071436	NO	P68400
302	D	302	-9.475	-45.708	-30.615	0.49	0.144078144078144	1	0	1.0860431306615606	1	-1.0192244640132306	0.2840573825902083	NO	P68400
303	K	303	-8.605	-44.148	-27.21	0.49	0.144199346405229	0	0	3.3926731527507297	0.5509433962264151	-1.2746612673493258	0.8122732960092275	NO	P68400
304	L	304	-10.056	-40.736	-28.138	0.49	0.257664233576642	0	0	1.0860431306615606	1	-1.103732250366438	0.37657540136630263	NO	P68400
305	L	305	-13.297	-41.808	-29.839	0.49	0.234625668449198	0	0	1.7457311785031084	0.4640864376713433	-0.517962233997071	-0.012808150145286794	NO	P68400
306	R	306	-15.105	-43.468	-26.913	0.49	0.234625668449198	0	0	1.0860431306615606	1	-0.5189074979798863	-0.8590455308165833	NO	P68400
307	Y	307	-18.717	-42.798	-25.898	0.49	0.13	0	0	0.9672575183201411	1	-0.19106852182118103	-0.684989887746692	NO	P68400
308	D	308	-17.793	-42.635	-22.215	0.49	0.130970149253731	0	0	3.3926731527507297	0.5509433962264151	-0.5137040266926481	-0.30476004647688437	NO	P68400
309	H	309	-16.265	-39.186	-21.764	0.49	0.145522388059701	0	0	3.3926731527507297	0.5509433962264151	-0.6496575291015222	0.5721248501430484	NO	P68400
310	Q	310	-13.264	-41.293	-19.204	0.49	0.163712686567164	0	0	3.3926731527507297	0.5509433962264151	-1.2344941868987191	1.074898690010664	NO	P68400
311	S	311	-11.795	-42.669	-21.757	-0.36	0.145522388059701	0	0	3.3926731527507297	0.5509433962264151	-1.592871524903591	0.6762708598299118	NO	P68400
312	R	312	-11.132	-40.901	-23.305	0.49	0.164943609022556	0	2	1.6676067222431312	0.6315432994678278	-1.3350447403731693	0.027580452114025	NO	P68400
313	L	313	-7.479	-39.947	-23.086	0.49	0.165719696969697	0	0	1.6676067222431312	0.6315432994678278	-1.1794715774325963	0.6465518089610987	NO	P68400
314	T	314	-6.887	-36.534	-21.531	0.49	0.163857677902622	0	0	1.6676067222431312	0.6315432994678278	-0.38111570087253904	0.6681842284895203	NO	P68400
315	A	315	-4.777	-34.061	-23.56	0.49	0.293501048218029	0	0	1.6676067222431312	0.6315432994678278	-0.03662175311188614	0.2178431359279266	NO	P68400
316	R	316	-1.632	-34.786	-21.459	-0.08	0.29404309252218	0	0	1.6676067222431312	0.6315432994678278	0.4460346014092115	1.0873004447273988	NO	P68400
317	E	317	-2.178	-38.61	-21.668	0.49	0.333015267175573	0	0	3.3926731527507297	0.5509433962264151	-0.30541364106521457	0.37975196811056455	NO	P68400
318	A	318	-2.618	-38.172	-25.46	0.49	0.440656565656566	0	0	0.7927928602764529	1	-0.19576745313858976	0.5721248501430484	NO	P68400
319	M	319	0.744	-36.239	-25.6	0.49	0.436953807740325	1	0	0	0.27878787878787875	0.8279688907596058	0.43543321242904026	NO	P68400
320	E	320	2.411	-39.317	-24.012	0.49	0.528301886792453	0	0	0	0.5191919191919193	0.5775920945432939	0.19415207882323707	NO	P68400
321	H	321	1.063	-41.761	-26.66	0.49	0.665399239543726	0	0	0	0.28611514271891636	-0.530289579429245	0.4533519242072634	NO	P68400
322	P	322	3.614	-43.596	-28.906	0.49	0.723140495867769	0	0	0	0.5191919191919193	-0.07624585674142978	0.41937736926898256	NO	P68400
323	Y	323	1.974	-41.991	-32.008	0.49	0.815850815850816	0	0	0	0.27878787878787875	-0.13272173177065183	0.5174551117753561	NO	P68400
324	F	324	3.889	-38.832	-31.045	0.49	0.85795763172189	0	0	0	0.27878787878787875	0.50716690801591	0.24529425095945845	NO	P68400
325	Y	325	7.341	-40.401	-30.453	0.49	0.797727272727273	0	0	0	0.27878787878787875	1.0730182742782677	0.49827468897066723	NO	P68400
326	T	326	8.597	-37.683	-33.881	-0.36	0.745047169811321	0	0	0	0.27878787878787875	1.3561322312381945	0.5457085210977688	NO	P68400
327	V	327	7.589	-35.559	-33.115	0.49	0.769735403455062	0	0	0	0.27878787878787875	1.3504059509211495	0.5886248454032416	NO	P68400
328	V	328	10.624	-33.333	-32.35	0.49	0.76839591925331	0	0	0	0.27878787878787875	1.4689197785353822	-0.23706105602318037	NO	P68400
329	K	329	9.753	-31.935	-28.868	0.49	0.789591078066914	0	0	0	0.27878787878787875	1.4861630361232785	0.727649557942098	NO	P68400
