Uniprot_position	aminoacid	Position_in_structure	x	y	z	paraz	mtr	gscount	pscount	OR	pvalue	mtr3dscore	paraz3dscore	HotSpot3D	Uniprot
24	Y	24	86.509	347.386	248.21	NA	0.25830258302583	0	0	0	1	-1.0984171065982367	Inf	NO	P62195
25	L	25	85.035	348.035	251.342	NA	0.261194029850746	0	0	0	1	-1.0984171065982367	Inf	NO	P62195
26	S	26	85.898	344.971	253.344	NA	0.259259259259259	0	0	0	1	-1.3951344527353482	Inf	NO	P62195
27	K	27	87.979	343.665	250.337	NA	0.288065843621399	0	0	0	1	-1.5030316695124795	Inf	NO	P62195
28	I	28	91.152	345.584	251.118	NA	0.324074074074074	1	0	0	1	-1.592946016826756	Inf	NO	P62195
29	E	29	90.366	345.127	254.767	NA	0.325	0	0	0	1	-1.6690273876311437	Inf	NO	P62195
30	E	30	91.739	341.564	254.452	NA	0.326208178438662	0	0	0	1	-1.6434436773313437	Inf	NO	P62195
31	L	31	95.056	343.118	253.37	NA	0	0	0	0	1	-1.6434436773313437	Inf	NO	P62195
32	Q	32	95.675	345.204	256.462	NA	0	0	0	0	1	-1.6857268084374004	Inf	NO	P62195
33	L	33	95.239	342.161	258.647	NA	0	0	0	0	1	-1.6398743344111726	Inf	NO	P62195
34	I	34	96.611	339.666	256.081	NA	0	0	0	0	1	-1.6097733346569347	Inf	NO	P62195
35	V	35	100.034	341.269	256.441	NA	0	0	0	0	1	-1.5469270747430612	Inf	NO	P62195
36	N	36	99.841	340.393	260.155	NA	0	1	0	0	1	-1.5002264286400195	Inf	NO	P62195
37	D	37	101.469	337.096	259.073	NA	0.218711276332094	0	0	0	1	-1.3993311168507958	Inf	NO	P62195
38	K	38	104.486	338.681	260.751	NA	0.263432835820896	1	0	0	1	-1.1732556418634885	Inf	NO	P62195
39	S	39	103.262	337.107	263.983	NA	0.264661654135338	1	0	0	1	-0.8962339590556434	Inf	NO	P62195
40	Q	40	103.437	333.727	262.222	NA	0.331766917293233	0	0	0	1	-0.6760685764325037	Inf	NO	P62195
41	N	41	107.236	334.198	261.846	NA	0.439450686641698	0	0	0	1	-0.4611351711603422	Inf	NO	P62195
42	L	42	108.052	335.318	265.373	NA	0.436567164179104	0	0	0	1	-0.2892516706913994	Inf	NO	P62195
43	R	43	106.249	332.269	266.684	NA	0.330827067669173	1	0	0	1	-0.1409492452787973	Inf	NO	P62195
44	R	44	108.353	330.873	263.873	NA	0.440699126092385	0	0	0	1	-0.1409492452787973	Inf	NO	P62195
45	L	45	111.41	332.028	265.808	NA	0.667293233082707	0	0	0	1	-0.07822555274489401	Inf	NO	P62195
46	Q	46	109.874	330.522	268.874	NA	0.667293233082707	0	0	0	1	-0.009269050537002973	Inf	NO	P62195
47	A	47	109.497	326.934	267.65	NA	0.530337078651685	0	0	0	1	0.055884662814322084	Inf	NO	P62195
48	Q	48	113.124	326.513	266.821	NA	0.441947565543071	0	0	0	1	0.08053322469276046	Inf	NO	P62195
49	R	49	113.832	328.774	269.77	NA	0.440699126092385	0	0	0	1	0.08053322469276046	Inf	NO	P62195
50	N	50	111.431	326.566	271.743	NA	0.443609022556391	0	0	0	1	0.053872636152978555	Inf	NO	P62195
51	E	51	112.208	323.224	270.071	NA	0.382749326145553	0	0	0	1	-0.05083625084650964	Inf	NO	P62195
52	L	52	115.906	323.822	270.793	NA	0.380592991913747	1	0	0	1	-0.012287558711364919	Inf	NO	P62195
53	N	53	115.294	323.7	274.541	NA	0.383116883116883	0	0	0	1	-0.1389535972414278	Inf	NO	P62195
54	A	54	113.009	320.651	274.328	NA	0.500943396226415	0	0	0	1	-0.175391279527554	Inf	NO	P62195
55	K	55	116.081	318.714	272.834	NA	0.444025157232704	0	0	0	1	-0.26160264819292733	Inf	NO	P62195
56	V	56	118.288	320.122	275.542	NA	0.399622641509434	0	0	0	1	-0.29910265837582917	Inf	NO	P62195
57	R	57	115.725	319.37	278.295	NA	0.366055997234704	0	0	0	1	-0.3393979428128133	Inf	NO	P62195
58	L	58	115.212	315.912	276.768	NA	0.290934065934066	0	0	0	1	-0.348097429494039	Inf	NO	P62195
59	L	59	118.826	315.425	275.812	NA	0.29288472145615	0	0	0	1	-0.3326354904230996	Inf	NO	P62195
60	R	60	119.977	315.31	279.424	NA	0.340384615384615	1	0	0	1	-0.3138991119491322	Inf	NO	P62195
61	E	61	117.202	312.819	280.182	NA	0.320036060401172	0	0	0	1	-0.3107120269011814	Inf	NO	P62195
62	E	62	118.774	309.854	278.371	NA	0.42995951417004	0	0	0	1	-0.34182319324698307	Inf	NO	P62195
63	L	63	121.79	310.45	280.529	NA	0.427102238354507	0	0	0	1	-0.37122670157902155	Inf	NO	P62195
64	Q	64	120.768	306.934	281.846	NA	0.422653592155293	0	0	0	1	-0.37360708249258545	Inf	NO	P62195
65	L	65	122.661	306.061	278.677	NA	0.424266773804741	0	0	0	1	-0.33445141638448633	Inf	NO	P62195
66	L	66	125.973	306.473	280.537	NA	0.421452871723034	0	0	0	1	-0.2948607115557733	Inf	NO	P62195
67	Q	67	124.663	303.479	282.509	NA	0.424266773804741	0	0	0	1	-0.2212681168924924	Inf	NO	P62195
68	E	68	124.056	301.31	279.49	NA	0.392529635428316	0	0	0	1	-0.2264165249116531	Inf	NO	P62195
69	Q	69	127.638	300.063	279.745	NA	0.373197625106022	1	0	0	1	-0.3435462555454066	Inf	NO	P62195
70	G	70	131.204	300.894	278.773	NA	0.371778622729193	0	0	0	1	-0.3712318190777594	Inf	NO	P62195
71	S	71	133.491	300.522	275.778	NA	0.374627501064283	0	0	0	1	-0.48585058383556123	Inf	NO	P62195
72	Y	72	136.55	298.354	275.124	NA	0.374627501064283	0	0	0	1	-0.017732218997729594	Inf	NO	P62195
73	V	73	139.157	300.171	273.066	NA	0.373197625106022	0	0	0	1	-0.29195298395454966	Inf	NO	P62195
74	G	74	141.086	297.412	271.237	NA	0.39553752535497	0	0	0	1	0.3507223690872959	Inf	NO	P62195
75	E	75	144.225	296.671	269.133	NA	0.392529635428316	1	0	0	1	0.37537570489658206	Inf	NO	P62195
76	V	76	143.523	295.049	265.807	NA	0.33587786259542	0	0	0	1	0.5721203571247788	Inf	NO	P62195
77	V	77	145.774	292.138	265.005	NA	0.395150426582847	1	0	0	1	0.9061004704077283	Inf	NO	P62195
78	R	78	144.269	292.044	261.513	NA	0.416666666666667	0	0	0	1	0.8756608640570803	Inf	NO	P62195
79	A	79	141.151	291.154	259.605	NA	0.442767295597484	0	0	0	1	0.9034806591833388	Inf	NO	P62195
80	M	80	140.348	288.069	257.651	NA	0.440699126092385	0	0	0	1	0.8700617333003103	Inf	NO	P62195
81	D	81	137.445	286.403	255.807	NA	0.490706319702602	0	0	0	1	0.8693464112835788	Inf	NO	P62195
82	K	82	134.225	285.051	257.353	NA	0.538344226579521	0	0	0	1	1.0156812653673295	Inf	NO	P62195
83	K	83	133.564	288.695	258.479	NA	0.509876543209877	0	0	0	1	0.9477021799441719	Inf	NO	P62195
84	K	84	135.037	289.375	261.925	NA	0.54598033545402	0	0	0	1	0.7994240572459881	Inf	NO	P62195
85	V	85	138.058	291.406	262.987	NA	0.479082321187584	0	0	0	1	0.8087928936108254	Inf	NO	P62195
86	L	86	140.872	289.584	264.768	NA	0.541571319603356	0	0	0	1	0.7271018765974813	Inf	NO	P62195
87	V	87	141.993	291.681	267.643	NA	0.565511748307447	0	0	0	1	0.7512014558072676	Inf	NO	P62195
88	K	88	143.887	291.804	270.868	NA	0.673987126088603	0	0	0	1	0.8682158450476117	Inf	NO	P62195
89	V	89	142.221	294.12	273.333	NA	0.805505415162455	0	0	0	1	0.6787402599547135	Inf	NO	P62195
90	H	90	144.59	295.226	276.103	NA	0.839300937766411	0	0	0	1	0.9787759264502718	Inf	NO	P62195
91	P	91	145.103	293.465	279.427	NA	0.858513189448441	1	0	0	1	1.3256039665206527	Inf	NO	P62195
92	E	92	143.657	290.104	278.338	NA	0.879704301075269	1	0	0	1	1.4187479937064231	Inf	NO	P62195
93	G	93	144.663	289.1	274.828	NA	0.860911270983213	0	0	0	1	1.2935489697270235	Inf	NO	P62195
94	K	94	143.423	288.324	271.392	NA	0.807104316546763	0	0	0	1	1.0835534044301862	Inf	NO	P62195
95	F	95	139.769	287.98	270.373	NA	0.807104316546763	0	0	0	1	0.798575604022922	Inf	NO	P62195
96	V	96	138.388	287.545	266.841	NA	0.843989769820972	1	0	0	1	0.5967085429501007	Inf	NO	P62195
97	V	97	135.228	289.547	266.756	NA	0.840942875345084	1	0	0	1	0.4637721883226527	Inf	NO	P62195
98	D	98	132.727	291.119	264.423	NA	0.834914611005693	0	0	0	1	0.5932846989162532	Inf	NO	P62195
99	V	99	132.847	294.786	263.413	NA	0.826032540675845	1	0	0	1	0.5547644718523429	Inf	NO	P62195
100	D	100	130.246	297.527	263.466	NA	0.820215410107705	0	0	0	1	0.5391452036167217	Inf	NO	P62195
101	K	101	127.884	297.5	260.565	NA	0.77856860419138	1	0	0	1	0.6097023848926957	Inf	NO	P62195
102	N	102	128.797	301.153	259.815	NA	0.784149741138989	0	0	0	1	0.7075280168780598	Inf	NO	P62195
103	I	103	132.358	300.372	258.763	NA	0.792017649418372	2	0	0	1	0.5314072586106494	Inf	NO	P62195
104	D	104	133.849	297.986	256.228	NA	0.749716016660356	0	0	0	1	0.8316029909388559	Inf	NO	P62195
105	I	105	136.093	295.158	257.095	NA	0.712230215827338	1	0	0	1	0.7598541134792823	Inf	NO	P62195
106	N	106	138.271	296.694	254.379	NA	0.675883256528418	0	0	0	1	0.9828284447463664	Inf	NO	P62195
107	D	107	138.338	300.171	255.918	NA	0.68019869818431	1	0	0	1	0.9011126456604652	Inf	NO	P62195
108	V	108	139.814	298.414	258.928	NA	0.649280575539568	1	0	0	1	0.34716557639996265	Inf	NO	P62195
109	T	109	143.602	298.415	258.628	NA	0.617852875917392	0	0	0	1	0.3272345067095214	Inf	NO	P62195
110	P	110	146.22	296.978	261.007	NA	0.613945578231293	0	0	0	1	0.05122582808239333	Inf	NO	P62195
111	N	111	147.393	299.006	263.988	NA	0.618362452894827	1	0	0	1	-0.32514278117907447	Inf	NO	P62195
112	C	112	144.54	301.254	264.987	NA	0.552551020408163	0	0	0	1	-0.2792002207901605	Inf	NO	P62195
113	R	113	142.334	301.844	267.997	NA	0.546312016600641	0	0	0	1	-0.3226432485824856	Inf	NO	P62195
114	V	114	138.631	301.287	267.723	NA	0.575539568345324	0	0	0	1	-0.008638602834823058	Inf	NO	P62195
115	A	115	135.736	301.229	270.11	NA	0.536631981312381	0	0	0	1	-0.15555431306282888	Inf	NO	P62195
116	L	116	134.793	297.665	270.793	NA	0.541478129713424	0	0	0	1	0.18383669676489406	Inf	NO	P62195
117	R	117	131.292	297.078	272.068	NA	0.46583044982699	0	0	0	1	-0.03714757770702684	Inf	NO	P62195
118	N	118	132.266	295.98	275.589	NA	0.435151515151515	0	0	0	1	-0.26962614580834915	Inf	NO	P62195
119	D	119	130.333	292.839	276.337	NA	0.306052855924979	0	0	0	1	-0.3704168278706103	Inf	NO	P62195
120	S	120	129.144	292.446	272.714	NA	0.306052855924979	0	0	0	1	0.276157372305895	Inf	NO	P62195
121	Y	121	132.813	292.516	271.796	NA	0.244090909090909	0	0	0	1	0.3888723446327726	Inf	NO	P62195
122	T	122	132.037	293.863	268.399	NA	0.244090909090909	0	0	0	1	0.3755604356923287	Inf	NO	P62195
123	L	123	133.362	297.082	266.974	NA	0.187336473050759	0	0	0	1	0.37508840280110406	Inf	NO	P62195
124	H	124	131.556	299.891	268.52	NA	0.101244343891403	0	0	0	1	0.043685655336588386	Inf	NO	P62195
125	K	125	133.5	302.213	266.166	NA	0.10968137254902	0	0	0	1	0.1828088845780936	Inf	NO	P62195
126	I	126	137.019	303.191	265.135	NA	0.110285006195787	0	0	0	1	0.05440508687144577	Inf	NO	P62195
127	L	127	138.959	305.676	267.225	NA	0	0	0	0	1	-0.612160460034661	Inf	NO	P62195
128	P	128	141.392	308.129	265.706	NA	0	0	0	0	1	-0.7968699351265135	Inf	NO	P62195
129	N	129	145.117	307.615	265.485	NA	0	0	0	0	1	-0.7656185447202706	Inf	NO	P62195
130	K	130	147.122	304.458	266.111	NA	0.109355638166047	0	0	0	1	-0.7560765336727224	Inf	NO	P62195
131	V	131	150.698	305.864	266.522	NA	0.118855218855219	0	0	0	1	-1.1567691620852936	Inf	NO	P62195
132	D	132	153.079	303.077	265.261	NA	0.119742198100407	0	0	0	1	-1.000956619510797	Inf	NO	P62195
133	P	133	156.301	301.757	266.732	NA	0.110588972431078	0	0	0	1	-1.1085638108622795	Inf	NO	P62195
134	L	134	159.097	303.072	264.49	NA	0.110588972431078	0	0	0	1	-1.116281522839052	Inf	NO	P62195
135	V	135	157.964	306.58	265.401	NA	0.119742198100407	0	0	0	1	-1.2382381381806966	Inf	NO	P62195
136	S	136	158.056	305.613	269.074	NA	0.237918215613383	0	0	0	1	-1.252518237644729	Inf	NO	P62195
137	L	137	161.595	304.303	268.651	NA	0.259040590405904	0	0	0	1	-1.1032591160670884	Inf	NO	P62195
138	M	138	162.573	307.576	266.957	NA	0.259040590405904	0	0	0	1	-0.9619816334807734	Inf	NO	P62195
139	M	139	161.155	309.52	269.85	NA	0.259259259259259	0	0	0	1	-1.120217731457402	Inf	NO	P62195
140	V	140	162.928	307.389	272.416	NA	0.259479553903346	0	0	0	1	-1.0845568052744858	Inf	NO	P62195
141	E	141	166.179	307.974	270.588	NA	0.26044776119403	0	0	0	1	-0.7957861614415875	Inf	NO	P62195
142	K	142	165.619	311.725	270.423	NA	0.354849611355188	0	0	0	1	-1.0150170651655772	Inf	NO	P62195
143	V	143	168.25	312.629	267.922	NA	0.387777777777778	0	0	0	1	-0.8785141944449426	Inf	NO	P62195
144	P	144	168.104	316.312	267.234	NA	0.351224421335122	0	0	0	1	-1.172168465752163	Inf	NO	P62195
145	D	145	166.151	317.558	264.282	NA	0.352525252525253	1	0	0	1	-1.044432292001837	Inf	NO	P62195
146	S	146	168.746	319.581	262.374	NA	0.352525252525253	0	0	0	1	-0.9994971712780689	Inf	NO	P62195
147	T	147	167.974	321.496	259.215	NA	0.390671641791045	0	0	0	1	-0.9934710551362167	Inf	NO	P62195
148	Y	148	170.791	322.35	256.834	NA	0.432465923172243	0	0	0	1	-0.8289504869836655	Inf	NO	P62195
149	E	149	170.906	326.137	257.21	NA	0.486524163568773	0	0	0	1	-0.4024688839011854	Inf	NO	P62195
150	M	150	172.876	325.593	260.398	NA	0.486940298507463	0	0	0	1	-0.23880587597492728	Inf	NO	P62195
151	I	151	176.134	323.851	259.859	NA	0.486524163568773	1	0	0	1	-0.33901184795691697	Inf	NO	P62195
152	G	152	178.619	325.913	257.902	NA	0.486524163568773	0	0	0	1	-0.17732788917794787	Inf	NO	P62195
153	G	153	181.876	324.109	257.286	NA	0.486940298507463	0	0	0	1	-0.19364559162432182	Inf	NO	P62195
154	L	154	180.417	320.858	256.142	NA	0.486940298507463	0	0	0	1	-0.44271277236406203	Inf	NO	P62195
155	D	155	179.654	321.313	252.405	NA	0.484317343173432	0	0	0	1	-0.40883060424226675	Inf	NO	P62195
156	K	156	182.15	319.211	250.513	NA	0.427696078431373	0	0	0	1	-0.31468197714601237	Inf	NO	P62195
157	Q	157	180.813	316.547	252.744	NA	0.349369608493696	1	0	0	1	-0.72336942415995	Inf	NO	P62195
158	I	158	177.273	317.623	252.129	NA	0.349369608493696	0	0	0	1	-0.76773486174711425	Inf	NO	P62195
159	K	159	177.966	317.665	248.39	NA	0.353237168735324	0	0	0	1	-0.6170533489007416	Inf	NO	P62195
160	E	160	179.431	314.202	248.74	NA	0.326208178438662	0	0	0	1	-0.7018252661673343	Inf	NO	P62195
161	I	161	176.478	313.279	250.852	NA	0.237242311591754	0	0	0	1	-0.8731735504261706	Inf	NO	P62195
162	K	162	174.082	314.717	248.286	NA	0.237242311591754	0	0	0	1	-1.0269297211955593	Inf	NO	P62195
163	E	163	176.017	312.791	245.665	NA	0.238805970149254	0	0	0	1	-1.0257773688498493	Inf	NO	P62195
164	V	164	175.873	309.564	247.632	NA	0.260966542750929	0	0	0	1	-0.8116273250245085	Inf	NO	P62195
165	I	165	172.286	310.121	248.912	NA	0.261194029850746	0	0	0	1	-0.9999106559355442	Inf	NO	P62195
166	E	166	170.249	313.017	247.639	NA	0.263157894736842	0	0	0	1	-1.201697196295503	Inf	NO	P62195
167	L	167	171.144	312.669	244.023	NA	0.146483562213899	0	0	0	1	-1.4113377665783504	Inf	NO	P62195
168	P	168	170.895	308.816	244.241	NA	0.14703425229741	0	0	0	1	-1.269145841765638	Inf	NO	P62195
169	V	169	167.269	309.264	245.295	NA	0.132330827067669	0	0	0	1	-1.2124293941515207	Inf	NO	P62195
170	K	170	165.983	312.403	243.618	NA	0.133333333333333	0	0	0	1	-1.4806607461067398	Inf	NO	P62195
171	H	171	166.866	310.836	240.259	NA	0.134865900383142	0	0	0	1	-1.5490137343276695	Inf	NO	P62195
172	P	172	167.885	307.256	240.533	NA	0.135384615384615	0	0	0	1	-1.5545433906649428	Inf	NO	P62195
173	E	173	167.799	307.537	236.746	NA	0	0	0	0	1	-1.9063091462712876	Inf	NO	P62195
174	L	174	171.031	309.518	236.814	NA	0.112707535121328	0	0	0	1	-1.7796216689268718	Inf	NO	P62195
175	F	175	173.185	306.646	238.229	NA	0.122484385843164	0	0	0	1	-1.7536751159279924	Inf	NO	P62195
176	E	176	171.092	304.06	236.537	NA	0.122605363984674	0	0	0	1	-1.9152684149968389	Inf	NO	P62195
177	A	177	171.391	306.139	233.34	NA	0.113141025641026	0	0	0	1	-1.934641114030249	Inf	NO	P62195
178	L	178	175.166	306.155	233.782	NA	0.114341085271318	0	0	0	1	-1.934641114030249	Inf	NO	P62195
179	G	179	175.406	302.457	234.437	NA	0.105656988925471	0	0	0	1	-1.9658844095339159	Inf	NO	P62195
180	I	180	176.737	302.457	237.977	NA	0.106370192307692	0	0	0	1	-1.7564876492001347	Inf	NO	P62195
181	A	181	175.138	300.38	240.757	NA	0.116469816272966	0	0	0	1	-1.309999584811886	Inf	NO	P62195
182	Q	182	173.963	303.281	243.001	NA	0.116930171277997	0	0	0	1	-1.0574496492506706	Inf	NO	P62195
183	P	183	175.13	303.153	246.599	NA	0.108669108669109	0	0	0	1	-0.7086231928719912	Inf	NO	P62195
184	K	184	173.751	302.212	249.968	NA	0.109408519767086	0	0	0	1	-0.3478545415341087	Inf	NO	P62195
185	G	185	176.439	302.668	252.65	NA	0.108543630282761	0	0	0	1	-0.11465539150947283	Inf	NO	P62195
186	V	186	178.27	305.748	253.808	NA	0.108116293155663	0	0	0	1	-0.21784873535394755	Inf	NO	P62195
187	L	187	180.944	306.506	256.353	NA	0.117918313570487	0	0	0	1	-0.02504118383961274	Inf	NO	P62195
188	L	188	181.764	309.625	258.35	NA	0.13984375	0	0	0	1	-0.24272218991683714	Inf	NO	P62195
189	Y	189	184.995	309.867	260.25	NA	0.138910505836576	1	0	0	1	-0.14123322177928463	Inf	NO	P62195
190	G	190	186.376	312.636	262.286	NA	0.138910505836576	0	0	0	1	-0.15804239558764696	Inf	NO	P62195
191	P	191	186.894	314.231	265.672	NA	0.154177433247201	0	0	0	1	-0.1591238532323977	Inf	NO	P62195
192	P	192	184.245	313.72	268.261	NA	0.126636009904492	0	0	0	1	-0.28037545919607576	Inf	NO	P62195
193	G	193	181.929	316.666	268.322	NA	0.126636009904492	0	0	0	1	-0.21389761738118762	Inf	NO	P62195
194	T	194	182.189	318.261	264.918	NA	0.127485795454545	0	0	0	1	-0.27165022215213724	Inf	NO	P62195
195	G	195	178.844	317.768	263.37	NA	0.127485795454545	0	0	0	1	-0.36394867466135034	Inf	NO	P62195
196	K	196	178.304	314.289	261.996	NA	0.128489620615605	0	0	0	1	-0.5059823159928224	Inf	NO	P62195
197	T	197	174.74	313.517	263.031	NA	0.129356809198706	0	0	0	1	-0.667503252339587	Inf	NO	P62195
198	L	198	173.721	316.771	261.468	NA	0.128489620615605	0	0	0	1	-0.6442006728090127	Inf	NO	P62195
199	L	199	174.873	315.852	258.103	NA	0.117782152230971	0	0	0	1	-0.6991933425441811	Inf	NO	P62195
200	A	200	172.972	312.531	258.533	NA	0.128489620615605	0	0	0	1	-0.7136149328587899	Inf	NO	P62195
201	R	201	169.889	314.214	260.013	NA	0.11745406824147	0	0	0	1	-0.8133885432401239	Inf	NO	P62195
202	A	202	169.723	317.277	257.852	NA	0.233333333333333	0	0	0	1	-0.9665648493949996	Inf	NO	P62195
203	V	203	170.004	315.253	254.688	NA	0.233072916666667	0	0	0	1	-0.8514722266744719	Inf	NO	P62195
204	A	204	167.631	312.695	256.038	NA	0.253272019808985	0	0	0	1	-0.7750912862001922	Inf	NO	P62195
205	H	205	165.347	315.583	257.02	NA	0.140234375	0	0	0	1	-1.0618070320944342	Inf	NO	P62195
206	H	206	165.901	317.399	253.692	NA	0.139147286821705	0	0	0	1	-1.154205741488255	Inf	NO	P62195
207	T	207	165.59	313.979	252.099	NA	0.139147286821705	1	0	0	1	-1.0335234782134308	Inf	NO	P62195
208	D	208	162.111	313.106	253.286	NA	0.154011154011154	0	0	0	1	-1.1441464724708075	Inf	NO	P62195
209	C	209	163.506	309.737	254.295	NA	0.152991452991453	0	0	0	1	-0.8691149720162469	Inf	NO	P62195
210	T	210	162.773	308.104	257.623	NA	0.304182509505703	0	0	0	1	-0.8758514987176426	Inf	NO	P62195
211	F	211	165.971	308.638	259.572	NA	0.303872053872054	0	0	0	1	-0.8192023212385809	Inf	NO	P62195
212	I	212	166.559	305.928	262.057	NA	0.272452830188679	0	0	0	1	-0.6755099328683056	Inf	NO	P62195
213	R	213	168.945	305.696	264.977	NA	0.270676691729323	0	0	0	1	-0.48820158820384973	Inf	NO	P62195
214	V	214	169.585	302.062	265.702	NA	0.30188679245283	0	0	0	1	-0.38905421617867514	Inf	NO	P62195
215	S	215	172.002	301.778	268.585	NA	0.299625468164794	0	0	0	1	-0.2537602098120599	Inf	NO	P62195
216	G	216	171.553	298.649	270.748	NA	0.299625468164794	0	0	0	1	-0.3082775818210528	Inf	NO	P62195
217	S	217	169.246	299.569	273.559	NA	0.268401486988848	1	0	0	1	-0.8602461121948989	Inf	NO	P62195
218	E	218	167.01	296.849	274.963	NA	0.244001351808043	0	0	0	1	-0.9052430935792116	Inf	NO	P62195
219	L	219	164.201	299.484	275.242	NA	0.244001351808043	0	0	0	1	-1.0323607621755169	Inf	NO	P62195
220	V	220	164.199	300.098	271.543	NA	0.243097643097643	0	0	0	1	-1.0442968719302572	Inf	NO	P62195
221	Q	221	164.24	296.281	270.814	NA	0.241310160427808	0	0	0	1	-0.9083684067763231	Inf	NO	P62195
222	K	222	161.148	295.653	272.759	NA	0.24042624042624	0	0	0	1	-1.005779629884659	Inf	NO	P62195
223	F	223	159.39	298.47	270.842	NA	0.293854293854294	0	0	0	1	-1.0957271610956072	Inf	NO	P62195
224	I	224	160.485	298.091	267.237	NA	0.293854293854294	0	0	0	1	-1.0053554949896784	Inf	NO	P62195
225	G	225	161.822	294.494	267.216	NA	0.292781832927818	1	0	0	1	-0.8899626209819744	Inf	NO	P62195
226	E	226	159.912	291.927	269.303	NA	0.293854293854294	0	0	0	1	-0.8132301886275196	Inf	NO	P62195
227	G	227	163.265	290.769	270.661	NA	0.396703296703297	0	0	0	1	-0.7663958371946002	Inf	NO	P62195
228	A	228	163.721	288.664	267.585	NA	0.392391304347826	0	0	0	1	-0.6910593419786942	Inf	NO	P62195
229	R	229	167.406	287.647	267.806	NA	0.356719367588933	1	0	0	1	-0.6628954321083741	Inf	NO	P62195
230	M	230	169.188	289.794	265.21	NA	0.392391304347826	0	0	0	1	-0.22748050821173307	Inf	NO	P62195
231	V	231	169.084	293.263	263.609	NA	0.390974729241877	0	0	0	1	-0.3243426882214312	Inf	NO	P62195
232	R	232	167.57	292.296	260.304	NA	0.434416365824308	0	0	0	1	-0.35246352552992116	Inf	NO	P62195
233	E	233	164.066	293.052	261.583	NA	0.326992753623188	0	0	0	1	-0.6692254023923213	Inf	NO	P62195
234	L	234	165.114	296.704	261.954	NA	0.289610910549539	0	0	0	1	-0.5523897851097808	Inf	NO	P62195
235	F	235	165.21	296.581	258.124	NA	0.325812274368231	0	0	0	1	-0.3388568720794525	Inf	NO	P62195
236	V	236	161.512	295.67	258.01	NA	0.289610910549539	0	0	0	1	-0.6563755087519433	Inf	NO	P62195
237	M	237	160.546	299.011	259.584	NA	0.289855072463768	0	0	0	1	-0.9061447493680093	Inf	NO	P62195
238	A	238	162.93	300.861	257.32	NA	0.290909090909091	0	0	0	1	-0.5815209080381685	Inf	NO	P62195
239	R	239	161.259	299.204	254.316	NA	0.264468864468864	0	0	0	1	-0.5700675584017341	Inf	NO	P62195
240	E	240	157.9	300.248	255.552	NA	0.261818181818182	0	0	0	1	-0.86269900214348	Inf	NO	P62195
241	H	241	158.75	303.963	255.588	NA	0.145454545454545	0	0	0	1	-0.8577150471085995	Inf	NO	P62195
242	A	242	161.378	303.606	252.853	NA	0.263503649635037	1	0	0	1	-0.7356099897809786	Inf	NO	P62195
243	P	243	163.349	305.775	251.623	NA	0.29466829466829503	0	0	0	1	-0.8002470013875965	Inf	NO	P62195
244	S	244	164.846	305.733	255.061	NA	0.401111111111111	0	0	0	1	-0.7805803903222082	Inf	NO	P62195
245	I	245	168.317	306.437	256.258	NA	0.402602230483271	0	0	0	1	-0.7866983165446243	Inf	NO	P62195
246	I	246	169.768	304.279	258.964	NA	0.399630996309963	0	0	0	1	-0.4802648989617607	Inf	NO	P62195
247	F	247	172.34	306.035	261.123	NA	0.55453431372549	0	0	0	1	-0.5024133010683881	Inf	NO	P62195
248	M	248	174.672	304.802	263.875	NA	0.601065601065601	0	0	0	1	-0.126845820145724	Inf	NO	P62195
249	D	249	177.149	306.454	266.307	NA	0.661172161172161	0	0	0	1	-0.34491312546649666	Inf	NO	P62195
250	E	250	180.26	304.953	267.899	NA	0.658759124087591	0	0	0	1	0.032262726374182545	Inf	NO	P62195
267	S	267	183.446	296.631	268.171	NA	0.524542124542125	0	0	0	1	1.049472423344861	Inf	NO	P62195
268	E	268	179.679	296.07	268.628	NA	0.524542124542125	0	0	0	1	0.7038302156857417	Inf	NO	P62195
269	V	269	178.645	298.864	266.354	NA	0.528413284132841	0	0	0	1	0.562471092911917	Inf	NO	P62195
270	Q	270	180.847	297.708	263.52	NA	0.587654320987654	0	0	0	1	0.812516959082147	Inf	NO	P62195
271	R	271	179.005	294.322	263.367	NA	0.59149111937216	0	0	0	1	0.6085298898223118	Inf	NO	P62195
272	T	272	175.664	296.018	263.64	NA	0.59149111937216	1	0	0	1	0.2857732541138238	Inf	NO	P62195
273	M	273	176.465	297.886	260.44	NA	0.589300411522634	0	0	0	1	0.19489281873473585	Inf	NO	P62195
274	L	274	178.223	294.936	258.816	NA	0.589300411522634	0	0	0	1	0.4592489519920599	Inf	NO	P62195
275	E	275	175.189	292.703	258.793	NA	0.49907063197026	0	0	0	1	0.07952445774489812	Inf	NO	P62195
276	L	276	173.251	295.641	257.309	NA	0.587125871258713	0	0	0	1	-0.007520265799671619	Inf	NO	P62195
277	L	277	175.768	296.217	254.621	NA	0.584967320261438	0	0	0	1	0.05039969049042835	Inf	NO	P62195
278	N	278	175.49	292.685	253.469	NA	0.374348279457768	0	0	0	1	0.02087312813486583	Inf	NO	P62195
279	Q	279	171.697	292.934	253.241	NA	0.370293965961836	0	0	0	1	-0.10710403659453425	Inf	NO	P62195
280	L	280	171.988	295.73	250.702	NA	0.32168458781362	0	0	0	1	-0.18696724362064662	Inf	NO	P62195
281	D	281	174.8	294.153	248.781	NA	0.324909747292419	0	0	0	1	-0.19815751084150252	Inf	NO	P62195
282	G	282	172.893	292.6	245.868	NA	0.32258064516129	0	0	0	1	-0.5586786226345639	Inf	NO	P62195
283	F	283	170.992	290.502	248.327	NA	0.36896197327852	0	0	0	1	-0.13755263064399104	Inf	NO	P62195
284	E	284	167.942	292.083	249.911	NA	0.36896197327852	0	0	0	1	-0.2388977816366512	Inf	NO	P62195
285	A	285	165.52	293.413	247.31	NA	0.369989722507708	0	0	0	1	-0.31609567898393054	Inf	NO	P62195
286	T	286	163.773	296.749	247.552	NA	0.485611510791367	0	0	0	1	-0.4945176355885386	Inf	NO	P62195
287	K	287	165.968	299.766	247.547	NA	0.489130434782609	0	0	0	1	-0.6911969659409203	Inf	NO	P62195
288	N	288	166.371	303.21	248.933	NA	0.583941605839416	1	0	0	1	-0.9076967874207365	Inf	NO	P62195
289	I	289	168.03	302.562	252.22	NA	0.587708587708588	0	0	0	1	-0.6571057442274745	Inf	NO	P62195
290	K	290	171.304	304.015	253.255	NA	0.661172161172161	0	0	0	1	-0.46615094509711813	Inf	NO	P62195
291	V	291	173.048	303.074	256.442	NA	0.663003663003663	1	0	0	1	-0.22625140201734034	Inf	NO	P62195
292	I	292	175.09	306.116	257.394	NA	0.658181818181818	0	0	0	1	-0.317481775315799	Inf	NO	P62195
293	M	293	177.677	304.71	259.786	NA	0.583434343434343	0	0	0	1	0.08414893069500293	Inf	NO	P62195
294	A	294	179.587	307.683	261.006	NA	0.586080586080586	0	0	0	1	-0.23405999928106108	Inf	NO	P62195
295	T	295	182.209	306.983	263.743	NA	0.581818181818182	0	0	0	1	0.023797692846636936	Inf	NO	P62195
296	N	296	185.689	308.359	264.598	NA	0.654545454545455	0	0	0	1	0.052652279439923226	Inf	NO	P62195
297	R	297	189.328	307.389	263.815	NA	0.744713769984528	0	0	0	1	0.28614782410603146	Inf	NO	P62195
298	I	298	188.718	305.182	260.74	NA	0.744713769984528	0	0	0	1	0.5731545033744793	Inf	NO	P62195
299	D	299	191.779	303.325	261.94	NA	0.75012987012987	0	0	0	1	0.9894672558422501	Inf	NO	P62195
300	I	300	189.588	301.847	264.649	NA	0.754953076120959	0	0	0	1	0.9216458737342772	Inf	NO	P62195
301	L	301	186.968	300.198	262.452	NA	0.749482401656315	1	0	0	1	0.7735989115928122	Inf	NO	P62195
302	D	302	187.885	296.712	261.282	NA	0.75012987012987	0	0	0	1	1.1041291651904361	Inf	NO	P62195
303	S	303	189.112	295.972	257.749	NA	0.745341614906832	1	0	0	1	1.0173654333543214	Inf	NO	P62195
304	A	304	186.21	293.735	256.681	NA	0.563086548488008	0	0	0	1	0.83658202470753	Inf	NO	P62195
305	L	305	184.387	297.063	256.574	NA	0.568802521008403	0	0	0	1	0.5849671300602867	Inf	NO	P62195
306	L	306	186.827	298.551	254.054	NA	0.666051660516605	0	0	0	1	0.5998274811027928	Inf	NO	P62195
307	R	307	187.141	296.041	251.168	NA	0.495879120879121	0	0	0	1	0.781170870859634	Inf	NO	P62195
308	P	308	187.36	298.806	248.621	NA	0.497252747252747	0	0	0	1	0.6851409022868936	Inf	NO	P62195
309	G	309	183.764	298.42	247.388	NA	0.499538745387454	0	0	0	1	-0.17472497126808276	Inf	NO	P62195
310	R	310	181.462	298.45	250.477	NA	0.498154981549816	0	0	0	1	-0.038728512634082286	Inf	NO	P62195
311	I	311	181.512	301.965	251.815	NA	0.570901423299947	0	0	0	1	0.09819265825661867	Inf	NO	P62195
312	D	312	180.468	303.719	248.779	NA	0.566718995290424	0	0	0	1	-0.4098853253442702	Inf	NO	P62195
313	R	313	181.652	307.243	249.478	NA	0.568802521008403	0	0	0	1	-0.3535711210302011	Inf	NO	P62195
314	K	314	184.026	307.51	252.461	NA	0.505130597014925	0	0	0	1	-0.20963650906112774	Inf	NO	P62195
315	I	315	183.908	311.179	253.494	NA	0.594795539033457	0	0	0	1	-0.30130872519061797	Inf	NO	P62195
316	E	316	185.878	312.663	256.302	NA	0.588235294117647	0	0	0	1	-0.34342683408268615	Inf	NO	P62195
317	F	317	185.152	315.495	258.699	NA	0.496323529411765	0	0	0	1	-0.4511276675379097	Inf	NO	P62195
318	P	318	187.647	318.156	259.341	NA	0.5	0	0	0	1	-0.22501905259192306	Inf	NO	P62195
319	P	319	188.183	319.935	262.614	NA	0.446096654275093	0	0	0	1	-0.22293723748352462	Inf	NO	P62195
320	P	320	186.629	323.413	262.542	NA	0.451127819548872	0	0	0	1	-0.03981073314315178	Inf	NO	P62195
321	N	321	188.93	326.39	261.679	NA	0.452830188679245	1	0	0	1	0.31751292626437144	Inf	NO	P62195
322	E	322	188.504	330.126	262.238	NA	0.385232744783307	0	0	0	1	0.4084705277252041	Inf	NO	P62195
323	E	323	186.157	330.424	259.226	NA	0.385232744783307	0	0	0	1	0.3490384283154488	Inf	NO	P62195
324	A	324	184.093	327.256	259.868	NA	0.450686641697878	0	0	0	1	0.23393701394103641	Inf	NO	P62195
325	R	325	184.079	328.135	263.562	NA	0.674157303370787	0	0	0	1	0.3138398009892528	Inf	NO	P62195
326	L	326	183.368	331.749	262.742	NA	0.533828996282528	0	0	0	1	0.40998527748357744	Inf	NO	P62195
327	D	327	180.467	330.432	260.704	NA	0.531851851851852	0	0	0	1	0.3080956505636925	Inf	NO	P62195
328	I	328	179.429	327.872	263.33	NA	0.483501683501684	0	0	0	1	0.2908351877609541	Inf	NO	P62195
329	L	329	180.065	330.608	265.903	NA	0.440344403444034	0	0	0	1	0.6151883439181265	Inf	NO	P62195
330	K	330	177.706	332.917	263.982	NA	0.440344403444034	1	0	0	1	0.4615174998409909	Inf	NO	P62195
331	I	331	175.029	330.234	263.841	NA	0.435523114355231	0	0	0	1	0.3410947751834912	Inf	NO	P62195
332	H	332	174.943	329.366	267.532	NA	0.437118437118437	0	0	0	1	0.5505720329900234	Inf	NO	P62195
333	S	333	175.498	332.921	268.764	NA	0.440740740740741	0	0	0	1	0.929569807821506	Inf	NO	P62195
334	R	334	172.592	333.882	266.553	NA	0.441975308641975	1	0	0	1	0.5867271781522695	Inf	NO	P62195
335	K	335	170.248	331.798	268.709	NA	0.486210418794688	0	0	0	1	0.4997554165226801	Inf	NO	P62195
336	M	336	170.974	333.827	271.807	NA	0.488038277511962	0	0	0	1	0.889174088000532	Inf	NO	P62195
337	N	337	170.445	337.481	272.172	NA	0.491252144082333	0	0	0	1	0.8237895534375789	Inf	NO	P62195
338	L	338	173.822	339.006	271.075	NA	0.540909090909091	0	0	0	1	1.0206429459152104	Inf	NO	P62195
339	T	339	174.512	342.759	271.27	NA	0.614669421487603	0	0	0	1	1.2088958952134832	Inf	NO	P62195
340	R	340	176.487	344.803	268.704	NA	0.610634648370497	2	0	0	1	1.1324111909366321	Inf	NO	P62195
341	G	341	180.238	345.648	268.943	NA	0.610634648370497	0	0	0	1	1.3088184668737295	Inf	NO	P62195
342	I	342	180.816	341.972	268.556	NA	0.615278257863809	0	0	0	1	1.1549630729664024	Inf	NO	P62195
343	N	343	183.732	340.732	266.573	NA	0.615278257863809	1	0	0	1	1.0149735436191971	Inf	NO	P62195
344	L	344	183.276	336.962	266.388	NA	0.619361554476058	0	0	0	1	0.923233307555851	Inf	NO	P62195
345	R	345	186.472	336.392	264.467	NA	0.67680608365019	0	0	0	1	0.7181000011945743	Inf	NO	P62195
346	K	346	188.515	337.626	267.392	NA	0.490358126721763	0	0	0	1	1.074615865809762	Inf	NO	P62195
347	I	347	186.715	335.027	269.458	NA	0.559748427672956	0	0	0	1	1.2060093960394	Inf	NO	P62195
348	A	348	187.44	332.006	266.983	NA	0.557644110275689	0	0	0	1	0.8643184277398447	Inf	NO	P62195
349	E	349	191.032	333.176	266.865	NA	0.513788098693759	0	0	0	1	0.7614553862744488	Inf	NO	P62195
350	L	350	191.24	332.607	270.608	NA	0.515239477503628	0	0	0	1	1.5154969261449593	Inf	NO	P62195
351	M	351	189.656	329.278	269.732	NA	0.5206200643463	0	0	0	1	1.3914887944899281	Inf	NO	P62195
352	P	352	192.188	326.663	268.663	NA	0.525147928994083	1	0	0	1	1.2405559665272488	Inf	NO	P62195
353	G	353	191.188	322.962	268.519	NA	0.630828630828631	0	0	0	1	0.7173531226931865	Inf	NO	P62195
354	A	354	187.492	322.99	269.066	NA	0.633273703041145	1	0	0	1	0.7314722680757272	Inf	NO	P62195
355	S	355	184.746	321.203	267.245	NA	0.549416342412451	0	0	0	1	0.30697368316532003	Inf	NO	P62195
356	G	356	181.12	321.623	266.236	NA	0.36875	0	0	0	1	-0.11812038827479653	Inf	NO	P62195
357	A	357	180.028	321.162	269.884	NA	0.495798319327731	0	0	0	1	0.1715011021831038	Inf	NO	P62195
358	E	358	182.805	322.955	271.685	NA	0.499717673630717	0	0	0	1	1.1908642866407035	Inf	NO	P62195
359	V	359	181.734	326.32	270.162	NA	0.597300337457818	0	0	0	1	0.9680105763699959	Inf	NO	P62195
360	K	360	178.238	325.686	271.411	NA	0.638914027149321	0	0	0	1	0.727519276347057	Inf	NO	P62195
361	G	361	179.673	325.429	274.933	NA	0.632146064052679	0	0	0	1	1.6234588498252236	Inf	NO	P62195
362	V	362	181.314	328.833	274.55	NA	0.67953667953668	1	0	0	1	1.6131446757619545	Inf	NO	P62195
363	C	363	178.215	330.591	273.403	NA	0.676923076923077	0	0	0	1	1.2985848490965726	Inf	NO	P62195
364	T	364	176.096	328.927	276.128	NA	0.677606177606178	0	0	0	1	1.313442949241448	Inf	NO	P62195
365	E	365	178.454	330.109	278.774	NA	0.667300380228137	0	0	0	1	1.8566083096996895	Inf	NO	P62195
366	A	366	178.559	333.637	277.248	NA	0.669201520912548	0	0	0	1	1.5469631697872277	Inf	NO	P62195
367	G	367	174.829	333.663	277.747	NA	0.673664122137405	0	0	0	1	1.2415554200984082	Inf	NO	P62195
368	M	368	175.204	331.835	281.01	NA	0.62422634836428	1	0	0	1	1.4099394508305636	Inf	NO	P62195
369	Y	369	177.741	334.412	282.136	NA	0.620082207868467	0	0	0	1	1.722875159005136	Inf	NO	P62195
370	A	370	175.584	337.385	281.232	NA	0.563537675606641	0	0	0	1	1.417674702384494	Inf	NO	P62195
371	L	371	172.483	335.751	282.789	NA	0.557133838383838	0	0	0	1	1.1278067576192095	Inf	NO	P62195
372	R	372	174.31	335.576	286.123	NA	0.559796437659033	0	0	0	1	1.1777599709970046	Inf	NO	P62195
373	E	373	175.411	339.184	285.742	NA	0.556083650190114	0	0	0	1	1.221529285652506	Inf	NO	P62195
374	R	374	171.746	340.223	285.512	NA	0.551378446115288	1	0	0	1	1.0589104463430379	Inf	NO	P62195
375	R	375	172.279	341.885	282.074	NA	0.606199770378875	0	0	0	1	1.115193552530714	Inf	NO	P62195
376	V	376	170.004	340.702	279.329	NA	0.694710947109471	0	0	0	1	1.0698923753376848	Inf	NO	P62195
377	H	377	172.328	341.278	276.394	NA	0.776470588235294	1	0	0	1	1.1720840053444772	Inf	NO	P62195
378	V	378	175.707	339.678	275.759	NA	0.734098018769552	0	0	0	1	1.2597959126911111	Inf	NO	P62195
379	T	379	178.745	341.886	274.995	NA	0.767391304347826	0	0	0	1	1.3430904046968053	Inf	NO	P62195
380	Q	380	182.036	340.634	273.612	NA	0.852657004830918	0	0	0	1	1.5411198773504464	Inf	NO	P62195
381	E	381	183.623	340.326	277.043	NA	0.855072463768116	0	0	0	1	1.6833600102164292	Inf	NO	P62195
382	D	382	181.323	337.457	277.989	NA	0.849578820697954	0	0	0	1	1.6593384864844283	Inf	NO	P62195
383	F	383	182.32	335.267	275.113	NA	0.870503597122302	0	0	0	1	1.605952835995848	Inf	NO	P62195
384	E	384	185.943	335.977	275.781	NA	0.874320652173913	0	0	0	1	1.8102565154996646	Inf	NO	P62195
385	M	385	185.415	334.493	279.266	NA	0.86620036101083	0	0	0	1	2.098670083273003	Inf	NO	P62195
386	A	386	183.609	331.398	278.124	NA	0.989943269726663	0	0	0	1	2.0388667257047617	Inf	NO	P62195
387	V	387	186.584	330.739	275.886	NA	1.15006150061501	0	0	0	1	1.9115081683404753	Inf	NO	P62195
388	A	388	188.587	330.071	279.02	NA	1.13550600343053	0	0	0	1	2.36960666443233	Inf	NO	P62195
389	K	389	185.694	328.417	280.779	NA	1.14346590909091	0	0	0	1	2.4408417441416144	Inf	NO	P62195
390	V	390	185.278	326.087	277.831	NA	1.134	1	0	0	1	2.185449550786419	Inf	NO	P62195
391	M	391	188.996	325.876	277.19	NA	1.12868852459016	1	0	0	1	2.396234851389362	Inf	NO	P62195
392	Q	392	189.107	325.1	280.892	NA	1.118410041841	1	0	0	1	2.931046848288497	Inf	NO	P62195
393	K	393	186.974	322.065	280.101	NA	1.09314420803782	0	0	0	1	2.9977199339252056	Inf	NO	P62195
394	D	394	188.821	321.643	276.802	NA	1.09551656920078	1	0	0	1	2.4301603596611794	Inf	NO	P62195
395	S	395	191.943	321.441	279	NA	1.0842052815147	1	0	0	1	3.0392263278589633	Inf	NO	P62195
396	E	396	189.987	319.354	281.499	NA	1.07153729071537	0	0	0	1	3.8510799296796043	Inf	NO	P62195
397	K	397	189.76	315.54	280.986	NA	1.0641627543036	0	0	0	1	3.8036797882844384	Inf	NO	P62195
