Uniprot_position	aminoacid	Position_in_structure	x	y	z	paraz	mtr	gscount	pscount	OR	pvalue	mtr3dscore	paraz3dscore	HotSpot3D	Uniprot
1	M	1	-6.2	11.905	-2.324	NA	NA	0	0	9.55769358127366	0.1558441558441559	-0.988064663543408	Inf	NO	P63000
2	Q	2	-5.466	14.874	0.001	NA	NA	0	0	9.55769358127366	0.1558441558441559	-0.8293111072187508	Inf	NO	P63000
3	A	3	-2.324	14.742	2.198	NA	NA	0	0	9.55769358127366	0.1558441558441559	-0.8318331428728974	Inf	NO	P63000
4	I	4	-2.459	16.657	5.501	NA	0	0	0	1.5386330914117914	0.9999999999999999	-0.6767028922495888	Inf	NO	P63000
5	K	5	0.506	17.586	7.619	NA	0	0	0	8.55769358127366	0.11585782638414216	-0.6221994886579955	Inf	NO	P63000
6	C	6	-0.557	18.184	11.288	NA	0	0	0	1.5386330914117914	0.9999999999999999	-0.44857590322227914	Inf	NO	P63000
7	V	7	1.983	19.34	13.84	NA	0	0	0	1.5386330914117914	0.9999999999999999	-0.5381272088795929	Inf	NO	P63000
8	V	8	1.26	19.215	17.587	NA	0	0	0	1.5386330914117914	0.9999999999999999	-0.6520173331472046	Inf	NO	P63000
9	V	9	2.987	21.886	19.661	NA	0	0	0	0	0.2402597402597403	-0.43165157435205953	Inf	NO	P63000
10	G	10	2.812	22.969	23.293	NA	0	0	0	0	0.11496924128503075	-0.2846617180743162	Inf	NO	P63000
11	D	11	4.542	22.487	26.659	NA	0	0	0	0	0.2402597402597403	-0.6065365166142174	Inf	NO	P63000
12	G	12	5.698	19.088	27.975	NA	0	0	0	1.471924837793506	1	-1.0547839181844234	Inf	NO	P63000
13	A	13	2.861	19.404	30.523	NA	0	0	0	0.6989539506474992	1	-0.811290037480202	Inf	NO	P63000
14	V	14	0.188	18.911	27.775	NA	0	0	0	1.5386330914117914	0.9999999999999999	-0.5281906019127582	Inf	NO	P63000
15	G	15	1.207	15.223	27.195	NA	0	0	0	4.085840810936657	0.177797434763379	-0.8332902687677872	Inf	NO	P63000
16	K	16	1.57	15.609	23.43	NA	0	0	0	1.5386330914117914	0.9999999999999999	-0.8955169734658909	Inf	NO	P63000
17	T	17	3.002	12.152	23.07	NA	0	0	0	9.55769358127366	0.017224880382775136	-1.2282436614046743	Inf	NO	P63000
18	C	18	0.337	10.521	25.122	NA	0	0	1	9.55769358127366	0.054545454545454536	-1.0729866454607482	Inf	NO	P63000
19	L	19	-2.4	12.421	23.253	NA	0	0	0	4.085840810936657	0.177797434763379	-0.7942059370137898	Inf	NO	P63000
20	L	20	-1.24	11.238	19.838	NA	0	0	0	9.55769358127366	0.004784688995215312	-1.0881035607057006	Inf	NO	P63000
21	I	21	-0.673	7.702	21.018	NA	0	0	0	9.55769358127366	0.017224880382775136	-1.2738726949225156	Inf	NO	P63000
22	S	22	-4.07	7.561	22.58	NA	0	0	0	9.55769358127366	0.017224880382775136	-0.9920606961296626	Inf	NO	P63000
23	Y	23	-5.656	9.046	19.464	NA	0	0	0	9.55769358127366	0.017224880382775136	-0.9731956106364659	Inf	NO	P63000
24	T	24	-3.967	6.599	17.034	NA	0	0	0	9.55769358127366	0.017224880382775136	-1.1843756249605286	Inf	NO	P63000
25	T	25	-4.331	3.491	19.1	NA	0	0	0	9.55769358127366	0.054545454545454536	-1.2907394952222624	Inf	NO	P63000
26	N	26	-7.878	4.4	20.328	NA	0	0	0	9.55769358127366	0.054545454545454536	-1.1022111192943218	Inf	NO	P63000
27	A	27	-6.789	3.892	23.973	NA	0	0	0	9.55769358127366	0.054545454545454536	-1.137190713056286	Inf	NO	P63000
28	F	28	-4.819	5.544	26.755	NA	0	0	0	9.55769358127366	0.054545454545454536	-1.068934425834554	Inf	NO	P63000
29	P	29	-1.382	3.82	26.74	NA	0	0	2	9.55769358127366	0.054545454545454536	-1.3110276316172826	Inf	NO	P63000
30	G	30	-1.93	2.78	30.364	NA	0	0	0	9.55769358127366	0.054545454545454536	-1.288174399986287	Inf	NO	P63000
31	E	31	0.857	1.18	32.391	NA	0	0	0	9.55769358127366	0.054545454545454536	-1.3778289776729533	Inf	NO	P63000
32	Y	32	3.835	2.88	30.621	NA	0	0	0	9.55769358127366	0.054545454545454536	-1.5044764475569095	Inf	NO	P63000
33	I	33	3.576	6.221	28.712	NA	0	0	0	9.55769358127366	0.054545454545454536	-1.3842005345382478	Inf	NO	P63000
34	P	34	6.069	5.997	25.774	NA	0	0	0	9.55769358127366	0.054545454545454536	-1.470806392137382	Inf	NO	P63000
35	T	35	8.317	8.94	25.109	NA	0	0	0	9.55769358127366	0.054545454545454536	-1.3604728174473402	Inf	NO	P63000
36	V	36	8.357	8.297	21.329	NA	0	0	0	9.55769358127366	0.1558441558441559	-1.3263287146765912	Inf	NO	P63000
37	F	37	5.62	8.873	18.781	NA	0	0	0	9.55769358127366	0.017224880382775136	-1.334719660543422	Inf	NO	P63000
38	D	38	7.074	8.624	15.272	NA	0	0	0	9.55769358127366	0.4090909090909091	-1.225963640121012	Inf	NO	P63000
39	N	39	5.561	10.613	12.403	NA	0	0	1	9.55769358127366	0.4090909090909091	-1.191944249274126	Inf	NO	P63000
40	Y	40	2.25	8.995	11.484	NA	0	0	0	9.55769358127366	0.4090909090909091	-1.2387404997365334	Inf	NO	P63000
41	S	41	-0.103	8.873	8.556	NA	0	0	0	9.55769358127366	0.054545454545454536	-1.1527640759785311	Inf	NO	P63000
42	A	42	-3.449	7.221	8.235	NA	0	0	0	9.55769358127366	0.054545454545454536	-1.0998493406153944	Inf	NO	P63000
43	N	43	-6.67	7.394	6.274	NA	0	0	0	9.55769358127366	0.1558441558441559	-0.9143052952355942	Inf	NO	P63000
44	V	44	-9.794	8.922	7.811	NA	0	0	0	1.5386330914117914	0.9999999999999999	-0.7574074988162031	Inf	NO	P63000
45	M	45	-13.135	9.957	6.228	NA	0	0	0	3.234561238495566	0.5441558441558443	-0.6048122239208573	Inf	NO	P63000
46	V	46	-14.453	13.241	7.502	NA	0	0	0	1.5386330914117914	0.9999999999999999	-0.4349093283104151	Inf	NO	P63000
47	D	47	-17.849	14.498	6.253	NA	0	0	0	3.234561238495566	0.5441558441558443	-0.5659126877473933	Inf	NO	P63000
48	G	48	-17.715	11.63	3.733	NA	0.18534253850239	0	0	3.234561238495566	0.5441558441558443	-0.7150548631949855	Inf	NO	P63000
49	K	49	-14.474	12.853	2.035	NA	0.186730872124131	0	0	3.234561238495566	0.5441558441558443	-0.679386615624142	Inf	NO	P63000
50	P	50	-11.58	10.407	2.764	NA	0.187432867883996	0	0	3.234561238495566	0.5441558441558443	-0.7533451042090381	Inf	NO	P63000
51	V	51	-8.242	12.015	3.764	NA	0.218476903870162	0	2	1.5386330914117914	0.9999999999999999	-0.6761405144904394	Inf	NO	P63000
52	N	52	-4.662	10.97	4.567	NA	0.262406015037594	0	0	9.55769358127366	0.1558441558441559	-0.843390860986902	Inf	NO	P63000
53	L	53	-3.792	12.569	7.894	NA	0.26390977443609	0	0	2.6196696014040306	0.6090225563909775	-0.7661480986991369	Inf	NO	P63000
54	G	54	-0.128	13.185	8.788	NA	0.263157894736842	0	0	5.502169609421411	0.2642515379357483	-0.9736756687983616	Inf	NO	P63000
55	L	55	0.777	13.642	12.519	NA	0.219298245614035	0	0	1.471924837793506	1	-1.084343650054121	Inf	NO	P63000
56	W	56	4.12	14.939	13.776	NA	0.186567164179104	0	0	9.55769358127366	0.4090909090909091	-1.1554421117223284	Inf	NO	P63000
57	D	57	4.976	14.986	17.512	NA	0.186567164179104	0	0	9.55769358127366	0.1558441558441559	-1.2527004851550323	Inf	NO	P63000
58	T	58	7.354	17.709	18.791	NA	0.145107794361526	0	0	5.502169609421411	0.2642515379357483	-1.1944783285027372	Inf	NO	P63000
59	A	59	8.141	16.408	22.322	NA	0.145911949685535	0	0	5.502169609421411	0.2642515379357483	-1.2539023045212634	Inf	NO	P63000
60	G	60	11.807	16.82	23.364	NA	0.146464646464646	0	0	1.471924837793506	1	-1.1709674723452603	Inf	NO	P63000
61	Q	61	12.182	20.01	21.38	NA	0.146331236897275	0	0	1.471924837793506	1	-1.0286653971156965	Inf	NO	P63000
62	E	62	10.709	22.316	24.059	NA	0.145235122763213	0	0	1.471924837793506	1	-0.8743227719818432	Inf	NO	P63000
63	D	63	14.048	23.84	25.039	NA	0.130711610486891	1	0	1.471924837793506	1	-0.8649765617296075	Inf	NO	P63000
64	Y	64	15.401	24.317	21.464	NA	0.131698113207547	0	1	1.471924837793506	1	-0.8542856597412728	Inf	NO	P63000
65	D	65	13.81	27.49	20.091	NA	0.131698113207547	0	0	1.471924837793506	1	-0.08190562305889064	Inf	NO	P63000
66	R	66	15.698	27.259	16.723	NA	0.146885521885522	0	0	1.471924837793506	1	-0.3725607714454351	Inf	NO	P63000
67	L	67	15.186	23.469	16.219	NA	0.146885521885522	0	0	1.471924837793506	1	-0.6404711560800331	Inf	NO	P63000
68	R	68	11.399	23.443	16.608	NA	0.133206106870229	0	0	3.234561238495566	0.5441558441558443	-0.4242680579873586	Inf	NO	P63000
69	P	69	10.704	25.523	13.521	NA	0.133333333333333	0	0	3.234561238495566	0.5441558441558443	0.09410129715941909	Inf	NO	P63000
70	L	70	12.399	22.888	11.319	NA	0.148006785411366	0	0	9.55769358127366	0.1558441558441559	-0.2022264120776562	Inf	NO	P63000
71	S	71	9.116	20.995	11.571	NA	0.14702154626109	0	0	9.55769358127366	0.1558441558441559	-0.49772324714583144	Inf	NO	P63000
72	Y	72	6.931	24.069	10.837	NA	0.131320754716981	0	0	0.6989539506474992	1	-0.05674987214835253	Inf	NO	P63000
73	P	73	7.183	24.624	7.063	NA	0.132319391634981	0	1	0.6989539506474992	1	0.35229049783582234	Inf	NO	P63000
74	Q	74	4.478	23.206	4.77	NA	0.131818181818182	0	0	1.471924837793506	1	0.13032817021519444	Inf	NO	P63000
75	T	75	2.233	22.365	7.73	NA	0.131818181818182	0	0	0.4324538439176095	0.6161312371838686	0.06799780685669427	Inf	NO	P63000
76	D	76	-1.468	22.269	6.832	NA	0.131203007518797	0	0	0.29661450385345833	0.3602187286397813	0.050450556393489304	Inf	NO	P63000
77	V	77	-2.732	22.765	10.465	NA	0.131203007518797	0	0	0.21408035832353292	0.3330384785493145	0.10419030670973821	Inf	NO	P63000
78	F	78	-1.431	23.244	13.974	NA	0.131439393939394	0	0	0.29661450385345833	0.3602187286397813	0.17657354098772313	Inf	NO	P63000
79	L	79	-2.667	21.883	17.243	NA	0	0	0	0	0.11496924128503075	-0.19304367817293294	Inf	NO	P63000
80	I	80	-1.485	24.336	19.877	NA	0	0	0	0	0.05365686944634307	0.08924198986839228	Inf	NO	P63000
81	C	81	-1.934	22.654	23.197	NA	0	0	0	0.4324538439176095	0.6161312371838686	-0.34171652192072177	Inf	NO	P63000
82	F	82	-1.988	23.365	26.886	NA	0	0	0	0.29661450385345833	0.3602187286397813	-0.08788283734805527	Inf	NO	P63000
83	S	83	-2.966	21.211	29.844	NA	0	0	0	0.4324538439176095	0.6161312371838686	0.04468525346476127	Inf	NO	P63000
84	L	84	-6.264	22.347	31.428	NA	0	0	0	0.1585586962226973	0.16486068111455096	0.874557183092916	Inf	NO	P63000
85	V	85	-4.645	21.84	34.862	NA	0	0	0	0	0.046077761248039875	1.1473839193383153	Inf	NO	P63000
86	S	86	-1.472	23.909	34.191	NA	0	0	0	0	0.046077761248039875	0.6510036527930044	Inf	NO	P63000
87	P	87	-2.099	27.645	34.02	NA	0.164943609022556	0	0	0	0.01667604840979453	0.6679581792183346	Inf	NO	P63000
88	A	88	1.58	27.951	32.999	NA	0.165262172284644	0	0	0	0.4935064935064935	-0.12242352091110133	Inf	NO	P63000
89	S	89	1.105	25.879	29.806	NA	0.220349563046192	0	0	0	0.2402597402597403	-0.13410069436398853	Inf	NO	P63000
90	F	90	-1.985	27.985	29.064	NA	0.21952736318408	0	0	0	0.11496924128503075	0.2853604005535031	Inf	NO	P63000
91	E	91	-0.058	31.236	29.517	NA	0.261481481481482	0	0	0	1	-0.2714997026786573	Inf	NO	P63000
92	N	92	2.648	29.747	27.281	NA	0.262453531598513	0	0	0	1	-0.41183098470972784	Inf	NO	P63000
93	V	93	0.106	29.543	24.454	NA	0.263940520446097	0	0	0	0.11496924128503075	0.333572975453406	Inf	NO	P63000
94	R	94	0.247	33.295	24.296	NA	0.330223880597015	0	0	0	1	0.3379552466784843	Inf	NO	P63000
95	A	95	3.845	33.775	25.399	NA	0.332397003745318	0	0	0	1	0.3649924936646162	Inf	NO	P63000
96	K	96	5.667	31.114	23.35	NA	0.528358208955224	0	0	0	0.4935064935064935	0.014509697223407605	Inf	NO	P63000
97	W	97	3.633	28.924	20.984	NA	0.532330827067669	0	0	0	1	0.20194664436980467	Inf	NO	P63000
98	Y	98	1.348	31.21	19.079	NA	0.528358208955224	0	0	0	0.2402597402597403	0.6772773273070273	Inf	NO	P63000
99	P	99	4.115	33.798	18.373	NA	0.887218045112782	0	0	0	0.4935064935064935	0.9346473009557805	Inf	NO	P63000
100	E	100	6.503	31.28	16.81	NA	0.885572139303483	0	0	0.6989539506474992	1	0.32331950501952433	Inf	NO	P63000
101	V	101	3.753	29.604	14.864	NA	0.882280049566295	0	0	0.4324538439176095	0.6161312371838686	0.43000010048082926	Inf	NO	P63000
102	R	102	2.526	32.906	13.348	NA	0.755555555555556	1	0	0.6989539506474992	1	0.9595573447253966	Inf	NO	P63000
103	H	103	6.077	33.995	12.636	NA	0.882280049566295	0	0	0.6989539506474992	1	1.5657229364267276	Inf	NO	P63000
104	H	104	6.767	30.865	10.596	NA	0.875768757687577	0	0	0.6989539506474992	1	0.8210836942885344	Inf	NO	P63000
105	C	105	3.383	29.965	9.278	NA	0.875768757687577	0	0	0.6989539506474992	1	0.8818387672331154	Inf	NO	P63000
106	P	106	1.383	33.162	9.214	NA	0.872549019607843	1	0	0.6989539506474992	1	1.168272422602804	Inf	NO	P63000
107	N	107	-1.605	31.817	7.203	NA	0.873308733087331	0	0	0.6989539506474992	1	0.9368360394209296	Inf	NO	P63000
108	T	108	-1.895	28.308	8.68	NA	0.867647058823529	0	0	0.29661450385345833	0.3602187286397813	0.47809025700775193	Inf	NO	P63000
109	P	109	-4.936	27.418	10.756	NA	0.933052187664734	0	0	0	0.05365686944634307	0.42537034133089746	Inf	NO	P63000
110	I	110	-4.563	26.66	14.493	NA	0.925443169968717	0	0	0	0.05365686944634307	0.3881360710137085	Inf	NO	P63000
111	I	111	-6.768	24.604	16.727	NA	0.907692307692308	1	0	0	0.05365686944634307	0.13244569770876555	Inf	NO	P63000
112	L	112	-6.345	25.387	20.385	NA	0.907692307692308	0	0	0.29661450385345833	0.3602187286397813	0.18613371204203477	Inf	NO	P63000
113	V	113	-6.582	22.158	22.4	NA	0.908455882352941	0	0	0.21408035832353292	0.3330384785493145	0.0031530910677250927	Inf	NO	P63000
114	G	114	-6.988	21.909	26.189	NA	0.911808118081181	2	0	0.29661450385345833	0.3602187286397813	0.2179935991588285	Inf	NO	P63000
115	T	115	-5.732	18.443	27.331	NA	0.911808118081181	0	0	0.9544797246475848	1	-0.08251966361347846	Inf	NO	P63000
116	K	116	-6.221	16.649	30.698	NA	0.911808118081181	0	0	0.9544797246475848	1	0.27868495349640443	Inf	NO	P63000
117	L	117	-9.948	17.46	30.876	NA	0.914391143911439	0	0	0.4324538439176095	0.6161312371838686	0.6245593209179701	Inf	NO	P63000
118	D	118	-10.32	14.421	33.165	NA	0.922962962962963	0	0	0.29661450385345833	0.3602187286397813	1.0000521378535099	Inf	NO	P63000
119	L	119	-8.101	16.148	35.782	NA	0.922962962962963	0	0	0.1585586962226973	0.16486068111455096	1.386929282173656	Inf	NO	P63000
120	R	120	-10.045	19.454	35.885	NA	0.988888888888889	0	0	0.1585586962226973	0.16486068111455096	1.6189214281437658	Inf	NO	P63000
121	D	121	-12.516	17.882	38.403	NA	0.988888888888889	0	0	0	0.11496924128503075	2.2800873241194703	Inf	NO	P63000
122	D	122	-9.945	15.856	40.333	NA	1.01424501424501	0	0	0	0.2402597402597403	2.2998573533447084	Inf	NO	P63000
123	K	123	-9.706	16.882	44.055	NA	0.941798941798942	0	0	0	0.2402597402597403	2.490880263850312	Inf	NO	P63000
124	D	124	-6.036	16.019	44.408	NA	0.948827292110874	0	0	0	0.4935064935064935	2.4499916460485456	Inf	NO	P63000
125	T	125	-5.148	17.976	41.242	NA	0.882280049566295	0	0	0	0.2402597402597403	2.164061167067415	Inf	NO	P63000
126	I	126	-7.474	20.859	42.283	NA	0.888059701492537	2	0	0	0.05365686944634307	2.0284282074062783	Inf	NO	P63000
127	E	127	-5.889	20.862	45.772	NA	0.85077004779607	0	0	0	0.11496924128503075	2.4923684306635696	Inf	NO	P63000
128	K	128	-2.317	20.685	44.503	NA	0.917049368541906	0	0	0	0.11496924128503075	2.2521662960387805	Inf	NO	P63000
129	L	129	-3.133	23.825	42.443	NA	0.913640263082642	0	0	0	0.05365686944634307	1.882724881596083	Inf	NO	P63000
130	K	130	-4.935	25.643	45.344	NA	0.839810746873944	0	0	0	0.11496924128503075	1.944532930842505	Inf	NO	P63000
131	E	131	-1.717	25.28	47.37	NA	0.842944369063772	0	0	0	0.11496924128503075	2.604997394248374	Inf	NO	P63000
132	K	132	0.045	27.357	44.683	NA	0.846101464078992	0	0	0	0.11496924128503075	1.8735500739261586	Inf	NO	P63000
133	K	133	-2.851	29.955	44.736	NA	0.921189591078067	1	0	0	0.11496924128503075	2.315178978608812	Inf	NO	P63000
134	L	134	-4.067	28.757	41.253	NA	0.915985130111524	0	0	0	0.05365686944634307	1.5232589880450025	Inf	NO	P63000
135	T	135	-7.153	27.028	39.694	NA	0.918587360594796	1	0	0	0.05365686944634307	1.7806430457961866	Inf	NO	P63000
136	P	136	-7.658	24.931	36.574	NA	0.912592592592592	0	0	0	0.01667604840979453	1.7119246150136014	Inf	NO	P63000
137	I	137	-8.431	26.59	33.269	NA	0.82962962962963	1	0	0	0.046077761248039875	1.2410128554407214	Inf	NO	P63000
138	T	138	-12.157	26.806	32.526	NA	0.830348090571139	0	0	0	0.11496924128503075	1.120696138983913	Inf	NO	P63000
139	Y	139	-14.044	26.82	29.283	NA	0.836567926455567	0	0	0.4324538439176095	0.6161312371838686	1.3673010161277777	Inf	NO	P63000
140	P	140	-14.441	30.617	28.713	NA	0.78876404494382	0	0	0	0.2402597402597403	1.0469319242560726	Inf	NO	P63000
141	Q	141	-10.686	31	29.361	NA	0.791729323308271	0	0	0	0.11496924128503075	0.8985950901107967	Inf	NO	P63000
142	G	142	-10.039	28.681	26.378	NA	0.754716981132075	0	0	0	0.11496924128503075	0.5356503601779599	Inf	NO	P63000
143	L	143	-12.557	30.544	24.186	NA	0.668582375478927	0	0	0	0.11496924128503075	0.8951993712514752	Inf	NO	P63000
144	A	144	-10.971	33.868	25.071	NA	0.598290598290598	0	0	0	1	0.8502830884002399	Inf	NO	P63000
145	M	145	-7.462	32.544	24.246	NA	0.493305144467935	0	0	0	0.11496924128503075	0.6542170037950166	Inf	NO	P63000
146	A	146	-8.597	30.928	20.969	NA	0.48999648999649	0	0	0	0.2402597402597403	0.5607939991534698	Inf	NO	P63000
147	K	147	-9.985	34.29	19.837	NA	0.491895701198027	0	0	0	1	0.8600059216617343	Inf	NO	P63000
148	E	148	-6.889	36.209	20.866	NA	0.495224619738238	0	0	0	1	0.7006228282748918	Inf	NO	P63000
149	I	149	-4.574	33.961	18.711	NA	0.408139534883721	0	0	0	0.2402597402597403	0.97719834191666	Inf	NO	P63000
150	G	150	-7.069	33.545	15.844	NA	0.366771159874608	0	0	0	0.2402597402597403	0.9898598626507329	Inf	NO	P63000
151	A	151	-7.844	29.866	16.352	NA	0.149425287356322	0	0	0	0.2402597402597403	0.6100893468193531	Inf	NO	P63000
152	V	152	-10.507	28.314	14.268	NA	0.15042735042735	0	0	0	0.2402597402597403	0.48353073631333754	Inf	NO	P63000
153	K	153	-11.743	26.324	17.274	NA	0	0	0	0	0.05365686944634307	0.396062914250317	Inf	NO	P63000
154	Y	154	-11.162	25.838	20.964	NA	0	0	0	0.29661450385345833	0.3602187286397813	0.5425172847083056	Inf	NO	P63000
155	L	155	-11.572	22.15	21.949	NA	0	0	0	0.29661450385345833	0.3602187286397813	0.3937859367843399	Inf	NO	P63000
156	E	156	-11.14	20.23	25.209	NA	0	0	0	0.29661450385345833	0.3602187286397813	0.4307974786240699	Inf	NO	P63000
157	C	157	-10.098	16.583	25.345	NA	0.152024117140396	0	1	0.6989539506474992	1	0.024795479703568567	Inf	NO	P63000
158	S	158	-8.867	13.748	27.561	NA	0.151593453919035	0	0	1.5386330914117914	0.9999999999999999	-0.23503118261369274	Inf	NO	P63000
159	A	159	-6.416	11.078	26.358	NA	0.272868217054264	0	0	4.085840810936657	0.177797434763379	-0.41715249255619086	Inf	NO	P63000
160	L	160	-7.47	9.033	29.445	NA	0.274418604651163	0	0	9.55769358127366	0.017224880382775136	-0.41974331252783775	Inf	NO	P63000
161	T	161	-11.24	8.837	28.879	NA	0.249471458773784	0	0	9.55769358127366	0.054545454545454536	-0.2016194198682647	Inf	NO	P63000
162	Q	162	-11.147	9.653	25.058	NA	0.251149628581535	0	0	9.55769358127366	0.017224880382775136	-0.4608454362981796	Inf	NO	P63000
163	R	163	-13.61	12.523	25.595	NA	0.228682170542636	0	0	0.6989539506474992	1	-0.14633976288980127	Inf	NO	P63000
164	G	164	-13.233	15.03	22.779	NA	0.20887573964497	0	0	0.6989539506474992	1	0.09354421669411885	Inf	NO	P63000
165	L	165	-10.171	13.262	21.378	NA	0.20807544945476	0	0	0.9544797246475848	1	-0.2216403961080885	Inf	NO	P63000
166	K	166	-11.575	12.01	18.02	NA	0.19415333701048	0	0	1.471924837793506	1	-0.7904471706927243	Inf	NO	P63000
167	T	167	-13.25	15.442	17.584	NA	0.254102316602317	0	0	0.4324538439176095	0.6161312371838686	-0.29697625678536177	Inf	NO	P63000
168	V	168	-9.924	17.298	17.98	NA	0.338803088803089	0	0	0.21408035832353292	0.3330384785493145	-0.20115768113110813	Inf	NO	P63000
169	F	169	-8.548	15.537	14.945	NA	0.338803088803089	0	0	1.6273748515699922	0.6550199026979213	-0.48591061183458695	Inf	NO	P63000
170	D	170	-11.771	15.696	12.888	NA	0.341439688715953	0	0	0.9544797246475848	1	-0.540446167167248	Inf	NO	P63000
171	E	171	-11.746	19.453	13.347	NA	0.403262867647059	0	0	0	0.2402597402597403	-0.11172303406824047	Inf	NO	P63000
172	A	172	-8.021	19.608	12.476	NA	0.379774305555556	1	0	0.9544797246475848	1	-0.2008194901206875	Inf	NO	P63000
173	I	173	-9.047	18.051	9.168	NA	0.358947368421053	0	0	0.9544797246475848	1	-0.34493535713568957	Inf	NO	P63000
174	R	174	-12.129	20.25	8.63	NA	0.380658436213992	1	0	0.9544797246475848	1	-0.15952716710336398	Inf	NO	P63000
175	A	175	-10.013	23.358	9.08	NA	0.382090951711205	0	0	0	0.2402597402597403	0.03627045652078788	Inf	NO	P63000
176	V	176	-7.977	22.322	5.983	NA	0.379549808429119	0	0	0.9544797246475848	1	0.14170746454204067	Inf	NO	P63000
177	L	177	-10.867	21.243	3.675	NA	0.381481481481482	0	0	1.5386330914117914	0.9999999999999999	-0.29426375537739446	Inf	NO	P63000
