Uniprot_position	aminoacid	Position_in_structure	x	y	z	paraz	mtr	gscount	pscount	OR	pvalue	mtr3dscore	paraz3dscore	HotSpot3D	Uniprot
3	E	3	102.778	34.797	107.488	-0.1	0.63265306122449	0	0	0	1	0.24851244761915045	-0.29830477461728877	NO	P62873
4	L	4	101.534	38.381	107.302	0.7	0.546218487394958	0	0	0	1	0.302813816592412	1.1565782004099976	NO	P62873
5	D	5	97.908	37.413	108.009	-1.7	0.47578125	0	0	0	1	0.302813816592412	1.1565782004099976	NO	P62873
6	Q	6	98.667	35.375	111.149	-0.9	0.63855421686747	0	0	0	1	0.28891104591757316	0.8038792973730796	NO	P62873
7	L	7	101.177	37.96	112.433	1.5	0.577324973876698	0	0	0	1	0.34413979616905327	0.348309880950394	NO	P62873
8	R	8	98.613	40.724	111.773	0.7	0.580808080808081	0	0	0	1	0.41351116455086484	-0.18639069961518986	NO	P62873
9	Q	9	96.031	38.713	113.725	0.3	0.535394265232975	0	0	0	1	0.5094948980634106	-0.6447054829571188	NO	P62873
10	E	10	98.51	38.365	116.607	-0.5	0.538194444444445	0	0	0	1	0.60788372307309	-0.7832657662930509	NO	P62873
11	A	11	99.194	42.123	116.604	1.5	0.599067599067599	1	0	0	0.552690406059331	0.7104395819083503	-0.5246199040659778	NO	P62873
12	E	12	95.443	42.832	116.534	1.5	0.596622889305816	0	0	0	0.552690406059331	0.8147368639345401	-1.0257462621309321	NO	P62873
13	Q	13	94.902	40.472	119.477	-0.5	0.553908355795148	0	0	0	0.552690406059331	1.069098442254725	-0.5246199040659778	NO	P62873
14	L	14	97.76	41.967	121.49	-0.9	0.64908256880733906	0	0	0	0.31759824171873285	1.1855276386506994	-0.7832657662930509	NO	P62873
15	K	15	96.659	45.569	120.849	-1.3	0.684018740239459	0	0	0	0.31759824171873285	1.1896260174688131	-2.038458921218553	NO	P62873
16	N	16	93.164	44.572	121.961	-1.3	0.744714349977508	0	0	0	0.31759824171873285	1.469766981799323	-1.94717214631488	NO	P62873
17	Q	17	94.694	43.124	125.138	-0.5	0.771784232365145	1	0	0	0.31759824171873285	1.666536558665929	-2.464463870769026	NO	P62873
18	I	18	96.602	46.369	125.826	0.7	0.815261044176707	1	0	0	0.31759824171873285	1.3809473876267744	-1.984121555204462	NO	P62873
19	R	19	93.44	48.428	125.267	-1.7	0.818538324420677	0	0	0	0.31759824171873285	1.492754091865946	-2.9078567774440085	NO	P62873
20	D	20	91.34	46.156	127.5	0.7	0.84207896051974	0	0	0	0.31759824171873285	1.9427434498500313	-3.757693181904392	NO	P62873
21	A	21	94.043	46.291	130.204	-1.7	0.845864661654135	2	0	0	0.31759824171873285	1.917333566739246	-3.521869013403237	NO	P62873
22	R	22	94.18	50.102	130.103	-0.5	0.830588235294118	0	0	0	0.175055304372831	1.5519953033593756	-1.7110172286292913	NO	P62873
23	K	23	90.373	50.276	130.185	-0.9	0.833653136531365	0	0	0	0.175055304372831	2.0517508936967355	-3.1541861700412213	NO	P62873
24	A	24	90.263	47.973	133.215	-1.3	0.885756457564576	0	0	0	0.31759824171873285	2.1269842298296497	-3.111078526336709	NO	P62873
25	C	25	92.886	50.166	134.889	0.3	0.876058394160584	0	0	0	0.175055304372831	1.9458821026831143	-2.3807843271073263	NO	P62873
26	A	26	90.73	53.209	134.025	-2.1	0.8825	1	0	0.37805909108955604	0.6701821589490145	1.8471291474998721	-1.3958480715676977	NO	P62873
27	D	27	88.614	53.854	137.128	-1.3	0.925276752767528	0	0	0.27508604117143826	0.27367587531189563	2.375037332714095	-1.6885262840878068	NO	P62873
28	A	28	87.655	57.513	136.712	-0.9	0.923687423687424	0	0	0.2406983445499978	0.2728451204091369	2.1895721968256976	-2.184264186689697	NO	P62873
29	T	29	88.395	60.734	134.877	-0.1	0.956837944664031	1	0	0.21316406085133197	0.16620442570211402	1.6556388702448956	-1.0362888923847529	NO	P62873
30	L	30	90.46	63.499	136.436	1.5	0.96302761028245	1	1	0.19062314796049545	0.10282964105355494	1.5195692115109376	-1.5592033529742702	NO	P62873
31	S	31	87.434	65.828	136.322	-2.5	0.972826086956522	2	0	0.21316406085133197	0.16620442570211402	1.5830257214469292	-1.753187749644575	NO	P62873
32	Q	32	85.307	63.645	138.636	-0.1	0.89830258302583	1	0	0.21316406085133197	0.16620442570211402	2.1624035368958525	-1.9956682454824561	NO	P62873
33	I	33	87.72	63.676	141.57	0.7	0.88641975308642	2	0	0.2406983445499978	0.2728451204091369	2.436653387716715	-2.030308316316439	NO	P62873
34	T	34	89.161	67.156	140.934	-0.5	0.866356489651853	0	0	0.19062314796049545	0.10282964105355494	1.8441659891192081	-1.702139224205021	NO	P62873
35	N	35	85.839	69.021	140.588	-1.3	0.869565217391304	1	0	0.21316406085133197	0.16620442570211402	2.032695771905606	-2.2381487413203374	NO	P62873
36	N	36	86.03	70.071	144.25	-1.7	0.875222240181025	0	0	0.2406983445499978	0.2728451204091369	2.4044629360287413	-1.753187749644575	NO	P62873
37	I	37	89.232	72.31	143.766	-0.1	0.831556503198294	1	0	0.21316406085133197	0.16620442570211402	1.8899627733091533	-1.3538081094410062	NO	P62873
38	D	38	89.21	76.115	143.609	0.7	0.833866382373845	0	0	0	0.31569479663813427	1.5352525072340475	-0.7832657662930509	NO	P62873
39	P	39	89.747	77.268	140.009	-0.9	0.83235241662208	1	0	0	0.31759824171873285	1.1366940864734947	-1.337506899636779	NO	P62873
40	V	40	92.378	79.79	138.987	-0.5	0.869888475836431	0	0	0	0.175055304372831	0.7097940057779796	-0.27721951410964696	NO	P62873
41	G	41	89.794	82.342	137.929	1.1	0.787878787878788	1	0	0	0.175055304372831	0.9768318376735581	-0.47697461365572746	NO	P62873
42	R	42	91.447	84.68	135.446	0.3	0.805626598465473	0	0	0	0.31759824171873285	0.886157442381851	-0.35218932924792906	NO	P62873
43	I	43	94.884	86.279	135.513	-0.1	0.822610294117647	0	0	0	0.31759824171873285	0.4255975307256196	-0.2013125762821364	NO	P62873
44	Q	44	95.862	88.09	132.34	-1.7	0.827952029520295	0	0	0	0.31759824171873285	0.48486606090510614	-0.7832657662930509	NO	P62873
45	M	45	99.515	88.8	131.712	0.7	0.782791009728279	0	0	1.6208703237797453	0.6308318356839047	-0.20414101065654652	-0.7024389343470906	NO	P62873
46	R	46	101.245	91.973	130.605	-1.3	0.782085561497326	0	0	4.9418906195772125	0.2082106038291606	-0.14404309378731225	-0.589281369622746	NO	P62873
47	T	47	103.999	92.267	128.023	-0.1	0.756302521008403	0	0	4.9418906195772125	0.2082106038291606	-0.45892357062544137	0.27483094281770276	NO	P62873
48	R	48	107.164	93.434	129.735	-0.1	0.730627306273063	0	0	39.95401795790847	0.08541973490427103	-1.0141633534884058	0.892054023132309	NO	P62873
49	R	49	109.988	93.066	127.212	1.5	0.664206642066421	0	0	39.95401795790847	0.02402430044182623	-1.110065960038612	1.305796967079463	YES	P62873
50	T	50	110.062	93.047	123.424	-0.5	0.664206642066421	0	0	39.95401795790847	0.02402430044182623	-0.8131252566919718	1.6248163992693543	YES	P62873
51	L	51	113.189	91.608	121.826	1.5	0.625135663121337	0	0	5.61776592368264	0.018336793416013186	-0.8425787111178185	1.3721164189325585	YES	P62873
52	R	52	113.372	93.017	118.29	0.7	0.586080586080586	0	1	5.067710847557316	0.01427186969396018	-0.8569942080433135	1.2284242732508515	YES	P62873
53	G	53	116.627	92.108	116.604	1.1	0.580652573529412	0	1	11.103317144397941	5.1283497292112596e-5	-0.8633443865728777	0.11737607539050728	YES	P62873
54	H	54	115.696	89.41	114.141	-1.3	0.583333333333333	0	0	14.598494391813091	3.4645273025186833e-6	-0.6300848439641525	0.42913671289635436	YES	P62873
55	L	55	114.873	89.845	110.464	-0.9	0.496771217712177	0	0	9.632275335722762	1.7948073967665978e-4	-0.52779495463878	0.6716172087342354	YES	P62873
56	A	56	113.239	86.587	109.365	-0.1	0.496771217712177	0	0	14.565046301146852	2.22338250252304e-4	-0.7009733050714526	0.5597031337321364	YES	P62873
57	K	57	110.792	84.499	111.381	0.7	0.444857496902107	2	1	6.575057506334749	0.0014115237112249845	-0.8525231526441281	0.5469129537318965	YES	P62873
58	I	58	111.768	83.279	114.848	0.7	0.44361833952912	0	0	5.303076431084873	0.0011635457158106057	-0.9184728424042706	0.8332708726261561	YES	P62873
59	Y	59	111.456	79.528	114.648	-0.1	0.419007490636704	0	0	3.920021731913178	0.016413536870743442	-0.8933208603047156	0.596178832251339	YES	P62873
60	A	60	112.747	78.353	118.037	0.7	0.417444029850746	0	0	1.7285045268494836	0.3656192997316075	-0.8289467571642155	0.9140977045721165	NO	P62873
61	M	61	113.779	79.767	121.418	0.3	0.41589219330855	1	0	1.668190696140926	0.3948754653155237	-1.076560266206868	0.8002803289747438	NO	P62873
62	H	62	115.417	78.176	124.444	-0.9	0.411669741697417	1	0	1.2264739403688452	0.7629186306127058	-0.9159627727707661	0.5787523379878128	NO	P62873
63	W	63	115.833	79.615	127.936	0.7	0.468341182626897	0	0	1.2264739403688452	0.7629186306127058	-0.8899419867405023	0.3896631438064667	NO	P62873
64	G	64	118.907	79.155	130.081	0.7	0.46663190823774803	0	1	0.7796555348393913	0.9999999999999999	-0.9599961816295604	0.6716172087342354	NO	P62873
65	T	65	119.065	77.758	133.611	-0.9	0.615384615384615	0	0	0.9486589990373735	1	-0.6887253129627409	-0.27721951410964696	NO	P62873
66	D	66	120.351	81.131	134.801	0.7	0.587654320987654	0	0	1.2013262224201633	1	-0.8820238614134427	0.06014465401262232	NO	P62873
67	S	67	117.07	82.711	133.472	-0.9	0.622222222222222	0	0	0.9486589990373735	1	-0.7699682936443006	-0.11435405363682734	NO	P62873
68	R	68	119.075	85.889	132.808	-0.1	0.617647058823529	0	0	2.5112273514816796	0.3569328750622856	-0.8178986572371356	-0.1863906996151899	NO	P62873
69	L	69	119.676	84.789	129.221	-1.3	0.654411764705882	0	0	2.7072157506815833	0.17292985191511384	-0.9617964163713664	0.2697923870600325	NO	P62873
70	L	70	117.675	83.265	126.37	1.1	0.618189711308878	0	0	3.920021731913178	0.016413536870743442	-1.0709358377659208	0.7928574566531759	YES	P62873
71	V	71	118.715	81.975	122.942	0.7	0.613660848954967	0	0	4.5741466787310525	0.0070800630015262385	-0.9762168087970388	0.348309880950394	YES	P62873
72	S	72	116.613	82.597	119.832	-0.1	0.64963503649635	0	0	12.212542701331468	4.7408294227972644e-7	-0.9654286360779705	0.5330569253983034	YES	P62873
73	A	73	117.161	81.359	116.273	-0.9	0.515942028985507	0	0	7.977625711535137	3.177279730051964e-5	-0.9991260217561889	0.8850000450715707	YES	P62873
74	S	74	115.642	82.987	113.212	-0.1	0.460662525879917	0	0	10.446196516930073	3.4846839794158172e-6	-0.9210544524729743	0.4952677572157765	YES	P62873
75	Q	75	115.654	81.936	109.55	-0.1	0.501549732318963	0	0	11.538976160586218	1.0878961933990126e-5	-0.9880705377123363	0.3007646856880644	YES	P62873
76	D	76	118.002	84.718	108.413	1.5	0.464025026068822	0	2	14.598494391813091	3.4645273025186833e-6	-1.0472606847599855	-0.4368650579532209	NO	P62873
77	G	77	120.949	82.749	109.75	-0.1	0.399775407074677	0	3	15.128694039417466	6.368867014219616e-7	-1.1519653061646247	0.12199475150170502	YES	P62873
78	K	78	121.297	84.615	113.048	-0.9	0.326923076923077	0	1	29.1451461708415	1.2144985932106941e-9	-1.1856295236785759	-0.11817640628057718	NO	P62873
79	L	79	121.501	82.999	116.472	0.7	0.325091575091575	0	0	16.114330536047625	5.988696764692414e-8	-1.0099865579505825	0.4835711099211848	YES	P62873
80	I	80	121.196	85.657	119.181	1.1	0.326923076923077	2	2	21.926516621399795	3.676510576367246e-8	-0.9362017221458475	1.0212402492446686	YES	P62873
81	I	81	121.765	85.202	122.92	-0.9	0.298494983277592	0	0	8.318779903386911	5.901617301927679e-4	-0.8759999986333059	0.8253853280460623	YES	P62873
82	W	82	119.532	87.882	124.425	1.5	0.28021978021978	0	0	8.318779903386911	5.901617301927679e-4	-0.921393007695946	0.5798678319307128	YES	P62873
83	D	83	119.789	89.262	127.961	1.5	0.28046218487395	0	0	10.350802462631993	0.002521352486495412	-0.9402950616141851	1.0847321275691437	YES	P62873
84	S	84	116.162	89.179	129.036	0.3	0.283078545071165	0	0	5.067710847557316	0.01427186969396018	-0.9561746963519564	0.7686094070693877	YES	P62873
85	Y	85	116.406	91.499	132.043	0.7	0.262730627306273	0	0	39.95401795790847	0.08541973490427103	-0.6749096122495781	0.8920540231323091	NO	P62873
86	T	86	118.195	94.434	130.392	-0.1	0.281497100685293	0	0	39.95401795790847	0.2959183673469388	-0.6205936431107835	1.2778184483289383	NO	P62873
87	T	87	117.009	93.68	126.779	1.5	0.352912019826518	0	0	8.51338864841873	0.007793166129668012	-1.1498544239931714	1.4096013265016998	YES	P62873
88	N	88	120.535	93.518	125.316	-0.1	0.352912019826518	0	0	12.361463790667894	7.697225922149474e-4	-0.750847297671478	1.2447529261692272	YES	P62873
89	K	89	122.15	91.138	122.843	-0.9	0.354228855721393	0	1	14.565046301146852	2.22338250252304e-4	-0.8760697780025636	0.535828131065022	YES	P62873
90	V	90	125.052	89.367	124.535	-1.3	0.376719576719577	0	0	10.350802462631993	0.002521352486495412	-0.8943920218814929	0.7348729902571609	YES	P62873
91	H	91	126.245	87.276	121.578	-0.9	0.34962962962963	0	1	9.614338864136588	7.068048517594763e-4	-0.6115321931508236	-0.2803432564070754	NO	P62873
92	A	92	124.997	87.226	117.989	-0.1	0.409722222222222	0	2	26.004455546767307	9.010845507733091e-7	-0.7079284109449655	-0.1597444912813568	NO	P62873
93	I	93	126.287	84.314	115.958	-0.1	0.412779850746269	0	0	25.760730227073118	4.248054953184624e-8	-0.6521736203387243	-0.9596152178115099	NO	P62873
94	P	94	126.413	83.878	112.168	0.3	0.410083643122677	0	1	34.05097534203339	4.0834543397653604e-8	-1.0404639936677849	-1.0817032996319815	NO	P62873
95	L	95	124.942	80.653	110.835	0.7	0.409722222222222	0	1	38.95401795790847	7.914420713797688e-9	-0.8156458592047233	0.48975683685582455	YES	P62873
96	R	96	126.49	78.622	108.022	-1.3	0.188528943175783	0	1	39.95401795790847	6.388563179431483e-8	-0.7124255521908721	-0.39529697295244126	NO	P62873
97	S	97	123.067	77.531	106.732	-1.7	0.222431077694236	0	0	39.95401795790847	1.2628555122132e-8	-0.8791674436465253	-0.08492193827995351	NO	P62873
98	S	98	120.113	79.903	106.486	0.7	0.203788748564868	0	0	29.771925433240018	1.9768924559720358e-7	-1.0184520016573322	0.18665621705847324	YES	P62873
99	W	99	117.46	77.429	107.638	0.7	0.189060010621349	0	0	19.671981273930335	9.296778558617648e-7	-1.0809652062062096	0.5099635448423147	YES	P62873
100	V	100	117.496	76.569	111.346	0.7	0.188359788359788	0	0	14.598494391813091	3.4645273025186833e-6	-1.0148946477562182	0.574625010399083	YES	P62873
101	M	101	114.562	74.719	112.881	-0.5	0.202279202279202	0	1	5.29927845017116	0.002994855282439192	-0.9437449545201142	0.8794576337381335	YES	P62873
102	T	102	115.747	74.375	116.486	-0.5	0.203031169573921	1	0	3.2934059080474833	0.05280811331449918	-0.7713102743081705	0.6716172087342354	NO	P62873
103	C	103	118.074	75.862	119.051	1.5	0.221189591078067	0	0	5.29927845017116	0.002994855282439192	-0.9436807629335939	0.7438454415370084	YES	P62873
104	A	104	119.28	74.487	122.373	1.5	0.241743275451141	0	0	1.973936799026395	0.3419420730105298	-1.1016959424528958	0.7524440406801957	NO	P62873
105	Y	105	121.245	76.157	125.151	1.1	0.241743275451141	0	0	1.580555629213975	0.5183157749302041	-0.99900073751505	1.0663528996331115	NO	P62873
106	A	106	123.417	74.17	127.531	0.3	0.244019138755981	0	1	1.2090642384375556	1	-1.2651119696591802	1.1565782004099976	NO	P62873
107	P	107	122.814	73.969	131.304	1.5	0.266666666666667	1	0	1.2013262224201633	1	-1.3971288532793	0.3662713991606073	NO	P62873
108	S	108	126.316	75.361	131.814	-0.1	0.266666666666667	0	0	1.6208703237797453	0.6308318356839047	-1.1354481273909323	0.22882673807375695	NO	P62873
109	G	109	125.678	78.267	129.487	1.5	0.268679245283019	0	0	1.2013262224201633	1	-0.8271356984135182	0.6023370670662693	NO	P62873
110	N	110	128.817	77.445	127.508	-0.1	0.366380789022298	0	0	1.861926902240973	0.41889237529112067	-0.8580584020799013	-0.20131257628213642	NO	P62873
111	Y	111	127.304	75.612	124.546	-0.9	0.366380789022298	0	0	1.4706878129079048	0.6907202662672077	-1.0964586337881403	-0.13665111072536812	NO	P62873
112	V	112	124.632	76.487	121.992	0.7	0.403018867924528	0	0	2.9617620232826347	0.04713152141024656	-0.924767007904267	0.28562784801271046	YES	P62873
113	A	113	123.24	73.839	119.643	1.5	0.447798742138365	0	0	1.0659561901391512	1	-1.1560654300885762	0.24155746139912562	NO	P62873
114	C	114	121.351	74.734	116.466	0.3	0.599326599326599	0	1	11.538976160586218	1.0878961933990126e-5	-1.0693815322179352	0.1683558022782559	YES	P62873
115	G	115	119.759	72.25	114.061	1.5	0.599326599326599	0	0	9.614338864136588	7.068048517594763e-4	-1.2414239983727096	0.7120306247072156	YES	P62873
116	G	116	118.54	73.014	110.567	0.3	0.666666666666667	0	0	19.67533127688699	1.578272247793043e-5	-1.1789224578653452	0.7307587930849381	YES	P62873
117	L	117	117.47	71.391	107.315	-0.5	0.666666666666667	0	0	6.817068006656516	0.022620142001090922	-1.086247782254525	-0.09046434961339074	NO	P62873
118	D	118	121.144	70.926	106.442	1.5	0.567697228144989	0	2	8.51338864841873	0.007793166129668012	-1.0243494589209845	0.28699297395690687	YES	P62873
119	N	119	121.352	67.66	108.482	-0.5	0.498595505617978	0	0	5.253044828848184	0.06117027926679057	-1.0432223907518967	-0.07198964516859979	NO	P62873
120	I	120	124.228	69.025	110.586	-0.9	0.503289473684211	0	0	5.61776592368264	0.018336793416013186	-0.9205781932750765	-0.17360051961494996	NO	P62873
121	C	121	123.828	69.803	114.263	0.7	0.59706498951782	0	0	3.2916925650479443	0.07819560098972785	-1.1794988259624442	0.5907903767882751	NO	P62873
122	S	122	126.316	72.499	115.228	-0.9	0.674242424242424	0	0	3.2916925650479443	0.07819560098972785	-0.8966772416345675	0.3049393857598787	NO	P62873
123	I	123	127.847	73.17	118.641	0.7	0.577922077922078	0	0	1.2090642384375556	1	-0.9577032105797623	0.5261289112315067	NO	P62873
124	Y	124	129.117	76.653	119.48	-0.1	0.509030418250951	0	0	6.575057506334749	0.0014115237112249845	-0.764537358755264	-0.22173198645795797	NO	P62873
125	N	125	131.556	77.223	122.312	-0.1	0.599915504858471	1	0	1.4706878129079048	0.6907202662672077	-0.509399868736095	-1.4298804218607337	NO	P62873
126	L	126	130.828	80.447	124.151	0.3	0.60559796437659	0	0	2.636460534049942	0.15550002079262212	-0.5992701735473795	-1.406787041304745	NO	P62873
127	K	127	133.87	80.972	126.413	-0.9	0.60559796437659	0	0	1.2013262224201633	1	-0.19700825115911755	-1.6454186403832947	NO	P62873
128	T	128	136.563	81.036	123.656	-1.3	0.601605407689058	0	0	0.5832401559566827	1	0.24500712915884074	-2.852432664109636	NO	P62873
129	R	129	139.553	82.739	125.272	-0.5	0.672348484848485	2	0	0.7875779529889985	0.9999999999999999	0.6780417379952469	-2.141156542985185	NO	P62873
130	E	130	141.244	82.76	121.849	-0.1	0.67557251908397	0	1	0.7875779529889985	0.9999999999999999	0.6780417379952469	-2.141156542985185	NO	P62873
131	G	131	138.562	84.827	120.13	-0.1	0.600508905852417	0	0	0.7875779529889985	0.9999999999999999	0.6169572833413193	-2.7231097329960994	NO	P62873
132	N	132	135.004	84.818	118.807	-0.1	0.606215410813112	0	0	3.3367735547935147	0.11958829368430796	0.10578564306506565	-2.4948927957369174	NO	P62873
133	V	133	132.337	82.193	119.324	0.3	0.601605407689058	0	0	3.9331686582903336	0.024548542033337884	-0.3761502424650764	-1.60396898297511	NO	P62873
134	R	134	133.003	79.567	116.7	-1.3	0.59706498951782	0	0	5.067710847557316	0.01427186969396018	-0.20373783937124085	-1.8609568589058556	NO	P62873
135	V	135	131.854	76.141	115.535	-1.7	0.536842105263158	0	0	5.253044828848184	0.06117027926679057	-0.1602209089872347	-1.4816095943061485	NO	P62873
136	S	136	133.685	73.534	117.568	-1.3	0.533333333333333	1	0	0	0.552690406059331	-0.16145031658580314	-1.2049709764458876	NO	P62873
137	R	137	132.327	70.089	116.644	-0.9	0.53134328358209	0	0	0.5832401559566827	1	-0.5082953697087064	-0.47289073162056317	NO	P62873
138	E	138	129.436	69.301	114.317	-0.5	0.529368029739777	0	0	2.571347438744555	0.23094280495908331	-0.5731409988277871	0.574625010399083	NO	P62873
139	L	139	127.292	66.188	114.548	-0.1	0.484848484848485	0	0	1.2090642384375556	1	-0.9064866542881281	0.7992385223331202	NO	P62873
140	A	140	126.444	65.024	111.021	-0.5	0.484848484848485	1	0	2.45554697083501	0.5793720309610549	-0.6600476811419456	0.9487377754060994	NO	P62873
141	G	141	124.805	61.624	110.979	0.3	0.401503759398496	0	0	0.9486589990373735	1	-1.1059603868014836	0.6559733057769528	NO	P62873
142	H	142	121.173	62.074	110.059	1.5	0.367768595041322	0	0	1.6208703237797453	0.6308318356839047	-0.998592494219487	0.9688513649226058	NO	P62873
143	T	143	119.742	61.621	106.585	0.3	0.446115288220551	0	0	2.45554697083501	0.5793720309610549	-0.9242351758043418	0.7157045716138501	NO	P62873
144	G	144	116.442	63.492	106.946	-0.1	0.447798742138365	0	0	1.6208703237797453	0.6308318356839047	-0.5650054340092842	1.1565782004099976	NO	P62873
145	Y	145	116.401	66.832	108.708	-0.1	0.36843910806175	0	0	1.861926902240973	0.41889237529112067	-0.9889009833623271	0.6716172087342354	NO	P62873
146	L	146	116.872	67.92	112.3	1.1	0.368801652892562	0	0	2.0315275272810043	0.4432964792809738	-0.8448751368433361	0.7870841115141787	NO	P62873
147	S	147	113.664	69.015	114.009	-0.5	0.367409948542024	0	0	2.571347438744555	0.23094280495908331	-0.4835230028335073	1.242793487819022	NO	P62873
148	C	148	114.575	69.412	117.694	-0.9	0.371240926374006	0	0	0.5677887552706667	0.7185206917712789	-0.4450300159713296	1.1565782004099976	NO	P62873
149	C	149	117.672	68.97	119.83	0.3	0.367768595041322	0	0	1.2090642384375556	1	-0.835329758666884	1.44549113162109	NO	P62873
150	R	150	118.325	69.034	123.582	-1.3	0.365003417634997	0	0	0.4969657279403765	0.49861498221759054	-0.8236625407078771	1.027255269296461	NO	P62873
151	F	151	121.27	68.69	125.956	1.5	0.366028708133971	0	0	1.0217684796817514	1	-1.179862501082618	0.9078802559608888	NO	P62873
152	L	152	121.678	66.088	128.643	-0.5	0.242424242424242	0	0	0.2406983445499978	0.2728451204091369	-0.6025680875092773	0.09848149129924388	NO	P62873
153	D	153	124.935	67.622	129.895	-0.5	0.244253859348199	0	0	0.31925132676283613	0.42976549093016414	-1.4093390701436397	0.5597031337321364	NO	P62873
154	D	154	127.7	69.674	128.318	-0.9	0.244253859348199	1	0	0.46024590667412846	0.6665577870693333	-1.739199665976676	1.5876546374551197	NO	P62873
155	N	155	129.081	66.563	126.614	-0.9	0.242652084757348	0	0	0.31925132676283613	0.42976549093016414	-1.6551984854738273	0.7255017633648757	NO	P62873
156	Q	156	126.136	64.443	125.416	-0.1	0.132584269662921	1	0	0.27508604117143826	0.27367587531189563	-1.4151920696008917	0.5503769608152949	NO	P62873
157	I	157	123.269	65.834	123.323	1.5	0.133584905660377	0	0	0.5677887552706667	0.7185206917712789	-1.1272458852696199	0.7157045716138501	NO	P62873
158	V	158	120.025	64.098	122.286	0.7	0.121440823327616	1	0	0.27508604117143826	0.27367587531189563	-0.3241863256015431	0.7686094070693879	NO	P62873
159	T	159	118.664	65.03	118.835	-0.5	0.224116161616162	0	0	0.27508604117143826	0.27367587531189563	-0.649106085379481	0.753969075245214	NO	P62873
160	S	160	115.309	64.33	117.173	0.3	0.221598002496879	0	0	0.46024590667412846	0.6665577870693333	-0.21990753967552254	1.035337952491057	NO	P62873
161	S	161	115.751	63.801	113.464	0.3	0.241743275451141	0	0	1.2090642384375556	1	-0.28569984096088663	0.8676652691989052	NO	P62873
162	G	162	113.161	64.044	110.733	1.5	0.332397003745318	0	0	3.803800213634086	0.1521090646115177	0.015172100514579324	1.1565782004099976	NO	P62873
163	D	163	113.889	60.612	109.287	-0.9	0.332397003745318	0	0	0	0.31569479663813427	-0.2523888123157593	0.6392864759558513	NO	P62873
164	T	164	112.298	58.764	112.229	-0.1	0.332397003745318	0	0	0	0.31569479663813427	0.3258767865445526	1.217198324369468	NO	P62873
165	T	165	115.574	58.094	114.141	0.3	0.332706766917293	1	0	0	0.31759824171873285	-0.24834643774366683	0.9410399818874365	NO	P62873
166	C	166	116.152	59.893	117.405	1.5	0.332089552238806	0	0	0	0.10046541729056166	0.31167236822043576	0.7835312837363343	NO	P62873
167	A	167	119.825	59.734	118.292	-0.1	0.330855018587361	0	0	0	0.054349599850047066	-0.5117911711280283	1.3674308054864162	NO	P62873
168	L	168	122.019	60.272	121.335	1.1	0.327205882352941	0	0	0	0.175055304372831	-0.8403262022844463	0.6847242625633102	NO	P62873
169	W	169	125.245	62.06	120.499	1.1	0.326923076923077	0	0	0	0.10060662658457527	-1.3322157675072073	0.4104843670626713	NO	P62873
170	D	170	128.629	62.436	122.139	1.5	0.358957219251337	0	0	0	0.175055304372831	-1.4777492801440657	0.11737607539050735	NO	P62873
171	I	171	130.474	65.655	121.343	0.3	0.357332448573324	0	0	0	0.10046541729056166	-1.1834791405602856	0.12199475150170502	NO	P62873
172	E	172	134.186	64.906	121.823	0.3	0.359959893048128	0	0	0	0.31759824171873285	-1.2925508011234383	-0.1366511107253681	NO	P62873
173	T	173	133.958	61.702	119.819	-0.5	0.478188478188478	0	0	0	0.552690406059331	-1.409061445445778	0.3806406137287782	NO	P62873
174	G	174	131.201	62.849	117.478	1.1	0.397416974169742	1	0	0	0.31759824171873285	-1.019236583620425	-0.055824278779407724	NO	P62873
175	Q	175	129.371	59.579	116.852	1.5	0.397416974169742	0	0	0	0.175055304372831	-1.3033529693545152	0.6505319482265937	NO	P62873
176	Q	176	125.94	58.298	117.794	-0.9	0.400371747211896	0	0	0	0.10060662658457527	-1.3507604582667057	0.9237969244056318	NO	P62873
177	T	177	126.135	56.419	121.075	-1.3	0.401865671641791	1	0	0	0.31759824171873285	-1.0690521343022645	0.4850937503974039	NO	P62873
178	T	178	122.69	54.918	120.485	-1.7	0.404887218045113	0	0	0	0.175055304372831	-0.42091928378911586	0.613421889733144	NO	P62873
179	T	179	119.755	55.222	118.12	-0.5	0.446517412935323	1	0	0	0.10060662658457527	-0.24528361609208835	0.8979323381829245	NO	P62873
180	F	180	116.012	55.103	118.759	0.3	0.515212399540758	0	0	0	0.10046541729056166	0.5911519466843457	0.2697923870600326	NO	P62873
181	T	181	113.988	53.532	115.941	-2.1	0.674812030075188	0	0	0	0.31759824171873285	0.5340190426545813	0.9327500504057996	NO	P62873
182	G	182	110.412	53.356	117.174	1.5	0.674812030075188	1	0	0	0.175055304372831	1.6806065862155626	0.4453020792855464	NO	P62873
183	H	183	108.178	55.617	115.109	1.5	0.726015557476232	0	0	0	0.175055304372831	1.4202545841307666	0.6177326541035952	NO	P62873
184	T	184	106.931	55.564	111.525	-0.1	0.674812030075188	0	0	0	0.552690406059331	1.574103563269317	0.7524440406801957	NO	P62873
185	G	185	107.037	59.316	111.058	1.1	0.669776119402985	0	0	0	0.552690406059331	1.1359411115582065	1.0872980587420316	NO	P62873
186	D	186	108.913	62.594	111.271	-0.9	0.721297359357061	0	0	0	0.552690406059331	0.7265568022988074	0.9802287488915385	NO	P62873
187	V	187	110.004	63.043	114.893	0.3	0.727431059506531	0	0	0	0.552690406059331	0.7774004299365437	0.41759002261836004	NO	P62873
188	M	188	108.798	66.587	115.545	0.7	0.727431059506531	1	0	0.46024590667412846	0.6665577870693333	0.44009889696961096	0.7597919344934648	NO	P62873
189	S	189	109.714	67.378	119.135	-0.1	0.850868232890705	0	0	0.2406983445499978	0.2728451204091369	0.2833187708585197	0.6200256138751118	NO	P62873
190	L	190	111.249	65.691	122.163	1.5	0.809774436090225	0	0	0	0.10046541729056166	0.5341278615681582	0.8263919933116063	NO	P62873
191	S	191	111.194	66.725	125.796	-1.7	0.808301886792453	0	0	0	0.016126295626028273	0.7341821791302048	0.07888710779719282	NO	P62873
192	L	192	113.4	65.614	128.679	-0.5	0.805263157894737	0	0	0	0.10046541729056166	0.7020067362505195	-0.17068346101840406	NO	P62873
193	A	193	112.315	64.4	132.091	-0.9	0.84433962264151	0	0	0	0.10060662658457527	1.2728550312504572	-0.33063550739567293	NO	P62873
194	P	194	113.572	66.396	135.105	-0.1	0.848384030418251	2	0	0	0.10060662658457527	0.9964325646534706	-2.53836268854819	NO	P62873
195	D	195	115.787	63.468	136.169	-2.1	0.84280303030303	1	0	0	0.31759824171873285	1.1989551892597818	-1.5376495311220142	NO	P62873
196	T	196	117.17	63.315	132.564	-0.9	0.848384030418251	2	0	0	0.10060662658457527	0.7246491181463557	0.07026557905629037	NO	P62873
197	R	197	116.81	59.526	132.321	-0.9	0.964959568733154	0	0	0	0.175055304372831	1.9191991304346294	-1.1527598551888698	NO	P62873
198	L	198	113.741	59.333	130.068	-0.5	0.958646616541353	0	0	0	0.030886785378865543	1.8281492265040091	-0.48016514649569964	NO	P62873
199	F	199	112.8	61.422	127.037	0.3	0.962264150943396	0	0	0	0.03054936391976201	1.0686959610531745	0.04219975145292715	NO	P62873
200	V	200	109.394	61.444	125.383	-0.1	0.955961331901181	0	0	0	0.008778391997519354	1.299316197841704	0.5597031337321364	NO	P62873
201	S	201	109.23	61.642	121.597	1.5	0.963203463203463	0	0	0	0.030886785378865543	1.1031392747654614	0.30173170660865417	NO	P62873
202	G	202	106.551	63.272	119.453	1.5	0.955961331901181	0	0	0	0.175055304372831	1.1386580184023039	0.8074062864034487	NO	P62873
203	A	203	106.163	62.237	115.833	0.3	1.00280898876405	0	0	0	0.31759824171873285	0.9605419314792684	0.7956769973024536	NO	P62873
204	C	204	103.834	62.608	112.869	-0.1	1.01037735849057	0	0	0	1	1.2980318432284812	0.24727634101794357	NO	P62873
205	D	205	102.15	59.2	113.259	1.5	1.00280898876405	0	0	0	1	1.670796045381806	0.3538841452225292	NO	P62873
206	A	206	100.15	60.512	116.273	-0.9	0.995353159851301	0	0	0	0.31569479663813427	1.4425595349188356	0.7571985602064286	NO	P62873
207	S	207	102.411	58.479	118.559	-0.9	1.00280898876405	0	0	0	0.31759824171873285	1.6769701388821912	0.9576198448507104	NO	P62873
208	A	208	104.036	59.503	121.822	-0.9	0.995353159851301	0	0	0	0.054349599850047066	1.4521000545236669	0.858140667071067	NO	P62873
209	K	209	106.692	57.127	123.1	-0.5	1.00280898876405	0	0	0	0.175055304372831	1.9303653480732745	0.8407896476908966	NO	P62873
210	L	210	108.721	56.884	126.277	-0.1	1.11423220973783	0	0	0	0.175055304372831	1.6985013085154925	0.5415057231626894	NO	P62873
211	W	211	112.408	56.306	125.664	1.5	1.06966292134831	0	0	0	0.10046541729056166	1.7045937612986928	0.3177267553492199	NO	P62873
212	D	212	115.057	55.136	128.105	1.5	0.888059701492537	0	0	0	0.10046541729056166	1.7548670534730093	-0.4368650579532208	NO	P62873
213	V	213	118.376	56.855	127.485	0.3	0.661710037174721	0	0	0	0.030886785378865543	0.9202118726016623	-0.358924898576759	NO	P62873
214	R	214	120.822	54.196	128.671	1.5	0.656826568265683	0	0	0	0.10046541729056166	0.8320565581176066	-0.41377167739723214	NO	P62873
215	E	215	118.864	51.249	127.281	-1.7	0.869352869352869	0	0	0	0.31759824171873285	1.8239141665639427	-0.56772754777049	NO	P62873
216	G	216	117.667	52.667	123.977	-0.5	0.875768757687577	0	0	0	0.10046541729056166	1.1269382109515687	-0.41021884961938776	NO	P62873
217	M	217	114.196	51.109	123.841	-0.5	0.869352869352869	1	0	0	0.31759824171873285	1.7915543432561447	0.30304685506065626	NO	P62873
218	C	218	110.664	52.502	123.851	1.5	0.784615384615385	1	0	0	0.31759824171873285	2.137592420345926	0.5597031337321364	NO	P62873
219	R	219	108.96	51.398	127.061	-1.3	0.776086956521739	1	0	0	0.31759824171873285	2.2086685211394017	0.8192140322877283	NO	P62873
220	Q	220	105.498	52.822	126.395	0.3	0.651459854014599	0	0	0	0.175055304372831	1.9586008266231258	1.4439624917734124	NO	P62873
221	T	221	103.336	54.068	123.556	-0.5	0.554347826086957	0	0	0	0.175055304372831	1.9345856898757108	0.5289816229472466	NO	P62873
222	F	222	100.655	56.738	123.85	1.5	0.554347826086957	0	0	0	0.10046541729056166	1.521590287551804	0.6231211095666592	NO	P62873
223	T	223	98.169	56.846	120.971	-2.1	0.554347826086957	0	0	0	0.31569479663813427	1.5654262586074665	-0.2983047746172888	NO	P62873
224	G	224	95.381	59.283	121.737	-0.1	0.646739130434783	0	0	0	0.31569479663813427	0.8851465772124709	-0.11644440273887804	NO	P62873
225	H	225	95.711	61.914	119.024	-0.9	0.652014652014652	0	0	0	0.552690406059331	1.0156387713489072	0.41487315431765537	NO	P62873
226	E	226	93.903	62.19	115.715	-1.7	0.652014652014652	0	0	0	0.31569479663813427	0.8617728576652725	0.45118039433616175	NO	P62873
227	S	227	96.805	63.926	113.977	1.5	0.588429752066116	0	0	0	0.552690406059331	1.1694644663732094	0.48509375039740377	NO	P62873
228	D	228	100.52	64.662	114.205	-0.9	0.646209386281588	0	0	0	0.31569479663813427	1.1885890514747999	0.7255017633648757	NO	P62873
229	I	229	102.123	65.884	117.433	0.7	0.603128760529483	0	0	0	0.10060662658457527	1.0944781093909601	0.7956769973024536	NO	P62873
230	N	230	103.769	69.288	117.084	-0.1	0.603128760529483	0	0	0	0.030886785378865543	0.7296170588143551	0.5834424829750059	NO	P62873
231	A	231	105.323	69.793	120.515	0.3	0.56339928057554	0	0	0	0.030886785378865543	0.4496038936225375	0.08347302734022605	NO	P62873
232	I	232	105.528	67.859	123.76	0.7	0.537084398976982	0	0	0	0.030886785378865543	0.817994594724387	0.4695501288693345	NO	P62873
233	C	233	106.244	68.939	127.338	-1.3	0.537084398976982	1	0	0.2406983445499978	0.2728451204091369	0.36521753903573345	1.0243161117711532	NO	P62873
234	F	234	106.702	67.05	130.607	-0.5	0.45704612780364	0	0	0.19062314796049545	0.10282964105355494	0.8420723418666488	0.5888189906432516	NO	P62873
235	F	235	104.741	67.794	133.709	-1.3	0.402901785714286	0	0	0.27508604117143826	0.27367587531189563	-0.06281938771333724	0.24371045137326885	NO	P62873
236	P	236	107.52	69.306	135.855	1.5	0.457938013915244	0	0	0.21316406085133197	0.16620442570211402	-0.04494247648194951	-1.6238648185310385	NO	P62873
237	N	237	107.982	66.341	138.226	0.7	0.457938013915244	0	0	0.31925132676283613	0.42976549093016414	0.1627914121685345	-0.22902463294932277	NO	P62873
238	G	238	108.315	63.559	135.653	1.5	0.459585272958104	0	0	0	0.10046541729056166	1.1329112384118734	-0.7086563829583183	NO	P62873
239	N	239	105.095	61.568	135.985	-1.3	0.459585272958104	0	0	0	0.175055304372831	0.7515899797310738	0.39449664206237134	NO	P62873
240	A	240	102.963	63.019	133.181	-0.1	0.455042016806723	1	0	0	0.054349599850047066	0.6062169445925744	0.16044210940032402	NO	P62873
241	F	241	103.287	65.095	130.029	0.3	0.50457984866587	0	0	0	0.030886785378865543	0.7024994612221257	0.861384553303012	NO	P62873
242	A	242	101.214	67.145	127.62	-0.1	0.499211977935382	0	0	0	0.10060662658457527	0.1445560184681994	1.0401875624078145	NO	P62873
243	T	243	101.163	66.957	123.823	0.7	0.502777777777778	2	0	0	0.030886785378865543	0.5357370000240274	0.5780282454283865	NO	P62873
244	G	244	100.023	69.459	121.21	1.5	0.529411764705882	0	0	0	0.054349599850047066	0.4492508693682719	0.40439380515779505	NO	P62873
245	S	245	98.572	68.426	117.875	0.3	0.529411764705882	0	0	0	0.10046541729056166	0.6003488146344801	0.09848149129924381	NO	P62873
246	D	246	97.025	69.847	114.717	0.7	0.529411764705882	0	0	0	0.175055304372831	0.3135621460781406	-0.2826608716600062	NO	P62873
247	D	247	93.471	68.821	115.607	1.5	0.570976670620799	0	0	0	0.31759824171873285	0.07628178558662323	-1.5592033529742702	NO	P62873
248	A	248	93.251	71.675	118.176	0.3	0.566941499803691	0	0	0	0.10046541729056166	-0.25117048938192443	-0.3952969729524413	NO	P62873
249	T	249	93.641	69.257	121.103	0.7	0.527117229870672	0	0	0	0.10046541729056166	-0.056164305416644855	-0.3952969729524413	NO	P62873
250	C	250	96.105	69.411	123.962	1.5	0.527117229870672	0	0	0	0.030886785378865543	-0.23220525043625256	0.07026557905629037	NO	P62873
251	R	251	96.052	66.074	125.761	-0.5	0.527527737073477	1	0	0	0.10060662658457527	0.13017600532291446	0.07387459108736578	NO	P62873
252	L	252	97.617	65.244	129.113	1.5	0.560498220640569	0	0	0.2406983445499978	0.2728451204091369	0.1191995397542568	0.40709303145654696	NO	P62873
253	F	253	99.183	61.786	129.177	0.7	0.602888842369688	0	0	0.27508604117143826	0.27367587531189563	0.6196543495477745	-0.08691152183554635	NO	P62873
254	D	254	99.975	59.827	132.307	1.5	0.60672268907563	0	0	0.2406983445499978	0.2728451204091369	0.7918217775419206	-0.17360051961495	NO	P62873
255	L	255	103.114	57.709	132.527	1.1	0.568120503597122	0	0	0	0.552690406059331	1.0452142445486665	0.40567085846043033	NO	P62873
256	R	256	102.189	55.154	135.16	1.5	0.523188405797102	1	0	0	0.31569479663813427	0.7218064103198757	0.5099635448423147	NO	P62873
257	A	257	98.469	54.806	134.409	1.1	0.538576300085252	0	0	0.31925132676283613	0.42976549093016414	1.2450962917533142	-0.3177032142843193	NO	P62873
258	D	258	99.609	54.776	130.766	-0.9	0.57223731884058	0	0	0	0.10060662658457527	1.2561998058527934	-1.1065730940768925	NO	P62873
259	Q	259	96.668	56.702	129.258	0.3	0.467132505175983	0	0	0.21316406085133197	0.16620442570211402	1.2745362879711661	-1.1916539698094823	NO	P62873
260	E	260	95.255	60.182	128.802	-0.5	0.503496503496504	0	0	0.2406983445499978	0.2728451204091369	0.882787044131569	0.004795845180062496	NO	P62873
261	L	261	93.99	62.001	131.884	0.7	0.556988138215575	0	0	0.14227708501404754	0.035623727583598545	0.8464371502398678	-0.17360051961495	NO	P62873
262	M	262	92.401	65.015	130.17	-0.9	0.561038961038961	1	0	0.21316406085133197	0.16620442570211402	0.6046887065563777	0.06541596913953275	NO	P62873
263	T	263	91.841	66.701	126.79	-0.9	0.604195804195804	0	0	0.27508604117143826	0.27367587531189563	0.3994577723153697	0.3923972438300088	NO	P62873
264	Y	264	91.941	70.47	126.259	0.7	0.604195804195804	0	0	0	0.03054936391976201	-0.07398475948604115	-0.2727805118975119	NO	P62873
265	S	265	89.756	71.254	123.257	-1.3	0.654545454545455	0	0	0	0.10060662658457527	-0.1994021377883509	-1.1712345596336606	NO	P62873
266	H	266	86.927	73.714	122.752	-1.7	0.603165787281311	0	0	0	1	-0.08895068100392535	-1.9687259681671359	NO	P62873
267	D	267	84.621	74.087	119.758	-0.9	0.506293706293706	0	0	0	1	-0.12295709670361989	-2.5467602814776407	NO	P62873
268	N	268	85.774	77.637	118.991	0.7	0.473574045002616	1	0	0	1	-0.2224592336701008	-2.7231097329960994	NO	P62873
269	I	269	89.361	76.431	118.438	-2.1	0.412087912087912	0	0	0	0.175055304372831	-0.4577328955006707	-1.0257462621309321	NO	P62873
270	I	270	90.023	74.965	114.997	-2.1	0.409090909090909	0	0	0	0.552690406059331	-0.41730809465701163	-1.9243504525889619	NO	P62873
271	C	271	93.729	75.732	114.668	-0.9	0.408740942028985	0	0	0	0.31759824171873285	-0.5696996637206799	-0.2983047746172889	NO	P62873
272	G	272	96.77	73.61	115.408	-0.9	0.325812274368231	1	0	0	0.10060662658457527	-0.422082525126276	0.41487315431765537	NO	P62873
273	I	273	98.87	73.811	118.549	-0.1	0.358134920634921	0	0	0	0.030886785378865543	-0.45060511849718526	0.3714032615063826	NO	P62873
274	T	274	102.474	74.752	117.829	-0.5	0.33955857385399	0	0	0	0.03054936391976201	-0.3524737212403417	0.9802287488915385	NO	P62873
275	S	275	103.921	74.44	121.349	1.5	0.387096774193548	0	0	0	0.00451411950985024	-0.24365306877775605	1.1161647844370173	NO	P62873
276	V	276	102.869	73.349	124.837	1.5	0.387096774193548	1	0	0.17183073104657204	0.10037877473409061	-0.35993958817729205	0.5099635448423147	NO	P62873
277	S	277	104.508	74.287	128.123	-1.7	0.383571428571429	0	0	0.19062314796049545	0.10282964105355494	-0.5756717199396038	-0.007328179611831534	NO	P62873
278	F	278	103.708	74.203	131.825	1.5	0.380851063829787	0	0	0.3937598281850338	0.333538547608348	-0.6487503134818305	0.4104843670626711	NO	P62873
279	S	279	103.983	76.778	134.586	1.5	0.383571428571429	0	1	0.6587018992580526	1	-0.82356541910732906	-0.6656994652807449	NO	P62873
280	K	280	106.182	76.393	137.663	-1.7	0.386021505376344	0	0	1.6208703237797453	0.6308318356839047	-0.7439538753941188	-0.7832657662930509	NO	P62873
281	S	281	103.769	74.426	139.845	0.3	0.467904855001629	0	0	1.1941407169917873	1	-0.7448938959791218	-0.29830477461728877	NO	P62873
282	G	282	101.941	72.888	136.893	1.1	0.490186038573135	0	0	0.46024590667412846	0.6665577870693333	-0.5551342599949788	0.08631946016003977	NO	P62873
283	R	283	98.394	74.12	137.56	0.3	0.491949297704693	0	0	0.37805909108955604	0.6701821589490145	-8.322356599491462e-4	0.1507331806380465	NO	P62873
284	L	284	98.68	76.247	134.399	-0.1	0.453610108303249	0	0	0.31925132676283613	0.42976549093016414	-0.128277737930236	-0.17360051961494996	NO	P62873
285	L	285	99.148	74.713	130.955	1.5	0.414670167377749	0	0	0.19062314796049545	0.10282964105355494	-0.34372189829779864	0.42913671289635436	NO	P62873
286	L	286	100.419	77.106	128.297	0.3	0.414670167377749	0	0	0.35499819223736545	0.22020648795142453	-0.5742920832154645	0.5099635448423147	NO	P62873
287	A	287	99.664	76.333	124.675	-0.1	0.437575757575758	0	0	0.13044762547242522	0.0337581688052267	-0.474434682137275	0.37317967539530483	NO	P62873
288	G	288	100.625	78.332	121.636	1.5	0.416425679583574	1	0	0	0.016126295626028273	-0.5116496625549888	0.8794576337381335	NO	P62873
289	Y	289	97.922	78.243	118.998	-0.5	0.464944649446495	0	0	0	0.030886785378865543	-0.4815222581627264	0.5530711885468269	NO	P62873
290	D	290	97.802	78.972	115.318	-0.9	0.466666666666667	1	0	0	0.10060662658457527	-0.5574336137789652	0.126036093099003	NO	P62873
291	D	291	95.185	81.753	115.485	1.5	0.464944649446495	0	0	0	0.175055304372831	-0.5980386700715948	-0.5061451996211869	NO	P62873
292	F	292	97.961	84.103	116.703	0.3	0.398161764705882	0	0	0	0.31759824171873285	-0.5490009600162273	0.01942828889441735	NO	P62873
293	N	293	97.432	83.852	120.475	-0.5	0.416058394160584	1	0	0.2406983445499978	0.2728451204091369	-0.6743797532574234	0.07254774842888216	NO	P62873
294	C	294	98.454	81.667	123.409	0.3	0.462820512820513	0	0	0.19062314796049545	0.10282964105355494	-0.592595629443469	-0.10853743004851234	NO	P62873
295	N	295	95.472	80.346	125.368	-0.5	0.440781440781441	0	0	0	0.054349599850047066	-0.18245521430174966	-0.07786796021921513	NO	P62873
296	V	296	96.226	79.454	128.996	0.7	0.437575757575758	2	0	0.27508604117143826	0.27367587531189563	0.018550912200824946	0.5099635448423147	NO	P62873
297	W	297	94.645	76.269	130.329	-0.1	0.434782608695652	0	0	0.2406983445499978	0.2728451204091369	0.054586186841404157	0.3252165003944053	NO	P62873
298	D	298	93.682	75.337	133.884	1.5	0.458181818181818	0	0	0.2406983445499978	0.2728451204091369	0.45595505459112123	0.2944253263197538	NO	P62873
299	A	299	95.455	71.992	134.097	-2.5	0.461538461538462	0	0	0.32216931612108657	0.21828059559261118	0.22363179230900054	-0.007328179611831534	NO	P62873
300	L	300	93.216	70.246	136.637	0.7	0.512820512820513	0	0	0.15592073546622068	0.05890273914902467	1.0490243422427747	-0.7226456423335806	NO	P62873
301	K	301	89.942	71.876	135.597	-0.1	0.516135620915033	0	0	0.13044762547242522	0.0337581688052267	1.1896025612196344	-0.8479272318498192	NO	P62873
302	A	302	90.286	72.105	131.758	0.3	0.568802521008403	0	0	0.15592073546622068	0.05890273914902467	0.723554084312896	-0.7262115319782553	NO	P62873
303	D	303	89.247	75.755	131.65	-0.5	0.592883211678832	0	0	0	0.054349599850047066	0.598508764928406	-1.3852863076836521	NO	P62873
304	R	304	90.748	78.621	129.681	-0.9	0.554744525547445	1	0	0	0.175055304372831	0.317862710164779	-0.9084169899513121	NO	P62873
305	A	305	92.328	80.831	132.33	-0.1	0.651624548736462	0	0	0	0.31759824171873285	0.42101789111392596	-0.20849718356622174	NO	P62873
306	G	306	93.297	83.61	129.927	-0.5	0.617328519855596	0	0	0	0.175055304372831	0.4636873210658121	-0.29830477461728877	NO	P62873
307	V	307	94.574	84.504	126.483	0.7	0.586462093862816	0	0	0	0.175055304372831	-0.01562048391578376	0.39449664206237134	NO	P62873
308	L	308	97.988	85.926	125.563	0.7	0.586462093862816	0	0	0.37805909108955604	0.6701821589490145	-0.3810650349279015	0.15894416039128692	NO	P62873
309	A	309	97.028	87.9	122.477	-0.9	0.548736462093863	1	0	0.37805909108955604	0.6701821589490145	-0.2999255575004796	0.5818096176831683	NO	P62873
310	G	310	99.971	90.211	121.87	-1.3	0.551776553296599	0	0	0.7875779529889985	0.9999999999999999	-0.40530134395430856	1.1565782004099976	NO	P62873
311	H	311	101.41	88.611	118.749	1.5	0.586666666666667	0	0	0.5832401559566827	1	-0.7613940086033063	0.7811245294352139	NO	P62873
312	D	312	100.486	89.263	115.143	-0.5	0.494069343065694	0	0	0.9486589990373735	1	-0.700632301583559	0.45823437239689996	NO	P62873
313	N	313	101.579	86.086	113.354	0.3	0.465006440532417	0	0	0.37805909108955604	0.6701821589490145	-0.6229860891901381	0.7835312837363343	NO	P62873
314	R	314	101.967	82.34	114.017	0.7	0.439172749391728	0	0	0.2406983445499978	0.2728451204091369	-0.6131852993672064	0.36851658893688405	NO	P62873
315	V	315	103.66	81.594	117.331	1.5	0.438787878787879	0	0	0.3937598281850338	0.333538547608348	-0.8010459935691542	0.3714032615063826	NO	P62873
316	S	316	106.429	79.071	116.771	-0.9	0.497252747252747	0	0	0.35499819223736545	0.22020648795142453	-0.7644400459339573	0.40709303145654696	NO	P62873
317	C	317	108.196	78.698	120.119	-0.1	0.494069343065694	2	0	0.55114704553568294	0.541910574404211	-0.7954330054614751	-0.015410862806427587	NO	P62873
318	L	318	107.199	79.189	123.745	0.3	0.496806569343066	0	0	0.6832843014592569	0.7495242029637061	-0.9183935465720092	1.0300666373641465	NO	P62873
319	G	319	109.47	78.971	126.781	-1.3	0.495879120879121	0	0	0.9445466536653591	1	-0.8738822349074198	0.537479062100514	NO	P62873
320	V	320	109.03	79.245	130.54	-0.5	0.437575757575758	1	0	1.0659561901391512	1	-0.9635032308645085	0.062307244833918966	NO	P62873
321	T	321	111.934	80.011	132.87	-1.3	0.467339352097716	1	0	1.4706878129079048	0.6907202662672077	-0.8376447051759789	-0.5955389308056591	NO	P62873
322	D	322	113.094	77.519	135.476	-1.3	0.468920392584515	0	0	1.0217684796817514	1	-0.3386772491623832	-1.0070939162972488	NO	P62873
323	D	323	112.067	79.72	138.399	-0.1	0.503305288461538	1	0	2.5112273514816796	0.3569328750622856	-0.42604104878706234	-0.8802579646282035	NO	P62873
324	G	324	108.743	80.325	136.651	-0.9	0.505583126550869	0	0	1.6208703237797453	0.6308318356839047	-0.8414729161902368	-0.7832657662930509	NO	P62873
325	M	325	108.98	84.103	136.625	-0.5	0.434842249657064	0	0	1.6208703237797453	0.6308318356839047	-0.8782120873390009	-0.6216121024011303	NO	P62873
326	A	326	108.114	84.792	132.986	0.3	0.472573839662447	0	1	2.5112273514816796	0.3569328750622856	-0.7288739087851085	-0.157509648001745	NO	P62873
327	V	327	106.925	83.277	129.713	-0.1	0.470680834317198	0	0	0.6112488289160074	0.546196791251891	-0.8081103103800578	0.2543251926411378	NO	P62873
328	A	328	108.618	84.289	126.466	-0.1	0.515555555555556	0	0	1.0217684796817514	1	-0.5881258394689092	0.5099635448423147	NO	P62873
329	T	329	106.792	83.551	123.22	0.7	0.515068493150685	0	0	0.44023151776018726	0.5006034016602983	-0.7272203724520917	0.47404050842188783	NO	P62873
330	G	330	108.307	83.813	119.777	0.3	0.569640062597809	0	0	0.7711946562291908	1	-0.6714258044854908	0.721103024211354	NO	P62873
331	S	331	106.347	84.258	116.585	1.5	0.56682769726248	0	0	0.7711946562291908	1	-0.6414666970816274	0.22882673807375695	NO	P62873
332	W	332	106.876	84.588	112.857	-0.5	0.569514237855946	0	0	2.636460534049942	0.15550002079262212	-0.6991644762875631	0.3430952466312997	NO	P62873
333	D	333	106.677	88.387	112.98	1.5	0.429319371727749	0	0	5.253044828848184	0.06117027926679057	-0.5160644047987103	0.5545576590193962	NO	P62873
334	S	334	110.256	88.479	114.407	-1.3	0.431693989071038	0	0	4.003928837086802	0.037719664150347734	-0.5260480563919674	0.6430900915768376	YES	P62873
335	F	335	109.316	89.523	117.932	-0.5	0.515254237288136	0	0	2.0315275272810043	0.4432964792809738	-0.46801441633416224	0.6177326541035952	NO	P62873
336	L	336	109.992	87.847	121.261	0.7	0	0	0	1.973936799026395	0.3419420730105298	-0.6286642436143732	1.1987487214252812	NO	P62873
337	K	337	107.378	88.954	123.781	-0.5	0	0	1	1.2090642384375556	1	-0.5564754454384767	0.7201133079018116	NO	P62873
338	I	338	108.092	88.275	127.454	0.7	0	0	0	2.5112273514816796	0.3569328750622856	-0.7169943960041456	1.3182318643019184	NO	P62873
339	W	339	104.963	87.885	129.561	1.5	0	0	0	1.6208703237797453	0.6308318356839047	-0.41705432456518243	-0.1954342612315211	NO	P62873
340	N	340	104.339	88.131	133.303	-0.1	0	0	0	3.803800213634086	0.1521090646115177	-0.44232131968952854	-0.22902463294932282	NO	P62873
