Uniprot_position	aminoacid	Position_in_structure	x	y	z	paraz	mtr	gscount	pscount	OR	pvalue	mtr3dscore	paraz3dscore	HotSpot3D	Uniprot
1	M	1	38.808	107.878	36.737	-1.55	0	0	0	1.7178653718261911	1	-1.4983613098339983	-1.852637271265882	NO	P01116
2	T	2	35.352	108.473	35.181	-1.55	0	0	0	1.1402857554838437	1	-0.9018666150514745	-0.8910562319294123	NO	P01116
3	E	3	34.188	105.741	32.786	-0.95	0	0	0	0.5059774544234178	0.4881172137645022	-0.8777766863030882	-0.672123409830236	NO	P01116
4	Y	4	32.343	106.239	29.481	0.55	0	0	0	0.41451365107246313	0.3145540780734222	-0.41071898115925143	0.12724541000497566	NO	P01116
5	K	5	30.531	103.434	27.622	1.15	0	0	2	0.652991034682121	0.7386057178160511	-0.5178609244099014	0.9426457786754877	NO	P01116
6	L	6	30.856	104.061	23.886	0.55	0	1	0	0.66407413036305	0.5440331629102557	-0.2390888972711826	0.8118964484221987	NO	P01116
7	V	7	29.34	101.943	21.129	0.85	0	0	0	0.98033059264812	1	-0.6736739256032073	1.1570618774188863	NO	P01116
8	V	8	30.391	101.97	17.486	0.85	0	0	0	2.3594536157889006	0.16761470222364142	-0.7848845971972844	1.1956899712108007	NO	P01116
9	V	9	27.49	101.108	15.092	1.15	0	0	0	1.9327764233404685	0.27862311679807056	-0.8209672257673586	0.8760444035853684	NO	P01116
10	G	10	26.936	101.102	11.389	1.75	0	0	0	2.9570795830673053	0.13346311024518148	-0.6404398066981833	0.8108222562352654	NO	P01116
11	A	11	26.656	98.904	8.316	-0.35	0	0	0	5.320906221691411	0.017614609447743217	-0.7514855868409753	0.5476451704366039	YES	P01116
12	G	12	28.883	95.941	7.477	-0.05	0	1	2	8.26312221976339	0.005816554255098419	-1.1381768289762326	0.8878307237054154	YES	P01116
13	G	13	32.307	96.98	6.208	1.75	0	0	2	6.8263604579235	0.004163150299240787	-0.985968320606129	1.3492073803262412	YES	P01116
14	V	14	32.28	100.705	6.922	1.75	0	0	1	7.714752136954691	0.001906511398895343	-0.47965488915639876	1.4198892262264533	YES	P01116
15	G	15	35.36	100.496	9.168	1.75	0	0	1	14.461928168484292	2.0074981689711663e-5	-0.5699058318437261	1.2982719890623513	YES	P01116
16	K	16	34.053	100.219	12.734	1.75	0	0	0	14.461928168484292	2.0074981689711663e-5	-0.7915961638523981	1.426608641183015	YES	P01116
17	S	17	36.794	97.802	13.783	1.15	0	0	0	25.65257499299573	1.1520479911500545e-6	-1.31409731624301	0.7326210650265202	YES	P01116
18	A	18	39.512	99.561	11.817	0.55	0	0	0	31.538549727499035	1.2461862989586737e-5	-0.8597178672347598	0.7017917492615342	YES	P01116
19	L	19	38.65	102.867	13.614	1.75	0	0	1	10.59874508494177	0.001167172709755572	-0.33248039126786694	1.3604180406044182	YES	P01116
20	T	20	38.752	101.231	17.009	0.55	0	0	0	19.34094265171661	5.991304809174475e-4	-0.9492827763823696	1.0761477264077934	YES	P01116
22	Q	22	43.597	102.502	15.108	0.25	0	0	3	32.53854972749903	0.0011610764516243551	-0.5763056031960714	0.44488078455331703	YES	P01116
23	L	23	42.594	104.203	18.422	0.85	0	0	1	11.413751294197956	0.00769586008168791	-0.5096150569630623	0.017766305725905984	YES	P01116
24	I	24	43.755	101.327	20.669	-0.35	0	0	0	32.53854972749903	0.00574454985338009	-1.2536975769006176	0.21563715450598475	YES	P01116
25	Q	25	46.864	99.964	18.845	-0.65	0	0	0	32.53854972749903	0.012469274242936909	-1.5001239977399097	-0.23215516950127885	NO	P01116
26	N	26	47.854	102.726	16.424	-0.95	0	0	1	32.53854972749903	0.0026051632515328767	-0.6833453413686951	-0.939415942933312	NO	P01116
27	H	27	47.553	100.006	13.764	-1.25	0	0	0	32.53854972749903	0.0026051632515328767	-0.9976736023879714	-0.750431282825967	NO	P01116
28	F	28	45.712	99.978	10.417	-0.65	0	0	0	13.124919450126647	0.003701740188802355	-0.7650766819522229	-0.06894114486311735	NO	P01116
29	V	29	43.992	96.645	9.725	-0.95	0	0	0	32.53854972749903	0.0011610764516243551	-1.1391135291982264	-0.028728993865309502	NO	P01116
30	D	30	43.898	95.957	5.965	-0.35	0	0	0	32.53854972749903	0.0011610764516243551	-1.2787842900011683	0.22008369043362697	YES	P01116
31	E	31	42.014	92.615	6.348	-0.65	0	0	0	32.53854972749903	0.012469274242936909	-1.6648765559548873	-0.7956321593235031	NO	P01116
32	Y	32	38.19	92.524	6.573	-0.35	0	0	0	8.40745155412697	0.030859642668157775	-1.9034441284625598	0.23935201278674317	YES	P01116
33	D	33	37.352	90.061	9.429	1.15	0	0	0	6.357073082509018	0.024860174927821214	-1.7615261676987963	-0.37723430251297796	NO	P01116
34	P	34	33.608	90.536	10.203	-1.55	0	0	2	8.26312221976339	0.005816554255098419	-1.631949197435955	0.15126825345821154	YES	P01116
35	T	35	32.941	91.247	13.874	-0.05	0	0	0	8.26312221976339	0.005816554255098419	-1.6674215266577093	0.47913557984774585	YES	P01116
36	I	36	30.533	89.418	16.156	-0.95	0	0	1	5.52959440429674	0.027666459546115692	-1.1492301588506155	-0.901332670517741	NO	P01116
37	E	37	31.127	91.606	19.28	-0.35	0	0	0	8.40745155412697	0.030859642668157775	-1.2397698024068848	0.04666878925558031	YES	P01116
38	D	38	34.468	92.924	20.691	-0.05	0	0	0	32.53854972749903	0.026681522359642308	-1.5846286608900615	0.3714776517795406	YES	P01116
39	S	39	35.226	94.969	23.801	0.25	0	0	0	7.078373483334068	0.05954234496983469	-1.5790237965384437	0.614665422099617	NO	P01116
40	Y	40	38.127	97.416	24.178	1.75	0	0	0	9.847696821673857	0.015601944450709603	-1.7112500207271528	0.5713600287173624	YES	P01116
41	R	41	39.335	99.782	26.948	-0.95	0	0	0	3.6425545930135064	0.36246226319744423	-1.7069024100232064	0.18329871139585943	NO	P01116
42	K	42	41.563	102.832	26.786	1.15	0	0	0	4.074770906372476	0.09189043553795066	-1.4177715583494712	-0.5827630742795518	NO	P01116
43	Q	43	42.615	105.456	29.342	-1.25	0	0	0	2.6484833343199865	0.6174773579184666	-1.4096174618830157	-1.2712844596975736	NO	P01116
44	V	44	42.964	108.946	27.849	0.25	0	0	0	1.287548270880871	1	-1.058455882699998	-1.1199405459421876	NO	P01116
45	V	45	42.959	112.635	28.862	-0.65	0.157258064516129	0	0	0.8359278878049429	1	-0.6844407910166589	-0.9938206178126993	NO	P01116
46	I	46	40.224	114.748	27.236	1.15	0.180883864337102	0	0	0.29942581167211707	0.2293290254969371	-0.1003627674621985	-0.8329720138214676	NO	P01116
47	D	47	40.049	118.436	28.136	1.75	0.210274790919952	0	0	0.19047111393196675	0.1685259586456179	0.1680590709714066	-0.6084541707503733	NO	P01116
48	G	48	42.178	117.867	31.209	-0.65	0.211031175059952	0	0	0.8412281931214294	1	-0.6214362645835289	-1.3637724069925319	NO	P01116
49	E	49	40.019	115.035	32.617	-0.95	0.211031175059952	0	0	0.26376920981718704	0.32322917170190246	-0.5320026803012983	-1.6874802225248855	NO	P01116
50	T	50	41.375	111.497	32.758	-0.95	0.209677419354839	1	1	0.8359278878049429	1	-1.0592358480484814	-1.3746533419684095	NO	P01116
52	L	52	38.429	105.279	30.874	-0.65	0.17921146953405	0	0	1.1402857554838437	1	-1.1094871903453887	-0.6995407855105595	NO	P01116
53	L	53	36.702	104.544	27.561	1.45	0.179591836734694	0	1	0.8176669805342311	1	-0.9396307167426982	-0.06894114486311735	NO	P01116
54	D	54	34.862	101.207	27.442	-0.35	0.180883864337102	0	0	0.6335975043949481	0.7187457218486275	-1.1164805756614085	0.3626692758466875	NO	P01116
55	I	55	34.347	100.709	23.718	1.15	0.158273381294964	0	0	1.2276722315726638	1	-1.0965898517031756	0.9309285556229171	NO	P01116
56	L	56	32.003	98.126	22.18	0.25	0.157258064516129	0	0	2.2199319398729602	0.3452066610362946	-1.1827297116036444	0.8823634558850241	NO	P01116
57	D	57	32.678	97.292	18.558	1.75	0.157823741007194	0	0	4.359311500166763	0.023178689225650265	-1.377730403730989	0.7309546155257102	YES	P01116
58	T	58	29.456	95.81	17.033	0.25	0.157706093189964	0	1	5.575912172481518	0.005865873847978069	-1.1177285700493347	0.5175677892024712	YES	P01116
59	A	59	28.46	93.621	14.036	0.25	0.254151624548737	0	1	10.59874508494177	0.001167172709755572	-1.2569891515335578	0.08520543396181292	YES	P01116
60	G	60	27.233	95.383	10.924	-0.35	0.34434270765206	1	2	9.368605115200326	0.002655632449910796	-1.1502581137437022	0.23935201278674317	YES	P01116
62	E	62	22.858	92.023	14.031	-0.65	0.421744324970131	0	0	6.357073082509018	0.024860174927821214	-0.7845367042449544	-1.8306163314337491	NO	P01116
63	E	63	21.058	88.719	13.381	-0.95	0.463047743623283	0	1	5.847980198050562	0.11195501105987435	-0.19909051877321757	-2.458213116649537	NO	P01116
64	Y	64	19.852	88.434	17.041	-1.55	0.510791366906475	0	0	4.705542923059929	0.20468777277660974	-0.21593418978558135	-2.559001264342761	NO	P01116
65	S	65	17.763	91.223	18.324	-0.65	0.507142857142857	0	0	32.53854972749903	0.11757183724946504	0.12136208312221207	-1.7205116322730847	NO	P01116
66	A	66	17.961	90.829	22.14	-0.65	0.559495665878645	0	0	32.53854972749903	0.24254821741671534	0.20543195485013938	-1.9187000907622809	NO	P01116
67	M	67	21.824	91.16	22.22	-0.05	0.561486753657572	0	0	5.847980198050562	0.11195501105987435	-0.1683204415480919	-1.8642954158828935	NO	P01116
68	R	68	21.593	94.379	20.168	-0.65	0.505714285714286	0	0	2.624371043688167	0.20045339934233333	-0.44939640418264587	-0.8286635690717025	NO	P01116
69	D	69	18.982	95.907	22.505	-0.35	0.506093189964158	0	0	1.7688135635627344	0.6780112440391133	0.04171362100422142	-1.3557299767929705	NO	P01116
70	Q	70	21.25	95.205	25.491	-0.35	0.505714285714286	0	0	1.287548270880871	1	-0.0664224801804636	-0.7626007495753037	NO	P01116
71	Y	71	24.208	97.248	24.192	0.55	0.502491103202847	0	1	1.3206305066777693	0.7412460641007373	-0.597553219653023	0.04316545791865018	NO	P01116
72	M	72	21.909	100.068	23.152	0.85	0.502127659574468	0	1	1.0637088083615918	1	-0.23976588984427408	-0.37723430251297796	NO	P01116
73	R	73	20.562	100.189	26.734	-0.35	0.454866688082236	0	0	0.8241895094910887	1	-0.09432530221279868	-0.3649025762069835	NO	P01116
74	T	74	24.105	100.068	28.198	-0.05	0.498245614035088	1	0	0.8241895094910887	1	-0.425195601573637	0.2673786634821851	NO	P01116
75	G	75	25.781	102.515	25.846	1.15	0.498245614035088	1	0	1.0151236673215092	1	-0.3034676499823116	0.7502378168922265	NO	P01116
76	E	76	25.988	106.139	26.862	-0.65	0.414319248826291	0	0	0.4461070584290201	0.22358307152182563	0.04149789040302876	0.5652619223023101	NO	P01116
77	G	77	27.123	107.413	23.454	1.45	0.413145539906103	1	0	0.37683859098968686	0.13442362474698788	0.20247901911694327	0.6137079899330026	NO	P01116
78	F	78	27.196	106.114	19.918	0.25	0.413427561837456	0	0	0.4461070584290201	0.22358307152182563	0.031594474215690074	0.6632551045553016	NO	P01116
79	L	79	29.486	106.602	16.921	1.15	0.410798122065728	0	0	0.6713278021836585	0.5691696475617695	0.1461085697240887	1.3526328598556845	NO	P01116
80	C	80	27.252	106.144	13.869	0.55	0.409356725146199	0	0	0.4821685261461744	0.25390056153275176	0.06804595614758584	1.08715819632386	NO	P01116
81	V	81	29.636	105.228	11.108	1.75	0.406759906759907	0	0	1.3611529169742045	0.5998539328938719	-0.0705279640797114	1.620742507640926	NO	P01116
82	F	82	29.13	105.137	7.362	1.15	0.524812030075188	0	0	0.8922333680952487	1	0.15980050964391185	1.1922581364317668	NO	P01116
83	A	83	31.661	104.912	4.501	0.85	0.528169014084507	0	0	1.0468150395829139	1	0.48489971999721626	1.393658951894361	NO	P01116
84	I	84	31.885	107.854	2.118	1.15	0.528169014084507	0	0	0.5656104977886846	0.38607114759529715	1.0954427644339406	1.08715819632386	NO	P01116
85	N	85	32.111	105.476	-0.889	-0.05	0.527472527472528	0	0	1.597238626247509	0.5256177841846854	0.923388543732894	0.8929335070044475	NO	P01116
86	N	86	28.964	103.475	0.088	0.55	0.531187122736419	0	0	1.8960262505736862	0.5176653126367609	0.2788010279173991	0.8240459324675135	NO	P01116
87	T	87	25.67	105.322	-0.315	-0.95	0.527819548872181	0	0	0.14628799064973724	0.08401629438880662	0.5775773198153961	-0.23710104903576865	NO	P01116
88	K	88	23.675	102.515	1.21	-0.65	0.529678068410463	0	0	1.471798916827462	0.7153974566325397	-0.3266772194158887	-0.06894114486311735	NO	P01116
89	S	89	25.684	102.755	4.494	1.75	0.465106007067138	0	0	1.115904140710962	1	-0.17152460857094046	0.5091085257303712	NO	P01116
90	F	90	24.791	106.444	4.622	0.85	0.416370106761566	0	0	0.3457023883329161	0.11974483294740149	0.4228906089157342	-0.32585210957133454	NO	P01116
91	E	91	21.044	105.771	4.089	-0.65	0.248763250883392	0	0	0	0.01612540463320247	0.11053907064647392	-0.8396740389877688	NO	P01116
92	D	92	21.212	103.117	6.882	-0.95	0.25017667844523	0	0	1.471798916827462	0.7153974566325397	-0.5604849721706433	-0.5498784707969	NO	P01116
93	I	93	22.352	105.732	9.463	-0.05	0.211469534050179	0	0	0.5349167891485965	0.35277179223733646	-0.11578883732347318	0.20602302277054205	NO	P01116
94	H	94	18.77	106.942	10.012	-1.55	0.212230215827338	0	0	0	0.01612540463320247	-0.04939063052282558	-0.4958085939167705	NO	P01116
95	H	95	17.74	103.371	10.98	-1.55	0.212394705174489	1	0	0	0.45762711864406785	-0.6532737293590625	-1.2858878197967776	NO	P01116
96	Y	96	20.551	103.004	13.551	-1.55	0.210872162485066	0	0	1.7688135635627344	0.6780112440391133	-0.48277028991549625	-0.37723430251297796	NO	P01116
97	R	97	19.65	106.33	15.075	-1.55	0.361495135688684	0	0	0.19047111393196675	0.1685259586456179	0.008438010409652195	-0.31890856998462597	NO	P01116
98	E	98	15.885	105.459	15.318	-0.65	0.359183673469388	0	0	0.409378746525917	0.5880525392968101	-0.05163985880092136	-1.9187000907622809	NO	P01116
99	Q	99	16.63	102.09	16.869	-0.05	0.419047619047619	0	0	1.7178653718261911	1	-0.24215504512630917	-1.4892917640356895	NO	P01116
100	I	100	18.853	103.715	19.546	1.45	0.417857142857143	0	0	0.29942581167211707	0.2293290254969371	-0.22508057174649354	-0.6855274601628386	NO	P01116
101	K	101	16.251	106.429	20.315	-0.35	0.420549581839904	0	0	0.19047111393196675	0.1685259586456179	0.0680437317081861	-1.313971204602939	NO	P01116
102	R	102	13.505	103.782	20.683	-0.35	0.420549581839904	0	0	0.409378746525917	0.5880525392968101	-0.032638569634610495	-2.021464476645568	NO	P01116
103	V	103	15.53	101.512	22.929	0.25	0.422382671480144	0	0	0.8359278878049429	1	0.09058889896202807	-1.5165785807842018	NO	P01116
104	K	104	16.666	104.409	25.179	0.25	0.506859205776173	0	0	0.3895853568228455	0.39788102635314176	0.11459054793665033	-0.8011373942815362	NO	P01116
105	D	105	13.271	106.09	24.986	-0.05	0.508695652173913	0	0	0.8412281931214294	1	0.08829908089939931	-1.571870288406188	NO	P01116
106	S	106	14.863	109.446	24.499	-0.95	0.508695652173913	0	0	0.8412281931214294	1	0.10762256432396851	-1.265843992209635	NO	P01116
107	E	107	15.211	112.133	21.807	-0.95	0.512408759124088	0	0	0	0.08997508382294137	0.4701790806370006	-1.1993493895792728	NO	P01116
108	D	108	18.565	113.382	23.164	-0.95	0.509090909090909	1	0	0	0.03856075020983204	0.6699928184136719	-1.0358605938558618	NO	P01116
109	V	109	21.109	110.542	23.004	-0.05	0.636363636363636	0	0	0.07969850595587329	0.008258852459565383	0.4950912615802865	-0.2712585295708384	NO	P01116
110	P	110	24.827	111.489	22.688	1.75	0.635379061371841	0	0	0.18131870188191698	0.013670804692490079	0.61050699852577	0.2745855165181559	NO	P01116
111	M	111	25.923	110.615	19.134	0.55	0.635869565217391	0	0	0.042518293226877814	2.2822572939881745e-4	0.6739572821623324	0.33972652923088387	NO	P01116
112	V	112	28.457	111.556	16.496	1.15	0.635379061371841	1	0	0	4.955877155325928e-6	0.9409176418140023	0.6667584358922318	NO	P01116
113	L	113	28.103	110.98	12.748	1.15	0.696748506967485	0	0	0.036782560415779396	8.522446889870648e-5	0.9117379168858022	0.3164253021992084	NO	P01116
114	V	114	31.323	109.525	11.291	1.15	0.699300699300699	0	0	0.3987786056410495	0.1473449262371999	0.7235120030933225	1.6601813480426224	NO	P01116
115	G	115	32.075	109.455	7.534	1.45	0.792506386602328	0	0	0.4137306491600857	0.15858789427707168	0.9580290849007863	1.2798414198550228	NO	P01116
116	N	116	34.968	106.959	7.23	1.75	0.792506386602328	0	1	1.4864225571190426	0.5757945190526351	0.5832402454132518	1.8859177411439532	NO	P01116
117	K	117	37.318	106.046	4.367	1.75	0.858548585485855	1	1	4.0932034190000985	0.06345227544683545	0.8314214481503392	1.437291139654773	NO	P01116
118	C	118	37.867	109.68	3.421	0.25	0.861728395061728	0	0	1.4572524983970523	0.7538338548227148	1.4068941624840943	0.8857731497945155	NO	P01116
119	D	119	41.286	108.631	1.937	1.75	0.864197530864198	0	1	5.847980198050562	0.11195501105987435	1.6055359976138284	1.08715819632386	NO	P01116
120	L	120	39.592	106.7	-0.909	1.75	0.948969246367016	0	0	2.8365314698055144	0.26919300932999296	1.6178644711617227	1.1642314857363252	NO	P01116
121	P	121	39.048	108.35	-4.312	-0.95	0.975	0	0	0.8359278878049429	1	1.7539733357698706	0.18329871139585943	NO	P01116
122	S	122	35.554	106.973	-5.127	-0.65	0.902564102564103	0	0	0.5390770382331154	0.6522521435622423	1.519121760222386	-0.13059977639308942	NO	P01116
123	R	123	33.445	109.281	-2.961	-0.35	0.952521525215252	0	0	0.6001423586083646	0.691680578018585	1.4177973668813395	0.3472546179641945	NO	P01116
124	T	124	29.63	108.859	-3.423	-0.65	0.999148453022992	1	0	0.07969850595587329	0.008258852459565383	1.2921657672293654	-0.18455107898181508	NO	P01116
125	V	125	28.425	110.769	-0.326	-0.35	1.00746268656716	0	0	0.16331428428005743	0.033128380995610426	1.4150282828636296	-0.16461833171997065	NO	P01116
126	D	126	29.13	114.524	-0.39	-0.65	1.01503759398496	1	0	0	0.0026030527395316345	1.593165596865732	-0.7736112194913702	NO	P01116
127	T	127	30.419	116.24	2.734	-0.95	1.00835494093921	1	0	0.06732329369122471	0.003548189672793644	1.7021307719883645	0.22702028648074876	NO	P01116
128	K	128	27.543	118.739	2.496	-0.65	0.989661654135338	1	0	0	3.729864408077009e-4	2.020033969064936	-0.612987893656989	NO	P01116
129	Q	129	24.91	116	2.493	-0.35	0.917832167832168	0	0	0	3.729864408077009e-4	1.599980414885727	-1.0863085651076574	NO	P01116
130	A	130	26.474	114.46	5.619	1.45	0.911756168359942	3	0	0.049290977360642495	5.899034961362953e-4	1.2725127733996422	-0.06894114486311735	NO	P01116
131	Q	131	26.746	117.824	7.393	-0.65	0.909143686502177	0	0	0	1.552841508668796e-5	1.8476220907381684	-0.4928442366316757	NO	P01116
132	D	132	23.067	118.512	6.599	-0.95	0.919553728714034	0	0	0	1.3427511869077238e-4	2.0215531510147238	-1.559024740170777	NO	P01116
133	L	133	22.028	115.177	7.995	-0.65	0.913424978063761	0	0	0	4.658524526006398e-5	1.3434785655925383	-1.1650945942848439	NO	P01116
134	A	134	24.042	115.795	11.198	1.45	0.903123192596877	0	0	0	4.658524526006398e-5	1.3444808909817958	-0.4653180618415095	NO	P01116
135	R	135	22.676	119.339	11.529	-1.25	0.903123192596877	0	0	0	3.729864408077009e-4	1.873147150861447	-1.051625584872048	NO	P01116
136	S	136	19.147	117.867	11.233	-0.95	0.895624821275379	1	0	0	0.0026030527395316345	1.7229046971126236	-1.487089670052476	NO	P01116
137	Y	137	19.908	115.588	14.199	-0.05	0.897147796024201	0	0	0	3.729864408077009e-4	1.0250647772987735	-1.252786870238582	NO	P01116
138	G	138	21.701	118.287	16.222	-0.95	0.903123192596877	2	0	0	0.00656960929500843	1.5187782655543998	-1.1398542188047383	NO	P01116
139	I	139	24.948	116.191	16.41	0.55	0.935309973045822	0	0	0	1.552841508668796e-5	1.3443694942743738	-0.30016101310051285	NO	P01116
140	P	140	28.552	116.682	15.247	-0.95	0.913424978063761	0	0	0	1.552841508668796e-5	1.6020205593345662	0.19118120690395246	NO	P01116
141	F	141	29.837	115.212	11.956	0.55	0.912587412587413	1	0	0.036782560415779396	8.522446889870648e-5	1.5933644549935195	0.2673786634821851	NO	P01116
142	I	142	33.509	114.164	11.539	0.55	0.952315608919383	1	0	0.101003946974234	0.0033322619021089353	1.48096466825662	1.1007593650437066	NO	P01116
143	E	143	35.319	112.795	8.458	1.75	1.04360902255639	0	0	0.2757553822834872	0.041545444583662404	1.4382010677892978	1.2926869680904336	NO	P01116
144	T	144	37.746	110.009	9.262	0.55	0.920075757575757	0	0	2.3594536157889006	0.16761470222364142	0.7175256904757616	1.955794998621102	NO	P01116
145	S	145	40.207	107.598	7.772	1.75	0.949571183533448	0	0	5.320906221691411	0.017614609447743217	0.38689223180911303	1.7264131261566593	NO	P01116
146	A	146	41.196	104.559	9.748	1.75	0.778867924528302	0	1	9.368605115200326	0.002655632449910796	0.02189835147356335	1.0357760033822163	NO	P01116
147	K	147	44.048	104.262	7.266	-0.35	0.782509505703422	0	2	17.06020843193082	0.0014388697353704249	-0.08859662096651144	0.5713600287173624	YES	P01116
148	T	148	45.599	107.686	7.528	-0.05	0.780228136882129	0	0	14.998232375635299	0.0017344871072318556	0.34179148727137804	0.614665422099617	NO	P01116
149	R	149	44.363	108.147	11.116	-0.65	0.827514690632561	0	0	8.26312221976339	0.005816554255098419	0.13003646853262313	0.37637119396445906	NO	P01116
150	Q	150	42.692	111.476	10.171	-0.95	0.827514690632561	0	0	4.677451729312544	0.034122625558337644	0.9372559689578845	1.056999083075504	NO	P01116
152	V	152	40.141	109.045	14.624	0.55	0.862893081761006	0	0	3.379147730448513	0.07766396510614101	0.3754059953246942	0.9352137114821429	NO	P01116
154	D	154	38.619	113.492	17.248	-0.65	0.859649122807018	1	0	0.36841068506624236	0.27677471332504244	1.3224801593658992	0.9270829029287398	NO	P01116
155	A	155	35.629	111.148	16.653	0.55	0.853932584269663	0	0	0.6696772289905955	0.5577631147932225	0.8224716910366935	1.269700197563909	NO	P01116
156	F	156	36.031	109.406	19.99	1.75	0.812075983717775	0	0	0.7948310780312625	0.7729692995729913	0.03277653350052915	1.0661382083022783	NO	P01116
157	Y	157	36.946	112.539	21.979	-0.95	0.857142857142857	0	0	0.21263915529070798	0.04843190874047092	0.26617471339215265	0.18329871139585943	NO	P01116
158	T	158	34.042	114.483	20.479	-0.65	0.862155388471178	1	0	0	3.729864408077009e-4	1.1801207102941318	1.0957218951474672	NO	P01116
159	L	159	31.677	111.69	21.556	0.55	0.894554883318928	0	0	0.18131870188191698	0.013670804692490079	0.6565361190122005	1.0614670998530382	NO	P01116
160	V	160	32.972	111.893	25.139	0.85	0.966292134831461	1	0	0.2920669730015715	0.06650152783352299	0.06887651250985859	0.21366091631592157	NO	P01116
161	R	161	32.38	115.683	25.071	0.85	0.966292134831461	0	0	0	0.0026030527395316345	0.7516658733409343	0.30101064431671537	NO	P01116
162	E	162	28.775	115.041	23.911	-0.65	0.967105263157895	0	0	0	1.3427511869077238e-4	1.0313057742592309	0.22834154287067676	NO	P01116
163	I	163	28.218	112.574	26.751	1.15	0.967105263157895	0	0	0.2517051548674195	0.09052438574271705	0.5503613021457098	0.37637119396445906	NO	P01116
164	R	164	29.619	115.1	29.281	0.85	0.991902834008097	1	0	0.3895853568228455	0.39788102635314176	0.48077964385093025	-0.02489926519885153	NO	P01116
169	K	169	22.176	119.512	31.609	-0.65	0.920681265206813	0	0	0	0.20514319111630633	1.8149573548639426	-0.9938206178126993	NO	P01116
