Uniprot_position	aminoacid	Position_in_structure	x	y	z	paraz	mtr	gscount	pscount	OR	pvalue	mtr3dscore	paraz3dscore	HotSpot3D	Uniprot
1	M	1	-18.018	-22.022	47.715	-1.55	0	0	0	1.5646834624079413	1	-1.467746706958229	-2.328240367067406	NO	P01116
2	T	2	-16.081	-23.516	50.618	-1.55	0	0	0	1.0317353199524586	1	-0.8777604688982701	-0.820586582920986	NO	P01116
3	E	3	-14.92	-21.238	53.425	-0.95	0	0	0	0.457581788556113	0.3083709279888488	-0.8522064250125447	-0.6231557302351454	NO	P01116
4	Y	4	-11.734	-22.027	55.367	0.55	0	0	0	0.37483103247220356	0.1854948217390074	-0.3973445968944873	0.13243079510620942	NO	P01116
5	K	5	-11.209	-20.66	58.874	1.15	0	0	2	0.7370668940899239	0.7350563569457466	-0.5907871966165971	0.8830023656333514	NO	P01116
6	L	6	-7.457	-20.017	59.213	0.55	0	1	0	0.4820713798233616	0.3350491144297264	-0.21676389313625666	0.8102243628417308	NO	P01116
7	V	7	-5.822	-18.858	62.447	0.85	0	0	0	1.0364384260939203	1	-0.6752349201554707	1.3409960297127146	NO	P01116
8	V	8	-2.414	-17.146	62.477	0.85	0	0	0	1.7442891892236283	0.3903461503607246	-0.7751350755393841	1.4952827579503907	NO	P01116
9	V	9	-0.512	-17.795	65.725	1.15	0	0	0	2.1166742383623864	0.1915921720550837	-0.7493263853283795	1.1439319843001063	NO	P01116
10	G	10	2.979	-17.228	67.071	1.75	0	0	0	4.212981548576715	0.025843985037676945	-0.5815782573343511	1.059194444772685	YES	P01116
11	A	11	4.965	-15.018	69.426	-0.35	0	0	0	6.535502032042715	0.0049291096099454475	-0.6575878000042126	0.720852159973813	YES	P01116
13	G	13	6.546	-9.521	66.753	1.75	0	0	2	13.108981796772573	0.0038988301404549405	-0.8877238847167517	1.460836603670951	YES	P01116
14	V	14	7.139	-12.524	64.472	1.75	0	0	1	16.68358218810895	8.440477029168043e-4	-0.3625395068003307	1.740031748883251	YES	P01116
15	G	15	5.091	-11.033	61.632	1.75	0	0	1	23.464582903120903	1.3460022680720382e-4	-0.5613204030584228	1.4044410394553102	YES	P01116
16	K	16	1.534	-12.349	62.071	1.75	0	0	0	29.327176586554337	1.856831168066247e-5	-0.7452821110888219	1.345648663760505	YES	P01116
17	S	17	-0.061	-9.007	61.222	1.15	0	0	0	30.327176586554337	2.616177262038391e-6	-1.3769638858528985	0.6642492591250267	YES	P01116
18	A	18	2.416	-8.207	58.458	0.55	0	0	0	26.23153248469475	5.069801925567948e-5	-0.8235232549302179	0.6525001832467683	YES	P01116
19	L	19	1.897	-11.599	56.827	1.75	0	0	1	10.153700047862587	0.001473258321960709	-0.41462646435366945	1.1766558308655743	YES	P01116
20	T	20	-1.873	-11.22	57.03	0.55	0	0	0	14.818813411073418	0.0018311016251173105	-1.0132703050637002	0.8122876151910834	YES	P01116
21	I	21	-1.921	-7.641	55.714	-0.65	0	0	0	30.327176586554337	0.003311552148487698	-1.352475329709885	0.09187976262999631	YES	P01116
22	Q	22	0.383	-8.613	52.834	0.25	0	0	3	30.327176586554337	0.003311552148487698	-0.6323160931430882	0.25878459916085156	YES	P01116
23	L	23	-2.066	-11.374	51.934	0.85	0	0	1	10.08844968593636	0.016665977308081836	-0.6115892818593873	0.05219151807880888	YES	P01116
24	I	24	-5.15	-9.164	52.226	-0.35	0	0	0	30.327176586554337	0.007617611452966388	-1.2384693862666958	0.10759482840725205	YES	P01116
25	Q	25	-3.942	-5.696	51.172	-0.65	0	0	0	30.327176586554337	0.015479075972924654	-1.3108111037196746	-0.2941043090920774	NO	P01116
26	N	26	-0.601	-6.283	49.373	-0.95	0	0	1	30.327176586554337	0.0037115296501953983	-0.7153178536742889	-1.0146936838781089	NO	P01116
27	H	27	1.454	-3.841	51.389	-1.25	0	0	0	30.327176586554337	0.0037115296501953983	-1.0061197553028947	-0.7822969630061563	NO	P01116
28	F	28	3.886	-4.091	54.283	-0.65	0	0	0	30.327176586554337	0.003311552148487698	-0.8752784600435239	-0.34579529597709757	NO	P01116
29	V	29	2.908	-2.678	57.695	-0.95	0	0	0	30.327176586554337	1.0461363311000932e-4	-1.324408752833988	-0.34579529597709757	NO	P01116
30	D	30	5.784	-1.478	59.905	-0.35	0	0	0	30.327176586554337	6.055876182970989e-4	-1.4946271721140023	0.04624786792863109	YES	P01116
31	E	31	3.881	-0.551	63.08	-0.65	0	0	0	30.327176586554337	0.03121895105840519	-1.8635599858596459	-0.7693058419636247	NO	P01116
32	Y	32	0.582	-2.423	63.075	-0.35	0	0	0	30.327176586554337	0.0014274536788467897	-1.7873774712475907	-0.17340876805620117	NO	P01116
33	D	33	-0.71	-2.124	66.669	1.15	0	0	0	10.08844968593636	0.016665977308081836	-1.6589551145383958	-0.05479418462439174	NO	P01116
34	P	34	0.61	-5.252	68.431	-1.55	0	0	2	10.153700047862587	0.001473258321960709	-1.6199062245186535	0.0692119707815908	YES	P01116
35	T	35	-2.567	-5.614	70.548	-0.05	0	0	0	8.07451456666645	0.0038409616492627568	-1.4427288358966956	-0.21527273867919275	NO	P01116
36	I	36	-5.103	-5.623	67.694	-0.95	0	0	1	6.345326643331069	0.014837938453492485	-1.5088995904077518	-0.32225844138239346	NO	P01116
37	E	37	-6.716	-8.978	66.876	-0.35	0	0	0	6.345326643331069	0.014837938453492485	-1.5589059403016958	0.5239012072701937	YES	P01116
38	D	38	-8.934	-8.927	63.784	-0.05	0	0	0	6.34147996640315	0.12260066646475101	-1.6027414151026314	0.02428220433014793	NO	P01116
39	S	39	-10.328	-11.201	61.08	0.25	0	0	0	2.5498114982150533	0.44737884000361183	-1.5545085613656242	0.7788027489380468	NO	P01116
40	Y	40	-10.14	-10.747	57.314	1.75	0	0	0	7.501004736642918	0.06491193530119363	-1.6720452765546514	0.2949667665206873	NO	P01116
41	R	41	-11.938	-12.414	54.436	-0.95	0	0	0	3.2978219534603683	0.376036354184406	-1.6521367290957671	0.0588781244977589	NO	P01116
42	K	42	-10.48	-13.021	50.988	1.15	0	0	0	3.6333558335090563	0.16421879531631933	-1.3797451038169424	-0.560004447389506	NO	P01116
43	Q	43	-11.697	-14.954	47.952	-1.25	0	0	0	2.40570371254343	0.6256218125106436	-1.3584578231929658	-1.1806913416437892	NO	P01116
44	V	44	-8.872	-16.883	46.273	0.25	0	0	0	1.1689100325874895	1	-1.0248837836180793	-1.043249046556137	NO	P01116
45	V	45	-8.289	-19.546	43.633	-0.65	0.157258064516129	0	0	0.7610228833873345	1	-0.6725062486318268	-0.9163106327080602	NO	P01116
46	I	46	-6.169	-22.463	44.88	1.15	0.180883864337102	0	0	0.272438502430393	0.22332946191901062	0.1243405365790176	-0.647867101783439	NO	P01116
47	D	47	-5.38	-25.333	42.477	1.75	0.210274790919952	0	0	0.133455939212462	0.07718189710439216	0.22157702586771735	-0.7043502367509673	NO	P01116
48	G	48	-8.126	-24.05	40.206	-0.65	0.211031175059952	0	0	0.7680663719755336	1	-0.5095314449509251	-0.7822969630061563	NO	P01116
49	E	49	-10.825	-24.142	42.911	-0.95	0.211031175059952	0	0	0.24066726664031932	0.3088402692504191	-0.5323234824492573	-1.552594022469201	NO	P01116
50	T	50	-12.259	-20.885	44.227	-0.95	0.209677419354839	1	1	0.7610228833873345	1	-1.0265414369490329	-1.2672988152606661	NO	P01116
51	C	51	-12.727	-20.631	47.98	0.25	0.179989685404848	0	0	1.0317353199524586	1	-0.8129433773916781	-0.9641726576015973	NO	P01116
52	L	52	-13.153	-18.058	50.736	-0.65	0.17921146953405	0	0	1.0317353199524586	1	-1.0735237883406108	-0.647867101783439	NO	P01116
53	L	53	-10.485	-17.569	53.396	1.45	0.179591836734694	0	1	0.7370668940899239	0.7350563569457466	-0.9090591047686302	-0.05479418462439174	NO	P01116
54	D	54	-11.566	-16.373	56.836	-0.35	0.180883864337102	0	0	0.5730657795129589	0.4851261869979005	-1.148921296195837	0.3852276571387722	NO	P01116
55	I	55	-8.296	-15.421	58.576	1.15	0.158273381294964	0	0	0.9117312519249221	1	-1.041021349403364	0.7109982136722025	NO	P01116
56	L	56	-7.866	-14.547	62.253	0.25	0.157258064516129	0	0	1.9944163456397135	0.38065176663745726	-1.226456809156947	0.8545842883528137	NO	P01116
57	D	57	-4.71	-12.563	63.075	1.75	0.157823741007194	0	0	5.19646809331453	0.020112372171190294	-1.4328045491469117	0.9000532120016741	YES	P01116
58	T	58	-4.178	-13.313	66.79	0.25	0.157706093189964	0	1	6.609634554147136	0.001624444080726304	-1.2247789585658078	0.9711712720678404	YES	P01116
59	A	59	-2.729	-10.857	69.293	0.25	0.254151624548737	0	1	11.359572245898399	6.352044732419271e-4	-1.4212164651739518	0.3830547097720406	YES	P01116
60	G	60	-4.108	-11.597	72.763	-0.35	0.34434270765206	1	2	7.171958099050893	0.0076355926281755125	-1.15854820473103	-0.6458901920595754	NO	P01116
61	Q	61	-1.909	-13.397	75.288	0.25	0.346304774362328	1	5	7.171958099050893	0.0076355926281755125	-0.9324133135930907	-1.873551130578803	NO	P01116
62	E	62	-4.531	-15.168	77.404	-0.65	0.421744324970131	0	0	4.884346118143409	0.05217430527198949	-0.17533763387179946	-1.9385067357914605	NO	P01116
63	E	63	-4.622	-18.96	77.51	-0.95	0.463047743623283	0	1	3.594642562374043	0.07199638732144376	-0.05030837391027435	-1.7869436569619264	NO	P01116
64	Y	64	-6.277	-21.758	79.493	-1.55	0.510791366906475	0	0	7.501004736642918	0.06491193530119363	0.12070873614429771	-1.4456083197660003	NO	P01116
65	S	65	-9.59	-19.907	79.439	-0.65	0.507142857142857	0	0	4.884346118143409	0.05217430527198949	0.12970459296188627	-1.703042666895577	NO	P01116
66	A	66	-12.819	-21.545	78.297	-0.65	0.559495665878645	0	0	30.327176586554337	0.25039661554732945	0.2155215963517431	-1.873551130578803	NO	P01116
67	M	67	-13.939	-18.794	75.902	-0.05	0.561486753657572	0	0	2.40570371254343	0.6256218125106436	0.23912543824312862	-1.8085955253661454	NO	P01116
68	R	68	-10.693	-18.478	73.973	-0.65	0.505714285714286	0	0	2.9488267782666613	0.14212571747562472	0.03193235748841711	-1.0507801312184741	NO	P01116
69	D	69	-10.257	-22.253	73.877	-0.35	0.506093189964158	0	0	1.1689100325874895	1	0.18467125591278347	-1.1806913416437892	NO	P01116
70	Q	70	-13.791	-22.72	72.531	-0.35	0.505714285714286	0	0	1.1689100325874895	1	0.21172653588656765	-1.0598967073886716	NO	P01116
71	Y	71	-13.125	-20.145	69.838	0.55	0.502491103202847	0	1	2.5498114982150533	0.44737884000361183	-0.11128871641387975	-0.7043502367509673	NO	P01116
72	M	72	-9.8	-21.66	68.768	0.85	0.502127659574468	0	1	1.186353852162746	1	-0.28443576562577616	-0.4130341891305637	NO	P01116
73	R	73	-11.438	-25.071	68.369	-0.35	0.454866688082236	0	0	0.7455688828620922	0.7191597383624911	-0.06083632180016198	-0.34579529597709757	NO	P01116
74	T	74	-13.325	-23.525	65.432	-0.05	0.498245614035088	1	0	0.7455688828620922	0.7191597383624911	-0.28595227993672534	0.017956093213784607	NO	P01116
75	G	75	-10.078	-22.875	63.562	1.15	0.498245614035088	1	0	0.9117312519249221	1	-0.2812349433051452	0.567412138991591	NO	P01116
76	E	76	-9.746	-25.34	60.702	-0.65	0.414319248826291	0	0	0.4020014737100842	0.20908459649761557	0.07509178873342666	0.6467263516723097	NO	P01116
77	G	77	-6.036	-24.744	60.113	1.45	0.413145539906103	1	0	0.26405725897589366	0.057708266792558846	0.23554711653809607	0.508154393885307	NO	P01116
78	F	78	-3.271	-22.938	61.952	0.25	0.413427561837456	0	0	0.3125840908374304	0.10598675298911006	0.0601920017298013	0.6610995068683021	NO	P01116
79	L	79	-0.395	-20.914	60.52	1.15	0.410798122065728	0	0	0.5057729104043845	0.25742668194640966	0.13086968775312274	1.2742974297269087	NO	P01116
80	C	80	2.325	-21.331	63.167	0.55	0.409356725146199	0	0	0.33955805819435825	0.12431916981922064	0.11076440656596878	1.139879495561349	NO	P01116
81	V	81	4.731	-18.427	62.687	1.75	0.406759906759907	0	0	0.8247388294775023	0.7795878267743608	-0.01231446527445053	1.5856532568246848	NO	P01116
82	F	82	8.173	-17.808	64.13	1.15	0.524812030075188	0	0	0.5057729104043845	0.25742668194640966	0.18966821151871371	1.1793623144161016	NO	P01116
83	A	83	10.881	-15.369	63.035	0.85	0.528169014084507	0	0	0.8247388294775023	0.7795878267743608	0.48574190053367894	1.5041403404793892	NO	P01116
84	I	84	14.184	-16.805	61.851	1.15	0.528169014084507	0	0	0.5057729104043845	0.25742668194640966	1.1053892701862356	1.114406709203444	NO	P01116
85	N	85	16.065	-14.218	63.936	-0.05	0.527472527472528	0	0	1.429246268063377	0.7421894550279764	0.9000030226035682	0.9245364785818296	NO	P01116
86	N	86	14.124	-14.974	67.142	0.55	0.531187122736419	0	0	1.6421561448650215	0.7191597383624911	0.3363040525440255	0.9219456567214958	NO	P01116
87	T	87	15.164	-18.231	68.798	-0.95	0.527819548872181	0	0	0.133455939212462	0.07718189710439216	0.6086911515193931	-0.22013572516570193	NO	P01116
88	K	88	12.544	-17.821	71.529	-0.65	0.529678068410463	0	0	1.1689100325874895	1	-0.21754816521340473	-0.011490447815953361	NO	P01116
89	S	89	9.761	-17.536	68.95	1.75	0.465106007067138	0	0	0.7370668940899239	0.7350563569457466	-0.1293352463427068	0.7665799200001812	NO	P01116
90	F	90	10.918	-20.796	67.37	0.85	0.416370106761566	0	0	0.17815657180546737	0.03358744458008691	0.4545512519129035	-0.20635726345392608	NO	P01116
91	E	91	11	-22.514	70.766	-0.65	0.248763250883392	0	0	0	0.012475656783910752	0.18482824951563748	-0.7284078683112108	NO	P01116
92	D	92	7.486	-21.17	71.397	-0.95	0.25017667844523	0	0	0.7680663719755336	1	-0.4726577668788093	-0.45017612939708995	NO	P01116
93	I	93	6.221	-23.227	68.424	-0.05	0.211469534050179	0	0	0.133455939212462	0.07718189710439216	0.031877862809063	0.26616292348521015	NO	P01116
94	H	94	6.092	-26.215	70.772	-1.55	0.212230215827338	0	0	0	0.012475656783910752	-0.018239534191582276	-0.526323763205165	NO	P01116
95	H	95	3.733	-24.277	73.048	-1.55	0.212394705174489	1	0	0.7680663719755336	1	-0.5180684485085424	-0.9228372724662699	NO	P01116
96	Y	96	1.467	-23.19	70.182	-1.55	0.210872162485066	0	0	2.3391440353464388	0.3209387674670631	-0.44795017172090695	-0.11163033918546715	NO	P01116
97	R	97	1.338	-26.737	68.819	-1.55	0.361495135688684	0	0	0	0.012475656783910752	0.13161809372112837	-0.4024977184097939	NO	P01116
98	E	98	0.435	-27.986	72.294	-0.65	0.359183673469388	0	0	0.7680663719755336	1	-0.09367424792314825	-2.21998102504631	NO	P01116
99	Q	99	-2.331	-25.381	72.564	-0.05	0.419047619047619	0	0	1.5646834624079413	1	-0.22758835211266787	-1.646206512334502	NO	P01116
100	I	100	-3.764	-26.439	69.194	1.45	0.417857142857143	0	0	0.4185541222711455	0.2788746830211067	-0.17015479870002662	-0.8684486078145232	NO	P01116
101	K	101	-3.656	-30.069	70.29	-0.35	0.420549581839904	0	0	0.17376687456408607	0.15756632434976836	0.10905282330156647	-1.218798630035215	NO	P01116
102	R	102	-5.164	-29.156	73.667	-0.35	0.420549581839904	0	0	0.7610228833873345	1	0.023418237787436645	-2.404021906482173	NO	P01116
103	V	103	-8.205	-27.318	72.322	0.25	0.422382671480144	0	0	1.1689100325874895	1	0.13617306963131803	-1.738828393841439	NO	P01116
104	K	104	-8.856	-29.457	69.222	0.25	0.506859205776173	0	0	0.3545146841074592	0.38962539910235	0.14734101923289308	-0.7747188090646795	NO	P01116
105	D	105	-10.511	-32.827	69.755	-0.05	0.508695652173913	0	0	0.24066726664031932	0.3088402692504191	0.1831825595000661	-1.06521471015462	NO	P01116
106	S	106	-8.991	-34.067	66.49	-0.95	0.508695652173913	0	0	0	0.03146035188986191	0.2039164076628358	-0.5094834211129946	NO	P01116
107	E	107	-5.555	-35.674	66.706	-0.95	0.512408759124088	0	0	0	0.4354838709677418	0.3346236863301305	-1.1460483521970386	NO	P01116
108	D	108	-4.597	-34.534	63.178	-0.95	0.509090909090909	1	0	0	0.03146035188986191	0.6850403347866114	-0.8277658866550166	NO	P01116
109	V	109	-5.032	-30.755	62.881	-0.05	0.636363636363636	0	0	0.0523616996458636	6.065812804949352e-4	0.49960370200232257	-0.1587231529646438	NO	P01116
110	P	110	-4.033	-28.899	59.671	1.75	0.635379061371841	0	0	0.10702071676859808	0.002929306951536399	0.652370139642804	0.23941649780941004	NO	P01116
111	M	111	-0.967	-26.775	60.445	0.55	0.635869565217391	0	0	0	8.047512842387219e-6	0.7150318498780811	0.3132875782473344	NO	P01116
112	V	112	1.865	-25.106	58.564	1.15	0.635379061371841	1	0	0	2.414253852716157e-6	0.9276929986453955	0.5312497201831407	NO	P01116
113	L	113	5.165	-24.004	60.102	1.15	0.696748506967485	0	0	0.03354706560319737	2.4832325342223267e-5	0.9416705043371512	0.324113512449444	NO	P01116
114	V	114	6.211	-20.554	58.867	1.15	0.699300699300699	0	0	0.3579859936370673	0.0885495936969084	0.7675845594704593	1.6058099834209403	NO	P01116
115	G	115	9.699	-19.147	59.346	1.45	0.792506386602328	0	0	0.3699118083238798	0.09482635168712036	0.9334847045270527	1.2145466005729577	NO	P01116
116	N	116	9.259	-15.437	58.669	1.75	0.792506386602328	0	1	1.303869346640602	0.7795878267743609	0.6450654375906107	1.937177708563773	NO	P01116
117	K	117	11.707	-12.51	58.157	1.75	0.858548585485855	1	1	3.594642562374043	0.07199638732144376	0.9157387295454291	1.5986212207887096	NO	P01116
119	D	119	15.02	-11.235	54.179	1.75	0.864197530864198	0	1	5.259369042768571	0.1256582015712884	1.6241479230019245	1.1417564377140368	NO	P01116
120	L	120	17.238	-10.624	57.277	1.75	0.948969246367016	0	0	2.5498114982150533	0.44737884000361183	1.6374904662263619	1.2183356775436962	NO	P01116
121	P	121	20.918	-11.689	57.372	-0.95	0.975	0	0	0.4906189339659576	0.6449862015187139	1.8402058194246405	-0.05479418462439174	NO	P01116
122	S	122	21.04	-12.406	61.096	-0.65	0.902564102564103	0	0	0.4906189339659576	0.6449862015187139	1.5287213467814	-0.11974978983704931	NO	P01116
123	R	123	19.607	-15.922	61.134	-0.35	0.952521525215252	0	0	0.22830860528994762	0.04525384015780217	1.5235162248909548	0.27588889645822845	NO	P01116
124	T	124	19.718	-17.753	64.452	-0.65	0.999148453022992	1	0	0.0726921751630308	0.007541775154027649	1.2998510948880988	-0.17340876805620117	NO	P01116
125	V	125	17.215	-20.505	63.538	-0.35	1.00746268656716	0	0	0.1485661653443141	0.015597245273987348	1.4193599918763602	-0.05479418462439174	NO	P01116
126	D	126	18.644	-22.64	60.708	-0.65	1.01503759398496	1	0	0	0.0018056871660923428	1.643630433914962	-0.920868920793159	NO	P01116
127	T	127	16.544	-23.923	57.83	-0.95	1.00835494093921	1	0	0.061403734203269666	0.0016041375599158407	1.7262593172679337	0.24833197303467675	NO	P01116
128	K	128	17.47	-27.476	58.864	-0.65	0.989661654135338	1	0	0	2.3103068118353294e-4	2.053916512705752	-0.6610464999425288	NO	P01116
129	Q	129	16.32	-26.918	62.463	-0.35	0.917832167832168	0	0	0	2.3103068118353294e-4	1.6541557103274742	-1.0940838680269125	NO	P01116
130	A	130	12.896	-25.804	61.26	1.45	0.911756168359942	3	0	0.03354706560319737	2.4832325342223267e-5	1.3434104944549223	-0.20226096402610078	NO	P01116
131	Q	131	12.655	-28.481	58.564	-0.65	0.909143686502177	0	0	0	8.047512842387219e-6	1.8742463653267816	-0.471592651405611	NO	P01116
132	D	132	13.444	-31.129	61.179	-0.95	0.919553728714034	0	0	0	7.846325021327516e-5	2.047562586310165	-1.5199039466432231	NO	P01116
133	L	133	10.749	-29.806	63.531	-0.65	0.913424978063761	0	0	0	2.5651447185109342e-5	1.371884967238647	-1.132576078523302	NO	P01116
134	A	134	8.201	-29.725	60.703	1.45	0.903123192596877	0	0	0	2.5651447185109342e-5	1.3728837494480213	-0.44452781590033696	NO	P01116
135	R	135	9.165	-33.297	59.77	-1.25	0.903123192596877	0	0	0	2.3103068118353294e-4	1.8996811953905215	-1.0210088121626728	NO	P01116
136	S	136	8.658	-34.356	63.394	-0.95	0.895624821275379	1	0	0	0.0018056871660923428	1.6202178069464248	-1.703042666895577	NO	P01116
137	Y	137	5.152	-32.855	63.385	-0.05	0.897147796024201	0	0	0	2.3103068118353294e-4	1.0545967588626928	-1.218798630035215	NO	P01116
138	G	138	4.497	-34.103	59.845	-0.95	0.903123192596877	2	0	0	2.3103068118353294e-4	1.635959152779878	-0.7248625331339117	NO	P01116
139	I	139	3.555	-30.649	58.529	0.55	0.935309973045822	0	0	0	8.047512842387219e-6	1.4068687283244565	-0.1721333424279022	NO	P01116
140	P	140	4.82	-28.358	55.757	-0.95	0.913424978063761	0	0	0	8.047512842387219e-6	1.6295130254453265	0.2009685109004473	NO	P01116
141	F	141	7.493	-25.739	56.403	0.55	0.912587412587413	1	0	0.03354706560319737	2.4832325342223267e-5	1.6393818593668101	0.18592364645780973	NO	P01116
142	I	142	7.567	-22.451	54.457	0.55	0.952315608919383	1	0	0.09187768122788244	0.001187054029193756	1.5000176336810662	1.1301535225883306	NO	P01116
143	E	143	10.172	-19.687	54.726	1.75	1.04360902255639	0	0	0.2141481093316114	0.010937706286007159	1.5137313984953709	1.2587524985649055	NO	P01116
144	T	144	8.577	-16.273	54.196	0.55	0.920075757575757	0	0	2.044318509597405	0.27059793695759865	0.718884660645907	1.9913073795743212	NO	P01116
145	S	145	9.306	-12.564	54.212	1.75	0.949571183533448	0	0	4.615504826740684	0.0384533125820156	0.516893752028328	1.8207989158910949	NO	P01116
146	A	146	6.348	-10.305	54.829	1.75	0.778867924528302	0	1	10.153700047862587	0.001473258321960709	-0.09593180206151497	1.051206660888426	YES	P01116
147	K	147	8.706	-7.431	53.941	-0.35	0.782509505703422	0	2	16.68358218810895	8.440477029168043e-4	-0.2578501978524153	0.8882649725371549	YES	P01116
148	T	148	9.553	-8.651	50.416	-0.05	0.780228136882129	0	0	11.53803474063579	0.008144261011654061	0.5260801229029172	0.718177517406233	NO	P01116
149	R	149	6.32	-10.758	50.102	-0.65	0.827514690632561	0	0	7.171958099050893	0.0076355926281755125	0.026988998949031423	0.28201265721901775	NO	P01116
150	Q	150	8.35	-13.932	49.375	-0.95	0.827514690632561	0	0	4.083559149150146	0.041201883789779924	0.9291705398648009	1.1025965991647793	NO	P01116
152	V	152	3.354	-15.178	51.756	0.55	0.862893081761006	0	0	2.9488267782666613	0.14212571747562472	0.24234936493411402	0.7535422357997912	NO	P01116
154	D	154	2.389	-19.922	49.346	-0.65	0.859649122807018	1	0	0.3342148066609416	0.16041272319674432	1.227156083399441	1.2043452394978928	NO	P01116
155	A	155	2.197	-20.225	53.14	0.55	0.853932584269663	0	0	0.5988824748388846	0.5507813739500076	0.8027979977365275	1.297614826469914	NO	P01116
156	F	156	-1.533	-19.514	53.332	1.75	0.812075983717775	0	0	0.7077690318551869	0.5718086287863903	0.12157758513512469	1.137502035501278	NO	P01116
157	Y	157	-2.354	-21.622	50.243	-0.95	0.857142857142857	0	0	0.1928656199979732	0.022344768048116432	0.21595473671999627	0.2569927203963645	NO	P01116
158	T	158	-0.311	-24.525	51.625	-0.65	0.862155388471178	1	0	0	2.3103068118353294e-4	1.2578893374445246	1.2118401170224302	NO	P01116
159	L	159	-2.433	-24.421	54.775	0.55	0.894554883318928	0	0	0.16445159003555004	0.010544667433519355	0.6873708345410264	1.0566683934588597	NO	P01116
160	V	160	-5.629	-24.612	52.698	0.85	0.966292134831461	1	0	0.26405725897589366	0.057708266792558846	0.08971977918607785	0.18451593984329387	NO	P01116
161	R	161	-4.16	-27.616	50.871	0.85	0.966292134831461	0	0	0	0.0018056871660923428	0.7098489604459909	0.2949667665206873	NO	P01116
162	E	162	-3.527	-29.236	54.253	-0.65	0.967105263157895	0	0	0	7.846325021327516e-5	1.0324351205446078	0.4840967623250634	NO	P01116
163	I	163	-7.178	-28.693	55.213	1.15	0.967105263157895	0	0	0.22830860528994762	0.04525384015780217	0.5250069203994318	0.5048233372077349	NO	P01116
164	R	164	-8.393	-30.106	51.897	0.85	0.991902834008097	1	0	0	0.03146035188986191	0.4735113812730823	-0.009325260975531416	NO	P01116
