Uniprot_position	aminoacid	Position_in_structure	x	y	z	paraz	mtr	gscount	pscount	OR	pvalue	mtr3dscore	paraz3dscore	HotSpot3D	Uniprot
153	G	153	123.66	156.908	209.192	NA	0.486940298507463	0	0	0	1	-0.44090822772108546	Inf	NO	P62195
154	L	154	123.052	158.778	205.934	NA	0.486940298507463	0	0	0	1	-0.5976601206507123	Inf	NO	P62195
155	D	155	119.973	160.768	206.989	NA	0.484317343173432	0	0	0	1	-0.6284476524732041	Inf	NO	P62195
156	K	156	122.054	163.954	207.215	NA	0.427696078431373	0	0	0	1	-0.4894742338982407	Inf	NO	P62195
157	Q	157	123.19	163.623	203.587	NA	0.349369608493696	1	0	0	1	-0.9752707120011096	Inf	NO	P62195
158	I	158	119.683	163.189	202.18	NA	0.349369608493696	0	0	0	1	-1.0796552047539731	Inf	NO	P62195
159	K	159	118.278	165.831	204.538	NA	0.353237168735324	0	0	0	1	-0.9110412439356039	Inf	NO	P62195
160	E	160	121.013	168.306	203.609	NA	0.326208178438662	0	0	0	1	-0.7361832030634565	Inf	NO	P62195
161	I	161	120.953	167.166	199.968	NA	0.237242311591754	0	0	0	1	-1.07455501429217	Inf	NO	P62195
162	K	162	117.239	167.914	199.522	NA	0.237242311591754	0	0	0	1	-1.4799589256549845	Inf	NO	P62195
163	E	163	117.768	171.672	199.907	NA	0.238805970149254	0	0	0	1	-1.467159188959604	Inf	NO	P62195
164	V	164	120.792	171.56	197.571	NA	0.260966542750929	0	0	0	1	-1.0024001643456635	Inf	NO	P62195
165	I	165	119.663	169.276	194.747	NA	0.261194029850746	0	0	0	1	-1.2407687901878062	Inf	NO	P62195
166	E	166	115.909	169.727	195.231	NA	0.263157894736842	0	0	0	1	-1.336054972043799	Inf	NO	P62195
167	L	167	116.203	173.542	195.272	NA	0.146483562213899	0	0	0	1	-1.3871689530042948	Inf	NO	P62195
168	P	168	115.772	174.332	191.522	NA	0.14703425229741	0	0	0	1	-1.3315591002634053	Inf	NO	P62195
169	V	169	112.997	171.732	191.334	NA	0.132330827067669	0	0	0	1	-1.3892341313944347	Inf	NO	P62195
170	K	170	110.023	173.619	192.79	NA	0.133333333333333	0	0	0	1	-1.4800639441751349	Inf	NO	P62195
171	H	171	111.408	176.637	194.697	NA	0.134865900383142	0	0	0	1	-1.5840654992016459	Inf	NO	P62195
172	P	172	111.831	178.867	191.622	NA	0.135384615384615	0	0	0	1	-1.635716444032449	Inf	NO	P62195
181	A	181	121.223	181.083	194.279	NA	0.116469816272966	0	0	0	1	-1.2108513124215088	Inf	NO	P62195
182	Q	182	121.767	177.631	192.789	NA	0.116930171277997	0	0	0	1	-1.0217128302020928	Inf	NO	P62195
183	P	183	124.93	175.939	194.126	NA	0.108669108669109	0	0	0	1	-0.795942597937636	Inf	NO	P62195
184	K	184	127.403	174.935	191.435	NA	0.109408519767086	0	0	0	1	-0.5418863787111378	Inf	NO	P62195
185	G	185	129.234	171.949	192.922	NA	0.108543630282761	0	0	0	1	-0.32376034783286406	Inf	NO	P62195
186	V	186	129.727	169.793	195.997	NA	0.108116293155663	0	0	0	1	-0.3805092548062917	Inf	NO	P62195
187	L	187	132.369	167.327	197.174	NA	0.117918313570487	0	0	0	1	-0.14391560558128022	Inf	NO	P62195
188	L	188	132.239	164.363	199.556	NA	0.13984375	0	0	0	1	-0.521163621435762	Inf	NO	P62195
189	Y	189	135.47	163.154	201.178	NA	0.138910505836576	1	0	0	1	-0.27695022114311835	Inf	NO	P62195
190	G	190	135.861	160.072	203.354	NA	0.138910505836576	0	0	0	1	-0.4520605193017502	Inf	NO	P62195
191	P	191	135.843	156.27	203.283	NA	0.154177433247201	0	0	0	1	-0.5307443734232513	Inf	NO	P62195
192	P	192	133.861	155.226	200.175	NA	0.126636009904492	0	0	0	1	-0.730337388719798	Inf	NO	P62195
193	G	193	131.36	152.985	201.921	NA	0.126636009904492	0	0	0	1	-0.6018569466025017	Inf	NO	P62195
194	T	194	127.986	154.146	200.592	NA	0.127485795454545	0	0	0	1	-0.7937887687278223	Inf	NO	P62195
195	G	195	126.509	157.361	199.234	NA	0.127485795454545	0	0	0	1	-0.9105507469726463	Inf	NO	P62195
196	K	196	129.02	158.245	196.508	NA	0.128489620615605	0	0	0	1	-0.8435206948993285	Inf	NO	P62195
197	T	197	127.189	156.592	193.581	NA	0.129356809198706	0	0	0	1	-1.0054221600508062	Inf	NO	P62195
198	L	198	124.133	154.983	195.194	NA	0.128489620615605	0	0	0	1	-1.1258518974672576	Inf	NO	P62195
199	L	199	122.986	158.41	196.408	NA	0.117782152230971	0	0	0	1	-1.3151595819911186	Inf	NO	P62195
200	A	200	123.324	160.211	193.069	NA	0.128489620615605	0	0	0	1	-1.122347330096346	Inf	NO	P62195
201	R	201	121.796	157.256	191.216	NA	0.11745406824147	0	0	0	1	-1.5369257547417234	Inf	NO	P62195
202	A	202	119.066	156.71	193.821	NA	0.233333333333333	0	0	0	1	-1.6453206448497268	Inf	NO	P62195
203	V	203	118.034	160.374	193.975	NA	0.233072916666667	0	0	0	1	-1.6525112449909565	Inf	NO	P62195
204	A	204	118.563	160.672	190.215	NA	0.253272019808985	0	0	0	1	-1.2616866413117482	Inf	NO	P62195
205	H	205	116.358	157.57	189.872	NA	0.140234375	0	0	0	1	-1.7652976735766177	Inf	NO	P62195
206	H	206	113.492	158.749	192.087	NA	0.139147286821705	0	0	0	1	-1.8257033005283925	Inf	NO	P62195
207	T	207	113.691	162.149	190.365	NA	0.139147286821705	1	0	0	1	-1.5859293524941813	Inf	NO	P62195
208	D	208	113.342	160.397	186.964	NA	0.154011154011154	0	0	0	1	-1.6989242885255522	Inf	NO	P62195
209	C	209	116.149	162.545	185.533	NA	0.152991452991453	0	0	0	1	-1.2646221895845629	Inf	NO	P62195
210	T	210	119.082	161.514	183.367	NA	0.304182509505703	0	0	0	1	-1.3214457120137366	Inf	NO	P62195
211	F	211	122.23	160.192	185.047	NA	0.303872053872054	0	0	0	1	-1.1000893017485032	Inf	NO	P62195
212	I	212	125.162	159.02	182.906	NA	0.272452830188679	0	0	0	1	-0.9258429215389711	Inf	NO	P62195
213	R	213	128.372	157.827	184.556	NA	0.270676691729323	0	0	0	1	-0.7568674069064829	Inf	NO	P62195
214	V	214	131.883	159.047	183.726	NA	0.30188679245283	0	0	0	1	-0.33354086818566386	Inf	NO	P62195
230	M	230	139.97	161.807	178.349	NA	0.392391304347826	0	0	0	1	-0.33307654915246643	Inf	NO	P62195
231	V	231	141.749	164.753	179.967	NA	0.390974729241877	0	0	0	1	-0.14632150475669636	Inf	NO	P62195
232	R	232	140.077	166.984	177.366	NA	0.434416365824308	0	0	0	1	-0.21300901928596724	Inf	NO	P62195
233	E	233	137.895	164.429	175.569	NA	0.326992753623188	0	0	0	1	-0.8047862888574367	Inf	NO	P62195
234	L	234	136.158	163.891	178.91	NA	0.289610910549539	0	0	0	1	-0.3872364767870967	Inf	NO	P62195
235	F	235	135.422	167.624	178.703	NA	0.325812274368231	0	0	0	1	-0.3988505632876875	Inf	NO	P62195
236	V	236	134.083	167.088	175.18	NA	0.289610910549539	0	0	0	1	-0.7432226115156481	Inf	NO	P62195
237	M	237	131.702	164.489	176.607	NA	0.289855072463768	0	0	0	1	-0.9012519291470682	Inf	NO	P62195
238	A	238	131.059	166.983	179.424	NA	0.290909090909091	0	0	0	1	-0.4363082075430274	Inf	NO	P62195
239	R	239	130.433	169.606	176.712	NA	0.264468864468864	0	0	0	1	-0.6856032963456514	Inf	NO	P62195
240	E	240	127.973	167.854	174.4	NA	0.261818181818182	0	0	0	1	-1.069366428016969	Inf	NO	P62195
241	H	241	126.408	166.346	177.546	NA	0.145454545454545	0	0	0	1	-0.8618067879890622	Inf	NO	P62195
242	A	242	127.078	169.394	179.733	NA	0.263503649635037	1	0	0	1	-0.4701963288093317	Inf	NO	P62195
243	P	243	123.521	169.915	181.116	NA	0.29466829466829503	0	0	0	1	-0.58631019704997	Inf	NO	P62195
244	S	244	123.043	166.855	183.346	NA	0.401111111111111	0	0	0	1	-0.6525547999068355	Inf	NO	P62195
245	I	245	123.752	165.497	186.827	NA	0.402602230483271	0	0	0	1	-0.9826917817660872	Inf	NO	P62195
246	I	246	127.444	164.614	186.502	NA	0.399630996309963	0	0	0	1	-0.6789664044893591	Inf	NO	P62195
247	F	247	129.678	162.87	189.035	NA	0.55453431372549	0	0	0	1	-0.5808445524976098	Inf	NO	P62195
248	M	248	133.387	162.036	188.796	NA	0.601065601065601	0	0	0	1	-0.37119875258096235	Inf	NO	P62195
249	D	249	133.288	158.322	189.639	NA	0.661172161172161	0	0	0	1	-0.5176720439514634	Inf	NO	P62195
250	E	250	135.992	156.813	187.414	NA	0.658759124087591	0	0	0	1	-0.1625344121321189	Inf	NO	P62195
251	I	251	138.85	158.831	188.956	NA	0.666051660516605	0	0	0	1	0.3546806356398701	Inf	NO	P62195
252	D	252	137.681	158.284	192.554	NA	0.60550150956055	0	0	0	1	-0.16004665916478772	Inf	NO	P62195
259	L	259	152.327	164.99	194.011	NA	0.481717544448172	1	0	0	1	0.7097522479248755	Inf	NO	P62195
260	E	260	154.876	164.674	191.209	NA	0.527941176470588	0	0	0	1	0.20061916363746132	Inf	NO	P62195
261	G	261	152.589	163.077	188.619	NA	0.527472527472528	0	0	0	1	0.3361048080967353	Inf	NO	P62195
262	G	262	149.339	162.764	190.538	NA	0.531365313653137	1	0	0	1	0.6228828639319793	Inf	NO	P62195
263	S	263	148.908	166.5	191.027	NA	0.527472527472528	0	0	0	1	0.7587958882024006	Inf	NO	P62195
264	G	264	149.353	167.115	187.296	NA	0.524087591240876	0	0	0	1	0.3965458819615554	Inf	NO	P62195
265	G	265	147.646	164.028	185.924	NA	0.524087591240876	0	0	0	1	0.29601703556078	Inf	NO	P62195
266	D	266	144.829	164.705	188.368	NA	0.478188478188478	0	0	0	1	0.6539948333521776	Inf	NO	P62195
267	S	267	145.163	168.446	187.689	NA	0.524542124542125	0	0	0	1	0.5621767248880774	Inf	NO	P62195
268	E	268	144.04	167.75	184.115	NA	0.524542124542125	0	0	0	1	0.1966312274406975	Inf	NO	P62195
269	V	269	140.645	166.587	185.379	NA	0.528413284132841	0	0	0	1	0.3300136852932797	Inf	NO	P62195
270	Q	270	140.776	169.393	187.95	NA	0.587654320987654	0	0	0	1	0.48017361185598145	Inf	NO	P62195
271	R	271	141.221	171.789	185.028	NA	0.59149111937216	0	0	0	1	0.2859617466895689	Inf	NO	P62195
272	T	272	138.418	169.942	183.222	NA	0.59149111937216	1	0	0	1	-0.10164993813022688	Inf	NO	P62195
273	M	273	136.076	170.685	186.127	NA	0.589300411522634	0	0	0	1	-0.11715441756255301	Inf	NO	P62195
274	L	274	137.512	174.206	186.399	NA	0.589300411522634	0	0	0	1	-0.009157489551629712	Inf	NO	P62195
275	E	275	136.313	175.01	182.883	NA	0.49907063197026	0	0	0	1	-0.25841264273708436	Inf	NO	P62195
276	L	276	133.171	173.003	183.659	NA	0.587125871258713	0	0	0	1	-0.40289273768821654	Inf	NO	P62195
277	L	277	132.534	175.393	186.546	NA	0.584967320261438	0	0	0	1	-0.28743187823511934	Inf	NO	P62195
278	N	278	133.361	178.194	184.094	NA	0.374348279457768	0	0	0	1	-0.42342833203061475	Inf	NO	P62195
279	Q	279	130.595	176.995	181.768	NA	0.370293965961836	0	0	0	1	-0.37543863886699574	Inf	NO	P62195
280	L	280	128.092	176.413	184.584	NA	0.32168458781362	0	0	0	1	-0.46942191519134224	Inf	NO	P62195
281	D	281	129.118	179.785	186.03	NA	0.324909747292419	0	0	0	1	-0.4696581086137793	Inf	NO	P62195
282	G	282	128.959	181.367	182.567	NA	0.32258064516129	0	0	0	1	-0.519605841770348	Inf	NO	P62195
283	F	283	125.546	180.342	181.252	NA	0.36896197327852	0	0	0	1	-0.5834181359795783	Inf	NO	P62195
284	E	284	122.976	177.55	181.361	NA	0.36896197327852	0	0	0	1	-0.5591779702717053	Inf	NO	P62195
285	A	285	120.228	176.254	179.087	NA	0.369989722507708	0	0	0	1	-0.6393914103757462	Inf	NO	P62195
286	T	286	118.079	174.708	181.836	NA	0.485611510791367	0	0	0	1	-0.6713609083500011	Inf	NO	P62195
287	K	287	117.915	174.372	185.61	NA	0.489130434782609	0	0	0	1	-1.1888668173536523	Inf	NO	P62195
288	N	288	118.822	171.429	187.874	NA	0.583941605839416	1	0	0	1	-1.1858280322887913	Inf	NO	P62195
289	I	289	122.337	171.251	186.396	NA	0.587708587708588	0	0	0	1	-0.8406340611751554	Inf	NO	P62195
290	K	290	125.056	170.42	188.928	NA	0.661172161172161	0	0	0	1	-0.6375596342589509	Inf	NO	P62195
291	V	291	128.326	168.497	189.154	NA	0.663003663003663	1	0	0	1	-0.5430976318226495	Inf	NO	P62195
292	I	292	129.482	166.467	192.167	NA	0.658181818181818	0	0	0	1	-0.6036175281376428	Inf	NO	P62195
293	M	293	133.174	165.928	192.899	NA	0.583434343434343	0	0	0	1	0.016345725665830337	Inf	NO	P62195
294	A	294	134.71	162.868	194.551	NA	0.586080586080586	0	0	0	1	-0.21006231698078973	Inf	NO	P62195
295	T	295	138.144	162.882	196.195	NA	0.581818181818182	0	0	0	1	0.16661600595220896	Inf	NO	P62195
296	N	296	139.453	161.224	199.356	NA	0.654545454545455	0	0	0	1	0.03465065959958674	Inf	NO	P62195
297	R	297	143.179	162.081	199.574	NA	0.744713769984528	0	0	0	1	0.2719193342896863	Inf	NO	P62195
298	I	298	145.603	165.033	199.431	NA	0.744713769984528	0	0	0	1	0.6087777722987588	Inf	NO	P62195
299	D	299	143.912	165.968	196.145	NA	0.75012987012987	0	0	0	1	0.5677992469186396	Inf	NO	P62195
300	I	300	141.175	167.346	198.408	NA	0.754953076120959	0	0	0	1	0.2922836194348567	Inf	NO	P62195
301	L	301	143.742	169.881	199.618	NA	0.749482401656315	1	0	0	1	0.6245250436158089	Inf	NO	P62195
302	D	302	144.698	170.349	195.963	NA	0.75012987012987	0	0	0	1	0.7806341243283913	Inf	NO	P62195
303	S	303	141.042	171.003	195.117	NA	0.745341614906832	1	0	0	1	0.3878228920105393	Inf	NO	P62195
304	A	304	140.883	173.569	197.919	NA	0.563086548488008	0	0	0	1	0.5602705946124702	Inf	NO	P62195
305	L	305	144.143	174.969	196.535	NA	0.568802521008403	0	0	0	1	0.8402682453014214	Inf	NO	P62195
306	L	306	142.386	175.331	193.162	NA	0.666051660516605	0	0	0	1	0.6431494950938215	Inf	NO	P62195
307	R	307	139.085	176.528	194.714	NA	0.495879120879121	0	0	0	1	0.3637908680975741	Inf	NO	P62195
308	P	308	139.558	179.658	196.881	NA	0.497252747252747	0	0	0	1	0.6972474355206905	Inf	NO	P62195
309	G	309	136.019	179.353	198.244	NA	0.499538745387454	0	0	0	1	-0.075676874486623	Inf	NO	P62195
310	R	310	134.283	180.942	195.256	NA	0.498154981549816	0	0	0	1	-0.17338047406667934	Inf	NO	P62195
311	I	311	131.428	178.597	194.283	NA	0.570901423299947	0	0	0	1	-0.48048963572416414	Inf	NO	P62195
312	D	312	131.265	175.236	196.065	NA	0.566718995290424	0	0	0	1	-0.3238248323977756	Inf	NO	P62195
313	R	313	129.264	173.371	198.706	NA	0.568802521008403	0	0	0	1	-0.6371039439652612	Inf	NO	P62195
314	K	314	130.938	171.576	201.622	NA	0.505130597014925	0	0	0	1	-0.4835586671269387	Inf	NO	P62195
315	I	315	129.149	168.472	202.934	NA	0.594795539033457	0	0	0	1	-0.6205706563558491	Inf	NO	P62195
316	E	316	131.077	166.073	205.159	NA	0.588235294117647	0	0	0	1	-0.7069594473775521	Inf	NO	P62195
317	F	317	131.005	162.39	204.166	NA	0.496323529411765	0	0	0	1	-0.8816164672719382	Inf	NO	P62195
318	P	318	130.889	160.275	207.353	NA	0.5	0	0	0	1	-0.7627586046432883	Inf	NO	P62195
319	P	319	131.249	156.477	207.354	NA	0.446096654275093	0	0	0	1	-0.644585943219315	Inf	NO	P62195
320	P	320	127.908	154.677	207.011	NA	0.451127819548872	0	0	0	1	-0.36101487959172196	Inf	NO	P62195
321	N	321	126.395	153.223	210.172	NA	0.452830188679245	1	0	0	1	-0.1476948740610697	Inf	NO	P62195
322	E	322	124.322	150.036	210.377	NA	0.385232744783307	0	0	0	1	0.009504682231418801	Inf	NO	P62195
323	E	323	121.141	152.006	209.647	NA	0.385232744783307	0	0	0	1	-0.09139898947217504	Inf	NO	P62195
324	A	324	122.803	152.827	206.315	NA	0.450686641697878	0	0	0	1	-0.37276268105136645	Inf	NO	P62195
325	R	325	123.421	149.081	205.859	NA	0.674157303370787	0	0	0	1	-0.08060060173735185	Inf	NO	P62195
326	L	326	120.064	147.417	206.58	NA	0.533828996282528	0	0	0	1	0.06142195405792203	Inf	NO	P62195
327	D	327	118.252	149.585	204.024	NA	0.531851851851852	0	0	0	1	-0.12904552779872822	Inf	NO	P62195
328	I	328	121.063	149.297	201.472	NA	0.483501683501684	0	0	0	1	-0.31522758141271534	Inf	NO	P62195
329	L	329	120.926	145.515	201.907	NA	0.440344403444034	0	0	0	1	0.19855789017086092	Inf	NO	P62195
330	K	330	117.154	145.659	201.395	NA	0.440344403444034	1	0	0	1	0.2652803551062758	Inf	NO	P62195
331	I	331	117.421	147.863	198.296	NA	0.435523114355231	0	0	0	1	-0.029440948997407516	Inf	NO	P62195
332	H	332	120.315	145.652	197.159	NA	0.437118437118437	0	0	0	1	0.057522183358269585	Inf	NO	P62195
333	S	333	118.143	142.606	197.939	NA	0.440740740740741	0	0	0	1	0.44148205022448117	Inf	NO	P62195
334	R	334	114.902	143.52	196.14	NA	0.441975308641975	1	0	0	1	0.07787644958639954	Inf	NO	P62195
335	K	335	116.443	142.547	192.79	NA	0.486210418794688	0	0	0	1	0.1679308528166017	Inf	NO	P62195
336	M	336	117.361	138.964	193.705	NA	0.488038277511962	0	0	0	1	0.4520122940914355	Inf	NO	P62195
337	N	337	114.856	136.442	195.023	NA	0.491252144082333	0	0	0	1	0.7977663285164055	Inf	NO	P62195
338	L	338	114.984	136.202	198.821	NA	0.540909090909091	0	0	0	1	0.892719938188197	Inf	NO	P62195
339	T	339	113.062	133.935	201.176	NA	0.614669421487603	0	0	0	1	1.1175342129933636	Inf	NO	P62195
340	R	340	110.621	135.231	203.782	NA	0.610634648370497	2	0	0	1	1.0969776358455972	Inf	NO	P62195
341	G	341	112.255	133.332	206.664	NA	0.610634648370497	0	0	0	1	1.3569904828423833	Inf	NO	P62195
342	I	342	115.739	134.874	206.519	NA	0.615278257863809	0	0	0	1	1.3726493239381106	Inf	NO	P62195
343	N	343	116.958	137.115	209.351	NA	0.615278257863809	1	0	0	1	0.9966423517599098	Inf	NO	P62195
344	L	344	118.423	140.269	207.805	NA	0.619361554476058	0	0	0	1	0.6882186006947392	Inf	NO	P62195
345	R	345	119.378	141.618	211.248	NA	0.67680608365019	0	0	0	1	0.33471783961251605	Inf	NO	P62195
346	K	346	122.38	139.335	211.771	NA	0.490358126721763	0	0	0	1	1.0825622509515438	Inf	NO	P62195
347	I	347	123.619	139.436	208.168	NA	0.559748427672956	0	0	0	1	1.317284953418089	Inf	NO	P62195
348	A	348	123.13	143.221	207.971	NA	0.557644110275689	0	0	0	1	0.627188613003915	Inf	NO	P62195
349	E	349	124.475	144.16	211.42	NA	0.513788098693759	0	0	0	1	0.2285474925233269	Inf	NO	P62195
350	L	350	127.294	141.564	211.443	NA	0.515239477503628	0	0	0	1	1.1417770629112378	Inf	NO	P62195
351	M	351	129.408	143.248	208.722	NA	0.5206200643463	0	0	0	1	1.0261608118739143	Inf	NO	P62195
352	P	352	131.579	145.904	210.411	NA	0.525147928994083	1	0	0	1	0.41299109066788403	Inf	NO	P62195
353	G	353	135.04	147.145	209.492	NA	0.630828630828631	0	0	0	1	0.0869596169468339	Inf	NO	P62195
354	A	354	136.191	148.434	206.123	NA	0.633273703041145	1	0	0	1	-0.2623908722773596	Inf	NO	P62195
355	S	355	133.25	149.966	204.256	NA	0.549416342412451	0	0	0	1	-0.18339143569728156	Inf	NO	P62195
356	G	356	129.696	149.496	203.03	NA	0.36875	0	0	0	1	-0.2076947853470627	Inf	NO	P62195
357	A	357	130.697	148.167	199.612	NA	0.495798319327731	0	0	0	1	-0.31226487545989884	Inf	NO	P62195
358	E	358	131.21	144.806	201.335	NA	0.499717673630717	0	0	0	1	0.6788393406860151	Inf	NO	P62195
359	V	359	127.407	144.548	201.324	NA	0.597300337457818	0	0	0	1	0.6045971001776275	Inf	NO	P62195
360	K	360	127.39	144.652	197.519	NA	0.638914027149321	0	0	0	1	0.28410812384315376	Inf	NO	P62195
361	G	361	130.321	142.237	197.536	NA	0.632146064052679	0	0	0	1	1.17517435146416	Inf	NO	P62195
362	V	362	128.294	139.864	199.712	NA	0.67953667953668	1	0	0	1	1.5270379533914697	Inf	NO	P62195
363	C	363	125.428	140.214	197.224	NA	0.676923076923077	0	0	0	1	0.9594263955012216	Inf	NO	P62195
364	T	364	127.558	139.421	194.163	NA	0.677606177606178	0	0	0	1	0.9924331806253756	Inf	NO	P62195
365	E	365	129.466	136.606	195.874	NA	0.667300380228137	0	0	0	1	1.9183223662019633	Inf	NO	P62195
366	A	366	126.121	135.337	197.178	NA	0.669201520912548	0	0	0	1	1.4625371007913472	Inf	NO	P62195
367	G	367	124.993	135.187	193.553	NA	0.673664122137405	0	0	0	1	1.2105950938758598	Inf	NO	P62195
368	M	368	128.153	133.357	192.502	NA	0.62422634836428	1	0	0	1	1.3255693484840514	Inf	NO	P62195
369	Y	369	127.601	130.799	195.274	NA	0.620082207868467	0	0	0	1	1.7237850765859322	Inf	NO	P62195
370	A	370	123.89	130.818	194.436	NA	0.563537675606641	0	0	0	1	1.5176649472040995	Inf	NO	P62195
371	L	371	124.829	129.701	190.925	NA	0.557133838383838	0	0	0	1	1.1894519934236805	Inf	NO	P62195
372	R	372	127.536	127.421	192.339	NA	0.559796437659033	0	0	0	1	1.3287648304794926	Inf	NO	P62195
373	E	373	125.243	125.719	194.868	NA	0.556083650190114	0	0	0	1	1.518213864110814	Inf	NO	P62195
374	R	374	122.076	125.717	192.69	NA	0.551378446115288	1	0	0	1	1.307772307269426	Inf	NO	P62195
375	R	375	119.416	126.817	195.171	NA	0.606199770378875	0	0	0	1	1.32115151386885	Inf	NO	P62195
376	V	376	116.212	125.171	194.009	NA	0.694710947109471	0	0	0	1	1.2164004244264628	Inf	NO	P62195
377	H	377	113.621	127.901	194.571	NA	0.776470588235294	1	0	0	1	1.13956361302472	Inf	NO	P62195
378	V	378	113.836	129.752	197.916	NA	0.734098018769552	0	0	0	1	1.2238386374634926	Inf	NO	P62195
379	T	379	115.672	127.221	200.102	NA	0.767391304347826	0	0	0	1	1.3878084484073967	Inf	NO	P62195
380	Q	380	116.552	128.897	203.396	NA	0.852657004830918	0	0	0	1	1.5807105631117067	Inf	NO	P62195
381	E	381	119.173	126.513	204.806	NA	0.855072463768116	0	0	0	1	1.8938247920878868	Inf	NO	P62195
382	D	382	121.228	127.013	201.639	NA	0.849578820697954	0	0	0	1	1.7046155120799495	Inf	NO	P62195
383	F	383	120.853	130.782	201.993	NA	0.870503597122302	0	0	0	1	1.5717032465566596	Inf	NO	P62195
384	E	384	122.342	130.358	205.467	NA	0.874320652173913	0	0	0	1	1.8180610461069453	Inf	NO	P62195
385	M	385	125.071	128.336	203.759	NA	0.86620036101083	0	0	0	1	2.192973487377645	Inf	NO	P62195
386	A	386	125.607	131.429	201.608	NA	0.989943269726663	0	0	0	1	1.8757406274594037	Inf	NO	P62195
387	V	387	125.754	133.445	204.838	NA	1.15006150061501	0	0	0	1	1.9470404890835928	Inf	NO	P62195
388	A	388	128.576	131.173	205.995	NA	1.13550600343053	0	0	0	1	2.447605067710289	Inf	NO	P62195
389	K	389	130.326	131.432	202.619	NA	1.14346590909091	0	0	0	1	2.139050779998997	Inf	NO	P62195
390	V	390	130.211	135.245	202.802	NA	1.134	1	0	0	1	1.899246085982432	Inf	NO	P62195
391	M	391	131.202	135.412	206.492	NA	1.12868852459016	1	0	0	1	1.978233437302135	Inf	NO	P62195
392	Q	392	134.24	133.165	205.943	NA	1.118410041841	1	0	0	1	3.0474369547182065	Inf	NO	P62195
393	K	393	135.791	135.762	203.608	NA	1.09314420803782	0	0	0	1	2.627724415966055	Inf	NO	P62195
394	D	394	135.417	138.749	205.959	NA	1.09551656920078	1	0	0	1	2.0282099349234346	Inf	NO	P62195
