Uniprot_position	aminoacid	Position_in_structure	x	y	z	paraz	mtr	gscount	pscount	OR	pvalue	mtr3dscore	paraz3dscore	HotSpot3D	Uniprot
323	C	313	-21.144	-46.066	71.087	0.89	0.876543209876543	0	0	0	1	1.21890136210906	1.5246666459954563	NO	O15294
324	P	314	-20.757	-47.661	67.624	0.58	0.870848708487085	1	0	0	1	1.05263133986162	1.241128275844765	NO	O15294
325	T	315	-22.93	-44.957	66.04	0.58	0.870848708487085	0	0	0	1	1.4359842072594649	1.55983150745984	NO	O15294
326	H	316	-20.072	-42.483	66.522	-0.36	0.657407407407407	0	0	0	1	1.1699048590159133	1.6722012731008356	NO	O15294
327	A	317	-17.481	-44.064	64.239	1.2	0.661710037174721	0	0	0	1	0.7632971018496993	1.6477436611207992	NO	O15294
328	D	318	-20.185	-45.33	61.866	0.26	0.661710037174721	0	0	0	1	1.042006124908426	1.8324906763463404	NO	O15294
329	S	319	-21.626	-41.813	61.594	0.26	0.664794007490637	0	0	0	1	1.3142976695245543	1.8822785326009108	NO	O15294
330	L	320	-18.237	-40.239	60.861	0.58	0.661048689138577	0	0	0	1	0.9195804434507716	1.6477436611207992	NO	O15294
331	N	321	-17.505	-42.859	58.196	0.26	0.661048689138577	0	0	0	1	0.7146481540699641	1.7709083379378268	NO	O15294
332	N	322	-20.905	-42.536	56.51	1.2	0.991573033707865	0	0	22.248858348869213	0.10163339382940115	1.0437071620394534	1.8988372371290236	NO	O15294
333	L	323	-20.854	-38.728	56.647	1.2	0.991573033707865	0	0	11.790833757019081	0.14976017630282598	1.3450712547434711	1.6646498445171376	NO	O15294
334	A	324	-17.377	-38.792	55.078	0.26	0.99622641509434	0	0	11.790833757019081	0.14976017630282598	1.0252055194308025	1.6802581794911307	NO	O15294
335	N	325	-18.728	-40.95	52.241	1.51	0.997159090909091	0	0	11.790833757019081	0.14976017630282598	0.9248662518576259	1.605666049112135	NO	O15294
336	I	326	-21.272	-38.188	51.55	0.89	0.803041825095057	0	0	11.790833757019081	0.14976017630282598	1.6135658490509674	1.653003362621882	NO	O15294
337	K	327	-18.606	-35.475	51.654	0.58	0.801509433962264	1	0	11.790833757019081	0.14976017630282598	1.4437073146486636	1.6203017402455833	NO	O15294
338	R	328	-16.532	-37.496	49.186	1.51	0.807604562737643	0	0	11.790833757019081	0.14976017630282598	0.7328252024732882	1.752756322125181	NO	O15294
339	E	329	-19.51	-37.746	46.813	0.89	0.802272727272727	0	1	11.790833757019081	0.14976017630282598	1.388527477223734	1.3235547867813178	NO	O15294
340	Q	330	-20.032	-33.981	47.012	-0.98	0.796240601503759	0	0	11.790833757019081	0.14976017630282598	1.715231915479758	1.1494561504918805	NO	O15294
341	G	331	-16.377	-33.324	46.174	-0.05	0.796240601503759	0	0	11.790833757019081	0.14976017630282598	1.1566942634934367	0.8265990627717168	NO	O15294
342	N	332	-15.383	-32.165	49.682	0.26	0.796240601503759	0	0	11.790833757019081	0.14976017630282598	1.3152931084035153	1.4347257503269366	NO	O15294
343	I	333	-12.289	-34.354	49.674	1.2	0.793258426966292	1	0	11.790833757019081	0.14976017630282598	0.5951274200840374	1.4623391832076225	NO	O15294
344	E	334	-10.4	-32.528	52.43	0.26	0.792537313432836	0	0	11.790833757019081	0.14976017630282598	0.9070368508299832	1.4104502049373224	NO	O15294
345	E	335	-13.426	-32.717	54.734	0.89	0.793984962406015	0	0	11.790833757019081	0.14976017630282598	1.5206167929501273	1.4707432714756572	NO	O15294
346	A	336	-13.843	-36.414	53.904	-0.05	0.788059701492537	0	0	11.790833757019081	0.14976017630282598	0.6578294832591243	1.8316688479867962	NO	O15294
347	V	337	-10.228	-37.105	54.884	-0.05	0.660377358490566	0	0	0	1	0.08662535986394411	1.9475466466825317	NO	O15294
348	R	338	-10.74	-35.404	58.261	0.26	0.660377358490566	0	0	0	1	0.855009526723066	1.9860476616704597	NO	O15294
349	L	339	-13.889	-37.402	58.999	2.45	0.660377358490566	0	0	0	1	0.9634978742750705	1.8153966464678208	NO	O15294
350	Y	340	-12.272	-40.719	58.042	1.82	0.660377358490566	0	0	0	1	0.37706889784723807	1.8178501047899722	NO	O15294
351	R	341	-9.287	-40.025	60.283	0.89	0.660377358490566	0	0	0	1	-0.027284178723339006	1.7208535119858535	NO	O15294
352	K	342	-11.519	-39.021	63.201	0.58	0.660984848484848	0	0	0	1	0.6387208743700248	1.5421450386759783	NO	O15294
353	A	343	-13.467	-42.257	62.691	2.13	0.529277566539924	0	0	0	1	0.6856270383489064	1.6547050307545856	NO	O15294
354	L	344	-10.139	-44.106	62.948	1.82	0.52377358490566	0	0	0	1	-0.11563449519062391	1.706788052165215	NO	O15294
355	E	345	-9.362	-42.207	66.165	0.26	0.524242424242424	0	0	0	1	0.33223136633383576	1.5887796390297106	NO	O15294
356	V	346	-12.649	-43.369	67.667	1.2	0.524714828897339	0	0	0	1	0.7531203682052129	1.4799113677680589	NO	O15294
357	F	347	-12.409	-46.933	66.31	0.58	0.528735632183908	0	0	0	1	0.4859722253599622	1.5247981385329834	NO	O15294
358	P	348	-8.842	-47.866	65.305	0.26	0.528735632183908	0	0	0	1	-0.5149607642898156	1.893897691371485	NO	O15294
359	E	349	-9.742	-51.328	63.942	-0.98	0.435606060606061	0	0	0	1	-1.013347320746092	1.771107569055292	NO	O15294
360	F	350	-12.376	-49.88	61.568	-0.98	0.32889733840304203	0	0	0	1	-0.7077657292954617	1.726161028955128	NO	O15294
361	A	351	-11.853	-51.796	58.313	2.45	0.332375478927203	0	0	0	1	-1.478428594112336	1.8575129327522284	NO	O15294
362	A	352	-14.355	-49.752	56.281	0.58	0.328301886792453	0	0	0	1	-1.0111631713090157	1.8840256362463752	NO	O15294
363	A	353	-12.793	-46.457	57.388	1.2	0	0	0	0	1	-0.42711749168495444	1.9041541092985967	NO	O15294
364	H	354	-9.306	-47.678	56.435	1.51	0	0	0	0	1	-1.3442825935289262	1.9580660496846978	NO	O15294
365	S	355	-10.51	-48.648	52.96	0.58	0	0	0	0	1	-1.7397856256266997	1.9347730858941876	NO	O15294
366	N	356	-12.645	-45.529	52.461	2.45	0	0	0	11.790833757019081	0.14976017630282598	-0.6132204425690029	2.0878053533780796	NO	O15294
367	L	357	-9.768	-43.295	53.606	0.89	0	0	0	0	1	-0.7314009623135236	2.042892724957484	NO	O15294
368	A	358	-7.434	-45.053	51.176	2.13	0	0	0	0	1	-1.8109914044567321	2.0286963269849556	NO	O15294
369	S	359	-9.922	-44.28	48.381	0.26	0	0	0	22.248858348869213	0.10163339382940115	-1.5371079851031535	1.9794993333016113	NO	O15294
371	L	361	-5.953	-40.66	49.444	2.45	0	0	0	0	1	-1.2806715785409826	1.797419738123048	NO	O15294
372	Q	362	-5.722	-42.387	46.065	-0.05	0	0	0	0	1	-1.8149447390650855	1.784186505943012	NO	O15294
373	Q	363	-7.813	-39.55	44.615	0.89	0	0	0	0	1	-0.6752259688882578	1.2634760573357922	NO	O15294
374	Q	364	-5.297	-37.089	46.128	0.89	0	0	0	0	1	-0.41590565913848426	1.1240746304192202	NO	O15294
375	G	365	-2.353	-38.908	44.522	0.26	0	0	0	0	1	-0.9575896616462608	0.8822025910276822	NO	O15294
376	K	366	-1.064	-40.3	47.841	0.89	0	0	0	0	1	-1.333508258666602	1.1928701657857566	NO	O15294
377	L	367	-0.808	-43.813	46.434	0.58	0	0	0	0	1	-2.218219906362505	1.820769703604703	NO	O15294
378	Q	368	1.627	-45.466	48.855	0.26	0	0	0	0	1	-2.453461932975462	1.7919072977186659	NO	O15294
379	E	369	-0.322	-44.184	51.863	-0.05	0	0	0	0	1	-2.453461932975462	1.8130812343939742	NO	O15294
380	A	370	-3.523	-45.523	50.276	2.45	0	0	0	0	1	-2.3492818821026282	2.0886304045939355	NO	O15294
381	L	371	-1.955	-48.962	49.788	0.58	0	0	0	0	1	-2.453461932975462	2.116425711095684	NO	O15294
382	M	372	-0.966	-49.001	53.463	-0.05	0	0	0	0	1	-2.453461932975462	2.065574348366835	NO	O15294
383	H	373	-4.567	-48.422	54.56	0.26	0	0	0	0	1	-1.9028122527829148	1.9974427338955087	NO	O15294
384	Y	374	-6.016	-50.942	52.095	1.82	0	0	0	0	1	-2.32400180383373	1.9991173784736387	NO	O15294
385	K	375	-3.709	-53.578	53.571	0.58	0	0	0	0	1	-2.3460761480132897	1.9948839601922792	NO	O15294
386	E	376	-4.739	-52.564	57.092	1.2	0	0	0	0	1	-2.010468776049743	1.902313213773218	NO	O15294
387	A	377	-8.412	-52.931	56.125	2.45	0	0	0	0	1	-2.062585618041004	1.9159884376760337	NO	O15294
388	I	378	-7.736	-56.395	54.725	0.89	0	0	0	0	1	-2.214575612404469	1.7562250045806365	NO	O15294
389	R	379	-5.688	-57.477	57.743	0.89	0	0	0	0	1	-2.089444682581568	1.5846272431078028	NO	O15294
390	I	380	-8.727	-56.56	59.847	0.89	0	0	0	0	1	-1.9543959254160206	1.6545061344793346	NO	O15294
391	S	381	-11.177	-58.236	57.444	0.26	0	0	0	0	1	-2.1210983565288632	1.6223598843112246	NO	O15294
392	P	382	-9.559	-60.848	55.18	1.2	0	0	0	0	1	-2.359630859990589	1.8487196237411296	NO	O15294
393	T	383	-12.713	-61.234	53.031	0.58	0	0	0	0	1	-2.3724260063067084	1.7036877589050459	NO	O15294
394	F	384	-13.283	-57.464	52.586	-0.05	0	0	0	0	1	-2.2926175301024005	1.9351146249526994	NO	O15294
395	A	385	-14.004	-57.41	48.848	1.2	0	0	0	0	1	-2.352212478582557	2.0377129581296693	NO	O15294
396	D	386	-14.485	-53.632	48.573	-0.36	0	0	0	0	1	-2.36486866038167	2.114410676804391	NO	O15294
397	A	387	-10.93	-53.167	49.848	1.51	0	0	0	0	1	-2.372922594253833	2.083820731028774	NO	O15294
398	Y	388	-9.409	-55.598	47.334	0.58	0	0	0	0	1	-2.378063403108405	2.021070559155118	NO	O15294
399	S	389	-11.175	-53.957	44.383	0.58	0	0	0	0	1	-2.453461932975462	1.975802252420908	NO	O15294
400	N	390	-10.243	-50.457	45.562	2.45	0	0	0	0	1	-2.414329921485704	2.120415502684794	NO	O15294
401	M	391	-6.638	-51.57	46.028	1.82	0	0	0	0	1	-2.453461932975462	2.0060608258820807	NO	O15294
402	G	392	-6.609	-52.96	42.491	2.13	0	0	0	0	1	-2.413693271766663	1.9447414725486212	NO	O15294
403	N	393	-7.573	-49.52	41.184	0.89	0	0	0	0	1	-2.4098134023804385	2.033369580931911	NO	O15294
404	T	394	-4.573	-48.028	43.008	0.89	0	0	0	0	1	-2.453461932975462	1.9341950967182444	NO	O15294
405	L	395	-2.179	-50.685	41.713	2.13	0	0	0	0	1	-2.393808941162263	1.9664815720864308	NO	O15294
406	K	396	-3.467	-50.13	38.174	1.2	0	0	0	0	1	-2.2399017760752193	1.7692427657958172	NO	O15294
407	E	397	-2.732	-46.415	38.505	0.26	0	0	0	0	1	-2.389548013175606	1.7700317210209795	NO	O15294
408	M	398	0.767	-47.337	39.718	0.58	0	0	0	0	1	-2.305131747074128	1.68410420628046	NO	O15294
409	Q	399	1.19	-49.378	36.486	0.89	0	0	0	0	1	-2.2845453530202735	1.536459450413674	NO	O15294
410	D	400	1.232	-52.71	38.377	0.89	0	0	0	0	1	-2.3540402799534643	1.9598192835183923	NO	O15294
411	V	401	-1.228	-54.485	36.099	0.26	0	0	0	0	1	-2.197189744695171	1.7878621091096512	NO	O15294
412	Q	402	-0.522	-57.971	37.473	0.26	0	0	0	0	1	-2.215986721439526	1.7454238318551984	NO	O15294
413	G	403	-1.105	-56.767	41.035	0.26	0	0	0	0	1	-2.3846315578063866	1.8455893560461534	NO	O15294
414	A	404	-4.341	-55.109	39.937	2.45	0	0	0	0	1	-2.341664499676527	1.9692429153744992	NO	O15294
415	L	405	-5.516	-58.365	38.31	0.26	0	0	0	0	1	-2.30234134381623	2.052262522022276	NO	O15294
416	Q	406	-4.681	-60.409	41.407	0.26	0	0	0	0	1	-2.3818783427996233	2.044114766242416	NO	O15294
417	C	407	-6.743	-57.949	43.489	0.89	0	0	0	0	1	-2.4063674657545158	1.9637409907779715	NO	O15294
418	Y	408	-9.762	-57.893	41.159	1.2	0	0	0	0	1	-2.3347592840918363	1.9328946210723723	NO	O15294
419	T	409	-9.833	-61.682	40.789	0.58	0	0	0	0	1	-2.343200445322279	2.091190908367282	NO	O15294
420	R	410	-9.668	-62.026	44.577	-0.05	0	0	0	0	1	-2.453461932975462	1.982786646739788	NO	O15294
421	A	411	-12.534	-59.545	45.022	1.51	0	0	0	0	1	-2.453461932975462	1.9385300155378182	NO	O15294
422	I	412	-14.686	-61.415	42.494	1.82	0	0	0	0	1	-2.3208145585360636	1.7236806015426855	NO	O15294
423	Q	413	-13.817	-64.735	44.133	0.26	0	0	0	0	1	-2.453461932975462	1.6577849094410486	NO	O15294
424	I	414	-15.064	-63.36	47.459	0.26	0	0	0	0	1	-2.453461932975462	1.7252047195912947	NO	O15294
425	N	415	-18.207	-61.823	45.93	0.26	0	0	0	0	1	-2.377583590022197	1.662836717602168	NO	O15294
426	P	416	-19.194	-63	42.433	2.45	0	0	0	0	1	-2.15396603947617	1.818946944981052	NO	O15294
427	A	417	-22.008	-60.407	42.511	0.26	0	0	0	0	1	-1.9740308722372817	1.6355507167319248	NO	O15294
428	F	418	-19.614	-57.455	43.033	1.51	0	0	0	0	1	-2.0914501230809766	1.7252047195912947	NO	O15294
429	A	419	-20.545	-55.234	40.08	0.58	0	0	0	0	1	-1.7918385884498602	1.784495900148958	NO	O15294
430	D	420	-17.767	-52.658	40.549	0.26	0	0	0	0	1	-1.8787824730515528	1.856027840563687	NO	O15294
431	A	421	-15.054	-55.325	40.636	2.45	0	0	0	0	1	-2.1076533396257267	1.9640596630231415	NO	O15294
432	H	422	-16.259	-56.825	37.346	1.51	0	0	0	0	1	-1.7790449450235728	1.7244874875684197	NO	O15294
433	S	423	-16.187	-53.386	35.729	0.58	0	0	0	0	1	-1.5256541298046875	1.859327107868912	NO	O15294
434	N	424	-12.687	-52.634	37.041	1.82	0	0	0	0	1	-1.8975118855352553	2.0477096578770695	NO	O15294
435	L	425	-11.45	-56	35.768	0.26	0	0	0	0	1	-1.7857324515160395	1.8659069320787647	NO	O15294
436	A	426	-12.996	-55.131	32.395	2.13	0	0	0	0	1	-1.3943831111415463	1.6695916519714518	NO	O15294
437	S	427	-10.87	-51.974	32.298	-0.05	0	0	0	0	1	-1.449421867677538	1.6710178402630917	NO	O15294
438	I	428	-7.746	-54.162	32.484	1.82	0.33364312267658	0	0	0	1	-1.7250664268157982	1.8076109041142436	NO	O15294
439	H	429	-8.874	-56.256	29.507	0.26	0.333333333333333	0	0	0	1	-1.388685928786903	1.5883090341585608	NO	O15294
440	K	430	-9.79	-53.085	27.606	-0.05	0.333333333333333	0	0	0	1	-1.03011998653007	1.39582209612065	NO	O15294
441	D	431	-6.329	-51.591	28.139	0.26	0.264705882352941	0	0	0	1	-1.2185541310815975	1.256553361977749	NO	O15294
442	S	432	-4.648	-54.918	27.344	0.58	0.262773722627737	0	0	0	1	-1.2996648997434754	1.1461342337543547	NO	O15294
443	G	433	-6.218	-55.188	23.88	-0.05	0.32967032967033	0	0	0	1	-0.5076122131623781	0.7385666873621614	NO	O15294
444	N	434	-8.621	-57.972	24.906	0.89	0.329379562043796	0	0	0	1	-0.6898517327645594	0.8279162749737272	NO	O15294
445	I	435	-11.814	-56.227	23.865	0.26	0.330586080586081	0	0	0	1	-0.677450609344671	0.9446453281083768	NO	O15294
446	P	436	-14.041	-59.355	23.796	-0.36	0.441574415744157	0	0	0	1	-0.6508464580491742	0.9264131695436981	NO	O15294
447	E	437	-13.252	-60.055	27.457	-0.05	0.438725490196078	0	0	0	1	-1.0863450674548452	1.2185520186324241	NO	O15294
448	A	438	-13.64	-56.396	28.43	2.45	0.435523114355231	0	0	0	1	-1.0804708487502641	1.4514330374480238	NO	O15294
449	I	439	-17.076	-56.425	26.794	0.26	0.4375	0	0	0	1	-1.0410277390847058	1.4903790783721798	NO	O15294
450	A	440	-18.153	-59.563	28.652	-0.05	0.328125	0	0	0	1	-1.1011196263208938	1.35400956190647	NO	O15294
451	S	441	-17.008	-58.167	32.019	0.58	0.2625	0	0	0	1	-1.4408284648798428	1.718334391793229	NO	O15294
452	Y	442	-18.669	-54.784	31.46	1.82	0.260805860805861	0	0	0	1	-1.2343986021540279	1.4938011781622715	NO	O15294
453	R	443	-21.876	-56.639	30.573	0.58	0.263703703703704	1	0	0	1	-1.189385177425036	1.4866055333148918	NO	O15294
454	T	444	-21.665	-58.736	33.743	0.58	0.263940520446097	0	0	0	1	-1.4946843673442178	1.8023788852526406	NO	O15294
455	A	445	-21.205	-55.503	35.705	1.2	0.264925373134328	0	0	0	1	-1.4964776044154318	1.8565847501343902	NO	O15294
456	L	446	-24.283	-53.935	34.072	0.58	0.263940520446097	0	0	0	1	-1.3430217315755038	1.753463661292568	NO	O15294
457	K	447	-26.297	-57.118	34.636	-0.05	0.262222222222222	0	0	0	1	-1.406704215366409	1.324647711768556	NO	O15294
458	L	448	-25.461	-56.873	38.352	-0.05	0.325367647058824	0	0	0	1	-1.586720464441568	1.6133165240228013	NO	O15294
459	K	449	-25.815	-53.067	38.602	0.26	0.323529411764706	0	0	0	1	-1.4725898870931888	1.5688481386045539	NO	O15294
460	P	450	-28.04	-51.862	35.744	0.26	0.325925925925926	0	0	0	1	-1.2546183213415723	1.3330381879726645	NO	O15294
461	D	451	-27.442	-48.18	36.635	0.26	0.260516605166052	0	0	0	1	-0.8739967424594526	1.0323585854940847	NO	O15294
462	F	452	-23.651	-47.988	36.276	0.26	0.260966542750929	0	0	0	1	-0.7776933569484847	1.346852461455394	NO	O15294
463	P	453	-22.402	-45.027	34.213	0.89	0.258608058608059	0	0	0	1	-0.24075637197833538	1.0113197794897528	NO	O15294
464	D	454	-18.677	-45.943	34.292	1.2	0.256934306569343	0	0	0	1	-0.8152321289217986	1.5039283943626147	NO	O15294
465	A	455	-19.417	-49.438	32.983	1.2	0.216666666666667	0	0	0	1	-1.0808856837398784	1.4802423979324628	NO	O15294
466	Y	456	-21.952	-48.258	30.4	0.58	0.215073529411765	0	0	0	1	-0.5398543865363247	1.1403847624778671	NO	O15294
467	C	457	-19.702	-45.569	28.933	0.89	0.366300366300366	0	0	0	1	-0.33079475381980905	0.8828954011716421	NO	O15294
468	N	458	-16.563	-47.724	28.874	2.45	0.366300366300366	0	0	0	1	-0.8113812998634973	1.4378815712275863	NO	O15294
469	L	459	-18.585	-50.552	27.343	1.2	0.213064713064713	0	0	0	1	-0.7876948086995521	1.4334800315503642	NO	O15294
470	A	460	-19.773	-48.061	24.703	2.13	0.213848039215686	0	0	0	1	-0.08175264172465566	0.9990072964303993	NO	O15294
471	H	461	-16.162	-47.236	23.87	-0.98	0.212287104622871	0	0	0	1	-0.3850115389071108	1.0635122020774228	NO	O15294
472	C	462	-15.311	-50.944	23.588	-0.98	0.253818181818182	0	0	0	1	-0.6446081699277034	0.9937413034203437	NO	O15294
473	L	463	-18.113	-51.223	21.036	-0.98	0.255272727272727	0	0	0	1	-0.13239433066442327	0.8523915017002709	NO	O15294
474	Q	464	-16.854	-48.111	19.222	0.26	0.255272727272727	0	0	0	1	-0.008303799110517814	0.6320201626687937	NO	O15294
475	I	465	-13.381	-49.694	19.075	1.2	0.422382671480144	0	0	0	1	-0.2018846556522883	0.41484119844801254	NO	O15294
476	V	466	-14.622	-52.814	17.26	0.26	0.419664268585132	0	0	0	1	-0.06359751821607178	0.22674763891153424	NO	O15294
477	C	467	-17.323	-51.007	15.223	-0.05	0.41726618705036	0	0	0	1	0.27913068617303827	-0.03229266001680497	NO	O15294
478	D	468	-20.151	-52.91	16.87	1.82	0.41726618705036	0	0	0	1	0.1911370258280925	0.35582947991728026	NO	O15294
479	W	469	-23.053	-50.626	15.952	0.58	0.414575866188769	0	0	0	1	0.4261051068631189	0.5403886486606401	NO	O15294
480	T	470	-25.828	-52.774	17.431	0.26	0.53265306122449	0	0	0	1	0.545703124618159	0.88868568659608	NO	O15294
481	D	471	-28.504	-50.33	18.62	-0.36	0.619217081850534	0	0	0	1	0.5828873451297348	1.2453764962879477	NO	O15294
482	Y	472	-26.046	-47.492	18.015	-0.05	0.746236559139785	1	0	0	1	0.3138736604777316	0.8523333477524703	NO	O15294
483	D	473	-28.758	-44.816	17.968	0.26	0.835138387484958	0	0	0	1	0.6059108384509442	0.9924955846437713	NO	O15294
484	E	474	-30.022	-45.849	21.422	0.89	0.835138387484958	0	0	0	1	0.6486873377790051	0.6625358236991843	NO	O15294
485	R	475	-26.449	-46.11	22.725	0.26	0.721038961038961	0	0	0	1	0.17925033414783645	0.8259678985915868	NO	O15294
486	M	476	-25.811	-42.472	21.794	1.51	0.715832903558535	0	0	0	1	0.1694014195021406	0.33018843509950047	NO	O15294
487	K	477	-29.092	-41.456	23.465	0.26	0.719958741619391	0	0	0	1	0.6011125435658481	0.2948930697632854	NO	O15294
488	K	478	-28.085	-43.019	26.773	-0.36	0.719424460431655	0	0	0	1	0.35895718632654044	0.38966352130405474	NO	O15294
489	L	479	-24.501	-41.735	26.632	1.2	0.719424460431655	0	0	0	1	0.06486855148171594	0.5418914205180924	NO	O15294
490	V	480	-25.788	-38.178	26.269	-0.98	0.626785714285714	1	0	0	1	-0.03891614096482375	0.02003041220751061	NO	O15294
491	S	481	-28.372	-38.813	28.992	-0.98	0.620141342756184	0	0	0	1	0.28027678761071145	-0.024234527588863613	NO	O15294
492	I	482	-25.703	-40.096	31.397	-0.98	0.716326530612245	0	0	0	1	0.14816673763301427	0.39152334131374283	NO	O15294
493	V	483	-23.437	-37.087	30.816	-0.98	0.716845878136201	0	0	0	1	-0.21963596666166815	0.038690241381583154	NO	O15294
494	A	484	-26.367	-34.684	31.207	-0.98	0.714285714285714	0	0	0	1	5.126831245902233e-4	-0.2667876852734233	NO	O15294
495	D	485	-27.268	-36.264	34.549	-0.98	0.71889400921659	1	0	0	1	0.6754612730156395	-0.1161941265055724	NO	O15294
496	Q	486	-23.704	-36.299	35.885	-0.98	0.841726618705036	0	0	7.994634370976339	0.19613689395903564	0.32224464852676954	-0.023627638954123283	NO	O15294
497	L	487	-23.127	-32.674	34.865	-0.98	0.626785714285714	0	0	0	1	-0.12280166041205925	-0.5904616238016097	NO	O15294
498	E	488	-26.412	-31.605	36.47	-0.98	0.540706605222734	1	0	0	1	0.2988339460234732	-0.43904290943389246	NO	O15294
499	K	489	-25.551	-33.497	39.673	-0.98	0.540706605222734	0	0	11.790833757019081	0.14976017630282598	1.1168962842908037	-0.09532141633811653	NO	O15294
500	N	490	-22.023	-32.026	39.858	0.89	0.543778801843318	0	0	11.790833757019081	0.14976017630282598	0.63285409566646	-0.2678396255736399	NO	O15294
501	R	491	-20.235	-35.332	39.277	0.89	0.54030612244898	0	0	11.790833757019081	0.14976017630282598	0.5800099664058462	-0.03611220515449615	NO	O15294
502	L	492	-17.283	-36.377	37.127	1.2	0.544193216855087	0	0	11.790833757019081	0.14976017630282598	0.3099068368195181	-0.11442600953237297	NO	O15294
503	P	493	-18.665	-37.457	33.727	0.58	0.54531490015361	0	0	0	1	-0.031602424098803095	0.08358935318333847	NO	O15294
504	S	494	-18.015	-41.093	32.864	-0.36	0.54925219185147	0	0	0	1	-0.06710797598450388	0.5499688192518986	NO	O15294
505	V	495	-17.082	-40.084	29.287	0.58	0.54925219185147	0	0	0	1	-0.361151715638587	0.4292889085040527	NO	O15294
506	H	496	-13.381	-39.283	28.966	-0.05	0.423809523809524	0	0	0	1	-0.6751139157134675	0.21319764599683938	NO	O15294
507	P	497	-12.564	-35.861	27.438	2.45	0.425328554360812	0	0	0	1	-0.6909382562213241	-0.4048924189732891	NO	O15294
508	H	498	-10.581	-37.447	24.59	-0.05	0.428057553956834	0	0	0	1	-0.670756421779801	-0.38521580294297025	NO	O15294
509	H	499	-13.577	-39.645	23.707	0.89	0.427718040621266	0	0	0	1	-0.5970424841120622	0.23876244724243956	NO	O15294
510	S	500	-16.245	-36.928	23.923	-0.05	0.430455635491607	0	0	0	1	-0.6642860123741783	0.044817557315129805	NO	O15294
511	M	501	-15.464	-35.904	20.333	1.2	0.25663082437276	0	0	0	1	-0.7244451789054599	-0.18180198207171333	NO	O15294
512	L	502	-16.862	-39.238	19.079	-0.98	0.214975845410628	0	0	0	1	-0.4165632863133274	0.45535511541581414	NO	O15294
513	Y	503	-20.386	-38.829	20.489	-0.98	0.214199759326113	0	0	0	1	-0.13729784821575375	0.3747537437640823	NO	O15294
514	P	504	-23.218	-36.323	19.682	-0.67	0	0	0	0	1	-0.18773281134561962	0.1729609295135542	NO	O15294
515	L	505	-22.7	-34.178	22.794	-0.98	0	0	0	0	1	-0.5822469904592994	-0.12658943491696875	NO	O15294
516	S	506	-23.104	-30.415	22.758	-0.98	0	0	0	0	1	-1.1011443892673933	-0.7083635340234394	NO	O15294
517	H	507	-19.959	-28.302	22.755	-0.98	0	0	0	0	1	-1.0098981111296956	-0.4492449166558208	NO	O15294
518	G	508	-20.868	-27.109	26.254	-0.98	0	0	0	0	1	-0.9686935743405679	-0.7433975597561778	NO	O15294
519	F	509	-20.942	-30.706	27.495	-0.98	0	0	0	0	1	-0.45822135993866003	-0.4399195263507397	NO	O15294
520	R	510	-17.589	-31.472	25.867	-0.98	0	0	0	0	1	-0.6612348711844664	-0.43428894846175975	NO	O15294
521	K	511	-15.978	-28.406	27.454	-0.98	0	0	0	0	1	-0.6461487947947296	-0.460685870340376	NO	O15294
522	A	512	-17.613	-29.249	30.797	-0.98	0	0	0	0	1	-0.40083187911815027	-0.47305327657265234	NO	O15294
523	I	513	-16.311	-32.826	30.604	-0.98	0	0	0	0	1	-0.2770331801335508	-0.4064088523930819	NO	O15294
524	A	514	-12.817	-31.431	30.063	-0.98	0.256834532374101	0	0	0	1	-0.4708547221541402	-0.42833565994954487	NO	O15294
525	E	515	-13.079	-28.887	32.878	-0.98	0.255	0	0	0	1	-0.33550288661256095	-0.4065251602886832	NO	O15294
526	R	516	-14.193	-31.556	35.339	-0.98	0.425	0	0	0	1	-3.8322184806233135e-4	-0.3581152295195013	NO	O15294
527	H	517	-11.331	-33.878	34.39	-0.98	0.425328554360812	0	0	23.248858348869213	0.05172413793103447	-0.2147367373005163	-0.2651346362302257	NO	O15294
528	G	518	-8.909	-31	34.859	-0.98	0.633451957295374	0	0	23.248858348869213	0.05172413793103447	-0.25300913608791875	-0.15491241280444104	NO	O15294
529	N	519	-10.347	-30.41	38.337	-0.98	0.763440860215054	0	0	23.248858348869213	0.05172413793103447	-0.05152655369684381	0.13803966251961242	NO	O15294
530	L	520	-9.039	-33.861	39.279	-0.98	0.764028776978417	0	0	22.248858348869213	0.10163339382940115	-0.117932497731802	0.12642034418685277	NO	O15294
531	C	521	-5.573	-32.299	38.996	-0.98	0.641304347826087	0	0	23.248858348869213	0.05172413793103447	-0.18423447809989996	-0.016712786631021118	NO	O15294
532	L	522	-6.516	-29.67	41.575	-0.98	0.643636363636364	0	0	11.790833757019081	0.14976017630282598	0.08716648566698224	0.22298334273919046	NO	O15294
533	D	523	-7.26	-32.36	44.171	0.26	0.636690647482014	0	0	11.790833757019081	0.14976017630282598	0.0960929213372533	0.5997934792843254	NO	O15294
534	K	524	-3.733	-33.707	43.647	-0.05	0.640287769784173	0	0	11.790833757019081	0.14976017630282598	-0.1518330590674961	0.4447064814185355	NO	O15294
535	I	525	-1.918	-30.358	43.95	-0.05	0.642599277978339	0	0	11.790833757019081	0.14976017630282598	0.1191783076298751	0.05740118906605792	NO	O15294
536	N	526	-3.97	-28.779	46.746	0.89	0.552795031055901	0	0	0	1	0.13608065700079305	0.31440933059625137	NO	O15294
537	V	527	-2.455	-31.301	49.177	0.26	0.552795031055901	0	0	0	1	-0.10177504905481659	0.511648136886865	NO	O15294
538	L	528	0.951	-29.767	48.392	1.2	0.556830031282586	0	0	0	1	0.12453955745736499	0.04016849432978227	NO	O15294
539	H	529	-0.132	-26.415	49.916	-0.67	0.487637362637363	1	0	0	1	0.49480096202830315	-0.12627851660163383	NO	O15294
540	K	530	2.158	-24.464	47.606	-0.98	0.488468634686347	0	0	0	1	0.4090818540602134	-0.10660586683134926	NO	O15294
541	P	531	1.902	-20.681	47.274	-0.98	0.490277777777778	1	0	0	1	0.35427829178686054	-0.1037369387398494	NO	O15294
542	P	532	1.597	-18.961	43.892	-0.98	0.580565805658057	0	0	0	1	0.18051619530231933	-0.170798132878658	NO	O15294
543	Y	533	4.785	-18.659	41.871	-0.98	0.653136531365314	0	0	0	1	-0.031653609191408236	-0.5153657518680864	NO	O15294
544	E	534	6.407	-15.3	41.208	-0.98	0.650735294117647	1	0	0	1	-0.0773683341084235	-0.6344131375596476	NO	O15294
545	H	535	6.789	-15.025	37.444	-0.98	0.645985401459854	0	0	0	1	0.04103466418975733	-0.6314603226818467	NO	O15294
546	P	536	9.327	-13.016	35.422	-0.98	0.65018315018315	0	0	0	1	0.39834937629755235	-0.5946424121742654	NO	O15294
547	K	537	8.163	-9.732	33.917	-0.98	0.647810218978102	0	0	0	1	0.9126097769845635	-0.8368584095061915	NO	O15294
548	D	538	11.092	-9.134	31.537	-0.98	0.575831305758313	0	0	0	1	0.9987025211019196	-0.8907197758393975	NO	O15294
549	L	539	13.816	-10.939	29.58	-0.98	0.575831305758313	0	0	0	1	0.7565530846963621	-0.6251048500347046	NO	O15294
550	K	540	16.764	-9.415	31.467	-0.98	0.580065359477124	0	0	0	1	0.5205056756735035	-0.756315617838508	NO	O15294
551	L	541	17.682	-12.564	33.399	-0.98	0.65018315018315	0	0	0	1	0.3358026262808243	-0.7897127450389939	NO	O15294
552	S	542	17.604	-14.52	30.109	-0.36	0.64963503649635	0	0	0	1	0.36238780604680243	-0.3664933311200407	NO	O15294
553	D	543	19.807	-12.033	28.179	-0.98	0.650909090909091	0	0	0	1	0.5199347765879656	-0.2881552226215731	NO	O15294
554	G	544	16.82	-10.914	26.109	-0.67	0.648550724637681	0	0	0	1	0.6350221797184591	-0.38688420288148584	NO	O15294
555	R	545	15.91	-14.494	25.152	-0.67	0.555900621118012	0	0	0	1	0.5827531033206779	-0.23053331421238668	NO	O15294
556	L	546	12.397	-15.823	25.669	-0.67	0.557922077922078	0	0	0	1	0.7421124034357819	-0.3057094763814377	NO	O15294
557	R	547	12.456	-19.082	27.635	1.2	0.373305526590198	1	0	0	1	0.2198676897627473	0.045287937124169744	NO	O15294
558	V	548	10.007	-21.628	26.193	0.89	0.373305526590198	0	0	0	1	0.17842765376163675	0.21285232820831843	NO	O15294
559	G	549	9.388	-24.944	27.925	1.51	0.373305526590198	0	0	0	1	-0.316087155305102	0.3520640117971867	NO	O15294
560	Y	550	7.971	-27.931	26.035	0.26	0.216969696969697	0	0	0	1	-0.15872396950525489	0.5787932624326058	NO	O15294
561	V	551	6.391	-30.455	28.426	0.89	0.216787439613527	0	0	11.790833757019081	0.14976017630282598	-0.29356880882251696	0.16793807792478704	NO	O15294
562	S	552	5.715	-33.881	26.965	-0.05	0.430455635491607	0	0	11.790833757019081	0.14976017630282598	-0.2706352245024259	0.1631929124401143	NO	O15294
563	S	553	5.605	-37.55	27.871	-0.98	0.430455635491607	0	0	22.248858348869213	0.10163339382940115	-0.22722752025468368	-0.15533887508831262	NO	O15294
564	D	554	6.248	-38.303	24.197	-0.98	0.429761904761905	0	0	0	1	-0.06875265436207952	-0.07781412419879737	NO	O15294
565	F	555	9.902	-37.4	23.557	-0.98	0.429761904761905	0	0	0	1	0.18956792025799765	0.26432782499898255	NO	O15294
566	G	556	10.569	-40.831	22.089	-0.98	0.429761904761905	0	0	0	1	0.33261700574677344	-0.13332275968344143	NO	O15294
567	N	557	9.056	-43.257	19.587	-0.98	0.640569395017794	0	0	0	1	0.46429978582270154	-0.5011731334154358	NO	O15294
568	H	558	5.608	-41.642	19.678	-0.98	0.644642857142857	0	0	0	1	0.15533231973998768	-0.5330374026385919	NO	O15294
569	P	559	3.584	-39.843	16.984	0.58	0.644642857142857	0	0	23.248858348869213	0.05172413793103447	-0.05719639106708925	-0.5933822753562977	NO	O15294
570	T	560	4.077	-36.455	18.643	1.2	0.770818505338078	0	0	0	1	-0.05734557180056232	-0.3534180629383203	NO	O15294
571	S	561	7.856	-36.709	18.157	-0.05	0.771428571428571	0	0	0	1	0.08727592971070039	-0.23239732930480353	NO	O15294
572	H	562	7.224	-37.819	14.573	-0.36	0.771428571428571	0	0	7.994634370976339	0.19613689395903564	0.06968653320511993	-0.5712387791384386	NO	O15294
573	L	563	5.51	-34.428	14.204	0.89	0.649819494584838	0	0	11.790833757019081	0.14976017630282598	0.04318904503525276	-0.5894254724740042	NO	O15294
574	M	564	7.719	-31.897	16.01	0.89	0.649819494584838	0	0	0	1	0.4027435268919825	-0.33656639185445814	NO	O15294
575	Q	565	11.104	-33.485	16.835	0.89	0.649819494584838	0	0	0	1	0.3348751359328363	0.05662279772340292	NO	O15294
576	S	566	12.79	-30.938	14.522	0.26	0.514285714285714	0	0	0	1	0.5807305638940838	0.004584481363536207	NO	O15294
577	I	567	11.228	-27.852	16.121	0.58	0.636042402826855	1	0	0	1	0.8459695357865967	0.29655402813204845	NO	O15294
578	P	568	13.306	-27.445	19.333	0.58	0.636042402826855	0	0	0	1	0.6336693412556572	0.8737785852364315	NO	O15294
579	G	569	16.552	-27.448	17.341	-0.05	0.763250883392226	0	0	0	1	0.7358122010047986	0.9281037878833318	NO	O15294
580	M	570	15.186	-24.954	14.8	0.58	0.757342657342657	0	0	0	1	1.0290606471114314	0.263390226035746	NO	O15294
581	H	571	14.397	-22.243	17.344	0.26	0.630208333333333	0	0	0	1	0.9869731140380411	0.2963097695484068	NO	O15294
582	N	572	16.481	-19.107	16.91	0.89	0.632867132867133	1	0	0	1	0.9142371611747158	0.2416501264979361	NO	O15294
583	P	573	19.059	-19.206	19.751	0.58	0.546277665995976	0	0	0	1	0.6396159777731754	0.5905436594031104	NO	O15294
584	D	574	19.525	-15.432	19.525	-0.05	0.542857142857143	0	0	0	1	0.6947925615195061	0.3529289092365359	NO	O15294
585	K	575	15.941	-14.769	20.671	0.26	0.566941499803691	0	0	0	1	0.9096242242316691	0.005282328737144243	NO	O15294
586	F	576	14.84	-18.039	22.318	-0.36	0.564945226917058	0	0	0	1	0.748628094975484	0.15594203822790698	NO	O15294
587	E	577	16.072	-20.493	24.95	-0.05	0.508450704225352	0	0	0	1	0.33221452744724894	0.39398110044835033	NO	O15294
588	V	578	14.403	-23.891	24.654	-0.05	0.565371024734982	0	0	0	1	0.15967200518779726	0.6913759857409459	NO	O15294
589	F	579	13.774	-26.2	27.619	1.51	0.569395017793594	0	0	0	1	-0.011708824517675978	0.7275524692362	NO	O15294
590	C	580	12.272	-29.642	26.955	1.2	0.565371024734982	0	0	0	1	-0.06745227759959369	0.6589197789171898	NO	O15294
591	Y	581	10.721	-31.301	30.02	1.2	0.56140350877193	0	0	0	1	-0.08103892378760147	0.39453211679608285	NO	O15294
592	A	582	10.326	-35.039	29.446	2.13	0.456129236617042	1	0	0	1	-0.04740423412229428	0.34478410676500587	NO	O15294
593	L	583	7.649	-36.801	31.484	0.26	0.377622377622378	0	0	22.248858348869213	0.10163339382940115	-0.09911416089036792	0.03702928301282006	NO	O15294
594	S	584	8.87	-40.223	30.258	-0.98	0.375	0	0	0	1	-0.052138977824940494	-0.03167902817501187	NO	O15294
595	P	585	12.172	-42.083	30.694	-0.98	0.526315789473684	0	0	0	1	0.12001447293104495	0.03099233817250815	NO	O15294
596	D	586	14.645	-42.451	27.839	-0.98	0.529636150234742	0	0	0	1	0.1498266817164973	-0.17656357490869135	NO	O15294
597	D	587	13.38	-45.199	25.522	-0.98	0.526315789473684	0	0	0	1	0.13865326304334724	-0.6126130589696324	NO	O15294
598	G	588	16.723	-45.329	23.67	-0.98	0.45933014354067	0	0	0	1	0.07244816276129452	-0.7401608203708959	NO	O15294
599	T	589	15.354	-44.311	20.26	-0.98	0.45933014354067	0	0	0	1	0.2818579937392366	-0.780417766475339	NO	O15294
600	N	590	16.836	-41.709	17.929	-0.98	0.45645263827082	1	0	0	1	0.23890724648070444	-0.4897990289193437	NO	O15294
601	F	591	13.787	-39.508	18.542	-0.98	0.458054226475279	0	0	0	1	0.2635652846723869	-0.2234724964409748	NO	O15294
602	R	592	14.855	-39.032	22.165	-0.98	0.461637653127015	0	0	0	1	0.29971656608028835	0.2028894433638288	NO	O15294
603	V	593	18.534	-38.671	21.198	-0.98	0.461986412164348	0	0	0	1	0.2165776257171364	-0.13117885961506523	NO	O15294
604	K	594	17.686	-35.882	18.77	-0.98	0.461986412164348	0	0	0	1	0.3961073837879544	0.26391619618585427	NO	O15294
605	V	595	15.619	-33.721	21.136	1.82	0.465298142717498	0	0	0	1	0.370180143856384	0.6063227639063595	NO	O15294
606	M	596	18.136	-34.181	23.945	1.2	0.464935064935065	0	0	0	1	0.26896825503195676	0.6236797788599335	NO	O15294
607	A	597	20.927	-33.116	21.599	1.51	0.515107913669065	0	0	0	1	0.28681110783656666	0.7648310409617254	NO	O15294
608	E	598	19.164	-30.172	19.937	-0.05	0.430455635491607	0	0	0	1	0.4360902182153849	0.938897735744071	NO	O15294
609	A	599	17.248	-28.513	22.783	0.89	0.427380952380952	0	0	0	1	0.30246674547690533	1.1891933211627423	NO	O15294
610	N	600	19.259	-25.909	24.679	0.89	0.427718040621266	2	0	0	1	0.29999749437248313	1.1638511230211606	NO	O15294
611	H	601	18.294	-27.777	27.868	0.89	0.427380952380952	0	0	0	1	0.12016956005641304	1.2783957334891909	NO	O15294
612	F	602	16.72	-31.191	28.443	-0.05	0.573476702508961	0	0	0	1	0.08011480683945682	0.8736393578437557	NO	O15294
613	I	603	15.206	-32.055	31.83	-0.05	0.514285714285714	0	0	0	1	0.14442338944390062	0.7580806219229023	NO	O15294
614	D	604	14.09	-35.607	32.632	0.89	0.565371024734982	0	0	0	1	0.16942141291212562	0.5737126145996446	NO	O15294
615	L	605	11.111	-35.005	34.899	0.58	0.567375886524823	0	0	0	1	0.1568962340472726	0.15104918985673144	NO	O15294
616	S	606	10.428	-38.763	34.973	-0.05	0.547112462006079	0	0	0	1	0.17595149358517573	0.02249589728614327	NO	O15294
617	Q	607	13.102	-38.74	37.71	-0.05	0.551020408163265	0	0	0	1	0.5185679423703992	0.2951237584256136	NO	O15294
618	I	608	11.076	-36.179	39.712	1.82	0.642857142857143	0	0	0	1	0.4052586165321555	0.12471705254632212	NO	O15294
619	P	609	7.692	-37.835	40.362	0.26	0.636042402826855	0	0	0	1	-0.0962447252221443	0.23709171853033087	NO	O15294
620	C	610	6.533	-35.191	42.858	-0.98	0.631578947368421	0	0	0	1	0.1285890664779008	0.3157242559715221	NO	O15294
621	N	611	4.614	-32.575	40.879	-0.98	0.545179202423019	0	0	11.790833757019081	0.14976017630282598	0.11143495564924712	0.22674763891153424	NO	O15294
622	G	612	5.515	-29.957	43.483	-0.98	0.546009150991357	0	0	7.994634370976339	0.19613689395903564	0.1923843881501431	0.11669236962372115	NO	O15294
623	K	613	9.239	-30.594	43.12	-0.98	0.76113074204947	0	0	0	1	0.3392425169543892	0.03964709783315318	NO	O15294
624	A	614	8.963	-30.828	39.325	-0.98	0.756338028169014	0	0	11.790833757019081	0.14976017630282598	0.10418546986025423	0.3721016814362558	NO	O15294
625	A	615	7.06	-27.541	39.023	-0.98	0.76113074204947	0	0	11.790833757019081	0.14976017630282598	0.008057079938605013	0.107055713726632	NO	O15294
626	D	616	9.706	-25.998	41.298	-0.98	0.422850412249706	0	0	0	1	0.16948504812429327	-0.26207209082417643	NO	O15294
627	R	617	12.295	-27.084	38.72	-0.98	0.429256594724221	1	0	0	1	0.21953634276647532	0.1438317698456104	NO	O15294
628	I	618	10.387	-25.501	35.831	-0.98	0.426190476190476	0	0	0	1	-0.08747249024821437	0.37827713453797385	NO	O15294
629	H	619	9.995	-22.278	37.807	-0.98	0.426190476190476	0	0	0	1	-0.09545410836986151	-0.015756477267187832	NO	O15294
630	Q	620	13.688	-22.185	38.732	-0.98	0.319642857142857	0	0	0	1	0.1676904229934634	-0.3726989473179589	NO	O15294
631	D	621	14.574	-22.39	35.029	-0.98	0.319642857142857	0	0	0	1	0.060500982808730265	0.09695354666084989	NO	O15294
632	G	622	12.648	-19.115	34.6	-0.98	0.321942446043165	0	0	0	1	0.07485219656196179	-0.32103774932745116	NO	O15294
633	I	623	10.224	-20.333	31.925	-0.98	0.324275362318841	0	0	0	1	-0.019045661552223758	-0.02374054846756334	NO	O15294
634	H	624	8.162	-17.602	30.249	-0.98	0.324275362318841	0	0	0	1	0.2671073101304813	-0.3293064099340238	NO	O15294
635	I	625	5.852	-19.797	28.114	-0.98	0.326642335766423	0	0	0	1	0.10814622159308801	-0.10071540809029103	NO	O15294
636	L	626	5.095	-23.385	29.172	-0.98	0.261313868613139	0	0	11.790833757019081	0.14976017630282598	-0.2989204189110876	0.2001823349531656	NO	O15294
637	V	627	3.638	-25.593	26.415	-0.98	0.261313868613139	0	0	6.002577542711568	0.2407959554057558	-0.4828943693795775	0.3187127227335011	NO	O15294
638	N	628	1.296	-28.474	27.313	-0.98	0.262043795620438	0	0	7.994634370976339	0.19613689395903564	-0.6585670954634425	0.06647595451860348	NO	O15294
639	M	629	1.799	-31.179	24.689	-0.98	0.261313868613139	0	0	7.994634370976339	0.19613689395903564	-0.49167281326640655	-0.057867448904822996	NO	O15294
640	N	630	-0.294	-33.899	26.393	-0.98	0.261313868613139	0	0	11.790833757019081	0.14976017630282598	-0.47871292299203766	-0.24417096881876632	NO	O15294
641	G	631	-3.703	-32.595	27.353	-0.98	0.260144927536232	0	0	22.248858348869213	0.10163339382940115	-0.5824069145612465	-0.41161295451254665	NO	O15294
642	Y	632	-5.776	-35.581	28.489	-0.98	0.259636363636364	0	0	22.248858348869213	0.10163339382940115	-0.5202603678906447	-0.6042851982595844	NO	O15294
643	T	633	-3.619	-38.357	27.05	-0.98	0	0	0	23.248858348869213	0.05172413793103447	-0.5180347279176091	-0.528082141987941	NO	O15294
644	K	634	-1.513	-41.131	28.532	-0.98	0	0	0	23.248858348869213	0.05172413793103447	-0.9202408317560311	-0.5534414170824483	NO	O15294
645	G	635	1.508	-39.873	30.443	-0.98	0	0	0	22.248858348869213	0.10163339382940115	-0.7663007718993312	-0.16141228623448403	NO	O15294
646	A	636	0.183	-36.39	31.139	-0.98	0.326007326007326	0	0	22.248858348869213	0.10163339382940115	-0.4855474701190256	-0.09689932678844151	NO	O15294
647	R	637	1.078	-34.587	34.361	-0.98	0.328413284132841	0	0	22.248858348869213	0.10163339382940115	-0.18328993886674977	-0.07296768495851366	NO	O15294
648	N	638	-1.331	-31.677	34.078	0.26	0.328413284132841	0	1	22.248858348869213	0.10163339382940115	-0.30974995477558714	-0.3155275858501261	NO	O15294
649	E	639	-0.803	-31.134	37.813	0.89	0.327205882352941	0	0	23.248858348869213	0.05172413793103447	-0.03997186526744606	0.05597838732962307	NO	O15294
650	L	640	2.345	-29.327	36.644	1.2	0.32962962962963	0	0	22.248858348869213	0.10163339382940115	-0.014460177141799818	0.12864623667163716	NO	O15294
651	F	641	0.257	-26.767	34.765	1.2	0.3317843866171	0	0	22.248858348869213	0.10163339382940115	-0.27718547747536704	-0.11145862817760961	NO	O15294
652	A	642	-2.344	-26.486	37.537	-0.05	0.445692883895131	0	0	23.248858348869213	0.05172413793103447	0.016310288905318264	-0.0011727594687303367	NO	O15294
653	L	643	0.492	-25.188	39.762	-0.36	0.331481481481482	0	0	6.002577542711568	0.2407959554057558	0.11127439959171133	-0.04426185253529515	NO	O15294
654	R	644	1.24	-22.409	37.234	0.26	0.329044117647059	0	0	11.790833757019081	0.14976017630282598	-0.18198673622090736	-0.19477023395090184	NO	O15294
655	P	645	5.067	-22.304	37.333	1.51	0.329044117647059	0	0	7.994634370976339	0.19613689395903564	-0.1689484656299288	-0.20731259906886904	NO	O15294
656	A	646	5.009	-20.039	34.243	0.58	0.262730627306273	0	0	0	1	-0.21799246792859533	-0.08401305811078803	NO	O15294
657	P	647	3.093	-16.818	33.521	-0.36	0.218137254901961	0	0	0	1	0.3416021416110518	-0.24228517340252434	NO	O15294
658	I	648	1.866	-18.007	30.089	1.2	0.217338217338217	0	0	0	1	0.35598647980446835	-0.3253456953188143	NO	O15294
659	Q	649	0.735	-21.602	29.514	0.26	0.218942189421894	0	0	7.994634370976339	0.19613689395903564	-0.28722761625517845	-0.08329582608791311	NO	O15294
660	A	650	-0.469	-22.846	26.112	-0.98	0.219753086419753	0	0	11.790833757019081	0.14976017630282598	-0.41941649989464136	-0.3306874630844533	NO	O15294
661	M	651	-1.959	-26.022	24.671	-0.98	0.263940520446097	1	0	11.790833757019081	0.14976017630282598	-0.6803689735501165	-0.37785300999396726	NO	O15294
662	W	652	-0.134	-27.176	21.532	-0.98	0.262222222222222	0	0	0	1	-0.48232231614768917	-0.46885807782665967	NO	O15294
663	L	653	-0.412	-30.04	19.076	-0.98	0.439506172839506	0	0	0	1	-0.3976459509941904	-0.5342810758999316	NO	O15294
664	G	654	-0.58	-33.174	21.227	-0.98	0.439900867410161	0	0	0	1	-0.44104173890333065	-0.6060995914130587	NO	O15294
665	Y	655	-4.206	-32.944	22.365	-0.98	0.442786069651741	0	0	0	1	-0.5698946435565098	-0.4867000696565435	NO	O15294
666	P	656	-7.037	-32.209	19.817	-0.98	0.442786069651741	0	0	0	1	-0.5200513419835513	-0.4585743619592557	NO	O15294
667	G	657	-9.367	-30.319	22.123	-0.98	0.527881040892193	0	0	0	1	-0.665220085923717	-0.4715873124718437	NO	O15294
668	T	658	-9.777	-27.929	24.994	-0.98	0.525461254612546	0	0	0	1	-0.7241070848899208	-0.582268627232615	NO	O15294
669	S	659	-8.457	-28.491	28.493	-0.98	0.441140024783147	0	0	22.248858348869213	0.10163339382940115	-0.5939932208259059	-0.5472669848855248	NO	O15294
670	G	660	-11.539	-26.673	29.808	-0.36	0.441140024783147	0	0	0	1	-0.724480278356841	-0.6420828570859947	NO	O15294
671	A	661	-9.263	-25.735	32.711	-0.67	0.438271604938272	0	0	22.248858348869213	0.10163339382940115	-0.42537137758638244	-0.36284644426688706	NO	O15294
672	L	662	-8.499	-22.357	34.254	-0.98	0.439054726368159	0	0	23.248858348869213	0.05172413793103447	-0.30349397847538073	-0.3488061555559368	NO	O15294
673	F	663	-4.746	-23.048	34.396	0.58	0.439054726368159	0	0	22.248858348869213	0.10163339382940115	-0.3746845348003931	-0.08881075880434348	NO	O15294
674	M	664	-4.31	-23.024	30.582	0.58	0.436183395291202	0	0	11.790833757019081	0.14976017630282598	-0.5849772700447327	-0.1591562326049194	NO	O15294
675	D	665	-4.257	-19.582	28.948	0.58	0.434944237918216	0	0	0	1	0.01201757987922872	-0.4276238206486465	NO	O15294
676	Y	666	-4.069	-20.386	25.229	-0.98	0.433705080545229	0	0	0	1	0.17371802027537497	-0.6737570889197226	NO	O15294
677	I	667	-4.608	-23.126	22.692	-0.67	0.260223048327138	0	0	0	1	-0.04975057844889648	-0.7262065102659817	NO	O15294
678	I	668	-2.359	-22.882	19.641	-0.67	0.215613382899628	1	0	0	1	-0.07063043586397505	-0.8281731588223519	NO	O15294
679	T	669	-4.507	-23.513	16.563	-0.98	0.214022140221402	0	0	0	1	-0.2819377815311143	-0.8940947509692592	NO	O15294
680	D	670	-5.512	-21.698	13.356	-0.67	0.215432098765432	0	0	0	1	-0.058857427629618944	-0.9007840123655084	NO	O15294
681	Q	671	-8.451	-19.957	11.733	-0.67	0.183298319327731	0	0	0	1	-0.1394415516851787	-0.8709958952103363	NO	O15294
682	E	672	-9.384	-23.003	9.644	-0.98	0.18534253850239	0	0	0	1	-0.3816444806323732	-0.48712653194041505	NO	O15294
683	T	673	-9.294	-25.452	12.557	-0.67	0.185714285714286	0	0	0	1	-0.571675838014151	-0.6194267631869446	NO	O15294
684	S	674	-10.918	-23.084	15.072	-0.98	0.214285714285714	0	0	0	1	-0.39466638219139955	-0.5189967865204779	NO	O15294
685	P	675	-12.812	-20.205	13.45	-0.98	0.213333333333333	0	0	0	1	-0.3202692821578117	-0.4587667900629539	NO	O15294
686	A	676	-13.477	-17.337	15.83	-0.98	0.321818181818182	0	0	0	1	0.019415278192333386	-0.8144826894079388	NO	O15294
687	E	677	-17.218	-18.047	15.633	-0.98	0.365136668385766	0	0	0	1	-0.39319543624263076	-0.7191220143665639	NO	O15294
688	V	678	-16.693	-21.27	17.625	-0.36	0.422939068100358	0	0	0	1	-0.7936713006084691	-0.3594899242300117	NO	O15294
689	A	679	-14.414	-19.865	20.344	-0.67	0.422939068100358	0	0	0	1	-0.2559679420069029	-0.7611996263752281	NO	O15294
690	E	680	-17.025	-20.925	22.921	-0.36	0.422939068100358	0	0	0	1	-0.8452039615422925	-0.7057704644022761	NO	O15294
691	Q	681	-15.97	-24.566	22.422	-0.98	0.418439716312057	0	0	0	1	-1.0194322859753329	-0.6587105856969815	NO	O15294
692	Y	682	-12.652	-23.722	24.136	-0.67	0.415492957746479	0	0	0	1	-0.7567985880657251	-0.7723764920650295	NO	O15294
693	S	683	-11.906	-22.523	27.648	-0.67	0.415492957746479	0	0	0	1	-0.4252954031794493	-0.7437188537392756	NO	O15294
694	E	684	-8.59	-21.111	26.373	-0.36	0.249295774647887	0	0	0	1	-0.11836090195120497	-0.6197563022244817	NO	O15294
695	K	685	-8.023	-18.024	24.265	-0.67	0.252857142857143	0	0	0	1	0.12756115977690338	-0.5933156406244426	NO	O15294
696	L	686	-7.339	-18.799	20.604	-0.67	0.253046594982079	0	0	0	1	0.06466830368560803	-0.8060995172381319	NO	O15294
697	A	687	-3.775	-18.265	19.347	-0.98	0.252857142857143	0	0	0	1	0.32677381344264494	-0.8899981704505295	NO	O15294
698	Y	688	-3.584	-18.598	15.564	-0.67	0.252142857142857	0	0	0	1	0.2591107814058085	-1.0262076635451807	NO	O15294
699	M	689	-0.744	-19.955	13.544	-0.98	0.253046594982079	0	0	0	1	0.526800255167323	-1.0512923937811152	NO	O15294
700	P	690	-0.873	-18.285	10.11	-0.67	0.316308243727599	0	0	0	1	0.5950922318269901	-1.0504832089347946	NO	O15294
701	H	691	-1.594	-21.403	8.028	-0.67	0.317446043165468	1	0	0	1	0.11291143397873302	-1.036958262217724	NO	O15294
702	T	692	-2.21	-24.575	10.008	-0.67	0.317204301075269	0	0	0	1	-0.12389579205406157	-1.0288328097326622	NO	O15294
703	F	693	-1.134	-25.406	13.546	-0.98	0.316964285714286	0	0	0	1	-0.0521003202954271	-0.8638197599176353	NO	O15294
704	F	694	-0.378	-28.959	12.423	-0.98	0.314946619217082	0	0	6.002577542711568	0.2407959554057558	-0.11725318630352412	-0.7942305518020295	NO	O15294
705	I	695	3.118	-29.946	11.321	-0.98	0.314716312056738	0	0	4.771173857611205	0.283769769250713	0.16948003583794555	-0.7052364024037047	NO	O15294
706	G	696	5.09	-33.094	10.553	-0.98	0.25	0	0	7.994634370976339	0.19613689395903564	-0.008910575225527972	-0.6240529097344881	NO	O15294
707	D	697	8.736	-34.104	10.272	-0.98	0.25	0	0	0	1	0.10627230239827824	-0.5011731334154358	NO	O15294
708	H	698	8.15	-36.047	7.031	-0.98	0.249824561403509	0	0	7.994634370976339	0.19613689395903564	-0.28097196992824075	-0.7908793705599109	NO	O15294
709	A	699	10.702	-34.066	5.013	-0.98	0.311188811188811	0	0	0	1	-0.19375926365780974	-0.786879345468751	NO	O15294
710	N	700	13.417	-34.962	7.538	-0.98	0.309440559440559	0	0	0	1	-0.034287974576846125	-0.6503702018881214	NO	O15294
711	M	701	12.235	-38.513	8.347	-0.98	0.309233449477352	0	0	0	1	-0.063542232359303355	-0.7949493776738442	NO	O15294
712	F	702	11.152	-39.773	4.933	-0.98	0.309027777777778	0	0	0	1	-0.5170932505937345	-0.9386769827403441	NO	O15294
713	P	703	13.221	-37.999	2.233	-0.98	0.249477351916376	0	0	0	1	-0.6490151091425778	-0.8764040560279821	NO	O15294
714	H	704	13.48	-41.27	0.313	-0.98	0.248611111111111	0	0	0	1	-0.7991362295601443	-0.756541033617126	NO	O15294
715	L	705	9.812	-40.715	-0.652	-0.98	0.208478513356562	0	0	0	1	-0.7589183280496873	-0.8299606020967037	NO	O15294
716	K	706	10.559	-37.33	-2.262	-0.67	0.210526315789474	0	0	0	1	-0.43593251453814313	-0.714613698794207	NO	O15294
717	K	707	11.034	-39.151	-5.583	-0.67	0	0	0	0	1	-0.4562508178846387	-0.556225964935963	NO	O15294
718	K	708	9.655	-42.344	-7.067	-0.67	0	0	0	0	1	-0.33853162720675667	-0.44702867573736615	NO	O15294
719	A	709	9.862	-44.539	-10.128	-0.98	0	0	0	0	1	-0.09802905247082493	-0.36265769899770944	NO	O15294
720	V	710	7.539	-47.255	-11.389	-0.98	0	0	0	0	1	0.04023481238195296	-0.3869911073835403	NO	O15294
721	I	711	7.781	-50.489	-13.366	-0.98	0.180686908909905	0	0	0	1	0.6664812961349685	-0.5224900967106906	NO	O15294
722	D	712	5.652	-50.673	-16.528	-0.98	0.180819180819181	0	0	0	1	0.6417047849642062	-0.4641113254592156	NO	O15294
723	F	713	4.43	-54.247	-16.165	-0.36	0.180819180819181	0	0	0	1	0.7107122035972309	-0.37135055111495385	NO	O15294
724	K	714	2.062	-53.797	-19.139	0.89	0.158216783216783	0	0	0	1	0.34638500564295116	-0.4258163071296985	NO	O15294
729	I	719	1.235	-46.44	-17.288	1.2	0.160460992907801	0	0	0	1	0.16823749670241142	-0.43100725436279347	NO	O15294
730	Y	720	0.307	-46.272	-13.596	0.58	0.159330985915493	0	0	0	1	-0.17717652934566702	-0.5475242528937299	NO	O15294
731	D	721	1.898	-44.196	-10.844	0.89	0.160460992907801	0	0	0	1	-0.1808526759715299	-0.6740938381011945	NO	O15294
732	N	722	0.819	-46.467	-7.962	-0.05	0.161160714285714	0	0	0	1	-0.5618473359867358	-0.6627680697121027	NO	O15294
733	R	723	0.828	-50.181	-8.913	0.26	0.16173835125448	0	0	0	1	-0.542585528653359	-0.582508188535802	NO	O15294
734	I	724	4.56	-51.018	-8.66	-0.36	0.16173835125448	0	0	0	1	-0.029879605669034765	-0.5901951848887969	NO	O15294
735	V	725	6.597	-48.278	-6.977	0.89	0.161870503597122	0	0	0	1	-0.14080056299029017	-0.5688774975747573	NO	O15294
736	L	726	10.296	-47.826	-6.216	0.26	0.159574468085106	1	0	0	1	-0.10649780117145223	-0.49678008727532663	NO	O15294
737	N	727	11.748	-45.261	-3.8	-0.05	0.182370820668693	0	0	0	1	-0.43150520734129644	-0.5883307703729659	NO	O15294
738	G	728	15.278	-44.605	-2.633	2.13	0.182370820668693	0	0	0	1	-0.44936902209656543	-0.4699049814770121	NO	O15294
739	I	729	18.068	-42.153	-1.845	-0.98	0.285488335310399	0	0	0	1	-0.5362407204905677	-0.39594257768890656	NO	O15294
740	D	730	20.255	-43.756	-4.517	-0.98	0.283470749901845	0	0	0	1	-0.3059392504201845	-0.263704411979685	NO	O15294
741	L	731	17.311	-44.323	-6.891	-0.05	0.382978723404255	0	0	0	1	-0.18555879109780618	-0.21001384848232124	NO	O15294
742	K	732	18.443	-41.691	-9.4	1.2	0.384642857142857	0	0	0	1	0.024467228917002832	0.01997124056562339	NO	O15294
743	A	733	21.993	-43.05	-9.285	-0.05	0.512857142857143	0	0	0	1	0.4301842006754628	0.3817025703895195	NO	O15294
744	F	734	20.481	-46.479	-9.926	1.2	0.512857142857143	0	0	0	1	0.777814303323486	-0.17882371189324164	NO	O15294
745	L	735	18.435	-45.365	-12.946	-0.05	0.469208211143695	0	0	0	1	0.7969487514730376	-0.2997803583256714	NO	O15294
746	D	736	21.511	-43.762	-14.542	0.26	0.58233581365254	0	0	0	1	1.1338676885502834	-0.059029475980643675	NO	O15294
747	S	737	22.741	-47.322	-15.168	1.2	0.640569395017794	0	0	0	1	1.4115461578321788	-0.059029475980643675	NO	O15294
748	L	738	19.574	-48.581	-16.935	1.2	0.636042402826855	0	0	0	1	1.8846618114744784	-0.3384511182256796	NO	O15294
749	P	739	19.603	-47.219	-20.51	-0.98	0.636042402826855	0	0	0	1	1.835690553867577	-0.31774104356516514	NO	O15294
750	D	740	16.047	-48.328	-21.363	-0.98	0.74468085106383	0	0	0	1	1.8282109979483108	-0.6615282829297046	NO	O15294
751	V	741	14.216	-46.347	-18.657	-0.98	0.748817966903073	0	0	0	1	1.2743706508624784	-0.48937825279925706	NO	O15294
752	K	742	11.594	-43.91	-19.963	-0.98	0.705194805194805	0	0	0	1	0.982652991998059	-0.7083635340234394	NO	O15294
753	I	743	10.882	-40.528	-18.363	-0.98	0.705194805194805	0	0	0	1	0.7966926035800804	-0.6074059544835603	NO	O15294
754	V	744	7.206	-39.553	-18.093	-0.98	0.695262483994878	1	0	0	1	0.6155031093427954	-0.7318955751549083	NO	O15294
755	K	745	6.14	-35.943	-17.489	-0.98	0.767491166077739	0	0	0	1	1.0696437599149595	-0.7773074622222947	NO	O15294
756	M	746	2.549	-35.656	-16.247	-0.98	0.814005782203662	1	0	0	1	1.2388323212212784	-0.7298804947096881	NO	O15294
772	L	762	8.758	-33.147	-11.134	-0.98	0.884210526315789	1	0	0	1	1.0569987741362676	-0.9810551491204986	NO	O15294
773	N	763	8.415	-36.11	-13.529	-0.98	0.890459363957597	0	0	0	1	0.6713595114594497	-0.9184370186181312	NO	O15294
774	M	764	8.423	-39.882	-13.092	-0.98	0.845700824499411	0	0	0	1	0.08418247829941239	-0.38521580294297025	NO	O15294
775	P	765	10.869	-42.494	-14.458	-0.98	0.94806338028169	0	0	0	1	0.28825286274329454	-0.22471007326475906	NO	O15294
776	V	766	9.334	-45.685	-15.836	-0.98	1.08350100603622	0	0	0	1	0.3304924246418884	-0.26709707947936934	NO	O15294
777	I	767	11.283	-48.95	-15.898	-0.98	1.06087470449173	0	0	0	1	0.7841424020634956	-0.27232421316930017	NO	O15294
778	P	768	10.203	-51.105	-18.864	-0.98	1.02491103202847	0	0	0	1	1.1974767207786436	-0.6858105715263713	NO	O15294
779	M	769	9.465	-54.805	-18.519	-0.98	1.02775800711744	0	0	0	1	1.5455182331646633	-0.6642381726161323	NO	O15294
780	N	770	13.097	-55.858	-18.894	-0.98	1.02049469964664	0	0	0	1	2.040408939739153	-0.808273954809921	NO	O15294
781	T	771	15.459	-58.272	-17.146	-0.98	1.02857142857143	0	0	0	1	2.5234790877574604	-0.9168249119660965	NO	O15294
782	I	772	15.922	-56.038	-14.085	-0.98	1.2756183745583	0	0	0	1	2.121170948858952	-0.7365334400253214	NO	O15294
783	A	773	12.168	-55.507	-13.79	-0.98	1.26573426573427	0	0	0	1	1.4165684359672608	-0.7166565292879312	NO	O15294
784	E	774	11.516	-59.255	-13.944	-0.98	1.27017543859649	0	0	0	1	2.51074950576267	-1.1301301173797662	NO	O15294
785	A	775	13.973	-59.88	-11.111	-0.98	1.27017543859649	0	0	0	1	2.5772326394794822	-1.1767160449607872	NO	O15294
786	V	776	12.322	-57.235	-8.921	-0.98	1.00905923344948	0	0	0	1	1.7382860910229407	-1.0007183408860858	NO	O15294
787	I	777	8.866	-58.729	-9.523	-0.98	0.953345070422535	1	0	0	1	1.3559503567805242	-0.9383236282765646	NO	O15294
788	E	778	10.291	-62.196	-8.887	-0.98	0.856465005931198	0	0	0	1	2.647062297508533	-1.1767160449607872	NO	O15294
789	M	779	11.572	-61.002	-5.498	-0.98	0.970430107526882	0	0	0	1	2.1364841391331897	-1.1767160449607872	NO	O15294
790	I	780	8.099	-59.726	-4.572	-0.98	0.977436823104693	0	0	0	1	1.5643590027080694	-1.049974205563722	NO	O15294
791	N	781	6.254	-62.807	-5.84	-0.98	0.977436823104693	0	0	0	1	1.7482916982568455	-1.1767160449607872	NO	O15294
792	R	782	8.803	-65.164	-4.282	-0.98	0.971223021582734	0	0	0	1	2.4543862379370345	-1.1767160449607872	NO	O15294
793	G	783	8.781	-63.162	-1.034	-0.98	0.967741935483871	0	0	0	1	1.9913643837655008	-1.1767160449607872	NO	O15294
794	Q	784	12.556	-62.7	-0.967	-0.98	0.967741935483871	0	0	0	1	2.0356991095162575	-1.1767160449607872	NO	O15294
795	I	785	13.964	-60.033	1.352	-0.98	0.971223021582734	0	0	0	1	1.6775137530196254	-1.1767160449607872	NO	O15294
796	Q	786	16.254	-58.186	-1.047	-0.98	0.96505376344086	1	0	0	1	1.8170410428033779	-1.1767160449607872	NO	O15294
797	I	787	18.369	-58.602	-4.166	-0.98	0.96505376344086	0	0	0	1	2.3714908306055813	-1.1767160449607872	NO	O15294
798	T	788	21.387	-56.798	-5.614	-0.98	0.968525179856115	1	0	0	1	2.222306122022511	-1.0129139124984872	NO	O15294
799	I	789	21.612	-55.314	-9.119	-0.98	0.968525179856115	0	0	0	1	2.31311421918938	-0.6409437238731934	NO	O15294
800	N	790	24.631	-53.332	-10.357	-0.98	1.04525547445255	0	0	0	1	1.918827992844898	-0.16264559555197933	NO	O15294
801	G	791	25.821	-53.217	-6.746	-0.98	1.04615384615385	0	0	0	1	1.569736897886231	-0.5804913105165896	NO	O15294
802	F	792	22.53	-51.608	-5.623	-0.98	1.03941605839416	0	0	0	1	1.0913257935855951	-0.31328344654299733	NO	O15294
803	S	793	20.495	-53.25	-2.854	-0.98	0.782417582417582	0	0	0	1	1.021474070712045	-0.7427906711214374	NO	O15294
804	I	794	16.806	-53.502	-3.813	-0.98	0.782417582417582	1	0	0	1	1.324496874060474	-0.7719820144524483	NO	O15294
805	S	795	14.629	-54.303	-0.785	-0.98	0.65625	0	0	0	1	1.2087370834576476	-0.8633254971879235	NO	O15294
806	N	796	11.208	-55.916	-0.458	-0.98	0.65625	0	0	0	1	1.2185616261166659	-0.9832143949998906	NO	O15294
807	G	797	9.004	-53.269	1.152	-0.98	0.653846153846154	0	0	0	1	0.7001512310713358	-0.9042635072046864	NO	O15294
808	L	798	7.404	-55.878	3.422	-0.98	0.653846153846154	0	0	0	1	1.0093343148018057	-1.1767160449607872	NO	O15294
809	A	799	10.753	-56.862	4.996	-0.98	0.658088235294118	0	0	0	1	1.0805646974816647	-1.1767160449607872	NO	O15294
810	T	800	12.125	-53.546	6.324	-0.98	0.66542750929368	0	0	0	1	0.7192484754953614	-1.1767160449607872	NO	O15294
811	T	801	12.317	-54.727	9.944	-0.98	0.667910447761194	0	0	0	1	0.8005940848675978	-1.1767160449607872	NO	O15294
812	Q	802	14.546	-57.628	8.853	-0.98	0.538345864661654	0	0	0	1	1.1757988659071004	-1.1767160449607872	NO	O15294
813	I	803	16.827	-55.269	6.908	-0.98	0.535820895522388	1	0	0	1	1.0247194905983537	-1.1767160449607872	NO	O15294
814	N	804	17.089	-52.294	9.301	-0.98	0.531851851851852	0	0	0	1	0.6156320135829406	-1.1767160449607872	NO	O15294
815	N	805	14.763	-51.948	12.289	-0.98	0.532342007434944	1	0	0	1	0.33702901695897886	-1.1767160449607872	NO	O15294
816	K	806	15.795	-48.284	12.684	-0.98	0.534328358208955	0	0	0	1	0.26056411645598865	-1.1767160449607872	NO	O15294
817	A	807	14.626	-47.543	9.133	-0.98	0.671052631578947	0	0	0	1	0.18975900122192174	-1.1767160449607872	NO	O15294
818	A	808	11.272	-49.258	9.743	-0.98	0.673584905660377	0	0	0	1	0.3932088086725706	-1.1767160449607872	NO	O15294
819	T	809	10.578	-47.027	12.762	-0.98	0.669172932330827	0	0	0	1	0.4358116407554291	-1.0280099388847126	NO	O15294
820	G	810	11.601	-43.758	11.093	-0.98	0.333333333333333	0	0	0	1	0.21399357929302643	-0.9064988803426467	NO	O15294
821	E	811	14.639	-43.341	13.353	-0.98	0.335849056603774	0	0	0	1	0.17424773116264064	-1.0080768655823127	NO	O15294
822	E	812	16.867	-43.553	10.248	-0.98	0.334269662921348	0	0	0	1	-0.09522691539356076	-1.1767160449607872	NO	O15294
823	V	813	16.449	-42.945	6.53	-0.98	0.336792452830189	0	0	0	1	-0.3212109397354158	-0.9622188431197449	NO	O15294
824	P	814	16.341	-46.268	4.623	-0.98	0.33745247148289	0	0	0	1	0.04465009387351841	-0.9588767411242651	NO	O15294
825	R	815	19.578	-46.974	2.759	-0.98	0.336501901140684	0	0	0	1	0.061745048001015566	-0.8862636398454244	NO	O15294
826	T	816	18.298	-49.276	0.021	-0.98	0.448669201520913	0	0	0	1	0.6476914726119316	-0.756541033617126	NO	O15294
827	I	817	15.902	-48.891	-2.907	-0.98	0.504752851711027	0	0	0	1	0.2457788775539376	-0.5571785734121653	NO	O15294
828	I	818	12.529	-50.164	-1.659	-0.98	0.50046992481203	0	0	0	1	0.29538096425885785	-0.8570176667645233	NO	O15294
829	V	819	9.879	-51.891	-3.793	-0.98	0.49533582089552203	0	0	0	1	0.5216152163117888	-0.8166948442540021	NO	O15294
830	T	820	6.208	-51.362	-2.9	-0.98	0.493936567164179	0	0	0	1	0.011457117442020322	-0.7517321636732786	NO	O15294
831	T	821	3.381	-52.99	-4.842	-0.98	0.374200426439232	1	0	0	1	-0.08107267492152993	-0.7365194885624539	NO	O15294
832	R	822	-0.379	-53.401	-4.818	-0.98	0.371747211895911	0	0	0	1	0.003369195650898476	-0.8317080573086654	NO	O15294
833	S	823	0.147	-57.17	-4.981	-0.98	0.372809346787042	0	0	0	1	0.4943443461861184	-0.904380389460266	NO	O15294
834	Q	824	1.837	-57.03	-1.558	-0.98	0.433333333333333	0	0	0	1	0.6466166606825183	-0.973764114625894	NO	O15294
835	Y	825	-1.501	-55.971	-0.031	-0.98	0.436567164179104	0	0	0	1	0.3360578990099897	-1.085000000035652	NO	O15294
836	G	826	-4.044	-57.773	-2.222	-0.98	0.527819548872181	0	0	0	1	0.12300768447350165	-1.0951906716940003	NO	O15294
837	L	827	-5.105	-54.576	-3.997	-0.98	0.531320754716981	0	0	0	1	-0.01890709857555481	-1.0509340404920302	NO	O15294
838	P	828	-6.443	-54.826	-7.568	-0.98	0.529811320754717	0	0	0	1	-0.1327659444819429	-1.0249101774984943	NO	O15294
839	E	829	-4.164	-53.804	-10.443	-0.98	0.526315789473684	0	0	0	1	-0.5475090486042207	-0.5630215876737068	NO	O15294
840	D	830	-6.999	-52.347	-12.546	-0.98	0.520446096654275	0	0	0	1	-0.3298244304435548	-0.5629088797843977	NO	O15294
841	A	831	-9.272	-50.485	-10.153	-0.98	0.515129151291513	1	0	0	1	1.6901905009407336e-4	-0.9490461085567649	NO	O15294
842	I	832	-9.48	-47.389	-7.971	-0.98	0.518518518518519	1	0	0	1	0.2379201123769331	-0.8247206368113846	NO	O15294
843	V	833	-8.225	-47.781	-4.393	-0.98	0.518081180811808	0	0	0	1	0.0742203135110651	-0.9877254069332357	NO	O15294
844	Y	834	-9.798	-45.539	-1.745	-0.98	0.516176470588235	0	0	0	1	0.07738489360796975	-1.036958262217724	NO	O15294
845	C	835	-7.926	-45.768	1.561	-0.98	0.518081180811808	0	0	4.771173857611205	0.283769769250713	-0.13014042577373883	-1.1068371535892556	NO	O15294
846	N	836	-8.283	-44.821	5.19	-0.98	0.514705882352941	0	0	22.248858348869213	0.10163339382940115	-0.16172385375379092	-0.9474154412220825	NO	O15294
847	F	837	-5.62	-45.882	7.697	-0.98	0.514705882352941	0	0	22.248858348869213	0.10163339382940115	-0.08382246749602527	-1.0096009836309219	NO	O15294
848	N	838	-7.222	-44.527	10.893	-0.98	0.516605166051661	0	0	23.248858348869213	0.05172413793103447	-0.09799703911144038	-0.8905006216101857	NO	O15294
849	Q	839	-8.189	-46.462	13.995	-0.98	0.518518518518519	0	0	23.248858348869213	0.05172413793103447	0.05288030386949764	-0.6407195888660449	NO	O15294
850	L	840	-11.582	-48.047	13.365	-0.98	0.514705882352941	0	0	0	1	0.10320421143679197	-0.45378391495666465	NO	O15294
851	Y	841	-13.199	-46.199	16.297	-0.98	0.638686131386861	0	0	0	1	-0.07319319680821598	-0.1195160432430985	NO	O15294
852	K	842	-13.121	-43.026	14.163	0.26	0.510948905109489	0	0	0	1	-0.0758490908758781	-0.22186699137228177	NO	O15294
853	I	843	-15.665	-44.706	11.83	2.13	0.510948905109489	0	0	0	1	0.13029457145390022	-0.3841194879898909	NO	O15294
854	D	844	-19.404	-44.582	12.513	-0.05	0.506181818181818	0	0	0	1	0.2912225190773449	0.02063953205046693	NO	O15294
855	P	845	-22.406	-45.887	10.56	2.45	0.639194139194139	0	0	0	1	0.6161572242655299	-0.09795126708865809	NO	O15294
856	S	846	-22.939	-42.536	8.83	-0.67	0.641025641025641	0	0	0	1	0.6867986397373992	-0.062137481413101804	NO	O15294
857	T	847	-19.351	-42.57	7.559	-0.67	0.641025641025641	0	0	0	1	0.44651628794890397	-0.25758320764652803	NO	O15294
858	L	848	-19.497	-46.121	6.196	-0.98	0.63768115942029	0	0	0	1	0.5441093233259142	-0.5479794193697852	NO	O15294
859	Q	849	-22.808	-45.322	4.49	-0.98	0.63768115942029	0	0	0	1	0.7421366638158787	-0.4002526108634052	NO	O15294
860	M	850	-21.092	-42.356	2.832	-0.98	0.641818181818182	0	0	0	1	0.533069687801095	0.006252701473975107	NO	O15294
861	W	851	-18.19	-44.534	1.69	-0.67	0.646520146520147	0	0	0	1	0.4729001596350843	-0.4731737985224421	NO	O15294
862	A	852	-20.711	-47.102	0.43	-0.67	0.647058823529412	0	0	0	1	0.6685033487019809	-0.7844925901657386	NO	O15294
863	N	853	-22.419	-44.43	-1.687	-0.36	0.645220588235294	0	0	0	1	0.7068893477637694	-0.4238273443771881	NO	O15294
864	I	854	-19.044	-43.67	-3.28	-0.67	0.645220588235294	0	0	0	1	0.5517683340569877	-0.5514690290195422	NO	O15294
865	L	855	-18.059	-47.26	-4.068	-0.98	0.644160583941606	0	0	0	1	0.5866143411643798	-0.849805367047319	NO	O15294
866	K	856	-21.471	-47.901	-5.624	-0.98	0.645985401459854	0	0	0	1	0.6796372836347447	-0.8092883258137014	NO	O15294
867	R	857	-20.812	-44.996	-8.014	-0.98	0.646520146520147	0	0	0	1	0.7496698426712401	-0.6080371186636903	NO	O15294
868	V	858	-17.278	-46.036	-9.038	-0.98	0.647058823529412	0	0	0	1	0.7123372180330962	-0.6527409540425503	NO	O15294
869	P	859	-17.555	-49.595	-10.418	-0.98	0.432098765432099	0	0	0	1	0.5425696385415288	-0.9670793708461922	NO	O15294
870	N	860	-13.792	-50.215	-10.493	-0.98	0.434944237918216	1	0	0	1	0.4546844854119629	-1.059319507456614	NO	O15294
871	S	861	-13.066	-49.468	-6.86	-0.98	0.433333333333333	0	0	0	1	0.424797632179089	-1.0048517445605336	NO	O15294
872	V	862	-12.277	-50.935	-3.44	-0.98	0.432598039215686	0	0	0	1	0.30587215621293273	-1.140029626990733	NO	O15294
873	L	863	-11.871	-49.559	0.076	-0.98	0.430656934306569	0	0	0	1	0.36075425532905736	-1.0877792741242924	NO	O15294
874	W	864	-8.528	-50.164	1.83	-0.98	0.432234432234432	0	0	0	1	0.16328319592148702	-1.1634957141607678	NO	O15294
875	L	865	-8.715	-50.173	5.664	-0.98	0.437037037037037	0	0	0	1	0.3002170796506418	-0.9973730523141026	NO	O15294
876	L	866	-6.585	-51.249	8.641	-0.98	0.437037037037037	0	0	0	1	0.40813131081265774	-0.882698731050246	NO	O15294
877	R	867	-7.034	-54.059	11.18	-0.98	0.434194341943419	0	0	0	1	0.4729173548540665	-0.9315763857138818	NO	O15294
878	F	868	-6.999	-51.78	14.193	-0.98	0.646520146520147	0	0	0	1	0.26548492323943246	-0.49426977519526427	NO	O15294
879	P	869	-8.179	-53.941	15.724	-0.98	0.648351648351648	0	0	0	1	0.17539963432462477	-0.6375966410997768	NO	O15294
880	A	870	-8.615	-57.065	13.61	-0.98	0.52014652014652	0	0	0	1	0.3219107403661159	-0.6080371186636903	NO	O15294
881	V	871	-11.739	-58.074	15.54	-0.98	0.436654366543665	0	0	0	1	0.12594217110906453	-0.3847263766246312	NO	O15294
882	G	872	-13.443	-55.063	13.951	-0.98	0.4375	0	0	0	1	0.208974179450471	-0.3649083236212136	NO	O15294
883	E	873	-13.032	-56.496	10.446	-0.98	0.525925925925926	0	0	0	1	0.5074023709131953	-0.7876795028979219	NO	O15294
884	P	874	-16.115	-58.791	10.446	-0.98	0.662313432835821	0	0	0	1	0.5818032309415734	-0.7846052980550474	NO	O15294
885	N	875	-18.284	-56.007	11.888	-0.98	0.759764579989299	0	0	0	1	0.4030675219030564	-0.1952557448586941	NO	O15294
887	Q	877	-17.897	-56.298	6.55	-0.98	0.666666666666667	0	0	0	1	0.5038412699824016	-0.8894275215912867	NO	O15294
888	Q	878	-21.346	-57.177	7.917	-0.98	0.662313432835821	0	0	0	1	0.5607364874034305	-0.49341221516791384	NO	O15294
889	Y	879	-22.542	-53.557	7.908	-0.98	0.657992565055762	0	0	0	1	0.6222028513566746	-0.347496897962456	NO	O15294
890	A	880	-21.079	-52.886	4.466	-0.98	0.653703703703704	0	0	0	1	0.6709286665865353	-0.7724925148922591	NO	O15294
891	Q	881	-23.038	-55.826	3.045	-0.98	0.653703703703704	0	0	0	1	0.7641845997523153	-1.1522584329807513	NO	O15294
892	N	882	-26.193	-54.556	4.777	-0.98	0.564498933901919	0	0	0	1	0.7952809809992417	-0.8078794771973399	NO	O15294
893	M	883	-25.563	-51.359	2.783	-0.98	0.562400424853956	1	0	0	1	0.8114074818259154	-0.8085369398849753	NO	O15294
894	G	884	-25.206	-53.202	-0.538	-0.98	0.490706319702602	0	0	0	1	0.7692837196674486	-1.0655450814151688	NO	O15294
895	L	885	-21.417	-53.617	-0.696	-0.98	0.49533582089552203	0	0	0	1	0.6448404139280165	-1.0893674307463725	NO	O15294
896	P	886	-20.124	-57.155	-1.329	-0.98	0.435802469135802	0	0	0	1	0.5661063956276217	-1.1534230811702768	NO	O15294
897	Q	887	-17.306	-58.362	0.9	-0.98	0.52639405204461	0	0	0	1	0.6425212166030643	-1.1544818522516636	NO	O15294
898	N	888	-14.634	-58.233	-1.836	-0.98	0.52639405204461	0	0	0	1	0.436178755733383	-1.1767160449607872	NO	O15294
899	R	889	-15.04	-54.443	-2.041	-0.98	0.52639405204461	2	0	0	1	0.45546828069907397	-1.1335555532313117	NO	O15294
900	I	890	-13.248	-53.868	1.312	-0.98	0.584882280049566	1	0	0	1	0.5270224856073633	-1.149540920538525	NO	O15294
901	I	891	-9.631	-54.952	1.801	-0.98	0.581069958847737	0	0	0	1	0.3454969076907053	-1.1767160449607872	NO	O15294
902	F	892	-7.905	-54.899	5.197	-0.98	0.651851851851852	0	0	0	1	0.42675429465716314	-1.1767160449607872	NO	O15294
903	S	893	-4.174	-54.785	5.901	-0.98	0.646520146520147	0	0	0	1	0.39542817875726605	-1.1767160449607872	NO	O15294
904	P	894	-2.369	-55.202	9.234	-0.98	0.650735294117647	0	0	0	1	0.49857794972329134	-1.1767160449607872	NO	O15294
905	V	895	-0.84	-52.293	11.09	-0.98	0.650735294117647	0	0	0	1	0.5979391296438311	-1.1767160449607872	NO	O15294
906	A	896	2.628	-51.638	9.678	-0.98	0.655555555555556	0	0	0	1	0.7478613903086099	-1.1767160449607872	NO	O15294
907	P	897	5.822	-50.04	11.006	-0.98	0.653703703703704	0	0	0	1	0.7292803181550506	-1.1767160449607872	NO	O15294
908	K	898	5.906	-46.281	10.611	-0.98	0.653136531365314	0	0	11.790833757019081	0.14976017630282598	0.29275384414395106	-1.07247832430296	NO	O15294
909	E	899	8.003	-46.125	7.435	-0.98	0.525925925925926	0	0	0	1	-0.03990025622848951	-1.118483635484511	NO	O15294
910	E	900	6.022	-48.82	5.587	-0.98	0.525	0	0	0	1	0.13024948374591033	-1.140029626990733	NO	O15294
911	H	901	2.761	-47.213	6.718	-0.98	0.583333333333333	0	0	11.790833757019081	0.14976017630282598	-0.030162392144001866	-1.1767160449607872	NO	O15294
912	V	902	3.7	-43.904	5.082	-0.98	0.587125871258713	1	0	11.790833757019081	0.14976017630282598	-0.438955139258953	-1.138098762887046	NO	O15294
913	R	903	5.328	-45.532	2.054	-0.98	0.59149111937216	0	0	6.002577542711568	0.2407959554057558	-0.5748667088063648	-0.8638197599176353	NO	O15294
914	R	904	2.424	-47.812	1.174	-0.98	0.59149111937216	0	0	0	1	-0.3418408714452394	-0.9317969011494862	NO	O15294
915	G	905	0.096	-44.796	0.987	-0.98	0.440344403444034	0	0	7.994634370976339	0.19613689395903564	-0.6025991947429031	-0.9425397894921133	NO	O15294
916	Q	906	1.612	-44.299	-2.478	-0.98	0.329044117647059	0	0	0	1	-0.8002813693905412	-0.7517321636732786	NO	O15294
917	L	907	-0.436	-47.318	-3.645	-0.98	0.329044117647059	1	0	0	1	-0.5035723727333145	-0.8198931135804955	NO	O15294
918	A	908	-3.814	-45.639	-3.077	-0.98	0.328125	0	0	0	1	-0.32065305080831263	-0.8903910444955799	NO	O15294
919	D	909	-5.499	-43.331	-5.546	-0.98	0.330555555555556	0	0	0	1	-0.014102347108922175	-0.8343392491355713	NO	O15294
920	V	910	-7.46	-41.314	-2.982	-0.98	0.330555555555556	0	0	0	1	-0.0036852231949902696	-0.8849704744645435	NO	O15294
921	C	911	-7.775	-41.111	0.808	-0.98	0.3317843866171	0	0	7.994634370976339	0.19613689395903564	-0.31377953834505196	-0.9373436723902213	NO	O15294
922	L	912	-11.26	-40.791	2.317	-0.98	0.333022388059701	0	0	22.248858348869213	0.10163339382940115	0.03314004289626006	-0.6566496414353328	NO	O15294
923	D	913	-10.969	-38.833	5.566	-0.98	0.379182156133829	0	0	11.790833757019081	0.14976017630282598	-0.17502213395209698	-0.4735038782310828	NO	O15294
924	T	914	-13.161	-39.714	8.55	-0.98	0.378492356352135	0	0	11.790833757019081	0.14976017630282598	-0.0025623202493623948	-0.3481377351568408	NO	O15294
925	P	915	-15.624	-36.857	9.283	-0.98	0.441574415744157	0	0	0	1	0.06981629347147869	0.06086781050995355	NO	O15294
926	L	916	-16.374	-37.864	12.887	-0.98	0.436739659367397	0	0	0	1	-0.04757773175297943	0.08348000387978166	NO	O15294
927	C	917	-12.744	-37.385	13.919	-0.98	0.524087591240876	0	0	22.248858348869213	0.10163339382940115	-0.21394756247340901	-0.13411171490860388	NO	O15294
928	N	918	-10.304	-36.65	11.109	-0.98	0.327838827838828	0	0	22.248858348869213	0.10163339382940115	-0.33255306905998255	-0.37377479535227126	NO	O15294
929	G	919	-7.02	-38.331	10.528	-0.98	0.327838827838828	0	0	22.248858348869213	0.10163339382940115	-0.46526505041018346	-0.6631437626764658	NO	O15294
930	H	920	-4.42	-36.045	12.063	-0.98	0.329963235294118	0	0	22.248858348869213	0.10163339382940115	-0.48534741085134525	-0.6750122449597538	NO	O15294
931	T	921	-0.974	-37.628	11.825	-0.98	0.33210332103321	0	0	11.790833757019081	0.14976017630282598	-0.25261549893218843	-0.7715875368398669	NO	O15294
932	T	922	-2.418	-39.964	9.176	-0.98	0.267657992565056	0	1	11.790833757019081	0.14976017630282598	-0.5260379261650717	-0.9752290182269913	NO	O15294
933	G	923	-3.555	-36.947	7.167	-0.98	0	0	0	11.790833757019081	0.14976017630282598	-0.574845515126916	-0.9262647266751741	NO	O15294
934	M	924	0.025	-35.711	7.018	-0.98	0	0	0	11.790833757019081	0.14976017630282598	-0.46637221633589854	-0.9647739822012371	NO	O15294
935	D	925	1.147	-39.252	6.142	-0.98	0	0	0	22.248858348869213	0.10163339382940115	-0.3821991100181218	-0.9912239053559259	NO	O15294
936	V	926	-1.069	-39.657	3.064	-0.98	0	0	0	11.790833757019081	0.14976017630282598	-0.5044365097550023	-1.1341810676042028	NO	O15294
937	L	927	-0.324	-36.173	1.74	-0.98	0	0	0	7.994634370976339	0.19613689395903564	-0.14232851793898213	-1.1042490465014212	NO	O15294
938	W	928	3.413	-36.803	2.052	-0.98	0	0	0	6.002577542711568	0.2407959554057558	-0.2414046968802476	-1.0768890572871705	NO	O15294
939	A	929	2.906	-39.828	-0.22	-0.98	0	0	0	6.002577542711568	0.2407959554057558	-0.5533945801689475	-0.8950422432964047	NO	O15294
940	G	930	1.164	-37.619	-2.798	-0.98	0.271698113207547	0	0	0	1	-0.285831505363783	-0.9667036778818293	NO	O15294
941	T	931	-2.31	-39.073	-2.204	-0.67	0.271698113207547	0	0	7.994634370976339	0.19613689395903564	-0.15387539458849436	-1.0202679024392112	NO	O15294
942	P	932	-5.251	-36.635	-2.372	-0.98	0.271698113207547	0	0	0	1	0.04800767963205753	-0.986197968366002	NO	O15294
943	M	933	-7.392	-36.685	0.786	-0.67	0.339962121212121	0	0	22.248858348869213	0.10163339382940115	-0.22251776479022556	-0.8623248307073715	NO	O15294
944	V	934	-11.123	-35.892	0.659	-0.98	0.342557251908397	0	0	0	1	0.04251503188095672	-0.4707589094854231	NO	O15294
945	T	935	-12.504	-34.386	3.882	0.26	0.340304182509506	0	0	0	1	0.03229173423951022	-0.2874977599339377	NO	O15294
946	M	936	-15.673	-32.797	5.274	1.2	0.453738910012674	0	0	0	1	0.11499549306550996	-0.01598972345348864	NO	O15294
947	P	937	-14.816	-30.474	8.185	-0.36	0.450757575757576	0	0	0	1	-0.18569816234875744	-0.10288401417210621	NO	O15294
948	G	938	-17.238	-30.558	11.105	2.45	0.453738910012674	0	0	0	1	-0.3613712702425193	-0.002368146173521942	NO	O15294
949	E	939	-17.528	-28.378	14.192	0.58	0.455470737913486	0	0	0	1	-0.6302413810483682	-0.2548338182255073	NO	O15294
950	T	940	-15.069	-29.862	16.698	-0.05	0.455470737913486	0	0	0	1	-0.7135601304158875	-0.3590347577539564	NO	O15294
951	L	941	-11.343	-29.196	16.527	0.26	0.455938697318008	0	0	0	1	-0.6085072153828459	-0.5297727603275747	NO	O15294
952	A	942	-10.722	-32.88	15.797	-0.05	0.452471482889734	0	0	0	1	-0.39347780504336666	-0.3627451663175722	NO	O15294
953	S	943	-13.183	-32.865	12.871	0.58	0.451204055766793	0	0	0	1	-0.44058753691784974	-0.2565970136150749	NO	O15294
954	R	944	-11.551	-29.866	11.131	-0.05	0.448232323232323	0	0	0	1	-0.43781236012387864	-0.3437261095567076	NO	O15294
955	V	945	-7.807	-30.65	11.18	-0.67	0.450381679389313	1	0	11.790833757019081	0.14976017630282598	-0.5139340137333254	-0.5710670125382052	NO	O15294
956	A	946	-7.682	-32.321	7.756	-0.98	0.451282051282051	0	0	22.248858348869213	0.10163339382940115	-0.4147649426105512	-0.6468537157416829	NO	O15294
957	A	947	-9.278	-29.34	6.001	-0.98	0.336206896551724	0	0	0	1	-0.31011068062745756	-0.5190295402402563	NO	O15294
958	S	948	-6.782	-27.113	7.821	-0.98	0.333650190114068	0	0	0	1	-0.37940856062717326	-0.5988501733751318	NO	O15294
959	Q	949	-3.998	-29.255	6.341	-0.98	0.335551330798479	0	0	11.790833757019081	0.14976017630282598	-0.3316550696403461	-0.8979518654033868	NO	O15294
960	L	950	-5.481	-29.192	2.831	-0.98	0.335551330798479	0	0	0	1	-0.050948481245767854	-0.7980175368828092	NO	O15294
961	T	951	-5.913	-25.411	3.003	-0.98	0.536882129277567	0	0	0	1	0.1447138107703511	-0.7958259945906913	NO	O15294
962	C	952	-2.254	-24.932	3.932	-0.98	0.533333333333333	0	0	0	1	0.18890115064227966	-0.9647642898766037	NO	O15294
963	L	953	-1.315	-27.412	1.192	-0.98	0.669201520912548	0	0	0	1	0.3390810641182595	-0.9960868223578043	NO	O15294
964	G	954	-3.382	-25.413	-1.292	-0.98	0.677606177606178	0	0	0	1	0.7124875857229311	-0.9568967960189725	NO	O15294
965	C	955	-5.988	-27.997	-2.407	-0.98	0.677606177606178	0	0	0	1	0.4971308246957957	-0.9029021726985238	NO	O15294
966	L	956	-9.277	-26.288	-1.608	-0.98	0.537931034482759	0	0	0	1	0.2811887404989528	-0.6110958373827815	NO	O15294
967	E	957	-11.066	-28.588	-4.088	-0.98	0.546303501945525	0	0	0	1	0.65221276859482	-0.3063202804267248	NO	O15294
968	L	958	-10.655	-31.576	-1.747	-0.98	0.678294573643411	0	0	0	1	0.30910944881105845	-0.37123032936635775	NO	O15294
969	I	959	-12.679	-29.889	1.045	0.58	0.673745173745174	0	0	0	1	0.14764660165099394	-0.14401517918235363	NO	O15294
970	A	960	-16.419	-30.625	1.065	-0.05	0.680933852140078	0	0	0	1	0.22323083326151216	0.11506664370520459	NO	O15294
971	K	961	-19.149	-28.443	2.561	0.26	0.450904392764858	0	0	0	1	0.27961769105003004	0.5301714334776356	NO	O15294
972	N	962	-21.547	-31.39	3.003	0.26	0.447876447876448	0	0	0	1	0.38007468990765125	0.6827268488694603	NO	O15294
973	R	963	-21.902	-35.119	2.393	0.26	0.447876447876448	0	0	0	1	0.4706300655234717	0.24227628143854127	NO	O15294
974	Q	964	-23.106	-34.708	-1.196	0.58	0.447876447876448	0	0	0	1	0.6270805827886222	0.6295761810690423	NO	O15294
975	E	965	-19.988	-32.717	-2.069	1.51	0.445721583652618	0	0	0	1	0.5625190420707276	0.4437293827207059	NO	O15294
976	Y	966	-17.741	-35.182	-0.225	0.26	0.66412213740458	1	0	0	1	0.40904750674186746	0.03383712864785353	NO	O15294
977	E	967	-19.243	-38.023	-2.276	-0.05	0.66412213740458	0	0	0	1	0.6614194785015133	-0.06614554271740308	NO	O15294
978	D	968	-19.164	-36.127	-5.581	0.58	0.65779467680608406	0	0	0	1	0.7166564953856702	0.05710812651907676	NO	O15294
979	I	969	-15.509	-35.149	-5.083	-0.05	0.653409090909091	0	0	0	1	0.5671949442198397	-0.12784390395314663	NO	O15294
980	A	970	-14.448	-38.735	-4.362	-0.05	0.653409090909091	0	0	0	1	0.5545349122607011	-0.4253620901039479	NO	O15294
981	V	971	-16.478	-40.117	-7.283	0.26	0.651515151515152	0	0	0	1	0.6621236540965256	-0.5404343174243647	NO	O15294
982	K	972	-15.084	-37.557	-9.735	0.58	0.649056603773585	0	0	0	1	0.8679995469348705	-0.5172582981353427	NO	O15294
983	L	973	-11.559	-38.508	-8.628	-0.98	0.653409090909091	0	0	0	1	0.5814598239051623	-0.7510954629652526	NO	O15294
984	G	974	-12.352	-42.188	-9.158	-0.98	0.649812734082397	0	0	0	1	0.5698125257320532	-0.8372630019293519	NO	O15294
985	T	975	-14.052	-41.755	-12.546	-0.67	0.649812734082397	0	0	0	1	0.827513619235187	-0.740745231648794	NO	O15294
986	D	976	-12.307	-38.837	-14.321	-0.36	0.656603773584906	1	0	0	1	1.0330929917141298	-0.5829234281279928	NO	O15294
987	L	977	-8.789	-40.228	-14.555	-0.98	0.651685393258427	0	0	0	1	0.6445982068192605	-0.6217031952595478	NO	O15294
988	E	978	-7.415	-37.038	-16.129	-0.98	0.868159203980099	0	0	0	1	1.2908317357685943	-0.9147829102068524	NO	O15294
989	Y	979	-8.697	-35.055	-13.143	-0.98	0.868159203980099	0	0	0	1	0.972482599033211	-0.7719477120513543	NO	O15294
990	L	980	-7.231	-37.651	-10.764	-0.98	0.865671641791045	0	0	0	1	0.5971805363980834	-0.6555124993378408	NO	O15294
991	K	981	-3.843	-37.276	-12.457	-0.98	0.644981412639405	0	0	0	1	0.5558108455910011	-0.5979610333594726	NO	O15294
992	K	982	-4.087	-33.487	-12.142	-0.98	0.430348258706468	0	0	0	1	1.0009850619173588	-0.9314824624727911	NO	O15294
993	V	983	-5.053	-33.507	-8.46	-0.98	0.650375939849624	0	0	0	1	0.7564037673429963	-0.9029021726985238	NO	O15294
994	R	984	-2.467	-36.145	-7.506	-0.98	0.644981412639405	0	0	0	1	0.22211692908331765	-0.9832143949998906	NO	O15294
995	G	985	0.151	-34.022	-9.277	-0.98	0.773977695167286	0	0	0	1	0.8918214285508761	-0.9839855542425306	NO	O15294
996	K	986	-0.917	-31.026	-7.199	-0.67	0.782022471910112	0	0	0	1	0.7339223781778431	-1.0544279850606069	NO	O15294
997	V	987	-0.42	-32.956	-3.938	-0.36	0.78134328358209	0	0	0	1	0.23919370338522133	-1.07189770790349	NO	O15294
998	W	988	2.895	-34.434	-5.11	-0.98	0.789473684210526	0	0	0	1	0.3055000944124768	-0.9460626644279992	NO	O15294
999	K	989	4.276	-30.998	-5.953	-0.67	0.795454545454545	1	0	0	1	0.7005708111960086	-1.0299703730805707	NO	O15294
1000	Q	990	2.737	-28.877	-3.203	-0.98	0.793916349809886	0	0	0	1	0.6710276665714133	-1.0504832089347946	NO	O15294
1001	R	991	3.796	-31.165	-0.356	-0.98	0.796946564885496	0	0	0	1	0.03685946400393253	-1.0638347588990822	NO	O15294
1002	I	992	7.2	-29.587	-1.048	-0.98	0.791634980988593	1	0	0	1	0.4927238976074436	-1.0462754477339282	NO	O15294
1003	S	993	6.356	-26.02	-2.115	-0.67	0.820754716981132	0	0	0	1	1.3549499870566732	-1.0299703730805707	NO	O15294
1004	S	994	3.597	-25.263	0.406	-0.67	0.809925093632959	0	0	0	1	0.892775189080194	-1.036958262217724	NO	O15294
1005	P	995	4.314	-24.611	4.097	-0.98	0.714580751755473	0	0	0	1	0.7628920517608315	-1.0877792741242924	NO	O15294
1006	L	996	2.637	-27.843	5.234	-0.98	0.812479033881248	0	0	0	1	0.21723566587166843	-1.0093035947433884	NO	O15294
1007	F	997	5.851	-29.82	5.847	-0.98	0.81378844204123	0	0	0	1	0.20157882550343598	-0.8570974397903233	NO	O15294
1008	N	998	8.221	-26.839	6.251	-0.98	0.810774410774411	1	0	0	1	0.7365277371487537	-0.7432547624303566	NO	O15294
1009	T	999	9.44	-27.148	9.837	-0.98	0.816154106116932	0	0	0	1	0.8351241408799316	-0.4833636294356656	NO	O15294
1010	K	1000	11.759	-24.145	9.475	-0.98	0.820885434268334	1	0	0	1	1.072032374849227	-0.37607259424037065	NO	O15294
1011	Q	1001	8.963	-21.789	8.418	-0.98	0.811831550802139	0	0	0	1	1.097029899142047	-0.6495770722966882	NO	O15294
1012	Y	1002	6.653	-23.253	11.069	-0.98	0.811831550802139	0	0	0	1	0.8854108861816161	-0.5962362611139875	NO	O15294
1013	T	1003	9.147	-22.624	13.881	-0.98	0.817175444481718	0	0	0	1	1.0602373563242422	-0.4320441130816449	NO	O15294
1014	M	1004	9.671	-19.043	12.68	-0.98	0.811188811188811	0	0	0	1	1.350920670075593	-0.4211396947090522	NO	O15294
1015	E	1005	5.924	-18.366	12.67	-0.98	0.805289256198347	0	0	0	1	0.8524495402174359	-0.7512061935231703	NO	O15294
1016	L	1006	5.578	-20.183	15.991	-0.98	0.796599084368869	0	0	0	1	0.5966238124317194	-0.594965376301525	NO	O15294
1017	E	1007	8.218	-17.833	17.408	-0.98	0.798888162197515	0	0	0	1	0.9711692867856606	-0.29308619277883846	NO	O15294
1018	R	1008	6.333	-14.761	16.166	-0.98	0.793743890518084	2	0	0	1	1.3935220930673236	-0.8043291786841088	NO	O15294
1019	L	1009	3.263	-16.112	17.965	-0.98	0.839328537170264	0	0	0	1	1.0245815942746488	-0.9892231561574747	NO	O15294
1020	Y	1010	5.157	-16.63	21.233	-0.98	0.844765342960289	0	0	0	1	0.6201280702737647	-0.570051000770079	NO	O15294
1021	L	1011	6.392	-13.031	21.104	-0.98	0.844765342960289	1	0	0	1	1.2878907577708152	-0.6684034641775488	NO	O15294
1022	Q	1012	2.864	-11.693	20.596	-0.98	0.924187725631769	1	0	0	1	1.9395667911132304	-1.0189249999282965	NO	O15294
1023	M	1013	1.885	-13.618	23.725	-0.98	0.927536231884058	0	0	0	1	1.1277704873469279	-0.7992313141522899	NO	O15294
1024	W	1014	4.878	-12.323	25.677	-0.98	0.887003610108303	0	0	0	1	1.179742092073352	-0.7122986178246182	NO	O15294
1025	E	1015	4.519	-8.667	24.672	-0.98	0.894871794871795	0	0	0	1	1.8891818290049271	-1.0195561641084263	NO	O15294
1026	H	1016	0.835	-8.904	25.622	-0.98	0.852258852258852	0	0	0	1	2.167816094668156	-0.9758910785557988	NO	O15294
1027	Y	1017	1.711	-10.208	29.095	-0.98	0.888059701492537	1	0	0	1	1.385884801899757	-0.7421837824866971	NO	O15294
1028	A	1018	4.699	-7.89	29.569	-0.98	0.99017094017094	0	0	0	1	1.5917803331405624	-0.9536568858466752	NO	O15294
1029	A	1019	2.306	-4.971	29.013	-0.98	0.993827160493827	0	0	0	1	2.357643346336796	-1.1767160449607872	NO	O15294
1030	G	1020	0.247	-6.128	32	-0.98	0.989611562782295	0	0	0	1	2.094350141304061	-1.1155720150106971	NO	O15294
1031	N	1021	-2.653	-7.704	30.104	-0.98	0.99256159925616	0	0	0	1	2.139117962795666	-0.9168249119660965	NO	O15294
1032	K	1022	-4.475	-10.939	30.799	-0.98	0.995689655172414	0	0	0	1	1.5994149472486967	-0.6860610335026133	NO	O15294
1033	P	1023	-4.631	-13.469	27.949	-0.98	0.99803343166175	0	0	0	1	1.0343315053349258	-0.6202396261462028	NO	O15294
1034	D	1024	-6.719	-12.545	24.919	-0.98	1.06439393939394	1	0	0	1	1.4239935932493002	-0.7992313141522899	NO	O15294
1035	H	1025	-7.36	-14.028	21.49	-0.98	1.07424960505529	0	0	0	1	0.6352411413220789	-0.8857888056821324	NO	O15294
1036	M	1026	-4.381	-13.714	19.131	-0.98	1.29411764705882	0	0	0	1	0.9549482652537171	-0.9316468281447	NO	O15294
1037	I	1027	-6.353	-13.972	15.884	-0.98	1.28140703517588	0	0	0	1	0.2948881670998196	-0.9955485488123719	NO	O15294
1038	K	1028	-5.083	-10.776	14.203	-0.98	1.28645833333333	0	0	0	1	1.0552013965060583	-1.0136652984272134	NO	O15294
