Uniprot_position	aminoacid	Position_in_structure	x	y	z	paraz	mtr	gscount	pscount	OR	pvalue	mtr3dscore	paraz3dscore	HotSpot3D	Uniprot
2	S	2	43.539	156.156	347.583	-0.65	0.34280303030303	0	0	0	0.5191919191919193	-0.7021383730249083	-5.725472419343791	NO	P68400
3	G	3	40.983	153.315	347.913	0.49	0.302737520128824	0	0	0	0.5191919191919193	-0.2767760026458565	-4.621182924230137	NO	P68400
4	P	4	37.208	153.784	348.526	0.49	0.298850574712644	0	0	0	0.28611514271891636	0.07331610134593099	-2.2535392556641187	NO	P68400
5	V	5	35.896	156.974	350.213	-0.36	0.296296296296296	1	0	0	0.28611514271891636	0.028229596094719814	-2.5850183402805365	NO	P68400
6	P	6	34.61	156.318	353.819	-0.65	0.39811320754717	0	0	0	0.1443315594258991	-0.10682694236652579	-1.243344215124858	NO	P68400
7	S	7	30.912	156.639	354.743	0.49	0.39578313253012	0	0	0	0.1443315594258991	-0.0482754725373133	-0.7726165561531912	NO	P68400
8	R	8	28.83	156.609	357.954	0.49	0.398823529411765	0	0	0	0.28611514271891636	-0.002820298267091446	-0.49247475810767855	NO	P68400
9	A	9	25.092	156.373	358.805	0.49	0.396067415730337	0	0	1.0860431306615606	1	-0.5226373387639605	0.006550209510479645	NO	P68400
10	R	10	23.154	159.718	358.792	0.49	0.397826086956522	0	0	3.3926731527507297	0.5509433962264151	-0.9532899456450875	-0.08985550729347465	NO	P68400
11	V	11	21.235	158.525	361.912	0.49	0.363157894736842	0	0	3.3926731527507297	0.5509433962264151	-0.49551474575121696	-0.4131350822119386	NO	P68400
12	Y	12	22.106	156.527	365.073	0.49	0.361329026303646	0	0	0	1	0.12903619392898139	-0.8572004323746629	NO	P68400
13	T	13	25.775	156.811	364.036	-0.65	0.40422322775264	0	0	0	0.27878787878787875	0.08414193631306614	-0.8163668369574008	NO	P68400
14	D	14	27.365	156.558	367.473	-0.08	0.406330511593669	0	0	0	0.27878787878787875	0.0989572477973724	-1.3926531444549335	NO	P68400
15	V	15	24.774	154.562	369.436	0.49	0.404112017015243	0	0	0	1	0.01091124821485612	-1.7009245976838396	NO	P68400
16	N	16	27.155	151.581	369.982	0.49	0.402472527472527	0	0	0	1	0.16324826869926015	-1.4629511151607384	NO	P68400
17	T	17	30.259	153.844	370.456	-0.08	0.40053050397878	0	0	0	0.5191919191919193	0.07541867817179629	-2.300765253221107	NO	P68400
18	H	18	28.627	155.349	373.595	-1.22	0.431944444444444	0	0	0	1	-0.28753009737237145	-3.247752234083997	NO	P68400
19	R	19	28.586	151.157	375.575	0.49	0.430894308943089	0	0	0	1	-0.24358052506053218	-2.657145318367573	NO	P68400
20	P	20	29.594	149.692	377.264	-0.65	0.536890645586298	0	0	0	1	-0.6661871559227323	-2.288974773505387	NO	P68400
22	E	22	28.562	144.385	377.448	0.49	0.434343434343434	0	0	1.6343852363089761	1	-0.4216321929008691	-1.4163938362832789	NO	P68400
23	Y	23	25.977	145.635	374.875	0.49	0.435994930291508	0	0	1.6676067222431312	0.6315432994678278	-0.196891188498521	-1.1363272239055184	NO	P68400
24	W	24	27.781	144.943	371.537	0.49	0.389433962264151	0	0	1.6676067222431312	0.6315432994678278	0.03889834519549152	-0.8201949865277693	NO	P68400
25	D	25	30.555	142.432	372.499	0.49	0.388636363636364	0	0	1.6676067222431312	0.6315432994678278	-0.05516935951312804	-0.08985550729347465	NO	P68400
26	Y	26	28.565	139.304	371.662	0.49	0.388636363636364	0	0	1.6676067222431312	0.6315432994678278	-0.115903139413385	-0.23002665387323437	NO	P68400
27	E	27	31.615	136.981	371.801	0.49	0.390458015267176	0	1	1.6676067222431312	0.6315432994678278	-0.602510277232415	-0.050834145729969464	NO	P68400
28	S	28	31.876	137.676	375.595	-0.36	0.437179487179487	1	0	1.6676067222431312	0.6315432994678278	-0.6295036551004282	-0.6282600740685473	NO	P68400
29	H	29	28.184	137.176	376.257	0.49	0.435897435897436	0	0	1.6676067222431312	0.6315432994678278	-0.4290707620690098	-0.8515615072932317	NO	P68400
30	V	30	27.287	134.309	378.578	0.49	0.433333333333333	0	0	1.6676067222431312	0.6315432994678278	-0.4474986426590321	-2.1597921261853217	NO	P68400
31	V	31	24.523	132.126	377.333	-0.65	0.485209923664122	0	0	1.6676067222431312	0.6315432994678278	-0.7551851988965228	-1.165085741820819	NO	P68400
32	E	32	22.338	130.21	379.777	-0.93	0.481939163498099	0	0	0	0.5191919191919193	-0.7164607077177567	-1.6005987222767055	NO	P68400
33	W	33	20.884	127.159	377.962	0.49	0.430925221799746	0	0	0	0.5191919191919193	-0.9538201746115378	-1.830282764905155	NO	P68400
34	G	34	17.762	125.914	379.7	0.49	0.481132075471698	0	0	0	1	-1.0142043573934039	-1.8158176962180046	NO	P68400
35	N	35	16.012	122.553	379.37	0.49	0.481534090909091	1	0	0	1	-1.347548716917216	-0.28978359605562604	NO	P68400
36	Q	36	14.367	121.532	376.176	0.49	0.481534090909091	0	0	0	0.5191919191919193	-1.5724258860954465	0.6325671939777031	NO	P68400
37	D	37	12.076	119.116	377.986	0.49	0.368278109722977	0	0	0	0.5191919191919193	-1.4129237537859507	0.5519669454750495	NO	P68400
38	D	38	9.519	121.886	378.608	0.49	0.319811320754717	0	0	0	0.5191919191919193	-1.7137881577828895	0.4863819091433239	NO	P68400
39	Y	39	8.812	121.881	374.877	0.49	0.321022727272727	0	0	0	0.5191919191919193	-1.9049343177883546	0.26955932480590683	NO	P68400
40	Q	40	7.276	119.319	372.566	0.49	0.321969696969697	0	0	0	0.27878787878787875	-2.05377829542565	1.1227389422175382	NO	P68400
41	L	41	7.675	119.744	368.804	0.49	0.319548872180451	0	0	0	0.5191919191919193	-2.008844387979022	1.133123239636728	NO	P68400
42	V	42	4.361	119.825	366.8	0.49	0.420987654320988	0	0	0	0.5191919191919193	-2.2169590343097263	1.0374783949862947	NO	P68400
43	R	43	5.246	120.426	363.115	0.49	0.420987654320988	1	0	1.6676067222431312	0.6315432994678278	-1.9708327421866632	1.0374783949862947	NO	P68400
44	K	44	7.932	121.764	360.761	0.49	0.360569319978914	0	0	7.4757545061946225	0.06434446057087566	-1.7975771646238061	1.3927306751164747	NO	P68400
45	L	45	7.248	125.354	359.606	0.49	0.364021164021164	0	0	7.4757545061946225	0.06434446057087566	-1.7675645845570107	0.7459893446230706	NO	P68400
46	G	46	10.277	125.638	357.28	0.49	0.366737739872068	0	0	12.578838417250532	0.009664800608196815	-1.4855253132050334	1.3927306751164747	YES	P68400
47	R	47	13.982	125.061	356.748	0.49	0.368869936034115	0	2	15.640936021854555	0.0034141958670260526	-1.1907698183892284	1.3927306751164747	YES	P68400
48	G	48	16.762	127.544	356.217	0.49	0.368869936034115	0	0	34.60214420500999	1.6712846901526117e-4	-0.9376685485106006	1.3927306751164747	YES	P68400
49	K	49	20.468	127.569	355.651	0.49	0.366895097522404	0	0	34.60214420500999	4.6227023344646674e-5	-0.9803929958478027	1.3927306751164747	YES	P68400
50	Y	50	21.557	125.954	358.88	0.49	0.369622942113648	0	2	34.60214420500999	4.6227023344646674e-5	-1.1375823869566641	1.3927306751164747	YES	P68400
51	S	51	18.229	126.103	360.72	0.49	0.214197530864198	0	2	34.60214420500999	4.6227023344646674e-5	-1.479350398017508	1.3927306751164747	YES	P68400
52	E	52	14.919	124.218	360.916	0.49	0.214197530864198	0	0	15.640936021854555	0.0034141958670260526	-1.6802139831182894	1.3927306751164747	YES	P68400
53	V	53	11.87	126.035	362.389	0.49	0.215613382899628	0	0	19.167012136022397	0.0011343400343801783	-1.678151213117752	1.068037730911472	YES	P68400
54	F	54	9.07	124.207	364.232	0.49	0.216232961586121	0	0	3.669359368354105	0.18795033059184002	-2.102628420616921	0.6325671939777031	NO	P68400
55	E	55	5.767	124.969	365.868	0.49	0.183974696889826	0	0	0	0.5191919191919193	-2.269111078922098	0.6072284112730773	NO	P68400
56	A	56	5.952	123.595	369.412	0.49	0.184126984126984	0	0	0	0.5191919191919193	-2.195824289640614	0.6563223027632897	NO	P68400
57	I	57	4.078	123.597	372.657	0.49	0.161111111111111	1	0	0	0.5191919191919193	-2.2925340234506226	0.7459893446230706	NO	P68400
58	N	58	5.355	124.692	376.026	0.49	0.161710037174721	0	0	0	0.5191919191919193	-2.153523694068279	0.2699580366803517	NO	P68400
59	I	59	4.009	121.769	378.157	0.49	0.161847014925373	0	0	0	1	-2.264118787219241	0.9956840090886271	NO	P68400
60	T	60	4.301	123.737	381.453	0.49	0.186034115138593	0	0	0	0.5191919191919193	-2.2166967651560068	0.9427444536182474	NO	P68400
61	N	61	1.641	126.316	380.407	0.49	0.186034115138593	0	0	0	1	-2.65693679698509	0.8302478982436905	NO	P68400
62	N	62	-0.008	124.692	377.266	0.49	0.184656084656085	0	0	0	1	-2.68212384562361	0.8735158041569812	NO	P68400
63	E	63	1.1	127.658	375.085	0.49	0.183447548761202	0	0	0	1	-2.569675691312067	-0.37225287537156043	NO	P68400
64	K	64	2.295	127.433	371.518	-0.08	0.212287104622871	0	0	0	0.5191919191919193	-2.4134137497990515	0.01996569140355832	NO	P68400
65	V	65	5.821	128.652	370.759	0.49	0.213064713064713	0	0	0	0.28611514271891636	-2.1276195611523283	-0.1466958721143037	NO	P68400
66	V	66	8.163	128.682	367.733	0.49	0.212121212121212	0	0	0.7927928602764529	1	-1.7670310758319878	-0.41996685682982615	NO	P68400
67	V	67	11.441	126.667	368.092	0.49	0.36101083032491	0	0	2.305620132472884	0.27909499840451263	-1.731683696541189	-0.2904884616908047	NO	P68400
68	K	68	14.367	127.322	365.696	0.49	0.3584229390681	0	0	6.545506944776298	0.004601329902322478	-1.322781853416173	0.3453943233252786	YES	P68400
69	I	69	16.89	124.475	365.755	0.49	0.357398873527906	0	0	34.60214420500999	0.0018718388529709276	-1.670973628310273	0.7194430203935626	YES	P68400
70	L	70	20.33	125.728	364.62	0.49	0.359979370809696	0	0	23.226307046080688	3.5373722211555806e-4	-1.2320523149495735	0.5265917826086085	YES	P68400
71	K	71	22.959	123.6	362.837	0.49	0.362042289840124	0	0	34.60214420500999	1.6712846901526117e-4	-1.4667587031144171	1.1227389422175382	YES	P68400
72	P	72	25.997	124.792	364.929	0.49	0.364675324675325	0	0	34.60214420500999	0.005849496415534153	-1.4543679807782524	1.08592188773132	YES	P68400
73	V	73	28.362	125.334	361.972	0.49	0.255072463768116	0	1	34.60214420500999	0.005849496415534153	-1.4303820044025322	1.3927306751164747	YES	P68400
74	K	74	29.774	128.609	363.458	0.49	0.423586040914561	0	0	34.60214420500999	0.0018718388529709276	-0.91803685591732	1.3927306751164747	YES	P68400
75	K	75	29.463	129.274	367.237	0.49	0.42512077294686	0	0	12.578838417250532	0.009664800608196815	-0.9274944033161397	0.3802616767454625	YES	P68400
76	K	76	30.343	133.043	366.972	0.49	0.366753246753247	0	0	3.669359368354105	0.18795033059184002	-0.353602870481919	-0.050834145729969464	NO	P68400
77	K	77	27.257	133.564	364.655	0.49	0.429440389294404	0	0	15.640936021854555	0.0034141958670260526	-0.33497656521251534	1.1114892866800825	YES	P68400
78	I	78	24.914	131.826	367.124	0.49	0.431013431013431	0	0	27.97384353897878	1.0317335645037075e-4	-0.5916915991911328	0.36315693733178755	YES	P68400
79	K	79	26.248	134.057	369.949	0.49	0.431013431013431	0	0	3.669359368354105	0.18795033059184002	-0.3880032603439589	-0.48801669027859373	NO	P68400
80	R	80	25.678	137.152	367.752	0.49	0.431013431013431	0	1	3.669359368354105	0.18795033059184002	0.06908687744560178	0.414831925510819	NO	P68400
81	E	81	22.032	136.261	366.965	0.49	0.431013431013431	0	0	2.9362152858166883	0.15622859909945594	-0.014876597534002398	0.46611431111025636	NO	P68400
82	I	82	21.333	135.493	370.676	-0.08	0.470588235294118	1	0	1.7922294502467842	0.4801763494623005	-0.31058433874112956	-0.7019420284659175	NO	P68400
83	K	83	22.844	138.788	371.901	0.49	0.470588235294118	0	0	1.3567940601441173	0.7186836714737157	-0.02550069678423781	-0.48801669027859373	NO	P68400
84	I	84	20.962	140.824	369.277	0.49	0.473666554847367	0	0	2.9362152858166883	0.15622859909945594	0.4428676689753353	0.5102388998724567	NO	P68400
85	L	85	17.65	139.06	370.105	0.49	0.476767676767677	0	0	2.305620132472884	0.27909499840451263	0.33995511819323654	-0.29175721983412684	NO	P68400
86	E	86	18.231	139.74	373.814	0.49	0.583747927031509	0	0	0.7927928602764529	1	-0.1971025463397534	-1.4806333553482134	NO	P68400
87	N	87	19.031	143.425	373.122	0.49	0.586466165413534	0	0	0.7927928602764529	1	0.39945678184773636	0.3025937762856296	NO	P68400
88	L	88	15.925	143.883	370.934	0.49	0.659774436090226	0	0	0.6157510341251579	0.6960490243509111	0.9492284224467781	0.08356023537747923	NO	P68400
89	R	89	13.529	141.799	373.075	0.49	0.664150943396226	1	0	0.6157510341251579	0.6960490243509111	0.6281590319476767	-0.6979494102473408	NO	P68400
90	G	90	10.248	143.72	373.492	0.49	0.666666666666667	0	0	0	0.28611514271891636	0.6445452380478707	-0.5301427776516406	NO	P68400
91	G	91	10.851	146.15	370.636	0.49	0.664772727272727	0	0	0	0.28611514271891636	1.3622336021806207	-0.22564082325434345	NO	P68400
92	P	92	7.813	146.89	368.387	-0.36	0.669201520912548	1	0	0	0.5191919191919193	1.787475442445693	0.13454551632208842	NO	P68400
93	N	93	7.169	144.14	365.829	0.49	0.531320754716981	0	0	0.3808869297887854	0.6387679406547331	1.3703145776149506	0.10755330876317794	NO	P68400
94	I	94	10.425	142.327	366.71	0.49	0.479835953520164	0	0	1.2448275952082453	1	1.1194376095662721	0.1873019980935576	NO	P68400
95	I	95	10.162	138.566	367.197	0.49	0.47940074906367	0	0	1.2448275952082453	1	0.41254241543760917	-0.2427100018792168	NO	P68400
96	T	96	10.429	137.848	370.996	-0.93	0.48257006151743	0	0	0.9672575183201411	1	-0.027495501234342235	-1.0545628102247626	NO	P68400
97	L	97	13.054	135.412	372.191	0.49	0.482124616956078	2	0	1.2448275952082453	1	-0.4304379388738438	-0.6865400232925178	NO	P68400
98	A	98	11.511	133.478	375.091	-0.65	0.397388059701493	0	0	0	0.28611514271891636	-1.2473386798648463	-1.1320980300944443	NO	P68400
99	D	99	14.095	130.81	375.839	0.49	0.398876404494382	0	0	0	0.1443315594258991	-1.0989508187388206	-1.4137623379119442	NO	P68400
100	I	100	17.341	129.242	374.704	-0.93	0.442786069651741	0	0	0	0.28611514271891636	-0.9809633544845021	-1.0652310468653086	NO	P68400
101	V	101	17.713	125.512	375.055	0.49	0.439506172839506	0	0	0	0.28611514271891636	-1.1430038159742266	-0.9985373610286056	NO	P68400
102	K	102	19.799	122.552	374.033	0.49	0.439506172839506	0	0	0	1	-1.1641757704108586	-0.4651979163689472	NO	P68400
103	D	103	18.952	118.928	373.421	0.49	0.438271604938272	0	0	0	1	-1.2454008729754078	0.32159122442093313	NO	P68400
104	P	104	20.225	117.153	376.58	0.49	0.439900867410161	0	0	0	1	-1.132894854088496	0.9708685924618862	NO	P68400
105	V	105	21.392	114.374	374.251	0.49	0.329291044776119	0	0	0	1	-1.0714494790337443	0.8302478982436905	NO	P68400
106	S	106	22.255	115.955	370.884	0.49	0.328066914498141	0	0	0	1	-1.303861042037072	0.9427444536182474	NO	P68400
107	R	107	23.348	119.324	372.513	-0.08	0.377398720682303	0	0	0	1	-1.093915406765071	0.1524639427321631	NO	P68400
108	T	108	22.232	121.085	369.236	0.49	0.221383647798742	0	0	9.87685568382104	0.0257377842283503	-1.3460164842432183	0.4863819091433239	YES	P68400
109	P	109	21.283	124.728	370.138	0.49	0.222012578616352	0	0	4.845646365536749	0.09243025318497007	-1.133257173182492	-0.24591047287138118	NO	P68400
110	A	110	17.712	125.936	369.745	0.49	0.189406099518459	0	0	1.7457311785031084	0.4640864376713433	-1.3292345326544335	-0.4153012546517568	NO	P68400
111	L	111	16.041	129.329	370.161	0.49	0.18816631130064	0	0	2.305620132472884	0.27909499840451263	-1.090574419853774	-0.4375908551194508	NO	P68400
112	V	112	12.462	129.492	371.5	0.49	0.290534979423868	0	0	0	0.1443315594258991	-1.5912493808999202	-0.5433942515930039	NO	P68400
113	F	113	10.238	132.356	370.379	0.49	0.186083289404323	0	0	0.6157510341251579	0.6960490243509111	-1.2402127092142705	-0.700377353758638	NO	P68400
114	E	114	6.133	133.191	369.691	0.49	0.188336008560728	0	0	0.3808869297887854	0.6387679406547331	-1.0084087017952144	-0.1039340235801153	NO	P68400
115	H	115	4.311	132.213	368.649	-0.36	0.187633262260128	0	0	0.5223770805126023	1	-1.2405275553260253	-0.2910171109171894	NO	P68400
116	V	116	3.265	133.98	365.412	-0.08	0.187265917602996	0	0	0.3808869297887854	0.6387679406547331	-0.5688663692058549	-0.7218662304203084	NO	P68400
117	N	117	0.245	132.731	363.359	0.49	0.185185185185185	0	0	0	0.5191919191919193	-0.5938371525131998	-0.9904200374234801	NO	P68400
118	N	118	1.534	133.418	359.798	0.49	0.183447548761202	0	0	0.8031776811082509	1	-0.026571544985555084	-0.34678048965888786	NO	P68400
119	T	119	-1.404	133.738	357.4	0.49	0.318933823529412	0	0	0	0.5191919191919193	0.11748975387887106	-0.6262864502900459	NO	P68400
120	D	120	-0.676	132.176	353.999	0.49	0.320110701107011	0	0	0	1	0.029793156333907195	-0.02204594926160937	NO	P68400
121	F	121	-0.37	135.003	351.632	0.49	0.322490706319703	0	0	0	0.5191919191919193	0.2612161438899001	0.11269468163154199	NO	P68400
122	K	122	-0.105	133.647	348.085	0.49	0.42716049382716	0	0	0	0.5191919191919193	0.2859425663680127	0.34177601306469335	NO	P68400
123	Q	123	-3.84	133.235	348.561	0.49	0.42998760842627	0	0	0	1	-0.056325853043239456	-0.28879678416637566	NO	P68400
124	L	124	-4.559	136.78	349.628	0.49	0.559076262083781	0	0	0	0.5191919191919193	0.36097916242329386	-0.2873165663324994	NO	P68400
125	Y	125	-1.989	138.984	347.813	0.49	0.647388059701493	0	0	0	0.5191919191919193	0.38261806773020435	0.4501279585043981	NO	P68400
126	Q	126	-4.761	139.739	345.385	0.49	0.64365671641791	0	0	0	0.27878787878787875	0.2960770736921307	0.5920033135532126	NO	P68400
127	T	127	-6.747	140.454	348.52	-0.93	0.638376383763838	1	0	0	0.27878787878787875	0.1632919307266463	0.21447727935137922	NO	P68400
128	L	128	-4.51	143.181	349.938	0.49	0.540779220779221	0	0	0	0.28611514271891636	0.36712701228513256	0.41085284531222793	NO	P68400
129	T	129	-5.713	146.711	349.371	0.49	0.536874677668901	0	0	0	0.28611514271891636	0.25926246453436136	-0.20872404801004898	NO	P68400
130	D	130	-3.716	149.946	348.976	0.49	0.531122448979592	0	0	0	0.1443315594258991	0.4406590426656606	-0.06380367341726172	NO	P68400
131	Y	131	-4.522	150.643	352.72	-0.08	0.531490015360983	0	0	0	0.28611514271891636	0.6149657312211374	-0.008542207619233945	NO	P68400
132	D	132	-3.25	147.165	353.836	0.49	0.531122448979592	0	0	0	0.1443315594258991	1.1189616688500519	-0.04942441445961148	NO	P68400
133	I	133	0.125	147.689	352.08	0.49	0.525492175668854	0	0	0	0.03617481051443313	0.9254642947591841	0.14427266208755776	NO	P68400
134	R	134	0.508	151.139	353.751	0.49	0.525492175668854	1	0	0	0.28611514271891636	0.6351037063968351	0.5299751376574672	NO	P68400
135	F	135	-0.478	149.595	357.157	0.49	0.527355623100304	0	0	0	0.28611514271891636	1.4601440379232362	0.4658080591446266	NO	P68400
136	Y	136	2.001	146.68	357.002	0.49	0.527355623100304	0	0	0	0.07213030156426382	1.3797124492766926	0.9256397142045718	NO	P68400
137	M	137	4.827	148.826	355.496	0.49	0.527355623100304	1	0	0	0.1443315594258991	1.0857432846247448	0.9245687555650752	NO	P68400
138	Y	138	4.392	151.133	358.528	0.49	0.527707168276563	0	0	0	0.1443315594258991	1.38474819816521	0.24283513680036684	NO	P68400
139	E	139	4.603	148.124	360.955	0.49	0.620071684587814	0	0	0	0.1443315594258991	1.5152954825108573	0.8175603168104699	NO	P68400
140	I	140	7.908	147.05	359.282	0.21	0.615658362989324	0	0	0.2955601271679484	0.3895178197064988	1.1608031667744345	0.5530434675360499	NO	P68400
141	L	141	9.213	150.634	359.6	0.49	0.738790035587189	0	0	0	0.28611514271891636	0.9640692671320574	0.4916029401521165	NO	P68400
142	K	142	8.45	150.588	363.353	0.49	0.744086021505376	0	0	0	0.27878787878787875	1.1472622135067672	0.7636380957192819	NO	P68400
143	A	143	10.646	147.428	363.673	0.49	0.823250296559905	0	0	0.3808869297887854	0.6387679406547331	1.172311720080884	0.5304089011252694	NO	P68400
144	L	144	13.482	148.939	361.563	0.49	0.825622775800712	0	0	1.7045062065731067	0.6640541848089018	0.9008747981529593	0.2462346801508952	NO	P68400
145	D	145	13.54	152.356	363.261	0.49	0.822143698468787	0	0	0	0.5191919191919193	0.4413225073834256	0.4318578412405605	NO	P68400
146	Y	146	13.67	150.493	366.581	0.49	0.821052631578947	0	0	0	0.5191919191919193	0.8770441961506581	0.3078742497727004	NO	P68400
147	C	147	16.535	148.087	365.698	0.49	0.615789473684211	0	0	1.6676067222431312	0.6315432994678278	1.0329274196201268	0.5920033135532126	NO	P68400
148	H	148	18.501	150.889	363.938	0.49	0.611498257839721	0	0	0	1	0.6629005317818291	0.40495604255938966	NO	P68400
149	S	149	18.017	153.072	367.105	0.49	0.611111111111111	0	0	0	1	0.5286512668302504	-0.18740186254588656	NO	P68400
150	M	150	19.498	150.068	369.062	-0.65	0.404844290657439	0	0	0	1	0.7011960705004718	-0.2947176555018787	NO	P68400
151	G	151	22.56	150.098	366.761	0.49	0.409090909090909	0	0	0	1	0.6096288741283533	-0.3939793220088404	NO	P68400
152	I	152	21.567	146.997	364.796	0.49	0.413145539906103	0	0	9.87685568382104	0.0257377842283503	0.7810628961969854	0.625708706653587	NO	P68400
153	M	153	21.234	146.432	361.023	0.49	0.417556346381969	0	0	3.669359368354105	0.18795033059184002	0.9289874310756789	0.3495295350516613	NO	P68400
154	H	154	18.964	143.435	360.119	0.49	0.626334519572954	0	0	15.640936021854555	0.0034141958670260526	1.1571955776638114	0.6616317797761048	NO	P68400
155	R	155	20.721	142.753	356.729	0.49	0.619298245614035	0	0	5.427252780711037	0.019565719683230696	1.21663194458996	1.001677777608835	NO	P68400
156	D	156	18.132	140.176	355.591	0.49	0.617957746478873	0	2	7.423644473097061	0.005737908493917093	1.2181216089329707	0.961569788120872	NO	P68400
157	V	157	14.905	142.129	355.084	0.49	0.621478873239437	0	0	9.39511221961135	0.004256751283438661	1.3776805788569344	0.9245687555650752	NO	P68400
158	K	158	12.675	140.127	352.65	0.49	0.501067615658363	0	0	6.1222408244103494	0.014049073239550278	1.286574552997736	0.8486506064486323	NO	P68400
159	P	159	9.058	138.763	352.658	0.49	0.629893238434164	0	0	4.018936963251945	0.07071158735550546	1.0691105690469587	0.8175603168104693	NO	P68400
160	H	160	10.149	135.343	354.018	0.49	0.629893238434164	0	0	15.640936021854555	0.0034141958670260526	0.5426464167879923	1.3927306751164747	NO	P68400
161	N	161	11.49	137.22	357.124	0.49	0.627659574468085	0	0	15.640936021854555	0.0034141958670260526	1.0452234936357032	0.7636380957192819	NO	P68400
162	V	162	8.207	139.105	357.743	0.49	0.621908127208481	0	0	4.845646365536749	0.09243025318497007	0.8759172692649771	1.1206906407825534	NO	P68400
163	M	163	5.443	137.05	359.461	0.49	0.621478873239437	0	0	1.6676067222431312	0.6315432994678278	0.36819293164039824	0.06860854008580523	NO	P68400
164	I	164	1.904	138.494	359.286	0.49	0.621478873239437	0	0	0.5223770805126023	1	0.47250473882654387	-0.188490258011972	NO	P68400
165	D	165	-1.151	137.225	361.246	0.49	0.619298245614035	0	0	0	0.5191919191919193	-0.054972636210584645	-1.0094514095733111	NO	P68400
166	H	166	-3.676	139.119	359.048	0.49	0.619718309859155	0	0	0	0.27878787878787875	0.3823061388451613	-0.8950940089218818	NO	P68400
167	E	167	-6.714	138.233	361.278	-0.36	0.619298245614035	0	0	0	0.5191919191919193	-0.03488479330796213	-1.2992921587588864	NO	P68400
168	H	168	-5.065	140.072	364.183	-0.93	0.619718309859155	1	0	0	0.5191919191919193	0.4287415281396043	-1.491579504035698	NO	P68400
169	R	169	-3.254	142.645	361.961	-0.08	0.619718309859155	1	0	0	0.5191919191919193	0.4510870638764076	-0.5301427776516406	NO	P68400
170	K	170	1.172	141.116	362.859	0.49	0.748936170212766	0	0	0.3808869297887854	0.6387679406547331	0.599154208006966	-0.6018628560310965	NO	P68400
171	L	171	3.462	141.659	362.063	0.49	0.76028880866426	0	0	0.3808869297887854	0.6387679406547331	0.6723261316167671	-0.8473323134821577	NO	P68400
172	R	172	6.864	140.427	363.28	0.49	0.759712230215827	0	0	0.6478567771801018	0.7247992438329827	0.8477900967259961	-0.2876689991500894	NO	P68400
173	L	173	10.308	140.892	361.682	0.49	0.847172081829121	0	0	4.018936963251945	0.07071158735550546	1.1893078852692385	0.5530434675360499	NO	P68400
174	I	174	12.136	137.542	362.191	0.49	0.734098018769552	0	1	4.018936963251945	0.07071158735550546	0.613233489790847	0.5335158580574357	NO	P68400
175	D	175	15.455	135.711	361.513	0.49	0.722222222222222	0	1	12.965096798651894	1.5773865820672736e-4	0.08637055643520836	0.8179729210847209	NO	P68400
176	W	176	18.114	137.942	363.04	0.49	0.648148148148148	0	1	3.6527029735850363	0.08213139207501527	0.704764666100501	0.8179729210847209	NO	P68400
177	G	177	20.827	135.364	362.062	0.49	0.648148148148148	0	1	33.60214420500999	2.8004196750815023e-5	0.1445525094536541	1.2103038285631391	NO	P68400
178	L	178	22.476	137.838	359.622	0.49	0.715457154571546	0	0	8.949765398403002	0.002237283037526905	0.5932907881526042	1.1942073421025505	NO	P68400
179	A	179	21.995	140.912	361.849	0.49	0.720164609053498	0	0	4.998887969702287	0.03252977161482564	0.8001796246821138	0.9106025806540882	NO	P68400
180	E	180	25.031	142.916	362.981	0.49	0.720164609053498	0	0	3.15616749137492	0.2361232059345267	0.49318696329956957	0.9218148619206553	NO	P68400
181	F	181	26.001	145.794	365.294	0.49	0.720776538620405	0	0	1.6676067222431312	0.6315432994678278	0.43091095000580615	0.40495604255938966	NO	P68400
182	Y	182	26.659	149.039	363.46	0.49	0.72890559732665	0	0	0	0.28611514271891636	0.41609826983825	0.2397188887290493	NO	P68400
183	H	183	30.058	150.647	364.297	0.49	0.787218045112782	0	0	0	0.28611514271891636	0.2065198319911411	-0.6738444168236023	NO	P68400
184	P	184	30.964	153.746	362.198	0.49	0.737220109843684	0	0	0	0.28611514271891636	0.16818945664146698	-0.8952631766743251	NO	P68400
185	G	185	33.806	153.08	359.754	0.21	0.660984848484848	2	0	0	0.1443315594258991	0.23799094379366406	-1.1729802369348226	NO	P68400
186	Q	186	33.593	149.33	360.067	0.49	0.58863443596268	0	0	0	0.28611514271891636	0.7142220832281198	-0.37225287537156043	NO	P68400
187	E	187	34.066	147.266	356.879	0.49	0.530268199233717	0	0	0	0.07213030156426382	0.6662415514283396	0.27269918081715816	NO	P68400
188	Y	188	31.42	144.547	356.747	0.49	0.527756653992396	1	0	0.2955601271679484	0.3895178197064988	1.161167157464639	1.2699274177875237	NO	P68400
189	N	189	31.083	141.335	354.744	0.49	0.587484035759898	0	0	0.5223770805126023	1	0.9510035312590011	1.3927306751164747	NO	P68400
190	V	190	28.976	142.055	351.616	0.49	0.584706379383185	1	0	1.7457311785031084	0.4640864376713433	0.9043335741140435	1.3927306751164747	NO	P68400
191	R	191	27.768	138.384	351.466	0.49	0.585241730279898	0	1	3.15616749137492	0.2361232059345267	0.9321080029750497	1.3927306751164747	NO	P68400
192	V	192	24.527	139.176	353.333	0.49	0.578616352201258	0	0	4.998887969702287	0.03252977161482564	1.0177701517992497	0.883176899576217	NO	P68400
193	A	193	20.817	139.52	352.339	0.49	0.574282147315855	0	0	9.39511221961135	0.004256751283438661	1.134715851574306	0.9382637942292179	NO	P68400
194	S	194	19.139	138.1	348.383	0.49	0.567901234567901	0	0	2.282694199029443	0.30037852209984933	1.252332927847295	0.4837969133419612	NO	P68400
195	R	195	19.994	138.101	346.014	0.49	0.634191176470588	0	0	2.9362152858166883	0.15622859909945594	1.367690902997015	0.37362312403595943	NO	P68400
196	Y	196	16.804	139.994	344.972	0.49	0.632841328413284	0	0	2.305620132472884	0.27909499840451263	1.363452229589257	0.38322211241321436	NO	P68400
197	F	197	17.024	142.241	348.003	0.49	0.634191176470588	0	1	4.018936963251945	0.07071158735550546	1.12857354502558	1.001677777608835	NO	P68400
198	K	198	20.749	143.027	347.998	0.49	0.632352941176471	1	1	2.282694199029443	0.30037852209984933	0.9435128162231037	1.0271812274462897	NO	P68400
199	G	199	21.546	146.725	347.904	0.49	0.634191176470588	0	0	3.6527029735850363	0.08213139207501527	0.42028467193964564	1.0424124544325473	NO	P68400
200	P	200	23.854	148.141	345.211	0.49	0.63003663003663	0	0	0.7927928602764529	1	0.5315036400935701	0.8207996993040577	NO	P68400
201	E	201	26.539	148.701	347.933	0.49	0.557575757575758	0	0	0.781264558883441	1	0.25098278972748167	0.7953805448235058	NO	P68400
202	L	202	26.781	144.905	348.37	0.49	0.563725490196078	0	0	0.781264558883441	1	0.5231686838545905	0.961569788120872	NO	P68400
203	L	203	26.847	144.204	344.621	0.49	0.566993464052288	0	0	0.9672575183201411	1	0.8565474983592004	0.9017315887576901	NO	P68400
204	V	204	29.749	146.655	343.983	0.49	0.425245098039216	0	0	0.7927928602764529	1	0.554731092318315	-0.15309681409863118	NO	P68400
205	D	205	32.098	146.517	347.937	0.49	0.473181818181818	0	0	0.6157510341251579	0.6960490243509111	0.3185513346399141	-0.4651979163689472	NO	P68400
206	Y	206	31.393	148.635	349.06	0.49	0.538819875776398	0	0	0.19757278254140515	0.13611353007579421	0.08906803946976842	-0.15309681409863118	NO	P68400
207	Q	207	32.003	147.315	352.621	0.49	0.558363417569194	0	0	0.19757278254140515	0.13611353007579421	0.24703985108101856	0.5256095182395845	NO	P68400
208	M	208	31.402	150.462	354.716	0.49	0.564040404040404	0	0	0	0.03617481051443313	0.2595654977098608	0.5256095182395845	NO	P68400
209	Y	209	27.589	150.218	354.595	0.49	0.563607085346216	0	0	0.19757278254140515	0.13611353007579421	0.2822092699821554	0.4953897304913543	NO	P68400
210	D	210	25.009	150.885	357.311	0.49	0.634545454545455	1	0	0.6157510341251579	0.6960490243509111	0.13490975610711978	0.5869773151110677	NO	P68400
211	Y	211	21.285	150.7	358.372	0.49	0.634545454545455	0	0	3.669359368354105	0.18795033059184002	0.20077481812179157	0.15538940010523714	NO	P68400
212	S	212	20.392	152.191	354.917	0.49	0.627240143369176	0	0	2.616893744223414	0.3588130946621514	-0.46497103142247326	0.43089116836945807	NO	P68400
213	L	213	20.974	148.69	353.43	0.49	0.566159818828858	0	0	2.9362152858166883	0.15622859909945594	0.024674961076610213	0.8757930623629441	NO	P68400
214	D	214	17.67	147.607	355.133	0.49	0.49469964664311	0	0	4.018936963251945	0.07071158735550546	0.6414681489106498	0.964412323186471	NO	P68400
215	M	215	15.876	150.613	353.509	0.49	0.495035460992908	0	0	1.8447366566347614	0.5028039671915886	-0.27220766509211886	0.4709322750401265	NO	P68400
216	W	216	16.911	149.352	350.042	0.49	0.48951048951049	0	0	2.9362152858166883	0.15622859909945594	-0.2970371309660621	0.6230174015010855	NO	P68400
217	S	217	15.574	145.852	350.864	-0.93	0.54320987654321	0	0	7.6729278486371975	0.01964281670423783	0.6201820729727399	0.9551010546662533	NO	P68400
218	L	218	12.307	147.42	352.158	0.49	0.611111111111111	0	0	2.9362152858166883	0.15622859909945594	0.44874321959493996	0.7764767197886119	NO	P68400
219	G	219	12.063	149.405	348.834	0.49	0.611498257839721	0	0	1.7922294502467842	0.4801763494623005	-0.18846813227136747	0.5174714342160319	NO	P68400
220	C	220	12.386	146.058	346.88	0.49	0.607266435986159	0	0	1.7922294502467842	0.4801763494623005	0.70147644259187	0.8316576295140484	NO	P68400
221	M	221	9.492	144.613	348.922	0.49	0.603448275862069	1	0	2.305620132472884	0.27909499840451263	0.9237518547616977	0.685342362927433	NO	P68400
222	L	222	7.326	147.737	348.392	0.49	0.67281814686659	0	0	0.6157510341251579	0.6960490243509111	0.32200109523332987	0.5717031832600593	NO	P68400
223	A	223	7.975	147.72	344.609	0.49	0.670498084291188	0	0	0.6157510341251579	0.6960490243509111	0.10548026778472447	0.011194030165776489	NO	P68400
224	S	224	5.558	143.884	344.769	0.49	0.668193967163039	0	0	0.5223770805126023	1	0.7451831424759662	0.5265917826086085	NO	P68400
225	M	225	3.789	144.535	346.324	0.49	0.665905631659056	1	0	0.23846491242170753	0.23160780519271087	0.4219826903829227	0.40784427247914723	NO	P68400
226	I	226	2.485	147.714	344.622	0.49	0.603448275862069	0	0	0.23846491242170753	0.23160780519271087	0.02444972036191742	0.45365294236925596	NO	P68400
227	F	227	3.454	146.486	341.139	0.49	0.670103092783505	0	0	0.3808869297887854	0.6387679406547331	0.22853206396089015	0.36315693733178755	NO	P68400
228	R	228	2.558	142.739	341.665	0.49	0.674329501915709	0	0	0.2955601271679484	0.3895178197064988	0.519132560943771	0.04671925817879383	NO	P68400
229	K	229	5.981	141.772	340.259	-0.08	0.683760683760684	0	0	0.5223770805126023	1	1.1672504766971648	0.7791131003461644	NO	P68400
230	E	230	7.858	139.205	342.336	0.49	0.687645687645688	0	0	1.6676067222431312	0.6315432994678278	1.5563288413492338	1.08592188773132	NO	P68400
231	P	231	10.705	139.755	342.734	0.49	0.692488262910798	0	1	1.7045062065731067	0.6640541848089018	1.5259334419410504	3.0507138783935744e-4	NO	P68400
232	F	232	10.999	143.32	341.407	0.49	0.692007797270955	0	0	1.2448275952082453	1	1.297564709047851	0.23446022010870127	NO	P68400
233	F	233	14.699	143.05	340.477	0.49	0.747368421052632	0	0	0.9672575183201411	1	1.3372822349994207	-0.0634836263180456	NO	P68400
234	H	234	15.061	139.475	339.138	0.49	0.747887323943662	0	0	1.2448275952082453	1	1.558470484843179	0.01996569140355832	NO	P68400
235	G	235	18.828	138.866	338.98	0.49	0.748936170212766	0	0	1.7045062065731067	0.6640541848089018	1.5297326257646813	0.6920942337486207	NO	P68400
236	H	236	20.163	135.368	338.162	-0.93	0.683274021352313	0	0	0.8031776811082509	1	1.643267737095249	0.34177601306469335	NO	P68400
237	D	237	23.488	135.907	340.003	0.49	0.628571428571429	1	0	0.3808869297887854	0.6387679406547331	1.4285366300716376	0.048692881957295264	NO	P68400
238	N	238	25.069	138.701	342.077	0.49	0.720942140296979	0	0	0.9672575183201411	1	1.2188802001449632	0.5527070543919876	NO	P68400
239	Y	239	26.537	140.492	339.015	0.49	0.717844433146924	0	0	0.2955601271679484	0.3895178197064988	1.1922028403880958	0.4967054796770217	NO	P68400
240	D	240	23.301	140.195	336.961	0.49	0.713272543059777	0	0	0.2955601271679484	0.3895178197064988	1.2677978948513413	0.432703680002775	NO	P68400
241	Q	241	21.418	141.549	340.032	0.49	0.624555160142349	0	0	0.9672575183201411	1	1.3230581281099525	0.4453912614359955	NO	P68400
242	L	242	23.165	144.952	339.573	0.49	0.537244897959184	1	0	0.6157510341251579	0.6960490243509111	1.0890530843715236	0.38322211241321436	NO	P68400
243	V	243	22.307	144.847	335.819	0.49	0.533434650455927	0	0	0	0.1443315594258991	1.243654420411078	-0.13593065150429817	NO	P68400
244	R	244	18.579	144.307	336.717	0.49	0.618374558303887	0	0	0.9672575183201411	1	1.453641448363506	0.169083932445856	NO	P68400
245	I	245	18.758	147.383	339	0.49	0.621428571428571	0	0	1.2448275952082453	1	0.9908446583736193	0.8735158041569812	NO	P68400
246	A	246	20.568	149.382	336.296	0.49	0.623655913978495	0	0	0	0.28611514271891636	0.939076864613811	0.5506511962893821	NO	P68400
247	K	247	17.778	148.481	333.777	0.49	0.536485097636177	0	0	0	0.28611514271891636	1.24262391801222	0.31005705948164175	NO	P68400
248	V	248	15.399	150.533	336.056	-0.65	0.630434782608696	1	0	0	0.28611514271891636	0.5195616345846622	0.023529178781407683	NO	P68400
249	L	249	17.578	153.195	337.791	0.49	0.623655913978495	0	0	0	0.28611514271891636	0.11481639989044945	-0.13951905837430004	NO	P68400
250	G	250	19.807	153.695	334.707	0.49	0.623214285714286	0	0	0	0.27878787878787875	0.6422843148446327	-0.4800189991500277	NO	P68400
251	T	251	23.59	153.528	334.303	0.49	0.622775800711744	0	0	0	0.28611514271891636	0.8938997089948337	-0.6028222564789786	NO	P68400
252	E	252	24.26	157.329	334.598	0.49	0.620567375886525	0	0	0	0.5191919191919193	0.9133126064763161	-1.8206876769701499	NO	P68400
253	D	253	23.317	157.437	338.321	-0.08	0.534183673469388	0	0	0	0.5191919191919193	0.47840487060760506	-1.3263156228029769	NO	P68400
254	L	254	25.287	154.151	338.885	0.49	0.538026721479959	0	0	0	0.28611514271891636	0.47509433246434246	-1.1335077613648024	NO	P68400
255	Y	255	28.497	155.844	337.669	0.49	0.630434782608696	0	0	0	1	0.5804545919449581	-1.8455304937624701	NO	P68400
256	D	256	27.727	158.908	339.85	-1.22	0.625448028673835	0	0	0	1	0.27329542033214355	-2.3505757581070847	NO	P68400
257	Y	257	27.402	156.562	342.892	0.49	0.69995988768552	0	0	0	0.5191919191919193	-0.1721508721018114	-1.749278380257114	NO	P68400
258	I	258	30.685	154.703	342.132	0.21	0.566544566544567	0	0	0	0.5191919191919193	-0.017930250908983352	-1.6142261245568312	NO	P68400
259	D	259	32.508	158.005	341.555	-0.93	0.566993464052288	0	0	0	0.5191919191919193	-0.11243285737606716	-2.8170088444261534	NO	P68400
260	K	260	31.207	159.583	344.789	0.49	0.57283950617284	0	0	0	0.5191919191919193	-0.4369113149721518	-3.2593825170644486	NO	P68400
261	Y	261	32.673	156.711	346.86	0.49	0.514498141263941	0	0	0	0.5191919191919193	-0.38665087912531415	-2.0887416701592856	NO	P68400
262	N	262	35.659	155.997	344.584	-1.22	0.514498141263941	0	0	0	0.5191919191919193	0.005330330233681919	-3.5808012467060397	NO	P68400
263	I	263	34.466	152.396	344.144	0.49	0.586346738763096	1	0	0	0.5191919191919193	0.20424818754234114	-2.3374182662504115	NO	P68400
264	E	264	36.403	150.103	341.804	-0.08	0.512177121771218	0	0	0	0.27878787878787875	0.24039657425035602	-1.9722978672277267	NO	P68400
265	L	265	33.857	148.272	339.597	0.49	0.514074074074074	0	0	0	0.27878787878787875	0.6395866145130511	-0.8071007518434834	NO	P68400
266	D	266	34.603	144.537	339.265	0.49	0.569085690856909	0	0	0	0.28611514271891636	0.7562124136276145	0.33320633086857054	NO	P68400
267	P	267	35.779	143.473	335.746	0.49	0.635531135531136	0	0	0	0.5191919191919193	0.7461109710297431	-0.008542207619233945	NO	P68400
268	R	268	32.911	140.899	335.67	-0.36	0.564916564916565	0	0	0	0.28611514271891636	0.906951291334326	0.4585487532926689	NO	P68400
269	F	269	30.616	143.967	335.026	0.49	0.560808080808081	0	0	0	0.28611514271891636	0.9924716802709811	0.22400215932588408	NO	P68400
270	N	270	32.489	144.857	331.865	0.49	0.55515443241075	1	0	0	0.5191919191919193	0.9859526235539126	-0.3993197157624312	NO	P68400
271	D	271	30.547	142.903	329.295	0.49	0.563701531443467	0	0	0	0.5191919191919193	1.1038592072927882	-0.15580490493815416	NO	P68400
272	I	272	27.13	142.751	331.046	0.49	0.563701531443467	1	0	0	0.28611514271891636	1.149111025499083	0.4776869232660121	NO	P68400
273	L	273	26.335	146.256	332.386	0.49	0.62410071942446	0	0	0	0.27878787878787875	1.0606869641904557	0.6184628850891603	NO	P68400
274	G	274	25.696	147.999	329.055	0.49	0.62410071942446	0	0	0	0.27878787878787875	1.0504841645072693	0.8894566115987205	NO	P68400
275	R	275	23.901	151.397	328.91	-0.36	0.625448028673835	0	0	0	0.28611514271891636	1.038157127245238	0.014782437035778325	NO	P68400
276	H	276	20.412	151.974	330.294	0.49	0.625	0	0	0	0.28611514271891636	1.0395749414625644	0.014782437035778325	NO	P68400
277	S	277	18.196	155.033	330.578	0.49	0.629496402877698	0	0	0	0.5191919191919193	1.041609014129341	-0.3904964565173679	NO	P68400
278	R	278	16.612	155.997	333.942	0.49	0.631294964028777	1	0	0	0.27878787878787875	0.33282816103848806	-0.6936716050131514	NO	P68400
279	K	279	13.003	154.64	333.866	0.49	0.524193548387097	0	0	0	0.27878787878787875	0.5897877976529107	-0.38353072553442363	NO	P68400
280	R	280	9.92	156.481	335.151	0.49	0.524193548387097	0	0	0	0.27878787878787875	-0.14995572308994115	-0.5925026550227646	NO	P68400
281	W	281	8.224	154.532	338.008	0.49	0.488753124132186	0	0	0	0.28611514271891636	-0.8219084453065758	-0.2924403972959157	NO	P68400
282	E	282	4.847	155.098	336.181	0.49	0.488006617038875	0	0	0	0.27878787878787875	-0.8235941415339265	-0.5122453197844886	NO	P68400
283	R	283	6.067	152.612	333.503	-0.65	0.488378527946873	0	0	0	0.27878787878787875	-0.22754306638687957	-1.34567231755366	NO	P68400
284	F	284	5.474	149.659	335.944	0.49	0.491917502787068	0	0	0	0.27878787878787875	0.05012393418656694	-0.629838973091348	NO	P68400
285	V	285	1.767	150.524	336.378	-0.08	0.496911847276811	0	0	0	0.27878787878787875	-0.3559710505485048	-0.08985550729347465	NO	P68400
286	H	286	-0.624	148.045	334.665	0.49	0.400112707805016	1	0	0	0.5191919191919193	-0.27387533223437877	-0.7875431225452162	NO	P68400
287	S	287	-4.31	147.017	334.856	0.49	0.400794777178541	0	0	0	0.5191919191919193	-0.463879162669853	-0.7726165561531912	NO	P68400
288	E	288	-3.427	144.246	337.427	0.49	0.323260073260073	0	0	0	0.27878787878787875	0.10351535331412884	0.08356023537747923	NO	P68400
289	N	289	-1.736	146.645	339.926	0.49	0.350082644628099	0	0	0	0.28611514271891636	0.15006439043552483	-0.6795742923095729	NO	P68400
290	Q	290	-3.173	150.208	339.297	-0.36	0.321167883211679	0	0	0	0.27878787878787875	-0.6239204441186987	0.014782437035778325	NO	P68400
291	H	291	-5.493	149.932	342.364	0.49	0.324074074074074	1	0	0	0.28611514271891636	-0.3085467777231075	-0.36293639045441295	NO	P68400
292	L	292	-2.334	149.715	344.595	0.49	0.327715355805243	0	0	0	0.1443315594258991	-0.038712133505634024	0.169083932445856	NO	P68400
293	V	293	-0.343	152.575	342.991	0.49	0.328947368421053	0	0	0	0.28611514271891636	-0.3955552094875081	0.006550209510479645	NO	P68400
294	S	294	-0.661	156.327	343.724	0.49	0.239917976760082	0	0	0	0.5191919191919193	-0.7217514151633133	-0.008542207619233945	NO	P68400
295	P	295	1.541	159.457	343.262	0.49	0.239917976760082	0	0	0	0.5191919191919193	-1.1696160527080974	-0.02204594926160871	NO	P68400
296	E	296	2.44	159.171	346.99	0.49	0.239917976760082	0	0	0	0.5191919191919193	-0.47450972611283493	0.553940569253551	NO	P68400
297	A	297	3.478	155.518	346.692	0.49	0.240137221269297	0	0	0	0.1443315594258991	-0.23216537326067666	0.4585487532926689	NO	P68400
298	L	298	5.715	156.272	343.663	0.49	0.240137221269297	0	0	0	1	-0.698660825825715	3.0507138783935744e-4	NO	P68400
299	D	299	7.328	159.3	345.381	0.49	0.26	0	0	0	1	-0.8650273478538483	1.0055967801028174	NO	P68400
300	F	300	7.98	157.131	348.521	-0.36	0.26	0	0	0.7927928602764529	1	-0.8948852733795324	0.8486506064486323	NO	P68400
301	L	301	9.446	154.262	346.406	0.49	0.256934306569343	0	0	0.6157510341251579	0.6960490243509111	-0.5091625757136986	0.46907474677800753	NO	P68400
302	D	302	11.661	156.722	344.469	0.49	0.144078144078144	1	0	1.0860431306615606	1	-1.032379045756361	0.3078742497727004	NO	P68400
303	K	303	13.109	157.904	347.828	0.49	0.144199346405229	0	0	3.3926731527507297	0.5509433962264151	-1.2921564292236956	0.8006435415661755	NO	P68400
304	L	304	14.04	154.316	348.964	0.49	0.257664233576642	0	0	1.6676067222431312	0.6315432994678278	-1.134880893712599	0.36644631029595576	NO	P68400
305	L	305	15.335	152.855	345.699	0.49	0.234625668449198	0	0	1.7457311785031084	0.4640864376713433	-0.522598979438883	0.030930267950786267	NO	P68400
306	R	306	18.444	155.031	345.232	0.49	0.234625668449198	0	0	1.0860431306615606	1	-0.6216954408896166	-0.7585192434496127	NO	P68400
307	Y	307	21.938	153.832	344.453	0.49	0.13	0	0	0.9672575183201411	1	-0.1360839544106437	-0.2904884616908047	NO	P68400
308	D	308	23.442	156.228	347.007	0.49	0.130970149253731	0	0	3.3926731527507297	0.5509433962264151	-0.5182684133757423	-0.24142981348235168	NO	P68400
309	H	309	22.856	154.598	350.402	0.49	0.145522388059701	0	0	3.3926731527507297	0.5509433962264151	-0.6565321430644022	0.5766105721147105	NO	P68400
310	Q	310	23.254	158.045	352.106	0.49	0.163712686567164	0	0	3.3926731527507297	0.5509433962264151	-1.092879745085352	0.6072284112730773	NO	P68400
311	S	311	19.083	158.919	350.172	-0.36	0.145522388059701	0	0	3.3926731527507297	0.5509433962264151	-1.6157739620940366	0.6737677272339683	NO	P68400
312	R	312	17.786	156.929	350.898	0.49	0.164943609022556	0	2	1.6676067222431312	0.6315432994678278	-1.3535659850196353	0.06860854008580523	NO	P68400
313	L	313	15.162	157.853	353.521	0.49	0.165719696969697	0	0	1.6676067222431312	0.6315432994678278	-1.1291740368551444	0.6247090790255152	NO	P68400
314	T	314	16.044	156.636	357.059	0.49	0.163857677902622	0	0	1.6676067222431312	0.6315432994678278	-0.3954678510388437	0.33009008279725305	NO	P68400
315	A	315	13.256	154.539	358.738	0.49	0.293501048218029	0	0	1.6676067222431312	0.6315432994678278	0.022110301117850964	0.24610339697272451	NO	P68400
316	R	316	12.127	157.657	360.756	-0.08	0.29404309252218	0	0	3.3926731527507297	0.5509433962264151	0.5181406594826784	1.0456451140697474	NO	P68400
317	E	317	12.035	159.939	357.655	0.49	0.333015267175573	0	0	3.3926731527507297	0.5509433962264151	-0.19579502167258653	0.3588554496094135	NO	P68400
318	A	318	10.063	157.193	355.822	0.49	0.440656565656566	0	0	0.7927928602764529	1	-0.19492921515625042	0.5766105721147105	NO	P68400
319	M	319	7.443	157.09	358.632	0.49	0.436953807740325	1	0	0	0.27878787878787875	0.9301271621440675	0.41865184250146587	NO	P68400
320	E	320	6.862	160.892	358.053	0.49	0.528301886792453	0	0	0	1	0.7221737236501986	0.11269468163154199	NO	P68400
321	H	321	6.145	160.414	354.311	0.49	0.665399239543726	0	0	0	0.28611514271891636	-0.35055131241558307	0.4658080591446266	NO	P68400
322	P	322	2.678	161.4	352.848	0.49	0.723140495867769	0	0	0	0.5191919191919193	-0.073376615161332	0.43411341127313297	NO	P68400
323	Y	323	2.162	157.717	351.855	0.49	0.815850815850816	0	0	0	0.27878787878787875	-0.05627443504781218	0.5256095182395845	NO	P68400
324	F	324	1.528	157.014	355.595	0.49	0.85795763172189	0	0	0	0.27878787878787875	0.6220534685096236	0.23305656526623297	NO	P68400
325	Y	325	-0.816	160.015	356.25	0.49	0.797727272727273	0	0	0	0.5191919191919193	1.1363766384203073	0.4585487532926689	NO	P68400
326	T	326	-3.753	157.483	356.206	-0.36	0.745047169811321	0	0	0	0.5191919191919193	1.289973856128956	0.507716222862343	NO	P68400
327	V	327	-2.29	155.128	358.864	0.49	0.769735403455062	0	0	0	0.27878787878787875	1.3775179657025274	0.5920033135532126	NO	P68400
328	V	328	-2.417	155.45	362.692	0.49	0.76839591925331	0	0	0	0.5191919191919193	1.6213511358602395	0.34177601306469335	NO	P68400
329	K	329	0.84	156.906	364.116	0.49	0.789591078066914	0	0	0	0.5191919191919193	1.5139459960366712	0.34177601306469335	NO	P68400
