Uniprot_position	aminoacid	Position_in_structure	x	y	z	paraz	mtr	gscount	pscount	OR	pvalue	mtr3dscore	paraz3dscore	HotSpot3D	Uniprot
1	M	1	200.423	137.521	261.858	-1.55	0	0	0	1.3863797000026274	0.9999999999999999	-1.445819754929325	-2.0993016397358613	NO	P01116
2	T	2	197.446	138.004	264.17	-1.55	0	0	0	0.9047976552920572	1	-0.8355183020972453	-0.7369559869149348	NO	P01116
3	E	3	194.201	136.201	263.387	-0.95	0	0	0	0.3936785129750276	0.28923359141824034	-0.8090843463485895	-0.5585535799979088	NO	P01116
4	Y	4	190.764	137.389	264.506	0.55	0	0	0	0.31996364680151673	0.10221788223131247	-0.33856009234032214	0.12420928568988984	NO	P01116
5	K	5	187.932	134.883	264.912	1.15	0	0	2	0.6384059771296421	0.7254790802377333	-0.49619264870849344	0.8297763921100527	NO	P01116
6	L	6	184.74	136.798	264.11	0.55	0	1	0	0.5085761080720079	0.34383792698274335	-0.16018748434154914	0.7356747901819715	NO	P01116
7	V	7	181.198	135.41	264.448	0.85	0	0	0	0.8906777697448951	1	-0.4715010577676453	1.297859935881478	NO	P01116
8	V	8	178.087	136.876	262.761	0.85	0	0	0	1.30936493682139	0.7617910352976931	-0.5720253895199601	1.1519000631314704	NO	P01116
9	V	9	174.716	136.402	264.57	1.15	0	0	0	1.6059528099281133	0.42289101262941464	-0.56961548434848	0.7231701682478661	NO	P01116
10	G	10	171.236	137.577	263.65	1.75	0	0	0	6.405548786005961	0.005076227601928213	-0.47327009088592276	0.608679798591449	YES	P01116
11	A	11	167.769	136.526	262.618	-0.35	0	0	0	5.11014705700661	0.02026054382700291	-0.5444095300071111	0.33067815733656664	YES	P01116
13	G	13	165.995	136.781	256.266	1.75	0	0	2	5.11014705700661	0.02026054382700291	-0.30605436508651224	1.5984937036352247	YES	P01116
14	V	14	168.439	139.5	257.231	1.75	0	0	1	5.588840101158941	0.02923540529079749	-0.11132197978376371	1.803926778266952	YES	P01116
15	G	15	171.237	139.164	254.632	1.75	0	0	1	11.186107723823799	6.506808543932101e-4	-0.3124890585643151	2.0210988857347774	YES	P01116
16	K	16	173.868	138.094	257.145	1.75	0	0	0	10.058846897501361	3.5521148184562056e-4	-0.5357401428239003	1.901237182039875	YES	P01116
17	S	17	175.139	135.967	254.299	1.15	0	0	0	22.52225717108404	3.473300956011685e-6	-1.0911499798338118	1.2332793487343767	YES	P01116
18	A	18	175.523	138.933	252.029	0.55	0	0	0	16.573721407276693	9.074717313756137e-4	-0.474758346252195	1.0948513271187328	YES	P01116
19	L	19	177.382	140.9	254.616	1.75	0	0	1	4.043354694901065	0.042655872598940346	-0.07484939517533437	1.5984937036352247	YES	P01116
20	T	20	180.103	138.273	254.914	0.55	0	0	0	16.573721407276693	9.074717313756137e-4	-0.8294030016482938	1.1575641775963958	YES	P01116
21	I	21	180.078	137.286	251.277	-0.65	0	0	0	23.52225717108404	3.887652808393278e-4	-1.3247366930971334	0.079534000297607	YES	P01116
22	Q	22	180.605	140.903	250.243	0.25	0	0	3	23.52225717108404	0.0036815111138215864	-0.66379275693357	0.1405815610874848	YES	P01116
23	L	23	183.619	141.233	252.614	0.85	0	0	1	8.929304619560469	0.02026726885805098	-0.6244446550692133	-0.1963426326209164	NO	P01116
24	I	24	185.365	138.177	251.291	-0.35	0	0	0	23.52225717108404	0.007771685807434383	-1.413349300053416	-0.42061994417374915	NO	P01116
25	Q	25	184.734	138.378	247.626	-0.65	0	0	0	23.52225717108404	0.016408297764926454	-1.56921841368535	-0.8667031919454992	NO	P01116
26	N	26	186.584	140.642	245.299	-0.95	0	0	1	23.52225717108404	0.07333353840474945	-1.6411008151801896	-1.4467495203174345	NO	P01116
27	H	27	185.206	144.151	245.191	-1.25	0	0	0	23.52225717108404	0.034534671353386864	-0.7331795523239911	-1.893868565104134	NO	P01116
28	F	28	184.311	143.356	241.433	-0.65	0	0	0	23.52225717108404	0.034534671353386864	-1.1041062386293237	-1.923216147194381	NO	P01116
29	V	29	183.352	139.705	241.167	-0.95	0	0	0	23.52225717108404	0.07333353840474945	-1.8552622191435737	-2.0308239481919523	NO	P01116
30	D	30	179.91	138.358	242.124	-0.35	0	0	0	23.52225717108404	0.016408297764926454	-1.2492529948260682	-1.1567263561314667	NO	P01116
31	E	31	180.971	134.75	242.606	-0.65	0	0	0	23.52225717108404	0.07202791705544795	-1.8552622191435737	-1.852781950177789	NO	P01116
32	Y	32	181.253	132.558	245.632	-0.35	0	0	0	23.52225717108404	0.016408297764926454	-1.8552622191435737	-0.9787575962900776	NO	P01116
33	D	33	181.743	128.922	246.461	1.15	0	0	0	23.52225717108404	0.2635885447106954	-1.8552622191435737	-1.2775693412089533	NO	P01116
34	P	34	181.204	128.508	250.201	-1.55	0	0	2	23.52225717108404	0.07333353840474945	-1.6698053790028675	-0.47540209740887635	NO	P01116
35	T	35	182.672	124.948	250.178	-0.05	0	0	0	23.52225717108404	0.2635885447106954	-1.8552622191435737	-0.7753996032202872	NO	P01116
36	I	36	186.411	125.898	249.877	-0.95	0	0	1	23.52225717108404	0.2635885447106954	-1.8552622191435737	-1.0310496516508807	NO	P01116
37	E	37	188.668	127.345	252.689	-0.35	0	0	0	23.52225717108404	0.2635885447106954	-1.7096598899399822	-0.5927924257698632	NO	P01116
38	D	38	189.184	130.824	251.102	-0.05	0	0	0	23.52225717108404	0.07202791705544795	-1.7090357488424346	-0.9058333013991615	NO	P01116
39	S	39	185.363	131.2	251.562	0.25	0	0	0	23.52225717108404	0.007771685807434383	-1.7141648081070857	-0.4558370426820453	NO	P01116
40	Y	40	185.661	132.37	255.137	1.75	0	0	0	11.602193696442079	0.008875366579048624	-1.6942984890557127	0.08342477822623816	YES	P01116
41	R	41	189.274	133.652	255.545	-0.95	0	0	0	5.61364253596728	0.12530399766387237	-1.653382275654443	-0.39262686587228307	NO	P01116
42	K	42	190.63	136.986	254.357	1.15	0	0	0	3.731136349357952	0.17184855284156664	-1.5193412300970188	-0.5550116304352927	NO	P01116
43	Q	43	193.924	138.747	254.818	-1.25	0	0	0	2.130782121283942	0.6391768433356916	-1.398079503105923	-1.0721362665772263	NO	P01116
44	V	44	193.51	142.491	255.304	0.25	0	0	0	1.0307167198272789	1	-0.9877075684337352	-0.93815817442609994	NO	P01116
45	V	45	195.374	145.571	256.476	-0.65	0.157258064516129	0	0	0.6713955959335143	1	-0.6231964872012927	-0.8234541236019777	NO	P01116
46	I	46	193.691	147.58	259.222	1.15	0.180883864337102	0	0	0.23631682811759927	0.10866605364500573	0.12378743133512005	-0.6425943832563425	NO	P01116
47	D	47	195.254	150.784	260.616	1.75	0.210274790919952	0	0	0.11587391157566239	0.036003704956917876	0.3016730880183257	-0.6319225352235256	NO	P01116
48	G	48	198.432	149.575	258.881	-0.65	0.211031175059952	0	0	0.6810923740218386	1	-0.4546099117100708	-0.7023567322401176	NO	P01116
49	E	49	198.497	146.271	260.775	-0.95	0.211031175059952	0	0	0.21144629905434117	0.29404165000461413	-0.4781867558818526	-1.3984123262864396	NO	P01116
50	T	50	198.181	143.277	258.432	-0.95	0.209677419354839	1	1	0.6713955959335143	1	-0.9894223003561264	-1.1406139581211352	NO	P01116
51	C	51	195.957	140.515	259.845	0.25	0.179989685404848	0	0	0.9047976552920572	1	-0.7684693396588999	-0.8667031919454992	NO	P01116
52	L	52	193.783	137.511	259.116	-0.65	0.17921146953405	0	0	0.9047976552920572	1	-1.1034015969982578	-0.636618148357965	NO	P01116
53	L	53	190.005	137.457	259.51	1.45	0.179591836734694	0	1	0.6384059771296421	0.7254790802377333	-0.9968306638793301	-0.1445748083915498	NO	P01116
54	D	54	188.289	134.151	260.075	-0.35	0.180883864337102	0	0	0.4964991580798385	0.46403058522605106	-1.139117551538374	0.28885785285796517	NO	P01116
55	I	55	184.553	134.661	259.871	1.15	0.158273381294964	0	0	1.7256911158442572	0.5520434014429348	-1.0235612633779065	0.6164233956396518	NO	P01116
56	L	56	181.87	132.254	261.038	0.25	0.157258064516129	0	0	2.8004180357477684	0.09869418498983022	-1.0572570672957922	0.5990895567781744	NO	P01116
57	D	57	178.482	132.781	259.47	1.75	0.157823741007194	0	0	3.5113472930239014	0.05385358048403159	-1.1030884161120278	0.754552424067049	NO	P01116
58	T	58	175.98	130.011	260.174	0.25	0.157706093189964	0	1	5.11014705700661	0.02026054382700291	-0.9036699395991351	0.27785250957412255	YES	P01116
59	A	59	173.208	131.616	258.143	0.25	0.254151624548737	0	1	11.186107723823799	6.506808543932101e-4	-1.1660300832747172	0.74741382301807	YES	P01116
60	G	60	170.559	128.96	257.485	-0.35	0.34434270765206	1	2	7.1114850299222025	0.00803424580608896	-1.0366612235751365	0.7284242110773221	YES	P01116
61	Q	61	171.107	127.124	260.805	0.25	0.346304774362328	1	5	6.31672816871715	0.015449038766468845	-0.6564775958683864	-0.04497089341859122	NO	P01116
62	E	62	168.908	129.46	262.925	-0.65	0.421744324970131	0	0	7.1114850299222025	0.00803424580608896	-0.6535264204255025	-0.19437676587802907	NO	P01116
63	E	63	166.49	126.608	263.703	-0.95	0.463047743623283	0	1	4.302401992903638	0.09811607548559349	-0.2876707895467461	-1.4355947832333589	NO	P01116
64	Y	64	169.282	124.664	265.439	-1.55	0.510791366906475	0	0	4.91968796951483	0.05424185634630397	0.07623887662975934	-1.688435490472407	NO	P01116
65	S	65	168.657	127.05	268.389	-0.65	0.507142857142857	0	0	4.91968796951483	0.05424185634630397	-0.22876660688424352	-1.212695738693671	NO	P01116
66	A	66	170.581	124.855	270.824	-0.65	0.559495665878645	0	0	6.6396921809819665	0.06911274304106593	0.2806486074307418	-1.625225313662645	NO	P01116
67	M	67	173.848	125.102	268.795	-0.05	0.561486753657572	0	0	3.731136349357952	0.17184855284156664	0.17487490562740005	-1.3984123262864396	NO	P01116
68	R	68	174.153	128.86	269.182	-0.65	0.505714285714286	0	0	1.977414108269619	0.3611087165825348	-0.36327222358352085	-0.5927924257698632	NO	P01116
69	D	69	176.224	128.613	272.371	-0.35	0.506093189964158	0	0	0.6713955959335143	1	0.006944432317955659	-1.0967882355330334	NO	P01116
70	Q	70	178.663	126.229	270.639	-0.35	0.505714285714286	0	0	1.0307167198272789	1	0.0396674279464328	-0.6201835023874269	NO	P01116
71	Y	71	179.041	128.528	267.601	0.55	0.502491103202847	0	1	2.2608305702534706	0.23806393556713282	-0.3359923970903321	-0.07236197003615484	NO	P01116
72	M	72	179.278	131.683	269.706	0.85	0.502127659574468	0	1	0.8359473758735483	1	-0.31211741367706847	-0.0449708934185913	NO	P01116
73	R	73	181.968	130.19	271.99	-0.35	0.454866688082236	0	0	0.650115754823404	0.7036917056534265	-0.061252284135165286	-0.20931735312397282	NO	P01116
74	T	74	184.314	130.024	268.911	-0.05	0.498245614035088	1	0	0.650115754823404	0.7036917056534265	-0.4295649687358196	0.46861179316072626	NO	P01116
75	G	75	184.419	133.866	268.538	1.15	0.498245614035088	1	0	0.6384059771296421	0.7254790802377333	-0.1779445606973206	0.704255614061825	NO	P01116
76	E	76	186.509	136.699	269.989	-0.65	0.414319248826291	0	0	0.4113269098736225	0.1984802834686495	0.046394513886901786	0.4779496601894412	NO	P01116
77	G	77	184.294	139.299	268.367	1.45	0.413145539906103	1	0	0.22124846973889942	0.02579025254279103	0.31449794166684764	0.5562966420889024	NO	P01116
78	F	78	180.744	139.487	267.166	0.25	0.413427561837456	0	0	0.26449625100145735	0.052856139588928194	0.20654465948743092	0.5319900821428547	NO	P01116
79	L	79	178.679	141.247	264.567	1.15	0.410798122065728	0	0	0.284355735776442	0.06115305967455484	0.42265985514627624	1.1705081314857935	NO	P01116
80	C	80	175.062	141.427	265.66	0.55	0.409356725146199	0	0	0.284355735776442	0.06115305967455484	0.13876149194325746	1.1792425309174146	NO	P01116
81	V	81	173.096	142.013	262.49	1.75	0.406759906759907	0	0	0.7236854044286974	0.7617910352976932	0.010360777299985021	1.4615383205474066	NO	P01116
82	F	82	169.562	143.072	261.819	1.15	0.524812030075188	0	0	0.5061281916489612	0.3620298253611905	0.24641663202760203	1.246322718552264	NO	P01116
83	A	83	167.745	144.205	258.689	0.85	0.528169014084507	0	0	1.0378070493981477	0.9999999999999999	0.5217066230242517	1.458197945350143	NO	P01116
84	I	84	166.581	147.847	258.556	1.15	0.528169014084507	0	0	0.8906777697448951	1	1.1041848411351554	1.4490878311757869	NO	P01116
85	N	85	163.298	146.687	257.087	-0.05	0.527472527472528	0	0	2.7075318864685736	0.2869203144116854	0.8707637774233885	1.1533887085998162	NO	P01116
86	N	86	162.531	144.102	259.756	0.55	0.531187122736419	0	0	2.7075318864685736	0.2869203144116854	0.4685781057486475	0.9234993155595502	NO	P01116
87	T	87	161.613	145.466	263.171	-0.95	0.527819548872181	0	0	0.650115754823404	0.7036917056534265	0.6269423933321514	0.12622333544118128	NO	P01116
88	K	88	161.552	142.037	264.789	-0.65	0.529678068410463	0	0	1.0307167198272789	1	-0.15257266349823304	-0.005840783964928921	NO	P01116
89	S	89	165.171	141.306	263.829	1.75	0.465106007067138	0	0	0.6384059771296421	0.7254790802377333	-0.06132227650213155	0.6972389246057128	NO	P01116
90	F	90	166.062	144.601	265.474	0.85	0.416370106761566	0	0	0.23631682811759927	0.10866605364500573	0.42189647312242046	-0.02080229640309401	NO	P01116
91	E	91	164.126	143.791	268.683	-0.65	0.248763250883392	0	0	0	0.00848995662739549	0.2843763202969932	-0.5822573963015696	NO	P01116
92	D	92	165.911	140.377	268.777	-0.95	0.25017667844523	0	0	0.6810923740218386	1	-0.30896987528513326	-0.4900758884539998	NO	P01116
93	I	93	169.347	141.988	269.129	-0.05	0.211469534050179	0	0	0	0.00848995662739549	0.10544194337938836	0.1725464797208844	NO	P01116
94	H	94	169.285	140.899	273.292	-1.55	0.212230215827338	0	0	0	0.16130917592051433	-0.02726703606479539	-0.6138624847064507	NO	P01116
95	H	95	168.62	138.573	273.158	-1.55	0.212394705174489	1	0	0	0.4067796610169491	-0.5198006968904391	-1.1953961113562626	NO	P01116
96	Y	96	171.711	137.849	270.997	-1.55	0.210872162485066	0	0	0.3298896083006111	0.5607370266695376	-0.30547584946952977	-0.269079702107748	NO	P01116
97	R	97	173.865	140.239	273.051	-1.55	0.361495135688684	0	0	0.09185662154705389	0.01482331001645536	0.17337308669619744	-0.3820918364039894	NO	P01116
98	E	98	172.646	138.673	276.336	-0.65	0.359183673469388	0	0	0.3298896083006111	0.5607370266695376	0.06735259530982685	-1.688435490472407	NO	P01116
99	Q	99	173.485	135.23	275.039	-0.05	0.419047619047619	0	0	1.3863797000026274	0.9999999999999999	-0.09260908985904204	-1.3323514944440804	NO	P01116
100	I	100	176.947	136.245	273.835	1.45	0.417857142857143	0	0	0.23631682811759927	0.10866605364500573	-0.12524418707253449	-0.5927924257698632	NO	P01116
101	K	101	177.731	137.78	277.229	-0.35	0.420549581839904	0	0	0.15181457346152077	0.14762065889445994	0.1769015122818327	-1.151148987589429	NO	P01116
102	R	102	176.715	134.565	278.922	-0.35	0.420549581839904	0	0	0.3298896083006111	0.5607370266695376	0.05400035474614632	-1.9623462566480434	NO	P01116
103	V	103	178.634	132.322	276.498	0.25	0.422382671480144	0	0	0.43066243915472757	0.38816943000399895	0.18207215575667712	-1.2940039871794913	NO	P01116
104	K	104	181.867	134.356	276.858	0.25	0.506859205776173	0	0	0.3094406541614605	0.21234803353601223	0.25357834540817037	-0.6366181483579649	NO	P01116
105	D	105	181.156	134.873	280.584	-0.05	0.508695652173913	0	0	0.6810923740218386	1	0.19778025408152883	-1.3802858785248164	NO	P01116
106	S	106	181.948	138.564	280.321	-0.95	0.508695652173913	0	0	0	0.4067796610169491	0.25231095284986294	-1.1567263561314667	NO	P01116
107	E	107	180.129	141.892	280.578	-0.95	0.512408759124088	0	0	0	0.062259681934233584	0.4932764416095303	-1.1567263561314667	NO	P01116
108	D	108	182.415	143.443	277.983	-0.95	0.509090909090909	1	0	0	0.00848995662739549	0.708266256203188	-0.6523382445036972	NO	P01116
109	V	109	182.666	141.441	274.777	-0.05	0.636363636363636	0	0	0.061673625025695636	0.0021526099512050546	0.6170921517137841	-0.22472483372135238	NO	P01116
110	P	110	183.929	142.995	271.571	1.75	0.635379061371841	0	0	0.08886731387561958	0.0018682380179950947	0.7472998607232705	0.22088367375187898	NO	P01116
111	M	111	180.804	143.617	269.516	0.55	0.635869565217391	0	0	0	2.41553123570701e-6	0.7924211526926161	0.1978136493279952	NO	P01116
112	V	112	179.317	145.868	266.832	1.15	0.635379061371841	1	0	0	1.4747924288312883e-7	1.0819567893902664	0.3754502825719198	NO	P01116
113	L	113	175.723	146.432	265.838	1.15	0.696748506967485	0	0	0.031415745016579656	2.4001129512237837e-5	1.0139118793610247	0.37463708880791496	NO	P01116
114	V	114	175.07	146.239	262.121	1.15	0.699300699300699	0	0	0.35151434426535805	0.1269377438997885	0.8066263355566116	1.7292238420372328	NO	P01116
115	G	115	171.907	147.284	260.306	1.45	0.792506386602328	0	0	0.42034373404959896	0.21442214358164052	0.8807285750618564	1.235402688007056	NO	P01116
116	N	116	171.741	145.938	256.79	1.75	0.792506386602328	0	1	1.1110827573814872	0.9999999999999999	0.7056905457903229	1.5437115504000976	NO	P01116
117	K	117	169.751	147.304	253.872	1.75	0.858548585485855	1	1	3.1493388108682168	0.12465374062732294	1.019737118881101	1.4490878311757869	NO	P01116
119	D	119	165.88	145.496	248.902	1.75	0.864197530864198	0	1	8.929304619560469	0.02026726885805098	1.004603584329395	1.6897972923604367	NO	P01116
120	L	120	162.208	146.163	249.619	1.75	0.948969246367016	0	0	1.4112106745565538	0.9999999999999999	1.3288568898656468	1.0928122891571275	NO	P01116
121	P	121	160.114	146.359	251.758	-0.95	0.975	0	0	0.6713955959335143	1	1.5802357984031474	0.08144946020093309	NO	P01116
122	S	122	161.136	149.803	252.961	-0.65	0.902564102564103	0	0	1.0307167198272789	1	1.5838945757207528	0.3658952558448628	NO	P01116
123	R	123	162.899	150.884	256.119	-0.35	0.952521525215252	0	0	1.0307167198272789	1	1.4677299116722435	0.5941542276578928	NO	P01116
124	T	124	161.142	150.333	259.422	-0.65	0.999148453022992	1	0	0.23631682811759927	0.10866605364500573	1.2635103580615064	0.4245904200253562	NO	P01116
125	V	125	164.138	150.927	261.724	-0.35	1.00746268656716	0	0	0.23631682811759927	0.10866605364500573	1.3867989829278289	0.11937556628679037	NO	P01116
129	Q	129	166.808	154.086	266.872	-0.35	0.917832167832168	0	0	0	0.0029872069614910097	1.7105744797628633	-0.4342125085102845	NO	P01116
130	A	130	169.851	151.883	266.301	1.45	0.911756168359942	3	0	0.061673625025695636	0.0021526099512050546	1.3831113574509195	0.37914900259529677	NO	P01116
131	Q	131	172.347	154.566	267.332	-0.65	0.909143686502177	0	0	0	1.0405365323045557e-4	1.9323572315031416	-0.08410100287225351	NO	P01116
132	D	132	170.389	154.83	270.583	-0.95	0.919553728714034	0	0	0	0.0010145231189969443	2.1159412619664337	-1.085831804886008	NO	P01116
133	L	133	170.502	151.066	271.172	-0.65	0.913424978063761	0	0	0	1.0405365323045557e-4	1.3686669294287859	-0.8995724838865755	NO	P01116
134	A	134	174.168	150.781	270.321	1.45	0.903123192596877	0	0	0	1.0405365323045557e-4	1.4120567319324002	-0.20299633544299664	NO	P01116
135	R	135	174.858	153.632	272.683	-1.25	0.903123192596877	0	0	0	1.0405365323045557e-4	2.027290782630775	-0.712628385971704	NO	P01116
136	S	136	172.949	151.961	275.574	-0.95	0.895624821275379	1	0	0	0.0010145231189969443	1.88269362106777	-1.3049604178265166	NO	P01116
137	Y	137	175.201	148.927	275.09	-0.05	0.897147796024201	0	0	0	1.0405365323045557e-4	1.214110990119855	-1.1748528038930897	NO	P01116
138	G	138	178.406	150.983	274.73	-0.95	0.903123192596877	2	0	0	0.0029872069614910097	1.5754294234061468	-1.1953961113562623	NO	P01116
139	I	139	179.153	149.561	271.244	0.55	0.935309973045822	0	0	0	2.41553123570701e-6	1.5277783789109602	-0.15100086742206326	NO	P01116
140	P	140	179.52	150.907	267.693	-0.95	0.913424978063761	0	0	0	2.41553123570701e-6	1.7580890696220797	0.1861413155421016	NO	P01116
141	F	141	176.732	150.963	265.144	0.55	0.912587412587413	1	0	0.0369287957960031	8.045577115854909e-5	1.7200671381718116	0.3658952558448628	NO	P01116
142	I	142	177.423	150.581	261.395	0.55	0.952315608919383	1	0	0.16172360264086413	0.00951246532853252	1.506522122890492	0.988063996158093	NO	P01116
143	E	143	174.8	150.668	258.616	1.75	1.04360902255639	0	0	0.22124846973889942	0.02579025254279103	1.486870287343829	1.341702360345566	NO	P01116
144	T	144	175.573	148.708	255.446	0.55	0.920075757575757	0	0	2.5681277465417494	0.23263053564345182	0.6980549808114942	1.7840461581413007	NO	P01116
145	S	145	174.081	148.125	252.027	1.75	0.949571183533448	0	0	4.043354694901065	0.042655872598940346	0.6562130334631049	1.6268293001361527	NO	P01116
146	A	146	174.327	144.556	250.746	1.75	0.778867924528302	0	1	13.113864812538987	0.0041950246008637315	0.2958519140088635	1.6278412857254716	NO	P01116
147	K	147	174.135	145.384	247.079	-0.35	0.782509505703422	0	2	11.602193696442079	0.008875366579048624	0.0814948021894553	0.7376312956546545	NO	P01116
148	T	148	176.435	148.445	246.835	-0.05	0.780228136882129	0	0	10.2120458961703	0.01845711669150984	0.40428763907829324	0.6398060220204987	NO	P01116
149	R	149	179.37	148.363	250.202	-0.65	0.827514690632561	0	0	3.1493388108682168	0.12465374062732294	0.32792904277092333	0.27107999063021965	NO	P01116
150	Q	150	178.67	150.469	251.268	-0.95	0.827514690632561	0	0	2.7544297672294804	0.2050363627508573	0.9785814892702511	0.9000212498873529	NO	P01116
152	V	152	180.774	146.448	254.744	0.55	0.862893081761006	0	0	1.977414108269619	0.3611087165825348	0.5211991349042583	0.8016623838515564	NO	P01116
154	D	154	183.7	149.6	257.961	-0.65	0.859649122807018	1	0	0.18737215876767907	0.05252358657366386	1.3326945373834924	0.9739771567547747	NO	P01116
155	A	155	181.627	147.051	259.885	0.55	0.853932584269663	0	0	0.5061281916489612	0.3620298253611905	1.0304890912064566	1.065478158644798	NO	P01116
156	F	156	184.293	144.355	260.076	1.75	0.812075983717775	0	0	0.5980377524428574	0.3904053044722526	0.2791357487602677	0.8863257115785711	NO	P01116
157	Y	157	187.2	146.726	260.546	-0.95	0.857142857142857	0	0	0.16172360264086413	0.00951246532853252	0.40512682030701375	0.10443497904084664	NO	P01116
158	T	158	185.408	148.473	263.349	-0.65	0.862155388471178	1	0	0	1.0405365323045557e-4	1.3736691254561015	1.0995848081010304	NO	P01116
159	L	159	184.974	145.129	265.081	0.55	0.894554883318928	0	0	0.13639008328272054	0.003927261569742043	0.7835057475194751	0.9593685825587408	NO	P01116
160	V	160	188.629	144.351	264.726	0.85	0.966292134831461	1	0	0.22124846973889942	0.02579025254279103	0.14421567206369584	0.19932789803535433	NO	P01116
161	R	161	189.418	147.768	266.293	0.85	0.966292134831461	0	0	0	0.0029872069614910097	0.9526410414425655	0.3658952558448628	NO	P01116
162	E	162	187.081	146.835	269.17	-0.65	0.967105263157895	0	0	0	3.121609596913681e-5	1.1404517599568835	0.4419815797825394	NO	P01116
163	I	163	189.039	143.625	269.759	1.15	0.967105263157895	0	0	0.1259109534623206	0.010646602526935224	0.6827782505397465	0.34946060987432453	NO	P01116
164	R	164	192.372	145.437	269.754	0.85	0.991902834008097	1	0	0	0.023347380725337603	0.5622823924451552	-0.0038842784922457833	NO	P01116
