Uniprot_position	aminoacid	Position_in_structure	x	y	z	paraz	mtr	gscount	pscount	OR	pvalue	mtr3dscore	paraz3dscore	HotSpot3D	Uniprot
14	L	14	10.278	0.387	5.993	-1.13	0.953162723322066	0	0	0	0.24175824175824176	0.06906095251307993	-2.155314914365238	NO	Q9BY41
15	V	15	9.438	3.123	3.419	-1.49	0.957236842105263	0	0	0	0.026271868387327528	0.7880354354198599	-1.5847497440525036	NO	Q9BY41
16	P	16	9.268	1.863	-0.198	-0.41	0.953748006379585	0	0	0.25030206704146846	0.09009452452692332	0.4789103185064653	-1.236319966544771	NO	Q9BY41
17	V	17	12.389	2.181	-2.298	-0.05	0.96164139161463	0	0	0.4573569177796736	0.3154564080399748	0.27822449777853353	-0.7239232349157524	NO	Q9BY41
18	Y	18	12.012	4.193	-5.507	1.03	0.946051423324151	0	0	0.7641845164189375	0.7394184513989027	0.6690305882757921	-0.11580403693845545	NO	Q9BY41
19	I	19	14.695	3.379	-8.091	-0.41	0.941777777777778	1	1	0.6650262280081543	0.5509142799975799	0.4586392351213299	-0.28472603637659355	NO	Q9BY41
20	Y	20	15.615	6.688	-9.712	1.03	0.97007722007722	0	0	0.49163352676792504	0.2586295867048655	1.1847076825191887	-0.8148812346132113	NO	Q9BY41
21	S	21	18.469	8.834	-10.916	-0.41	0.992674805771365	0	0	0.3826765661564189	0.19727883497825288	1.5349726803718156	-1.6153116319508498	NO	Q9BY41
22	P	22	18.558	11.618	-13.52	-0.41	0.988795518207283	2	0	0.25030206704146846	0.09009452452692332	2.50426084433742	-1.433395632555932	NO	Q9BY41
23	E	23	20.075	8.419	-16.164	0.31	0.929621848739496	0	0	0.561688409562207	0.48504122538354594	0.7492789559249443	-1.8881856310432266	NO	Q9BY41
24	Y	24	18.648	6.577	-15.53	-0.77	0.904342889582742	0	0	0.6650262280081543	0.5509142799975799	0.634677913197832	-1.2757350997470034	NO	Q9BY41
25	V	25	15.514	8.518	-16.492	-0.05	0.867647058823529	0	0	0.3826765661564189	0.19727883497825288	1.772161978212538	-0.8273879595716119	NO	Q9BY41
26	S	26	17.617	8.971	-20.334	0.31	0.828208556149733	1	0	0.14707473120030953	0.05850971509516993	1.839613315536582	-1.4859491434922418	NO	Q9BY41
27	M	27	18.538	6.745	-20.628	-0.05	0.833612881583361	1	0	0.14707473120030953	0.05850971509516993	0.9058758955703806	-1.3594922578017468	NO	Q9BY41
28	C	28	15.045	5.268	-20.339	-1.13	0.828916470982892	0	0	0.29920110500721525	0.1577030895808387	1.003828999474057	-0.8857327291143898	NO	Q9BY41
29	D	29	13.529	8.285	-22.122	-1.49	0.911808118081181	0	0	0.14707473120030953	0.05850971509516993	2.1955411148163186	-1.8881856310432266	NO	Q9BY41
30	S	30	15.532	7.252	-25.211	-0.05	0.922014925373134	0	0	0	0.0557476231633535	0.8885490391628201	-1.9063772309827185	NO	Q9BY41
31	L	31	13.608	4.076	-26.114	-1.13	1.02446102819237	0	0	0.4697243102918142	0.43447679790182697	0.5119177340591208	-0.530430762832067	NO	Q9BY41
32	A	32	11.867	4.986	-29.342	-0.41	1.14498141263941	0	0	0	0.0557476231633535	1.2148718638960794	-0.35229483615184864	NO	Q9BY41
33	K	33	8.496	3.279	-28.691	-0.41	1.14498141263941	0	0	0.9775155110020101	1	1.1921601003589348	0.34028536154451716	NO	Q9BY41
34	I	34	8.037	5.335	-25.495	-0.77	1.13141025641026	0	0	0.3675173408686271	0.2668158015150746	1.5805483925841546	-0.7157683797704629	NO	Q9BY41
35	P	35	9.859	8.686	-25.882	1.03	1.28363636363636	1	0	0	0.0557476231633535	2.3418671727439246	-1.3473989782965163	NO	Q9BY41
36	K	36	9.977	10.718	-22.642	0.31	1.27898550724638	1	0	0.25030206704146846	0.09009452452692332	2.104440140437826	-1.1969048333425387	NO	Q9BY41
37	R	37	7.743	8.198	-20.866	1.03	1.27898550724638	0	0	0.7947108202220348	0.7581846123063893	1.46306654426037	-0.10157902645945435	NO	Q9BY41
38	A	38	10.16	7.786	-17.948	-0.41	1.0589651022864	0	0	0.4443975824125763	0.23052995536170703	1.6570438634467506	-0.25094163648896595	NO	Q9BY41
39	S	39	10.313	11.562	-17.409	-1.49	1.06498194945848	0	0	0.32656090122599446	0.11904090466424214	2.2952437392171405	-1.3252855529155239	NO	Q9BY41
40	M	40	6.52	11.81	-17.608	0.31	1.06197352587244	0	0	0.6650262280081543	0.5509142799975799	1.4827079308801376	-0.6243481615627446	NO	Q9BY41
41	V	41	6.049	9.074	-14.996	-0.41	1.09850438370294	0	0	0.9752655906503555	1	1.3191774413597341	-0.025200419057999666	NO	Q9BY41
42	H	42	8.677	10.515	-12.681	1.03	1.10649350649351	0	1	0.6033787450801652	0.41000437629141206	1.732238314072774	-0.23444227840431062	NO	Q9BY41
43	S	43	6.07	14.185	-12.511	0.31	1.07575757575758	0	0	0.975869256689684	1	1.6729556909786067	-0.04227328424185427	NO	Q9BY41
44	L	44	3.879	13.195	-12.288	1.03	1.07099879663057	0	0	1.827616371748514	0.5222671608979885	1.219235318504164	-0.014450837275572634	NO	Q9BY41
45	I	45	4.977	11.199	-9.23	0.31	1.07014388489209	0	0	3.8065084354464633	0.15770308958083878	1.434040218654585	0.4211901086438359	NO	Q9BY41
46	E	46	6.958	14.264	-8.11	-1.13	1.06332138590203	0	0	0.9769922999008609	1	2.007179800527638	0.16495597592079464	NO	Q9BY41
47	A	47	4.089	16.651	-8.895	-1.85	1.05952380952381	0	0	1.4934000257280426	1	1.7510917794957581	0.1432096955333561	NO	Q9BY41
48	Y	48	1.997	14.629	-6.431	1.03	1.07099879663057	0	0	3.1864259054751587	0.2668158015150743	1.2086073268493176	-0.029231512226409722	NO	Q9BY41
49	A	49	4.936	14.854	-3.964	0.67	1.07789855072464	0	0	3.0351867556345713	0.6166193357204591	1.812872850750945	-0.18644414579440408	NO	Q9BY41
50	L	50	5.089	11.058	-3.67	1.03	1.07789855072464	0	0	0.9769922999008609	1	1.6907368219328265	-0.7454223984806062	NO	Q9BY41
51	H	51	8.896	10.908	-3.847	-0.05	1.07014388489209	1	0	0.7177500030344945	0.7139117918797477	2.3688496973000905	-0.3016182363204073	NO	Q9BY41
52	K	52	8.984	12.542	-0.408	0.31	1.02365591397849	0	0	0.4815457418241275	0.6166193357204592	2.4294165355358928	-0.7363701190848784	NO	Q9BY41
53	Q	53	7.405	9.358	1.006	-0.41	0.846975088967971	0	0	0.31482252822069934	0.3610322262007654	2.0511506774498787	-1.2184039969073928	NO	Q9BY41
54	M	54	9.937	6.979	-0.563	1.03	0.913265306122449	0	0	0.3675173408686271	0.2668158015150746	1.4189159644253526	-0.8590608344662628	NO	Q9BY41
55	R	55	13.644	6.203	-0.289	-1.49	0.91141833077317	0	0	0.18073845976407918	0.11058623670014603	1.2407675003580805	-1.1241384335845717	NO	Q9BY41
56	I	56	15.29	7.184	-3.55	0.31	0.800359712230216	1	0	0.25030206704146846	0.09009452452692332	1.5344273827585333	-0.75770763480338	NO	Q9BY41
57	V	57	18.002	4.72	-4.564	-0.77	0.800359712230216	1	0	0.3826765661564189	0.19727883497825288	0.6974904468053197	-0.8185195546011097	NO	Q9BY41
58	K	58	20.484	3.84	-8.091	0.31	0.791814946619217	0	0	0.6223050933249528	0.5222671608979886	0.24551690869187806	-1.0047560589816567	NO	Q9BY41
59	P	59	20.344	2.198	-9.858	1.03	0.791814946619217	0	0	0.5207328371585211	0.35375469560627354	0.07783818887713498	-0.7982489146685331	NO	Q9BY41
60	K	60	23.63	0.526	-10.605	-0.41	0.792410714285714	0	0	1.3291423382450325	1	-0.31221905200690286	-1.2757350997470034	NO	Q9BY41
61	V	61	24.496	-0.516	-14.134	-1.49	0.795863309352518	0	0	1.4934000257280426	1	-0.49864893349069245	-0.813626641513936	NO	Q9BY41
62	A	62	24.458	-4.283	-14.61	1.03	0.764028776978417	0	0	0.7177500030344945	0.7139117918797477	-0.6298400553202422	-0.6293269152303951	NO	Q9BY41
63	S	63	27.72	-5.959	-15.511	0.31	0.764028776978417	0	0	0.9769922999008609	1	-0.7314638026887855	-0.9058392343106703	NO	Q9BY41
64	M	64	27.922	-8.56	-18.25	-0.77	0.759139784946237	0	0	0.4697243102918142	0.43447679790182697	0.008332209627796829	-0.6450929685112881	NO	Q9BY41
65	E	65	28.566	-11.098	-15.499	-0.77	0.756428571428571	0	0	0.4697243102918142	0.43447679790182697	0.5668962737089331	-0.6616888140701226	NO	Q9BY41
66	E	66	25.22	-10.246	-13.867	0.31	0.759139784946237	1	0	1.5302979018932585	0.7394184513989028	-0.009153734105531804	-0.11791556193143225	NO	Q9BY41
67	M	67	23.405	-10.304	-17.209	1.03	0.702380952380952	0	0	1.197600252060441	1	-0.18364317503020916	0.04322984545940126	NO	Q9BY41
68	A	68	24.887	-13.744	-17.879	-0.41	0.697399527186761	0	0	0.7177500030344945	0.7139117918797477	0.5824800291433829	-0.014450837275572743	NO	Q9BY41
69	T	69	22.978	-15.231	-14.933	-0.77	0.783450704225352	2	0	0.9764441570006751	1	0.5068044666395086	0.7212983158327618	NO	Q9BY41
70	F	70	20.228	-15.551	-17.559	0.31	0.777972027972028	0	0	0.9764441570006751	1	0.18518671537270984	0.7924001247465924	NO	Q9BY41
71	H	71	21.394	-14.422	-20.988	1.03	0.826945412311266	0	1	0.9764441570006751	1	0.2059723018183189	0.49794589435344594	NO	Q9BY41
72	T	72	23.881	-16.545	-22.916	0.31	0.775261324041812	0	0	0.7177500030344945	0.7139117918797477	0.7216101882953774	0.06122621847271318	NO	Q9BY41
73	D	73	27.496	-15.507	-23.356	0.31	0.713286713286713	0	0	0.23107405415815696	0.20312639704348356	0.9439299069392612	-0.8857327291143898	NO	Q9BY41
74	A	74	27.047	-15.47	-27.138	-1.49	0.715284715284715	0	0	0.9780154535241224	0.9999999999999999	0.5150513998178029	-0.6766250750730737	NO	Q9BY41
75	Y	75	23.912	-13.321	-27.044	1.03	0.71830985915493	0	0	0.9780154535241224	0.9999999999999999	0.2139144513211745	0.06709771417732152	NO	Q9BY41
76	L	76	25.68	-10.819	-24.803	0.67	0.627208480565371	0	0	0.23107405415815696	0.20312639704348356	0.08048469540351087	-0.25094163648896595	NO	Q9BY41
77	Q	77	28.661	-10.716	-27.148	-1.13	0.559495665878645	1	0	0.9780154535241224	0.9999999999999999	0.37360094035989333	-1.1631204334549112	NO	Q9BY41
78	H	78	26.361	-10.016	-30.078	-0.41	0.561486753657572	0	0	0.31482252822069934	0.3610322262007654	-0.4148248162998395	-0.7070310349719386	NO	Q9BY41
79	L	79	24.423	-7.341	-28.205	1.03	0.565079365079365	0	0	0.31482252822069934	0.3610322262007654	-0.9109808872747225	-0.3573624961349928	NO	Q9BY41
80	Q	80	27.7	-5.555	-27.371	-0.05	0.561904761904762	0	0	0	0.11680454377083588	-1.0290365668087174	-0.9604140341291456	NO	Q9BY41
81	K	81	28.896	-5.818	-30.972	-1.13	0.561486753657572	0	0	0	0.11680454377083588	-1.1393872972078407	-1.1732557534211994	NO	Q9BY41
82	V	82	25.546	-2.959	-31.789	0.31	0.470744680851064	0	0	0	0.11680454377083588	-1.4956542094582679	-0.14958843682608303	NO	Q9BY41
83	S	83	25.693	-1.627	-29.761	-0.77	0.418439716312057	0	0	0	0.11680454377083588	-1.7051298914243722	-0.5063516996394305	NO	Q9BY41
84	Q	84	29.072	-0.386	-30.999	-0.41	0.470744680851064	0	0	0	0.11680454377083588	-1.5260450190587944	-1.294283397724524	NO	Q9BY41
85	E	85	28.732	-1.103	-34.735	-0.41	0.362519201228879	0	0	0	0.24175824175824176	-1.51901716046892	-1.1496066734998602	NO	Q9BY41
86	G	86	25.084	-1.132	-35.876	-0.41	0.362519201228879	1	0	0	0.24175824175824176	-1.6909852757841137	-0.3629635940110995	NO	Q9BY41
95	E	95	20.257	-12.743	-35.643	-0.41	0.320909090909091	0	0	0	0.4945054945054944	-0.8664085515376504	-0.2092079660395436	NO	Q9BY41
96	Y	96	19.276	-13.145	-31.989	0.31	0.322992700729927	0	0	2.0320331576777892	0.6768438845153296	-0.38241192592661494	0.7119137603084209	NO	Q9BY41
97	G	97	15.879	-11.486	-32.521	-0.41	0.321818181818182	0	0	3.0351867556345713	0.6166193357204591	-0.5984615165360787	1.4234132219418583	NO	Q9BY41
98	L	98	17.193	-8.072	-33.583	0.31	0.323905109489051	0	0	1.4934000257280426	1	-0.8161921154454869	0.6687448048964522	NO	Q9BY41
99	G	99	16.014	-5.82	-36.419	1.03	0.326286764705882	0	0	1.4934000257280426	1	-0.9857634569490678	1.1680031587913935	NO	Q9BY41
100	Y	100	12.2	-5.456	-36.333	-1.13	0.325091575091575	0	0	3.0351867556345713	0.6166193357204591	-0.8112040371211947	1.5436061928361944	NO	Q9BY41
101	D	101	10.522	-5.003	-32.93	1.03	0.327205882352941	0	0	3.0351867556345713	0.6166193357204591	-0.23337734189215795	0.7053037690260588	NO	Q9BY41
102	C	102	15.168	-4.445	-32.409	1.03	0	0	0	1.4934000257280426	1	-0.7292168022662567	0.553127080836571	NO	Q9BY41
103	P	103	16.145	-2.792	-33.884	1.03	0	0	0	1.4934000257280426	1	-0.7335849183320002	0.4585307611512139	NO	Q9BY41
104	A	104	19.91	-3.316	-33.891	-0.05	0	1	0	0.9775155110020101	1	-1.2018549356389259	0.11602684504905808	NO	Q9BY41
105	T	105	22.036	0.485	-32.025	-0.77	0	0	0	0	0.24175824175824176	-1.2154478279465675	-0.414666035944392	NO	Q9BY41
106	E	106	23.87	1.934	-31.358	-1.13	0	0	0	0	0.24175824175824176	-1.626370404682791	-0.6225700352528695	NO	Q9BY41
107	G	107	23.88	1.99	-27.574	1.03	0	0	0	0	0.0557476231633535	-1.2637565272198423	-1.0129675450654552	NO	Q9BY41
108	I	108	21.43	-0.868	-27.023	0.67	0	0	0	0.6395061043602027	0.6768438845153298	-0.9781208290218698	-0.6919650188058344	NO	Q9BY41
109	F	109	23.854	-2.684	-24.704	1.03	0	0	0	0.7177500030344945	0.7139117918797477	-1.0696717140096845	-0.549666856547989	NO	Q9BY41
110	D	110	24.204	0.287	-22.344	0.31	0	0	0	0.4815457418241275	0.6166193357204592	-0.46179189958721095	-1.1631204334549112	NO	Q9BY41
111	Y	111	20.445	0.685	-22.344	0.31	0	0	0	2.0320331576777892	0.6768438845153296	-0.3964680081485483	-0.8857327291143898	NO	Q9BY41
112	A	112	20.031	-3.013	-21.521	0.31	0	0	0	5.867714536105498	0.026853575922152352	-0.43428925733221035	0.0575246233545905	YES	Q9BY41
113	A	113	22.639	-2.8	-18.784	-0.77	0	0	0	3.1864259054751587	0.2668158015150743	-0.4134759810854841	-0.17999439672494794	NO	Q9BY41
114	A	114	20.939	0.225	-17.213	-1.85	0	0	0	1.5302979018932585	0.7394184513989028	-0.08313951780037768	-0.31851043626422115	NO	Q9BY41
115	I	115	17.491	-1.364	-17.16	-1.49	0	0	0	3.8342534819715386	0.06949021546536881	0.08097435194310346	0.06437942912889173	NO	Q9BY41
116	G	116	18.801	-4.716	-15.972	-0.41	0	0	0	2.815556488388884	0.144913891113021	-0.27317087670358964	0.26751896178655	NO	Q9BY41
117	G	117	20.897	-2.977	-13.315	1.03	0	0	1	2.083394487884062	0.4850412253835459	-0.40247746499952697	-0.16442061238650504	NO	Q9BY41
118	A	118	17.932	-1.025	-12	0.67	0	0	1	1.3637181832723535	0.7726148253152302	-0.01102029590258445	-0.12574062514069895	NO	Q9BY41
119	T	119	15.853	-4.148	-11.425	0.31	0.265168539325843	0	1	1.6746520542008194	0.55091427999758	-0.2945126966584914	0.45853076115121366	NO	Q9BY41
120	I	120	18.823	-5.946	-9.859	0.31	0.265168539325843	0	0	1.1235446867316448	1	-0.39682312002212533	0.10379456233112397	NO	Q9BY41
121	T	121	19.32	-2.944	-7.537	-0.77	0.264179104477612	0	0	0.6223050933249528	0.5222671608979886	-0.37918031674431046	-0.25094163648896595	NO	Q9BY41
122	A	122	15.657	-3.11	-6.515	-0.05	0.264179104477612	0	0	0.6223050933249528	0.5222671608979886	-0.3925682042191469	-0.44959390782821623	NO	Q9BY41
123	A	123	16.027	-6.829	-5.769	1.03	0.263940520446097	0	0	0.7947108202220348	0.7581846123063893	-0.604432996288184	-0.08721723703353983	NO	Q9BY41
124	Q	124	19.196	-6.171	-3.765	-0.77	0.263940520446097	0	0	0.7947108202220348	0.7581846123063893	-0.6693337924024115	-0.6990294665775004	NO	Q9BY41
125	C	125	17.356	-3.612	-1.639	-1.13	0.262222222222222	0	0	0.4573569177796736	0.3154564080399748	-0.17178728574443453	-1.1844579491734126	NO	Q9BY41
126	L	126	14.742	-6.267	-0.875	1.03	0.260516605166052	0	0	0.4697243102918142	0.43447679790182697	-0.539153964929386	-1.1059468336450797	NO	Q9BY41
127	I	127	17.26	-9.017	-0.008	-0.77	0.260294117647059	0	0	0.23107405415815696	0.20312639704348356	-0.9817853877742512	-1.1377821335391904	NO	Q9BY41
128	D	128	19.171	-6.55	2.195	-1.13	0.215506715506716	0	0	0.23107405415815696	0.20312639704348356	-0.9825059997302023	-1.734383922463887	NO	Q9BY41
129	G	129	15.987	-5.721	4.123	-1.49	0.216299019607843	0	0	0	0.24175824175824176	-0.6176763271279605	-1.947506065628526	NO	Q9BY41
130	M	130	16.181	-2.038	3.224	-0.41	0.217901234567901	0	0	0	0.0557476231633535	-0.11106468225181138	-2.095569870353433	NO	Q9BY41
131	C	131	12.487	-2.125	2.35	-0.05	0.21952736318408	0	0	0	0.0557476231633535	-0.08868827001919763	-1.517856632275001	NO	Q9BY41
132	K	132	9.554	-4.43	1.7	-0.77	0.219135802469136	0	0	0	0.11680454377083588	-0.25771424494723566	-1.3151502329492355	NO	Q9BY41
133	V	133	8.548	-2.77	-1.599	-0.05	0.261254612546126	0	0	0.23107405415815696	0.20312639704348356	-0.2292186281110459	-0.6964243047746601	NO	Q9BY41
134	A	134	11.034	-1.597	-4.235	1.03	0.324723247232472	1	0	0.561688409562207	0.48504122538354594	-0.19787067363618882	-0.26485285997210667	NO	Q9BY41
135	I	135	9.85	0.158	-7.391	0.31	0.432964329643296	0	0	1.1646927407395684	0.9999999999999999	-0.013291729924453504	0.31663628162317786	NO	Q9BY41
136	N	136	11.433	0.234	-10.861	1.03	0.431372549019608	0	0	2.46894410472494	0.23052995536170715	0.033802333240701345	0.24023156187731232	NO	Q9BY41
137	W	137	8.732	1.631	-13.115	1.03	0.427878787878788	0	0	3.8342534819715386	0.06949021546536881	0.3495479600525517	0.7302435942900061	NO	Q9BY41
138	S	138	11.093	1.588	-16.101	-0.05	0.427878787878788	0	0	3.112569589717549	0.06385586222824327	0.5656720142146584	0.10379456233112397	NO	Q9BY41
139	G	139	11.632	-2.199	-15.895	1.03	0.427878787878788	0	0	6.631529326569772	0.01406258405918736	-0.4768841800009519	0.9036899126117187	YES	Q9BY41
140	G	140	9.386	-5.099	-16.826	1.03	0.644160583941606	0	2	28.434651337742334	9.11563080424499e-5	-0.5259026813604195	1.9887653442966993	YES	Q9BY41
141	W	141	10.822	-6.127	-20.213	-0.41	0.647058823529412	0	0	28.434651337742334	4.96380568163929e-4	-0.5246906911438654	2.2167884422594852	YES	Q9BY41
142	H	142	9.263	-9.559	-19.95	1.03	0.644688644688645	0	0	28.434651337742334	9.11563080424499e-5	-0.4636005256382295	2.279063706039222	YES	Q9BY41
143	H	143	9.592	-11.008	-23.5	1.03	0.428921568627451	0	0	28.434651337742334	4.96380568163929e-4	-0.49628651577104643	1.9813007853545264	YES	Q9BY41
144	A	144	13.369	-11.364	-23.848	1.03	0.430864197530864	0	0	28.434651337742334	0.0011306446274845048	-0.3936423884345681	1.8428671467905888	YES	Q9BY41
145	K	145	14.737	-14.893	-23.854	1.03	0.432465923172243	0	0	28.434651337742334	0.0056065820361465	0.0039015353827741048	1.8007758377677698	NO	Q9BY41
146	K	146	18.156	-16.207	-22.884	1.03	0.43734335839599	0	0	4.458296516811878	0.09009452452692336	0.06955994504271674	1.4720627577800418	NO	Q9BY41
147	D	147	18.709	-15.021	-27.53	-1.85	0.43734335839599	0	0	7.750812066765501	0.058509715095169855	0.1640197124204682	0.849963808125106	NO	Q9BY41
148	E	148	16.113	-12.492	-27.648	1.03	0.43609022556390997	0	0	7.750812066765501	0.058509715095169855	-0.398912085705499	1.368110758125803	NO	Q9BY41
149	A	149	15.5	-10.189	-28.083	1.03	0.784962406015038	0	0	6.485864146918939	0.11058623670014615	-0.5428406616210433	1.5227393576114834	NO	Q9BY41
150	S	150	10.828	-8.973	-27.976	1.03	0.649253731343284	0	1	28.434651337742334	0.0056065820361465	-0.5932891535132306	1.7153104369709606	YES	Q9BY41
151	G	151	8.813	-7.688	-28.277	1.03	0.656603773584906	0	0	28.434651337742334	0.0056065820361465	-0.44207871938887416	1.9192092268809957	YES	Q9BY41
152	F	152	10.806	-4.487	-27.674	1.03	0.658490566037736	0	0	9.080587851261104	0.030168750956407364	-0.17102680483715893	1.0428021474431264	YES	Q9BY41
153	C	153	12.786	-6.34	-24.937	1.03	0.662878787878788	0	2	7.750812066765501	0.058509715095169855	-0.753745981928526	1.2325006494859552	NO	Q9BY41
154	Y	154	16.546	-6.717	-25.346	1.03	0.659090909090909	0	0	9.080587851261104	0.030168750956407364	-0.83617238410614525	0.7367552308140294	YES	Q9BY41
155	L	155	16.047	-8.22	-20.913	0.31	0.659090909090909	0	0	4.859888085768143	0.02159881862056605	-0.49916479606971353	1.2498653585191064	YES	Q9BY41
156	N	156	14.863	-9.681	-19.39	1.03	0.656603773584906	0	2	5.418150381617302	0.011529542151394444	-0.460462315770032	1.321026617105942	YES	Q9BY41
157	D	157	15.278	-7.533	-16.303	1.03	0.565453557848995	0	0	3.1814686426289396	0.08805604331709867	-0.5734088249192708	1.1417264033232386	NO	Q9BY41
158	A	158	12.396	-9.345	-14.595	-0.41	0.566558441558442	0	0	15.161203139193466	0.0016944349024361337	-0.6543316954873865	1.8276880197550693	YES	Q9BY41
159	V	159	14.259	-12.654	-14.789	1.03	0.568712656165128	0	0	2.7919925761827886	0.1052268095066333	-0.509596352667117	1.7383633216001655	NO	Q9BY41
160	L	160	17.438	-11.015	-13.482	0.67	0.56390977443609	0	0	2.2030883195806363	0.2586295867048655	-0.45566608359758154	0.8132669599713036	NO	Q9BY41
161	G	161	15.529	-9.583	-10.512	0.67	0.559701492537313	0	0	1.5011479458949422	0.5921093863203403	-0.5902716501297531	0.7738518267690714	NO	Q9BY41
162	I	162	13.925	-12.949	-9.735	1.03	0.565520945220193	0	0	2.0270205519797058	0.28253086927116244	-0.6107083977644924	0.7041173603343529	NO	Q9BY41
163	L	163	17.352	-14.625	-9.809	1.03	0.565520945220193	0	0	1.3637181832723535	0.7726148253152302	-0.38453753463253054	0.7495963601830825	NO	Q9BY41
164	R	164	18.758	-12.003	-7.436	-0.05	0.498579545454546	1	0	0.7641845164189375	0.7394184513989027	-0.6468928851210396	0.11338202716409938	NO	Q9BY41
165	L	165	15.831	-12.472	-5.03	1.03	0.443181818181818	0	0	1.4302180928385682	0.7581846123063892	-0.7512833384552896	-0.1090471569609299	NO	Q9BY41
166	R	166	16.48	-16.221	-5.044	-1.13	0.443181818181818	0	0	0.9752655906503555	1	-0.5415734542651213	0.26281423766426765	NO	Q9BY41
167	R	167	19.705	-15.513	-3.103	0.31	0.442767295597484	1	1	0.4815457418241275	0.6166193357204592	-0.6916654334174528	-0.3799366178780894	NO	Q9BY41
168	K	168	17.554	-14.939	0.01	-0.41	0.446134347275032	0	0	0.31482252822069934	0.3610322262007654	-0.7496902969912224	-1.1539065062128309	NO	Q9BY41
169	F	169	13.968	-15.986	-0.784	-0.41	0.445707070707071	0	0	1.197600252060441	1	-0.6945828495266991	-0.25094163648896584	NO	Q9BY41
170	E	170	13.2	-19.654	-1.377	-1.13	0.442355889724311	0	0	1.197600252060441	1	-0.5017176281460842	-0.158401758535899	NO	Q9BY41
171	R	171	10.076	-19.31	-3.538	1.03	0.439054726368159	0	0	1.1646927407395684	0.9999999999999999	-0.5770136819998296	0.5915568357087474	NO	Q9BY41
172	I	172	9.334	-16.35	-5.838	0.31	0.439054726368159	0	0	1.4302180928385682	0.7581846123063892	-0.5427478360648965	0.9084400864840108	NO	Q9BY41
173	L	173	5.888	-15.573	-7.272	1.03	0.442355889724311	0	0	2.46894410472494	0.23052995536170715	-0.6743189814328965	0.892901616849283	NO	Q9BY41
174	Y	174	5.961	-13.588	-10.535	1.03	0.49765037593985	0	0	7.439175405961523	0.007173994655427199	-0.7572506128990075	1.627073533735039	YES	Q9BY41
175	V	175	2.649	-11.907	-11.476	0.31	0.50046992481203	0	0	6.010434580843946	0.005985325148125859	-0.7157555945242422	1.4323164049710684	YES	Q9BY41
176	D	176	2.392	-10.267	-14.893	1.03	0.494888475836431	0	1	16.9051387593609	7.811749436042867e-4	-0.7729927637860979	1.766185768566447	YES	Q9BY41
177	L	177	-0.542	-7.902	-15.554	0.67	0.498595505617978	0	0	8.294559061732164	0.003567788664142474	-0.5500729245751524	1.6458111000592694	YES	Q9BY41
178	D	178	0.772	-6.47	-18.852	1.03	0.502358490566038	0	0	4.332776464191462	0.03932074520630809	-0.5690969211760721	1.4044939580047868	YES	Q9BY41
179	L	179	-1.621	-6.852	-21.779	0.67	0.502358490566038	0	0	5.867714536105498	0.026853575922152352	-0.7969835363816137	1.463616657808135	YES	Q9BY41
180	H	180	0.844	-9.334	-23.316	1.03	0.384199134199134	0	1	5.867714536105498	0.026853575922152352	-0.8258215401358814	1.7887915067265505	YES	Q9BY41
181	H	181	1.784	-12.834	-22.151	1.03	0.37988228999465	0	0	4.458296516811878	0.09009452452692336	-1.160338407451814	1.7592301568248765	NO	Q9BY41
182	G	182	4.872	-12.881	-19.929	1.03	0.377057886351567	0	0	28.434651337742334	1.562172367621347e-5	-0.9454227458681443	2.0088593337723473	YES	Q9BY41
183	D	183	6.46	-15.546	-22.107	1.03	0.262962962962963	0	0	28.434651337742334	3.807795146077013e-5	-1.0298744961966717	1.9378561860179713	YES	Q9BY41
184	G	184	10.143	-14.792	-21.537	1.03	0.219557195571956	0	0	28.434651337742334	3.807795146077013e-5	-0.42328994939308123	2.085126014277479	YES	Q9BY41
185	V	185	9.835	-14.968	-17.751	1.03	0.218559218559219	0	0	27.434651337742334	1.1700896423116214e-5	-0.6820305477932705	2.1960141839434906	YES	Q9BY41
186	E	186	7.626	-18.063	-17.91	-0.05	0.219362745098039	0	1	16.9051387593609	7.811749436042867e-4	-1.411961118145001	1.941973047126135	YES	Q9BY41
187	D	187	10.06	-19.824	-20.242	0.31	0.216787439613527	0	0	11.955913979034634	0.007473285220690272	-1.401012531257164	1.9609428973304177	YES	Q9BY41
188	A	188	13.037	-18.955	-18.031	1.03	0.214456391875747	0	1	3.8342534819715386	0.06949021546536881	-0.770685715009092	1.4517921178474655	NO	Q9BY41
189	F	189	11.388	-20.792	-15.117	1.03	0.369989722507708	0	0	9.080587851261104	0.030168750956407364	-1.4202882888603228	1.2389503985554113	YES	Q9BY41
190	S	190	9.473	-24.705	-16.34	-0.77	0.372987012987013	0	0	9.080587851261104	0.030168750956407364	-2.1250807968542302	0.6161912939601426	YES	Q9BY41
191	F	191	11.052	-26.373	-15.492	-1.13	0.328467153284672	0	0	9.080587851261104	0.030168750956407364	-2.0831727369061626	0.39683750918250243	YES	Q9BY41
192	T	192	11.297	-25.261	-11.837	1.03	0.328467153284672	0	0	9.080587851261104	0.030168750956407364	-1.905405351728893	0.6222551606066399	YES	Q9BY41
193	S	193	8.932	-25.299	-8.896	-0.41	0.327272727272727	0	0	4.332776464191462	0.03932074520630809	-1.5995032512187453	0.3117433685360041	YES	Q9BY41
194	K	194	10.847	-22.558	-7.045	0.31	0.327272727272727	0	0	3.3620317670403095	0.11904090466424212	-1.115110779116944	0.5915568357087476	NO	Q9BY41
195	V	195	9.426	-19.751	-9.183	1.03	0.376103896103896	1	2	6.631529326569772	0.01406258405918736	-1.1661798655558036	0.953511503690874	YES	Q9BY41
196	M	196	5.412	-18.403	-10.842	1.03	0.435619735258724	0	1	3.9780647046722133	0.029548247412017295	-1.1332479870397412	1.4548111493267855	YES	Q9BY41
197	T	197	4.718	-17.42	-12.958	1.03	0.438787878787879	0	0	18.755043914524197	3.524651404445658e-4	-1.267201401912766	1.5829775800526307	YES	Q9BY41
198	V	198	1.171	-16.079	-13.341	1.03	0.377142857142857	0	0	1.9318996883750659	0.3846388710093421	-1.1001934205190695	1.6114234073165057	NO	Q9BY41
199	S	199	0.179	-14.057	-16.409	1.03	0.381302521008403	0	1	2.9140299422029057	0.1972788349782526	-1.130235651837697	1.9680465008111707	NO	Q9BY41
200	L	200	-3.156	-12.455	-17.279	-0.05	0.379905808477237	0	0	4.458296516811878	0.09009452452692336	-0.7970174043747945	1.0201964092830227	NO	Q9BY41
201	H	201	-3.113	-11.349	-20.896	1.03	0.380252100840336	0	0	3.3620317670403095	0.11904090466424212	-1.177382708940557	1.5549881029587644	NO	Q9BY41
202	K	202	-4.931	-11.041	-24.179	1.03	0.383430695698354	0	0	1.5302979018932585	0.7394184513989028	-0.9368031852939822	1.2891325925348387	NO	Q9BY41
203	F	203	-4.958	-14.344	-26.037	0.31	0.384492830589485	0	0	1.3291423382450325	1	-1.1502682450827406	0.8704824759100278	NO	Q9BY41
204	S	204	-5.481	-14.573	-30.784	-0.05	0.337078651685393	1	0	3.0351867556345713	0.6166193357204591	-1.4206283258099224	0.7423197202072855	NO	Q9BY41
205	P	205	-5.214	-15.536	-32.999	-1.13	0.335205992509363	0	0	0.9780154535241224	0.9999999999999999	-1.5508851991072876	0.25582436182544804	NO	Q9BY41
206	G	206	-2.403	-13.351	-34.267	-0.77	0.33271375464684	0	0	0	0.4945054945054944	-1.3365397492271525	-0.5347305955450379	NO	Q9BY41
207	F	207	-2.036	-11.399	-31.02	1.03	0.334888059701493	0	0	1.4934000257280426	1	-1.1458716185618298	0.872389659774652	NO	Q9BY41
208	F	208	1.587	-11.214	-29.812	-2.93	0.297678275290216	0	0	1.4934000257280426	1	-0.8678292596293774	1.5227393576114834	NO	Q9BY41
209	P	209	3.381	-13.387	-28.705	1.03	0.297678275290216	0	0	3.0351867556345713	0.6166193357204591	-0.9609445770406579	1.7683259567946226	NO	Q9BY41
210	G	210	0.761	-16.062	-29.431	1.03	0.299916457811195	0	0	1.9853526183205923	1	-1.3134981688803393	1.3369251582295316	NO	Q9BY41
211	T	211	1.466	-18.181	-26.344	1.03	0.169339622641509	0	0	2.0320331576777892	0.6768438845153296	-1.6784928953555913	0.7331652376570897	NO	Q9BY41
212	G	212	-0.143	-18.497	-22.933	1.03	0.150673400673401	0	1	3.8065084354464633	0.15770308958083878	-1.6622488365777073	1.0721285104616394	NO	Q9BY41
213	D	213	-3.382	-20.398	-23.326	1.03	0.134586466165414	0	0	1.697447114865436	0.7139117918797477	-1.2557281450175073	1.1035056680968316	NO	Q9BY41
214	V	214	-4.816	-21.749	-20.072	-0.05	0.134586466165414	1	0	1.3291423382450325	1	-0.08294615106136553	0.20812873845467977	NO	Q9BY41
215	S	215	-3.372	-25.185	-20.924	-1.49	0.149958228905597	0	0	2.0320331576777892	0.6768438845153296	-0.6661876073451953	0.06122621847271318	NO	Q9BY41
216	D	216	0.168	-23.747	-20.703	0.31	0.148980441115273	0	0	3.1864259054751587	0.2668158015150743	-1.4440851531666203	1.1465039952265395	NO	Q9BY41
217	V	217	1.118	-25.026	-17.238	0.31	0.149540517961571	0	0	2.488385535100139	0.3154564080399749	-1.4352991125863037	0.22203996193782047	NO	Q9BY41
218	G	218	4.89	-25.526	-17.367	1.03	0.14856429463171	0	2	5.144368048555267	0.04990040810767478	-2.0443983384903004	0.6802408854137699	YES	Q9BY41
219	L	219	7.094	-28.581	-17.782	-0.41	0.166044776119403	0	0	28.434651337742334	0.05574762316335351	-2.4197315693061094	-0.4874324357023591	NO	Q9BY41
220	G	220	8.661	-31.348	-15.72	-1.49	0	0	0	28.434651337742334	0.24175824175824173	-2.442191440054893	-0.48743243570235906	NO	Q9BY41
221	K	221	8.886	-30.552	-12.047	-1.13	0	0	0	5.281021648042921	0.2031263970434834	-2.285935750830746	-0.2092079660395435	NO	Q9BY41
222	G	222	7.637	-27.14	-13.095	1.03	0	0	0	9.080587851261104	0.030168750956407364	-2.1561824448155984	0.28116266174116883	YES	Q9BY41
223	R	223	4.297	-28.561	-14.214	0.31	0	0	1	3.8065084354464633	0.15770308958083878	-1.7726630602274636	0.11798401028392753	NO	Q9BY41
224	Y	224	1.498	-26.405	-12.679	1.03	0	0	0	1.4302180928385682	0.7581846123063892	-0.9550124964055735	-0.09328110368003711	NO	Q9BY41
225	Y	225	4.052	-23.722	-11.685	1.03	0	0	0	3.5683739646446813	0.05180664802808082	-1.1744645316277715	0.7288059602522347	NO	Q9BY41
226	S	226	3.054	-21.639	-14.698	-0.41	0	0	0	3.1814686426289396	0.08805604331709867	-1.432134393827754	1.049757759184697	NO	Q9BY41
227	V	227	-0.453	-20.136	-14.665	0.31	0	0	0	2.2030883195806363	0.2586295867048655	-0.7616931120384031	0.867841759789779	NO	Q9BY41
228	N	228	-1.949	-18.406	-17.704	1.03	0	0	0	3.3620317670403095	0.11904090466424212	-0.7656401130313617	1.1522371055105007	NO	Q9BY41
229	V	229	-5.276	-16.56	-17.873	-0.77	0.262172284644195	0	0	1.2469443736152712	1	-0.15728260982473458	0.5189113907376122	NO	Q9BY41
230	P	230	-6.269	-15.903	-21.491	1.03	0.26044776119403	0	0	0.7947108202220348	0.7581846123063893	-0.2687016089206746	0.7007896286381043	NO	Q9BY41
231	I	231	-8.63	-12.913	-21.756	0.31	0.260223048327138	0	0	0.975869256689684	1	-0.015589018558863198	0.6235243419977673	NO	Q9BY41
232	Q	232	-10.473	-11.29	-24.68	-0.05	0.258736059479554	0	0	0.4697243102918142	0.43447679790182697	-0.06107756178629253	0.15754247124325882	NO	Q9BY41
233	D	233	-10.872	-7.665	-25.722	1.03	0.214197530864198	0	1	0.3826765661564189	0.19727883497825288	0.08785271203811947	0.45853076115121366	NO	Q9BY41
234	G	234	-12.93	-5.277	-23.684	1.03	0.215796019900497	0	0	0.6650262280081543	0.5509142799975799	0.24432361525173316	0.04119405665699041	NO	Q9BY41
235	I	235	-12.385	-5.237	-19.384	1.03	0.257037037037037	0	0	0.9752655906503555	1	0.14541071393024924	-0.5601988354603262	NO	Q9BY41
236	Q	236	-13.258	-3.949	-17.484	-0.41	0.255147058823529	0	0	0.9752655906503555	1	0.1552332339704206	-0.9604140341291456	NO	Q9BY41
237	D	237	-12.128	-3.372	-13.888	1.03	0.214197530864198	0	1	1.827616371748514	0.5222671608979885	-0.08243071063043207	-0.8658177144437882	NO	Q9BY41
238	E	238	-14.709	-5.402	-12.01	-0.05	0.212792127921279	0	0	2.083394487884062	0.4850412253835459	-0.2839047438949167	-1.0195367339324937	NO	Q9BY41
239	K	239	-12.923	-8.995	-13.886	-1.13	0.425584255842558	0	0	1.5302979018932585	0.7394184513989028	0.19656509153741195	-1.082037873724605	NO	Q9BY41
240	Y	240	-10.634	-8.357	-14.275	1.03	0.424019607843137	0	0	2.9140299422029057	0.1972788349782526	-0.2010478331207347	-0.3185104362642211	NO	Q9BY41
241	Y	241	-10.279	-7.988	-10.53	-2.21	0.424019607843137	0	0	1.5302979018932585	0.7394184513989028	-0.39637320459011655	-1.2915011530278961	NO	Q9BY41
242	Q	242	-12.639	-10.901	-9.877	-1.85	0.365079365079365	0	0	1.3291423382450325	1	0.10782377474092504	-1.7881318313760217	NO	Q9BY41
243	I	243	-10.494	-13.071	-12.154	0.67	0.422794117647059	0	1	1.2469443736152712	1	0.397025223758722	-0.8512644344921948	NO	Q9BY41
244	C	244	-7.211	-11.871	-10.692	-0.05	0.507352941176471	1	0	1.5302979018932585	0.7394184513989028	-0.2096807266628772	-0.40667947987339553	NO	Q9BY41
245	E	245	-8.351	-12.213	-7.087	-0.77	0.51070110701107	0	0	1.3291423382450325	1	-0.15957977656408337	-1.4671800324435595	NO	Q9BY41
246	S	246	-8.379	-16.509	-7.858	-0.41	0.513653136531365	0	0	0.561688409562207	0.48504122538354594	0.6027282178715011	-1.4612180795222134	NO	Q9BY41
247	V	247	-6.394	-16.864	-9.217	0.31	0.513653136531365	0	0	0.7641845164189375	0.7394184513989027	0.4578833989144001	-1.0313612738931635	NO	Q9BY41
248	L	248	-4.137	-15.114	-6.716	0.31	0.513653136531365	0	0	1.31643592547214	0.7840579104048859	-0.09629991859453953	-0.399435859250864	NO	Q9BY41
249	K	249	-5.969	-16.503	-3.678	-1.13	0.515555555555556	0	0	0.8161283701969423	0.7726148253152303	0.4074184976900024	-1.3970124326769486	NO	Q9BY41
250	E	250	-5.498	-20.02	-5.075	-0.77	0.515555555555556	0	0	0.7641845164189375	0.7394184513989027	0.9513824609582062	-0.8512644344921948	NO	Q9BY41
251	V	251	-1.865	-19.386	-6.02	1.03	0.515555555555556	0	0	1.1646927407395684	0.9999999999999999	-0.04454726491999978	0.26678146449170564	NO	Q9BY41
252	Y	252	-0.975	-17.973	-2.605	-0.77	0.513653136531365	0	0	0.6223050933249528	0.5222671608979886	-0.03357338117143658	0.04119405665699041	NO	Q9BY41
253	Q	253	-2.491	-20.948	-0.767	-0.41	0.517037037037037	0	0	0.9769922999008609	1	0.4718878624956371	-0.4596099887360776	NO	Q9BY41
254	A	254	-0.901	-23.508	-3.092	-0.41	0.515129151291513	1	0	0.9764441570006751	1	0.35633045983628653	0.044671862527775615	NO	Q9BY41
255	F	255	2.554	-21.974	-3.497	0.31	0.511764705882353	0	0	1.5302979018932585	0.7394184513989028	-0.4644841388125959	0.45853076115121366	NO	Q9BY41
256	N	256	3.245	-20.011	-0.271	0.31	0.513653136531365	1	0	1.5302979018932585	0.7394184513989028	-0.2392929513535902	-0.16580494877214436	NO	Q9BY41
257	P	257	5.581	-17.474	-1.888	1.03	0.513235294117647	0	3	1.5302979018932585	0.7394184513989028	-0.47159212139241624	-0.02796459723062375	NO	Q9BY41
258	K	258	8.369	-15.794	0.039	-1.13	0.513235294117647	0	0	1.827616371748514	0.5222671608979885	-0.5502751810427651	0.13812387189435843	NO	Q9BY41
259	A	259	8.733	-12.827	-2.341	0.31	0.510948905109489	0	0	1.1646927407395684	0.9999999999999999	-0.5548558181443242	0.3233931616007034	NO	Q9BY41
260	V	260	6.799	-11.361	-5.264	0.31	0.321428571428571	0	0	1.4302180928385682	0.7581846123063892	-0.5045232205963877	0.6950215603646069	NO	Q9BY41
261	V	261	7.804	-9.723	-8.53	1.03	0.323260073260073	0	0	3.1814686426289396	0.08805604331709867	-0.5383173278548398	1.335696634597254	NO	Q9BY41
262	L	262	4.866	-7.824	-10.056	1.03	0.325091575091575	0	0	3.3620317670403095	0.11904090466424212	-0.44435104344298293	1.288479603673688	NO	Q9BY41
263	Q	263	4.843	-6.523	-13.639	1.03	0.261992619926199	0	0	28.434651337742334	3.807795146077013e-5	-0.4535418102159343	1.8511988009634182	YES	Q9BY41
264	L	264	2.268	-3.779	-14.145	-0.05	0.523985239852399	0	0	16.9051387593609	7.811749436042867e-4	-0.4765003413328387	1.70720218099793	YES	Q9BY41
265	G	265	2.425	-2.874	-17.823	1.03	0.439506172839506	0	1	4.859888085768143	0.02159881862056605	-0.5436482654319231	1.630702548556728	YES	Q9BY41
266	A	266	-0.21	-0.209	-18.448	-0.05	0.439506172839506	0	1	5.418150381617302	0.011529542151394444	-0.3623354765489804	1.126269488341971	YES	Q9BY41
267	D	267	-1.152	-1.306	-21.983	1.03	0.439900867410161	0	1	3.8342534819715386	0.06949021546536881	-0.45060354762134286	1.1342187589037658	NO	Q9BY41
268	T	268	-4.379	-2.751	-20.543	0.31	0.527881040892193	0	0	3.1814686426289396	0.08805604331709867	-0.4514201989624001	0.9218596738958209	NO	Q9BY41
269	I	269	-5.656	0.757	-19.759	0.67	0.522509225092251	0	1	2.489326874172238	0.16780471295293775	-0.2885567618285186	0.6063375106595846	NO	Q9BY41
270	A	270	-8.429	2.295	-21.854	-0.05	0.326851851851852	0	0	1.5731631723262267	0.5736527974660569	-0.0794089178502127	-0.1090471569609299	NO	Q9BY41
271	G	271	-6.959	4.622	-24.485	0.31	0.437037037037037	0	0	1.1646927407395684	0.9999999999999999	-0.006773705209766469	-0.029231512226409722	NO	Q9BY41
272	D	272	-3.813	2.599	-25.186	1.03	0.437037037037037	0	0	1.4302180928385682	0.7581846123063892	-0.09023862518737166	0.5958479994041517	NO	Q9BY41
273	P	273	-2.907	2.192	-28.888	-1.13	0.523985239852399	0	0	2.0320331576777892	0.6768438845153296	-0.14961098393097128	0.7053037690260588	NO	Q9BY41
274	M	274	-3.001	-1.576	-28.256	0.31	0.522509225092251	1	0	6.485864146918939	0.11058623670014615	-0.6799772315205822	1.2225779586098686	NO	Q9BY41
275	C	275	-7.416	-2.31	-27.933	0.31	0.556197478991597	0	0	0.7947108202220348	0.7581846123063893	0.06290313083977682	0.5958479994041517	NO	Q9BY41
276	S	276	-7.616	-4.253	-26.462	-0.41	0.488888888888889	0	0	0.8161283701969423	0.7726148253152303	0.03925699311785101	0.45853076115121366	NO	Q9BY41
277	F	277	-8.655	-4.185	-22.795	1.03	0.492537313432836	0	0	1.1411814785674301	0.9999999999999999	0.0633232851978243	0.2935371803046603	NO	Q9BY41
278	N	278	-10.864	-1.538	-21.214	1.03	0.525373134328358	0	0	0.9746309444180178	0.9999999999999999	0.1817314056130275	-0.3374626605914268	NO	Q9BY41
279	M	279	-8.967	0.231	-17.37	0.31	0.528838951310862	1	1	2.2030883195806363	0.2586295867048655	-0.2214670000369021	0.1882555620501929	NO	Q9BY41
280	T	280	-8.596	1.747	-15.53	0.31	0.526865671641791	0	1	2.7919925761827886	0.1052268095066333	-0.14535415539276372	0.021932362603410964	NO	Q9BY41
281	P	281	-5.837	2.093	-12.938	-0.77	0.477611940298508	0	0	4.412903045310336	0.016353010944238116	-0.22314612913206072	0.23780601521871336	YES	Q9BY41
282	V	282	-8.431	1.492	-10.219	-1.49	0.547752808988764	0	0	4.332776464191462	0.03932074520630809	-0.09998561829047446	-0.5385655814782279	NO	Q9BY41
283	G	283	-8.893	-2.12	-11.277	1.03	0.549313358302122	0	0	1.6746520542008194	0.55091427999758	-0.11747636926697971	-0.924030834250162	NO	Q9BY41
284	I	284	-5.157	-2.756	-11.501	-1.13	0.553459119496855	0	0	3.5683739646446813	0.05180664802808082	-0.5254734510896156	0.0883712493389461	NO	Q9BY41
285	G	285	-4.794	-1.02	-8.149	0.67	0.551378446115288	0	0	2.2030883195806363	0.2586295867048655	-0.4418302023354591	-0.7421148348552441	NO	Q9BY41
286	K	286	-7.169	-3.5	-6.509	-0.41	0.547752808988764	1	0	1.197600252060441	1	-0.3513227997194058	-1.517856632275001	NO	Q9BY41
287	C	287	-5.002	-6.348	-7.84	1.03	0.54368029739777	0	2	1.5302979018932585	0.7394184513989028	-0.36108280631873135	-1.1521633307886536	NO	Q9BY41
288	L	288	-1.923	-4.601	-6.455	0.31	0.547752808988764	0	0	0.975869256689684	1	-0.3825140558637793	-0.4198636359271039	NO	Q9BY41
289	K	289	-3.503	-4.023	-3.053	-0.41	0.547752808988764	0	0	0.561688409562207	0.48504122538354594	-0.22583592051078463	-1.4007762119747744	NO	Q9BY41
290	Y	290	-4.53	-7.696	-2.872	-0.77	0.503731343283582	1	0	0.4697243102918142	0.43447679790182697	-0.13238203582345834	-1.3808421216196223	NO	Q9BY41
291	I	291	-0.867	-8.669	-3.335	0.31	0.503731343283582	0	0	0.975869256689684	1	-0.27957177358819174	-0.4376448990258553	NO	Q9BY41
292	L	292	0.418	-6.043	-0.89	-0.77	0.503731343283582	0	0	0.29920110500721525	0.1577030895808387	-0.29832524911768615	-0.5820287553877165	NO	Q9BY41
293	Q	293	-1.804	-7.494	1.872	-0.05	0.50990675990676	1	0	0.3675173408686271	0.2668158015150746	-0.28729743754204773	-1.5408914503802018	NO	Q9BY41
294	W	294	0.549	-10.502	1.979	0.31	0.54874213836478	0	0	0.7177500030344945	0.7139117918797477	-0.31152251571657824	-1.1454937900352795	NO	Q9BY41
295	Q	295	3.307	-8.26	3.42	0.31	0.479778776356723	0	0	0.9769922999008609	1	-0.27876257130084714	-1.1631204334549112	NO	Q9BY41
296	L	296	6.049	-9.989	1.419	0.67	0.482997918112422	0	0	0.561688409562207	0.48504122538354594	-0.6812250155788641	-0.2738278428644556	NO	Q9BY41
297	A	297	9.114	-8.483	-0.197	-0.41	0.480222068008328	1	0	0.9769922999008609	1	-0.5867581813946605	-0.6964243047746601	NO	Q9BY41
298	T	298	7.662	-7.154	-3.454	-0.77	0.482517482517483	0	0	1.3291423382450325	1	-0.6038211945552826	-0.035015254598476445	NO	Q9BY41
299	L	299	9.523	-5.879	-6.522	1.03	0.486257928118393	0	0	1.5302979018932585	0.7394184513989028	-0.45431760986465064	0.535927749984688	NO	Q9BY41
300	I	300	7.33	-3.576	-8.619	-0.05	0.49197860962566897	0	0	2.9140299422029057	0.1972788349782526	-0.40882283389749874	1.0087338450354346	NO	Q9BY41
301	L	301	7.954	-3.218	-12.357	1.03	0.49197860962566897	0	0	6.631529326569772	0.01406258405918736	-0.5661334773688987	1.3562305295938901	YES	Q9BY41
302	G	302	6.357	-1.36	-15.242	1.03	0.44921875	0	0	3.8342534819715386	0.06949021546536881	-0.2532453832170337	1.4582418669169217	NO	Q9BY41
303	G	303	6.436	-2.665	-18.809	1.03	0.450980392156863	0	0	18.755043914524197	3.524651404445658e-4	0.062107545511992136	1.605762723292781	NO	Q9BY41
304	G	304	4.171	-1.823	-21.699	1.03	0.368607954545455	0	0	8.294559061732164	0.003567788664142474	0.07818627093418916	1.6923958005254394	NO	Q9BY41
305	G	305	2.067	1.329	-21.772	1.03	0.367542613636364	0	0	3.1814686426289396	0.08805604331709867	0.05739630544273446	1.0576407858251433	NO	Q9BY41
306	Y	306	1.926	3.261	-25.006	1.03	0.299479166666667	0	0	1.2469443736152712	1	0.540102399641351	0.673522396799753	NO	Q9BY41
307	N	307	-0.478	6.098	-24.17	0.67	0.340551181102362	0	0	1.197600252060441	1	0.6115383120575378	0.45853076115121366	NO	Q9BY41
308	L	308	2.199	8.004	-22.34	0.31	0.342885375494071	0	0	2.1401056695987863	0.3537546956062735	1.0078480086697703	0.375063420252369	NO	Q9BY41
309	A	309	0.039	10.299	-20.251	-1.49	0.391869000564653	0	0	1.6746520542008194	0.55091427999758	1.2377025446025682	0.5575269096591456	NO	Q9BY41
310	N	310	-2.27	7.438	-19.262	1.03	0.391869000564653	0	0	2.815556488388884	0.144913891113021	0.5445005801486412	0.526099560926469	NO	Q9BY41
311	T	311	0.699	5.263	-18.33	-0.41	0.392575928008999	1	1	3.1814686426289396	0.08805604331709867	0.6219129039775854	0.48748881819775175	NO	Q9BY41
312	A	312	2.003	8.051	-16.102	1.03	0.394127611518916	0	0	3.3620317670403095	0.11904090466424212	0.9536031063286338	0.28478241887198613	NO	Q9BY41
313	R	313	-1.51	8.405	-14.621	1.03	0.195518207282913	0	1	2.815556488388884	0.144913891113021	0.7219328295842884	0.16291726213447222	NO	Q9BY41
314	C	314	-1.63	4.685	-13.959	1.03	0.341796875	0	0	7.439175405961523	0.007173994655427199	0.1234716745996681	0.6358988605612588	NO	Q9BY41
315	W	315	1.787	4.285	-12.379	1.03	0.3427734375	0	1	13.513549998060292	0.00359722708039786	0.40450833880735015	0.8349855027562071	NO	Q9BY41
316	T	316	1.407	7.47	-10.33	1.03	0.342412451361868	0	0	2.488385535100139	0.3154564080399749	0.8369619027047998	-0.2831903818362468	NO	Q9BY41
317	Y	317	-1.939	6.194	-9.006	1.03	0.340733590733591	0	0	1.827616371748514	0.5222671608979885	0.49818935211282317	-0.5887856353652419	NO	Q9BY41
318	L	318	-0.366	2.802	-8.235	-1.13	0.340733590733591	0	0	3.8342534819715386	0.06949021546536881	0.07547960027465823	0.0392970716365621	NO	Q9BY41
319	T	319	2.492	4.52	-6.395	1.03	0.340733590733591	0	0	1.3291423382450325	1	0.7646083451330727	0.0962469836328241	NO	Q9BY41
320	G	320	-0.226	6.169	-4.291	-0.05	0.451737451737452	0	1	2.0320331576777892	0.6768438845153296	0.880946913813534	-0.3154391271835277	NO	Q9BY41
321	V	321	-1.783	2.736	-3.665	0.31	0.510174418604651	0	0	0.9764441570006751	1	-0.09140644764959965	-0.9604140341291456	NO	Q9BY41
322	I	322	1.61	1.437	-2.475	-0.41	0.511627906976744	0	0	0.7641845164189375	0.7394184513989027	0.16624163318105822	-0.7239232349157524	NO	Q9BY41
323	L	323	1.884	4.452	-0.125	0.31	0.507183908045977	0	0	0.31482252822069934	0.3610322262007654	0.9190061495807501	-0.8769466932303009	NO	Q9BY41
324	G	324	-1.703	4.254	1.158	-1.49	0.50381679389313	1	0	0.4815457418241275	0.6166193357204592	0.3571806799492176	-1.598939192005307	NO	Q9BY41
325	K	325	-2.429	7.7	-0.253	-1.49	0.503326996197719	0	0	0.9780154535241224	0.9999999999999999	0.43222409567074704	-0.5662627021068235	NO	Q9BY41
326	T	326	-5.467	9.097	-2.039	-1.49	0.505248091603053	0	0	0.9775155110020101	1	0.2532223989516937	-0.6766250750730737	NO	Q9BY41
327	L	327	-4.49	11.536	-4.789	0.67	0.576860401955459	0	0	1.4934000257280426	1	0.7782722832062742	-0.2772183919571207	NO	Q9BY41
328	S	328	-6.658	14.239	-7.421	-0.41	0.579062159214831	0	0	3.0351867556345713	0.6166193357204591	1.0063328793351083	-0.6056778353090557	NO	Q9BY41
329	S	329	-8.299	14.141	-9.203	-0.77	0.506679389312977	1	0	1.9853526183205923	1	0.9717838001951856	0.22203996193782047	NO	Q9BY41
330	E	330	-6.835	17.349	-10.623	1.03	0.506679389312977	0	0	3.0351867556345713	0.6166193357204591	1.3379807011246516	-0.46686801837945535	NO	Q9BY41
331	I	331	-3.503	16.819	-12.361	0.67	0.506679389312977	0	0	0.7177500030344945	0.7139117918797477	1.209368158051256	-0.2092079660395436	NO	Q9BY41
332	P	332	-1.094	19.275	-10.677	1.03	0.503326996197719	0	0	0.9769922999008609	1	1.4973504177073125	-0.3691870360956625	NO	Q9BY41
333	D	333	2.005	21.266	-12.801	-1.13	0.505248091603053	0	0	0.31482252822069934	0.3610322262007654	1.8931647999341137	-0.6901388350281247	NO	Q9BY41
334	H	334	4.005	20.459	-13.965	-1.49	0.446969696969697	0	1	0.6395061043602027	0.6768438845153298	2.0890051828257077	-0.5902545223168779	NO	Q9BY41
335	E	335	6.216	20.395	-17.03	0.31	0.574123989218329	1	0	0.4697243102918142	0.43447679790182697	2.073509242741746	-1.1844579491734126	NO	Q9BY41
336	F	336	4.062	17.906	-19.038	0.31	0.676136363636364	0	0	0.7177500030344945	0.7139117918797477	1.8243051429425812	-0.6563544351404972	NO	Q9BY41
337	F	337	0.69	19.418	-18.152	1.03	0.671052631578947	0	0	0.9769922999008609	1	1.2830380618307367	-0.13269623688226934	NO	Q9BY41
338	T	338	-0.543	19.721	-21.763	-0.41	0.744902205576363	1	0	0.31482252822069934	0.3610322262007654	1.1937278176678932	-0.7100120114326116	NO	Q9BY41
339	A	339	-0.233	15.954	-22.314	-0.77	0.806741573033708	1	0	0.7641845164189375	0.7394184513989027	1.3208358710556847	0.10379456233112397	NO	Q9BY41
340	Y	340	-3.072	15.495	-19.776	0.31	0.741429161503511	0	0	0.7641845164189375	0.7394184513989027	0.9682615593380811	-0.10904715696093001	NO	Q9BY41
341	G	341	-5.644	17.533	-21.713	0.67	0.804494382022472	0	0	0.4815457418241275	0.6166193357204592	1.38864705495225	0.10379456233112397	NO	Q9BY41
342	P	342	-8.353	18.057	-22.458	1.03	0.801492537313433	0	0	0.4815457418241275	0.6166193357204592	1.4751178423287306	0.13108196224036164	NO	Q9BY41
343	D	343	-9.602	16.916	-19.038	1.03	0.888059701492537	0	0	0.23107405415815696	0.20312639704348356	1.4993422766983022	-0.48743243570235917	NO	Q9BY41
344	Y	344	-6.472	17.356	-16.89	0.31	0.988888888888889	0	0	0.9769922999008609	1	0.9806829308459647	-0.5902545223168779	NO	Q9BY41
345	V	345	-7.712	14.783	-14.367	-1.49	0.938323668950975	0	0	0.4697243102918142	0.43447679790182697	0.9494226966221081	0.19576320646966572	NO	Q9BY41
346	L	346	-6.049	11.638	-13.041	1.03	0.991666666666667	0	1	1.5302979018932585	0.7394184513989028	0.7302757423945351	-0.05386597047780487	NO	Q9BY41
347	E	347	-8.964	9.244	-13.55	-0.77	0.984375	0	0	1.827616371748514	0.5222671608979885	0.38073635000199857	-0.2280554301134762	NO	Q9BY41
348	I	348	-9.397	7.466	-16.863	-0.77	0.975274725274725	0	0	1.4302180928385682	0.7581846123063892	0.4318511625910543	0.13420052222998877	NO	Q9BY41
349	T	349	-12.751	5.698	-19.35	-0.41	0.971715328467153	1	0	1.2469443736152712	1	0.6148481447386629	-0.22466488102081109	NO	Q9BY41
350	P	350	-13.416	3.46	-19.958	-0.41	0.965454545454545	0	0	0.7641845164189375	0.7394184513989027	0.42466882225139096	-0.5200518562835168	NO	Q9BY41
351	S	351	-15.487	2.696	-23.715	0.31	0.925443169968717	1	0	0.7641845164189375	0.7394184513989027	0.5531434461806334	-0.3154391271835277	NO	Q9BY41
352	C	352	-17.12	1.237	-26.119	-1.13	0.922077922077922	0	0	0.18073845976407918	0.11058623670014603	0.7065273857701471	-0.5662627021068234	NO	Q9BY41
353	R	353	-16.572	-1.095	-26.563	-1.13	0.925443169968717	1	0	0.18073845976407918	0.11058623670014603	0.8264131333623106	-0.36296359401109946	NO	Q9BY41
354	P	354	-17.919	-4.622	-26.061	-1.13	0.972527472527472	1	0	0.23107405415815696	0.20312639704348356	0.8990300175213743	-0.48743243570235906	NO	Q9BY41
355	D	355	-16.642	-6.913	-23.345	-0.05	0.972527472527472	0	0	0.4697243102918142	0.43447679790182697	0.6243914417877645	-0.5063516996394305	NO	Q9BY41
356	R	356	-15.89	-9.982	-25.466	-0.05	0.978860294117647	1	0	0.23107405415815696	0.20312639704348356	0.7096978261591547	-0.7333828668842881	NO	Q9BY41
357	N	357	-15.405	-12.227	-22.416	1.03	0.986111111111111	0	0	0.4697243102918142	0.43447679790182697	0.7728076034879937	-0.47112272541178024	NO	Q9BY41
358	E	358	-18.249	-14.696	-22.245	-0.77	1.02714164546226	0	0	0.31482252822069934	0.3610322262007654	1.5827067215091206	-1.0392443005336098	NO	Q9BY41
359	P	359	-19.12	-15.491	-18.609	-1.13	1.02387152777778	0	0	0.4815457418241275	0.6166193357204592	1.8338360880393734	-1.7487166981737896	NO	Q9BY41
360	H	360	-19.119	-19.26	-19.049	-1.13	1.02044444444444	0	0	0	0.24175824175824176	3.358925111862345	-1.7881318313760217	NO	Q9BY41
361	R	361	-15.778	-19.206	-20.853	-0.77	1.02322404371585	1	0	0.31482252822069934	0.3610322262007654	1.7979411586389569	-1.40850186421768	NO	Q9BY41
362	I	362	-14.267	-17.295	-17.931	0.31	1.01960784313726	0	0	0.18073845976407918	0.11058623670014603	1.4128070841101883	-1.433395632555932	NO	Q9BY41
363	Q	363	-15.786	-19.895	-15.6	-0.41	1.01580459770115	0	0	0.31482252822069934	0.3610322262007654	1.6570024191325787	-1.8241195616911035	NO	Q9BY41
364	Q	364	-14.125	-22.641	-17.628	-0.41	1.02083333333333	0	0	0.31482252822069934	0.3610322262007654	1.9423253130298472	-1.9063772309827185	NO	Q9BY41
365	I	365	-10.744	-20.909	-17.456	1.03	1.1519495412844	0	0	0.23107405415815696	0.20312639704348356	1.0272247762577154	-1.1023085136571815	NO	Q9BY41
366	L	366	-10.967	-20.281	-13.705	-1.13	1.14740566037736	0	0	0.18073845976407918	0.11058623670014603	0.8525383432331625	-1.4874506723761363	NO	Q9BY41
367	N	367	-12.16	-23.812	-12.945	0.31	1.11387163561077	0	0	0.23107405415815696	0.20312639704348356	1.9673020291653924	-1.6698864317693252	NO	Q9BY41
368	Y	368	-9.249	-25.283	-14.912	-1.13	1.11857142857143	0	0	0	0.0557476231633535	0.7965945839774526	-0.6976464794475975	NO	Q9BY41
369	I	369	-6.716	-23.193	-12.989	0.67	1.0880829015544	1	0	0.3675173408686271	0.2668158015150746	0.2399978172111114	-0.29035676969119806	NO	Q9BY41
370	K	370	-8.428	-23.963	-9.683	-0.77	1.03957219251337	0	0	0.23107405415815696	0.20312639704348356	0.9466180126487669	-0.9078605231928359	NO	Q9BY41
371	G	371	-8.077	-27.689	-10.282	-1.49	1.03425414364641	0	0	0	0.0557476231633535	1.1197648167362506	-0.8928452343538903	NO	Q9BY41
372	N	372	-4.455	-27.423	-11.391	1.03	0.975433526011561	0	0	0.7177500030344945	0.7139117918797477	0.07310697739976325	-0.1963668366704905	NO	Q9BY41
373	L	373	-3.474	-25.676	-8.138	1.03	0.980421686746988	1	0	0.4697243102918142	0.43447679790182697	0.3257442805141936	-0.5043246356461729	NO	Q9BY41
374	K	374	-4.599	-28.428	-5.761	0.31	0.968944099378882	0	0	0	0.11680454377083588	1.2199954816484615	-0.5169937856040333	NO	Q9BY41
