Uniprot_position	aminoacid	Position_in_structure	x	y	z	paraz	mtr	gscount	pscount	OR	pvalue	mtr3dscore	paraz3dscore	HotSpot3D	Uniprot	gene	chain
1	M	1	63.521	99.516	30.214	-1.55	0	0	0	1.775818064586795	0.9999999999999999	-1.5038405152897214	-1.8559145977902627	NO	P01116	KRAS	A
2	T	2	63.943	97.044	27.316	-1.55	0	0	0	1.181736159531125	1	-0.8198921425958884	-1.1742687971141994	NO	P01116	KRAS	A
3	E	3	66.193	98.387	24.52	-0.95	0	0	0	0.524469726392362	0.4894804360310523	-0.8542369889719048	-0.738737075699248	NO	P01116	KRAS	A
4	Y	4	65.568	97.631	20.755	0.55	0	0	0	0.4296783032072633	0.3153726733990518	-0.3936373527075676	0.0699625175773985	NO	P01116	KRAS	A
5	K	5	68.323	98.133	18.169	1.15	0	0	2	0.6777324589165408	0.7389460749543114	-0.49929783008842094	0.8948807907687492	NO	P01116	KRAS	A
6	L	6	66.711	99.264	14.861	0.55	0	1	0	0.690235716293642	0.7533321575159676	-0.22438042076911086	0.7626052659129932	NO	P01116	KRAS	A
7	V	7	68.515	99.893	11.54	0.85	0	0	0	1.0204740918180553	0.9999999999999999	-0.619605676481683	1.0623454026196248	NO	P01116	KRAS	A
8	V	8	67.052	101.949	8.631	0.85	0	0	0	2.8293319569967035	0.09733541343940348	-0.7893930466728825	1.4377250156573365	NO	P01116	KRAS	A
9	V	9	68.237	100.831	5.131	1.15	0	0	0	2.0377395471279844	0.27072547996668284	-0.8553065796975945	0.8695395849542779	NO	P01116	KRAS	A
10	G	10	67.425	101.634	1.5	1.75	0	0	0	3.101005193125248	0.13143020313198273	-0.627083706391804	0.9241206436316005	NO	P01116	KRAS	A
11	A	11	68.606	103.485	-1.631	-0.35	0	0	0	5.606680860107381	0.016906023088059587	-0.7689796392153918	0.3118037248565966	YES	P01116	KRAS	A
12	G	12	69.985	107.043	-1.686	-0.05	0	1	3	8.7047787909163	0.0030189468948412976	-1.1158736338167368	0.9074121562813998	YES	P01116	KRAS	A
13	G	13	67.351	109.736	-1.355	1.75	0	0	1	7.237177239337545	0.0037947683824350953	-0.9609326431876467	1.3061880543728575	YES	P01116	KRAS	A
14	V	14	64.292	107.571	-0.393	1.75	0	0	1	8.208857960128224	0.0016758282053576832	-0.43395186996895235	1.358969737489389	YES	P01116	KRAS	A
15	G	15	63.813	109.423	2.927	1.75	0	0	1	15.82838632493433	1.2962105902309092e-5	-0.6263448754144253	1.254658110776876	YES	P01116	KRAS	A
16	K	16	65.555	107.32	5.607	1.75	0	0	0	15.82838632493433	1.2962105902309092e-5	-0.7920913105275134	1.2944921132277172	YES	P01116	KRAS	A
17	S	17	66.835	110.439	7.442	1.15	0	0	0	28.308756769106658	6.749005621500999e-7	-1.373346011584858	0.5160622525678088	YES	P01116	KRAS	A
18	A	18	63.573	112.401	6.99	0.55	0	0	0	23.17746526215559	1.1214410348808213e-4	-0.8607931211809632	0.6695619245903066	YES	P01116	KRAS	A
19	L	19	61.591	109.477	8.545	1.75	0	0	1	8.7047787909163	0.0030189468948412976	-0.2804516988086006	1.2641189327345226	YES	P01116	KRAS	A
20	T	20	63.946	109.248	11.545	0.55	0	0	0	13.75516501906756	0.003194492353009102	-0.9379066425728685	0.9271196028995853	YES	P01116	KRAS	A
21	I	21	64.051	113.045	12.194	-0.65	0	0	0	29.308756769106658	0.0023332889577493774	-1.284982371137233	0.2873416257295052	YES	P01116	KRAS	A
22	Q	22	60.212	113.196	12.008	0.25	0	0	3	29.308756769106658	0.0023332889577493774	-0.5569343865439143	0.4259601874496892	YES	P01116	KRAS	A
23	L	23	60.072	110.425	14.679	0.85	0	0	1	10.27905547280687	0.014227853870782214	-0.49116597934520634	-0.011554647979641468	NO	P01116	KRAS	A
24	I	24	62.688	112.034	17.008	-0.35	0	0	0	29.308756769106658	0.011699062674133731	-1.199242968143855	0.18337770443936724	YES	P01116	KRAS	A
25	Q	25	62.109	115.838	16.509	-0.65	0	0	0	29.308756769106658	0.02550418454606381	-1.46797902153212	-0.23859350550295746	NO	P01116	KRAS	A
27	H	27	60.365	118.115	12.176	-1.25	0	0	0	29.308756769106658	0.005273797047808981	-0.9724760744847021	-0.7687129431650542	NO	P01116	KRAS	A
28	F	28	60.351	117.678	8.341	-0.65	0	0	0	29.308756769106658	0.0023332889577493774	-0.954042150577425	-0.12851405943104663	NO	P01116	KRAS	A
29	V	29	63.749	118.177	6.722	-0.95	0	0	0	29.308756769106658	0.0023332889577493774	-1.0776983790805308	0.04160872086190649	YES	P01116	KRAS	A
30	D	30	63.355	119.663	3.19	-0.35	0	0	0	29.308756769106658	0.0023332889577493774	-1.4549598902698182	0.04692505774606129	YES	P01116	KRAS	A
31	E	31	67.127	119.646	2.485	-0.65	0	0	0	29.308756769106658	0.11552784783274805	-1.8657223912763947	-0.7522975871718746	NO	P01116	KRAS	A
32	Y	32	68.932	116.572	1.021	-0.35	0	0	0	8.760356635335212	0.028797861768285853	-1.8657223912763947	0.18337770443936724	YES	P01116	KRAS	A
33	D	33	72.163	116.084	3.107	1.15	0	0	0	6.664081746758999	0.012789423487707317	-1.7175340641520027	-0.4037126746108236	NO	P01116	KRAS	A
34	P	34	73.575	112.583	2.306	-1.55	0	0	2	8.7047787909163	0.0030189468948412976	-1.5979814566954003	0.09426577190496323	YES	P01116	KRAS	A
35	T	35	74.223	110.347	5.37	-0.05	0	0	0	8.7047787909163	0.0030189468948412976	-1.6143425784358443	0.5451721505290474	YES	P01116	KRAS	A
36	I	36	77.3	108.203	6.194	-0.95	0	0	1	6.664081746758999	0.012789423487707317	-1.1580866943925507	-0.6631856546374705	NO	P01116	KRAS	A
37	E	37	76.166	106.898	9.582	-0.35	0	0	0	10.27905547280687	0.014227853870782214	-1.212744259676059	0.30033711589077255	YES	P01116	KRAS	A
38	D	38	74.143	108.654	12.382	-0.05	0	0	0	29.308756769106658	0.02550418454606381	-1.5513152274889697	0.0497098056377614	YES	P01116	KRAS	A
39	S	39	72.481	107.303	15.577	0.25	0	0	0	7.363613052653688	0.056675922058406936	-1.5591184677129728	0.41729652734217776	NO	P01116	KRAS	A
40	Y	40	69.449	108.459	17.638	1.75	0	0	0	8.760356635335212	0.028797861768285853	-1.676185776977708	0.23136105272712323	YES	P01116	KRAS	A
41	R	41	67.501	107.349	20.777	-0.95	0	0	0	3.773767165932337	0.35883988969288433	-1.6803254164819337	-0.0064694561774064005	NO	P01116	KRAS	A
42	K	42	63.845	107.749	21.857	1.15	0	0	0	4.246787725322921	0.0870778933583003	-1.3976277825219052	-0.6683267276683015	NO	P01116	KRAS	A
43	Q	43	61.802	106.397	24.799	-1.25	0	0	0	2.7411209493922972	0.6153039338157305	-1.3787239315590463	-1.344891938525661	NO	P01116	KRAS	A
44	V	44	58.265	105.292	23.791	0.25	0	0	0	1.3326364560904085	0.9999999999999999	-1.0324179101394944	-1.1917814362620032	NO	P01116	KRAS	A
45	V	45	55.359	103.139	25.062	-0.65	0.157258064516129	0	0	0.8642865293808322	1	-0.6635743747702078	-1.0641893510422884	NO	P01116	KRAS	A
46	I	46	54.277	100.305	22.691	1.15	0.180883864337102	0	0	0.3096507311380586	0.23318588065360668	-0.11207108016975317	-0.9750774185078844	NO	P01116	KRAS	A
47	D	47	51.468	97.869	23.7	1.75	0.210274790919952	0	0	0.19677661366958601	0.17343319112829092	0.1771378584776631	-0.674324646204271	NO	P01116	KRAS	A
48	G	48	51.797	99.071	27.324	-0.65	0.211031175059952	0	0	0.8688157446650802	1	-0.46096531239859717	-0.9602254297521504	NO	P01116	KRAS	A
49	E	49	55.564	98.382	27.537	-0.95	0.211031175059952	0	0	0.27248822129378913	0.32924788460178656	-0.5132440460441356	-1.7659458197507196	NO	P01116	KRAS	A
50	T	50	58.055	101.232	28.03	-0.95	0.209677419354839	1	1	0.8642865293808322	1	-1.033187090803583	-1.4494674122939764	NO	P01116	KRAS	A
52	L	52	64.118	102.524	24.423	-0.65	0.17921146953405	0	0	1.181736159531125	1	-1.0827436011209155	-0.7664744855296206	NO	P01116	KRAS	A
53	L	53	64.55	102.693	20.608	1.45	0.179591836734694	0	1	0.8486053789596691	1	-0.915235755523018	-0.12851405943104663	NO	P01116	KRAS	A
54	D	54	68.226	102.92	19.469	-0.35	0.180883864337102	0	0	0.47760176558673806	0.4526283926949853	-1.1358133770592223	0.2909265885326135	NO	P01116	KRAS	A
55	I	55	67.982	103.855	15.773	1.15	0.158273381294964	0	0	1.519321091532275	0.5461311698293805	-1.0566354603807657	0.807161232180195	NO	P01116	KRAS	A
56	L	56	70.918	103.68	13.267	0.25	0.157258064516129	0	0	2.318431742008245	0.22477299462116176	-1.1806616756404642	0.7291882912125918	NO	P01116	KRAS	A
57	D	57	70.386	105.721	10.056	1.75	0.157823741007194	0	0	5.93484372961938	0.005159305744694902	-1.290154215984104	0.7565841893903983	YES	P01116	KRAS	A
58	T	58	72.589	104.347	7.155	0.25	0.157706093189964	0	1	5.231215295498266	0.01084137156705641	-1.1370076089663508	0.6347999942518086	YES	P01116	KRAS	A
59	A	59	74.047	105.489	3.822	0.25	0.254151624548737	0	1	11.232955495649636	0.0010758236057019335	-1.2774509669211587	-0.0973248830440052	NO	P01116	KRAS	A
60	G	60	72.121	104.75	0.71	-0.35	0.34434270765206	1	2	6.375724490461564	0.008197072129554651	-1.1648181398920456	0.18337770443936724	YES	P01116	KRAS	A
62	E	62	77.932	102.564	-0.18	-0.65	0.421744324970131	0	0	6.664081746758999	0.012789423487707317	-0.8128695257279811	-2.0466484072340925	NO	P01116	KRAS	A
63	E	63	80.393	100.03	-1.782	-0.95	0.463047743623283	0	1	4.881192386551321	0.20067810147596468	-0.0924836747391064	-2.765417153971819	NO	P01116	KRAS	A
64	Y	64	81.317	96.818	0.125	-1.55	0.510791366906475	0	0	29.308756769106658	0.49364791288566245	0.1296180636323762	-2.5102329835323896	NO	P01116	KRAS	A
65	S	65	82.497	97.807	3.612	-0.65	0.507142857142857	0	0	29.308756769106658	0.054699837367713944	-0.00203404041290766	-1.9374862898794476	NO	P01116	KRAS	A
66	A	66	83.55	95.504	6.463	-0.65	0.559495665878645	0	0	29.308756769106658	0.24047186932849354	0.21399398253066929	-1.99986464265353	NO	P01116	KRAS	A
67	M	67	82.682	98.389	8.844	-0.05	0.561486753657572	0	0	4.881192386551321	0.20067810147596468	-0.11293616489112036	-1.9448249196175749	NO	P01116	KRAS	A
68	R	68	79.066	98.554	7.467	-0.65	0.505714285714286	0	0	2.7355889648635645	0.1926550163262922	-0.35561555674436474	-0.8122767725315695	NO	P01116	KRAS	A
69	D	69	78.667	94.778	7.973	-0.35	0.506093189964158	0	0	1.8328887260467464	0.6751634661267234	-0.0273881709790952	-1.2981081739450988	NO	P01116	KRAS	A
70	Q	70	79.845	95.187	11.615	-0.35	0.505714285714286	0	0	0.8642865293808322	1	0.20734117748233888	-1.005709645316586	NO	P01116	KRAS	A
71	Y	71	77.064	97.641	12.643	0.55	0.502491103202847	0	1	1.5272464241264119	0.7119096803657817	-0.5550094753052068	-0.02455013814090867	NO	P01116	KRAS	A
72	M	72	74.396	95.695	10.716	0.85	0.502127659574468	0	1	1.3724184787279703	0.737120523030915	-0.4103257474223467	-0.10178047967072545	NO	P01116	KRAS	A
73	R	73	75.278	92.574	12.638	-0.35	0.454866688082236	0	0	0.8542201761935447	1	-0.12477880674227215	-0.41641414915758257	NO	P01116	KRAS	A
74	T	74	74.299	94.325	15.913	-0.05	0.498245614035088	1	0	0.8542201761935447	1	-0.4079138029700665	0.21173150115485942	NO	P01116	KRAS	A
75	G	75	70.849	95.34	14.552	1.15	0.498245614035088	1	0	1.0550312680036837	0.9999999999999999	-0.2878689999217998	0.7002269131389103	NO	P01116	KRAS	A
76	E	76	67.853	93.396	15.863	-0.65	0.414319248826291	0	0	0.5552314423761635	0.517565998699761	0.01976280301654994	0.5044427554824404	NO	P01116	KRAS	A
77	G	77	65.362	94.584	13.247	1.45	0.413145539906103	1	0	0.3027368674462974	0.11265124803751075	0.22400412537061923	0.7135937030190711	NO	P01116	KRAS	A
78	F	78	65.44	96.458	9.934	0.25	0.413427561837456	0	0	0.4630437192733484	0.3443120259788085	0.05078710419919047	0.7474372773964988	NO	P01116	KRAS	A
79	L	79	63.232	99.044	8.136	1.15	0.410798122065728	0	0	0.588867444095502	0.3928853684729391	0.1584169528886586	1.3208653138491124	NO	P01116	KRAS	A
80	C	80	63.692	98.426	4.385	0.55	0.409356725146199	0	0	0.5019825325035056	0.2600312389809521	0.0489481458232735	1.2562853721535912	NO	P01116	KRAS	A
81	V	81	62.677	101.756	2.739	1.75	0.406759906759907	0	0	1.223435490555417	0.7909004240625359	-0.10955179555425518	1.5410242059929338	NO	P01116	KRAS	A
82	F	82	61.885	102.605	-0.906	1.15	0.524812030075188	0	0	0.8031014178472295	0.7882265164418522	0.14364466120693808	0.9942962905024435	NO	P01116	KRAS	A
83	A	83	60.223	105.697	-2.451	0.85	0.528169014084507	0	0	1.0981946465803736	1	0.5456765550601953	1.36411081052022	NO	P01116	KRAS	A
84	I	84	56.873	105.161	-4.216	1.15	0.528169014084507	0	0	0.48622340527482666	0.2474139209868486	1.0916984945232096	1.0410800550830057	NO	P01116	KRAS	A
85	N	85	57.985	107.455	-7.122	-0.05	0.527472527472528	0	0	1.3724184787279703	0.737120523030915	0.922023290367782	0.8445882438446447	NO	P01116	KRAS	A
86	N	86	61.307	105.62	-7.735	0.55	0.531187122736419	0	0	1.9766501730658268	0.3483722927781691	0.3514129165159047	0.6200261738579468	NO	P01116	KRAS	A
87	T	87	61.016	102.147	-9.334	-0.95	0.527819548872181	0	0	0.15113289833975255	0.08733513857987363	0.5809936441413651	-0.29863683972399974	NO	P01116	KRAS	A
88	K	88	64.745	101.439	-9.042	-0.65	0.529678068410463	0	0	2.369502150321284	0.4315360657217659	-0.27928402229283344	0.13882173817216523	NO	P01116	KRAS	A
89	S	89	64.598	101.965	-5.225	1.75	0.465106007067138	0	0	1.1656961767042309	1	-0.19726016373763341	0.38459819725898914	NO	P01116	KRAS	A
90	F	90	61.85	99.29	-5.098	0.85	0.416370106761566	0	0	0.4630437192733484	0.3443120259788085	0.4505187002165378	-0.23544837847233147	NO	P01116	KRAS	A
91	E	91	63.896	96.86	-7.235	-0.65	0.248763250883392	0	0	0	0.0176184976547953	0.14060965801158146	-0.6980555412813677	NO	P01116	KRAS	A
92	D	92	66.856	97.495	-4.82	-0.95	0.25017667844523	0	0	1.8990339127760403	0.48143742465840694	-0.6198374380889574	-0.5353294036098475	NO	P01116	KRAS	A
93	I	93	64.847	96.103	-1.837	-0.05	0.211469534050179	0	0	0.3814202097608857	0.27919802027518587	0.008014591105660324	0.3118037248565966	NO	P01116	KRAS	A
94	H	94	65.8	92.493	-2.868	-1.55	0.212230215827338	0	0	0	0.0176184976547953	-0.02503312428587577	-0.3530761294177447	NO	P01116	KRAS	A
95	H	95	69.737	93.781	-1.033	-1.55	0.212394705174489	1	0	0.8642865293808322	1	-0.5884761463637784	-0.5740737221030665	NO	P01116	KRAS	A
96	Y	96	68.996	94.983	0.977	-1.55	0.210872162485066	0	0	1.5272464241264119	0.7119096803657817	-0.46184526562559775	-0.10016026271555444	NO	P01116	KRAS	A
98	E	98	69.951	89.582	0.837	-0.65	0.359183673469388	0	0	0	0.21234119782214156	-0.08337137106523235	-2.1476028465921475	NO	P01116	KRAS	A
99	Q	99	72.63	91.791	2.553	-0.05	0.419047619047619	0	0	0.8688157446650802	1	-0.2404315406412622	-1.6399895304953604	NO	P01116	KRAS	A
100	I	100	70.731	91.521	5.893	1.45	0.417857142857143	0	0	0.3096507311380586	0.23318588065360668	-0.20675037113250327	-0.6097184951168282	NO	P01116	KRAS	A
101	K	101	70.292	87.709	5.676	-0.35	0.420549581839904	0	0	0.19677661366958601	0.17343319112829092	0.09540988070074738	-1.2138973977000873	NO	P01116	KRAS	A
102	R	102	74.045	87.342	4.874	-0.35	0.420549581839904	0	0	0.42287624596394563	0.5931099299974072	0.012940395077777082	-1.8959007213633925	NO	P01116	KRAS	A
103	V	103	75.284	89.529	7.732	0.25	0.422382671480144	0	0	0.5574230193240661	0.6556732740943266	0.08261380095333196	-1.6255945260090336	NO	P01116	KRAS	A
104	K	104	72.872	88	10.298	0.25	0.506859205776173	0	0	0.4028707382200546	0.4023007776731709	0.14477883050822565	-0.6573740068634877	NO	P01116	KRAS	A
105	D	105	73.436	84.454	9.013	-0.05	0.508695652173913	0	0	0.8688157446650802	1	0.127986465620078	-1.3760811149127024	NO	P01116	KRAS	A
106	S	106	69.682	83.819	9.166	-0.95	0.508695652173913	0	0	0	0.46551724137931033	0.13962568290503433	-1.2513244093645368	NO	P01116	KRAS	A
107	E	107	66.623	83.441	6.93	-0.95	0.512408759124088	0	0	0	0.09479517759917033	0.42652115885883285	-1.122669056767991	NO	P01116	KRAS	A
108	D	108	64.227	84.773	9.645	-0.95	0.509090909090909	1	0	0	0.0413651684069107	0.6560677667342685	-0.783486763558916	NO	P01116	KRAS	A
109	V	109	65.244	88.392	10.529	-0.05	0.636363636363636	0	0	0.0823439713586378	0.008796162433681554	0.4520976024262175	-0.09927420656819524	NO	P01116	KRAS	A
110	P	110	62.616	90.938	11.843	1.75	0.635379061371841	0	0	0.12168177602202596	0.007593343492185682	0.6535647265077815	0.3535004847323204	NO	P01116	KRAS	A
111	M	111	61.905	93.418	8.99	0.55	0.635869565217391	0	0	0	1.949311681094873e-5	0.7379962920682314	0.4796748801162606	NO	P01116	KRAS	A
112	V	112	59.201	95.826	7.741	1.15	0.635379061371841	1	0	0	6.356451134005004e-6	0.9240547598673848	0.69577131651219	NO	P01116	KRAS	A
113	L	113	58.84	97.057	4.129	1.15	0.696748506967485	0	0	0.03800433849333832	8.942654291467826e-5	0.9948973286776805	0.39130554701964315	NO	P01116	KRAS	A
114	V	114	58.268	100.86	3.981	1.15	0.699300699300699	0	0	0.4145263778760369	0.15326668367169938	0.7824800883057009	1.7012509552753816	NO	P01116	KRAS	A
115	G	115	56.962	102.73	0.895	1.45	0.792506386602328	0	0	0.4307423345811606	0.16335228971146917	0.9561848521752621	1.2360124075020145	NO	P01116	KRAS	A
116	N	116	57.765	106.438	1.541	1.75	0.792506386602328	0	1	1.353349615567748	0.7734387446294183	0.6436085155988938	1.8733958668069592	NO	P01116	KRAS	A
117	K	117	56.83	109.768	-0.193	1.75	0.858548585485855	1	1	3.725410132693615	0.06591788186888355	0.9106528427074813	1.5226776316476154	NO	P01116	KRAS	A
118	C	118	53.127	108.836	-0.497	0.25	0.861728395061728	0	0	1.519321091532275	0.5461311698293805	1.3988434127549758	0.8373443061031385	NO	P01116	KRAS	A
119	D	119	52.238	112.556	-0.635	1.75	0.864197530864198	0	1	6.074605459457498	0.10833491577764427	1.5947386008655304	1.0410800550830057	NO	P01116	KRAS	A
120	L	120	53.779	113.001	-4.122	1.75	0.948969246367016	0	0	2.947074432855632	0.2633118969353561	1.560887926452793	0.9475125259218814	NO	P01116	KRAS	A
121	P	121	51.717	112.82	-7.344	-0.95	0.975	0	0	0.8642865293808322	1	1.6268771450988109	0.18337770443936724	NO	P01116	KRAS	A
122	S	122	54.397	110.851	-9.258	-0.65	0.902564102564103	0	0	0.5574230193240661	0.6556732740943266	1.5095192246038742	-0.1908924122051294	NO	P01116	KRAS	A
123	R	123	53.65	107.29	-8.014	-0.35	0.952521525215252	0	0	0.621275662571333	0.6939040353886432	1.4095958570978868	0.2925398217940122	NO	P01116	KRAS	A
124	T	124	55.343	104.561	-10.106	-0.65	0.999148453022992	1	0	0.0823439713586378	0.008796162433681554	1.2857013822488197	-0.24547347088245186	NO	P01116	KRAS	A
125	V	125	55.033	101.637	-7.628	-0.35	1.00746268656716	0	0	0.16890358472322728	0.03401216042975823	1.4068650615724179	-0.2253080551149682	NO	P01116	KRAS	A
126	D	126	51.524	100.421	-6.901	-0.65	1.01503759398496	1	0	0	0.002953463685237816	1.5825392472904458	-0.8414095197062785	NO	P01116	KRAS	A
127	T	127	50.294	99.488	-3.393	-0.95	1.00835494093921	1	0	0.0695584855392764	0.0037961285942312395	1.6899977464741984	0.1709020338845507	NO	P01116	KRAS	A
128	K	128	49.331	96.005	-4.585	-0.65	0.989661654135338	1	0	0	4.4012400015308725e-4	2.0035052538509257	-0.6789112897906007	NO	P01116	KRAS	A
129	Q	129	52.824	95.321	-6.004	-0.35	0.917832167832168	0	0	0	4.4012400015308725e-4	1.5892598359171783	-1.1577568802034126	NO	P01116	KRAS	A
130	A	130	54.496	96.3	-2.694	1.45	0.911756168359942	3	0	0.05092797827536761	6.309513541971096e-4	1.2663201329732339	-0.12851405943104663	NO	P01116	KRAS	A
131	Q	131	51.979	94.291	-0.656	-0.65	0.909143686502177	0	0	0	1.949311681094873e-5	1.8334773374492381	-0.5573652347528658	NO	P01116	KRAS	A
132	D	132	52.683	91.207	-2.868	-0.95	0.919553728714034	0	0	0	1.616782041378685e-4	2.0050034298702597	-1.6359909181380474	NO	P01116	KRAS	A
133	L	133	56.441	91.595	-2.327	-0.65	0.913424978063761	0	0	0	5.72610306321617e-5	1.4626790605738687	-1.1390433743711879	NO	P01116	KRAS	A
134	A	134	55.958	91.881	1.465	1.45	0.903123192596877	0	0	0	5.72610306321617e-5	1.4593034172426178	-0.5243766828050336	NO	P01116	KRAS	A
135	R	135	53.639	88.787	1.479	-1.25	0.903123192596877	0	0	0	4.4012400015308725e-4	1.8586494591783653	-1.1226690567679911	NO	P01116	KRAS	A
136	S	136	56.315	86.834	-0.424	-0.95	0.895624821275379	1	0	0	0.002953463685237816	1.7104844277785345	-1.5632161732349508	NO	P01116	KRAS	A
137	Y	137	58.799	87.672	2.382	-0.05	0.897147796024201	0	0	0	4.4012400015308725e-4	1.079226928634832	-1.142162292009892	NO	P01116	KRAS	A
138	G	138	56.313	87.057	5.251	-0.95	0.903123192596877	2	0	0	0.0073133386491603105	1.5091804794822525	-1.2119275549809057	NO	P01116	KRAS	A
139	I	139	56.718	90.682	6.549	0.55	0.935309973045822	0	0	0	1.949311681094873e-5	1.4280948484240952	-0.06613570665696378	NO	P01116	KRAS	A
140	P	140	54.468	93.751	7.044	-0.95	0.913424978063761	0	0	0	1.949311681094873e-5	1.5912717710179443	0.13464461633461508	NO	P01116	KRAS	A
141	F	141	54.105	96.603	4.498	0.55	0.912587412587413	1	0	0.03800433849333832	8.942654291467826e-5	1.5827353557805068	0.21173150115485942	NO	P01116	KRAS	A
142	I	142	53.449	100.235	5.59	0.55	0.952315608919383	1	0	0.10446410427824947	0.0033711967746806303	1.4718897358131384	1.0548399858419946	NO	P01116	KRAS	A
143	E	143	52.996	103.327	3.372	1.75	1.04360902255639	0	0	0.2862197891574305	0.04461083440457071	1.4552263503559892	1.10987970887795	NO	P01116	KRAS	A
144	T	144	54.519	106.553	4.844	0.55	0.920075757575757	0	0	3.1144835164982982	0.08716061100379191	0.7165144682683868	1.8987824057266443	NO	P01116	KRAS	A
145	S	145	55.099	110.241	4.243	1.75	0.949571183533448	0	0	5.606680860107381	0.016906023088059587	0.46138965613851335	1.6577751336449604	NO	P01116	KRAS	A
146	A	146	57.862	111.948	6.263	1.75	0.778867924528302	0	1	17.96632280772362	6.384618937069415e-4	-0.016137368142389523	1.1279641893040493	YES	P01116	KRAS	A
147	K	147	56.24	115.278	5.185	-0.35	0.782509505703422	0	2	15.754685541692593	0.0014499594194276153	-0.0043788863377366375	0.6948801971868462	YES	P01116	KRAS	A
148	T	148	52.726	114.654	6.359	-0.05	0.780228136882129	0	0	13.75516501906756	0.003194492353009102	0.5593433340630274	0.8962731647145994	NO	P01116	KRAS	A
149	R	149	53.795	112.216	9.127	-0.65	0.827514690632561	0	0	6.664081746758999	0.012789423487707317	0.2167703607972843	0.19537354151130637	NO	P01116	KRAS	A
150	Q	150	51.476	109.485	7.784	-0.95	0.827514690632561	0	0	4.2917783451412665	0.03651451283887808	1.202501003162675	1.430944759921023	NO	P01116	KRAS	A
152	V	152	55.883	107.249	10.669	0.55	0.862893081761006	0	0	3.101005193125248	0.13143020313198273	0.38161776938768993	0.91409555122148	NO	P01116	KRAS	A
154	D	154	53.423	102.937	12.831	-0.65	0.859649122807018	1	0	0.24724982063928327	0.1284856273465421	1.2744895967289684	0.8851341731477985	NO	P01116	KRAS	A
155	A	155	56.539	101.872	10.824	0.55	0.853932584269663	0	0	0.697153996414789	0.5639709855080235	0.8225018283880533	1.2257528100062771	NO	P01116	KRAS	A
156	F	156	58.835	101.939	13.9	1.75	0.812075983717775	0	0	0.8288264326329445	0.7761041711631897	0.04372589060784033	1.0198147075463864	NO	P01116	KRAS	A
157	Y	157	56.255	100.49	16.319	-0.95	0.857142857142857	0	0	0.22016376614638533	0.04867329678179027	0.27389684288820804	0.12667011100838288	NO	P01116	KRAS	A
158	T	158	55.382	97.652	13.874	-0.65	0.862155388471178	1	0	0	4.4012400015308725e-4	1.1752055871870677	1.0497437151905171	NO	P01116	KRAS	A
159	L	159	59.114	96.736	13.678	0.55	0.894554883318928	0	0	0.18773761822671486	0.02480657478821144	0.6588606695418279	1.0150890747604713	NO	P01116	KRAS	A
160	V	160	59.288	96.52	17.514	0.85	0.966292134831461	1	0	0.3027368674462974	0.11265124803751075	0.07932671041601937	0.15738672411683285	NO	P01116	KRAS	A
161	R	161	56.255	94.196	17.475	0.85	0.966292134831461	0	0	0	0.002953463685237816	0.75267505213131225	0.2457560572134501	NO	P01116	KRAS	A
162	E	162	58.038	91.987	14.868	-0.65	0.967105263157895	0	0	0	4.4012400015308725e-4	1.0455405819094736	0.3206100805423495	NO	P01116	KRAS	A
163	I	163	61.184	91.833	17.087	1.15	0.967105263157895	0	0	0.26061910797946125	0.091314206914146	0.49817376104086286	0.4472861200220253	NO	P01116	KRAS	A
164	R	164	59.025	90.823	20.121	0.85	0.991902834008097	1	0	0.4028707382200546	0.4023007776731709	0.4093291849212543	0.05862099889120173	NO	P01116	KRAS	A
