Uniprot_position	aminoacid	Position_in_structure	x	y	z	paraz	mtr	gscount	pscount	OR	pvalue	mtr3dscore	paraz3dscore	HotSpot3D	Uniprot
2	S	2	34.8	53.69	7.127	-0.65	0.34280303030303	0	0	0	0.5263157894736843	-0.6988585033200316	-5.7319682541014725	NO	P68400
3	G	3	31.432	53.291	8.888	0.49	0.302737520128824	0	0	0	0.5263157894736843	-0.18894961618568998	-4.22732549405369	NO	P68400
4	P	4	29.706	50.174	10.21	0.49	0.298850574712644	0	0	0	0.5263157894736843	-0.011061274065710796	-2.2757274355666604	NO	P68400
5	V	5	29.679	46.737	8.581	-0.36	0.296296296296296	1	0	0	0.28548644338118023	0.021347205114514683	-2.7820567490127877	NO	P68400
6	P	6	26.31	45.84	6.952	-0.65	0.39811320754717	0	0	0	0.14635430772471492	-0.11652874443262805	-1.3713260529776141	NO	P68400
7	S	7	24.068	43.024	8.251	0.49	0.39578313253012	0	0	0	0.28548644338118023	-0.1378681430171268	-0.7810021293188706	NO	P68400
8	R	8	21.078	40.916	7.131	0.49	0.398823529411765	0	0	0	0.28548644338118023	-0.02760726470618327	-0.5794874739553286	NO	P68400
9	A	9	18.641	38.603	8.927	0.49	0.396067415730337	0	0	1.154868148297131	1	-0.4829056795969178	-0.044122092668460566	NO	P68400
10	R	10	19.867	34.959	8.921	0.49	0.397826086956522	0	0	3.5962401732455396	0.547846889952153	-0.9478765190692292	-0.16025243919551166	NO	P68400
11	V	11	16.243	33.99	8.234	0.49	0.363157894736842	0	0	3.5962401732455396	0.547846889952153	-0.5150373456821157	-0.4216578138104566	NO	P68400
12	Y	12	13.188	35.386	6.49	0.49	0.361329026303646	0	0	0	1	0.1103231628423654	-0.8655537329679097	NO	P68400
13	T	13	15.615	37.775	4.776	-0.65	0.40422322775264	0	0	0	0.2894736842105263	0.18016986707624236	-0.9036019546099773	NO	P68400
14	D	14	13.66	38.521	1.554	-0.08	0.406330511593669	0	0	0	0.2894736842105263	0.08104010641249441	-1.4008021456331288	NO	P68400
15	V	15	10.098	37.654	2.378	0.49	0.404112017015243	0	0	0	1	-0.007951476651689859	-1.7089559793670712	NO	P68400
16	N	16	8.961	41.221	1.812	0.49	0.402472527472527	0	0	0	1	0.10226292625450056	-1.3653476567600054	NO	P68400
17	T	17	10.75	41.527	-1.543	-0.08	0.40053050397878	0	0	0	0.2894736842105263	-0.03176192956630992	-2.308567768578171	NO	P68400
18	H	18	8.704	38.579	-2.819	-1.22	0.431944444444444	0	0	0	1	-0.501240476910111	-3.2551934310988675	NO	P68400
19	R	19	5.084	41.159	-2.794	0.49	0.430894308943089	0	0	0	1	-0.6945701371072452	-2.9539783430991666	NO	P68400
20	P	20	3.412	42.602	-3.836	-0.65	0.536890645586298	0	0	0	1	-0.6896437272346927	-1.990090061500125	NO	P68400
21	R	21	4.49	46.177	-2.877	0.49	0.38953488372093	1	0	0.8523487179281668	1	-0.5080262059399779	-1.775540367240689	NO	P68400
22	E	22	0.991	46.739	-1.405	0.49	0.434343434343434	0	0	1.7702841143866326	0.620414673046252	-0.5308031039391403	-1.276741531766393	NO	P68400
23	Y	23	1.937	44.345	1.441	0.49	0.435994930291508	0	0	1.154868148297131	1	-0.23416275315630775	-1.057398406075039	NO	P68400
24	W	24	4.743	46.461	2.935	0.49	0.389433962264151	0	0	1.154868148297131	1	-0.0076069381993895775	-0.7615296387815166	NO	P68400
25	D	25	4.179	49.832	1.247	0.49	0.388636363636364	0	0	1.154868148297131	1	-0.08473820939221811	-0.09850158466382995	NO	P68400
26	Y	26	2.012	51.065	4.065	0.49	0.388636363636364	0	0	1.154868148297131	1	-0.24423197254747928	-0.23861924961466657	NO	P68400
27	E	27	2.203	54.778	3.245	0.49	0.390458015267176	0	1	1.154868148297131	1	-0.6187490257889031	0.006096435559453676	NO	P68400
28	S	28	-0.171	54.022	0.362	-0.36	0.437179487179487	1	0	1.154868148297131	1	-0.6424392456085345	-0.21139132578850464	NO	P68400
29	H	29	-2.683	52.04	2.431	0.49	0.435897435897436	0	0	1.154868148297131	1	-0.4707278638782948	-0.5794874739553286	NO	P68400
30	V	30	-6.239	53.495	2.325	0.49	0.433333333333333	0	0	1.7702841143866326	0.620414673046252	-0.5709769096669546	-2.1676484291631066	NO	P68400
31	V	31	-8.2	53.178	5.575	-0.65	0.485209923664122	0	0	1.7702841143866326	0.620414673046252	-0.7505017087909719	-1.173321570250411	NO	P68400
32	E	32	-11.798	52.08	5.13	-0.93	0.481939163498099	0	0	0	0.5263157894736843	-0.5296921285456453	-2.2071058441993245	NO	P68400
33	W	33	-13.712	53.44	8.158	0.49	0.430925221799746	0	0	0	0.5263157894736843	-1.0085439662604887	-1.8238052409903487	NO	P68400
34	G	34	-16.168	51.424	10.271	0.49	0.481132075471698	0	0	0	0.2894736842105263	-1.080980401567042	-1.5025091471240015	NO	P68400
35	N	35	-19.14	52.927	12.035	0.49	0.481534090909091	1	0	0	1	-1.334047445772665	-0.6648355782184526	NO	P68400
36	Q	36	-18.24	54.628	15.303	0.49	0.481534090909091	0	0	0	0.5263157894736843	-1.555357790393089	0.5712404145578244	NO	P68400
37	D	37	-21.88	54.457	16.553	0.49	0.368278109722977	0	0	0	0.5263157894736843	-1.3827522397352827	0.49884214486342077	NO	P68400
38	D	38	-21.378	50.674	16.548	0.49	0.319811320754717	0	0	0	0.5263157894736843	-1.6578208396998395	0.011277712281380898	NO	P68400
39	Y	39	-19.407	51.009	19.759	0.49	0.321022727272727	0	0	0	0.5263157894736843	-1.8133816271016407	0.324932846410556	NO	P68400
40	Q	40	-20.48	52.401	23.159	0.49	0.321969696969697	0	0	0	0.2894736842105263	-1.9300747859916136	1.1336219622004726	NO	P68400
41	L	41	-17.63	53.01	25.626	0.49	0.319548872180451	0	0	0	0.5263157894736843	-1.9169235280312666	1.1336219622004726	NO	P68400
42	V	42	-17.952	51.213	28.998	0.49	0.420987654320988	0	0	0	0.5263157894736843	-2.131733343806344	1.008673481252449	NO	P68400
43	R	43	-14.882	52.092	31.09	0.49	0.420987654320988	1	0	1.7702841143866326	0.620414673046252	-1.9339831862750045	1.0284021887705577	NO	P68400
44	K	44	-11.244	53.196	30.738	0.49	0.360569319978914	0	0	7.925910669210703	0.0563178959405375	-1.7573402196678842	1.3835189240965209	NO	P68400
45	L	45	-8.769	50.359	30.882	0.49	0.364021164021164	0	0	7.925910669210703	0.0563178959405375	-2.0016597770264313	0.6526989760343944	NO	P68400
46	G	46	-5.525	52.305	30.852	0.49	0.366737739872068	0	0	13.337551751372146	0.007828649338083306	-1.5326398280354059	1.3835189240965209	YES	P68400
47	R	47	-3.406	55.146	29.508	0.49	0.368869936034115	0	2	13.337551751372146	0.007828649338083306	-1.5178231504099333	1.3835189240965209	YES	P68400
48	G	48	-0.565	54.668	27.043	0.49	0.368869936034115	0	0	43.82275013291222	1.231472929586134e-4	-0.9281565441990991	1.3835189240965209	YES	P68400
49	K	49	2.141	56.868	25.581	0.49	0.366895097522404	0	0	43.82275013291222	3.2671730784938286e-5	-0.8759996165315457	1.3835189240965209	YES	P68400
50	Y	50	0.168	56.933	22.327	0.49	0.369622942113648	0	2	43.82275013291222	8.16793269623457e-6	-1.0346779132699033	1.3835189240965209	YES	P68400
51	S	51	-3.34	55.809	23.339	0.49	0.214197530864198	0	2	43.82275013291222	3.2671730784938286e-5	-1.5036657139447844	1.3835189240965209	YES	P68400
52	E	52	-6.241	55.741	25.766	0.49	0.214197530864198	0	0	13.337551751372146	0.007828649338083306	-1.7531210482090578	1.3835189240965209	YES	P68400
53	V	53	-7.623	52.208	26.069	0.49	0.215613382899628	0	0	16.58429871827503	0.0026564630338215193	-1.7425194984852275	1.0365657918814997	YES	P68400
54	F	54	-11.26	51.467	26.85	0.49	0.216232961586121	0	0	3.89626755160738	0.1792638014087864	-2.0346698904542047	0.823223630582224	NO	P68400
55	E	55	-13.645	48.581	27.249	0.49	0.183974696889826	0	0	0	0.5263157894736843	-2.2001355126165	0.5712404145578244	NO	P68400
56	A	56	-16.651	48.966	24.891	0.49	0.184126984126984	0	0	0	0.5263157894736843	-2.1292175866364786	0.8412976723084921	NO	P68400
57	I	57	-19.746	47.236	23.601	0.49	0.161111111111111	1	0	0	0.5263157894736843	-2.24717224321855	0.7370243546569476	NO	P68400
58	N	58	-20.492	46.579	19.987	0.49	0.161710037174721	0	0	0	0.5263157894736843	-2.040162658756847	0.3012583973888251	NO	P68400
59	I	59	-24.21	47.303	20.112	0.49	0.161847014925373	0	0	0	0.5263157894736843	-2.10181724337156	1.008673481252449	NO	P68400
60	T	60	-24.993	45.677	16.748	0.49	0.186034115138593	0	0	0	0.5263157894736843	-2.139555369398412	0.9015747832970001	NO	P68400
61	N	61	-24.04	42.245	18.166	0.49	0.186034115138593	0	0	0	1	-2.6019329098297277	0.8212507598304133	NO	P68400
62	N	62	-23.707	42.836	21.933	0.49	0.184656084656085	0	0	0	1	-2.6264535085021867	0.864502157081652	NO	P68400
63	E	63	-20.093	41.593	21.988	0.49	0.183447548761202	0	0	0	1	-2.5601221415750843	-0.13164581329425343	NO	P68400
64	K	64	-17.395	42.976	24.314	-0.08	0.212287104622871	0	0	0	0.5263157894736843	-2.3648534888446604	0.011277712281380898	NO	P68400
65	V	65	-14.478	44.887	22.674	0.49	0.213064713064713	0	0	0	0.28548644338118023	-2.085708023998977	-0.1553202623159843	NO	P68400
66	V	66	-11.311	46.859	23.479	0.49	0.212121212121212	0	0	1.3264064766344343	0.7005576350164234	-1.859072911441008	-0.4284869817974938	NO	P68400
67	V	67	-11.073	50.322	21.878	0.49	0.36101083032491	0	0	1.860541514738192	0.4490260484302193	-1.7652587836897513	-0.2990579885193499	NO	P68400
68	K	68	-7.722	52.065	21.508	0.49	0.3584229390681	0	0	9.522227314658684	0.002067633083546667	-1.368949625710589	0.46613402450445035	YES	P68400
69	I	69	-8.196	55.793	20.921	0.49	0.357398873527906	0	0	43.82275013291222	4.3981176056647663e-4	-1.6252720425117182	0.7636221668169896	YES	P68400
70	L	70	-4.973	57.131	19.382	0.49	0.359979370809696	0	0	24.628949828245904	2.5320591358327186e-4	-1.242305310996428	0.5177105027303643	YES	P68400
71	K	71	-3.166	60.227	20.531	0.49	0.362042289840124	0	0	43.82275013291222	1.231472929586134e-4	-1.4475890670118297	1.1240105405890863	YES	P68400
72	P	72	-2.174	62.552	17.719	0.49	0.364675324675325	0	0	43.82275013291222	0.004859919954259576	-1.4824738323391982	1.0461580255368559	YES	P68400
73	V	73	0.613	60.866	15.739	0.49	0.255072463768116	0	1	43.82275013291222	4.3981176056647663e-4	-1.1183761109897783	1.3835189240965209	YES	P68400
74	K	74	1.817	61.007	12.114	0.49	0.423586040914561	0	0	43.82275013291222	0.0014953599859260241	-1.0065993318492141	1.3835189240965209	YES	P68400
75	K	75	-0.662	59.328	9.768	0.49	0.42512077294686	0	0	2.7784902384164085	0.34646865878246225	-0.9318051720559789	0.006096435559453676	NO	P68400
76	K	76	2.352	57.33	8.44	0.49	0.366753246753247	0	0	3.89626755160738	0.1792638014087864	-0.36856768563024256	0.006096435559453676	NO	P68400
77	K	77	2.669	55.588	11.852	0.49	0.429440389294404	0	0	8.148568916874536	0.008989752385978806	-0.3557379470338947	0.7370243546569476	YES	P68400
78	I	78	-1.096	54.867	11.986	0.49	0.431013431013431	0	0	12.093735041042164	0.0010743438282579182	-0.6664013128777481	0.07484799206195433	YES	P68400
79	K	79	-1.107	53.391	8.478	0.49	0.431013431013431	0	0	5.145756193142572	0.08789175075173095	-0.2829194499704958	-0.5534814504087303	NO	P68400
80	R	80	1.848	51.224	9.522	0.49	0.431013431013431	0	1	5.145756193142572	0.08789175075173095	-0.07679812499531262	0.43654096322728675	NO	P68400
81	E	81	0.203	49.77	12.634	0.49	0.431013431013431	0	0	5.318244888897702	0.028334260906256944	-0.07419980233174861	0.4085054314910266	YES	P68400
82	I	82	-3.009	49.19	10.763	-0.08	0.470588235294118	1	0	1.9139979119059127	0.4729421521874352	-0.2960609070509525	-0.7579426010509512	NO	P68400
83	K	83	-1.257	47.511	7.874	0.49	0.470588235294118	0	0	1.4488198415331297	0.7120464441219159	-0.057146825085710916	-0.44279571472271617	NO	P68400
84	I	84	0.792	45.294	10.116	0.49	0.473666554847367	0	0	3.1295371147926585	0.1481366696858256	0.38564858207942493	0.4798478821694773	NO	P68400
85	L	85	-2.311	44.312	12.115	0.49	0.476767676767677	0	0	2.4572820291552664	0.2663923960845509	0.31566116685133383	-0.3003262625740855	NO	P68400
86	E	86	-4.227	43.413	8.975	0.49	0.583747927031509	0	0	0.844620498515951	1	-0.1509084659102289	-1.2244889278135065	NO	P68400
87	N	87	-1.304	41.436	7.499	0.49	0.586466165413534	0	0	0.844620498515951	1	0.3463420875619226	0.324932846410556	NO	P68400
88	L	88	-1.036	39.471	10.739	0.49	0.659774436090226	0	0	0.6573021822226325	1	0.9088130835310705	0.07484799206195433	NO	P68400
89	R	89	-4.752	38.788	11.379	0.49	0.664150943396226	1	0	0.6573021822226325	1	0.6382489203779412	-0.7810021293188713	NO	P68400
90	G	90	-5.46	35.072	12.004	0.49	0.666666666666667	0	0	0	0.28548644338118023	0.8386227044359058	-0.7409513696956423	NO	P68400
91	G	91	-1.863	34.37	13.012	0.49	0.664772727272727	0	0	0	0.28548644338118023	1.310890135401777	-0.2342350923884203	NO	P68400
92	P	92	-1.314	32.383	16.174	-0.36	0.669201520912548	1	0	0.8523487179281668	1	1.7734637158985562	0.12581381981706943	NO	P68400
93	N	93	-1.523	34.433	19.361	0.49	0.531320754716981	0	0	0.40565625917721115	0.6419006349492944	1.3187572880146543	0.09883191100553818	NO	P68400
94	I	94	-1.584	37.746	17.45	0.49	0.479835953520164	0	0	1.3264064766344343	0.7005576350164234	1.178781086155874	0.4116204905728334	NO	P68400
95	I	95	-4.243	40.208	18.71	0.49	0.47940074906367	0	0	1.3264064766344343	0.7005576350164234	0.38632780231118075	-0.25129775835002793	NO	P68400
96	T	96	-7.085	40.598	16.215	-0.93	0.48257006151743	0	0	1.0327616532020527	1	-0.04206669957086862	-1.062840808149	NO	P68400
97	L	97	-8.076	44.044	14.873	0.49	0.482124616956078	2	0	1.3264064766344343	0.7005576350164234	-0.35240402422951	-0.49651085115857574	NO	P68400
98	A	98	-11.826	44.033	14.4	-0.65	0.397388059701493	0	0	0	0.14635430772471492	-1.205502992481685	-0.9720887535656986	NO	P68400
99	D	99	-12.589	47.528	13.189	0.49	0.398876404494382	0	0	0	0.14635430772471492	-1.085171281336701	-1.4219032849785844	NO	P68400
100	I	100	-11.183	51.067	12.84	-0.93	0.442786069651741	0	0	0	0.28548644338118023	-1.0187505122016252	-0.8911477319103212	NO	P68400
101	V	101	-13.227	54.202	13.479	0.49	0.439506172839506	0	0	0	0.28548644338118023	-1.1280586351124944	-1.0068367351943683	NO	P68400
102	K	102	-12.998	57.978	13.906	0.49	0.439506172839506	0	0	0	1	-1.1432793453555834	-0.6112726138456153	NO	P68400
103	D	103	-13.345	59.109	17.506	0.49	0.438271604938272	0	0	0	1	-1.3155018836467043	0.5712404145578244	NO	P68400
104	P	104	-15.996	61.896	17.461	0.49	0.439900867410161	0	0	0	1	-1.2553782589199989	0.9618178008969399	NO	P68400
105	V	105	-14.393	63.596	20.475	0.49	0.329291044776119	0	0	0	1	-1.2900661324359004	0.9015747832970001	NO	P68400
106	S	106	-10.651	63.372	19.577	0.49	0.328066914498141	0	0	43.82275013291222	0.13157894736842102	-1.5122528308435266	0.986623749320445	NO	P68400
107	R	107	-11.262	63.277	15.804	-0.08	0.377398720682303	0	0	0	1	-1.2846595747644598	0.9337043926836349	NO	P68400
108	T	108	-8.45	60.647	15.712	0.49	0.221383647798742	0	0	43.82275013291222	0.004859919954259576	-1.3468299956683252	0.4775159711495132	YES	P68400
109	P	109	-8.485	56.943	14.864	0.49	0.222012578616352	0	0	5.145756193142572	0.08789175075173095	-1.1185698887440758	-0.25449700821783006	NO	P68400
110	A	110	-9.698	54.406	17.349	0.49	0.189406099518459	0	0	1.860541514738192	0.4490260484302193	-1.3950576433921071	-0.013850993771494966	NO	P68400
111	L	111	-8.662	50.844	16.666	0.49	0.18816631130064	0	0	2.4572820291552664	0.2663923960845509	-1.0987897978461623	-0.11323235294401861	NO	P68400
112	V	112	-11.094	48.223	17.849	0.49	0.290534979423868	0	0	0	0.14635430772471492	-1.6250921689246147	-0.34009644980266424	NO	P68400
113	F	113	-9.637	44.983	19.121	0.49	0.186083289404323	0	0	1.0327616532020527	1	-1.2274404965223866	-0.7087904894456382	NO	P68400
114	E	114	-10.899	41.548	20.133	0.49	0.188336008560728	0	0	0.40565625917721115	0.6419006349492944	-1.3018823091754053	-0.8961014091249816	NO	P68400
115	H	115	-11.422	41.583	23.895	-0.36	0.187633262260128	0	0	0.5553209549529787	1	-1.3817671040743251	-0.4117934600514018	NO	P68400
116	V	116	-8.894	39.701	26.096	-0.08	0.187265917602996	0	0	0.8523487179281668	1	-0.35738500023013126	-1.0030182756747337	NO	P68400
117	N	117	-9.751	39.087	29.805	0.49	0.185185185185185	0	0	0	0.5263157894736843	-0.6301378227860523	-1.2152899116980245	NO	P68400
118	N	118	-6.288	39.289	31.305	0.49	0.183447548761202	0	0	0	0.5263157894736843	-0.044861844926276616	-0.6335441325549473	NO	P68400
119	T	119	-4.406	38.635	34.533	0.49	0.318933823529412	0	0	0	0.2894736842105263	0.31500685478994683	-0.9034328514026788	NO	P68400
120	D	120	-1.982	41.469	35.573	0.49	0.320110701107011	0	0	0	1	0.004994992005469718	0.20571508526541143	NO	P68400
121	F	121	1.694	40.469	35.081	0.49	0.322490706319703	0	0	0.5553209549529787	1	0.5827423842532953	0.7111645718793645	NO	P68400
122	K	122	2.106	41.954	38.572	0.49	0.42716049382716	0	0	0.8523487179281668	1	0.481584674421574	0.14372540953745772	NO	P68400
123	Q	123	-0.185	39.255	40.068	0.49	0.42998760842627	0	0	0	1	-0.09182560695854125	0.09052978521737441	NO	P68400
124	L	124	0.795	36.659	37.38	0.49	0.559076262083781	0	0	0	0.5263157894736843	0.4981287548688078	0.3500381687248088	NO	P68400
125	Y	125	4.633	36.352	37.356	0.49	0.647388059701493	0	0	0.5553209549529787	1	0.6753939667806756	0.6696984157140301	NO	P68400
126	Q	126	3.867	35.807	41.043	0.49	0.64365671641791	0	0	0	0.5263157894736843	0.3217021413330955	0.4020157250705958	NO	P68400
127	T	127	1.957	32.537	40.691	-0.93	0.638376383763838	1	0	0	0.5263157894736843	0.14123582150436903	0.20571508526541143	NO	P68400
128	L	128	3.677	30.888	37.669	0.49	0.540779220779221	0	0	0	0.14635430772471492	0.3016774452675213	0.5110716360734765	NO	P68400
129	T	129	5.052	27.347	37.836	0.49	0.536874677668901	0	0	0	0.28548644338118023	0.23710364291981037	-0.21732477165861236	NO	P68400
130	D	130	8.08	26.122	35.878	0.49	0.531122448979592	0	0	0	0.14635430772471492	0.4156394443626381	-0.07245969073992627	NO	P68400
131	Y	131	5.645	24.513	33.425	-0.08	0.531490015360983	0	0	0	0.07535827297495616	0.6965953262543492	-0.16897859829006	NO	P68400
132	D	132	3.533	27.636	32.994	0.49	0.531122448979592	0	0	0	0.14635430772471492	1.1253327224600802	-0.3553285385340555	NO	P68400
133	I	133	6.544	29.694	31.951	0.49	0.525492175668854	0	0	0	0.03940250414927672	0.9236368286598807	0.20299572287778014	NO	P68400
134	R	134	7.655	27.069	29.402	0.49	0.525492175668854	1	0	0	0.14635430772471492	0.585857391994742	0.35762613315485076	NO	P68400
135	F	135	4.101	26.936	28.041	0.49	0.527355623100304	0	0	0	0.14635430772471492	1.473436631935412	0.2629283370679273	NO	P68400
136	Y	136	3.675	30.673	27.68	0.49	0.527355623100304	0	0	0	0.07535827297495616	1.2781482986948356	0.9292254428687127	NO	P68400
137	M	137	7.132	31.308	26.28	0.49	0.527355623100304	1	0	0	0.14635430772471492	0.9976810019037438	0.9363348870193823	NO	P68400
138	Y	138	6.364	28.649	23.711	0.49	0.527707168276563	0	0	0	0.28548644338118023	1.2987298676068404	0.35762613315485076	NO	P68400
139	E	139	3.119	30.509	22.882	0.49	0.620071684587814	0	0	0	0.14635430772471492	1.3630776641163451	0.6371161563280624	NO	P68400
140	I	140	5.018	33.774	22.537	0.21	0.615658362989324	0	0	0.3154089589184873	0.39742895303967796	1.1147895545874014	0.5441520951442451	NO	P68400
141	L	141	7.505	32.073	20.191	0.49	0.738790035587189	0	0	0	0.28548644338118023	0.8855101674983232	0.48273501009895675	NO	P68400
142	K	142	4.638	30.997	17.938	0.49	0.744086021505376	0	0	0	0.2894736842105263	0.9441087569838423	0.6896126596664787	NO	P68400
143	A	143	3.617	34.64	17.584	0.49	0.823250296559905	0	0	0.40565625917721115	0.6419006349492944	1.0915694321404907	0.49884214486342077	NO	P68400
144	L	144	7.171	35.758	16.931	0.49	0.825622775800712	0	0	1.813000435103859	0.659116950576732	0.8617388974013673	0.23746036918091407	NO	P68400
145	D	145	7.94	33.044	14.417	0.49	0.822143698468787	0	0	0	0.5263157894736843	0.4963217882313069	0.4496934349060262	NO	P68400
146	Y	146	4.663	33.908	12.684	0.49	0.821052631578947	0	0	0	0.5263157894736843	0.907268620040452	0.2629283370679273	NO	P68400
147	C	147	5.243	37.689	12.447	0.49	0.615789473684211	0	0	1.7702841143866326	0.620414673046252	0.9902974030490057	0.5830970762189539	NO	P68400
148	H	148	8.92	37.254	11.491	0.49	0.611498257839721	0	0	0	1	0.6300614363456467	0.3961211722145755	NO	P68400
149	S	149	7.966	34.777	8.79	0.49	0.611111111111111	0	0	0	1	0.46133849804963983	0.07760576838168991	NO	P68400
150	M	150	5.626	37.52	7.502	-0.65	0.404844290657439	0	0	0	1	0.6246581853666864	-0.3514799827817542	NO	P68400
151	G	151	8.403	40.094	7.337	0.49	0.409090909090909	0	0	0	1	0.5781993481476765	-0.40250936239582097	NO	P68400
152	I	152	7.584	41.996	10.513	0.49	0.413145539906103	0	0	10.47201606525492	0.021682719795927344	0.7570372354720984	0.5989586948879986	NO	P68400
153	M	153	9.556	42.705	13.637	0.49	0.417556346381969	0	0	3.89626755160738	0.1792638014087864	0.88910766932131	0.3407158124250428	NO	P68400
154	H	154	7.568	43.558	16.79	0.49	0.626334519572954	0	0	13.337551751372146	0.007828649338083306	1.174711156242644	0.6526989760343944	NO	P68400
155	R	155	10.23	45.858	18.296	0.49	0.619298245614035	0	0	5.78535319546407	0.00913946850264965	1.1691411014810198	0.9926152309470114	NO	P68400
156	D	156	8.39	46.194	21.638	0.49	0.617957746478873	0	2	7.898354278082005	0.00506943882142652	1.1705913492665334	0.9525225444701386	NO	P68400
157	V	157	8.267	42.747	23.283	0.49	0.621478873239437	0	0	6.5135754536947825	0.012205079601390528	1.303370075750003	0.9261716134494477	NO	P68400
158	K	158	7.924	43.134	27.086	0.49	0.501067615658363	0	0	4.769208358237895	0.02201673671927683	1.1664430753988335	0.8675373428536689	NO	P68400
159	P	159	5.449	41.83	29.753	0.49	0.629893238434164	0	0	4.275484700693928	0.06252059757521522	1.099182749513988	0.8675373428536689	NO	P68400
160	H	160	2.901	44.714	29.27	0.49	0.629893238434164	0	0	13.337551751372146	0.007828649338083306	0.6937108131475819	1.3835189240965209	NO	P68400
161	N	161	2.575	43.682	25.615	0.49	0.627659574468085	0	0	16.58429871827503	0.0026564630338215193	0.9097458002872884	0.7737225099004232	NO	P68400
162	V	162	1.779	40.032	26.368	0.49	0.621908127208481	0	0	5.145756193142572	0.08789175075173095	0.9474071225769072	1.118738902142952	NO	P68400
163	M	163	-1.881	39.45	27.365	0.49	0.621478873239437	0	0	1.7702841143866326	0.620414673046252	0.3991902253761404	0.05990200151793256	NO	P68400
164	I	164	-2.502	36.208	29.187	0.49	0.621478873239437	0	0	0.5553209549529787	1	0.41698914927186054	-0.030717899043716298	NO	P68400
165	D	165	-5.921	34.844	30.067	0.49	0.619298245614035	0	0	0	0.5263157894736843	0.2470546768487209	-0.9085981857346933	NO	P68400
166	H	166	-4.627	32.271	32.57	0.49	0.619718309859155	0	0	0	0.2894736842105263	0.32048195590790707	-0.8154731677296332	NO	P68400
167	E	167	-8.014	30.707	33.269	-0.36	0.619298245614035	0	0	0	0.5263157894736843	0.20503936405166326	-1.4996907603357004	NO	P68400
168	H	168	-8.231	29.826	29.552	-0.93	0.619718309859155	1	0	0	0.5263157894736843	0.4020982860671882	-1.4996907603357004	NO	P68400
169	R	169	-4.445	29.348	28.96	-0.08	0.619718309859155	1	0	0	0.5263157894736843	0.4282104011305006	-0.6347278550060337	NO	P68400
170	K	170	-4.73	31.861	26.134	0.49	0.748936170212766	0	0	0	0.28548644338118023	0.5971883339703193	-0.6068884566193691	NO	P68400
171	L	171	-2.06	34.383	25.147	0.49	0.76028880866426	0	0	0.40565625917721115	0.6419006349492944	0.7280290768527665	-0.8556893792088549	NO	P68400
172	R	172	-2.005	37.376	22.737	0.49	0.759712230215827	0	0	0.6948258962876763	0.7300435413642961	0.821604260415856	-0.33720932187318486	NO	P68400
173	L	173	0.869	39.53	21.502	0.49	0.847172081829121	0	0	4.275484700693928	0.06252059757521522	1.4109936634518236	0.5041822461465179	NO	P68400
174	I	174	-0.467	43.108	21.435	0.49	0.734098018769552	0	1	3.1295371147926585	0.1481366696858256	0.7269964300623681	0.23732913609321057	NO	P68400
175	D	175	0.633	46.749	20.86	0.49	0.722222222222222	0	1	9.522227314658684	0.002067633083546667	0.30844698656437497	0.7291834580792379	NO	P68400
176	W	176	1.905	46.605	17.309	0.49	0.648148148148148	0	1	5.78535319546407	0.00913946850264965	0.5451004070713187	0.8357031851053073	NO	P68400
177	G	177	2.475	50.331	17.238	0.49	0.648148148148148	0	1	42.82275013291222	4.405092286683427e-6	0.08185635417990775	1.2011616816318371	NO	P68400
178	L	178	6.256	50.155	16.977	0.49	0.715457154571546	0	0	9.522227314658684	0.002067633083546667	0.5622935683543752	1.1850713367084826	NO	P68400
179	A	179	6.437	47.179	14.627	0.49	0.720164609053498	0	0	5.318244888897702	0.028334260906256944	0.8471419083567909	1.2148384748166887	NO	P68400
180	E	180	8.174	47.512	11.236	0.49	0.720164609053498	0	0	3.3574538763343975	0.12958521121381106	0.457376046964832	0.9015747832970001	NO	P68400
181	F	181	8.589	45.732	7.978	0.49	0.720776538620405	0	0	1.154868148297131	1	0.39464644648992203	0.3961211722145755	NO	P68400
182	Y	182	11.978	44.065	7.632	0.49	0.72890559732665	0	0	0	0.28548644338118023	0.3897895687113322	0.23094706382804506	NO	P68400
183	H	183	14.044	44.917	4.486	0.49	0.787218045112782	0	0	0	0.28548644338118023	0.1650407196867423	-0.6822676760254771	NO	P68400
184	P	184	17.646	43.727	3.896	0.49	0.737220109843684	0	0	0	0.28548644338118023	0.2106527821396607	-0.30100917937278937	NO	P68400
185	G	185	19.909	46.788	4.085	0.21	0.660984848484848	2	0	0	0.14635430772471492	0.3123830180726515	-1.4511848403475678	NO	P68400
186	Q	186	17.44	49.16	5.837	0.49	0.58863443596268	0	0	0	0.28548644338118023	0.7574779654080342	-0.13164581329425343	NO	P68400
187	E	187	18.693	51.345	8.675	0.49	0.530268199233717	0	0	0	0.07535827297495616	0.6333140525248839	0.2639147724438326	NO	P68400
188	Y	188	16.092	51.603	11.458	0.49	0.527756653992396	1	0	0.3154089589184873	0.39742895303967796	1.1151439140744182	1.2607625217616203	NO	P68400
189	N	189	15.412	54.031	14.285	0.49	0.587484035759898	0	0	0.5553209549529787	1	0.9105412229176716	1.3835189240965209	NO	P68400
190	V	190	17.045	52.814	17.476	0.49	0.584706379383185	1	0	1.860541514738192	0.4490260484302193	0.8651061540600132	1.3835189240965209	NO	P68400
191	R	191	14.535	54.68	19.679	0.49	0.585241730279898	0	1	3.3574538763343975	0.12958521121381106	0.8921456708065654	1.3835189240965209	NO	P68400
192	V	192	12.197	51.706	19.914	0.49	0.578616352201258	0	0	5.318244888897702	0.028334260906256944	0.975541196931299	0.874159566356251	NO	P68400
193	A	193	11.399	49.191	22.724	0.49	0.574282147315855	0	0	9.977746679417065	0.0032219352974069988	1.0596163084964272	0.9166061795012735	NO	P68400
194	S	194	11.46	49.974	26.468	0.49	0.567901234567901	0	0	3.1295371147926585	0.1481366696858256	1.1833969767522408	0.36480020861598134	NO	P68400
195	R	195	14.833	50.61	28.107	0.49	0.634191176470588	0	0	3.1295371147926585	0.1481366696858256	1.3162030358957648	0.36480020861598134	NO	P68400
196	Y	196	14.894	47.347	30.061	0.49	0.632841328413284	0	0	2.4572820291552664	0.2663923960845509	1.3120765178972922	0.37439553454524355	NO	P68400
197	F	197	14.198	45.431	26.89	0.49	0.634191176470588	0	1	3.1295371147926585	0.1481366696858256	1.1010739292974354	1.009988728420323	NO	P68400
198	K	198	16.382	47.277	24.373	0.49	0.632352941176471	1	1	2.437981518888545	0.2962806763689943	0.8934360261296047	1.0258836303639909	NO	P68400
199	G	199	18.943	45.068	22.63	0.49	0.634191176470588	0	0	3.8934241481448986	0.07825811634047605	0.33847609922647154	1.0181089500654577	NO	P68400
200	P	200	22.642	46.01	22.677	0.49	0.63003663003663	0	0	0.844620498515951	1	0.49745382900649726	0.7993776275820748	NO	P68400
201	E	201	22.235	46.93	18.946	0.49	0.557575757575758	0	0	0.8359612690691095	1	0.12238341547082418	0.7728257504677821	NO	P68400
202	L	202	19.841	49.72	19.95	0.49	0.563725490196078	0	0	0.8359612690691095	1	0.4940268967710182	0.9525225444701386	NO	P68400
203	L	203	22.129	50.879	22.771	0.49	0.566993464052288	0	0	1.0327616532020527	1	0.8218123982401688	1.1319779032406307	NO	P68400
204	V	204	25.357	51.225	20.7	0.49	0.425245098039216	0	0	0.6573021822226325	1	0.5452153520822066	-0.08247580378758143	NO	P68400
205	D	205	23.35	52.731	17.823	0.49	0.473181818181818	0	0	0.6573021822226325	1	0.6160319928835052	0.3734090991693382	NO	P68400
206	Y	206	23.591	49.973	15.221	0.49	0.538819875776398	0	0	0.5318590298839591	0.6965650701499758	0.0640760306994892	-0.07213976575314639	NO	P68400
207	Q	207	20.714	50.777	12.857	0.49	0.558363417569194	0	0	0.21178148298822874	0.2356733633794211	0.22408740385570441	0.3329652487572145	NO	P68400
208	M	208	20.884	47.778	10.513	0.49	0.564040404040404	0	0	0	0.03940250414927672	0.23739865782955646	0.516728613139601	NO	P68400
209	Y	209	19.221	45.359	12.913	0.49	0.563607085346216	0	0	0.21178148298822874	0.2356733633794211	0.17915396776343742	0.5060203244867141	NO	P68400
210	D	210	16.518	42.788	12.207	0.49	0.634545454545455	1	0	0.6573021822226325	1	0.1160413104115729	0.5780729954224173	NO	P68400
211	Y	211	14.021	40.238	13.718	0.49	0.634545454545455	0	0	3.89626755160738	0.1792638014087864	0.18016358116180198	0.14664975071629724	NO	P68400
212	S	212	16.685	39.116	16.197	0.49	0.627240143369176	0	0	2.7784902384164085	0.34646865878246225	-0.46796661578251114	0.4220464026017377	NO	P68400
213	L	213	15.958	42.265	18.205	0.49	0.566159818828858	0	0	3.1295371147926585	0.1481366696858256	-0.0069657019017789245	0.8461089313032306	NO	P68400
214	D	214	12.723	40.623	19.41	0.49	0.49469964664311	0	0	4.275484700693928	0.06252059757521522	0.5492773463652947	0.9460562791297551	NO	P68400
215	M	215	14.72	37.624	20.612	0.49	0.495035460992908	0	0	1.9745496493566344	0.3267419982201893	-0.280303773169424	0.4620722317801342	NO	P68400
216	W	216	16.833	39.776	22.952	0.49	0.48951048951049	0	0	3.1295371147926585	0.1481366696858256	-0.3262260736919054	0.5977287012475819	NO	P68400
217	S	217	13.711	41.268	24.466	-0.93	0.54320987654321	0	0	8.148568916874536	0.008989752385978806	0.5884733090744881	0.9460562791297551	NO	P68400
218	L	218	12.312	37.816	24.983	0.49	0.611111111111111	0	0	3.0333470001082254	0.10183392394243912	0.3178010868912097	0.7798204740423843	NO	P68400
219	G	219	15.545	36.958	26.784	0.49	0.611498257839721	0	0	1.9139979119059127	0.4729421521874352	-0.16848159707857155	0.527209065863703	NO	P68400
220	C	220	14.943	39.823	29.2	0.49	0.607266435986159	0	0	1.9139979119059127	0.4729421521874352	0.6676166275462128	0.8226599532245641	NO	P68400
221	M	221	11.427	38.556	29.888	0.49	0.603448275862069	1	0	2.4572820291552664	0.2663923960845509	0.8750980976211427	0.7281408841047036	NO	P68400
222	L	222	12.662	35.048	30.556	0.49	0.67281814686659	0	0	0.6573021822226325	1	0.32243457414245036	0.5441520951442451	NO	P68400
223	A	223	15.446	36.156	32.82	0.49	0.670498084291188	0	0	0.6573021822226325	1	0.20793052460252273	0.10115293541943322	NO	P68400
224	S	224	12.973	38.145	34.903	0.49	0.668193967163039	0	0	1.7702841143866326	0.620414673046252	0.856918889039806	0.43654096322728675	NO	P68400
225	M	225	10.551	35.21	35.116	0.49	0.665905631659056	1	0	0.25502610425830496	0.24260363932657872	0.3302122749808147	0.2878874461140931	NO	P68400
226	I	226	13.005	32.385	36	0.49	0.603448275862069	0	0	0.25502610425830496	0.24260363932657872	0.00850405010266915	0.44479949195579793	NO	P68400
227	F	227	15.063	34.518	38.391	0.49	0.670103092783505	0	0	0.40565625917721115	0.6419006349492944	0.2140361571225884	0.3821537154746617	NO	P68400
228	R	228	12.061	36.527	39.742	0.49	0.674329501915709	0	0	0.3154089589184873	0.39742895303967796	0.5492529854187981	0.16033905797376038	NO	P68400
229	K	229	13.601	39.983	39.285	-0.08	0.683760683760684	0	0	0.5553209549529787	1	1.0617866684610349	0.8212507598304133	NO	P68400
230	E	230	11.361	42.325	37.264	0.49	0.687645687645688	0	0	1.7702841143866326	0.620414673046252	1.337052302351988	1.1240105405890863	NO	P68400
231	P	231	12.628	43.922	35.174	0.49	0.692488262910798	0	1	1.813000435103859	0.659116950576732	1.3057897879752849	0.16033905797376038	NO	P68400
232	F	232	15.856	41.89	34.982	0.49	0.692007797270955	0	0	1.3264064766344343	0.7005576350164234	1.4181195055354079	0.14850183346289494	NO	P68400
233	F	233	18.141	44.559	33.492	0.49	0.747368421052632	0	0	1.0327616532020527	1	1.2981828188260953	-0.03383295812552313	NO	P68400
234	H	234	17.011	47.64	35.346	0.49	0.747887323943662	0	0	1.3264064766344343	0.7005576350164234	1.5089066775838142	0.5110716360734765	NO	P68400
235	G	235	19.027	50.532	33.89	0.49	0.748936170212766	0	0	1.813000435103859	0.659116950576732	1.4739571304387458	0.6831498072036502	NO	P68400
236	H	236	18.164	54.114	34.84	-0.93	0.683274021352313	0	0	0.8523487179281668	1	1.5844880997525588	0.3329652487572145	NO	P68400
237	D	237	18.784	55.438	31.283	0.49	0.628571428571429	1	0	1.154868148297131	1	1.490949138958095	0.4496934349060262	NO	P68400
238	N	238	20.19	54.142	27.969	0.49	0.720942140296979	0	0	1.3264064766344343	0.7005576350164234	1.1445112933459496	0.543815810357005	NO	P68400
239	Y	239	23.867	54.268	28.969	0.49	0.717844433146924	0	0	0.3154089589184873	0.39742895303967796	1.0944754319890453	0.4878356027743705	NO	P68400
240	D	240	23.31	52.714	32.376	0.49	0.713272543059777	0	0	0.40565625917721115	0.6419006349492944	1.2416613417251932	0.3500381687248088	NO	P68400
241	Q	241	21.349	49.909	30.582	0.49	0.624555160142349	0	0	1.0327616532020527	1	1.293811859580952	0.40599328707021487	NO	P68400
242	L	242	24.343	48.743	28.527	0.49	0.537244897959184	1	0	0.5318590298839591	0.6965650701499758	1.0121079213645596	0.39900830014405486	NO	P68400
243	V	243	26.527	48.863	31.665	0.49	0.533434650455927	0	0	0	0.14635430772471492	1.1954485618847959	-0.14455914912428838	NO	P68400
244	R	244	24.017	46.653	33.516	0.49	0.618374558303887	0	0	0.8359612690691095	1	1.3699573201621866	0.4652372650718092	NO	P68400
245	I	245	24.137	44.147	30.61	0.49	0.621428571428571	0	0	0.844620498515951	1	0.9377915815773767	0.850843821107577	NO	P68400
246	A	246	27.931	44.4	30.453	0.49	0.623655913978495	0	0	0	0.28548644338118023	0.8553519174065641	0.5177105027303643	NO	P68400
247	K	247	28.112	43.545	34.15	0.49	0.536485097636177	0	0	0	0.28548644338118023	1.168521516318	0.261174674177429	NO	P68400
248	V	248	26.419	40.191	33.423	-0.65	0.630434782608696	1	0	0	0.28548644338118023	0.45384062344616316	0.014839840027706478	NO	P68400
249	L	249	27.625	39.301	29.895	0.49	0.623655913978495	0	0	0	0.28548644338118023	0.09609254927358271	0.4652372650718092	NO	P68400
250	G	250	31.038	40.849	30.373	0.49	0.623214285714286	0	0	0	0.2894736842105263	0.6099907250480867	-0.48851621151071467	NO	P68400
251	T	251	32.918	43.433	28.398	0.49	0.622775800711744	0	0	0	0.14635430772471492	0.732365058822321	-0.4737007836427092	NO	P68400
252	E	252	35.095	41.099	26.276	0.49	0.620567375886525	0	0	0	0.5263157894736843	0.8738476009910198	-1.8286733636246872	NO	P68400
253	D	253	32.221	39.959	23.988	-0.08	0.534183673469388	0	0	0	0.5263157894736843	0.4563300779807865	-1.4432102890981424	NO	P68400
254	L	254	30.812	43.468	23.929	0.49	0.538026721479959	0	0	0	0.28548644338118023	0.38100547693991266	-0.5264332469809545	NO	P68400
255	Y	255	34.068	44.846	22.534	0.49	0.630434782608696	0	0	0	0.5263157894736843	0.5550769911506991	-1.6222905856268062	NO	P68400
256	D	256	34.314	41.847	20.207	-1.22	0.625448028673835	0	0	0	1	0.19220081068435915	-2.5784697504225536	NO	P68400
257	Y	257	30.864	42.792	18.984	0.49	0.69995988768552	0	0	0	0.5263157894736843	-0.18289448553989213	-1.7572913127864382	NO	P68400
258	I	258	31.568	46.464	18.349	0.21	0.566544566544567	0	0	0	0.5263157894736843	-0.03275454601941895	-1.6222905856268062	NO	P68400
259	D	259	34.716	45.33	16.548	-0.93	0.566993464052288	0	0	0	0.5263157894736843	-0.12475661104647172	-2.824614389516137	NO	P68400
260	K	260	33.085	42.804	14.205	0.49	0.57283950617284	0	0	0	0.5263157894736843	-0.5022645869291363	-3.055440267478013	NO	P68400
261	Y	261	30.539	45.416	13.032	0.49	0.514498141263941	0	0	0	0.5263157894736843	-0.37470162706673754	-2.216630047828756	NO	P68400
262	N	262	33.045	48.313	13.18	-1.22	0.514498141263941	0	0	0	0.5263157894736843	-0.032341550661506006	-3.836697085195131	NO	P68400
263	I	263	30.594	50.237	15.396	0.49	0.586346738763096	1	0	0	0.5263157894736843	0.09387988139945727	-2.3452067968260875	NO	P68400
264	E	264	31.705	53.702	16.553	-0.08	0.512177121771218	0	0	0	0.2894736842105263	0.2350810592024082	-1.8456759224675665	NO	P68400
265	L	265	31.06	53.81	20.277	0.49	0.514074074074074	0	0	0	0.28548644338118023	0.5293513250679364	-0.5879912271958926	NO	P68400
266	D	266	29.748	57.009	21.866	0.49	0.569085690856909	0	0	0	0.28548644338118023	0.7209042833560392	0.3243988362822461	NO	P68400
267	P	267	32.609	58.756	23.796	0.49	0.635531135531136	0	0	0	0.5263157894736843	0.7110701251936385	-0.017219309689221123	NO	P68400
268	R	268	30.205	58.866	26.817	-0.36	0.564916564916565	0	0	0	0.2894736842105263	0.874484598310092	0.39476252377717336	NO	P68400
269	F	269	30.501	55.034	27.088	0.49	0.560808080808081	0	0	0	0.2894736842105263	0.8857172924142911	0.30869893850994046	NO	P68400
270	N	270	34.298	55.132	27.542	0.49	0.55515443241075	1	0	0	0.2894736842105263	0.8007520145887594	-0.10928661144039657	NO	P68400
271	D	271	34.452	56.204	31.147	0.49	0.563701531443467	0	0	0	0.5263157894736843	0.9985017243316414	-0.05385833793713791	NO	P68400
272	I	272	31.561	53.982	32.262	0.49	0.563701531443467	1	0	0	0.2894736842105263	1.0009867455970094	0.42526741607408186	NO	P68400
273	L	273	31.722	50.532	30.648	0.49	0.62410071942446	0	0	0	0.28548644338118023	0.9891462353303762	0.2629283370679273	NO	P68400
274	G	274	35.031	49.612	32.289	0.49	0.62410071942446	0	0	0	0.2894736842105263	0.9370633300142548	0.37735484067295955	NO	P68400
275	R	275	35.962	45.942	32.436	-0.36	0.625448028673835	0	0	0	0.28548644338118023	0.9858219967940421	-0.05949511151374034	NO	P68400
276	H	276	33.665	43.158	33.505	0.49	0.625	0	0	0	0.28548644338118023	0.9967690312895421	0.006096435559453676	NO	P68400
277	S	277	33.822	39.388	33.378	0.49	0.629496402877698	0	0	0	0.5263157894736843	1.012739792202453	-0.29999745078211687	NO	P68400
278	R	278	30.958	37.254	32.102	0.49	0.631294964028777	1	0	0	0.2894736842105263	0.3752914343743889	-0.5207302363470475	NO	P68400
279	K	279	29.045	35.883	35.096	0.49	0.524193548387097	0	0	0	0.2894736842105263	0.6008933923166204	-0.03694801720732996	NO	P68400
280	R	280	27.66	32.377	35.616	0.49	0.524193548387097	0	0	0	0.2894736842105263	-0.2852018347263476	-0.4907082901238378	NO	P68400
281	W	281	23.849	32.32	35.793	0.49	0.488753124132186	0	0	0	0.28548644338118023	-0.6852956670837834	-0.7708559368809862	NO	P68400
282	E	282	24.098	30.538	39.134	0.49	0.488006617038875	0	0	0	0.2894736842105263	-0.5766156596468583	-0.7020872992464345	NO	P68400
283	R	283	24.733	33.865	40.874	-0.65	0.488378527946873	0	0	0	0.2894736842105263	-0.23682100091469332	-1.3538392440411084	NO	P68400
284	F	284	21.038	34.764	40.398	0.49	0.491917502787068	0	0	0	0.2894736842105263	0.13455139838491512	-0.7225206034616192	NO	P68400
285	V	285	19.745	31.463	41.75	-0.08	0.496911847276811	0	0	0	0.2894736842105263	-0.36185077725474224	-0.09850158466382995	NO	P68400
286	H	286	18.498	31.63	45.34	0.49	0.400112707805016	1	0	0	0.5263157894736843	-0.2819273137954607	-0.7959230005510545	NO	P68400
287	S	287	15.84	29.691	47.331	0.49	0.400794777178541	0	0	0	0.5263157894736843	-0.43842307088831184	-0.6367007257578451	NO	P68400
288	E	288	12.859	31.811	46.185	0.49	0.323260073260073	0	0	0	0.2894736842105263	-0.10008614186893584	-0.0887358744423664	NO	P68400
289	N	289	13.535	31.182	42.434	0.49	0.350082644628099	0	0	0	0.28548644338118023	0.13079495271908706	-0.6879953653049282	NO	P68400
290	Q	290	15.144	27.694	42.578	-0.36	0.321167883211679	0	0	0	0.2894736842105263	-0.5970540257194819	0.06598436984367378	NO	P68400
291	H	291	12.045	25.857	41.389	0.49	0.324074074074074	1	0	0	0.2894736842105263	-0.48012273313817483	0.2618009823526068	NO	P68400
292	L	292	11.914	27.804	38.045	0.49	0.327715355805243	0	0	0	0.14635430772471492	-0.05298653945874902	0.16033905797376038	NO	P68400
293	V	293	15.568	27.465	37.103	0.49	0.328947368421053	0	0	0	0.28548644338118023	-0.4003875383123947	-0.002132650998902367	NO	P68400
294	S	294	16.913	24.358	35.422	0.49	0.239917976760082	0	0	0	0.5263157894736843	-0.7490541301510854	-0.07812097202773133	NO	P68400
295	P	295	19.939	23.564	33.264	0.49	0.239917976760082	0	0	0	0.5263157894736843	-0.9514221104059218	0.10397132220773476	NO	P68400
296	E	296	17.623	23.555	30.203	0.49	0.239917976760082	0	0	0	0.5263157894736843	-0.479974917117628	0.5085936341629893	NO	P68400
297	A	297	16.317	27.009	31.163	0.49	0.240137221269297	0	0	0	0.14635430772471492	-0.295890611014341	0.42301270664344093	NO	P68400
298	L	298	19.797	28.446	31.551	0.49	0.240137221269297	0	0	0	0.5263157894736843	-0.6173931994790675	0.03802107136148467	NO	P68400
299	D	299	21.103	26.993	28.263	0.49	0.26	0	0	0	1	-0.7940575087890925	0.9810532907270967	NO	P68400
300	F	300	18.103	28.484	26.447	-0.36	0.26	0	0	0.844620498515951	1	-0.8865053156475371	0.8396464465702719	NO	P68400
301	L	301	18.425	31.92	28.108	0.49	0.256934306569343	0	0	0.6573021822226325	1	-0.5230733049633479	0.43654096322728675	NO	P68400
302	D	302	22.163	31.997	27.29	0.49	0.144078144078144	1	0	1.154868148297131	1	-0.9827118889588637	0.2990764205204626	NO	P68400
303	K	303	21.354	31.414	23.652	0.49	0.144199346405229	0	0	3.5962401732455396	0.547846889952153	-1.3108600292721793	0.7737225099004232	NO	P68400
304	L	304	18.901	34.389	23.536	0.49	0.257664233576642	0	0	1.154868148297131	1	-1.1040307319509266	0.38535296534246316	NO	P68400
305	L	305	21.071	36.932	25.335	0.49	0.234625668449198	0	0	1.4488198415331297	0.7120464441219159	-0.4893665112677202	0.08411450619924786	NO	P68400
306	R	306	23.999	37.616	22.982	0.49	0.234625668449198	0	0	1.154868148297131	1	-0.5250056166993524	-0.7669101953773642	NO	P68400
307	Y	307	25.436	40.962	21.923	0.49	0.13	0	0	1.3264064766344343	0.7005576350164234	-0.1630612226007267	-0.2990579885193499	NO	P68400
308	D	308	25.956	39.796	18.328	0.49	0.130970149253731	0	0	1.7702841143866326	0.620414673046252	-0.480617738918012	-0.20464203111125673	NO	P68400
309	H	309	22.39	39.742	17.094	0.49	0.145522388059701	0	0	3.5962401732455396	0.547846889952153	-0.6544590153976888	0.5677102078071468	NO	P68400
310	Q	310	23.436	37.151	14.419	0.49	0.163712686567164	0	0	3.5962401732455396	0.547846889952153	-1.079260848450969	0.5983163648757808	NO	P68400
311	S	311	23.082	34.113	17.992	-0.36	0.145522388059701	0	0	3.5962401732455396	0.547846889952153	-1.588319270794686	0.6648302930796914	NO	P68400
312	R	312	20.895	34.629	18.999	0.49	0.164943609022556	0	2	1.7702841143866326	0.620414673046252	-1.3330493236550425	0.05990200151793256	NO	P68400
313	L	313	18.439	31.816	18.358	0.49	0.165719696969697	0	0	1.7702841143866326	0.620414673046252	-1.114594792310796	0.6157903629632493	NO	P68400
314	T	314	15.711	32.434	15.868	0.49	0.163857677902622	0	0	1.7702841143866326	0.620414673046252	-0.3885802843665173	0.6572892041055882	NO	P68400
315	A	315	12.135	31.999	17.091	0.49	0.293501048218029	0	0	1.7702841143866326	0.620414673046252	0.029165878533610273	0.20867439139312746	NO	P68400
316	R	316	12.039	28.657	15.246	-0.08	0.29404309252218	0	0	3.5962401732455396	0.547846889952153	0.43371224918084483	1.0365657918814997	NO	P68400
317	E	317	15.288	27.267	16.72	0.49	0.333015267175573	0	0	3.5962401732455396	0.547846889952153	-0.20591301029431247	0.3500381687248088	NO	P68400
318	A	318	14.158	28.41	20.194	0.49	0.440656565656566	0	0	0.844620498515951	1	-0.20507011304105474	0.5677102078071468	NO	P68400
319	M	319	10.966	26.442	19.688	0.49	0.436953807740325	1	0	0	0.2894736842105263	0.727537784747707	0.4098117465898487	NO	P68400
320	E	320	12.967	23.214	19.365	0.49	0.528301886792453	0	0	0	0.5263157894736843	0.5376968202839202	0.21523633106762932	NO	P68400
321	H	321	15.17	23.79	22.453	0.49	0.665399239543726	0	0	0	0.28548644338118023	-0.4311121768718517	0.4878356027743705	NO	P68400
322	P	322	15.072	21	25.171	0.49	0.723140495867769	0	0	0	0.5263157894736843	0.1572497956623607	0.5085936341629893	NO	P68400
323	Y	323	13.379	23.486	27.551	0.49	0.815850815850816	0	0	0	0.2894736842105263	0.030788399805312693	0.5692613592582023	NO	P68400
324	F	324	10.118	22.99	25.583	0.49	0.85795763172189	0	0	0	0.28548644338118023	0.7178719195195056	0.08142422790132438	NO	P68400
325	Y	325	10.341	19.182	25.004	0.49	0.797727272727273	0	0	0	0.2894736842105263	1.2386818710037528	0.20571508526541143	NO	P68400
326	T	326	7.704	18.58	27.621	-0.36	0.745047169811321	0	0	0	0.2894736842105263	1.3669416365597586	0.2618009823526068	NO	P68400
327	V	327	5.243	21.241	26.331	0.49	0.769735403455062	0	0	0	0.28548644338118023	1.4337669838699987	0.3593416729390344	NO	P68400
328	V	328	5.719	19.932	22.726	0.49	0.76839591925331	0	0	0	0.2894736842105263	1.736448272349924	0.07484799206195433	NO	P68400
329	K	329	4.803	16.366	23.78	0.49	0.789591078066914	0	0	0	1	2.325027647432997	-0.017219309689221123	NO	P68400
330	D	330	1.654	17.661	25.475	-0.08	0.751991502920871	1	0	0	0.5263157894736843	2.089835612243337	-0.7579426010509512	NO	P68400
331	Q	331	0.249	19.246	22.307	0.49	0.774069104327407	0	0	0	1	2.1680919824507336	-0.14455914912428838	NO	P68400
