Uniprot_position	aminoacid	Position_in_structure	x	y	z	paraz	mtr	gscount	pscount	OR	pvalue	mtr3dscore	paraz3dscore	HotSpot3D	Uniprot
4	P	4	-17.932	133.024	402.121	0.49	0.298850574712644	0	0	0	0.28611514271891636	0.23664033604169166	-2.2191859252728774	NO	P68400
5	V	5	-21.113	134.565	400.604	-0.36	0.296296296296296	1	0	0	0.28611514271891636	0.2216956912011763	-2.8062600611696586	NO	P68400
6	P	6	-20.526	135.89	396.984	-0.65	0.39811320754717	0	0	0	0.1443315594258991	0.05683368124075362	-1.105529772442119	NO	P68400
7	S	7	-20.651	139.636	396.173	0.49	0.39578313253012	0	0	0	0.28611514271891636	-0.07703690037214961	-0.9828918698887794	NO	P68400
8	R	8	-20.528	141.872	393.076	0.49	0.398823529411765	0	0	0	0.28611514271891636	0.0048854209830924925	-0.5846337642056809	NO	P68400
9	A	9	-20.104	145.586	392.294	0.49	0.396067415730337	0	0	1.0860431306615606	1	-0.5158071125923535	-0.033096814308275796	NO	P68400
10	R	10	-23.299	147.712	392.326	0.49	0.397826086956522	0	0	3.3926731527507297	0.5509433962264151	-0.9471850388593842	-0.13964722450621075	NO	P68400
11	V	11	-21.915	149.692	389.308	0.49	0.363157894736842	0	0	3.3926731527507297	0.5509433962264151	-0.4294061756807019	-0.42812125713897053	NO	P68400
12	Y	12	-20.012	148.791	386.092	0.49	0.361329026303646	0	0	0	1	0.23822308293723396	-0.9075234279268902	NO	P68400
13	T	13	-20.566	145.165	387.068	-0.65	0.40422322775264	0	0	0	0.27878787878787875	0.09199412023935945	-0.9426087371160452	NO	P68400
14	D	14	-20.316	143.646	383.601	-0.08	0.406330511593669	0	0	0	0.27878787878787875	0.1425586060035295	-1.4512668633360695	NO	P68400
15	V	15	-18.131	146.171	381.701	0.49	0.404112017015243	0	0	0	1	0.14715108677569647	-1.7834798535136638	NO	P68400
16	N	16	-15.34	143.581	381.107	0.49	0.402472527472527	0	0	0	1	0.172047190099125	-1.6572325411192896	NO	P68400
17	T	17	-17.783	140.69	380.504	-0.08	0.40053050397878	0	0	0	0.5191919191919193	0.0832561700977696	-2.583209164077193	NO	P68400
18	H	18	-19.177	142.546	377.426	-1.22	0.431944444444444	0	0	0	1	-0.28030389579687054	-3.62984679728139	NO	P68400
19	R	19	-15.723	143.496	376.051	0.49	0.430894308943089	0	0	0	1	-0.07572924822531998	-2.6973382398229426	NO	P68400
20	P	20	-13.407	141.469	373.874	-0.65	0.536890645586298	0	0	0	1	-0.6595987011082807	-2.5701779819876998	NO	P68400
22	E	22	-8.052	141.81	373.982	0.49	0.434343434343434	0	0	1.6343852363089761	1	-0.49293658649911387	-1.7884070401124121	NO	P68400
23	Y	23	-9.209	144.626	376.329	0.49	0.435994930291508	0	0	3.3926731527507297	0.5509433962264151	-0.18959410109231542	-1.1234649597720539	NO	P68400
24	W	24	-8.651	142.74	379.539	0.49	0.389433962264151	0	0	1.6676067222431312	0.6315432994678278	0.04667432836692782	-0.9468397196816464	NO	P68400
25	D	25	-6.277	139.871	378.797	0.49	0.388636363636364	0	0	1.6676067222431312	0.6315432994678278	-0.04755180828596061	-0.13964722450621075	NO	P68400
26	Y	26	-3.052	141.652	379.651	0.49	0.388636363636364	0	0	1.6676067222431312	0.6315432994678278	-0.10838787803013585	-0.2945684642534335	NO	P68400
27	E	27	-1.006	138.396	379.47	0.49	0.390458015267176	0	1	1.6676067222431312	0.6315432994678278	-0.5933151664129531	-0.17629317483440268	NO	P68400
28	S	28	-1.656	138.363	375.668	-0.36	0.437179487179487	1	0	1.6676067222431312	0.6315432994678278	-0.6228534167187484	-0.7347076560258944	NO	P68400
29	H	29	-0.838	142.097	375.261	0.49	0.435897435897436	0	0	1.6676067222431312	0.6315432994678278	-0.4220829479695344	-0.9815069133382053	NO	P68400
30	V	30	2.129	142.701	372.935	0.49	0.433333333333333	0	0	1.6676067222431312	0.6315432994678278	-0.48052370472178896	-2.2207514563019353	NO	P68400
31	V	31	4.505	145.273	374.421	-0.65	0.485209923664122	0	0	1.6676067222431312	0.6315432994678278	-0.7487466375341134	-1.328023042291854	NO	P68400
32	E	32	6.495	147.419	371.912	-0.93	0.481939163498099	0	0	0	0.5191919191919193	-0.7099569252845529	-1.8093646914438948	NO	P68400
33	W	33	9.596	149.392	373.044	0.49	0.430925221799746	0	0	0	0.5191919191919193	-0.9948795217345422	-2.0632181948388038	NO	P68400
34	G	34	10.313	152.978	372.092	0.49	0.481132075471698	0	0	0	0.27878787878787875	-1.06140989746732	-1.546946901395336	NO	P68400
35	N	35	13.855	154.336	371.731	0.49	0.481534090909091	1	0	0	1	-1.3491622134255783	-0.7658149844618333	NO	P68400
36	Q	36	15.637	154.658	375.116	0.49	0.481534090909091	0	0	0	0.5191919191919193	-1.576870462488118	0.6008537028151781	NO	P68400
37	D	37	18.078	156.993	373.239	0.49	0.368278109722977	0	0	0	0.5191919191919193	-1.3992750238918088	0.5208064817845809	NO	P68400
38	D	38	15.193	159.559	372.963	0.49	0.319811320754717	0	0	0	0.5191919191919193	-1.7276705595788087	-0.07662424399673841	NO	P68400
39	Y	39	15.513	160.145	376.726	0.49	0.321022727272727	0	0	0	0.5191919191919193	-1.9004322019774944	0.2575885314322817	NO	P68400
40	Q	40	18.284	161.639	378.843	0.49	0.321969696969697	0	0	0	0.27878787878787875	-2.113984335744147	1.1881140829205892	NO	P68400
41	L	41	17.978	161.195	382.626	0.49	0.319548872180451	0	0	0	0.5191919191919193	-2.004517280950405	1.2120245587528569	NO	P68400
42	V	42	18.291	164.468	384.55	0.49	0.420987654320988	0	0	0	0.5191919191919193	-2.169908570558879	1.0845020209807614	NO	P68400
43	R	43	17.82	163.67	388.267	0.49	0.420987654320988	1	0	1.6676067222431312	0.6315432994678278	-1.966441614685064	1.106315086652304	NO	P68400
44	K	44	16.354	161.16	390.725	0.49	0.360569319978914	0	0	7.4757545061946225	0.06434446057087566	-1.792894234339374	1.4989502687400718	NO	P68400
45	L	45	12.859	162.05	391.959	0.49	0.364021164021164	0	0	7.4757545061946225	0.06434446057087566	-2.0360746813587456	0.6909184447333616	NO	P68400
46	G	46	11.655	159.271	394.252	0.49	0.366737739872068	0	0	12.578838417250532	0.009664800608196815	-1.629012392821899	1.4989502687400718	YES	P68400
47	R	47	12.345	155.607	394.939	0.49	0.368869936034115	0	2	12.578838417250532	0.009664800608196815	-1.3768652318932397	1.4989502687400718	YES	P68400
48	G	48	9.329	153.296	394.781	0.49	0.368869936034115	0	0	34.60214420500999	1.6712846901526117e-4	-0.9315373316503837	1.4989502687400718	YES	P68400
49	K	49	8.901	149.861	396.318	0.49	0.366895097522404	0	0	34.60214420500999	4.6227023344646674e-5	-0.8778725890644464	1.4989502687400718	YES	P68400
50	Y	50	9.075	148.319	392.838	0.49	0.369622942113648	0	2	34.60214420500999	1.2059223481212217e-5	-0.9725679788208412	1.4989502687400718	YES	P68400
51	S	51	10.746	151.233	391.033	0.49	0.214197530864198	0	2	34.60214420500999	4.6227023344646674e-5	-1.4741314996714758	1.4989502687400718	YES	P68400
52	E	52	13.208	154.116	390.7	0.49	0.214197530864198	0	0	12.578838417250532	0.009664800608196815	-1.8372962392480732	1.4989502687400718	YES	P68400
53	V	53	11.835	157.398	389.343	0.49	0.215613382899628	0	0	15.640936021854555	0.0034141958670260526	-1.7694428653475993	1.1153411827922528	YES	P68400
54	F	54	13.826	159.97	387.376	0.49	0.216232961586121	0	0	3.669359368354105	0.18795033059184002	-2.0984592677626743	0.6587954167458164	NO	P68400
55	E	55	13.108	163.309	385.76	0.49	0.183974696889826	0	0	0	0.5191919191919193	-2.2652223216757172	0.6307902550126745	NO	P68400
56	A	56	14.284	163.126	382.142	0.49	0.184126984126984	0	0	0	0.5191919191919193	-2.191812100356096	0.6850502558706371	NO	P68400
57	I	57	14.322	165.134	378.951	0.49	0.161111111111111	1	0	0	0.5191919191919193	-2.2886847159033032	0.7841528859649053	NO	P68400
58	N	58	12.919	163.798	375.661	0.49	0.161710037174721	0	0	0	0.5191919191919193	-2.0756906504980654	0.30234780904401876	NO	P68400
59	I	59	15.727	165.13	373.373	0.49	0.161847014925373	0	0	0	0.5191919191919193	-2.139127619670806	1.0845020209807614	NO	P68400
60	T	60	13.538	164.74	370.221	0.49	0.186034115138593	0	0	0	0.5191919191919193	-2.2127197299861536	1.0016123714288998	NO	P68400
61	N	61	11.028	167.461	371.366	0.49	0.186034115138593	0	0	0	1	-2.653701228659822	0.8772778971011067	NO	P68400
62	N	62	12.772	169.127	374.393	0.49	0.184656084656085	0	0	0	1	-2.6789306981599816	0.9250988487656421	NO	P68400
63	E	63	9.894	168.021	376.721	0.49	0.183447548761202	0	0	0	1	-2.6268904511195634	-0.45176103274359813	NO	P68400
64	K	64	10.381	167	380.377	-0.08	0.212287104622871	0	0	0	0.5191919191919193	-2.409768031890997	-0.018269632413893882	NO	P68400
65	V	65	9.101	163.502	381.212	0.49	0.213064713064713	0	0	0	0.28611514271891636	-2.1234924992048043	-0.20246885364025388	NO	P68400
66	V	66	9.287	161.137	384.15	0.49	0.212121212121212	0	0	0.3808869297887854	0.6387679406547331	-1.8683398065637156	-0.5572181848248158	NO	P68400
67	V	67	11.029	157.752	383.717	0.49	0.36101083032491	0	0	1.7457311785031084	0.4640864376713433	-1.7928395250371254	-0.36139261781863563	NO	P68400
68	K	68	9.976	154.987	386.137	0.49	0.3584229390681	0	0	8.949765398403002	0.002237283037526905	-1.3913638719402512	0.43634235531206605	YES	P68400
69	I	69	12.688	152.291	386.022	0.49	0.357398873527906	0	0	34.60214420500999	0.0018718388529709276	-1.6660774681562314	0.7548131141165882	YES	P68400
70	L	70	11.236	148.944	387.035	0.49	0.359979370809696	0	0	23.226307046080688	3.5373722211555806e-4	-1.2264169089802737	0.5416683009832295	YES	P68400
71	K	71	13.186	146.203	388.75	0.49	0.362042289840124	0	0	34.60214420500999	5.730118937666083e-4	-1.5434109686566686	1.2005475303533686	YES	P68400
72	P	72	11.553	143.348	386.794	0.49	0.364675324675325	0	0	34.60214420500999	0.005849496415534153	-1.4718826318476739	1.1881140829205892	YES	P68400
73	V	73	10.804	140.944	389.651	0.49	0.255072463768116	0	1	34.60214420500999	0.005849496415534153	-1.4250806318658924	1.4989502687400718	YES	P68400
74	K	74	7.622	139.746	387.912	0.49	0.423586040914561	0	0	34.60214420500999	0.005849496415534153	-1.0149532705071158	1.4989502687400718	YES	P68400
75	K	75	6.98	140.028	384.158	0.49	0.42512077294686	0	0	7.4757545061946225	0.06434446057087566	-0.90814303077024	0.3210447224767691	NO	P68400
76	K	76	3.208	139.522	384.306	0.49	0.366753246753247	0	0	3.669359368354105	0.18795033059184002	-0.355771208299185	-0.023998316327631903	NO	P68400
77	K	77	2.767	142.413	386.728	0.49	0.429440389294404	0	0	15.640936021854555	0.0034141958670260526	-0.2285134635185997	1.1745994661458288	YES	P68400
78	I	78	4.573	144.762	384.342	0.49	0.431013431013431	0	0	27.97384353897878	1.0317335645037075e-4	-0.5849776764923638	0.3610353428745977	YES	P68400
79	K	79	2.335	143.687	381.455	0.49	0.431013431013431	0	0	3.669359368354105	0.18795033059184002	-0.3750897927578796	-0.642696179011387	NO	P68400
80	R	80	-0.749	144.294	383.587	0.49	0.431013431013431	0	1	4.845646365536749	0.09243025318497007	0.1453645704734344	0.451923116506025	NO	P68400
81	E	81	0.39	147.854	384.508	0.49	0.431013431013431	0	0	2.9362152858166883	0.15622859909945594	0.0948928181932908	0.420925602130675	NO	P68400
82	I	82	1.233	148.609	380.835	-0.08	0.470588235294118	1	0	1.7922294502467842	0.4801763494623005	-0.27550348250579854	-0.9238218625921989	NO	P68400
83	K	83	-2.146	147.275	379.521	0.49	0.470588235294118	0	0	1.3567940601441173	0.7186836714737157	-0.01783317661252607	-0.5797065776069322	NO	P68400
84	I	84	-4.107	149.218	382.142	0.49	0.473666554847367	0	0	2.9362152858166883	0.15622859909945594	0.45132403066339083	0.5235946179982364	NO	P68400
85	L	85	-2.145	152.436	381.426	0.49	0.476767676767677	0	0	2.305620132472884	0.27909499840451263	0.3482381511542801	-0.362794886326092	NO	P68400
86	E	86	-2.761	151.983	377.675	0.49	0.583747927031509	0	0	0.7927928602764529	1	-0.12393932622044482	-1.8752583273266796	NO	P68400
87	N	87	-6.503	151.331	378.307	0.49	0.586466165413534	0	0	0.7927928602764529	1	0.44600977048525114	0.2575885314322817	NO	P68400
88	L	88	-6.896	154.419	380.502	0.49	0.659774436090226	0	0	0.6157510341251579	0.6960490243509111	0.9585376136890619	0.05201691252774334	NO	P68400
89	R	89	-4.623	156.748	378.507	0.49	0.664150943396226	1	0	0.6157510341251579	0.6960490243509111	0.6369274674870382	-0.8117303430867893	NO	P68400
90	G	90	-6.379	160.106	378.063	0.49	0.666666666666667	0	0	0	0.28611514271891636	0.9604272965437425	-0.6262655581159395	NO	P68400
91	G	91	-8.914	159.466	380.848	0.49	0.664772727272727	0	0	0	0.28611514271891636	1.4099783601193063	-0.22583999543119232	NO	P68400
92	P	92	-9.678	162.472	383.106	-0.36	0.669201520912548	1	0	0	0.5191919191919193	1.6931235681989178	-0.4328148271317442	NO	P68400
93	N	93	-6.88	163	385.668	0.49	0.531320754716981	0	0	0.3808869297887854	0.6387679406547331	1.3814067279145257	0.035491862776574935	NO	P68400
94	I	94	-5.187	159.652	384.752	0.49	0.479835953520164	0	0	1.2448275952082453	1	1.2363101745968714	0.42436977039460294	NO	P68400
95	I	95	-1.374	159.855	384.395	0.49	0.47940074906367	0	0	1.2448275952082453	1	0.4209477023291305	-0.30858647042073123	NO	P68400
96	T	96	-0.405	159.634	380.696	-0.93	0.48257006151743	0	0	0.9672575183201411	1	-0.019831340778363384	-1.205869874531215	NO	P68400
97	L	97	1.953	156.821	379.707	0.49	0.482124616956078	2	0	1.2448275952082453	1	-0.22984467199045497	-0.5203163819970181	NO	P68400
98	A	98	4.017	158.487	376.916	-0.65	0.397388059701493	0	0	0	0.1443315594258991	-1.2169016431580957	-1.105529772442119	NO	P68400
99	D	99	6.421	155.576	376.107	0.49	0.398876404494382	0	0	0	0.1443315594258991	-1.0930912388206073	-1.6028676697532909	NO	P68400
100	I	100	7.902	152.235	377.245	-0.93	0.442786069651741	0	0	0	0.28611514271891636	-0.9715315282747716	-1.0858980133377307	NO	P68400
101	V	101	11.656	151.692	376.906	0.49	0.439506172839506	0	0	0	0.28611514271891636	-1.107260758920006	-1.326217823063864	NO	P68400
102	K	102	14.317	149.137	377.659	0.49	0.439506172839506	0	0	0	1	-1.1584260445168322	-0.5544866030982519	NO	P68400
103	D	103	17.928	149.419	378.773	0.49	0.438271604938272	0	0	0	1	-1.2044785303160137	0.3665676421391195	NO	P68400
104	P	104	19.883	147.393	376.187	0.49	0.439900867410161	0	0	0	1	-1.0916914627909864	1.0016123714288998	NO	P68400
105	V	105	22.747	146.172	378.406	0.49	0.329291044776119	0	0	0	1	-1.2255740786079963	0.6700537732214513	NO	P68400
106	S	106	20.86	145.4	381.639	0.49	0.328066914498141	0	0	0	1	-1.4541664970185524	0.9250988487656421	NO	P68400
107	R	107	17.538	144.404	380.015	-0.08	0.377398720682303	0	0	0	1	-1.2530880628425813	1.0326959900108477	NO	P68400
108	T	108	15.624	146.653	382.433	0.49	0.221383647798742	0	0	34.60214420500999	0.050695635601295995	-1.3699187311693237	0.45715825226719536	NO	P68400
109	P	109	12.19	148.005	381.489	0.49	0.222012578616352	0	0	4.845646365536749	0.09243025318497007	-1.1586801239771725	-0.41561366677361344	NO	P68400
110	A	110	11.079	151.591	382.105	0.49	0.189406099518459	0	0	1.7457311785031084	0.4640864376713433	-1.3237628041953593	-0.49933935717002953	NO	P68400
111	L	111	7.781	153.462	381.751	0.49	0.18816631130064	0	0	2.9362152858166883	0.15622859909945594	-1.0152815110059599	-0.43968594281828005	NO	P68400
112	V	112	7.871	157.019	380.491	0.49	0.290534979423868	0	0	0	0.1443315594258991	-1.677272635297186	-0.45440976214657114	NO	P68400
113	F	113	5.145	159.386	381.766	0.49	0.186083289404323	0	0	0.9672575183201411	1	-1.1151133704798657	-0.7535357758686997	NO	P68400
114	E	114	4.032	162.976	381.38	0.49	0.188336008560728	0	0	0.3808869297887854	0.6387679406547331	-1.2450525047966434	-0.36197689636340963	NO	P68400
115	H	115	5.866	165.121	383.907	-0.36	0.187633262260128	0	0	0.5223770805126023	1	-1.2716100302264002	-0.4220068049151347	NO	P68400
116	V	116	3.898	166.621	386.822	-0.08	0.187265917602996	0	0	0.8031776811082509	1	-0.5679622053577361	-0.906902562680072	NO	P68400
117	N	117	5.412	169.262	389.096	0.49	0.185185185185185	0	0	0	0.5191919191919193	-0.541698870616758	-1.2494960058743005	NO	P68400
118	N	118	4.147	167.719	392.368	0.49	0.183447548761202	0	0	0.8031776811082509	1	-0.014701443716786711	-0.29957217824260457	NO	P68400
119	T	119	3.321	169.981	395.308	0.49	0.318933823529412	0	0	0	0.27878787878787875	0.4354681926291053	-0.9323675895726423	NO	P68400
120	D	120	4.676	168.661	398.615	0.49	0.320110701107011	0	0	0	1	0.04703097149014857	-0.2710242028936732	NO	P68400
121	F	121	2.261	166.586	400.696	0.49	0.322490706319703	0	0	0	0.27878787878787875	0.5666133344003224	0.7245864374003084	NO	P68400
122	K	122	3.234	168.504	403.824	0.49	0.42716049382716	0	0	0	0.5191919191919193	0.29413462960010306	0.33740452173042645	NO	P68400
123	Q	123	2.809	171.785	401.952	0.49	0.42998760842627	0	0	0	1	0.024283018317670192	0.17146941501476284	NO	P68400
124	L	124	-0.631	170.761	400.706	0.49	0.559076262083781	0	0	0	0.27878787878787875	0.5104953541594276	0.06935550318973885	NO	P68400
125	Y	125	-1.685	169.746	404.192	0.49	0.647388059701493	0	0	0	0.27878787878787875	0.5282674103853411	0.6008537028151781	NO	P68400
126	Q	126	-0.768	173.173	405.576	0.49	0.64365671641791	0	0	0	0.5191919191919193	0.05927239243051128	0.5697136711323554	NO	P68400
127	T	127	-2.268	175.48	402.921	-0.93	0.638376383763838	1	0	0	0.27878787878787875	0.08375625909981704	0.2587216777009332	NO	P68400
128	L	128	-5.325	173.745	401.445	0.49	0.540779220779221	0	0	0	0.07213030156426382	0.24525975186913548	0.30234780904401876	NO	P68400
129	T	129	-8.668	175.463	402.04	0.49	0.536874677668901	0	0	0	0.28611514271891636	0.24204184427862388	-0.2710242028936732	NO	P68400
130	D	130	-12.091	173.88	402.535	0.49	0.531122448979592	0	0	0	0.1443315594258991	0.4045877723394083	-0.1663644690804594	NO	P68400
131	Y	131	-12.901	174.688	398.853	-0.08	0.531490015360983	0	0	0	0.28611514271891636	0.5326664741505415	-0.11711337927334768	NO	P68400
132	D	132	-9.479	173.221	397.716	0.49	0.531122448979592	0	0	0	0.1443315594258991	1.2014532131693434	-0.359522926475361	NO	P68400
133	I	133	-10.196	169.886	399.486	0.49	0.525492175668854	0	0	0	0.03617481051443313	0.8365972738419941	0.19370358234019644	NO	P68400
134	R	134	-13.623	169.636	397.748	0.49	0.525492175668854	1	0	0	0.28611514271891636	0.5119292012135713	0.48761722396854956	NO	P68400
135	F	135	-12.088	170.598	394.341	0.49	0.527355623100304	0	0	0	0.28611514271891636	1.3702528693115552	0.39860228930892094	NO	P68400
136	Y	136	-9.296	167.974	394.564	0.49	0.527355623100304	0	0	0	0.07213030156426382	1.333027871693344	0.9827077145135625	NO	P68400
137	M	137	-11.579	165.276	396.006	0.49	0.527355623100304	1	0	0	0.1443315594258991	1.037463036359684	0.9815240597871999	NO	P68400
138	Y	138	-13.849	165.874	392.964	0.49	0.527707168276563	0	0	0	0.1443315594258991	1.277906680334025	0.11911805740306046	NO	P68400
139	E	139	-10.806	165.586	390.586	0.49	0.620071684587814	0	0	0	0.1443315594258991	1.4470382269436215	0.8247282388923902	NO	P68400
140	I	140	-9.887	162.205	392.172	0.21	0.615658362989324	0	0	0.2955601271679484	0.3895178197064988	1.1704686992095417	0.5709034747144394	NO	P68400
141	L	141	-13.532	161.097	391.779	0.49	0.738790035587189	0	0	0	0.28611514271891636	0.9437063473472617	0.5029976117369541	NO	P68400
142	K	142	-13.462	161.926	388.022	0.49	0.744086021505376	0	0	0	0.27878787878787875	0.9948536567334957	0.7317320968444341	NO	P68400
143	A	143	-10.377	159.62	387.729	0.49	0.823250296559905	0	0	0.3808869297887854	0.6387679406547331	1.146577301658865	0.5208064817845809	NO	P68400
144	L	144	-12.005	156.829	389.792	0.49	0.825622775800712	0	0	1.7045062065731067	0.6640541848089018	0.8620311796683426	0.2599681385964499	NO	P68400
145	D	145	-15.382	156.986	388.111	0.49	0.822143698468787	0	0	0	0.5191919191919193	0.5341215261024368	0.46646516028705354	NO	P68400
146	Y	146	-13.523	156.796	384.765	0.49	0.821052631578947	0	0	0	0.5191919191919193	0.8324193029590217	0.33740452173042645	NO	P68400
147	C	147	-11.281	153.828	385.667	0.49	0.615789473684211	0	0	1.6676067222431312	0.6315432994678278	0.9894090579214317	0.6345441314305682	NO	P68400
148	H	148	-14.192	151.959	387.365	0.49	0.611498257839721	0	0	0	1	0.6717274801060256	0.40723293317896203	NO	P68400
149	S	149	-16.314	152.687	384.201	0.49	0.611111111111111	0	0	0	1	0.5372521080954002	-0.24745830158781032	NO	P68400
150	M	150	-13.353	151.098	382.259	-0.65	0.404844290657439	0	0	0	0.5191919191919193	0.7381968723630808	-0.616327559084117	NO	P68400
151	G	151	-13.625	147.982	384.458	0.49	0.409090909090909	0	0	0	1	0.6183661005621028	-0.47577373528958206	NO	P68400
152	I	152	-10.475	148.731	386.457	0.49	0.413145539906103	0	0	9.87685568382104	0.0257377842283503	0.7900888574894657	0.6512152165051195	NO	P68400
153	M	153	-9.948	148.949	390.246	0.49	0.417556346381969	0	0	3.669359368354105	0.18795033059184002	0.9382625317698113	0.34597394038710355	NO	P68400
154	H	154	-6.841	151.041	391.179	0.49	0.626334519572954	0	0	15.640936021854555	0.0034141958670260526	1.1582403934470247	0.7081106112015895	NO	P68400
155	R	155	-6.276	149.163	394.53	0.49	0.619298245614035	0	0	5.427252780711037	0.019565719683230696	1.2263915057019958	1.06674720008532	NO	P68400
156	D	156	-3.596	151.573	395.756	0.49	0.617957746478873	0	2	7.423644473097061	0.005737908493917093	1.2278836789870382	1.022418680223294	NO	P68400
157	V	157	-5.405	154.879	396.317	0.49	0.621478873239437	0	0	9.39511221961135	0.004256751283438661	1.39016623783027	0.9692043881454645	NO	P68400
158	K	158	-3.337	156.982	398.767	0.49	0.501067615658363	0	0	6.1222408244103494	0.014049073239550278	1.2429747619264846	0.9134416638723479	NO	P68400
159	P	159	-1.895	160.546	398.869	0.49	0.629893238434164	0	0	4.018936963251945	0.07071158735550546	1.0272077132450235	0.9284547050228026	NO	P68400
160	H	160	1.536	159.404	397.536	0.49	0.629893238434164	0	0	19.167012136022397	0.0011343400343801783	0.5924120062642174	1.4989502687400718	NO	P68400
161	N	161	-0.293	158.058	394.421	0.49	0.627659574468085	0	0	15.640936021854555	0.0034141958670260526	1.0617247351099437	0.7812300434183466	NO	P68400
162	V	162	-2.023	161.396	393.73	0.49	0.621908127208481	0	0	4.845646365536749	0.09243025318497007	0.8795971416686549	1.2061959663062098	NO	P68400
163	M	163	-0.631	165.278	391.858	0.49	0.621478873239437	0	0	1.0860431306615606	1	0.43156425902166556	-0.24866122800352075	NO	P68400
164	I	164	-0.993	167.606	392.424	0.49	0.621478873239437	0	0	0.5223770805126023	1	0.4812367965897373	-0.10696299853782422	NO	P68400
165	D	165	0.36	170.679	390.651	0.49	0.619298245614035	0	0	0	0.5191919191919193	0.2402133076600242	-0.9251452032800577	NO	P68400
166	H	166	-1.35	173.189	392.915	0.49	0.619718309859155	0	0	0	0.27878787878787875	0.3571283030326465	-0.8423187800055042	NO	P68400
167	E	167	-0.123	176.215	390.845	-0.36	0.619298245614035	0	0	0	0.5191919191919193	0.18195486207740744	-1.2903955040084427	NO	P68400
168	H	168	-2.007	174.818	387.8	-0.93	0.619718309859155	1	0	0	0.5191919191919193	0.4371740981133349	-1.6888734715439448	NO	P68400
169	R	169	-4.803	173.098	389.871	-0.08	0.619718309859155	1	0	0	0.5191919191919193	0.4706078208559467	-0.4414641818675905	NO	P68400
170	K	170	-3.813	169.88	388.012	0.49	0.748936170212766	0	0	0	0.27878787878787875	0.5151657940844728	-1.1137702639180347	NO	P68400
171	L	171	-4.257	166.435	389.576	0.49	0.76028880866426	0	0	0.3808869297887854	0.6387679406547331	0.7846488115231076	-1.0475693408005913	NO	P68400
172	R	172	-3.105	163.02	388.294	0.49	0.759712230215827	0	0	0.6478567771801018	0.7247992438329827	0.8084392095307115	-0.35827646557984427	NO	P68400
173	L	173	-3.801	159.573	389.746	0.49	0.847172081829121	0	0	2.282694199029443	0.30037852209984933	1.141844351964072	0.6656021271660348	NO	P68400
174	I	174	-0.512	157.567	389.361	0.49	0.734098018769552	0	1	4.018936963251945	0.07071158735550546	0.5702221214843455	0.5267107702370285	NO	P68400
175	D	175	1.058	154.156	390.117	0.49	0.722222222222222	0	1	10.762278815133302	8.44037330673348e-4	0.292701452913877	0.8135607842184428	NO	P68400
176	W	176	-1.21	151.691	388.397	0.49	0.648148148148148	0	1	5.427252780711037	0.019565719683230696	0.5843102956640157	0.8932572359070043	NO	P68400
177	G	177	1.163	148.828	389.37	0.49	0.648148148148148	0	1	33.60214420500999	2.8004196750815023e-5	0.19135804495029665	1.291726144860417	NO	P68400
178	L	178	-1.437	147.171	391.693	0.49	0.715457154571546	0	0	8.949765398403002	0.002237283037526905	0.6020004974407532	1.2795364905145543	NO	P68400
179	A	179	-4.463	147.921	389.48	0.49	0.720164609053498	0	0	4.998887969702287	0.03252977161482564	0.8092377830019515	0.9660882359066731	NO	P68400
180	E	180	-6.652	145.049	388.249	0.49	0.720164609053498	0	0	2.305620132472884	0.27909499840451263	0.5113683044836512	0.9903092373991	NO	P68400
181	F	181	-9.527	144.293	385.865	0.49	0.720776538620405	0	0	1.6676067222431312	0.6315432994678278	0.43934717379170607	0.40723293317896203	NO	P68400
182	Y	182	-12.834	143.751	387.654	0.49	0.72890559732665	0	0	0	0.28611514271891636	0.3988936117691972	0.25728345359072174	NO	P68400
183	H	183	-14.615	140.487	386.682	0.49	0.787218045112782	0	0	0	0.28611514271891636	0.2145781288231109	-0.7850888012543601	NO	P68400
184	P	184	-17.813	139.747	388.728	0.49	0.737220109843684	0	0	0	0.28611514271891636	0.17618319618557673	-1.0298072730394783	NO	P68400
185	G	185	-17.383	136.752	391.025	0.21	0.660984848484848	2	0	0	0.1443315594258991	0.2461022453146142	-1.3367482685604708	NO	P68400
186	Q	186	-13.559	136.801	390.738	0.49	0.58863443596268	0	0	0	0.28611514271891636	0.587824172519614	-0.6064847656436089	NO	P68400
187	E	187	-11.533	136.148	393.897	0.49	0.530268199233717	0	0	0	0.07213030156426382	0.6750741268084963	0.2610587918800269	NO	P68400
188	Y	188	-8.648	138.604	394.146	0.49	0.527756653992396	1	0	0.2955601271679484	0.3895178197064988	1.1708333029449236	1.3632245267838066	NO	P68400
189	N	189	-5.436	138.709	396.205	0.49	0.587484035759898	0	0	0.5223770805126023	1	0.9603157121983469	1.4989502687400718	NO	P68400
190	V	190	-6.117	140.725	399.425	0.49	0.584706379383185	1	0	1.7457311785031084	0.4640864376713433	0.9611993871132127	1.4989502687400718	NO	P68400
191	R	191	-2.409	141.708	399.7	0.49	0.585241730279898	0	1	3.15616749137492	0.2361232059345267	0.9413883594397442	1.4989502687400718	NO	P68400
192	V	192	-2.974	145.019	397.859	0.49	0.578616352201258	0	0	4.998887969702287	0.03252977161482564	1.0558566026873593	0.918177395235249	NO	P68400
193	A	193	-3.176	148.739	398.802	0.49	0.574282147315855	0	0	9.39511221961135	0.004256751283438661	1.1442921638216865	0.9827077145135625	NO	P68400
194	S	194	-0.995	150.315	401.461	0.49	0.567901234567901	0	0	4.018936963251945	0.07071158735550546	1.2330351406311615	0.4057307421427581	NO	P68400
195	R	195	-1.717	149.424	405.119	0.49	0.634191176470588	0	0	2.9362152858166883	0.15622859909945594	1.3777048826106375	0.3726028777004156	NO	P68400
196	Y	196	-3.477	152.646	406.223	0.49	0.632841328413284	0	0	2.305620132472884	0.27909499840451263	1.3734590702887197	0.383211959640666	NO	P68400
197	F	197	-5.734	152.583	403.162	0.49	0.634191176470588	0	1	4.018936963251945	0.07071158735550546	1.1518693484972373	1.0765699971002005	NO	P68400
198	K	198	-6.667	148.874	403.135	0.49	0.632352941176471	1	1	2.282694199029443	0.30037852209984933	0.8531122368650819	1.1117683530701896	NO	P68400
199	G	199	-10.403	148.306	403.223	0.49	0.634191176470588	0	0	3.6527029735850363	0.08213139207501527	0.39049164064044467	1.1035304399708306	NO	P68400
200	P	200	-11.97	146.042	405.879	0.49	0.63003663003663	0	0	0.7927928602764529	1	0.4562201537411855	0.8668354720455808	NO	P68400
201	E	201	-12.585	143.454	403.09	0.49	0.557575757575758	0	0	0.781264558883441	1	0.25911597254570923	0.838741481081381	NO	P68400
202	L	202	-8.818	143.022	402.654	0.49	0.563725490196078	0	0	0.781264558883441	1	0.5317602911718817	1.022418680223294	NO	P68400
203	L	203	-8.134	142.842	406.408	0.49	0.566993464052288	0	0	0.9672575183201411	1	0.8657005933190745	0.9562837569114503	NO	P68400
204	V	204	-10.714	140.059	406.994	0.49	0.425245098039216	0	0	0.7927928602764529	1	0.5830286816331378	-0.16458300273704798	NO	P68400
205	D	205	-9.461	138.186	403.854	0.49	0.473181818181818	0	0	0.6157510341251579	0.6960490243509111	0.656068940039897	0.3436099628266408	NO	P68400
206	Y	206	-12.703	138.642	401.833	0.49	0.538819875776398	0	0	0.3482102271895651	0.2865868520206745	0.1988107445440656	-0.6536548962147938	NO	P68400
207	Q	207	-11.434	138.015	398.262	0.49	0.558363417569194	0	0	0.19757278254140515	0.13611353007579421	0.32107113474023086	0.29993530408495395	NO	P68400
208	M	208	-14.583	138.926	396.211	0.49	0.564040404040404	0	0	0	0.03617481051443313	0.2677131358091751	0.5405826737516499	NO	P68400
209	Y	209	-14.11	142.694	396.469	0.49	0.563607085346216	0	0	0.19757278254140515	0.13611353007579421	0.29039504547280703	0.5071828828739332	NO	P68400
210	D	210	-14.615	145.368	393.797	0.49	0.634545454545455	1	0	0.6157510341251579	0.6960490243509111	0.14284744487719744	0.6084081528453531	NO	P68400
211	Y	211	-14.215	149.097	392.861	0.49	0.634545454545455	0	0	3.669359368354105	0.18795033059184002	0.20882343901109865	0.1314046005160113	NO	P68400
212	S	212	-15.683	149.939	396.326	0.49	0.627240143369176	0	0	2.616893744223414	0.3588130946621514	-0.45804368174584165	0.43589719070652483	NO	P68400
213	L	213	-12.208	149.171	397.783	0.49	0.566159818828858	0	0	2.9362152858166883	0.15622859909945594	0.032426988753363	0.9276157409585126	NO	P68400
214	D	214	-10.986	152.444	396.156	0.49	0.49469964664311	0	0	4.018936963251945	0.07071158735550546	0.6502590001056657	1.025560332889572	NO	P68400
215	M	215	-13.889	154.348	397.778	0.49	0.495035460992908	0	0	1.8447366566347614	0.5028039671915886	-0.26495565696861506	0.48015178972802186	NO	P68400
216	W	216	-12.755	153.142	401.26	0.49	0.48951048951049	0	0	2.9362152858166883	0.15622859909945594	-0.3122055343425485	0.6301405041203308	NO	P68400
217	S	217	-9.188	154.343	400.458	-0.93	0.54320987654321	0	0	7.6729278486371975	0.01964281670423783	0.6289370734535585	1.0152692473276044	NO	P68400
218	L	218	-10.556	157.705	399.265	0.49	0.611111111111111	0	0	2.9362152858166883	0.15622859909945594	0.457209477079977	0.8178484222612913	NO	P68400
219	G	219	-12.54	158.055	402.551	0.49	0.611498257839721	0	0	1.7922294502467842	0.4801763494623005	-0.18107508725280966	0.5315882259151372	NO	P68400
220	C	220	-9.279	157.425	404.513	0.49	0.607266435986159	0	0	1.7922294502467842	0.4801763494623005	0.6517215998822388	0.6345441314305682	NO	P68400
221	M	221	-7.664	160.285	402.578	0.49	0.603448275862069	1	0	2.305620132472884	0.27909499840451263	0.8871307487688103	0.7371708983646599	NO	P68400
222	L	222	-10.594	162.646	403.106	0.49	0.67281814686659	0	0	0.6157510341251579	0.6960490243509111	0.3564950465882209	0.6112533353242494	NO	P68400
223	A	223	-10.676	161.813	406.9	0.49	0.670498084291188	0	0	0.6157510341251579	0.6960490243509111	0.14385541367725288	0.04651931061052568	NO	P68400
224	S	224	-6.95	162.488	407.204	0.49	0.668193967163039	0	0	1.6676067222431312	0.6315432994678278	0.885923673484145	0.4181480470791205	NO	P68400
225	M	225	-7.1	165.918	405.506	0.49	0.665905631659056	1	0	0.23846491242170753	0.23160780519271087	0.43040387689821663	0.4104250891308951	NO	P68400
226	I	226	-10.269	167.406	407.027	0.49	0.603448275862069	0	0	0.23846491242170753	0.23160780519271087	0.03220136868079741	0.4610541672522526	NO	P68400
227	F	227	-9.324	166.223	410.529	0.49	0.670103092783505	0	0	0.3808869297887854	0.6387679406547331	0.20050397516944357	0.32852348784986996	NO	P68400
228	R	228	-5.548	166.934	410.08	0.49	0.674329501915709	0	0	0.2955601271679484	0.3895178197064988	0.5349364573436133	0.011299189940863642	NO	P68400
229	K	229	-4.736	163.405	411.336	-0.08	0.683760683760684	0	0	0.5223770805126023	1	1.1769268679052112	0.8207622269521098	NO	P68400
230	E	230	-2.315	161.523	409.062	0.49	0.687645687645688	0	0	1.6676067222431312	0.6315432994678278	1.4275896290848549	1.1745994661458288	NO	P68400
231	P	231	-2.94	158.654	408.605	0.49	0.692488262910798	0	1	1.7045062065731067	0.6640541848089018	1.5305630799550551	0.011299189940863642	NO	P68400
232	F	232	-6.491	158.523	409.973	0.49	0.692007797270955	0	0	1.2448275952082453	1	1.283333201960354	0.218795977141413	NO	P68400
233	F	233	-6.402	154.755	410.755	0.49	0.747368421052632	0	0	0.9672575183201411	1	1.3472449993271123	-0.11050025243050678	NO	P68400
234	H	234	-2.869	154.217	412.042	0.49	0.747887323943662	0	0	1.2448275952082453	1	1.5688057817481322	-0.018269632413893882	NO	P68400
235	G	235	-2.399	150.44	412.121	0.49	0.748936170212766	0	0	1.7045062065731067	0.6640541848089018	1.540019521415431	0.7245864374003084	NO	P68400
236	H	236	1.012	149.025	413.064	-0.93	0.683274021352313	0	0	0.8031776811082509	1	1.6537458523413595	0.33740452173042645	NO	P68400
237	D	237	0.474	145.772	411.068	0.49	0.628571428571429	1	0	0.3808869297887854	0.6387679406547331	1.4386530880743176	0.013480496508018391	NO	P68400
238	N	238	-2.397	144.322	408.937	0.49	0.720942140296979	0	0	0.9672575183201411	1	1.1865026962239626	0.5986655582964029	NO	P68400
239	Y	239	-4.206	142.777	411.947	0.49	0.717844433146924	0	0	0.2955601271679484	0.3895178197064988	1.1495673116307228	0.5086370872520362	NO	P68400
240	D	240	-3.903	145.946	414.055	0.49	0.713272543059777	0	0	0.2955601271679484	0.3895178197064988	1.2776436313516826	0.43790043143146207	NO	P68400
241	Q	241	-5.163	147.987	411.029	0.49	0.624555160142349	0	0	0.9672575183201411	1	1.3329969357256466	0.451923116506025	NO	P68400
242	L	242	-8.606	146.267	411.525	0.49	0.537244897959184	1	0	0.6157510341251579	0.6960490243509111	1.075498485940366	0.383211959640666	NO	P68400
243	V	243	-8.52	147.204	415.279	0.49	0.533434650455927	0	0	0	0.1443315594258991	1.253459493672013	-0.19057081781941237	NO	P68400
244	R	244	-7.846	150.882	414.444	0.49	0.618374558303887	0	0	0.9672575183201411	1	1.4544521725145134	0.18631696391724153	NO	P68400
245	I	245	-10.914	150.937	412.166	0.49	0.621428571428571	0	0	1.2448275952082453	1	1.0002239410589915	0.9250988487656421	NO	P68400
246	A	246	-12.955	149.065	414.852	0.49	0.623655913978495	0	0	0	0.28611514271891636	0.9483689582661216	0.5682594667542524	NO	P68400
247	K	247	-11.999	151.823	417.378	0.49	0.536485097636177	0	0	0	0.28611514271891636	1.2524272556668792	0.30234780904401876	NO	P68400
248	V	248	-13.883	154.411	415.202	-0.65	0.630434782608696	1	0	0	0.28611514271891636	0.5281471667900893	-0.01433116222319831	NO	P68400
249	L	249	-16.655	152.365	413.521	0.49	0.623655913978495	0	0	0	0.28611514271891636	0.1966972172919539	0.4181480470791205	NO	P68400
250	G	250	-17.302	150.076	416.545	0.49	0.623214285714286	0	0	0	0.27878787878787875	0.7718517316164402	-0.650475663971168	NO	P68400
251	T	251	-17.151	146.233	416.754	0.49	0.622775800711744	0	0	0	0.28611514271891636	0.9112057627907229	-0.7914216267719048	NO	P68400
252	E	252	-20.924	145.464	416.418	0.49	0.620567375886525	0	0	0	0.5191919191919193	0.9225613071116288	-2.0526134237810973	NO	P68400
253	D	253	-21.049	146.497	412.697	-0.08	0.534183673469388	0	0	0	0.5191919191919193	0.6059610656124141	-1.6264257806785571	NO	P68400
254	L	254	-17.773	144.525	412.127	0.49	0.538026721479959	0	0	0	0.28611514271891636	0.4836049713665564	-1.2931221372173853	NO	P68400
255	Y	255	-19.438	141.281	413.261	0.49	0.630434782608696	0	0	0	1	0.5891426820862544	-2.0800704295215002	NO	P68400
256	D	256	-22.604	142.156	411.262	-1.22	0.625448028673835	0	0	0	1	0.22120865517822602	-2.8816265667097256	NO	P68400
257	Y	257	-20.35	142.595	408.152	0.49	0.69995988768552	0	0	0	0.5191919191919193	-0.16473034501316577	-1.9736897861695157	NO	P68400
258	I	258	-18.483	139.279	408.905	0.21	0.566544566544567	0	0	0	0.5191919191919193	0.05695035829849383	-1.9475141073636646	NO	P68400
259	D	259	-21.847	137.445	409.418	-0.93	0.566993464052288	0	0	0	0.5191919191919193	0.010235370596503411	-3.153776638999972	NO	P68400
260	K	260	-23.498	138.951	406.264	0.49	0.57283950617284	0	0	0	0.5191919191919193	-0.4299367061915947	-3.642700925266406	NO	P68400
261	Y	261	-20.677	137.523	404.045	0.49	0.514498141263941	0	0	0	0.5191919191919193	-0.2903308020612247	-2.0908571103480873	NO	P68400
262	N	262	-20.011	134.371	406.168	-1.22	0.514498141263941	0	0	0	0.5191919191919193	0.18592270851528125	-3.791292184653005	NO	P68400
263	I	263	-16.371	135.478	406.668	0.49	0.586346738763096	1	0	0	0.5191919191919193	0.4047990356062803	-2.5216339958386667	NO	P68400
264	E	264	-14.13	133.357	408.969	-0.08	0.512177121771218	0	0	0	0.27878787878787875	0.43007389458892176	-1.7331770272867675	NO	P68400
265	L	265	-11.979	135.706	411.129	0.49	0.514074074074074	0	0	0	0.27878787878787875	0.6483742967655086	-0.9323675895726417	NO	P68400
266	D	266	-8.31	134.69	411.358	0.49	0.569085690856909	0	0	0	0.28611514271891636	0.7651965209141777	0.32793305900462494	NO	P68400
267	P	267	-7.377	133.393	414.902	0.49	0.635531135531136	0	0	0	0.5191919191919193	0.755078065132072	-0.049777393939455544	NO	P68400
268	R	268	-4.692	136.173	415.147	-0.36	0.564916564916565	0	0	0	0.28611514271891636	0.9161892780319575	0.46646516028705354	NO	P68400
269	F	269	-7.632	138.613	415.851	0.49	0.560808080808081	0	0	0	0.28611514271891636	0.9884261988204354	0.14852320307456895	NO	P68400
270	N	270	-8.974	136.736	418.963	0.49	0.55515443241075	1	0	0	0.5191919191919193	0.9953236669121924	-0.4816760942359994	NO	P68400
271	D	271	-6.75	138.503	421.562	0.49	0.563701531443467	0	0	0	0.5191919191919193	1.113428832825064	-0.21253642241173476	NO	P68400
272	I	272	-6.454	141.986	419.88	0.49	0.563701531443467	1	0	0	0.28611514271891636	1.1587568656425513	0.48761722396854956	NO	P68400
273	L	273	-9.913	142.858	418.466	0.49	0.62410071942446	0	0	0	0.27878787878787875	1.0072282174261666	0.6749011211484612	NO	P68400
274	G	274	-11.865	143.539	421.71	0.49	0.62410071942446	0	0	0	0.27878787878787875	1.0599638940244342	0.9427170941157347	NO	P68400
275	R	275	-15.145	145.576	422.039	-0.36	0.625448028673835	0	0	0	0.28611514271891636	1.047616095157912	-0.023998316327631903	NO	P68400
276	H	276	-15.63	149.156	420.807	0.49	0.625	0	0	0	0.28611514271891636	1.0490362973049085	-0.023998316327631903	NO	P68400
277	S	277	-18.515	151.631	420.513	0.49	0.629496402877698	0	0	0	0.5191919191919193	1.0510737958242495	-0.4719243707593097	NO	P68400
278	R	278	-19.339	153.37	417.23	0.49	0.631294964028777	1	0	0	0.27878787878787875	0.3410991905422107	-0.8070023879658638	NO	P68400
279	K	279	-17.898	156.946	417.448	0.49	0.524193548387097	0	0	0	0.27878787878787875	0.5984916070884234	-0.46422564169876573	NO	P68400
280	R	280	-19.364	160.293	416.287	0.49	0.524193548387097	0	0	0	0.27878787878787875	-0.14249781419611401	-0.6951875135150994	NO	P68400
281	W	281	-17.44	161.941	413.438	0.49	0.488753124132186	0	0	0	0.28611514271891636	-0.7123160695300322	-0.2945684642534335	NO	P68400
282	E	282	-17.835	165.322	415.265	0.49	0.488006617038875	0	0	0	0.27878787878787875	-0.8172707967787576	-0.6064847656436089	NO	P68400
283	R	283	-15.476	163.925	418.019	-0.65	0.488378527946873	0	0	0	0.27878787878787875	-0.22021583266671876	-1.527612593186469	NO	P68400
284	F	284	-12.485	164.484	415.622	0.49	0.491917502787068	0	0	0	0.27878787878787875	0.057918823866830345	-0.7364527012796176	NO	P68400
285	V	285	-13.25	168.228	415.253	-0.08	0.496911847276811	0	0	0	0.27878787878787875	-0.348860119493454	-0.13964722450621075	NO	P68400
286	H	286	-10.698	170.487	417.009	0.49	0.400112707805016	1	0	0	0.5191919191919193	-0.2666261328511175	-0.9107519272103444	NO	P68400
287	S	287	-9.463	174.1	416.835	0.49	0.400794777178541	0	0	0	0.5191919191919193	-0.4569499740317	-0.8942546506520341	NO	P68400
288	E	288	-6.76	173.222	414.252	0.49	0.323260073260073	0	0	0	0.27878787878787875	0.015582227124622476	-0.033096814308275796	NO	P68400
289	N	289	-9.164	171.508	411.759	0.49	0.350082644628099	0	0	0	0.28611514271891636	0.15802760314273662	-0.7914216267719048	NO	P68400
290	Q	290	-12.652	173.082	412.301	-0.36	0.321167883211679	0	0	0	0.27878787878787875	-0.6172608023081393	-0.023998316327631903	NO	P68400
291	H	291	-12.193	175.441	409.26	0.49	0.324074074074074	1	0	0	0.28611514271891636	-0.3832789042749194	-0.5296648387133936	NO	P68400
292	L	292	-12.075	172.297	406.958	0.49	0.327715355805243	0	0	0	0.1443315594258991	-0.031066864473278128	0.14654019710442834	NO	P68400
293	V	293	-15.014	170.411	408.584	0.49	0.328947368421053	0	0	0	0.28611514271891636	-0.38851094738417014	-0.033096814308275796	NO	P68400
294	S	294	-18.705	170.998	407.743	0.49	0.239917976760082	0	0	0	0.5191919191919193	-0.5087102445893975	0.06935550318973885	NO	P68400
295	P	295	-21.938	168.96	408.2	0.49	0.239917976760082	0	0	0	0.5191919191919193	-1.020029562328184	0.013480496508018391	NO	P68400
296	E	296	-21.732	168.056	404.409	0.49	0.239917976760082	0	0	0	0.5191919191919193	-0.4338672179713249	0.6089771893411321	NO	P68400
297	A	297	-18.075	166.876	404.806	0.49	0.240137221269297	0	0	0	0.1443315594258991	-0.28099309778583126	0.43696558575982475	NO	P68400
298	L	298	-19.032	164.616	407.774	0.49	0.240137221269297	0	0	0	1	-0.6921270642418064	-0.03999912312117796	NO	P68400
299	D	299	-22.1	163.242	406	0.49	0.26	0	0	0	1	-0.8587737862772409	1.07107859595212	NO	P68400
300	F	300	-19.953	162.481	402.914	-0.36	0.26	0	0	0.7927928602764529	1	-0.8351385880148051	0.9134416638723487	NO	P68400
301	L	301	-17.228	160.822	405.03	0.49	0.256934306569343	0	0	0.6157510341251579	0.6960490243509111	-0.5023096548998099	0.4780987953118762	NO	P68400
302	D	302	-19.816	158.699	406.879	0.49	0.144078144078144	1	0	1.0860431306615606	1	-1.0264073434528964	0.29993530408495395	NO	P68400
303	K	303	-21.074	157.439	403.484	0.49	0.144199346405229	0	0	3.3926731527507297	0.5509433962264151	-1.3651818406358132	0.8247282388923902	NO	P68400
304	L	304	-17.535	156.33	402.339	0.49	0.257664233576642	0	0	1.6676067222431312	0.6315432994678278	-1.1290818284168425	0.36467085381985465	NO	P68400
305	L	305	-16.173	154.854	405.553	0.49	0.234625668449198	0	0	1.7457311785031084	0.4640864376713433	-0.5849219758206757	0.10509537232849754	NO	P68400
306	R	306	-18.508	151.843	405.985	0.49	0.234625668449198	0	0	1.0860431306615606	1	-0.6150320516549154	-0.8786738894580751	NO	P68400
307	Y	307	-17.454	148.251	406.673	0.49	0.13	0	0	0.9672575183201411	1	-0.1286026822245037	-0.36139261781863563	NO	P68400
308	D	308	-19.941	146.872	404.154	0.49	0.130970149253731	0	0	3.3926731527507297	0.5509433962264151	-0.5114308289152755	-0.3071715688636586	NO	P68400
309	H	309	-18.246	147.532	400.78	0.49	0.145522388059701	0	0	2.616893744223414	0.3588130946621514	-0.5962271750693766	0.6206873614384868	NO	P68400
310	Q	310	-21.727	147.354	399.087	0.49	0.163712686567164	0	0	3.3926731527507297	0.5509433962264151	-1.007813266793028	0.6587954167458164	NO	P68400
311	S	311	-22.37	151.526	401.043	-0.36	0.145522388059701	0	0	3.3926731527507297	0.5509433962264151	-1.6107848328336611	0.7043314478481614	NO	P68400
312	R	312	-20.324	152.723	400.311	0.49	0.164943609022556	0	2	1.6676067222431312	0.6315432994678278	-1.3481352363986157	0.035491862776574935	NO	P68400
313	L	313	-21.122	155.496	397.789	0.49	0.165719696969697	0	0	1.6676067222431312	0.6315432994678278	-1.1233653598820286	0.6501103988931842	NO	P68400
314	T	314	-19.905	154.608	394.267	0.49	0.163857677902622	0	0	1.6676067222431312	0.6315432994678278	-0.38842344180351274	0.32448889074069703	NO	P68400
315	A	315	-17.658	157.271	392.648	0.49	0.293501048218029	0	0	1.6676067222431312	0.6315432994678278	0.02985800930934669	0.2316643558226438	NO	P68400
316	R	316	-20.669	158.493	390.596	-0.08	0.29404309252218	0	0	3.3926731527507297	0.5509433962264151	0.4410884733444224	1.1016408582941164	NO	P68400
317	E	317	-22.924	158.766	393.699	0.49	0.333015267175573	0	0	3.3926731527507297	0.5509433962264151	-0.18841431684386192	0.35628121317695366	NO	P68400
318	A	318	-20.103	160.564	395.543	0.49	0.440656565656566	0	0	0.7927928602764529	1	-0.1875470521075111	0.5969505261060112	NO	P68400
319	M	319	-19.927	163.178	392.725	0.49	0.436953807740325	1	0	0	0.27878787878787875	0.8096296190084938	0.3481230108966153	NO	P68400
320	E	320	-23.658	163.956	393.386	0.49	0.528301886792453	0	0	0	1	0.3636693480332545	0.013480496508018391	NO	P68400
321	H	321	-23.173	164.509	397.156	0.49	0.665399239543726	0	0	0	0.28611514271891636	-0.5283266248305573	0.47448835685589674	NO	P68400
322	P	322	-23.892	168.053	398.566	0.49	0.723140495867769	0	0	0	0.5191919191919193	-0.06578972919724375	0.43945850755085814	NO	P68400
323	Y	323	-20.187	168.323	399.686	0.49	0.815850815850816	0	0	0	0.27878787878787875	-0.12332202093239904	0.5405826737516499	NO	P68400
324	F	324	-19.426	169.103	395.995	0.49	0.85795763172189	0	0	0	0.27878787878787875	0.36477905095404467	0.17146941501476284	NO	P68400
325	Y	325	-22.311	171.609	395.282	0.49	0.797727272727273	0	0	0	0.5191919191919193	0.9366092407796784	0.33740452173042645	NO	P68400
326	T	326	-19.575	174.316	395.371	-0.36	0.745047169811321	0	0	0	0.5191919191919193	1.1208830115731814	0.4057307421427581	NO	P68400
327	V	327	-17.386	172.737	392.625	0.49	0.769735403455062	0	0	0	0.27878787878787875	1.2366446168683687	0.5208064817845809	NO	P68400
