Uniprot_position	aminoacid	Position_in_structure	x	y	z	paraz	mtr	gscount	pscount	OR	pvalue	mtr3dscore	paraz3dscore	HotSpot3D	Uniprot
4	R	4	24.63	46.65	18.787	-0.5	0.910344827586207	0	1	2.2223241055663503	0.03696195734930707	0.5925654787568786	0.8680261481144832	NO	Q06124
5	R	5	27.677	48.885	18.14	1.59	0.942466887417219	0	0	1.3364310343023802	0.6137386265012441	0.7749351779236697	0.17315464983905615	NO	Q06124
6	W	6	29.626	47.116	20.964	0.2	0.933962264150943	0	0	1.2262624083389726	0.8129743056967952	0.6502519356968065	-0.3758235366284802	NO	Q06124
7	F	7	30.207	44.172	18.529	2.29	0.909090909090909	0	0	1.1490712124931652	0.8249411825835165	0.3397840662246084	0.37499135669159267	NO	Q06124
8	H	8	33.458	44.483	16.538	0.9	0.901734104046243	0	0	1.1165304049748206	0.8200145527818585	0.7272892288408637	0.4845054744847808	NO	Q06124
9	P	9	33.618	41.74	13.842	0.2	0.895027624309392	4	0	0.9825232090432569	1	0.22780569702092482	0.5772786637507844	NO	Q06124
10	N	10	37.242	42.159	12.741	1.59	0.894830659536542	2	0	0.2823479767552926	0.1306500893958176	0.48992764464866684	0.5392420289593953	NO	Q06124
11	I	11	39.471	42.959	15.753	0.9	0.962250185048113	2	0	0.35126193583468307	0.11129676436272957	1.5582651889560297	0.21949980068581426	NO	Q06124
12	T	12	42.195	40.97	17.506	0.9	0.960714285714286	1	0	0.2127429948566514	0.030508858389885155	1.0368358630628807	0.026011399938292608	NO	Q06124
13	G	13	42.501	40.736	21.316	0.9	0.963938973647712	0	0	0.3220033560395972	0.11169564009558752	0.7643726949454533	-0.16807844951520817	NO	Q06124
14	V	14	45.468	43.174	21.23	2.29	0.957943925233645	0	0	0.2823479767552926	0.1306500893958176	2.152781066929151	0.04534511979417935	NO	Q06124
15	E	15	43.459	45.712	19.149	0.9	0.953458306399483	0	0	0.09719994208460968	0.00547813972398945	2.675055372852626	0.11555975069747619	NO	Q06124
16	A	16	40.547	45.252	21.644	0.9	0.948222083593263	0	0	0.39955944993505776	0.1359093178160206	1.3358342271830224	-0.16379774755198262	NO	Q06124
17	E	17	42.917	45.879	24.632	-0.5	0.94333936106088	0	0	0.7281521177612011	0.7667608624180781	1.075907526313558	-0.5072094184411028	NO	Q06124
18	N	18	44.448	48.962	22.912	-0.5	1.0461338531514	2	0	0.17735579459667652	0.08844729567479903	2.043649828987193	-0.3277140680692835	NO	Q06124
19	L	19	40.91	50.252	22.047	-0.5	1.05050933786078	0	0	0.15658972514344438	0.052741091537265944	1.940278354640155	-0.3386949991923403	NO	Q06124
20	L	20	39.646	49.911	25.662	-0.5	1.059375	1	0	0.4272811980685238	0.2518752440035102	0.9503354365527675	-0.6453767184148557	NO	Q06124
21	L	21	42.853	51.253	27.266	-0.5	1.05454545454545	0	0	0.31583987699762267	0.20785589081831027	1.4085520681743027	-0.7141737142524088	NO	Q06124
22	T	22	43.106	54.324	24.938	-0.5	1.07037037037037	1	1	0.17735579459667652	0.08844729567479903	2.4294823692819025	-0.5688551476060683	NO	Q06124
23	R	23	39.451	55.128	23.949	-0.5	1.02171717171717	0	0	0.17735579459667652	0.08844729567479903	2.1160670344887156	-0.8167437807738519	NO	Q06124
24	G	24	37.522	53.572	26.85	-0.5	0.976415851115033	0	0	0.13998327184559528	0.054362351945989255	0.8206616449461692	-0.9801887648242817	NO	Q06124
25	V	25	37.225	53.963	30.621	-0.5	0.921323529411765	0	0	0.1263948800776215	0.030728574783514637	0.7323086761569191	-1.1086098237210478	NO	Q06124
26	D	26	36.601	51.575	33.55	-0.5	0.877450980392157	3	0	0.31583987699762267	0.20785589081831027	0.03989753749168457	-1.1086098237210478	NO	Q06124
27	G	27	33.311	49.853	32.714	-0.5	0.827952029520295	0	0	0.2823479767552926	0.1306500893958176	-0.12282102082630249	-1.1086098237210478	NO	Q06124
28	S	28	33.942	50.052	28.912	-0.5	0.851607801792304	0	0	0.5191475606641281	0.29452892430472577	0.3734767064929535	-0.9618428992676008	NO	Q06124
29	F	29	33.33	46.806	27.009	-0.5	0.751399253731343	0	0	0.811312046621173	0.7863002491252602	0.34202822502678043	-0.6913480443156083	NO	Q06124
30	L	30	33.063	45.244	23.571	-0.5	0.751399253731343	0	0	0.43330273491730903	0.2012090109500042	0.7346679117562123	-0.4673021755657684	NO	Q06124
31	A	31	32.393	41.759	22.173	0.2	0.757048872180451	0	0	0.7225448419111529	0.6232778692580112	0.4824307281500745	-0.3455091778276789	NO	Q06124
32	R	32	34.216	40.222	19.196	-0.5	0.810566037735849	0	0	0.8512366448560948	0.8121784516784837	0.4420185059506161	0.02053452066038236	NO	Q06124
33	P	33	34.576	36.857	17.347	-0.5	0.804494382022472	0	0	0.9825232090432569	1	-0.18672097089769818	-0.02910047149108883	NO	Q06124
34	S	34	37.446	34.685	18.574	0.2	0.719288174512055	0	0	0.8512366448560948	0.8121784516784837	-0.09329371844137414	0.04534511979417935	NO	Q06124
35	K	35	40.646	34.394	16.516	-0.5	0.81670002859594	1	0	0.1263948800776215	0.030728574783514637	0.31358620375433083	0.04534511979417935	NO	Q06124
36	S	36	42.275	31.7	18.768	-0.5	0.77633209417596	0	0	0.2893867171120709	0.40606343077089996	0.06238412698970233	-0.42369750960496166	NO	Q06124
37	N	37	39.166	29.446	18.28	0.2	0.711965811965812	1	0	2.1371717323604473	0.23395692202342677	-0.6207433060955523	-0.6553590276148143	NO	Q06124
38	P	38	36.878	30.536	15.353	-0.5	0.660516605166052	0	0	1.0790996507814328	1	-0.3443476339930407	-0.46726894030207883	NO	Q06124
39	G	39	33.197	29.95	16.305	-0.5	0.614240777809551	0	0	4.779845469387847	0.001275184204335126	-0.8662914993575593	-0.5588890665047886	NO	Q06124
40	D	40	33.764	31.293	19.85	-0.5	0.611965811965812	0	0	3.78856929837901	0.003604045538180464	-0.3347999343736194	-0.652922195377684	NO	Q06124
41	F	41	33.394	34.938	21.03	-0.5	0.605240912933221	0	0	1.2984641090708429	0.5343289710973209	0.09429920473503448	-0.25348864582908914	NO	Q06124
42	T	42	35.144	37.123	23.618	-0.5	0.392307692307692	0	1	1.2262624083389726	0.8129743056967952	0.02919597973285764	-0.3846537444458717	NO	Q06124
43	L	43	33.715	39.851	25.829	-0.5	0.472860472860473	0	1	1.8141070978175946	0.3594435799316749	0.09044098326715692	-0.6420411064954591	NO	Q06124
44	S	44	36.652	42.316	26.486	-0.5	0.539393939393939	0	0	0.5963845922547566	0.44593052783646164	0.4934561897030391	-0.4381518279223467	NO	Q06124
45	V	45	35.959	44.508	29.608	-0.5	0.540909090909091	0	0	0.4272811980685238	0.2518752440035102	0.03902098269420085	-0.911038963879869	NO	Q06124
46	R	46	37.979	47.312	31.213	-0.5	0.537878787878788	0	0	0.38582093624354763	0.16839285022259015	0.24792529125382853	-0.9985346303809626	NO	Q06124
47	R	47	38.085	47.172	35.063	-0.5	0.600678733031674	0	0	0.20404557550621916	0.14820631014438657	-0.3552224765305217	-1.1086098237210478	NO	Q06124
48	N	48	40.487	49.099	37.402	-0.5	0.650735294117647	1	0	0.20404557550621916	0.14820631014438657	0.28528351022659515	-1.1086098237210478	NO	Q06124
49	G	49	42.69	50.286	34.461	-0.5	0.651291512915129	0	0	0.31583987699762267	0.20785589081831027	1.064691178059382	-1.1086098237210478	NO	Q06124
50	A	50	43.212	46.738	33.094	-0.5	0.651851851851852	1	0	0.31583987699762267	0.20785589081831027	0.876619099619345	-1.0015922746404093	NO	Q06124
51	V	51	41.434	44.648	30.372	-0.5	0.598981900452489	0	0	0.5749134573420713	0.41358141550952793	0.614655209215448	-0.7078673229672998	NO	Q06124
52	T	52	39.719	41.271	31.116	-0.5	0.598981900452489	0	1	0.6225273564131824	0.7442218744299287	-0.2887028759461763	-0.6811511562503834	NO	Q06124
53	H	53	38.883	38.878	28.19	-0.5	0.542742927429274	0	0	2.524564920972213	0.27477726867637253	-0.253779658764046	-0.5527300973536172	NO	Q06124
54	I	54	35.868	36.605	28.928	-0.5	0.590405904059041	0	0	17.12529527958429	0.010135035736157438	-0.8355451295727259	-0.8707930479862956	NO	Q06124
55	K	55	35.151	33.539	26.73	-0.5	0.654275092936803	0	0	4.398025197271698	0.012245850010504794	-0.5376967067291905	-0.7661536666630048	NO	Q06124
56	I	56	31.666	32.976	25.227	-0.5	0.713754646840149	0	2	4.656231673975365	5.28433954912247e-4	-0.20071055813814695	-0.8362015169703317	NO	Q06124
57	Q	57	31.19	29.569	23.606	-0.5	0.657303370786517	0	0	8.838739315146409	3.584860639470672e-8	-0.18524481396735504	-0.7050007814740684	NO	Q06124
58	N	58	28.421	28.482	21.242	0.9	0.662264150943396	1	3	8.45936753972035	3.0566382722162566e-9	0.04464951315254548	-0.2534886458290892	NO	Q06124
59	T	59	28.451	24.91	19.804	-0.5	0.607287449392713	1	1	5.727817193862032	1.465936267988403e-5	-0.6327478203973681	0.07843562544641487	YES	Q06124
60	G	60	24.905	25.347	18.474	-0.5	0.762484394506866	0	3	6.201746013434133	5.028574095543668e-8	-0.07079742064038523	0.5487825182776344	YES	Q06124
61	D	61	22.554	25.484	21.502	0.2	0.763836477987422	0	4	8.885569406446962	1.2243755583572895e-11	0.22710275491088977	0.7989335461375615	NO	Q06124
62	Y	62	23.122	28.822	23.293	0.2	0.760964912280702	2	2	12.247629337295066	8.712162972368653e-14	0.4939084922055751	0.7836351665537513	NO	Q06124
63	Y	63	25.818	31.422	24.061	-0.5	0.755930087390762	1	1	16.12529527958429	1.8031772493477023e-15	0.5159367573519372	0.17324873120088521	NO	Q06124
64	D	64	27.572	30.172	27.215	-0.5	0.791535601944524	0	0	12.936471696143913	7.642928726325684e-11	0.14779238294518596	-0.281862269440945	NO	Q06124
65	L	65	29.48	33.005	28.961	-0.5	0.785694010786262	0	0	9.838044896866165	1.8928249095124494e-7	0.1066780384832715	-0.6221280784421652	NO	Q06124
66	Y	66	32.369	31.889	31.212	0.2	0.744772447724477	0	0	8.398679605518046	2.0758908141483767e-4	-0.37551349504075393	-0.925151168154239	NO	Q06124
67	G	67	31.6	32.946	34.816	-0.5	0.817752100840336	0	0	17.12529527958429	0.0039729340085737095	-0.02338528885250341	-1.0168804959376434	NO	Q06124
68	G	68	28.106	33.949	33.675	-0.5	0.88135112120352	0	0	8.004448470460035	0.004169543451722293	0.35537075441394694	-0.6202603548551139	NO	Q06124
69	E	69	24.914	32.458	32.294	-0.5	0.955555555555556	0	2	12.369375850603292	3.895283182260917e-8	0.8765841932551769	-0.1861797035311333	NO	Q06124
70	K	70	23.516	30.932	29.041	-0.5	0.948529411764706	0	1	11.493118716341709	8.904667379269513e-11	0.7424138085931773	0.34377119951618834	NO	Q06124
71	F	71	21.82	33.31	26.566	-0.5	0.869822485207101	1	3	11.066382380624825	2.614033016215287e-13	0.9187773946004534	0.5777614496864865	NO	Q06124
72	A	72	19.816	33.131	23.309	-0.5	0.863496503496504	0	3	11.635197122734711	1.0498116081028427e-15	0.886340878626579	0.9010963577153573	NO	Q06124
73	T	73	21.645	36.088	21.606	-0.5	0.864121280179674	0	2	9.734259600359877	2.8047357416187313e-014	0.8264688102276563	0.6976240306321695	NO	Q06124
74	L	74	24.686	38.287	22.324	-0.5	0.832116788321168	0	0	9.69265288661086	2.9100511611710665e-12	0.5499431294922288	0.172339278036537	NO	Q06124
75	A	75	22.28	41.31	22.457	-0.5	0.797202797202797	1	0	4.218346369438884	3.936843678363521e-5	0.8070135726132239	0.2147386117675328	NO	Q06124
76	E	76	20.198	39.503	25.187	0.2	0.837606837606838	0	5	4.324803228546055	2.9409797489386807e-6	0.6979004630287063	0.2111806257201765	NO	Q06124
77	L	77	23.449	38.717	27.075	-0.5	0.835164835164835	0	0	8.225364418719078	1.9827956246816116e-9	0.731444364986526	-0.31703968337837585	NO	Q06124
78	V	78	24.617	42.363	26.958	-0.5	0.802473262032086	0	0	5.604590892473752	6.851591214171119e-6	0.4186338750430814	-0.38171688031309736	NO	Q06124
79	Q	79	21.138	43.737	27.857	-0.5	0.75719557195572	1	2	3.8354631634222156	8.186238759889628e-4	0.19323703498079048	-0.08417669103598761	NO	Q06124
80	Y	80	21.016	41.341	30.868	-0.5	0.752767527675277	0	0	7.33345112187666	4.455114858180734e-6	0.606930632157628	-0.2547626642705253	NO	Q06124
81	Y	81	24.357	42.521	32.365	-0.5	0.752767527675277	0	0	3.2428769308721708	0.018245582990347002	0.04543408160315789	-0.8011331169910763	NO	Q06124
82	M	82	23.817	46.207	31.444	-0.5	0.740049751243781	2	1	2.0432097685678716	0.26239247611515415	-0.14961846872358736	-1.0410197927227498	NO	Q06124
83	E	83	20.445	46.118	33.298	-0.5	0.738888888888889	0	0	3.101639788439504	0.07260972314605892	-0.4730423589410765	-1.0098243938004585	NO	Q06124
84	H	84	21.837	43.889	36.158	-0.5	0.738314883148832	0	0	3.101639788439504	0.07260972314605892	-0.21419878358995678	-1.0098243938004585	NO	Q06124
96	I	96	33.012	42.849	36.271	-0.5	0.69193742478941	0	0	0.5412135016393588	0.5330967930555889	-1.0447504703124384	-1.1086098237210478	NO	Q06124
97	E	97	30.709	45.761	35.289	-0.5	0.69645732689211	1	0	0.5412135016393588	0.5330967930555889	-0.8557624042649024	-1.1086098237210478	NO	Q06124
98	L	98	29.4	46.351	31.691	-0.5	0.538819875776398	0	0	0.9186548327260432	0.9999999999999999	-0.30132272367146284	-1.0229957844565372	NO	Q06124
99	K	99	28.708	50.107	31.784	-0.5	0.471467391304348	0	0	0.5412135016393588	0.5330967930555889	-0.07808042216561256	-1.0572414001623414	NO	Q06124
100	Y	100	29.921	51.708	28.557	-0.5	0.471467391304348	0	0	0.4779321547218196	0.37060207333404765	0.32678512177475405	-0.9190358796353455	NO	Q06124
101	P	101	29.701	50.109	25.079	-0.5	0.697954271961492	1	0	0.725377099455611	0.7871869700832467	0.660967183531687	-0.6427360256453334	NO	Q06124
102	L	102	32.86	50.872	23.072	-0.5	0.78971119133574	0	0	0.5412135016393588	0.5330967930555889	1.2658607779321696	-0.5808963968259331	NO	Q06124
103	N	103	31.353	51.517	19.637	-0.5	0.793181818181818	0	0	0.5412135016393588	0.5330967930555889	1.7972900598664847	-0.37608562042214705	NO	Q06124
104	C	104	32.637	49.956	16.437	0.2	0.793181818181818	0	0	0.780392081393543	0.6449606796088099	1.7776919227246477	0.17337702396701593	NO	Q06124
105	A	105	33.104	52.238	13.395	-0.5	0.797334558823529	0	0	0.6550318613583938	0.6005195409848372	1.7667645325564982	0.0812505995265405	NO	Q06124
106	D	106	33.601	49.227	10.954	0.2	0.801579925650558	0	2	0.5191475606641281	0.29452892430472577	1.187030212647221	0.6733320742626513	NO	Q06124
107	P	107	30.734	49.024	8.347	-0.5	0.73287307488051	0	0	0.8512366448560948	0.8121784516784837	0.24958339430564397	0.4824770618310938	NO	Q06124
108	T	108	31.386	45.34	7.286	-0.5	0.712515489467162	0	0	0.719653555786363	0.643600245389474	-0.5986938517173008	0.9099913228337482	NO	Q06124
109	S	109	28.186	44.01	8.913	2.99	0.709307093070931	0	0	1.1578842366538842	0.7971182448126951	-0.7723154372760486	1.252847058402969	NO	Q06124
110	E	110	25.864	46.754	7.671	0.9	0.714580751755473	0	2	1.0352970243500215	1	-0.22411682648104783	0.7452881693751251	NO	Q06124
112	W	112	23.85	48.418	2.873	2.99	0.584175084175084	0	0	0.4779321547218196	0.37060207333404765	-0.6333832861098002	-0.03512877155309917	NO	Q06124
113	F	113	27.689	48.12	2.786	-0.5	0.575456053067993	0	0	0.811312046621173	0.7863002491252602	-0.519979872770093	-0.15817562746203204	NO	Q06124
114	H	114	29.161	46.419	-0.28	0.2	0.570725707257073	0	0	0.5412135016393588	0.5330967930555889	-1.1285304274719934	-0.30348840957642415	NO	Q06124
115	G	115	32.913	46.889	0.205	1.59	0.570725707257073	0	0	1.8828552511551544	0.49149220651971287	-0.6612162657281198	-0.20694450543528764	NO	Q06124
116	H	116	34.767	46.288	-3.033	-0.5	0.642066420664207	2	0	0.3639853992180467	0.6510360932849002	-1.0818916324671213	-0.7884744697569664	NO	Q06124
117	L	117	31.96	46.513	-5.633	-0.5	0.515555555555556	0	0	0.2893867171120709	0.40606343077089996	-1.2994003831390788	-0.5518526863922107	NO	Q06124
118	S	118	32.23	48.591	-8.867	-0.5	0.521348314606742	0	0	0.2893867171120709	0.40606343077089996	-1.1996630803997024	-0.8037190104219226	NO	Q06124
119	G	119	29.905	51.432	-9.946	-0.5	0.517910447761194	0	0	0.20404557550621916	0.14820631014438657	-0.7482938856023139	-0.8799417137467039	NO	Q06124
120	K	120	28.822	49.552	-13.128	-0.5	0.517472118959108	0	0	0	0.27484946734599347	-1.5587712875030608	-1.1086098237210478	NO	Q06124
121	E	121	27.801	46.445	-11.071	-0.5	0.517037037037037	0	0	0	0.14991921057531138	-1.9611667951788385	-1.037264791000622	NO	Q06124
122	A	122	26.1	48.663	-8.412	-0.5	0.513235294117647	0	0	0.13998327184559528	0.054362351945989255	-0.9685391957123949	-0.7972259434617075	NO	Q06124
123	E	123	23.984	50.388	-11.125	-0.5	0.576859504132231	1	0	0	0.08338224752828946	-0.8326554827069556	-1.1086098237210478	NO	Q06124
124	K	124	23.129	46.905	-12.605	-0.5	0.639194139194139	0	0	0	0.08338224752828946	-1.2991343565148428	-1.1086098237210478	NO	Q06124
125	L	125	21.927	45.662	-9.139	-0.5	0.643911439114391	0	0	0.17735579459667652	0.08844729567479903	-1.23052680910405	-1.0627451598293456	NO	Q06124
126	L	126	19.842	48.816	-8.405	-0.5	0.639194139194139	0	0	0.2823479767552926	0.1306500893958176	-0.6378319737114893	-0.9307568492965582	NO	Q06124
127	T	127	18.238	48.667	-11.887	-0.5	0.581085581085581	0	0	0.5412135016393588	0.5330967930555889	-0.5607085276416436	-1.1086098237210478	NO	Q06124
128	E	128	17.512	44.882	-11.849	-0.5	0.639194139194139	0	0	0.20404557550621916	0.14820631014438657	-0.8194062047338994	-1.1086098237210478	NO	Q06124
129	K	129	16.653	44.435	-8.118	-0.5	0.639194139194139	0	0	0.5412135016393588	0.5330967930555889	-1.167802321337416	-1.1086098237210478	NO	Q06124
130	G	130	16.003	47.879	-6.61	-0.5	0.697302697302697	0	0	0.38582093624354763	0.16839285022259015	-0.5031676618117861	-1.0684782428158084	NO	Q06124
131	K	131	12.881	49.984	-6.056	-0.5	0.701871657754011	1	1	0.6225273564131824	0.7442218744299287	-0.3942100192880119	-1.0592171087607531	NO	Q06124
132	H	132	12.15	53.526	-4.758	-0.5	0.574005740057401	0	1	0.730871614563087	0.743177882080663	-0.21432523975426512	-1.0168804959376434	NO	Q06124
133	G	133	14.557	54.279	-1.915	-0.5	0.579423868312757	0	0	0.6225273564131824	0.7442218744299287	-0.20451590103025757	-0.8367574522902311	NO	Q06124
134	S	134	16.846	51.213	-2.424	-0.5	0.583747927031509	0	0	0.4272811980685238	0.2518752440035102	-0.44629557001503234	-0.9008552921467426	NO	Q06124
135	F	135	20.436	52.207	-1.513	-0.5	0.583747927031509	0	0	0.5191475606641281	0.29452892430472577	-0.5122363183807466	-0.8338586466936128	NO	Q06124
136	L	136	23.967	50.891	-1.067	-0.5	0.651291512915129	0	0	0.35126193583468307	0.11129676436272957	-0.5974795560628341	-0.7008312665748228	NO	Q06124
137	V	137	27.39	52.197	0.027	-0.5	0.651851851851852	0	0	0.6225273564131824	0.7442218744299287	-0.3726844877732757	-0.6600534108602003	NO	Q06124
138	R	138	30.531	50.965	-1.834	-0.5	0.701994301994302	1	0	0.730871614563087	0.743177882080663	-0.5018253852254764	-0.6186672965014526	NO	Q06124
139	E	139	34.298	51.791	-1.871	-0.5	0.755535055350554	0	1	0.17735579459667652	0.08844729567479903	-0.2699572227138906	-0.605408939880658	NO	Q06124
140	S	140	35.42	54.326	-4.542	-0.5	0.75	0	0	0.17735579459667652	0.08844729567479903	-0.25999714899878423	-0.8418303620843133	NO	Q06124
145	G	145	39.747	55.466	0.738	-0.5	0.968978102189781	0	0	0.1263948800776215	0.030728574783514637	0.7485147237519869	-0.7716252406009622	NO	Q06124
146	D	146	36.557	57.274	-0.38	-0.5	0.890468227424749	0	0	0.1263948800776215	0.030728574783514637	0.9374104687853362	-0.8525015405497827	NO	Q06124
147	F	147	33.02	55.83	-0.789	0.2	0.793113024159956	1	0	0.15658972514344438	0.052741091537265944	0.3421946536803739	-0.888983604628211	NO	Q06124
148	V	148	29.944	56.153	-3.016	-0.5	0.92057761732852	0	0	0.13998327184559528	0.054362351945989255	8.655844968252259e-4	-0.7278091548688609	NO	Q06124
149	L	149	26.31	56.235	-1.802	-0.5	0.91983556012333	0	0	0.1263948800776215	0.030728574783514637	-0.28473621972596036	-0.781506944221078	NO	Q06124
150	S	150	24.058	54.985	-4.623	-0.5	0.864019253910951	0	0	0.4114541209285891	0.31969903304664293	-0.6941578279180465	-0.8807134049169453	NO	Q06124
151	V	151	20.28	55.492	-4.356	-0.5	0.800711743772242	1	0	0.31583987699762267	0.20785589081831027	-0.4529150748929444	-0.9047205451479353	NO	Q06124
152	R	152	17.418	54.56	-6.648	-0.5	0.831274858697928	1	0	0.6225273564131824	0.7442218744299287	-0.35060059008131567	-1.0391930351282013	NO	Q06124
153	T	153	14.337	56.881	-6.666	-0.5	0.837233818258486	1	0	0.730871614563087	0.743177882080663	-0.18447543917998896	-1.0168804959376434	NO	Q06124
154	G	154	11.091	56.876	-8.715	-0.5	0.803571428571429	1	0	0.730871614563087	0.743177882080663	-0.13487152465380095	-1.0443992942726648	NO	Q06124
155	D	155	8.211	54.401	-9.348	-0.5	0.80421146953405	0	1	0.8823999112308333	1	-0.09160785079012403	-1.1086098237210478	NO	Q06124
165	S	165	12.963	55.983	-12.031	-0.5	0.827505827505828	0	0	0.730871614563087	0.743177882080663	-0.11954819126385248	-1.037264791000622	NO	Q06124
166	K	166	16.759	56.642	-11.797	-0.5	0.82983682983683	0	0	0.6225273564131824	0.7442218744299287	-0.2393005414416122	-1.0551010491807284	NO	Q06124
167	V	167	20.041	55.908	-9.935	-0.5	0.807256235827664	1	0	0.6225273564131824	0.7442218744299287	-0.5038539422387013	-1.0684782428158084	NO	Q06124
168	T	168	21.858	58.844	-8.1	-0.5	0.823597455176403	0	0	0.23961620615962587	0.2469627973690914	-0.31985394261977346	-1.030778878935129	NO	Q06124
169	H	169	25.525	58.58	-6.919	-0.5	0.796906796906797	0	0	0	0.04377792378267078	0.006026496362235534	-1.0627451598293456	NO	Q06124
170	V	170	26.684	60.66	-3.9	-0.5	0.764921353156647	0	0	0.15658972514344438	0.052741091537265944	0.4608944111536329	-1.028346661910569	NO	Q06124
171	M	171	30.443	60.911	-3.318	-0.5	0.78021978021978	0	0	0.20404557550621916	0.14820631014438657	1.0918961296938265	-1.0551010491807284	NO	Q06124
172	I	172	31.582	60.269	0.282	-0.5	0.774545454545455	0	0	0.15658972514344438	0.052741091537265944	1.374210101009177	-1.0229957844565372	NO	Q06124
173	R	173	34.913	61.79	1.149	-0.5	0.747368421052632	3	0	0.1263948800776215	0.030728574783514637	1.5735855424035918	-1.0168804959376434	NO	Q06124
174	C	174	37.163	60.462	3.901	-0.5	0.747368421052632	1	0	0.1263948800776215	0.030728574783514637	1.5030037654858526	-1.0015922746404093	NO	Q06124
175	Q	175	39.24	63.44	5.076	-0.5	0.71256038647343	1	0	0	0.0035345031986751354	1.6218000013031295	-1.0410197927227498	NO	Q06124
176	E	176	41.461	63.155	8.183	-0.5	0.742562929061785	1	0	0	0.006515669087703519	1.5147510285283081	-1.1086098237210478	NO	Q06124
177	L	177	39.593	60.03	9.501	-0.5	0.811371494429504	1	0	0	0.006515669087703519	1.5506486247356357	-1.028346661910569	NO	Q06124
178	K	178	36.047	61.571	9.15	-0.5	0.856447688564477	0	0	0	0.001938380708232237	1.6179086875938862	-1.0015922746404093	NO	Q06124
179	Y	179	33.283	61.136	6.506	-0.5	0.797727272727273	0	0	0	0.001938380708232237	1.559260347648295	-1.025757527658618	NO	Q06124
180	D	180	31.213	63.712	4.575	-0.5	0.825234441602728	0	0	0	0.001072751571017908	1.3907723865897588	-1.025757527658618	NO	Q06124
181	V	181	29.174	64.198	1.37	-0.5	0.883211678832117	0	0	0	0.012156578243016825	1.1957263890795973	-1.013483113427147	NO	Q06124
182	G	182	31.009	67.444	0.35	-0.5	0.96	0	0	0	0.022952938142361573	1.3552788073750717	-1.0474569385321115	NO	Q06124
183	G	183	29.526	69.857	2.889	-0.5	0.886446886446887	0	0	0	0.08401490490784956	1.2939062416830633	-1.1086098237210478	NO	Q06124
184	G	184	27.875	70.145	6.292	-0.5	0.880702554744526	0	0	0.3639853992180467	0.6510360932849002	1.0299155530841795	-1.1086098237210478	NO	Q06124
185	E	185	28.545	67.647	9.075	-0.5	0.886446886446887	0	0	0.17735579459667652	0.08844729567479903	1.2607650569889326	-1.1086098237210478	NO	Q06124
186	R	186	31.602	65.314	9.278	-0.5	0.883928571428571	2	0	0	0.001938380708232237	1.316896732222582	-1.0572414001623414	NO	Q06124
187	F	187	30.954	61.807	10.676	-0.5	0.889705882352941	0	0	0	0.001045437585965431	1.244910079448462	-1.0610464685740975	NO	Q06124
188	D	188	33.139	59.424	12.729	-0.5	0.889705882352941	1	0	0.2127429948566514	0.030508858389885155	1.066029285612916	-0.9545045530449284	NO	Q06124
189	S	189	31.84	56.442	10.646	-0.5	0.895927601809955	0	0	0.39955944993505776	0.1359093178160206	1.0254130531895023	-0.7239581758826387	NO	Q06124
190	L	190	29.887	55.524	7.499	0.2	0.905919359450958	0	0	0.5041761944826983	0.23081081214976468	0.6165980897152713	-0.46788046915396814	NO	Q06124
191	T	191	27.198	54.202	9.899	-0.5	0.866666666666667	1	0	1.056607037339228	0.9999999999999999	0.6817894528108884	-0.3647145655033748	NO	Q06124
192	D	192	26.777	57.68	11.508	-0.5	0.836567926455567	0	0	0.9186548327260432	0.9999999999999999	0.8500927276910929	-0.7141737142524088	NO	Q06124
193	L	193	26.727	59.319	8.025	-0.5	0.786516853932584	0	0	0.10541940176232818	0.009717930250977582	0.7572145355378319	-0.9952971246944894	NO	Q06124
194	V	194	24.077	56.876	6.703	-0.5	0.710312075983718	0	0	0.4272811980685238	0.2518752440035102	0.22712952992884897	-0.7958351889864153	NO	Q06124
195	E	195	21.911	57.216	9.848	-0.5	0.715015321756895	2	0	0.730871614563087	0.743177882080663	-0.07134560318754218	-0.5591074696661776	NO	Q06124
196	H	196	22.02	61.041	9.611	-0.5	0.659774436090226	0	0	0.17735579459667652	0.08844729567479903	0.49667683287499514	-1.0015922746404093	NO	Q06124
197	Y	197	20.977	61.121	5.917	-0.5	0.659176029962547	1	0	0.17735579459667652	0.08844729567479903	0.20312210405197806	-1.0200435762060367	NO	Q06124
198	K	198	18.239	58.471	6.624	-0.5	0.656716417910448	0	0	0.23961620615962587	0.2469627973690914	-0.5837844224886225	-1.0572414001623414	NO	Q06124
199	K	199	16.822	60.966	9.234	-0.5	0.610198789974071	0	0	0.3639853992180467	0.6510360932849002	-0.8413507771647054	-1.028346661910569	NO	Q06124
200	N	200	17.662	64.2	7.29	-0.5	0.613656006914434	1	1	0.3639853992180467	0.6510360932849002	-0.48381275054243067	-1.0410197927227498	NO	Q06124
201	P	201	17.413	63.242	3.566	-0.5	0.615962984384037	0	0	0.2893867171120709	0.40606343077089996	-0.8234986420790863	-0.925151168154239	NO	Q06124
202	M	202	19.522	65.003	0.926	-0.5	0.602103120759837	0	0	0.4881737279853072	0.6496402376580398	0.1260868501941537	-0.9710158320459412	NO	Q06124
203	V	203	17.38	67.024	-1.514	-0.5	0.713260619977038	0	0	0.4881737279853072	0.6496402376580398	-0.41583608035549036	-0.8945747255597708	NO	Q06124
204	E	204	18.549	67.835	-5.046	-0.5	0.712610809265084	0	0	0	1	-0.07927915338735847	-0.9373817451920263	NO	Q06124
205	T	205	18.298	71.557	-6.051	-0.5	0.75065893516078	0	0	0	1	-0.29676402147792325	-0.8232296928393452	NO	Q06124
206	L	206	15.287	70.619	-8.352	-0.5	0.790405904059041	0	0	0	1	-0.29676402147792325	-0.8232296928393452	NO	Q06124
207	G	207	13.285	68.801	-5.623	0.2	0.745159602302459	0	0	0	1	-0.5082629609957351	-0.8751169893632912	NO	Q06124
208	T	208	14.25	65.053	-5.65	0.2	0.702169625246548	0	0	0.2893867171120709	0.40606343077089996	0.009047982092097501	-0.9863040533431753	NO	Q06124
209	V	209	14.408	63.675	-2.063	-0.5	0.705364745955152	0	0	0.48310360007251346	0.4799467797772132	-0.5053368858000115	-0.94808350010009	NO	Q06124
210	L	210	17.238	61.068	-1.967	-0.5	0.705364745955152	0	0	0.4114541209285891	0.31969903304664293	-0.24774335920201812	-0.9952971246944894	NO	Q06124
211	Q	211	15.284	58.8	0.391	-0.5	0.659851301115242	0	0	0.4272811980685238	0.2518752440035102	-0.44621339256134235	-0.9952971246944894	NO	Q06124
212	L	212	17.339	55.992	1.929	0.2	0.655555555555556	0	0	0.5412135016393588	0.5330967930555889	-0.5439647981456368	-0.888983604628211	NO	Q06124
213	K	213	14.285	53.741	2.479	-0.5	0.662921348314607	0	0	0.4779321547218196	0.37060207333404765	-0.7873458701927514	-0.8239091693414445	NO	Q06124
214	Q	214	15.873	50.289	2.478	-0.5	0.717810070969922	0	0	0.6430392484846849	0.5700353278218037	-0.5741282916823995	-0.7287824590475437	NO	Q06124
215	P	215	19.238	48.649	1.755	-0.5	0.762654320987654	0	0	0.9832295244519693	1	-0.7164476898348535	-0.7239581758826387	NO	Q06124
216	L	216	19.355	47.023	-1.699	-0.5	0.766169154228856	0	0	0.6430392484846849	0.5700353278218037	-0.8962243500278138	-0.7692113109224515	NO	Q06124
217	N	217	18.307	43.37	-1.419	-0.5	0.771929824561403	1	0	1.3110545764441175	0.6008669908295993	-0.5965064098976792	-0.7106943259571763	NO	Q06124
218	T	218	21.225	41.133	-2.539	-0.5	0.711898588303083	2	0	1.5078704344101574	0.5769617176561272	-0.43702205446432313	-0.6811511562503834	NO	Q06124
219	T	219	20.402	37.967	-0.48	-0.5	0.716599190283401	0	0	1.1578842366538842	0.7971182448126951	-0.061219260751173454	-0.09903128278370013	NO	Q06124
220	R	220	17.096	36.958	-2.217	-0.5	0.72133526850508	1	0	1.5078704344101574	0.5769617176561272	0.671672902053894	-0.9334901979527302	NO	Q06124
221	I	221	17.943	34.279	-4.862	-0.5	0.72133526850508	1	1	1.1578842366538842	0.7971182448126951	1.1220923679366017	-0.8334218403708346	NO	Q06124
222	N	222	16.029	32.207	-7.358	-0.5	0.716599190283401	0	0	0.3576863172440857	0.3241193530854523	1.117163819070636	-0.8616462489195744	NO	Q06124
223	A	223	15.943	28.653	-5.864	-0.5	0.785171102661597	0	0	0.2823479767552926	0.1306500893958176	1.3126482309064291	-0.8517677059275155	NO	Q06124
224	A	224	17.305	27.228	-9.175	-0.5	0.668560606060606	0	0	0.48310360007251346	0.4799467797772132	1.2433804926968632	-0.9183564031332462	NO	Q06124
225	E	225	20.543	29.316	-8.696	-0.5	0.719988344988345	0	0	0.48310360007251346	0.4799467797772132	1.260845955356645	-0.8945747255597708	NO	Q06124
226	I	226	21.305	28.027	-5.13	-0.5	0.779987373737374	0	0	0.31583987699762267	0.20785589081831027	1.4790039993031863	-0.7686717266413727	NO	Q06124
227	E	227	24.544	26.209	-6.303	-0.5	0.84688995215311	0	0	0.20404557550621916	0.14820631014438657	1.4816948155696053	-0.8852688517266718	NO	Q06124
228	S	228	25.964	29.468	-7.805	-0.5	0.838951310861423	1	0	0.2893867171120709	0.40606343077089996	1.2580214796024427	-1.037264791000622	NO	Q06124
229	R	229	25.186	31.423	-4.568	-0.5	0.833446404341927	0	0	0.15658972514344438	0.052741091537265944	0.6562184876861361	-0.7986279574185088	NO	Q06124
230	V	230	26.74	28.658	-2.331	-0.5	0.910780669144981	1	0	0.23961620615962587	0.2469627973690914	0.737364482310444	-0.7661536666630048	NO	Q06124
231	R	231	29.893	28.73	-4.545	-0.5	0.900735294117647	0	0	0	0.14991921057531138	0.34204445604704187	-0.9058397307261539	NO	Q06124
232	E	232	30.079	32.576	-4.209	-0.5	0.900735294117647	0	0	0	0.5165663115639956	-0.717922148055522	-0.9058397307261539	NO	Q06124
233	L	233	29.457	32.394	-0.406	-0.5	0.857843137254902	0	0	0	0.14991921057531138	-0.7002868518261617	-0.7497646934323698	NO	Q06124
234	S	234	32.172	29.679	0.047	-0.5	0.742857142857143	0	0	0	0.14991921057531138	-0.8096244862414023	-0.8639982829653027	NO	Q06124
235	K	235	34.888	32.034	-1.298	-0.5	0.742857142857143	0	0	0	0.5165663115639956	-1.4897771982461985	-0.94808350010009	NO	Q06124
236	L	236	37.065	34.071	1.156	0.2	0.645756457564576	0	0	0	1	-2.282625133309984	-0.911038963879869	NO	Q06124
237	A	237	35.475	37.319	2.457	-0.5	0.513235294117647	0	0	0	0.14991921057531138	-2.13632317697864	0.17123270201883245	NO	Q06124
244	K	244	36.193	33.641	7.106	-0.5	0.316176470588235	0	0	0	0.04377792378267078	-1.4235263824100852	-0.3293093607263862	NO	Q06124
245	Q	245	34.025	33.159	3.954	-0.5	0.317592592592593	0	0	0	1	-1.3208909326301903	-0.5325496452412682	NO	Q06124
246	G	246	31.024	34.969	2.366	-0.5	0.317592592592593	0	0	0	0.5165663115639956	-1.1920202270921063	-0.22236339529061772	NO	Q06124
247	F	247	28.781	32.87	4.645	0.2	0.38	0	0	2.220141804356399	0.1283182964279305	-0.17195951951734795	0.09736104449018046	NO	Q06124
248	W	248	30.474	34.464	7.699	-0.5	0.425030978934325	0	0	0.9186548327260432	0.9999999999999999	-0.9949682801887091	0.42816218107692033	NO	Q06124
249	E	249	29.898	38.052	6.382	-0.5	0.531716417910448	0	0	1.5186656466951876	0.4577301935111132	-1.1094926572278905	0.435680388726619	NO	Q06124
250	E	250	26.242	37.309	5.583	0.2	0.546468401486989	0	0	1.376500372740574	0.49468371465541644	-0.6676170159317674	0.40878637219074165	NO	Q06124
251	F	251	25.601	35.631	8.946	1.59	0.542857142857143	0	0	2.349151826114559	0.039586605707966	-0.23481208339176918	0.5106542046238907	YES	Q06124
252	E	252	27.238	38.425	10.92	1.59	0.584615384615385	0	0	2.0451663768275767	0.11988659241939874	-0.7284332068903309	0.7378475861307746	NO	Q06124
253	T	253	25.203	41.101	9.01	1.59	0.625912408759124	1	0	2.287339464613244	0.07127905131892763	-0.7486335201934926	1.0268489270766064	NO	Q06124
254	L	254	22.094	39.067	10.107	5.79	0.619565217391305	0	0	3.0598415706446382	0.00298165844136445	0.19035367655546784	0.7616767946519324	NO	Q06124
255	Q	255	23.374	38.944	13.771	1.59	0.660869565217391	0	0	3.890559247261213	2.7099197782723087e-5	0.7239343975900432	0.7970081601280351	NO	Q06124
256	Q	256	23.866	42.74	13.706	0.9	0.660869565217391	1	2	1.8181719170521284	0.15469295926267435	0.25050766332722635	1.1884190671861339	NO	Q06124
257	Q	257	20.035	43.023	13.288	0.9	0.657586618876942	0	0	3.46397086783374	0.0019436970294499356	0.3411854373416395	1.4054532340463315	NO	Q06124
258	E	258	19.277	40.986	16.405	0.9	0.655675029868578	1	1	4.874285544645247	2.0191805973161825e-6	0.8814371387659989	0.8308102494137878	NO	Q06124
260	K	260	15.737	44.891	16.643	0.2	0.6875	1	0	3.665461939861724	6.628198175451499e-4	0.3833002560914561	1.117033339865764	NO	Q06124
261	L	261	14.352	41.708	18.329	2.29	0.713837136277999	2	2	4.163086424622621	1.954897396181274e-5	0.6407283570675472	0.5149992780452098	NO	Q06124
262	L	262	14.601	42.547	22.077	2.29	0.716386554621849	0	2	4.5742103226718385	1.4750313221648423e-5	0.5066039578445859	0.43813642752325377	NO	Q06124
263	Y	263	10.874	41.875	22.704	1.59	0.647482014388489	1	0	3.069633690810145	0.0015613689530994848	0.11008725376150245	1.2939341531392854	NO	Q06124
264	S	264	9.436	41.451	26.201	0.9	0.647482014388489	1	0	2.8867379067585035	0.009289400007911789	-0.27432733993879876	1.5148489508843177	YES	Q06124
265	R	265	9.743	38.064	28.007	0.9	0.647047726843992	2	1	3.872273844840132	3.5590055905746214e-4	0.0792039293359694	2.4451618752424578	NO	Q06124
266	K	266	7.957	39.122	31.235	1.59	0.646616541353383	0	0	2.1455145126065025	0.14392978127967385	-0.64264105444875	2.622779701242132	NO	Q06124
267	E	267	5.848	35.975	31.657	0.9	0.642030608435984	1	0	1.0352970243500215	1	-0.12146054141216478	2.777044501183962	NO	Q06124
268	G	268	8.927	33.729	31.675	-0.5	0.614285714285714	1	1	2.010640589087285	0.13175840423820234	-0.11801297073784242	2.847622125149075	NO	Q06124
269	Q	269	10.495	36.006	34.354	-0.5	0.58843537414966	0	0	1.9303508925096144	0.21461343131793795	-0.5586698641470921	2.7851166820289013	NO	Q06124
270	R	270	7.576	35.566	36.847	0.9	0.621863799283154	0	0	0.5412135016393588	0.5330967930555889	-0.2351933289522265	2.2103240360784926	NO	Q06124
271	Q	271	8.6	33.933	40.119	2.99	0.62589928057554	0	0	0.2893867171120709	0.40606343077089996	-0.5762677809575435	2.253270039540723	NO	Q06124
272	E	272	5.971	31.204	39.532	0.2	0.632727272727273	0	0	0.5833350225247259	0.7047316881518975	0.09186050931954748	2.261236007479808	NO	Q06124
273	N	273	7.496	30.358	36.11	2.99	0.632246376811594	0	0	0.9186548327260432	0.9999999999999999	-0.16296359554714823	3.087532460329444	NO	Q06124
274	K	274	11.239	30.467	36.905	1.59	0.664621244181126	0	0	1.5078704344101574	0.5769617176561272	-0.41919140150889833	3.091859554136606	NO	Q06124
275	N	275	11.691	26.704	37.443	2.29	0.658366345972458	1	0	0.8823999112308333	1	-0.6135524368764436	3.178739192242418	NO	Q06124
276	K	276	9.653	25.92	34.265	2.29	0.657894736842105	1	0	1.770139142273488	0.3872794670154179	-0.33914348421232215	2.9423556248757836	NO	Q06124
277	N	277	12.683	27.21	32.167	2.29	0.629032258064516	0	0	1.7195584482924395	0.3119157427080204	-0.4517694537306157	2.9127019848280855	NO	Q06124
278	R	278	15.597	24.88	31.387	3.69	0.628571428571429	0	0	2.287339464613244	0.07127905131892763	-0.016934840003323924	2.587820002156482	NO	Q06124
279	Y	279	17.876	27.942	31.117	2.29	0.727819548872181	0	2	5.1404545364371845	6.190774084357728e-5	-0.03671123726007362	2.0938903325170575	YES	Q06124
280	K	280	16.921	30.938	33.4	0.9	0.702907208283552	0	0	4.07140905847337	0.0019262436061368378	0.01881396345882398	2.142842041093778	NO	Q06124
281	N	281	17.629	33.577	30.698	2.99	0.716276978417266	0	0	6.7643565643172145	1.556392208434496e-8	0.37554184559599824	1.0590247528221697	NO	Q06124
282	I	282	16.378	31.703	27.549	2.29	0.750213128729753	0	3	8.2179121082931	7.524651237968317e-11	0.6516812231441097	1.576001836073254	NO	Q06124
283	L	283	12.717	32.729	27.547	0.9	0.744815911976301	1	0	4.415937684968144	1.7166466781810719e-6	0.3062733940444031	2.080949945204756	NO	Q06124
284	P	284	9.729	32.899	25.193	5.09	0.67033432077867094	0	0	2.904482232992421	0.0015694022914355715	0.3693259857710241	2.149775428411186	NO	Q06124
285	F	285	8.611	36.318	23.878	-0.5	0.672754300276067	0	3	3.005936324805622	0.0018840056779096742	0.6365976130436485	1.8094020145443603	NO	Q06124
286	D	286	5.265	37.224	25.486	0.2	0.706628113879004	0	0	2.1779998503165725	0.0898394635849093	0.5380934524726166	2.0029800165888623	NO	Q06124
287	H	287	3.705	38.117	22.12	-0.5	0.711160714285714	0	0	1.9610429419835018	0.10758280497294619	0.4291063330737816	1.8810018509530733	NO	Q06124
288	T	288	4.086	34.625	20.609	2.99	0.710631672597865	0	0	1.3177784520833813	0.5428310857497654	0.8992872291076723	1.6201897273065498	NO	Q06124
289	R	289	4.297	32.329	23.666	2.99	0.70811170212766	1	1	1.5416946258605209	0.3001314390902324	0.4188997376519156	2.0956102574129964	NO	Q06124
290	V	290	1.929	29.362	23.823	0.9	0.710106382978723	1	0	0.8749423937677431	0.8297703913398332	0.21636053261768728	1.871353743729008	NO	Q06124
291	V	291	-0.697	30.243	26.49	1.59	0.668544600938967	0	0	0.8306721923895485	0.8213819635869347	0.26964912026239546	2.1581378495976113	NO	Q06124
292	L	292	-2.075	27.168	28.316	5.79	0.630742049469965	0	0	0.5749134573420713	0.41358141550952793	0.3568459849913257	2.046879052028063	NO	Q06124
293	H	293	-5.791	27.348	29.082	0.2	0.672791519434629	2	0	0.15658972514344438	0.052741091537265944	0.4733812975567211	1.4552248878251048	NO	Q06124
294	D	294	-8.038	25.125	31.313	0.2	0.81095406360424	3	0	0.15658972514344438	0.052741091537265944	0.5422591939336823	1.185588942735466	NO	Q06124
295	G	295	-5.345	24.862	34.017	0.9	0.81095406360424	0	0	0.13998327184559528	0.054362351945989255	0.7953477390169684	1.1637757963678335	NO	Q06124
296	D	296	-5.846	23.432	37.524	-0.5	0.873443060498221	0	0	0.13998327184559528	0.054362351945989255	0.9690811991073032	0.8533186222816483	NO	Q06124
297	P	297	-8.245	26.003	39.165	-0.5	0.873443060498221	1	0	0.17735579459667652	0.08844729567479903	1.9037328074748063	0.407425793644672	NO	Q06124
298	N	298	-6.226	25.459	42.403	-0.5	0.822689075630252	1	0	0	0.08401490490784956	2.10667309958734	0.316252401181167	NO	Q06124
299	E	299	-2.908	26.417	40.615	-0.5	0.870345744680851	0	0	0.17735579459667652	0.08844729567479903	1.7272040909549764	0.7654909039152757	NO	Q06124
300	P	300	-2.368	30.237	40.666	-0.5	0.926995305164319	1	0	0.4881737279853072	0.6496402376580398	1.2361084224735734	1.546299006124342	NO	Q06124
301	V	301	-0.155	30.152	37.507	0.9	0.955516014234875	0	0	0.25493528505163326	0.08101845586132307	0.4627369596040963	1.9345106254933924	NO	Q06124
302	S	302	-0.992	27.311	35.137	2.99	0.9	0	0	0.11500658115056146	0.017284904488389832	0.39273321906893827	1.750522762266295	NO	Q06124
303	D	303	-0.774	29.131	31.75	0.9	0.924133811230585	0	1	0.3220033560395972	0.11169564009558752	0.33870942378746	2.0746937514204498	NO	Q06124
304	Y	304	3.01	28.939	31.082	2.99	0.933508147593182	0	0	0.7611244513828401	0.6739526853018697	-0.05664295807990342	2.491547888616185	NO	Q06124
305	I	305	5.32	26.799	28.99	1.59	0.927584919746174	0	0	0.8306721923895485	0.8213819635869347	-0.30485991687515607	2.3958249030245238	NO	Q06124
306	N	306	8.689	27.773	27.5	2.99	0.962661660408844	0	0	2.409789095562967	0.021819675585382486	-0.13460958284026533	2.683847504156023	YES	Q06124
307	A	307	7.354	27.478	23.89	4.39	0.964075630252101	0	0	1.801157621127604	0.12683313019917097	0.10985633406564861	2.249784325084953	NO	Q06124
308	N	308	6.494	29.814	21.026	0.9	0.984070091596973	1	2	1.5735272053029499	0.2712634790377009	0.6022879129301124	1.8046302363818905	NO	Q06124
309	I	309	4.248	29.561	17.979	-0.5	1.04195656757327	1	0	1.0469698612440752	1	0.8485190507937977	0.9550763213377864	NO	Q06124
310	I	310	6.31	29.985	14.807	0.2	0.997687564234327	0	0	1.0750002502556895	0.8477659000223454	1.0913948619408778	0.7036426347476022	NO	Q06124
311	M	311	4.284	31.021	11.728	-0.5	0.991295442908346	2	0	0.6550318613583938	0.6005195409848372	1.3426510057495322	-0.1674669206633188	NO	Q06124
312	P	312	5.911	31.053	8.246	-0.5	0.991295442908346	0	0	0.25493528505163326	0.08101845586132307	1.4023182976911046	-0.48721760325282454	NO	Q06124
313	E	313	5.637	34.523	6.522	-0.5	0.981443823080834	0	0	0.5833350225247259	0.7047316881518975	1.8227279173444846	-0.6060926367337021	NO	Q06124
314	F	314	4.765	36.517	9.722	-0.5	0.992034943473792	0	0	0.5833350225247259	0.7047316881518975	2.0909343668624345	-0.467523743990366	NO	Q06124
322	K	322	-2.653	28.199	9.019	-0.5	0.80364245342265	0	0	0	0.08401490490784956	1.0900721514504488	-0.5798172282637755	NO	Q06124
323	P	323	-2.217	26.115	12.262	-0.5	0.805381727158949	1	0	0	0.001072751571017908	-0.2199945338958272	-0.41299575469689787	NO	Q06124
324	K	324	-1.275	23.131	10.003	-0.5	0.77517667844523	1	0	0	2.7165949945118977e-4	-0.6716844296452488	-0.4443629673584643	NO	Q06124
325	K	325	1.971	24.485	8.426	0.2	0.701634275618375	0	0	0	2.7165949945118977e-4	-0.3049728757994132	-0.4287336295616976	NO	Q06124
326	S	326	2.862	26.384	11.63	-0.5	0.658036454018227	0	0	0.14823495496808686	0.00360853580640745	0.3890930095901661	-0.3450251491997356	NO	Q06124
327	Y	327	5.242	25.121	14.36	0.9	0.580447585394582	0	0	0.25319771733759727	0.009390078013703887	0.35316446120789424	0.620288593413987	NO	Q06124
328	I	328	5.721	25.246	18.074	0.9	0.617957746478873	1	0	0.2678461113967779	0.015142990979364689	0.4905060499801439	1.2201918857188512	NO	Q06124
329	A	329	9.405	25.732	18.995	0.2	0.659154929577465	1	0	1.789648178457074	0.10839484144486715	0.7395255555905992	1.334851779384807	NO	Q06124
330	T	330	10.037	24.584	22.569	0.9	0.661484098939929	0	0	1.8084910609907594	0.16490175347827035	0.3919717669368128	2.001014388136361	NO	Q06124
331	Q	331	12.686	23.383	25.017	-0.5	0.666666666666667	0	0	2.1071898790459143	0.07346424837798278	0.3304768144227917	2.251945060361629	NO	Q06124
332	G	332	13.335	19.767	26.083	0.2	0.589651022864019	0	0	1.3110545764441175	0.6008669908295993	0.4009596288475462	1.8325659862068366	NO	Q06124
333	C	333	10.945	18.879	28.957	0.2	0.671462829736211	0	0	0.8823999112308333	1	0.07042979790254987	1.9256997821668285	NO	Q06124
334	L	334	12.022	19.116	32.525	0.9	0.633574007220217	0	0	1.1095400823514123	0.9999999999999999	-0.12946204628512709	1.8064849516301755	NO	Q06124
335	Q	335	10.581	16.595	35.026	2.99	0.631294964028777	1	0	0	0.14991921057531138	-0.4500946134668257	1.6274258531639503	NO	Q06124
336	N	336	8.257	19.402	36.344	1.59	0.672754300276067	0	0	0	0.14991921057531138	-0.6016404202377104	1.87947302882335	NO	Q06124
337	T	337	7.086	20.444	32.833	3.69	0.668820064601938	0	0	0.2893867171120709	0.40606343077089996	-0.13352048794054325	2.113035355096094	NO	Q06124
338	V	338	6.102	17.057	31.273	1.59	0.698916967509025	0	0	0	0.04377792378267078	-0.19810478377676516	0.7334297398294416	NO	Q06124
339	N	339	2.412	17.547	32.214	0.9	0.668820064601938	0	0	0	0.04377792378267078	-0.08475029463101925	1.1150169986048901	NO	Q06124
340	D	340	2.47	21.149	30.751	0.9	0.64	0	0	0.1263948800776215	0.030728574783514637	-0.11424955349435388	1.8707587426839265	NO	Q06124
341	F	341	4.064	19.789	27.586	-0.5	0.64051094890511	0	0	0.09719994208460968	0.00547813972398945	-0.14454984600082388	1.5383795175765822	NO	Q06124
342	W	342	1.177	17.291	27.062	0.2	0.63768115942029	0	0	0	0.0035345031986751354	-0.5155912053845417	0.45078874859682677	NO	Q06124
343	R	343	-1.438	19.983	27.907	-0.5	0.642335766423358	1	0	0.09719994208460968	0.00547813972398945	-0.18673405993236358	0.8854838408148487	NO	Q06124
344	M	344	0.222	22.059	25.114	0.2	0.604593301435407	0	0	0.23987870512340367	0.005805117706848386	0.06723266043923905	1.51659617617543	NO	Q06124
345	V	345	0.168	19.189	22.49	0.9	0.56682769726248	0	0	0	1.4108227824999198e-4	-0.8313705571669403	0.6016325320628695	NO	Q06124
346	F	346	-3.477	18.403	23.296	-0.5	0.600170502983802	0	0	0.055361346922633524	4.482739881887885e-5	-1.0583782483296698	0.036271353856685846	NO	Q06124
347	Q	347	-4.654	22.057	23.344	0.2	0.600641711229947	0	0	0.16920668823639148	0.010826883136135846	-0.9585656297845033	0.4036136657367902	NO	Q06124
348	E	348	-2.91	22.954	20.088	0.2	0.641818181818182	1	0	0.14823495496808686	0.00360853580640745	-0.5947628144683932	0.6153282303083084	NO	Q06124
349	N	349	-4.129	19.785	18.33	-0.5	0.677647058823529	1	0	0.07344515185524536	9.797721766647933e-4	-1.5459541750827537	-0.3692158482548185	NO	Q06124
350	S	350	-0.496	18.967	17.387	0.2	0.67379679144385	1	0	0	1.4108227824999198e-4	-1.2327317561408633	-0.27387294089206793	NO	Q06124
351	R	351	-0.125	15.529	15.734	-0.5	0.667519181585678	1	0	0	2.7165949945118977e-4	-1.5393110115239366	-0.2431635572428412	NO	Q06124
352	V	352	3.615	15.513	15.053	-0.5	0.671871657754011	1	0	0	5.298293168034701e-4	-1.474537139748881	-0.11018705153634852	NO	Q06124
353	I	353	6.527	16.117	17.429	0.9	0.787454873646209	1	0	0	0.001045437585965431	-1.044940471109901	0.12056316857657096	NO	Q06124
354	V	354	10.129	16.515	16.129	0.2	0.787454873646209	0	0	0.09719994208460968	0.00547813972398945	-0.8952967121139684	0.3930187889715338	NO	Q06124
355	M	355	12.797	15.831	18.766	0.2	0.780125899280576	0	0	0.35126193583468307	0.11129676436272957	-0.36607243862256733	0.4943601792939439	NO	Q06124
356	T	356	16.338	16.814	17.668	-0.5	0.83754512635379	0	0	1.686668364684348	0.2676380161256664	-0.5607070806805673	1.0187299057238626	NO	Q06124
357	T	357	18.372	15.798	20.718	0.9	0.907194994786236	1	0	3.193733189629882	0.0243215275467708	-0.08543524212859115	0.7526219176365049	YES	Q06124
358	K	358	19.179	12.592	22.543	-0.5	0.925333333333333	0	0	0.730871614563087	0.743177882080663	0.07951426008608904	0.5327718353032445	NO	Q06124
359	E	359	17.795	12.547	26.144	-0.5	0.919323671497584	0	0	0	0.08338224752828946	0.3283637806527549	0.44751270117599096	NO	Q06124
360	V	360	21.406	12.717	27.394	-0.5	0.941605839416058	0	0	0	0.08338224752828946	0.9439586536314601	0.10511401863410287	NO	Q06124
361	E	361	24.392	14.279	25.58	1.59	0.948529411764706	0	0	0.2893867171120709	0.40606343077089996	0.1366671604486719	0.41584424277457754	NO	Q06124
362	R	362	27.954	14.631	26.912	-0.5	0.849382716049383	0	0	0.736150577652291	1	0.8110287929898332	0.07258167404371331	NO	Q06124
363	G	363	26.617	13.149	30.209	-0.5	0.897923875432526	0	0	0	1	1.6336962179562278	0.17009700557960938	NO	Q06124
364	K	364	24.044	15.944	30.716	0.2	0.871336996336996	1	0	0	0.27484946734599347	1.4623041456668606	0.26339883612501497	NO	Q06124
365	S	365	20.227	15.703	30.593	-0.5	0.854320987654321	0	0	0.3639853992180467	0.6510360932849002	0.9125951703947189	0.722482281364815	NO	Q06124
366	K	366	18.933	17.637	27.528	1.59	0.766051660516605	0	0	2.6871673738777324	0.125327631115856	0.6216623103901323	0.9840419074443509	NO	Q06124
367	C	367	15.318	16.338	27.674	0.2	0.766051660516605	0	0	0.3639853992180467	0.6510360932849002	0.3702042252113622	1.133598932284543	NO	Q06124
368	V	368	13.516	14.157	30.143	-0.5	0.826190476190476	1	0	0	0.14991921057531138	0.45810193588965287	1.1004854357248013	NO	Q06124
369	K	369	11.69	11.081	28.779	-0.5	0.790883190883191	0	0	0	0.14991921057531138	0.3122151158363233	0.4684290039397891	NO	Q06124
370	Y	370	8.167	12.53	28.353	-0.5	0.826872012745619	0	0	0	0.08401490490784956	-0.13033720822319086	0.42982204510347716	NO	Q06124
371	W	371	6.735	9.467	26.568	-0.5	0.820769636267791	0	0	0	0.012156578243016825	-0.01843012046595943	-0.3264495068167021	NO	Q06124
372	P	372	5.958	5.934	27.815	0.2	0.762637362637363	0	0	0	0.08401490490784956	0.25496163179649506	-0.6812191039005933	NO	Q06124
373	D	373	8.07	2.831	27.061	-0.5	0.817111459968603	1	0	0	0.08338224752828946	0.4301500101426835	-0.7706596687295579	NO	Q06124
374	E	374	6.85	0.91	23.925	-0.5	0.814129301355579	1	0	0	0.08401490490784956	0.3479256611976394	-0.8028453977763664	NO	Q06124
375	Y	375	3.383	-0.695	24.605	-0.5	0.808229813664596	1	0	0	0.08338224752828946	0.2905723603079398	-0.7518846601189196	NO	Q06124
376	A	376	3.047	1.139	27.982	-0.5	0.758241758241758	0	0	0	0.08338224752828946	0.3091997755599881	-0.7875571764791325	NO	Q06124
377	L	377	0.338	3.545	29.041	-0.5	0.743374272786038	0	0	0	0.04377792378267078	0.36107758101505594	-0.8294336087280779	NO	Q06124
378	K	378	1.061	6.519	31.377	-0.5	0.746107266435986	0	0	0	0.022952938142361573	0.22570480080369082	-0.6221280784421652	NO	Q06124
379	E	379	-0.921	9.406	32.822	-0.5	0.777982779827798	0	0	0	0.08338224752828946	-0.01977759998165839	-0.5956594227562504	NO	Q06124
380	Y	380	0.791	12.813	32.864	-0.5	0.74886042978076806	0	0	0	0.08401490490784956	-0.24424303228734912	0.0812505995265405	NO	Q06124
381	G	381	-1.602	14.834	34.962	-0.5	0.74886042978076806	0	0	0	0.08338224752828946	-0.2611181246626049	0.17309905630706618	NO	Q06124
382	V	382	-5.004	14.975	33.157	-0.5	0.777982779827798	1	0	0	0.022952938142361573	-0.3196343430638492	-0.33881730496271817	NO	Q06124
383	M	383	-3.383	13.594	29.912	0.2	0.780237802378024	1	0	0.31583987699762267	0.20785589081831027	-0.817930456499015	-0.5254336731465556	NO	Q06124
384	R	384	-3.06	9.923	29.123	-0.5	0.751633986928105	0	0	0.2823479767552926	0.1306500893958176	-0.7196437615343267	-0.595449755721317	NO	Q06124
385	V	385	-0.509	8.611	26.599	0.9	0.751633986928105	1	0	0.10541940176232818	0.009717930250977582	-0.5042099468251623	-0.6151530809272467	NO	Q06124
386	R	386	-0.112	5.126	25.113	-0.5	0.757243195785777	0	0	0	0.022952938142361573	-0.27010584171096425	-0.8186267875025436	NO	Q06124
387	N	387	3.076	4.277	23.155	-0.5	0.762936753648828	0	0	0	0.08401490490784956	-0.10838696690677624	-0.7875571764791325	NO	Q06124
388	V	388	1.526	2.071	20.435	-0.5	0.762936753648828	1	0	0	0.04377792378267078	-0.35023436709147043	-0.7628608189989851	NO	Q06124
389	K	389	4.671	1.171	18.516	-0.5	0.729558270676692	0	0	0	0.04377792378267078	-0.24475043270788502	-0.8410659510194517	NO	Q06124
390	E	390	8.287	2.267	17.914	-0.5	0.691136079900125	0	0	0.20404557550621916	0.14820631014438657	-0.2092553383332287	-0.7340484019388132	NO	Q06124
391	S	391	9.978	1.991	14.541	-0.5	0.651685393258427	0	0	0.48310360007251346	0.4799467797772132	-0.4859099449066827	-0.6591361175823663	NO	Q06124
392	A	392	13.767	2.403	14.195	-0.5	0.615113461114783	1	0	0.48310360007251346	0.4799467797772132	-0.8981063868237291	-0.5798172282637755	NO	Q06124
393	A	393	15.323	4.012	11.09	-0.5	0.695131086142322	1	0	0.48310360007251346	0.4799467797772132	-1.784980939068251	-0.2984950236128764	NO	Q06124
394	H	394	18.999	4.864	10.37	-0.5	0.738679245283019	1	0	0.48310360007251346	0.4799467797772132	-2.3681377577120784	0.10119808826674118	NO	Q06124
395	D	395	18.932	8.462	11.794	0.2	0.743607954545455	0	1	0.6225273564131824	0.7442218744299287	-2.302697638387866	0.1729799273099449	NO	Q06124
396	Y	396	15.745	8.448	13.804	0.2	0.804821802935011	0	1	0.4114541209285891	0.31969903304664293	-1.6398336919711682	-0.12527142988295278	NO	Q06124
397	T	397	13.088	6.523	15.76	-0.5	0.846528084918178	1	0	0.31583987699762267	0.20785589081831027	-0.706537163651912	-0.17929684086710956	NO	Q06124
398	L	398	9.387	6.974	15.174	-0.5	0.838510685172946	0	0	0.2823479767552926	0.1306500893958176	-0.9090838214337754	-0.42637294833197764	NO	Q06124
399	R	399	7.047	6.554	18.187	0.2	0.719320066334992	0	0	0.11500658115056146	0.017284904488389832	-0.35353910093762075	-0.5582338570206214	NO	Q06124
400	E	400	3.348	6.257	17.447	-0.5	0.718711276332094	0	0	0	0.001938380708232237	-0.624754146975068	-0.6270308528581747	NO	Q06124
401	L	401	1.615	7.73	20.541	0.2	0.691395961369623	0	0	0	0.0035345031986751354	-0.5509793110045978	-0.6226923035711218	NO	Q06124
402	K	402	-2.088	7.927	21.428	-0.5	0.691395961369623	0	0	0.2127429948566514	0.030508858389885155	-0.8117801244728485	-0.6574006978675452	NO	Q06124
403	L	403	-2.929	11.011	23.479	-0.5	0.727695167286245	0	0	0.18178661325316814	0.01868209598520885	-1.005105815052639	-0.6700988909028219	NO	Q06124
404	S	404	-6.289	11.564	25.203	-0.5	0.697744360902256	0	0	0.2320840486117373	0.04982567466587252	-1.0707040655659776	-0.7072940146686536	NO	Q06124
405	K	405	-7.674	13.471	28.199	-0.5	0.692537313432836	0	0	0.31583987699762267	0.20785589081831027	-1.008477426575316	-0.6329762722515436	NO	Q06124
406	V	406	-8.393	11.298	31.281	-0.5	0.687407407407407	1	0	0.3576863172440857	0.3241193530854523	-0.7656276204701242	-0.8639982829653027	NO	Q06124
407	G	407	-12.162	10.685	31.586	-0.5	0.646840148698885	0	0	0.48310360007251346	0.4799467797772132	-0.9578943855152602	-0.925151168154239	NO	Q06124
408	Q	408	-12.945	11.59	27.926	-0.5	0.651685393258427	0	0	0.4114541209285891	0.31969903304664293	-1.2932103134181105	-0.925151168154239	NO	Q06124
409	G	409	-12.509	8.616	25.555	-0.5	0.608239700374532	1	1	0.48310360007251346	0.4799467797772132	-1.3876066023306868	-0.925151168154239	NO	Q06124
410	N	410	-13.673	10.509	22.449	0.2	0.558102345415778	0	0	0.5833350225247259	0.7047316881518975	-1.7012169313013523	-1.0015922746404093	NO	Q06124
411	T	411	-10.655	12.922	22.734	-0.5	0.520446096654275	2	1	0.31583987699762267	0.20785589081831027	-1.4224653634302555	-0.7706596687295579	NO	Q06124
412	E	412	-8.049	10.363	21.59	-0.5	0.491573033707865	0	0	0.2823479767552926	0.1306500893958176	-1.3180386293337112	-0.7583705721844128	NO	Q06124
413	R	413	-5.703	11.351	18.721	-0.5	0.491573033707865	1	0	0.19616088884572289	0.018649754353544802	-1.5072213027763108	-0.6671624337634142	NO	Q06124
414	T	414	-2.496	9.851	17.355	-0.5	0.539766468385107	1	0	0.11500658115056146	0.017284904488389832	-1.4946278379922	-0.6114960473464692	NO	Q06124
415	V	415	0.681	11.882	17.901	0.2	0.556107249255214	0	0	0	0.001045437585965431	-1.0691121304792617	-0.3701887350646425	NO	Q06124
416	W	416	3.687	10.852	15.83	-0.5	0.562474889513861	0	0	0	0.001072751571017908	-1.1324506926695974	-0.3881990055196768	NO	Q06124
417	Q	417	6.996	11.521	17.53	0.2	0.56140350877193	0	0	0.13998327184559528	0.054362351945989255	-0.7831822793417331	-0.20071320873310877	NO	Q06124
418	Y	418	10.013	11.674	15.178	0.2	0.557182429758607	0	0	0.2320840486117373	0.04982567466587252	-1.2353753400286676	-0.14591052863421877	NO	Q06124
419	H	419	13.132	11.378	17.274	0.2	0.529323308270677	0	0	0.25493528505163326	0.08101845586132307	-0.7140360437812033	0.10833259153878373	NO	Q06124
420	F	420	16.31	12.372	15.331	0.2	0.527340823970038	0	0	0.5412135016393588	0.5330967930555889	-1.3830633199215836	0.27505466800125206	NO	Q06124
421	R	421	19.127	10.567	17.148	-0.5	0.502229356161941	2	0	0.6225273564131824	0.7442218744299287	-1.032427614928169	0.1729799273099449	NO	Q06124
422	T	422	22.311	11.177	15.131	2.99	0.461423220973783	0	0	0.7281521177612011	0.7667608624180781	-2.2372300454290253	0.6940413363483733	NO	Q06124
423	W	423	22.84	14.944	15.297	1.59	0.485271013354281	0	0	2.5899295316457587	0.06086745927794822	-2.0953295786655923	0.8532511742465136	NO	Q06124
424	P	424	26.492	15.488	16.48	-0.5	0.481676413255361	0	1	2.896892250094749	0.0419554682296372	-2.304714608710698	0.728369670932694	YES	Q06124
425	D	425	27.145	16.653	20.076	1.59	0.432234432234432	0	0	2.978804442754328	0.0304936328183943	-0.8375650519094263	0.46772339372607064	YES	Q06124
426	H	426	28.7	19.888	18.777	-0.5	0.432234432234432	0	0	4.857376397733045	1.254398951272138e-4	-1.2861371803903674	0.9409902762713397	YES	Q06124
427	G	427	28.42	21.53	15.389	0.2	0.343552311435523	0	0	5.4303397691351325	3.0242623566235413e-5	-1.1968276260463158	0.5844514833669303	YES	Q06124
428	V	428	26.233	20.19	12.55	-0.5	0.340794223826715	1	1	4.656231673975365	5.28433954912247e-4	-1.0928714763186307	0.871631785760688	YES	Q06124
429	P	429	26.098	17.014	10.37	0.2	0.274626095925735	0	0	2.3653201486531477	0.09444590921369278	-2.4088721971449334	0.8124643838571068	NO	Q06124
430	S	430	28.775	16.885	7.61	2.29	0.316964285714286	1	0	1.8141070978175946	0.3594435799316749	-2.597033810222162	1.0048338884085892	NO	Q06124
431	D	431	26.01	16.054	5.033	2.29	0.316964285714286	0	0	1.8141070978175946	0.3594435799316749	-2.0207737183487295	0.6848819931000748	NO	Q06124
432	P	432	22.341	17.267	5.014	3.69	0.316964285714286	0	0	1.7403838271441743	0.4165557059909825	-1.453159267114192	0.5034591368079429	NO	Q06124
433	G	433	20.923	14.048	3.403	1.59	0.318996415770609	0	0	0.23961620615962587	0.2469627973690914	-1.666528999056699	0.22403385031625112	NO	Q06124
434	G	434	19.771	12.396	6.632	-0.5	0.393713813068652	0	0	0.730871614563087	0.743177882080663	-3.3594275736882655	0.5821451459826619	NO	Q06124
435	V	435	18.124	15.564	7.971	0.2	0.393713813068652	0	0	0.9828836521836727	1	-2.0061287372165038	0.46133762129191824	NO	Q06124
436	L	436	16.303	16.081	4.576	-0.5	0.393713813068652	0	0	0.8375255850252781	1	-1.202047504094576	0.10064480025788884	NO	Q06124
437	D	437	14.989	12.458	4.362	-0.5	0.36896197327852	0	0	0.7335372395396179	1	-2.2946447410145514	0.1734839346054581	NO	Q06124
438	F	438	13.808	12.874	7.993	0.2	0.496277915632754	0	0	0.48310360007251346	0.4799467797772132	-2.1651723270282157	0.2867551271488566	NO	Q06124
439	L	439	12.071	16.249	7.28	-0.5	0.429761904761905	0	0	0.9832295244519693	1	-1.4145701053406166	-0.013227411946540814	NO	Q06124
440	E	440	10.493	14.772	4.09	-0.5	0.429761904761905	0	0	0	0.27484946734599347	-2.247002685745429	-0.28744888140401176	NO	Q06124
441	E	441	8.888	11.976	6.174	-0.5	0.53470165044435	0	0	0.3639853992180467	0.6510360932849002	-2.5858987623659946	-0.4427228516637419	NO	Q06124
442	V	442	7.785	14.457	8.901	0.9	0.566546762589928	0	0	0.15658972514344438	0.052741091537265944	-1.7809132835854422	-0.27560836060688904	NO	Q06124
443	H	443	6.268	16.711	6.177	0.2	0.602150537634409	1	0	0	0.012156578243016825	-1.632699168725008	-0.44815866368053625	NO	Q06124
444	H	444	4.281	13.854	4.544	-0.5	0.558067831449126	0	0	0	0.14991921057531138	-2.3654164771650095	-0.5949255881339832	NO	Q06124
445	K	445	3.02	12.611	7.966	0.2	0.502638156067759	0	0	0	0.022952938142361573	-2.0692951687890515	-0.5329292148734754	NO	Q06124
446	Q	446	1.747	16.11	8.856	-0.5	0.478677685950413	0	0	0	0.001072751571017908	-1.8670031744875821	-0.3909627298861782	NO	Q06124
447	E	447	0.249	16.641	5.35	-0.5	0.482184482184482	0	0	0	0.04377792378267078	-1.9490927649349301	-0.6805396273984939	NO	Q06124
448	S	448	-1.722	13.296	5.591	-0.5	0.482184482184482	0	0	0	0.08338224752828946	-2.6058560045232513	-0.7875571764791325	NO	Q06124
449	I	449	-3.544	14.416	8.79	-0.5	0.478677685950413	1	0	0	0.006515669087703519	-2.0652388369564685	-0.5735220783178555	NO	Q06124
450	M	450	-6.811	16.382	8.418	-0.5	0.52463768115942	0	0	0	0.012156578243016825	-2.1008699694982607	-0.8064426263168921	NO	Q06124
451	D	451	-6.739	19.664	10.434	-0.5	0.528467153284672	0	0	0	0.012156578243016825	-1.4987892879060492	-0.7233466470307494	NO	Q06124
452	A	452	-3.473	18.772	12.285	-0.5	0.589336589336589	0	0	0	5.298293168034701e-4	-1.6274385119194932	-0.38624136742673826	NO	Q06124
453	G	453	-2.232	21.594	14.557	0.2	0.731313131313131	1	0	0	1.4108227824999198e-4	-0.8813426989562272	-0.30597820561625944	NO	Q06124
454	P	454	1.316	23.009	14.498	0.9	0.72866344605475	0	0	0.1242590336402456	7.037593242739619e-4	-0.38886298194305247	-0.08782704787495797	NO	Q06124
455	V	455	4.287	20.619	14.365	-0.5	0.78695652173913	0	0	0.13145275280629146	0.001209502656410303	-0.725863927444498	0.0682010106335443	NO	Q06124
456	V	456	6.052	20.68	17.756	0.9	0.784115523465704	2	0	0.15810482569182674	0.006252316093884066	-0.43856744083845606	0.46276972202159794	NO	Q06124
457	V	457	9.912	20.936	17.413	0.9	0.775714285714286	0	0	0.6669947647831548	0.4974655410119932	-0.10511667851442097	0.959605713730078	NO	Q06124
458	H	458	12.353	20.789	20.298	2.99	0.778494623655914	0	0	1.277160008972981	0.6631626892469039	0.27292436193291336	1.1937963036424022	NO	Q06124
459	C	459	15.936	20.176	21.236	0.9	0.781294964028777	0	0	1.4345797875470556	0.4225801057480902	0.17397773515196102	1.2879185704114606	NO	Q06124
460	S	460	17.545	21.258	24.585	0.9	0.705767350928641	0	0	4.448213334555165	0.0023406440606693092	0.5404674735647871	1.8483673785685928	NO	Q06124
461	A	461	17.015	25.092	24.756	0.2	0.754778972520908	0	1	6.640194665690411	1.372785132142384e-7	0.7073634783624825	1.7002592942763053	NO	Q06124
462	G	462	14.675	24.992	21.701	2.99	0.754778972520908	0	0	4.3476411843712	6.08221939810744e-6	0.8515312546043888	1.6310394327432964	NO	Q06124
463	I	463	16.509	27.634	19.611	4.39	0.796250344637442	0	0	7.024851627198104	5.807806927079845e-10	1.0723267252067494	1.2687085879988491	NO	Q06124
464	G	464	19.6	26.225	17.825	4.39	0.801999444598723	0	1	6.801071363251801	7.606705096487242e-10	0.7310735064902653	0.5664800232297735	NO	Q06124
465	R	465	18.876	22.83	16.31	1.59	0.744713769984528	0	0	3.916819083309665	2.491278064908297e-4	-0.16197690123601155	0.70801307192279	YES	Q06124
466	T	466	15.128	23.632	16.639	0.9	0.744713769984528	0	0	3.4749066192343445	2.1974524653458442e-4	0.7086912763819478	1.047224547971473	NO	Q06124
467	G	467	15.491	26.901	14.694	0.2	0.744090441932169	0	0	4.471858848974733	7.5953750980226245e-6	1.1009002356255984	0.6360819907193036	NO	Q06124
468	T	468	17.697	25.121	12.11	0.2	0.746145940390545	1	2	3.337471519345867	0.0014311310350660891	0.35140397721571315	0.6610323678763896	NO	Q06124
469	F	469	15.113	22.364	11.44	0.2	0.703099059214167	0	0	1.1490712124931652	0.8249411825835165	-0.16548183180885892	0.933022928943867	NO	Q06124
470	I	470	12.185	24.836	11.278	-0.5	0.833935018050542	1	0	1.0916484330831357	0.8359421358096554	0.5245709996200484	0.559029355381244	NO	Q06124
471	V	471	14.015	27.187	8.856	-0.5	0.843065693430657	0	0	1.8084910609907594	0.16490175347827035	1.4116859577290077	0.2302395387523805	NO	Q06124
472	I	472	15.025	24.311	6.529	0.2	0.736670736670737	0	0	1.5357476815280486	0.38305634981477316	0.7006633790826923	-0.029539367796272573	NO	Q06124
473	D	473	11.409	23.102	6.684	0.9	0.736670736670737	0	0	0.31583987699762267	0.20785589081831027	0.005920971203001638	-0.25246943107594016	NO	Q06124
474	I	474	10.018	26.565	5.79	-0.5	0.733982157339822	0	0	0.31583987699762267	0.20785589081831027	1.125676500150261	-0.3313244672406212	NO	Q06124
475	L	475	12.443	26.989	2.849	0.2	0.787636363636364	0	0	1.2262624083389726	0.8129743056967952	1.3280661262003255	-0.5582338570206214	NO	Q06124
476	I	476	11.859	23.512	1.412	-0.5	0.826357096141269	1	0	0.15658972514344438	0.052741091537265944	0.8664397289589795	-0.6146826741181011	NO	Q06124
477	D	477	8.076	24.054	1.731	-0.5	0.826357096141269	0	0	0	0.08401490490784956	0.2658284044032096	-0.5868992719529353	NO	Q06124
478	I	478	8.375	27.159	-0.549	-0.5	0.829340334755497	1	0	0.2893867171120709	0.40606343077089996	1.4679405267726964	-0.6214954623884866	NO	Q06124
479	I	479	10.264	24.993	-3.181	0.2	0.835371900826446	0	0	0.2893867171120709	0.40606343077089996	1.2475547946737475	-0.6499631848040258	NO	Q06124
480	R	480	7.438	22.328	-2.797	-0.5	0.875151515151515	1	0	0	0.08338224752828946	0.7591915160965746	-0.6999973635949737	NO	Q06124
481	E	481	4.521	24.679	-3.592	0.2	0.878345498783455	0	0	0.4881737279853072	0.6496402376580398	1.4482947088895932	-0.8334218403708346	NO	Q06124
482	K	482	6.164	27.274	-5.936	-0.5	0.879901960784314	0	0	0.4881737279853072	0.6496402376580398	1.249727038368506	-0.7309008269658532	NO	Q06124
483	G	483	8.748	24.965	-7.632	-0.5	0.847723704866562	0	0	0.3639853992180467	0.6510360932849002	1.2046382188406348	-0.7875571764791325	NO	Q06124
484	V	484	12.477	25.436	-8.472	-0.5	0.841558441558442	0	0	0.48310360007251346	0.4799467797772132	1.2620328722302203	-0.8232296928393452	NO	Q06124
485	D	485	11.498	28.88	-9.978	-0.5	0.841558441558442	0	0	0.7335372395396179	1	1.0569119308111088	-0.8232296928393452	NO	Q06124
486	C	486	10.691	30.583	-6.645	-0.5	0.797556234379339	0	0	0.48310360007251346	0.4799467797772132	1.078782984326045	-0.7735983657294839	NO	Q06124
487	D	487	12.434	33.323	-4.667	-0.5	0.797556234379339	0	1	0.4114541209285891	0.31969903304664293	1.0280842790217195	-0.8003992823688091	NO	Q06124
488	I	488	14.165	32.267	-1.411	0.9	0.827852004110997	0	0	1.0352970243500215	1	1.3088269430171375	-0.7706596687295579	NO	Q06124
489	D	489	15.863	34.678	0.998	0.2	0.885341726618705	0	0	1.0352970243500215	1	1.1257048155782408	-0.33085631118175846	NO	Q06124
490	V	490	17.618	32.71	3.809	-0.5	0.8860559566787	1	0	1.3177784520833813	0.5428310857497654	1.0760959571673236	-0.1170991806804313	NO	Q06124
491	P	491	18.405	35.679	6.203	-0.5	0.943236714975845	1	5	1.2984641090708429	0.5343289710973209	0.4669483633017081	0.27724677711471035	NO	Q06124
492	K	492	14.903	37.182	5.623	-0.5	0.861313868613139	0	0	1.357877760056938	0.6282698522803324	0.8282394784398645	0.12878717727439346	NO	Q06124
493	T	493	13.35	33.827	6.647	-0.5	0.858181818181818	0	0	1.277160008972981	0.6631626892469039	1.7244687884050538	-0.21730652209230186	NO	Q06124
494	I	494	15.566	33.522	9.728	0.9	0.830552659019812	0	0	3.2290779863800703	9.132470546795708e-4	1.5275419620526227	0.5441488199852694	NO	Q06124
495	Q	495	14.895	37.18	10.835	-0.5	0.85958485958486	1	0	2.566492300362524	0.013567562417645705	1.3255512038664687	0.42119864286024467	NO	Q06124
496	M	496	11.171	36.373	10.5	-0.5	0.819875776397516	0	0	2.081175070267337	0.056155185889673526	1.7778961204979729	0.003149629013813349	NO	Q06124
497	V	497	11.522	33.214	12.725	0.2	0.822857142857143	0	0	2.5041926982585365	0.006811919654387484	1.3881800611717894	0.3267357529278418	NO	Q06124
498	R	498	13.794	35.089	15.234	-0.5	0.828885400313972	1	2	3.648306976329674	5.943166940646806e-5	1.3928313213325827	0.9482603588082198	NO	Q06124
500	Q	500	8.86	34.852	17.123	-0.5	0.886861313868613	0	0	1.686596669569527	0.1639791460128688	1.026611607467633	1.0609063800587524	NO	Q06124
501	R	501	11.436	33.106	19.44	-0.5	0.912408759124088	0	1	2.7738770335104546	0.0010720376764387612	0.8884757378567635	1.4824509329863491	NO	Q06124
502	S	502	14.825	34.38	20.652	-0.5	0.915015641293014	0	3	4.861391277929238	7.507610867124253e-8	0.9348487435366716	1.3807830102778034	NO	Q06124
503	G	503	17.909	33.307	18.793	-0.5	0.915015641293014	1	3	7.640665566921974	6.897906680757137e-12	0.7676701921157135	1.241189789663828	NO	Q06124
504	M	504	16.343	30.804	16.369	-0.5	0.915015641293014	2	1	6.9613996649376935	1.4275960966402995e-10	1.0601683087338092	1.1222474279713468	NO	Q06124
505	V	505	19.482	29.533	14.454	0.9	0.918367346938776	0	0	5.960301970674284	4.366399335504399e-9	0.9728918661684532	0.5474867483018322	NO	Q06124
506	Q	506	22.477	29.939	16.756	0.2	0.890837104072398	0	1	7.286469909309823	6.723334924567317e-10	0.43800887895382795	0.573858930039561	NO	Q06124
507	T	507	25.638	29.554	14.706	0.9	0.896678966789668	0	1	5.997160429646916	4.210985884141589e-7	-0.10886025038118335	0.5011332168686488	YES	Q06124
508	E	508	27.382	30.262	11.423	-0.5	0.928571428571428	0	0	5.586824118111711	7.161210810966454e-5	-0.8542412821772848	0.4659896086295052	YES	Q06124
509	A	509	27.761	26.42	11.083	-0.5	0.928571428571428	0	0	4.581157842642858	2.510490008926368e-4	-0.9312247887844133	0.2134391129572679	YES	Q06124
510	Q	510	23.927	26.042	11.23	0.2	0.867410161090458	1	4	3.1537185368828777	0.002512597702778916	-0.4007144530547259	0.7836351665537513	YES	Q06124
511	Y	511	23.524	29.027	8.85	-0.5	0.861728395061728	0	0	3.1966019076947725	0.004564468390562012	0.3672978531637696	0.4617962679308352	NO	Q06124
512	R	512	25.779	27.296	6.31	-0.5	0.906446711525939	0	0	2.4900832151292196	0.04498905590292525	-0.4040559709269004	0.10420063983682858	YES	Q06124
513	F	513	23.985	23.951	6.969	0.9	0.906446711525939	0	0	2.5899295316457587	0.06086745927794822	-0.35119546981192884	0.6233390516704739	NO	Q06124
514	I	514	20.674	25.587	6.027	-0.5	0.935539215686275	0	0	2.1779998503165725	0.0898394635849093	0.17046573249491606	0.4461046978163976	NO	Q06124
515	Y	515	22.134	26.707	2.636	0.2	0.907901622187337	0	0	1.686668364684348	0.2676380161256664	0.970206638134673	-0.21392889180570362	NO	Q06124
516	M	516	23.692	23.224	2.12	-0.5	0.907901622187337	2	0	0.8512366448560948	0.8121784516784837	-0.0444415714803721	-0.06934133164528786	NO	Q06124
517	A	517	20.359	21.495	2.914	0.9	0.938991389913899	0	0	0.9348931507431494	1	-0.6844911486861058	-0.05097067437839523	NO	Q06124
518	V	518	18.394	23.759	0.476	0.2	0.932843137254902	0	0	0.38582093624354763	0.16839285022259015	0.4937733780060231	-0.2722776482349652	NO	Q06124
519	Q	519	21.108	23.071	-2.16	-0.5	0.905285190999477	0	0	0.15658972514344438	0.052741091537265944	0.7203830011043336	-0.2539982532056636	NO	Q06124
520	H	520	20.918	19.249	-1.656	-0.5	0.838787878787879	0	0	0	0.08401490490784956	-0.20256065963228884	-0.11181779514138682	NO	Q06124
521	Y	521	17.074	19.335	-1.79	-0.5	0.774265734265734	0	0	0	0.04377792378267078	-0.2637189832215698	-0.2662725108757287	NO	Q06124
522	I	522	17.143	21.263	-5.127	-0.5	0.807090719499479	1	0	0	0.04377792378267078	0.9706599953260412	-0.638344136618128	NO	Q06124
523	E	523	19.991	18.987	-6.517	-0.5	0.867892976588629	1	0	0	0.14991921057531138	0.6557715086679196	-0.23187056448598273	NO	Q06124
524	T	524	17.887	15.799	-5.927	-0.5	0.861649142224682	0	0	0	0.5165663115639956	-0.36836422028237914	-0.08368746795447614	NO	Q06124
525	L	525	14.708	17.258	-7.604	-0.5	0.805900621118012	0	0	0	0.14991921057531138	1.495869399184682	-0.9373817451920263	NO	Q06124
