Uniprot_position	aminoacid	Position_in_structure	x	y	z	paraz	mtr	gscount	pscount	OR	pvalue	mtr3dscore	paraz3dscore	HotSpot3D	Uniprot	gene	chain
2	T	2	3.692	-51.068	-12.563	-0.5	0.90547263681592	0	1	3.2447853146274577	0.005840675754604213	0.7658226986680601	0.696937584937863	NO	Q06124	PTPN11	A
3	S	3	0.692	-52.195	-14.62	-0.5	0.969387755102041	0	0	1.7662817783289317	0.23426498004822865	0.6847919523530972	0.08271962891725296	NO	Q06124	PTPN11	A
4	R	4	-1.116	-48.882	-15.363	-0.5	0.910344827586207	0	1	2.8348247047444324	0.007599351990083664	0.5632653249021309	0.4991288582062785	NO	Q06124	PTPN11	A
5	R	5	-3.78	-51.026	-17.062	1.59	0.942466887417219	0	0	1.5731361318101917	0.4541576788370255	0.8116739955668054	0.08133221894600645	NO	Q06124	PTPN11	A
6	W	6	-6.323	-49.318	-14.769	0.2	0.933962264150943	0	0	1.4264851152017204	0.488125914322575	0.7084336748668847	-0.3531958346161632	NO	Q06124	PTPN11	A
7	F	7	-6.277	-46.225	-17.018	2.29	0.909090909090909	0	0	1.324121396713697	0.5186881768732321	0.4164499368793392	0.31554958160415236	NO	Q06124	PTPN11	A
8	H	8	-8.893	-46.501	-19.771	0.9	0.901734104046243	0	0	1.0178563610853677	1	0.7137788838248995	0.49961757649344735	NO	Q06124	PTPN11	A
9	P	9	-8.301	-43.885	-22.504	0.2	0.895027624309392	4	0	0.8816663210184236	0.9999999999999999	0.42725566947571464	0.6833756524689278	NO	Q06124	PTPN11	A
10	N	10	-11.478	-44.277	-24.583	1.59	0.894830659536542	2	0	0.14478026527453747	0.054188308100573096	0.9761187342488292	0.7484729283198162	NO	Q06124	PTPN11	A
11	I	11	-14.224	-45.03	-22.043	0.9	0.962250185048113	2	0	0.3332620978463071	0.11195998153688445	1.524344948292314	0.19327547221223987	NO	Q06124	PTPN11	A
12	T	12	-17.186	-42.899	-20.963	0.9	0.960714285714286	1	0	0.24012779469068352	0.05208377178913149	1.1823887054082824	0.0881575052212221	NO	Q06124	PTPN11	A
13	G	13	-18.73	-42.509	-17.529	0.9	0.963938973647712	0	0	0.3332620978463071	0.11195998153688445	0.7518760179619232	-0.14360085185902383	NO	Q06124	PTPN11	A
14	V	14	-21.63	-44.801	-18.368	2.29	0.957943925233645	0	0	0.1619383527289269	0.09408242284622405	2.0166870479154273	0.12662263532317244	NO	Q06124	PTPN11	A
15	E	15	-19.294	-47.414	-19.851	0.9	0.953458306399483	0	0	0.10057133329928931	0.005906556818082105	2.801139335098108	0.13314867801499083	NO	Q06124	PTPN11	A
16	A	16	-17.118	-47.052	-16.729	0.9	0.948222083593263	0	0	0.383410018291119	0.09417602110717646	1.337193900072327	-0.16325985824134337	NO	Q06124	PTPN11	A
17	E	17	-20.061	-47.793	-14.433	-0.5	0.94333936106088	0	0	0.7533911725437391	0.7683118608060415	1.0719265824240392	-0.4778648151836373	NO	Q06124	PTPN11	A
18	N	18	-21.173	-50.72	-16.58	-0.5	1.0461338531514	2	0	0.3699336611058549	0.32358739866533015	1.890714672380097	-0.33301584200848355	NO	Q06124	PTPN11	A
19	L	19	-17.661	-52.174	-16.724	-0.5	1.05050933786078	0	0	0.1619383527289269	0.09408242284622405	1.9599247889027167	-0.31176881447381866	NO	Q06124	PTPN11	A
20	L	20	-17.217	-51.965	-12.944	-0.5	1.059375	1	0	0.3635016378956365	0.17213193216457173	1.0134472831400567	-0.5579687969399035	NO	Q06124	PTPN11	A
21	L	21	-20.684	-53.346	-12.159	-0.5	1.05454545454545	0	0	0.326689351469039	0.20866209656889484	1.4136638864687938	-0.6818588827372023	NO	Q06124	PTPN11	A
22	T	22	-20.335	-56.416	-14.412	-0.5	1.07037037037037	1	1	0.18339614283923394	0.09184484159219085	2.4057047281599284	-0.7893497548983912	NO	Q06124	PTPN11	A
23	R	23	-16.596	-57.274	-14.441	-0.5	1.02171717171717	0	0	0.18339614283923394	0.09184484159219085	2.1405186119577855	-0.7829569247783545	NO	Q06124	PTPN11	A
24	G	24	-15.504	-55.651	-11.156	-0.5	0.976415851115033	0	0	0.14478026527453747	0.054188308100573096	0.8126610086586642	-0.9073077816293915	NO	Q06124	PTPN11	A
25	V	25	-16.316	-56.075	-7.468	-0.5	0.921323529411765	0	0	0.13073831109506207	0.031037779276921546	0.7189355365809864	-1.0706342801800075	NO	Q06124	PTPN11	A
26	D	26	-16.523	-53.834	-4.402	-0.5	0.877450980392157	3	0	0.326689351469039	0.20866209656889484	0.007597498402462499	-1.0706342801800075	NO	Q06124	PTPN11	A
27	G	27	-13.081	-52.226	-4.412	-0.5	0.827952029520295	0	0	0.14478026527453747	0.054188308100573096	-0.16493320381898904	-1.0706342801800075	NO	Q06124	PTPN11	A
28	S	28	-12.498	-52.243	-8.191	-0.5	0.851607801792304	0	0	0.3992305955453392	0.17345143250432277	0.35029497740605814	-0.9259736671780334	NO	Q06124	PTPN11	A
29	F	29	-11.44	-48.961	-9.772	-0.5	0.751399253731343	0	0	0.6653931901899184	0.5739274189205752	0.3179868589188758	-0.6593607932150929	NO	Q06124	PTPN11	A
30	L	30	-10.262	-47.374	-12.984	-0.5	0.751399253731343	0	0	0.44854359002609645	0.20359665161156115	0.7391957064002815	-0.4519793181928419	NO	Q06124	PTPN11	A
31	A	31	-9.142	-43.974	-14.233	0.2	0.757048872180451	0	0	0.7481976068412516	0.6268342249102439	0.4622272322317678	-0.3184852000774817	NO	Q06124	PTPN11	A
32	R	32	-10.261	-42.256	-17.401	-0.5	0.810566037735849	0	0	0.678076446115358	0.6016556158999125	0.5018067788680164	0.03466321603820047	NO	Q06124	PTPN11	A
33	P	33	-10.328	-38.854	-19.105	-0.5	0.804494382022472	0	0	1.0178563610853677	1	-0.021098811547873585	-0.029822443250363328	NO	Q06124	PTPN11	A
34	S	34	-13.229	-36.644	-18.124	0.2	0.719288174512055	0	0	0.8816663210184236	0.9999999999999999	0.09313709647567102	0.10598027471104866	NO	Q06124	PTPN11	A
35	K	35	-15.836	-36.208	-20.86	-0.5	0.81670002859594	1	0	0.13073831109506207	0.031037779276921546	0.7842878367917581	0.19333782592474075	NO	Q06124	PTPN11	A
36	S	36	-17.668	-33.322	-19.185	-0.5	0.77633209417596	0	0	0.5045624683447533	1	-0.22084827629982962	-0.5281569814226048	NO	Q06124	PTPN11	A
37	N	37	-14.496	-31.22	-18.8	0.2	0.711965811965812	1	0	2.7809656950831014	0.11913215073333162	-0.9335628261752862	-0.7541891892381893	NO	Q06124	PTPN11	A
38	P	38	-11.688	-32.154	-21.216	-0.5	0.660516605166052	0	0	3.2106067328842625	0.06856680309339264	-0.5617713045903351	-0.6909001710498256	NO	Q06124	PTPN11	A
39	G	39	-8.218	-31.909	-19.741	-0.5	0.614240777809551	0	0	4.959640555280927	6.088524691647096e-4	-0.7008145160074883	-0.41716737317109026	NO	Q06124	PTPN11	A
40	D	40	-9.332	-33.301	-16.389	-0.5	0.611965811965812	0	0	3.9308198453674943	0.003088394856661693	-0.18496162510851974	-0.6487074922575833	NO	Q06124	PTPN11	A
41	F	41	-9.64	-36.913	-15.309	-0.5	0.605240912933221	0	0	1.3860727782390874	0.4306429151250384	0.15015807792729577	-0.23883575541865676	NO	Q06124	PTPN11	A
42	T	42	-12.092	-39.073	-13.394	-0.5	0.392307692307692	0	1	1.2705016729034915	0.6390121144791935	-0.0033965839808634463	-0.3570679871991163	NO	Q06124	PTPN11	A
43	L	43	-11.403	-41.867	-10.91	-0.5	0.472860472860473	0	1	1.1519774059682335	0.7862573231625803	0.19861755885455992	-0.586252068027121	NO	Q06124	PTPN11	A
44	S	44	-14.292	-44.362	-11.01	-0.5	0.539393939393939	0	0	0.617428294212966	0.4488217438223476	0.5273632041874691	-0.4385302972800774	NO	Q06124	PTPN11	A
45	V	45	-14.548	-46.571	-7.922	-0.5	0.540909090909091	0	0	0.4420883242023752	0.2561808875295707	0.10268587451372929	-0.8980278669390157	NO	Q06124	PTPN11	A
46	R	46	-17.083	-49.234	-6.997	-0.5	0.537878787878788	0	0	0.3992305955453392	0.17345143250432277	0.2571338069017557	-0.968003439874553	NO	Q06124	PTPN11	A
47	R	47	-18.308	-49.466	-3.403	-0.5	0.600678733031674	0	0	0.21097487997256942	0.1515666720718663	-0.280274552305596	-1.0706342801800075	NO	Q06124	PTPN11	A
48	N	48	-21.337	-51.122	-1.789	-0.5	0.650735294117647	1	0	0.21097487997256942	0.1515666720718663	0.21220163281584012	-1.0706342801800075	NO	Q06124	PTPN11	A
49	G	49	-22.522	-52.259	-5.207	-0.5	0.651291512915129	0	0	0.326689351469039	0.20866209656889484	1.0604036378653583	-1.0706342801800075	NO	Q06124	PTPN11	A
50	A	50	-22.468	-48.79	-6.765	-0.5	0.651851851851852	1	0	0.326689351469039	0.20866209656889484	0.8671906523383094	-0.9651525831994013	NO	Q06124	PTPN11	A
51	V	51	-19.976	-46.651	-8.687	-0.5	0.598981900452489	0	0	0.5949571163992788	0.5754426281996458	0.651920294984923	-0.6876124298452353	NO	Q06124	PTPN11	A
52	T	52	-18.807	-43.205	-7.54	-0.5	0.598981900452489	0	1	0.4944464195331729	0.37353341159365544	-0.060919645142490465	-0.7361066126129425	NO	Q06124	PTPN11	A
53	H	53	-16.856	-40.727	-9.686	-0.5	0.542742927429274	0	0	2.6113321512414505	0.2707014138567174	-0.16679161031827805	-0.5569760879190918	NO	Q06124	PTPN11	A
54	I	54	-14.125	-38.492	-8.242	-0.5	0.590405904059041	0	0	18.342405979692348	0.009170345489045561	-0.6493803985923267	-0.8596708862187953	NO	Q06124	PTPN11	A
55	K	55	-12.881	-35.411	-10.074	-0.5	0.654275092936803	0	0	4.555643646651827	0.011592050829863419	-0.4902676798110382	-0.7439812830787756	NO	Q06124	PTPN11	A
56	I	56	-9.146	-35.124	-10.825	-0.5	0.713754646840149	0	2	4.834570816276958	4.6356512493862394e-4	-0.23958756428316838	-0.8021354151384648	NO	Q06124	PTPN11	A
57	Q	57	-8.088	-31.674	-12.053	-0.5	0.657303370786517	0	0	9.213947004774178	1.341901847498631e-8	0.05948631869436583	-0.6750779165027346	NO	Q06124	PTPN11	A
58	N	58	-4.836	-30.691	-13.747	0.9	0.662264150943396	1	3	8.838665175153876	1.6600945959880647e-9	0.17102746360268267	-0.08714302928464232	NO	Q06124	PTPN11	A
59	T	59	-4.523	-27.1	-14.983	-0.5	0.607287449392713	1	1	6.27823463779792	6.077516052098494e-6	-0.5398397748830169	0.05758933997378115	YES	Q06124	PTPN11	A
60	G	60	-0.798	-27.409	-15.67	-0.5	0.762484394506866	0	3	7.051099787004548	3.520521572627084e-9	-0.12665131886987677	0.5405232971294786	YES	Q06124	PTPN11	A
61	D	61	0.868	-27.727	-12.238	0.2	0.763836477987422	0	4	8.630762147338109	2.4539899841747334e-11	0.30457379791017275	0.8542990553313794	NO	Q06124	PTPN11	A
62	Y	62	-0.318	-30.993	-10.627	0.2	0.760964912280702	2	2	13.94903798054446	2.3371697766343755e-15	0.7013818268253802	0.7927752410516706	NO	Q06124	PTPN11	A
63	Y	63	-3.096	-33.579	-10.523	-0.5	0.755930087390762	1	1	15.68297882184593	3.2754048808023645e-15	0.4357261061462605	0.22607680676202954	NO	Q06124	PTPN11	A
64	D	64	-5.516	-32.456	-7.8	-0.5	0.791535601944524	0	0	17.342405979692348	3.6888994798456066e-14	0.16467665272344542	-0.2416611580163515	NO	Q06124	PTPN11	A
65	L	65	-7.816	-35.129	-6.377	-0.5	0.785694010786262	0	0	10.234916250000312	1.386586216037535e-7	0.22558647903167564	-0.8404923958586852	NO	Q06124	PTPN11	A
66	Y	66	-11.118	-33.6	-5.254	0.2	0.744772447724477	0	0	8.035673805196641	3.8925140898378853e-4	-0.07300989933581876	-0.9124117347090983	NO	Q06124	PTPN11	A
67	G	67	-11.37	-34.328	-1.541	-0.5	0.817752100840336	0	0	18.342405979692348	0.009170345489045561	0.39534576284373585	-1.0073452619916439	NO	Q06124	PTPN11	A
68	G	68	-7.844	-35.725	-1.546	-0.5	0.88135112120352	0	0	8.287539724537613	0.002076873824088784	0.4139350803843643	-0.7220770273002511	NO	Q06124	PTPN11	A
69	E	69	-4.262	-34.686	-2.227	-0.5	0.955555555555556	0	2	12.867323470392673	2.280385922566143e-8	0.8278267153034485	-0.2868481140443119	NO	Q06124	PTPN11	A
70	K	70	-2.089	-33.371	-5.048	-0.5	0.948529411764706	0	1	11.357645002277179	2.1249509523718285e-11	0.6291805104536305	0.27143195372502515	NO	Q06124	PTPN11	A
71	F	71	0.163	-35.615	-7.103	-0.5	0.869822485207101	1	3	12.595072467489977	1.5789743637565026e-14	0.9105013346341239	0.5915351975038589	NO	Q06124	PTPN11	A
72	A	72	2.817	-35.492	-9.804	-0.5	0.863496503496504	0	3	11.859499948696506	6.065465800754186e-16	0.9205290156926346	0.9562964019988148	NO	Q06124	PTPN11	A
73	T	73	1.476	-38.431	-11.872	-0.5	0.864121280179674	0	2	11.184907290740224	7.046391435173799e-16	0.7698144422211654	0.6982435488052419	NO	Q06124	PTPN11	A
74	L	74	-1.678	-40.517	-11.982	-0.5	0.832116788321168	0	0	11.028105471950104	1.083610800356661e-13	0.5390555418831038	0.16513670110281334	NO	Q06124	PTPN11	A
75	A	75	0.406	-43.611	-11.215	-0.5	0.797202797202797	1	0	4.820338944741775	4.544731975698872e-6	0.7302296400607275	0.11749737219649994	NO	Q06124	PTPN11	A
76	E	76	1.597	-42.048	-7.949	0.2	0.837606837606838	0	5	4.720451267044063	1.055393846325626e-6	0.7434707417521442	0.08406739860360679	NO	Q06124	PTPN11	A
77	L	77	-1.968	-41.057	-7.059	-0.5	0.835164835164835	0	0	7.568883178415312	1.6906393020241694e-8	0.6191898418549627	-0.3689298483614042	NO	Q06124	PTPN11	A
78	V	78	-3.148	-44.656	-7.529	-0.5	0.802473262032086	0	0	6.606300197656984	1.5126886144754186e-6	0.4749984469335001	-0.6088670185548037	NO	Q06124	PTPN11	A
79	Q	79	-0.098	-46.119	-5.757	-0.5	0.75719557195572	1	2	6.046207681415179	7.079168122019066e-5	0.4736358809972816	-0.4878189258739774	NO	Q06124	PTPN11	A
80	Y	80	-0.612	-43.783	-2.793	-0.5	0.752767527675277	0	0	7.215353981042621	8.029263458477076e-6	0.5821691745416026	-0.3741433115455031	NO	Q06124	PTPN11	A
81	Y	81	-4.251	-44.655	-2.136	-0.5	0.752767527675277	0	0	3.3625645457003492	0.010348545005743094	0.0925559339714908	-0.8410403527261169	NO	Q06124	PTPN11	A
82	M	82	-3.713	-48.365	-2.805	-0.5	0.740049751243781	2	0	1.8322814769104228	0.3834792311641114	-0.07039456819140567	-1.015600351320561	NO	Q06124	PTPN11	A
83	E	83	-1.378	-48.376	0.23	-0.5	0.738888888888889	0	0	2.7809656950831014	0.11913215073333162	-0.2832895097924633	-0.9961766117231091	NO	Q06124	PTPN11	A
84	H	84	-3.055	-45.594	2.274	-0.5	0.738314883148832	0	0	3.649394041108035	0.03852180294892577	0.23217607366443915	-1.0103590247625183	NO	Q06124	PTPN11	A
85	H	85	-6.584	-46.934	2.761	-0.5	0.743804213135068	0	0	0.7583748278118533	1	-0.1232799441149538	-1.0706342801800075	NO	Q06124	PTPN11	A
86	G	86	-8.691	-44.731	5.002	-0.5	0.776018099547511	0	0	0	0.2795738767948123	-0.01072784142684194	-1.0706342801800075	NO	Q06124	PTPN11	A
87	Q	87	-7.296	-41.585	3.338	-0.5	0.739889705882353	0	0	1.016773798145266	1	0.5007687331293497	-1.0706342801800075	NO	Q06124	PTPN11	A
88	L	88	-9.487	-41.449	0.224	-0.5	0.806526806526806	0	0	1.5380809401446853	0.6838183725215536	-0.04965444806483573	-1.0254278386168905	NO	Q06124	PTPN11	A
89	K	89	-12.712	-39.78	1.388	-0.5	0.806526806526806	0	0	4.655940088342394	0.30384571493780665	-0.05599777170907241	-1.015600351320561	NO	Q06124	PTPN11	A
90	E	90	-15.853	-39.405	-0.728	-0.5	0.887179487179487	0	0	3.0770280329831388	0.5643272851763095	-0.7467736700312914	-1.0178934316897044	NO	Q06124	PTPN11	A
93	G	93	-17.879	-38.088	3.293	-0.5	0.755474452554744	0	0	0	1	0.6873736312124182	-0.9651525831994013	NO	Q06124	PTPN11	A
94	D	94	-17.364	-41.84	3.577	-0.5	0.75	0	0	0.7607918758430615	0.9999999999999999	-0.017244949711439066	-1.0706342801800075	NO	Q06124	PTPN11	A
95	V	95	-14.102	-43.699	2.943	-0.5	0.696969696969697	0	0	0.7607918758430615	0.9999999999999999	-0.2482917530412453	-1.0706342801800075	NO	Q06124	PTPN11	A
96	I	96	-13.658	-45.603	-0.316	-0.5	0.69193742478941	0	0	0.3699336611058549	0.32358739866533015	-0.642783908334859	-1.0706342801800075	NO	Q06124	PTPN11	A
97	E	97	-10.956	-48.14	-1.055	-0.5	0.69645732689211	1	0	0.3699336611058549	0.32358739866533015	-0.5496293593953858	-1.0706342801800075	NO	Q06124	PTPN11	A
98	L	98	-8.809	-48.796	-4.117	-0.5	0.538819875776398	0	0	0.7533911725437391	0.7683118608060415	-0.21803546451567632	-1.0003131488596035	NO	Q06124	PTPN11	A
99	K	99	-8.339	-52.576	-4.025	-0.5	0.471467391304348	0	0	0.3699336611058549	0.32358739866533015	-0.03464637233198087	-1.0254278386168905	NO	Q06124	PTPN11	A
100	Y	100	-8.559	-54.032	-7.542	-0.5	0.471467391304348	0	0	0.4944464195331729	0.37353341159365544	0.5022617766681862	-0.8966674223026335	NO	Q06124	PTPN11	A
101	P	101	-7.333	-52.269	-10.701	-0.5	0.697954271961492	1	0	0.7508214486727273	0.7871442222365945	0.7895032777495775	-0.6376857312669565	NO	Q06124	PTPN11	A
102	L	102	-9.898	-52.923	-13.44	-0.5	0.78971119133574	0	0	0.5598603939889935	0.5343481554636889	1.335563630065982	-0.5653554247659696	NO	Q06124	PTPN11	A
103	N	103	-7.55	-53.523	-16.345	-0.5	0.793181818181818	0	0	0.3699336611058549	0.32358739866533015	1.876863996508872	-0.37351977442049467	NO	Q06124	PTPN11	A
104	C	104	-8.085	-52.102	-19.83	0.2	0.793181818181818	0	0	0.6859980140696587	0.6268817636032611	1.8585220745153568	0.08133221894600645	NO	Q06124	PTPN11	A
105	A	105	-8.088	-54.329	-22.915	-0.5	0.797334558823529	0	0	0.5373000613667571	0.41616961298516986	1.7816680063272996	0.10214997522885352	NO	Q06124	PTPN11	A
106	D	106	-8.024	-51.436	-25.39	0.2	0.801579925650558	0	1	0.3992305955453392	0.17345143250432277	1.3125206543066692	0.5214186618254135	NO	Q06124	PTPN11	A
107	P	107	-4.442	-51.412	-26.727	-0.5	0.73287307488051	0	0	0.7481976068412516	0.6268342249102439	0.1737637802198956	0.6743343641563044	NO	Q06124	PTPN11	A
108	T	108	-4.546	-47.937	-28.298	-0.5	0.712515489467162	0	0	0.6326636717239581	0.47679163511954664	-0.4741194237312822	1.1944743623766376	NO	Q06124	PTPN11	A
109	S	109	-2.166	-46.44	-25.723	2.99	0.709307093070931	0	0	1.0174803119005722	1	-0.6078794454239344	1.5355899895491056	NO	Q06124	PTPN11	A
110	E	110	0.48	-49.135	-26.284	0.9	0.714580751755473	0	2	0.6859980140696587	0.6268817636032611	-0.22230160546244923	0.8547080659931408	NO	Q06124	PTPN11	A
111	R	111	3.761	-48.2	-27.952	3.69	0.643122676579926	0	0	1.5669796543134258	0.43330604621430985	-0.9658710909882562	0.7655691825836859	NO	Q06124	PTPN11	A
112	W	112	3.552	-51.165	-30.369	2.99	0.584175084175084	0	0	0.326689351469039	0.20866209656889484	-0.5553172387574152	-0.09675836764886077	NO	Q06124	PTPN11	A
113	F	113	-0.07	-50.718	-31.505	-0.5	0.575456053067993	0	0	0.6653931901899184	0.5739274189205752	-0.595207305749324	0.0736537718863888	NO	Q06124	PTPN11	A
114	H	114	-0.629	-48.971	-34.863	0.2	0.570725707257073	0	0	0.5598603939889935	0.5343481554636889	-1.0855633297741059	-0.03773558507121552	NO	Q06124	PTPN11	A
115	G	115	-4.26	-49.682	-35.786	1.59	0.570725707257073	0	0	1.5436224735855872	0.7161369764962258	-0.5108386208095242	0.09870567491928275	NO	Q06124	PTPN11	A
116	H	116	-5.238	-49.2	-39.424	-0.5	0.642066420664207	2	0	0.3762373247781356	0.6510136562048053	-0.7444935421980228	-0.7701190781699542	NO	Q06124	PTPN11	A
117	L	117	-2.043	-50.045	-41.28	-0.5	0.515555555555556	0	0	0.29915785378685944	0.4074211882357595	-1.1249159189127695	-0.8076834784212109	NO	Q06124	PTPN11	A
118	S	118	-1.317	-51.984	-44.446	-0.5	0.521348314606742	0	0	0.29915785378685944	0.4074211882357595	-0.980235731348808	-0.8076834784212109	NO	Q06124	PTPN11	A
119	G	119	1.248	-54.756	-44.718	-0.5	0.517910447761194	0	0	0.21097487997256942	0.1515666720718663	-0.6787522585537953	-0.8602736387729703	NO	Q06124	PTPN11	A
120	K	120	3.368	-52.886	-47.257	-0.5	0.517472118959108	0	0	0	0.2795738767948123	-1.6353666749845805	-1.0706342801800075	NO	Q06124	PTPN11	A
121	E	121	3.438	-49.802	-45.021	-0.5	0.517037037037037	0	0	0	0.16022865061493166	-1.7903696585277307	-1.0040142610343614	NO	Q06124	PTPN11	A
122	A	122	4.318	-51.92	-41.981	-0.5	0.513235294117647	0	0	0.1619383527289269	0.09408242284622405	-1.0379558377331475	-0.7637191958379815	NO	Q06124	PTPN11	A
123	E	123	7.292	-53.277	-43.933	-0.5	0.576859504132231	1	0	0	0.08405962592628455	-0.9120841653537334	-1.0706342801800075	NO	Q06124	PTPN11	A
124	K	124	8.247	-49.751	-45.008	-0.5	0.639194139194139	0	0	0	0.2795738767948123	-1.4204000432159956	-1.0706342801800075	NO	Q06124	PTPN11	A
125	L	125	8.27	-48.478	-41.419	-0.5	0.643911439114391	0	0	0	0.02361692943805415	-1.2975536060464257	-1.0254278386168905	NO	Q06124	PTPN11	A
126	L	126	10.185	-51.511	-40.093	-0.5	0.639194139194139	0	0	0	0.006997568705044832	-0.6886575933978989	-0.8953337456741431	NO	Q06124	PTPN11	A
127	T	127	12.791	-51.045	-42.835	-0.5	0.581085581085581	0	0	0	0.006997568705044832	-0.5847436707155285	-1.0706342801800075	NO	Q06124	PTPN11	A
128	E	128	13.637	-47.395	-42.253	-0.5	0.639194139194139	0	0	0.18339614283923394	0.09184484159219085	-1.1731562125997572	-1.0706342801800075	NO	Q06124	PTPN11	A
129	K	129	13.348	-47.266	-38.449	-0.5	0.639194139194139	0	0	0.18339614283923394	0.09184484159219085	-1.105707373413752	-1.0706342801800075	NO	Q06124	PTPN11	A
130	G	130	13.349	-50.856	-37.178	-0.5	0.697302697302697	0	0	0.14478026527453747	0.054188308100573096	-0.5659459138277393	-0.8410403527261169	NO	Q06124	PTPN11	A
131	K	131	16.158	-53.099	-35.964	-0.5	0.701871657754011	1	0	0.18339614283923394	0.09184484159219085	-0.3889624254702798	-1.026986681429412	NO	Q06124	PTPN11	A
132	H	132	16.469	-56.661	-34.662	-0.5	0.574005740057401	0	0	0.24773011499604014	0.24964572360237525	-0.14972272126556516	-0.9862489225955227	NO	Q06124	PTPN11	A
133	G	133	13.438	-57.233	-32.448	-0.5	0.579423868312757	0	0	0.21097487997256942	0.1515666720718663	-0.20444011523517697	-0.8105642810698409	NO	Q06124	PTPN11	A
134	S	134	11.343	-54.252	-33.548	-0.5	0.583747927031509	0	0	0	0.006997568705044832	-0.5601519489169339	-0.6610883555325269	NO	Q06124	PTPN11	A
135	F	135	7.69	-55.217	-33.745	-0.5	0.583747927031509	0	0	0	0.0038876601238594503	-0.5863063131114065	-0.6797061950437205	NO	Q06124	PTPN11	A
136	L	136	4.232	-53.77	-34.183	-0.5	0.651291512915129	0	0	0.3635016378956365	0.17213193216457173	-0.6835119846169451	-0.5214742900611006	NO	Q06124	PTPN11	A
137	V	137	0.621	-54.926	-34.004	-0.5	0.651851851851852	0	0	0.7559084355481612	1	-0.37790744468994514	-0.4391002915432645	NO	Q06124	PTPN11	A
138	R	138	-1.814	-53.653	-36.622	-0.5	0.701994301994302	1	0	0.6439141895172608	0.7441883165546243	-0.2911718046769197	-0.45536301911071403	NO	Q06124	PTPN11	A
139	E	139	-5.354	-54.337	-37.76	-0.5	0.755535055350554	0	1	0.326689351469039	0.20866209656889484	0.07854914047325785	-0.8262278412774787	NO	Q06124	PTPN11	A
140	S	140	-5.753	-57.089	-40.315	-0.5	0.75	0	0	0.326689351469039	0.20866209656889484	0.18405196577374694	-0.8369002341721884	NO	Q06124	PTPN11	A
141	Q	141	-5.609	-56.416	-44.038	-0.5	0.749391727493917	0	0	0.29915785378685944	0.4074211882357595	-0.0887742247037024	-0.8604243269115139	NO	Q06124	PTPN11	A
142	S	142	-7.146	-59.619	-45.43	-0.5	0.855757575757576	0	0	0.49955551324238584	0.4843155073014768	0.5831305060116869	-0.9961766117231091	NO	Q06124	PTPN11	A
143	H	143	-9.314	-60.758	-42.489	-0.5	0.933553719008265	1	0	0.425506205986377	0.4897361034992885	1.354920104117028	-0.9862489225955227	NO	Q06124	PTPN11	A
144	P	144	-11.407	-57.936	-40.976	-0.5	0.962727272727273	0	0	0.29207561392389947	0.13241192840235996	1.0878210614546815	-0.9961766117231091	NO	Q06124	PTPN11	A
145	G	145	-11.497	-58.071	-37.183	-0.5	0.968978102189781	0	0	0.24012779469068352	0.05208377178913149	0.9121168921666665	-0.8413143311598327	NO	Q06124	PTPN11	A
146	D	146	-8.189	-59.933	-36.875	-0.5	0.890468227424749	0	0	0.24012779469068352	0.05208377178913149	1.1034708260411457	-0.8530198235520379	NO	Q06124	PTPN11	A
147	F	147	-4.747	-58.472	-36.203	0.2	0.793113024159956	1	0	0.29207561392389947	0.13241192840235996	0.5101303783267459	-0.8763624954113307	NO	Q06124	PTPN11	A
148	V	148	-1.217	-58.903	-37.519	-0.5	0.92057761732852	0	0	0.29207561392389947	0.13241192840235996	0.2511884412295665	-0.7234488089752699	NO	Q06124	PTPN11	A
149	L	149	2.12	-58.975	-35.687	-0.5	0.91983556012333	0	0	0.26374461075504047	0.083234887340391	-0.294992193545975	-0.7482257863085866	NO	Q06124	PTPN11	A
150	S	150	5.038	-57.764	-37.82	-0.5	0.864019253910951	0	0	0.21097487997256942	0.1515666720718663	-0.7571159394577787	-0.8409033635092589	NO	Q06124	PTPN11	A
151	V	151	8.522	-58.444	-36.421	-0.5	0.800711743772242	1	0	0	0.012762935771454051	-0.498686033602937	-0.8696710990494243	NO	Q06124	PTPN11	A
152	R	152	11.965	-57.617	-37.806	-0.5	0.831274858697928	1	0	0.21097487997256942	0.1515666720718663	-0.3065093910589451	-1.0057224666534808	NO	Q06124	PTPN11	A
153	T	153	14.688	-60.245	-37.421	-0.5	0.837233818258486	1	0	0.18339614283923394	0.09184484159219085	-0.04531343011275286	-0.9519673710768257	NO	Q06124	PTPN11	A
154	G	154	18.26	-60.067	-38.65	-0.5	0.803571428571429	1	0	0.18339614283923394	0.09184484159219085	0.05234941366673172	-1.015600351320561	NO	Q06124	PTPN11	A
155	D	155	21.678	-58.571	-38.046	-0.5	0.80421146953405	0	1	0.24773011499604014	0.24964572360237525	0.5130918687936808	-1.0706342801800075	NO	Q06124	PTPN11	A
156	D	156	22.899	-54.986	-38.015	-0.5	0.804856115107914	0	0	0.24773011499604014	0.24964572360237525	0.3032807388483247	-1.0706342801800075	NO	Q06124	PTPN11	A
163	G	163	19.375	-59.285	-47.512	-0.5	0.865454545454545	2	0	0.29915785378685944	0.4074211882357595	0.9987258024552204	-1.0706342801800075	NO	Q06124	PTPN11	A
164	K	164	20.523	-60.255	-44.009	-0.5	0.832887700534759	0	0	0.21097487997256942	0.1515666720718663	0.9037144759255044	-1.0706342801800075	NO	Q06124	PTPN11	A
165	S	165	17.291	-59.049	-42.333	-0.5	0.827505827505828	0	0	0.1619383527289269	0.09408242284622405	0.040661576453669676	-1.0103590247625183	NO	Q06124	PTPN11	A
166	K	166	13.672	-60.106	-42.773	-0.5	0.82983682983683	0	0	0.1619383527289269	0.09408242284622405	-0.037815410220709396	-1.0237535259664048	NO	Q06124	PTPN11	A
167	V	167	10.185	-59.051	-41.713	-0.5	0.807256235827664	1	0	0	0.012762935771454051	-0.5170821914034696	-1.032277299459787	NO	Q06124	PTPN11	A
168	T	168	7.81	-61.789	-40.532	-0.5	0.823597455176403	0	0	0	0.08405962592628455	-0.2975415731827422	-0.991523007444553	NO	Q06124	PTPN11	A
169	H	169	4.02	-61.403	-40.349	-0.5	0.796906796906797	0	0	0	0.04431333444299846	-0.1302587471684148	-1.028441601387765	NO	Q06124	PTPN11	A
170	V	170	2.058	-63.422	-37.766	-0.5	0.764921353156647	0	0	0.326689351469039	0.20866209656889484	0.49483399155546015	-1.0298026555423534	NO	Q06124	PTPN11	A
171	M	171	-1.736	-63.486	-37.972	-0.5	0.78021978021978	0	0	0.3699336611058549	0.32358739866533015	1.245714785684297	-1.0254278386168905	NO	Q06124	PTPN11	A
172	I	172	-3.709	-62.89	-34.771	-0.5	0.774545454545455	0	0	0.26374461075504047	0.083234887340391	1.488093058168195	-1.0003131488596035	NO	Q06124	PTPN11	A
173	R	173	-7.221	-64.281	-34.921	-0.5	0.747368421052632	3	1	0.24012779469068352	0.05208377178913149	1.723385589408636	-0.991523007444553	NO	Q06124	PTPN11	A
174	C	174	-9.973	-62.69	-32.864	-0.5	0.747368421052632	1	0	0.24012779469068352	0.05208377178913149	1.6507298087262288	-0.9732665598902174	NO	Q06124	PTPN11	A
175	Q	175	-12.244	-65.562	-31.844	-0.5	0.71256038647343	1	0	0.13073831109506207	0.031037779276921546	1.7593183044017897	-1.0103590247625183	NO	Q06124	PTPN11	A
176	E	176	-15.013	-64.851	-29.331	-0.5	0.742562929061785	1	0	0.14478026527453747	0.054188308100573096	1.5227657710231677	-1.0706342801800075	NO	Q06124	PTPN11	A
177	L	177	-13.28	-61.706	-28.04	-0.5	0.811371494429504	1	0	0.29207561392389947	0.13241192840235996	1.4775858254541216	-0.9299920175391995	NO	Q06124	PTPN11	A
178	K	178	-10.1	-63.731	-27.419	-0.5	0.856447688564477	0	0	0.11897202028091654	0.017775305557927355	1.6287432210166102	-0.9651525831994013	NO	Q06124	PTPN11	A
179	Y	179	-6.837	-63.525	-29.352	-0.5	0.797727272727273	0	0	0.11897202028091654	0.017775305557927355	1.5684917421629545	-0.9889710309046995	NO	Q06124	PTPN11	A
180	D	180	-4.499	-66.271	-30.537	-0.5	0.825234441602728	0	0	0.109064979544597	0.010216904943662907	1.395398201369954	-0.9889710309046995	NO	Q06124	PTPN11	A
181	V	181	-1.763	-66.761	-33.124	-0.5	0.883211678832117	0	0	0.1619383527289269	0.09408242284622405	1.085291716978332	-0.9802213970537738	NO	Q06124	PTPN11	A
182	G	182	-3.567	-69.786	-34.557	-0.5	0.96	0	0	0.18339614283923394	0.09184484159219085	1.358934413315966	-1.0103590247625183	NO	Q06124	PTPN11	A
183	G	183	-2.619	-72.223	-31.807	-0.5	0.886446886446887	0	0	0.24773011499604014	0.24964572360237525	1.2646962850562677	-1.0706342801800075	NO	Q06124	PTPN11	A
184	G	184	-1.842	-72.501	-28.117	-0.5	0.880702554744526	0	0	0.425506205986377	0.4897361034992885	0.9461052642466896	-1.0706342801800075	NO	Q06124	PTPN11	A
185	E	185	-3.281	-70.214	-25.459	-0.5	0.886446886446887	0	0	0.326689351469039	0.20866209656889484	1.263599814927497	-1.0706342801800075	NO	Q06124	PTPN11	A
186	R	186	-6.078	-67.705	-26.005	-0.5	0.883928571428571	2	0	0.11897202028091654	0.017775305557927355	1.31950317295085	-1.0200030656293164	NO	Q06124	PTPN11	A
187	F	187	-5.688	-64.225	-24.547	-0.5	0.889705882352941	0	0	0.10057133329928931	0.005906556818082105	1.2455487815496762	-1.0237535259664048	NO	Q06124	PTPN11	A
188	D	188	-8.295	-61.73	-23.375	-0.5	0.889705882352941	1	0	0.22013870716707262	0.05316639928538571	1.0617783222816688	-0.9187406365279348	NO	Q06124	PTPN11	A
189	S	189	-6.347	-58.758	-24.765	-0.5	0.895927601809955	0	0	0.41365569350334835	0.13914496867730913	1.02005185446954	-0.6915029236040005	NO	Q06124	PTPN11	A
190	L	190	-3.677	-58.057	-27.35	0.2	0.905919359450958	0	0	0.5220720341629725	0.3294469512079888	0.6034562260850699	-0.43917167013520625	NO	Q06124	PTPN11	A
191	T	191	-1.45	-56.761	-24.542	-0.5	0.866666666666667	1	0	0.6439141895172608	0.7441883165546243	0.6297610932553334	-0.12355932943270863	NO	Q06124	PTPN11	A
192	D	192	-1.637	-60.137	-22.801	-0.5	0.836567926455567	0	0	0.6439141895172608	0.7441883165546243	1.0544713652416273	-0.6818588827372023	NO	Q06124	PTPN11	A
193	L	193	-0.793	-61.9	-26.07	-0.5	0.786516853932584	0	0	0.22013870716707262	0.05316639928538571	0.7907863972681896	-0.962138820428527	NO	Q06124	PTPN11	A
194	V	194	2.179	-59.585	-26.661	-0.5	0.710312075983718	0	0	0.4420883242023752	0.2561808875295707	0.10689138165937591	-0.5775532883013277	NO	Q06124	PTPN11	A
195	E	195	3.491	-59.914	-23.098	-0.5	0.715015321756895	2	0	0.7559084355481612	1	0.06472082351318326	-0.5536369757581798	NO	Q06124	PTPN11	A
196	H	196	3.217	-63.696	-23.413	-0.5	0.659774436090226	0	0	0.18339614283923394	0.09184484159219085	0.47686275095875685	-0.9651525831994013	NO	Q06124	PTPN11	A
197	Y	197	5.241	-63.879	-26.634	-0.5	0.659176029962547	1	0	0.18339614283923394	0.09184484159219085	0.17528377101696854	-0.9833390826788162	NO	Q06124	PTPN11	A
198	K	198	7.895	-61.508	-25.349	-0.5	0.656716417910448	0	0	0.24773011499604014	0.24964572360237525	-0.7798173712406737	-1.0178934316897044	NO	Q06124	PTPN11	A
199	K	199	8.694	-63.894	-22.487	-0.5	0.610198789974071	0	0	0.3762373247781356	0.6510136562048053	-0.8977395366201394	-0.991523007444553	NO	Q06124	PTPN11	A
200	N	200	8.08	-67.061	-24.564	-0.5	0.613656006914434	1	1	0.3762373247781356	0.6510136562048053	-0.6477672231123632	-1.0003131488596035	NO	Q06124	PTPN11	A
201	P	201	8.925	-66.022	-28.127	-0.5	0.615962984384037	0	0	0.29915785378685944	0.4074211882357595	-0.734288459341584	-0.8980278669390157	NO	Q06124	PTPN11	A
202	M	202	7.581	-67.903	-31.111	-0.5	0.602103120759837	0	0	0.5045624683447533	1	0.09614277618051342	-0.9350149554906568	NO	Q06124	PTPN11	A
203	V	203	10.172	-70.103	-32.831	-0.5	0.713260619977038	0	0	0.5045624683447533	1	-0.46059349326231014	-0.8596708862187953	NO	Q06124	PTPN11	A
204	E	204	9.874	-70.821	-36.542	-0.5	0.712610809265084	0	0	0	1	-0.11483685996145411	-0.9018635650110378	NO	Q06124	PTPN11	A
205	T	205	10.313	-74.21	-38.183	-0.5	0.75065893516078	0	0	0	1	-0.3382666269916087	-0.7893497548983912	NO	Q06124	PTPN11	A
206	L	206	13.826	-73.33	-39.401	-0.5	0.790405904059041	0	0	0	1	-0.3382666269916087	-0.7893497548983912	NO	Q06124	PTPN11	A
207	G	207	15.01	-72.046	-36.006	0.2	0.745159602302459	0	0	0	1	-0.37657513655099406	-0.8596708862187953	NO	Q06124	PTPN11	A
208	T	208	14.304	-68.311	-36.282	0.2	0.702169625246548	0	0	0	0.16022865061493166	-0.024095322511603737	-0.9500837693450291	NO	Q06124	PTPN11	A
209	V	209	13.348	-66.888	-32.882	-0.5	0.705364745955152	0	0	0.24773011499604014	0.24964572360237525	-0.47139396686037527	-0.9187406365279348	NO	Q06124	PTPN11	A
210	L	210	10.786	-64.085	-33.234	-0.5	0.705364745955152	0	0	0.21097487997256942	0.1515666720718663	-0.28790599616644036	-0.9589477774946599	NO	Q06124	PTPN11	A
211	Q	211	11.984	-61.941	-30.348	-0.5	0.659851301115242	0	0	0.14478026527453747	0.054188308100573096	-0.4918011623233571	-0.9589477774946599	NO	Q06124	PTPN11	A
212	L	212	9.908	-58.872	-29.469	0.2	0.655555555555556	0	0	0.18339614283923394	0.09184484159219085	-0.6231212362588887	-0.8477931152982902	NO	Q06124	PTPN11	A
213	K	213	12.657	-56.645	-28.109	-0.5	0.662921348314607	0	0	0.18339614283923394	0.09184484159219085	-0.896505042702707	-0.7792266030269925	NO	Q06124	PTPN11	A
214	Q	214	11.356	-53.103	-28.521	-0.5	0.717810070969922	0	0	0.326689351469039	0.20866209656889484	-0.7588461724839464	-0.41564317130995837	NO	Q06124	PTPN11	A
215	P	215	8.372	-51.428	-30.187	-0.5	0.762654320987654	0	0	0.49955551324238584	0.4843155073014768	-0.7914256885107432	-0.4593265284619882	NO	Q06124	PTPN11	A
216	L	216	8.95	-49.55	-33.416	-0.5	0.766169154228856	0	0	0.326689351469039	0.20866209656889484	-0.9683249435894552	-0.5291902715154762	NO	Q06124	PTPN11	A
217	N	217	9.754	-45.864	-32.904	-0.5	0.771929824561403	1	0	1.3573425607358989	0.5942436736385082	-0.6286764276641253	-0.3123715670279935	NO	Q06124	PTPN11	A
218	T	218	6.967	-43.732	-34.393	-0.5	0.711898588303083	2	0	1.3573425607358989	0.5942436736385082	-0.601640516431799	0.113774488773655	NO	Q06124	PTPN11	A
219	T	219	7.783	-40.309	-32.883	-0.5	0.716599190283401	0	0	1.0174803119005722	1	-0.08975783098013485	0.15639770510459378	NO	Q06124	PTPN11	A
220	R	220	11.381	-39.488	-33.856	-0.5	0.72133526850508	1	0	1.3247921417623654	0.7722448384775439	0.45947550982293806	-0.850498564742221	NO	Q06124	PTPN11	A
221	I	221	11.256	-37.057	-36.796	-0.5	0.72133526850508	1	1	1.0174803119005722	1	0.8947884697345366	-0.8758988396004271	NO	Q06124	PTPN11	A
222	N	222	13.723	-34.945	-38.707	-0.5	0.716599190283401	0	0	0.3699336611058549	0.32358739866533015	1.1143106064721091	-0.8272149794555319	NO	Q06124	PTPN11	A
223	A	223	13.567	-31.347	-37.507	-0.5	0.785171102661597	0	0	0.29207561392389947	0.13241192840235996	1.3120082688707388	-0.8100324405808631	NO	Q06124	PTPN11	A
224	A	224	12.613	-30.185	-41.018	-0.5	0.668560606060606	0	0	0.49955551324238584	0.4843155073014768	1.2158633085195738	-0.8758988396004271	NO	Q06124	PTPN11	A
225	E	225	9.516	-32.44	-40.945	-0.5	0.719988344988345	0	0	0.49955551324238584	0.4843155073014768	1.3053010740855004	-0.8174782074265529	NO	Q06124	PTPN11	A
226	I	226	8.136	-30.62	-37.893	-0.5	0.779987373737374	0	0	0.326689351469039	0.20866209656889484	1.5063934500655796	-0.7637784344182443	NO	Q06124	PTPN11	A
227	E	227	5.475	-28.702	-39.836	-0.5	0.84688995215311	0	0	0.21097487997256942	0.1515666720718663	1.4959358609248437	-0.8596708862187953	NO	Q06124	PTPN11	A
228	S	228	4.242	-31.906	-41.488	-0.5	0.838951310861423	1	0	0.5045624683447533	1	1.1742445309903435	-0.9961766117231091	NO	Q06124	PTPN11	A
229	R	229	4.165	-33.8	-38.183	-0.5	0.833446404341927	0	0	0.1619383527289269	0.09408242284622405	0.6407654402769616	-0.7651010889258381	NO	Q06124	PTPN11	A
230	V	230	2.232	-31.05	-36.389	-0.5	0.910780669144981	1	0	0.24773011499604014	0.24964572360237525	0.7241295420350179	-0.733092849842068	NO	Q06124	PTPN11	A
231	R	231	-0.384	-30.937	-39.15	-0.5	0.900735294117647	0	0	0	0.15468916769035584	0.4140165838816072	-0.9299920175391995	NO	Q06124	PTPN11	A
232	E	232	-0.774	-34.726	-38.881	-0.5	0.900735294117647	0	0	0	0.5197159178632083	-0.8122559075848521	-0.9299920175391995	NO	Q06124	PTPN11	A
233	L	233	-1.148	-34.491	-35.094	-0.5	0.857843137254902	0	0	0	0.15468916769035584	-0.33382271413962145	-0.7262433889991715	NO	Q06124	PTPN11	A
234	S	234	-3.721	-31.696	-35.381	-0.5	0.742857142857143	0	0	0	0.15468916769035584	-0.3717596939201039	-0.8596708862187953	NO	Q06124	PTPN11	A
235	K	235	-6.258	-33.655	-37.443	-0.5	0.742857142857143	0	0	0	0.5197159178632083	-1.0419889923311314	-0.9732665598902174	NO	Q06124	PTPN11	A
245	Q	245	-6.624	-35.949	-32.484	-0.5	0.317592592592593	0	0	0	1	-1.2097276385210445	-0.44000442037452686	NO	Q06124	PTPN11	A
246	G	246	-3.03	-37.137	-32.795	-0.5	0.317592592592593	0	0	0	0.5197159178632083	-0.8474890151229671	-0.1533544840993084	NO	Q06124	PTPN11	A
247	F	247	-1.654	-34.926	-30.019	0.2	0.38	0	0	2.048364983452108	0.19040409533035824	0.15828115682825608	0.023964358201596137	NO	Q06124	PTPN11	A
248	W	248	-3.914	-36.596	-27.457	-0.5	0.425030978934325	0	0	0.9507028737533886	1	-0.6286600795277277	0.507070530372772	NO	Q06124	PTPN11	A
249	E	249	-2.968	-40.102	-28.598	-0.5	0.531716417910448	0	0	1.3840546396742424	0.6097782870693221	-0.9452122803408692	0.738828887453018	NO	Q06124	PTPN11	A
250	E	250	0.771	-39.373	-28.664	0.2	0.546468401486989	0	0	0.9332423658793153	1	-0.5006087297508542	0.4311970162898109	NO	Q06124	PTPN11	A
251	F	251	0.604	-37.812	-25.191	1.59	0.542857142857143	0	0	2.259871986372301	0.057210270447198355	-0.09803604337051185	0.7247752357951507	NO	Q06124	PTPN11	A
252	E	252	-1.378	-40.636	-23.592	1.59	0.584615384615385	0	0	1.9363727556996322	0.17127575890740376	-0.5443748972365857	1.0340680476252286	NO	Q06124	PTPN11	A
253	T	253	1.058	-43.135	-25.095	1.59	0.625912408759124	1	0	1.5858593116508468	0.3629237812205882	-0.8806302446885746	1.1393956317368694	NO	Q06124	PTPN11	A
254	L	254	3.789	-41.247	-23.245	5.79	0.619565217391305	0	0	2.7211306382885416	0.006465429020483883	0.067500549607373	0.7909193976611849	NO	Q06124	PTPN11	A
255	Q	255	1.677	-41.187	-20.068	1.59	0.660869565217391	0	0	3.387594741706057	2.442900970051008e-4	0.5724845848694794	1.001907194559813	NO	Q06124	PTPN11	A
256	Q	256	1.351	-44.988	-20.175	0.9	0.660869565217391	1	2	2.035716408123684	0.07348292002124442	0.27962609312337483	1.2574974603205122	NO	Q06124	PTPN11	A
257	Q	257	5.133	-45.204	-19.596	0.9	0.657586618876942	0	0	4.291148019281076	6.396202664982451e-5	0.5279461926031147	1.2247570374914671	NO	Q06124	PTPN11	A
258	E	258	5.17	-43.199	-16.356	0.9	0.655675029868578	1	1	5.318513059082427	3.878324830222595e-7	1.0507803663297548	0.6773481269271789	NO	Q06124	PTPN11	A
259	C	259	4.88	-46.514	-14.468	0.2	0.656115107913669	0	1	4.13529365634714	8.600898941079087e-5	0.9039481900815858	0.801224169095536	NO	Q06124	PTPN11	A
260	K	260	8.466	-47.338	-15.476	0.2	0.6875	1	0	3.811916975830838	5.435261579266405e-4	0.5243359212529184	0.8814620600454947	NO	Q06124	PTPN11	A
261	L	261	9.617	-44.18	-13.644	2.29	0.713837136277999	2	2	4.74474804362377	2.2545895146844673e-6	0.6751177524921205	0.7850901459859408	NO	Q06124	PTPN11	A
262	L	262	8.537	-45.063	-10.091	2.29	0.716386554621849	0	2	5.039444756576371	2.3436385946640335e-6	0.6552889840475155	0.307477241410768	NO	Q06124	PTPN11	A
263	Y	263	12.004	-44.732	-8.563	1.59	0.647482014388489	1	0	2.935520274672319	0.0033669549188708797	0.10398322018024186	1.2533384676967056	NO	Q06124	PTPN11	A
264	S	264	12.539	-44.239	-4.854	0.9	0.647482014388489	1	0	2.7304944081827176	0.01071721294654938	-0.1908338467468129	1.3976374291661746	YES	Q06124	PTPN11	A
265	R	265	11.648	-40.903	-3.258	0.9	0.647047726843992	2	1	3.600969960553487	9.917756770170402e-4	0.0965841514939603	2.2821248409907446	NO	Q06124	PTPN11	A
266	K	266	12.335	-41.937	0.324	1.59	0.646616541353383	0	0	1.9998533599884825	0.21048316170246179	-0.886889365298508	2.4875236384878656	NO	Q06124	PTPN11	A
267	E	267	14.467	-38.921	1.294	0.9	0.642030608435984	1	0	0.9097896940581858	1	-0.16289080569248301	2.839285433337057	NO	Q06124	PTPN11	A
268	G	268	11.527	-36.573	0.673	-0.5	0.614285714285714	1	1	1.7558961811979918	0.24711818926597343	-0.28073198115743037	2.9399748472019276	NO	Q06124	PTPN11	A
269	Q	269	9.172	-38.813	2.666	-0.5	0.58843537414966	0	0	1.9998533599884825	0.21048316170246179	-0.6073316057424104	2.767211782762364	NO	Q06124	PTPN11	A
270	R	270	11.164	-38.439	5.898	0.9	0.621863799283154	0	0	0.425506205986377	0.4897361034992885	-0.7901765422616001	2.38504128436057	NO	Q06124	PTPN11	A
271	Q	271	9.467	-36.761	8.841	2.99	0.62589928057554	0	0	0.29915785378685944	0.4074211882357595	-0.625410557568787	2.2429978863964606	NO	Q06124	PTPN11	A
272	E	272	12.242	-34.142	9.021	0.2	0.632727272727273	0	0	0.6031436360177693	0.7066748757127665	-0.05292603911168668	2.4353764099372803	NO	Q06124	PTPN11	A
273	N	273	11.634	-33.137	5.385	2.99	0.632246376811594	0	0	0.9507028737533886	1	-0.15439153904014255	3.1225860779531063	NO	Q06124	PTPN11	A
274	K	274	7.824	-33.11	5.246	1.59	0.664621244181126	0	0	1.877320832765518	0.35222216975709775	-0.47249119192772904	3.06955246393649	NO	Q06124	PTPN11	A
275	N	275	7.582	-29.345	5.797	2.29	0.658366345972458	1	0	0.9125543000610256	1	-0.49244436182624945	3.0845911401631536	NO	Q06124	PTPN11	A
276	K	276	10.296	-28.649	3.191	2.29	0.657894736842105	1	0	2.4044114073960143	0.10881931785507987	-0.36388255463602365	2.850429703820868	NO	Q06124	PTPN11	A
277	N	277	7.903	-29.711	0.388	2.29	0.629032258064516	0	0	2.4044114073960143	0.10881931785507987	-0.47491731191170244	2.9276243291801087	NO	Q06124	PTPN11	A
278	R	278	5.215	-27.421	-1.009	3.69	0.628571428571429	0	0	2.582500683052571	0.042494738072713416	-0.050788379083928165	2.572746587283996	YES	Q06124	PTPN11	A
279	Y	279	3.123	-30.542	-1.622	2.29	0.727819548872181	0	2	5.647393793025708	2.4283647759527635e-5	-0.07110535961947223	2.0859055019646293	YES	Q06124	PTPN11	A
280	K	280	3.711	-33.571	0.596	0.9	0.702907208283552	0	0	4.526156689167889	8.777105572644705e-4	-0.11567906946247089	2.134154684786802	YES	Q06124	PTPN11	A
281	N	281	3.434	-36.016	-2.296	2.99	0.716276978417266	0	0	6.765449801233681	8.283465228031677e-9	0.274856506406774	1.1887360834166134	NO	Q06124	PTPN11	A
282	I	282	5.349	-34.188	-5.054	2.29	0.750213128729753	0	3	9.412482555296712	1.033802702586413e-11	0.5566313000408861	1.578242676191505	NO	Q06124	PTPN11	A
283	L	283	8.901	-35.215	-4.275	0.9	0.744815911976301	1	0	4.720451267044063	1.055393846325626e-6	0.20597892059432227	2.0859055019646293	NO	Q06124	PTPN11	A
284	P	284	12.332	-35.503	-5.899	5.09	0.67033432077867094	0	0	2.953665765061579	7.312640486741711e-4	0.3000297257866975	2.126134425759892	NO	Q06124	PTPN11	A
285	F	285	14	-38.807	-6.66	-0.5	0.672754300276067	0	3	2.3932518183477507	0.018561814890251466	0.5146474014451399	1.8629978570217895	NO	Q06124	PTPN11	A
286	D	286	16.706	-40.01	-4.313	0.2	0.706628113879004	0	0	1.9153982617477021	0.13176201293139436	0.46679412249180346	1.9058869935972176	NO	Q06124	PTPN11	A
287	H	287	19.206	-40.527	-7.134	-0.5	0.711160714285714	0	0	1.2705016729034915	0.6390121144791935	0.26529128635632987	1.7995637914273415	NO	Q06124	PTPN11	A
288	T	288	18.796	-37.074	-8.772	2.99	0.710631672597865	0	0	1.1622197805167271	0.838090150459024	0.651886328128978	1.5373399163192907	NO	Q06124	PTPN11	A
289	R	289	17.969	-34.795	-5.828	2.99	0.70811170212766	1	0	1.1320310223920063	0.8334889992960018	0.4617335157819343	1.9151826904554343	NO	Q06124	PTPN11	A
290	V	290	20.27	-31.912	-4.945	0.9	0.710106382978723	1	0	0.6326636717239581	0.47679163511954664	0.08595054241468095	1.8778302973255052	NO	Q06124	PTPN11	A
291	V	291	22.193	-32.939	-1.829	1.59	0.668544600938967	0	0	0.5660915178346402	0.3283681114255244	0.1219338966858729	2.172174461280911	NO	Q06124	PTPN11	A
292	L	292	23.168	-29.853	0.182	5.79	0.630742049469965	0	0	0.1619383527289269	0.09408242284622405	0.19075840428272817	2.0627145974427505	NO	Q06124	PTPN11	A
293	H	293	26.51	-30.035	2.003	0.2	0.672791519434629	2	0	0.1619383527289269	0.09408242284622405	0.365647557369743	1.5894079128497127	NO	Q06124	PTPN11	A
294	D	294	27.834	-28.106	5.021	0.2	0.81095406360424	3	0	0.1619383527289269	0.09408242284622405	0.5263520234121006	1.3162658343525644	NO	Q06124	PTPN11	A
295	G	295	24.832	-27.086	7.112	0.9	0.81095406360424	0	0	0.14478026527453747	0.054188308100573096	0.572780227325814	1.2674428774643982	NO	Q06124	PTPN11	A
296	D	296	24.328	-27.261	10.869	-0.5	0.873443060498221	0	0	0.18339614283923394	0.09184484159219085	1.1841667874103619	1.2634090719095352	NO	Q06124	PTPN11	A
297	P	297	24.66	-30.473	12.959	-0.5	0.873443060498221	1	0	0.21097487997256942	0.1515666720718663	1.9634249242896986	0.7557059589699149	NO	Q06124	PTPN11	A
300	P	300	19.798	-32.394	11.86	-0.5	0.926995305164319	1	0	0.29915785378685944	0.4074211882357595	1.400054024884248	1.876825709735214	NO	Q06124	PTPN11	A
301	V	301	18.684	-32.891	8.243	0.9	0.955516014234875	0	0	0.26374461075504047	0.083234887340391	0.25739195487755906	2.278573390409174	NO	Q06124	PTPN11	A
302	S	302	20.34	-29.986	6.409	2.99	0.9	0	0	0.13073831109506207	0.031037779276921546	0.25611107023744656	1.98230740671582	NO	Q06124	PTPN11	A
303	D	303	20.964	-31.799	3.099	0.9	0.924133811230585	0	1	0.22013870716707262	0.05316639928538571	0.27922872258943104	2.171571708726736	NO	Q06124	PTPN11	A
304	Y	304	17.448	-31.832	1.612	2.99	0.933508147593182	0	0	0.5459546484181901	0.25919471441870334	-0.24630590958029433	2.5919916152637232	NO	Q06124	PTPN11	A
305	I	305	15.767	-29.574	-0.907	1.59	0.927584919746174	0	0	0.5660915178346402	0.3283681114255244	-0.4571447247729604	2.3815305150976567	NO	Q06124	PTPN11	A
306	N	306	12.888	-30.474	-3.221	2.99	0.962661660408844	0	0	2.386282273044453	0.04208784031107269	-0.21156600294575678	2.6665545664296637	YES	Q06124	PTPN11	A
307	A	307	15.091	-30.183	-6.314	4.39	0.964075630252101	0	0	1.7401801343407426	0.16406239181498358	0.008937703718236902	2.2554527223373193	NO	Q06124	PTPN11	A
309	I	309	19.539	-32.153	-11.292	-0.5	1.04195656757327	1	0	0.6910391681086823	0.5002689121323822	0.5650730957335477	1.070644168526296	NO	Q06124	PTPN11	A
310	I	310	18.169	-32.477	-14.834	0.2	0.997687564234327	0	0	1.086225800593657	0.8425678335226878	1.0021556629620223	0.6751954392336972	NO	Q06124	PTPN11	A
311	M	311	20.931	-33.677	-17.164	-0.5	0.991295442908346	2	0	0.48923206601193087	0.29381469870252813	1.1809487726951333	-0.08747789181473942	NO	Q06124	PTPN11	A
312	P	312	20.021	-34.111	-20.861	-0.5	0.991295442908346	0	0	0.3992305955453392	0.17345143250432277	1.3634449923269687	-0.41592029892107324	NO	Q06124	PTPN11	A
313	E	313	21.011	-37.455	-22.39	-0.5	0.981443823080834	0	0	0.6439141895172608	0.7441883165546243	1.7557694055225186	-0.6709141653061318	NO	Q06124	PTPN11	A
323	P	323	29.815	-28.311	-22.649	-0.5	0.805381727158949	1	0	0	0.16022865061493166	-0.36024711818811794	-0.6487074922575833	NO	Q06124	PTPN11	A
324	K	324	26.3	-29.596	-21.945	-0.5	0.77517667844523	1	0	0	0.04431333444299846	0.1706664713177337	-0.5281569814226048	NO	Q06124	PTPN11	A
325	K	325	23.735	-27.372	-20.258	0.2	0.701634275618375	0	0	0	5.557258549714981e-4	-0.1292291199843575	-0.33566503670223613	NO	Q06124	PTPN11	A
326	S	326	22.106	-28.926	-17.205	-0.5	0.658036454018227	0	0	0	1.587500097553815e-4	0.13456579032170793	-0.32605759561102343	NO	Q06124	PTPN11	A
327	Y	327	19.139	-27.807	-15.148	0.9	0.580447585394582	0	0	0.07150091931921865	5.531168935397989e-4	0.21165333384445237	0.6934682533760423	NO	Q06124	PTPN11	A
328	I	328	17.899	-27.804	-11.585	0.9	0.617957746478873	1	0	0.08107930298475045	0.0018422002845682644	0.3793349983331882	1.3194106302873898	NO	Q06124	PTPN11	A
329	A	329	14.127	-28.266	-11.594	0.2	0.659154929577465	1	0	1.8625897565944378	0.09826826759559332	0.665423892797911	1.3353916365523446	NO	Q06124	PTPN11	A
330	T	330	12.754	-27.244	-8.213	0.9	0.661484098939929	0	0	1.8869088222278305	0.15065964980997917	0.3027824747687103	2.0044272881850684	NO	Q06124	PTPN11	A
331	Q	331	9.598	-26.019	-6.525	-0.5	0.666666666666667	0	0	2.386282273044453	0.04208784031107269	0.20815070197759508	2.2416919225290814	NO	Q06124	PTPN11	A
332	G	332	8.586	-22.525	-5.562	0.2	0.589651022864019	0	0	1.7810612370573462	0.3061237647757297	0.39322054323612027	1.9604073972474654	NO	Q06124	PTPN11	A
333	C	333	10.191	-21.415	-2.314	0.2	0.671462829736211	0	0	1.2278447500624015	0.7431441872344392	0.09557596479632491	1.9667498745742786	NO	Q06124	PTPN11	A
334	L	334	8.487	-21.913	1.022	0.9	0.633574007220217	0	0	1.5436224735855872	0.7161369764962258	-0.19799289069920223	1.8328247732804468	NO	Q06124	PTPN11	A
335	Q	335	9.062	-19.421	3.817	2.99	0.631294964028777	1	0	0	0.15468916769035584	-0.5829192108170071	1.75455304874545	NO	Q06124	PTPN11	A
336	N	336	11.28	-22.009	5.557	1.59	0.672754300276067	0	0	0	0.15468916769035584	-0.700496820870118	1.9475836182687882	NO	Q06124	PTPN11	A
337	T	337	13.256	-23.177	2.492	3.69	0.668820064601938	0	0	0.29915785378685944	0.4074211882357595	-0.17056086894205186	2.104775766586809	NO	Q06124	PTPN11	A
338	V	338	14.452	-19.745	1.289	1.59	0.698916967509025	0	0	0	0.04431333444299846	-0.28041221345199413	0.8428311008915584	NO	Q06124	PTPN11	A
339	N	339	17.821	-20.224	2.985	0.9	0.668820064601938	0	0	0.24773011499604014	0.24964572360237525	-0.14302079762087122	1.264209931946551	NO	Q06124	PTPN11	A
340	D	340	18.035	-23.725	1.509	0.9	0.64	0	0	0.13073831109506207	0.031037779276921546	-0.11303740237533766	1.7794579894454237	NO	Q06124	PTPN11	A
341	F	341	17.367	-22.282	-1.967	-0.5	0.64051094890511	0	0	0.09320875716415165	0.003437010643109819	-0.1542104854494122	1.535140355587322	NO	Q06124	PTPN11	A
342	W	342	20.341	-19.902	-1.835	0.2	0.63768115942029	0	0	0	0.004049119279177671	-0.5681825973203243	0.4259368641989674	NO	Q06124	PTPN11	A
343	R	343	22.57	-22.647	-0.415	-0.5	0.642335766423358	1	0	0.10057133329928931	0.005906556818082105	-0.2933747294321904	0.9509977865225798	NO	Q06124	PTPN11	A
344	M	344	21.695	-24.701	-3.511	0.2	0.604593301435407	0	0	0.06374538729785377	1.7220790324336447e-4	-0.03471951034047022	1.5513393304807723	NO	Q06124	PTPN11	A
345	V	345	22.408	-21.834	-5.912	0.9	0.56682769726248	0	0	0	8.65393926548738e-5	-0.8421407652540841	0.5702633646429163	NO	Q06124	PTPN11	A
346	F	346	25.757	-21.178	-4.244	-0.5	0.600170502983802	0	0	0.05733757037391803	9.195528956472662e-5	-1.1206994038847404	0.05781624489282384	NO	Q06124	PTPN11	A
347	Q	347	26.772	-24.831	-3.888	0.2	0.600641711229947	0	0	0.1751435006964196	0.011120699877130337	-1.0181584303263886	0.4198866787867608	NO	Q06124	PTPN11	A
348	E	348	25.816	-25.797	-7.463	0.2	0.641818181818182	1	0	0	5.557258549714981e-4	-0.9043926929806277	0.7170466572193872	NO	Q06124	PTPN11	A
349	N	349	27.449	-22.584	-8.809	-0.5	0.677647058823529	1	0	0.08676542655760142	0.003396626303981484	-1.7814400914891215	-0.29483341206458213	NO	Q06124	PTPN11	A
350	S	350	24.295	-21.618	-10.704	0.2	0.67379679144385	1	0	0	5.557258549714981e-4	-1.4132761396995892	-0.20457403128661025	NO	Q06124	PTPN11	A
351	R	351	24.412	-18.195	-12.363	-0.5	0.667519181585678	1	0	0	0.0010630570320737415	-1.754824920008346	-0.1875317008074915	NO	Q06124	PTPN11	A
352	V	352	20.931	-18.065	-13.933	-0.5	0.671871657754011	1	0	0	0.0010630570320737415	-1.6341978930780532	-0.08654027673046738	NO	Q06124	PTPN11	A
353	I	353	17.548	-18.579	-12.259	0.9	0.787454873646209	1	0	0	0.0010630570320737415	-1.1068943081096827	0.14089835371152515	NO	Q06124	PTPN11	A
354	V	354	14.405	-18.991	-14.373	0.2	0.787454873646209	0	0	0.10057133329928931	0.005906556818082105	-0.988465613112671	0.4313497407545511	NO	Q06124	PTPN11	A
355	M	355	11.129	-18.13	-12.654	0.2	0.780125899280576	0	0	0.24012779469068352	0.05208377178913149	-0.5274167391380281	0.5093308524509279	NO	Q06124	PTPN11	A
356	T	356	8.067	-19.357	-14.52	-0.5	0.83754512635379	0	0	1.9153982617477021	0.13176201293139436	-0.6094245091221288	1.0261751370028611	NO	Q06124	PTPN11	A
357	T	357	5.222	-17.812	-12.479	0.9	0.907194994786236	1	0	3.6248701574196383	0.012835301232248068	-0.008061878319207337	0.8086305734828323	YES	Q06124	PTPN11	A
358	K	358	4.278	-14.533	-10.872	-0.5	0.925333333333333	0	0	0.7559084355481612	1	0.04829713501387078	0.5471912472600382	NO	Q06124	PTPN11	A
359	E	359	4.614	-14.232	-7.112	-0.5	0.919323671497584	0	0	0	0.16022865061493166	0.6757446476868841	0.1930596324381985	NO	Q06124	PTPN11	A
360	V	360	0.803	-14.317	-6.904	-0.5	0.941605839416058	0	0	0	0.16022865061493166	0.9363709175996888	0.12567092076394895	NO	Q06124	PTPN11	A
361	E	361	-1.522	-15.787	-9.536	1.59	0.948529411764706	0	0	0.29915785378685944	0.4074211882357595	0.10701229678683606	0.4319417298702587	NO	Q06124	PTPN11	A
362	R	362	-5.331	-15.559	-9.217	-0.5	0.849382716049383	0	0	0.7607918758430615	0.9999999999999999	0.7998074497351485	0.09360546099934136	NO	Q06124	PTPN11	A
363	G	363	-5.108	-14.744	-5.524	-0.5	0.897923875432526	0	0	0	1	1.6449622998969422	0.18972131059969144	NO	Q06124	PTPN11	A
364	K	364	-3.072	-17.846	-4.633	0.2	0.871336996336996	1	0	0	0.2795738767948123	1.4688852646593349	0.2816841288652321	NO	Q06124	PTPN11	A
365	S	365	0.564	-17.608	-3.538	-0.5	0.854320987654321	0	0	0.7583748278118533	1	0.9041501207490262	0.7341790820350972	NO	Q06124	PTPN11	A
366	K	366	2.912	-19.446	-5.881	1.59	0.766051660516605	0	0	3.2106067328842625	0.06856680309339264	0.6052646778078976	0.9919849602064725	NO	Q06124	PTPN11	A
367	C	367	6.594	-18.615	-5.172	0.2	0.766051660516605	0	0	0.7583748278118533	1	0.3973830999416642	1.1004050758886812	NO	Q06124	PTPN11	A
368	V	368	7.334	-16.578	-2.07	-0.5	0.826190476190476	1	0	0	0.15468916769035584	0.49029876956322416	1.094108464385247	NO	Q06124	PTPN11	A
369	K	369	9.634	-13.615	-2.682	-0.5	0.790883190883191	0	0	0	0.15468916769035584	0.3085795620762821	0.581139546164648	NO	Q06124	PTPN11	A
370	Y	370	13.17	-14.83	-1.974	-0.5	0.826872012745619	0	0	0	0.08405962592628455	-0.06575247452433398	0.4530887207415206	NO	Q06124	PTPN11	A
371	W	371	15.125	-11.916	-3.465	-0.5	0.820769636267791	0	0	0	0.02361692943805415	-0.054370628725618646	-0.42197980072564306	NO	Q06124	PTPN11	A
372	P	372	15.679	-8.399	-2.106	0.2	0.762637362637363	0	0	0	0.08405962592628455	0.22854032035118477	-0.6493772173177775	NO	Q06124	PTPN11	A
373	D	373	14.056	-5.296	-3.497	-0.5	0.817111459968603	1	0	0	0.16022865061493166	0.4085174328001294	-0.7375341844517777	NO	Q06124	PTPN11	A
374	E	374	16.088	-3.381	-6.057	-0.5	0.814129301355579	1	0	0	0.04431333444299846	0.2233747796643317	-0.7829569247783545	NO	Q06124	PTPN11	A
375	Y	375	19.28	-1.76	-4.681	-0.5	0.808229813664596	1	0	0	0.16022865061493166	0.2651244599510624	-0.7190286235779872	NO	Q06124	PTPN11	A
376	A	376	18.678	-3.57	-1.354	-0.5	0.758241758241758	0	0	0	0.16022865061493166	0.2842610513225871	-0.7541891892381893	NO	Q06124	PTPN11	A
377	L	377	20.805	-6.144	0.45	-0.5	0.743374272786038	0	0	0	0.04431333444299846	0.3375569246797843	-0.7954646358827742	NO	Q06124	PTPN11	A
378	K	378	19.508	-9.06	2.488	-0.5	0.746107266435986	0	0	0	0.02361692943805415	0.17466744390182604	-0.5740092292937662	NO	Q06124	PTPN11	A
379	E	379	21.009	-12.013	4.328	-0.5	0.777982779827798	0	0	0	0.16022865061493166	-0.05370884525363624	-0.5650454377381082	NO	Q06124	PTPN11	A
380	Y	380	19.386	-15.439	4.026	-0.5	0.74886042978076806	0	0	0	0.08405962592628455	-0.2843099886191557	0.10214997522885352	NO	Q06124	PTPN11	A
381	G	381	21.136	-17.629	6.577	-0.5	0.74886042978076806	0	0	0	0.16022865061493166	-0.30164635777034504	0.19268027768382265	NO	Q06124	PTPN11	A
382	V	382	24.832	-17.703	5.692	-0.5	0.777982779827798	1	0	0.14478026527453747	0.054188308100573096	-0.47765912742850336	-0.34107186172293646	NO	Q06124	PTPN11	A
383	M	383	24.119	-16.41	2.172	0.2	0.780237802378024	1	0	0.18339614283923394	0.09184484159219085	-0.7773596325249273	-0.41911356480369255	NO	Q06124	PTPN11	A
384	R	384	24.114	-12.74	1.211	-0.5	0.751633986928105	0	0	0.29207561392389947	0.13241192840235996	-0.7727056876587154	-0.5648387797195339	NO	Q06124	PTPN11	A
385	V	385	22.135	-11.506	-1.811	0.9	0.751633986928105	1	0	0.109064979544597	0.010216904943662907	-0.6275437977660299	-0.5771122498470533	NO	Q06124	PTPN11	A
386	R	386	22.218	-8.005	-3.31	-0.5	0.757243195785777	0	0	0	0.012762935771454051	-0.3977969070254303	-0.7637784344182443	NO	Q06124	PTPN11	A
387	N	387	19.675	-6.94	-5.937	-0.5	0.762936753648828	0	0	0	0.08405962592628455	-0.14474032888092161	-0.7541891892381893	NO	Q06124	PTPN11	A
388	V	388	21.83	-4.694	-8.122	-0.5	0.762936753648828	1	0	0	0.08405962592628455	-0.2558140618729586	-0.7162157783251711	NO	Q06124	PTPN11	A
389	K	389	19.535	-3.704	-10.978	-0.5	0.729558270676692	0	0	0	0.04431333444299846	-0.2848312587136992	-0.8069300377284924	NO	Q06124	PTPN11	A
390	E	390	16.146	-4.62	-12.395	-0.5	0.691136079900125	0	0	0.21097487997256942	0.1515666720718663	-0.2483659140831921	-0.7014483407478863	NO	Q06124	PTPN11	A
391	S	391	15.339	-4.52	-16.112	-0.5	0.651685393258427	0	0	0.49955551324238584	0.4843155073014768	-0.5325828108136159	-0.627611152861462	NO	Q06124	PTPN11	A
392	A	392	11.68	-4.742	-17.128	-0.5	0.615113461114783	1	0	0.425506205986377	0.4897361034992885	-0.8346085613478229	-0.5783863609371791	NO	Q06124	PTPN11	A
393	A	393	10.834	-6.232	-20.505	-0.5	0.695131086142322	1	0	0.49955551324238584	0.4843155073014768	-1.8671636123629196	-0.2721457649914797	NO	Q06124	PTPN11	A
394	H	394	7.231	-6.974	-21.429	-0.5	0.738679245283019	1	0	0.49955551324238584	0.4843155073014768	-2.226994196910124	-0.030354283739341164	NO	Q06124	PTPN11	A
395	D	395	7.38	-10.762	-20.929	0.2	0.743607954545455	0	1	0.6439141895172608	0.7441883165546243	-2.4249811909653665	0.1490043363366358	NO	Q06124	PTPN11	A
396	Y	396	9.772	-10.837	-17.995	0.2	0.804821802935011	0	1	0.425506205986377	0.4897361034992885	-1.5923872511107158	-0.06798658316632529	NO	Q06124	PTPN11	A
397	T	397	11.704	-8.932	-15.368	-0.5	0.846528084918178	1	0	0.326689351469039	0.20866209656889484	-0.6005256910623475	-0.1805696751817505	NO	Q06124	PTPN11	A
398	L	398	15.479	-9.34	-15.191	-0.5	0.838510685172946	0	0	0.29207561392389947	0.13241192840235996	-1.0415589195241162	-0.37649666133989007	NO	Q06124	PTPN11	A
399	R	399	17.175	-8.986	-11.804	0.2	0.719320066334992	0	0	0.11897202028091654	0.017775305557927355	-0.45030644112697554	-0.5122017667532693	NO	Q06124	PTPN11	A
400	E	400	20.952	-8.845	-11.476	-0.5	0.718711276332094	0	0	0	0.004049119279177671	-0.6752222872700144	-0.5959666437672801	NO	Q06124	PTPN11	A
401	L	401	21.731	-10.382	-8.079	0.2	0.691395961369623	0	0	0	0.0038876601238594503	-0.5994308330953453	-0.5916903587545529	NO	Q06124	PTPN11	A
402	K	402	25.141	-10.721	-6.397	-0.5	0.691395961369623	0	0	0.11897202028091654	0.017775305557927355	-0.8359403096158808	-0.6135469265973811	NO	Q06124	PTPN11	A
403	L	403	25.309	-13.814	-4.195	-0.5	0.727695167286245	0	0	0.18814500569559714	0.01880407345000555	-1.0659707808742422	-0.6384165949911825	NO	Q06124	PTPN11	A
404	S	404	28.061	-14.38	-1.644	-0.5	0.697744360902256	0	0	0.24012779469068352	0.05208377178913149	-1.1333621445054705	-0.6750779165027346	NO	Q06124	PTPN11	A
405	K	405	28.795	-16.231	1.558	-0.5	0.692537313432836	0	0	0.326689351469039	0.20866209656889484	-1.0694345546238448	-0.6018267380439805	NO	Q06124	PTPN11	A
406	V	406	28.537	-14.048	4.653	-0.5	0.687407407407407	1	0	0.3699336611058549	0.32358739866533015	-0.8007764686672676	-0.7954646358827742	NO	Q06124	PTPN11	A
407	G	407	31.961	-13.244	6.077	-0.5	0.646840148698885	0	0	0.49955551324238584	0.4843155073014768	-1.0174688377491483	-0.8898085139275399	NO	Q06124	PTPN11	A
408	Q	408	34.082	-14.27	3.08	-0.5	0.651685393258427	0	0	0.49955551324238584	0.4843155073014768	-1.1722689509820705	-0.8758988396004271	NO	Q06124	PTPN11	A
409	G	409	35.758	-12.506	0.205	-0.5	0.608239700374532	1	1	0.6031436360177693	0.7066748757127665	-1.7023994396429112	-0.9651525831994013	NO	Q06124	PTPN11	A
410	N	410	36.16	-13.928	-3.296	0.2	0.558102345415778	0	0	0.49955551324238584	0.4843155073014768	-1.8804201947728423	-0.9732665598902174	NO	Q06124	PTPN11	A
411	T	411	32.894	-15.889	-2.955	-0.5	0.520446096654275	2	1	0.29207561392389947	0.13241192840235996	-1.3868486422522925	-0.7541891892381893	NO	Q06124	PTPN11	A
412	E	412	30.768	-13.308	-4.774	-0.5	0.491573033707865	0	0	0.29207561392389947	0.13241192840235996	-1.4422561737801451	-0.6303628493044344	NO	Q06124	PTPN11	A
413	R	413	29.189	-14.238	-8.096	-0.5	0.491573033707865	1	0	0.22013870716707262	0.05316639928538571	-1.657594816711081	-0.6065148134653408	NO	Q06124	PTPN11	A
414	T	414	26.48	-12.626	-10.176	-0.5	0.539766468385107	1	0	0.11897202028091654	0.017775305557927355	-1.6068664292389778	-0.5564110073995528	NO	Q06124	PTPN11	A
415	V	415	23.24	-14.602	-10.451	0.2	0.556107249255214	0	0	0	0.0010630570320737415	-1.131726694238632	-0.34281057101382556	NO	Q06124	PTPN11	A
416	W	416	20.821	-13.467	-13.15	-0.5	0.562474889513861	0	0	0	0.0020625870848792844	-1.2424038610633499	-0.40609958920218925	NO	Q06124	PTPN11	A
417	Q	417	17.152	-14.02	-12.33	0.2	0.56140350877193	0	0	0.13073831109506207	0.031037779276921546	-0.78533570762932	-0.1585154731995374	NO	Q06124	PTPN11	A
418	Y	418	14.745	-14.247	-15.268	0.2	0.557182429758607	0	0	0.24012779469068352	0.05208377178913149	-1.2533265508320592	-0.0831491810598249	NO	Q06124	PTPN11	A
419	H	419	11.215	-13.829	-13.946	0.2	0.529323308270677	0	0	0.26374461075504047	0.083234887340391	-0.7041916724570485	0.1604085021756072	NO	Q06124	PTPN11	A
420	F	420	8.742	-14.723	-16.685	0.2	0.527340823970038	0	0	0.5598603939889935	0.5343481554636889	-1.2981716414943028	0.2958220507440446	NO	Q06124	PTPN11	A
421	R	421	5.406	-13.067	-15.957	-0.5	0.502229356161941	2	0	0.6439141895172608	0.7441883165546243	-1.0940394158768951	0.19256285835508732	NO	Q06124	PTPN11	A
422	T	422	3.136	-13.287	-19.05	2.99	0.461423220973783	0	0	0.7533911725437391	0.7683118608060415	-2.6804070138750653	0.8461188420961487	NO	Q06124	PTPN11	A
423	W	423	2.238	-16.975	-18.706	1.59	0.485271013354281	0	0	2.685111014319487	0.036343236010359	-2.412520338405991	0.9020618135305059	YES	Q06124	PTPN11	A
424	P	424	-1.579	-17.147	-18.712	-0.5	0.481676413255361	0	1	1.8322814769104228	0.3834792311641114	-2.8164390337432965	0.927490436909759	NO	Q06124	PTPN11	A
425	D	425	-3.651	-18.171	-15.721	1.59	0.432234432234432	0	0	2.699640452360243	0.06585541111663913	-1.146078246545359	0.4203563561017023	NO	Q06124	PTPN11	A
426	H	426	-5.322	-20.894	-17.809	-0.5	0.432234432234432	0	0	6.414847679947934	1.7825425154543005e-4	-1.9597748712655159	0.7593224742949642	YES	Q06124	PTPN11	A
427	G	427	-3.554	-23.265	-20.123	0.2	0.343552311435523	0	0	6.815884850760334	1.6524010381933126e-5	-1.3035645755490375	0.7477496252548064	YES	Q06124	PTPN11	A
428	V	428	-0.535	-22.364	-22.223	-0.5	0.340794223826715	1	1	4.834570816276958	4.6356512493862394e-4	-1.156135496341905	0.8811880816117786	YES	Q06124	PTPN11	A
429	P	429	0.307	-19.188	-24.154	0.2	0.274626095925735	0	0	2.451645395964718	0.05968423711880622	-2.48000259748754	0.8461188420961487	NO	Q06124	PTPN11	A
430	S	430	-1.426	-18.836	-27.508	2.29	0.316964285714286	1	0	1.877320832765518	0.35222216975709775	-2.495799720111538	0.9132826981327795	NO	Q06124	PTPN11	A
431	D	431	1.812	-17.677	-29.164	2.29	0.316964285714286	0	0	0.7583748278118533	1	-2.2833466185514677	0.718033924333984	NO	Q06124	PTPN11	A
432	P	432	5.152	-19.33	-28.241	3.69	0.316964285714286	0	0	2.4044114073960143	0.10881931785507987	-1.7216211975754847	0.5182992271481267	NO	Q06124	PTPN11	A
433	G	433	7.225	-16.321	-29.336	1.59	0.318996415770609	0	0	0.29915785378685944	0.4074211882357595	-1.996569892606326	0.5804440624482925	NO	Q06124	PTPN11	A
434	G	434	7.584	-14.683	-25.929	-0.5	0.393713813068652	0	0	1.017119770912195	0.9999999999999999	-3.3929733069142536	0.5192930127213184	NO	Q06124	PTPN11	A
435	V	435	8.698	-17.964	-24.366	0.2	0.393713813068652	0	0	0.9097896940581858	1	-1.9441910052108387	0.43323334248634765	NO	Q06124	PTPN11	A
436	L	436	11.261	-18.589	-27.124	-0.5	0.393713813068652	0	0	0.6439141895172608	0.7441883165546243	-1.2171543145974932	0.05299693956102008	NO	Q06124	PTPN11	A
437	D	437	12.785	-15.084	-27.064	-0.5	0.36896197327852	0	0	0.7583748278118533	1	-2.301645847195305	0.19313690840668243	NO	Q06124	PTPN11	A
438	F	438	12.958	-15.462	-23.275	0.2	0.496277915632754	0	0	0.49955551324238584	0.4843155073014768	-2.257747444629323	0.30470522431670166	NO	Q06124	PTPN11	A
439	L	439	14.749	-18.803	-23.615	-0.5	0.429761904761905	0	0	0.8664877387990538	1	-1.4470327697099767	0.004374900190912125	NO	Q06124	PTPN11	A
440	E	440	17.071	-17.381	-26.283	-0.5	0.429761904761905	0	0	0	0.2795738767948123	-2.572209463895235	-0.33301584200848355	NO	Q06124	PTPN11	A
441	E	441	18.165	-14.634	-23.889	-0.5	0.53470165044435	0	0	1.016773798145266	1	-2.731045888406048	-0.3890602381514759	NO	Q06124	PTPN11	A
442	V	442	18.594	-17.086	-21.01	0.9	0.566546762589928	0	0	0.18339614283923394	0.09184484159219085	-1.912933557903858	-0.18116699753273463	NO	Q06124	PTPN11	A
443	H	443	20.731	-19.344	-23.198	0.2	0.602150537634409	1	0	0	0.012762935771454051	-1.7460020159594394	-0.437744098296371	NO	Q06124	PTPN11	A
444	H	444	23.165	-16.638	-24.32	-0.5	0.558067831449126	0	0	0	0.15468916769035584	-2.613754742399567	-0.7089827476750724	NO	Q06124	PTPN11	A
445	K	445	23.709	-15.27	-20.809	0.2	0.502638156067759	0	0	0	0.04431333444299846	-2.322341733685259	-0.508065229616775	NO	Q06124	PTPN11	A
446	Q	446	24.382	-18.855	-19.643	-0.5	0.478677685950413	0	0	0	0.0020625870848792844	-1.951427906756966	-0.36328642983947257	NO	Q06124	PTPN11	A
447	E	447	26.833	-19.417	-22.5	-0.5	0.482184482184482	0	0	0	0.04431333444299846	-1.915707398586365	-0.6303628493044344	NO	Q06124	PTPN11	A
448	S	448	28.577	-16.111	-21.684	-0.5	0.482184482184482	0	0	0	0.15468916769035584	-2.9324465269551365	-0.733092849842068	NO	Q06124	PTPN11	A
449	I	449	29.44	-17.139	-18.077	-0.5	0.478677685950413	1	0	0	0.012762935771454051	-2.275697358654832	-0.520294991585541	NO	Q06124	PTPN11	A
450	M	450	32.514	-19.344	-17.724	-0.5	0.52463768115942	0	0	0	0.02361692943805415	-2.5080535457658013	-0.8333004619736438	NO	Q06124	PTPN11	A
451	D	451	32.002	-22.407	-15.499	-0.5	0.528467153284672	0	0	0	0.006997568705044832	-1.6764565928186028	-0.6909001710498256	NO	Q06124	PTPN11	A
452	A	452	28.325	-21.625	-14.885	-0.5	0.589336589336589	0	0	0	5.557258549714981e-4	-1.8256455612467644	-0.35863282556091647	NO	Q06124	PTPN11	A
453	G	453	26.437	-24.329	-13.047	0.2	0.731313131313131	1	0	0	1.587500097553815e-4	-1.0034771819179855	-0.2540017874269282	NO	Q06124	PTPN11	A
454	P	454	23	-25.659	-13.961	0.9	0.72866344605475	0	0	0	4.491062322031441e-5	-0.5362458272102506	0.16222652101309823	NO	Q06124	PTPN11	A
455	V	455	20.231	-23.214	-14.819	-0.5	0.78695652173913	0	0	0	8.65393926548738e-5	-0.9655371994326445	0.11035889096666394	NO	Q06124	PTPN11	A
456	V	456	17.626	-23.165	-12.032	0.9	0.784115523465704	2	0	0	0.0010630570320737415	-0.6373825140230094	0.5241703582683858	NO	Q06124	PTPN11	A
457	V	457	14.006	-23.367	-13.228	0.9	0.775714285714286	0	0	0.7455179194226869	0.6446458524720543	-0.1589600061689211	0.9839984888636552	NO	Q06124	PTPN11	A
458	H	458	11.185	-23.288	-10.723	2.99	0.778494623655914	0	0	1.4441090728415094	0.5032161633522896	0.1621685467072596	1.192631473240412	NO	Q06124	PTPN11	A
459	C	459	7.866	-21.978	-9.255	0.9	0.781294964028777	0	0	1.1988856535206387	0.794239414828708	0.26365047886427717	1.3417458286881392	NO	Q06124	PTPN11	A
460	S	460	4.767	-23.775	-8.022	0.9	0.705767350928641	0	0	4.959640555280927	6.088524691647096e-4	0.5818762157958772	1.6603235085194217	NO	Q06124	PTPN11	A
461	A	461	5.375	-27.518	-7.689	0.2	0.754778972520908	0	2	6.836927373827028	3.548694786188826e-8	0.6525303432189522	1.7783333774785506	NO	Q06124	PTPN11	A
462	G	462	8.277	-27.416	-10.131	2.99	0.754778972520908	0	0	5.265126068675255	6.273332949668563e-7	0.5765704665416399	1.6983083575200115	NO	Q06124	PTPN11	A
463	I	463	7.066	-30.031	-12.616	4.39	0.796250344637442	0	0	8.311035310720602	1.1603187237980598e-11	0.9631253282057599	1.2725662741748844	NO	Q06124	PTPN11	A
464	G	464	4.448	-28.412	-14.861	4.39	0.801999444598723	0	1	7.738326343629211	4.066520733479545e-11	0.6620946500331099	0.6330589175117194	NO	Q06124	PTPN11	A
465	R	465	5.602	-25.089	-16.283	1.59	0.744713769984528	0	0	4.510045588949772	3.2848993504461e-5	-0.19979513176199518	0.7199175260657807	YES	Q06124	PTPN11	A
466	T	466	9.065	-26.064	-15.07	0.9	0.744713769984528	0	0	3.8929901750736122	8.080821232687722e-5	0.6251112896262263	1.0454202844657163	NO	Q06124	PTPN11	A
467	G	467	9.064	-29.182	-17.249	0.2	0.744090441932169	0	0	4.880666211285672	1.6532008950924442e-6	1.0681367390697074	0.5983875423302679	NO	Q06124	PTPN11	A
468	T	468	7.65	-27.36	-20.273	0.2	0.746145940390545	1	2	3.668289123658214	7.31410091419075e-4	0.3197131943501193	0.6575434001471469	NO	Q06124	PTPN11	A
469	F	469	10.301	-24.628	-20.129	0.2	0.703099059214167	0	0	1.4441090728415094	0.5032161633522896	-0.27009517575615344	0.9158659233649575	NO	Q06124	PTPN11	A
470	I	470	13.118	-27.163	-19.718	-0.5	0.833935018050542	1	0	1.2483148810784137	0.67821923117812	0.5012443200710164	0.5549524552120734	NO	Q06124	PTPN11	A
471	V	471	11.939	-29.541	-22.439	-0.5	0.843065693430657	0	0	1.8775540213044684	0.11441417608963236	1.216545503534807	0.24900071397115248	NO	Q06124	PTPN11	A
472	I	472	11.538	-26.72	-24.953	0.2	0.736670736670737	0	0	1.5924352333341545	0.28190157776565133	0.5433859968626487	-0.030685206710260746	NO	Q06124	PTPN11	A
473	D	473	14.996	-25.469	-24.019	0.9	0.736670736670737	0	0	0.425506205986377	0.4897361034992885	0.008064523672871105	-0.17532621800315593	NO	Q06124	PTPN11	A
474	I	474	16.582	-28.903	-24.583	-0.5	0.733982157339822	0	0	0.29207561392389947	0.13241192840235996	0.8695789394957852	-0.32414842462494914	NO	Q06124	PTPN11	A
475	L	475	14.995	-29.311	-28.032	0.2	0.787636363636364	0	0	1.0720443211935473	1	1.3389674655275523	-0.48405313599517374	NO	Q06124	PTPN11	A
476	I	476	15.692	-25.717	-29.093	-0.5	0.826357096141269	1	0	0.1619383527289269	0.09408242284622405	0.6069506027331438	-0.5837956787310563	NO	Q06124	PTPN11	A
477	D	477	19.304	-26.35	-28.034	-0.5	0.826357096141269	0	0	0	0.02361692943805415	0.14853704694720693	-0.5564110073995528	NO	Q06124	PTPN11	A
478	I	478	19.657	-29.201	-30.537	-0.5	0.829340334755497	1	0	0.24773011499604014	0.24964572360237525	1.4461553296466239	-0.6065148134653408	NO	Q06124	PTPN11	A
479	I	479	18.299	-27.114	-33.414	0.2	0.835371900826446	0	0	0.29915785378685944	0.4074211882357595	1.312802922724862	-0.6065148134653408	NO	Q06124	PTPN11	A
480	R	480	20.472	-24.097	-32.546	-0.5	0.875151515151515	1	0	0	0.16022865061493166	0.5667546106985757	-0.7014483407478863	NO	Q06124	PTPN11	A
481	E	481	23.718	-26.117	-32.658	0.2	0.878345498783455	0	0	0	0.16022865061493166	1.4069778285471224	-0.8174782074265529	NO	Q06124	PTPN11	A
482	K	482	22.89	-28.616	-35.434	-0.5	0.879901960784314	0	0	0.3762373247781356	0.6510136562048053	1.2357232279539216	-0.7375341844517777	NO	Q06124	PTPN11	A
483	G	483	20.483	-26.624	-37.607	-0.5	0.847723704866562	0	0	0.29915785378685944	0.4074211882357595	1.2786959697573046	-0.7829569247783545	NO	Q06124	PTPN11	A
484	V	484	17.38	-28.067	-39.244	-0.5	0.841558441558442	0	0	0.49955551324238584	0.4843155073014768	1.2802960921228372	-0.799395630801306	NO	Q06124	PTPN11	A
485	D	485	18.816	-31.489	-40.177	-0.5	0.841558441558442	0	0	0.7583748278118533	1	1.0524117466794947	-0.7893497548983912	NO	Q06124	PTPN11	A
486	C	486	18.647	-33.227	-36.806	-0.5	0.797556234379339	0	0	0.49955551324238584	0.4843155073014768	1.0748806404211566	-0.7404307070233277	NO	Q06124	PTPN11	A
487	D	487	16.356	-35.847	-35.322	-0.5	0.797556234379339	0	1	0.6031436360177693	0.7066748757127665	1.0307083327021238	-0.7954646358827742	NO	Q06124	PTPN11	A
488	I	488	14.069	-34.728	-32.517	0.9	0.827852004110997	0	0	0.9097896940581858	1	1.2425074300160721	-0.7285314791618257	NO	Q06124	PTPN11	A
489	D	489	11.811	-37.026	-30.479	0.2	0.885341726618705	0	0	1.0174803119005722	1	0.9670234204034389	-0.2954167209879772	NO	Q06124	PTPN11	A
490	V	490	9.581	-35.016	-28.137	-0.5	0.8860559566787	1	0	1.2483148810784137	0.67821923117812	1.0721201639919329	-0.09335320711553509	NO	Q06124	PTPN11	A
491	P	491	8.186	-37.95	-26.088	-0.5	0.943236714975845	1	4	1.3466732137155597	0.5280063658727124	0.3963782278069068	0.45877101649217866	NO	Q06124	PTPN11	A
492	K	492	11.646	-39.498	-25.756	-0.5	0.861313868613139	0	0	1.2989802926008085	0.6496881631208115	0.6258953813375066	0.3963876621585599	NO	Q06124	PTPN11	A
493	T	493	13.026	-36.168	-24.509	-0.5	0.858181818181818	0	0	1.3466732137155597	0.5280063658727124	1.6650693905652885	-0.20318724721459885	NO	Q06124	PTPN11	A
494	I	494	10.168	-35.818	-22.02	0.9	0.830552659019812	0	0	3.628785545875874	3.808546015034782e-4	1.3792317128293703	0.5378931041658062	NO	Q06124	PTPN11	A
495	Q	495	10.473	-39.391	-20.759	-0.5	0.85958485958486	1	0	2.935520274672319	0.0033669549188708797	1.2571479749795962	0.37863105228462224	NO	Q06124	PTPN11	A
496	M	496	14.218	-38.91	-20.259	-0.5	0.819875776397516	0	0	2.1404660973882152	0.04044048025458774	1.739831401127741	0.025169863309945913	NO	Q06124	PTPN11	A
497	V	497	13.487	-35.754	-18.254	0.2	0.822857142857143	0	0	1.977826844388303	0.052468469256180636	1.3576787471693073	0.16129920939129072	NO	Q06124	PTPN11	A
498	R	498	10.72	-37.46	-16.227	-0.5	0.828885400313972	1	2	3.8123071296728304	2.967831337434525e-5	1.2407582068743563	0.9272801743908609	NO	Q06124	PTPN11	A
499	S	499	13.179	-40.143	-15.101	-0.5	0.89010989010989	1	1	2.0976998178787727	0.03521447130545189	1.0936562068929345	0.6260280523145738	NO	Q06124	PTPN11	A
500	Q	500	15.052	-37.374	-13.263	-0.5	0.886861313868613	0	0	1.6590130588770051	0.16698601893690718	0.8482735710348127	1.0677463197081474	NO	Q06124	PTPN11	A
501	R	501	11.999	-35.633	-11.773	-0.5	0.912408759124088	0	1	2.898760448950049	6.075448304578283e-4	0.848024875615621	1.429378122178576	NO	Q06124	PTPN11	A
502	S	502	8.546	-37.166	-11.62	-0.5	0.915015641293014	0	3	4.854294721775705	1.4953020698834213e-7	0.7657784615384974	1.5332567538555255	NO	Q06124	PTPN11	A
503	G	503	5.816	-35.446	-13.608	-0.5	0.915015641293014	1	3	10.076140657862176	8.924221662722369e-15	0.8242692324849906	1.1667078568479192	NO	Q06124	PTPN11	A
504	M	504	7.885	-33.135	-15.822	-0.5	0.915015641293014	2	2	7.3396691089509645	4.256915926116683e-11	1.072477005510826	1.0269446083486162	NO	Q06124	PTPN11	A
505	V	505	5.38	-31.771	-18.372	0.9	0.918367346938776	0	0	6.3810929754607475	7.933914560352911e-10	0.9957911328772517	0.5283821385382412	NO	Q06124	PTPN11	A
506	Q	506	1.938	-32.173	-16.782	0.2	0.890837104072398	0	1	7.6787819464249	1.4598387493993404e-10	0.5561913303953417	0.5876886844936638	NO	Q06124	PTPN11	A
507	T	507	-0.835	-31.652	-19.353	0.9	0.896678966789668	0	1	6.543907083427013	8.332163035818352e-8	-0.11622043072985586	0.5007857323993631	YES	Q06124	PTPN11	A
508	E	508	-1.691	-32.343	-22.958	-0.5	0.928571428571428	0	0	5.8351450553808775	4.7657073454249884e-6	-0.6513218468515013	0.43168573457697973	YES	Q06124	PTPN11	A
509	A	509	-1.81	-28.59	-23.632	-0.5	0.928571428571428	0	0	4.759917377511643	1.949966107521255e-4	-0.6182809977386258	0.3193131097472931	YES	Q06124	PTPN11	A
510	Q	510	1.79	-28.25	-22.461	0.2	0.867410161090458	1	4	3.47114003334158	0.001269946019632984	-0.2957755998172206	0.7168945749937755	YES	Q06124	PTPN11	A
511	Y	511	2.679	-31.21	-24.675	-0.5	0.861728395061728	0	0	2.998523346917778	0.008782334246362324	0.3284778746620523	0.40352625231629946	NO	Q06124	PTPN11	A
512	R	512	1.128	-29.474	-27.704	-0.5	0.906446711525939	0	0	2.3716363559137577	0.06724170705500272	-0.4484913772469396	0.12477065023495373	NO	Q06124	PTPN11	A
513	F	513	2.758	-26.176	-26.693	0.9	0.906446711525939	0	0	2.451645395964718	0.05968423711880622	-0.43401450953097104	0.43825628043780507	NO	Q06124	PTPN11	A
514	I	514	6.176	-27.872	-26.78	-0.5	0.935539215686275	0	0	1.9153982617477021	0.13176201293139436	0.12221501506882937	0.3028553443550395	NO	Q06124	PTPN11	A
515	Y	515	5.494	-28.897	-30.387	0.2	0.907901622187337	0	0	1.5858593116508468	0.3629237812205882	0.9190275231270228	-0.12991977062937976	NO	Q06124	PTPN11	A
516	M	516	4.241	-25.4	-31.259	-0.5	0.907901622187337	2	0	0.9682049637292942	0.9999999999999999	-0.1262161874909944	-0.01782648555452972	NO	Q06124	PTPN11	A
517	A	517	7.39	-23.855	-29.769	0.9	0.938991389913899	0	0	0.9682049637292942	0.9999999999999999	-0.5775941283348187	0.0034707713596497866	NO	Q06124	PTPN11	A
518	V	518	9.749	-26.203	-31.633	0.2	0.932843137254902	0	0	0.29207561392389947	0.13241192840235996	0.6095600842332015	-0.20883511692677006	NO	Q06124	PTPN11	A
519	Q	519	7.901	-25.552	-34.908	-0.5	0.905285190999477	0	0	0	0.02361692943805415	0.7333080872690603	-0.20422053730747008	NO	Q06124	PTPN11	A
520	H	520	7.954	-21.788	-34.308	-0.5	0.838787878787879	0	0	0	0.04431333444299846	-0.3973421280272361	0.06170913883544454	NO	Q06124	PTPN11	A
521	Y	521	11.703	-21.902	-33.634	-0.5	0.774265734265734	0	0	0	0.04431333444299846	-0.30431831020092015	-0.24038569055796358	NO	Q06124	PTPN11	A
522	I	522	12.293	-23.869	-36.859	-0.5	0.807090719499479	1	0	0	0.04431333444299846	1.0056519245089093	-0.622069718089209	NO	Q06124	PTPN11	A
523	E	523	10.289	-21.392	-38.966	-0.5	0.867892976588629	1	0	0	0.15468916769035584	1.0783195157900738	-0.6052458607197093	NO	Q06124	PTPN11	A
524	T	524	12.283	-18.356	-37.76	-0.5	0.861649142224682	0	0	0	0.15468916769035584	0.10016913759036218	-0.15846874819533782	NO	Q06124	PTPN11	A
525	L	525	15.522	-19.928	-39.022	-0.5	0.805900621118012	0	0	0	0.15468916769035584	1.5507291174834943	-0.9124117347090983	NO	Q06124	PTPN11	A
