Uniprot_position	aminoacid	Position_in_structure	x	y	z	paraz	mtr	gscount	pscount	OR	pvalue	mtr3dscore	paraz3dscore	HotSpot3D	Uniprot
1	M	1	-30.025	32.449	-32.116	0.4	0.758823529411765	0	0	0	0.9999999999999999	1.642823229443879	-1.0450443829349392	NO	P49336
2	D	2	-33.21	30.378	-32.413	0.4	0.756338028169014	0	0	0	0.9999999999999999	1.6993234437729876	-0.5780917588655712	NO	P49336
3	Y	3	-35.105	30.351	-29.103	0.4	0.717162032598274	2	0	0	0.9999999999999999	1.7267946908570888	-1.8855591062598014	NO	P49336
4	D	4	-36.635	26.857	-29.38	0.4	0.790322580645161	0	0	0	0.9999999999999999	1.7522913617091658	-2.9553051177641714	NO	P49336
5	F	5	-33.113	25.57	-30.108	0.4	0.787037037037037	0	0	0	1	1.7907125050336932	-2.338143957280881	NO	P49336
6	K	6	-31.639	27.221	-26.945	0.4	0.784023668639053	0	0	0	1	1.7074231723016016	-2.095687787091017	NO	P49336
7	V	7	-34.412	26.007	-24.599	-1.92	0.789285714285714	0	0	0	1	1.7907125050336932	-2.338143957280881	NO	P49336
8	K	8	-34.429	22.443	-25.98	0.4	0.794198895027624	0	0	0	1	1.8101926025757367	-2.621009489169056	NO	P49336
9	L	9	-30.672	21.954	-25.459	0.4	0.804054054054054	0	0	0	1	1.6844798627982036	-1.7016965105324875	NO	P49336
10	S	10	-30.916	23.7	-22.079	-1.92	0.808246073298429	0	0	0	1	1.5418523280296879	-2.404700553019275	NO	P49336
11	S	11	-33.672	21.228	-21.094	-1.92	0.812182741116751	0	0	0	1	1.9147059330080514	-2.621009489169056	NO	P49336
12	E	12	-31.773	18.191	-22.473	0.4	0.809729064039409	1	0	0	1	1.9230631309217032	-2.9553051177641714	NO	P49336
13	R	13	-28.149	19.024	-21.515	0.4	0.813397129186603	0	0	0	1	1.4066649409151313	-1.150108723350547	NO	P49336
14	E	14	-26.637	16.798	-18.805	0.4	0.809331797235023	1	0	0	1	0.9697596624911952	-0.41465834044129235	NO	P49336
15	R	15	-25.336	19.096	-16.044	0.4	0.812780269058296	1	0	0	1	0.8355093599528414	-0.6409507659518322	NO	P49336
16	V	16	-22.453	17.722	-13.919	0.4	0.810589519650655	0	0	0	0.580824699091993	0.08365315228179292	0.7286711341388993	NO	P49336
17	E	17	-23.964	18.767	-10.548	0.4	0.717984934086629	0	0	0	1	-0.07148688766312775	0.6095543009613293	NO	P49336
18	D	18	-27.068	16.646	-11.151	0.4	0.648760330578512	1	0	0	1	-0.23092790284150425	0.5390245971061892	NO	P49336
19	L	19	-25.417	13.428	-12.468	0.4	0.574743418116912	1	0	0	1	-0.43961086157907936	0.6289755237620199	NO	P49336
20	F	20	-22.6	13.054	-9.867	0.4	0.574652777777778	0	0	0	1	-0.6635576551355865	0.13494816876944885	NO	P49336
21	E	21	-22.094	13.376	-6.099	0.4	0.572877059569075	0	0	0	1	-0.8100357830661393	-0.07765819814003593	NO	P49336
22	Y	22	-18.691	15.07	-5.557	0.4	0.642066420664207	0	0	2.1329495421918265	0.45655155105808964	-0.6302058020954486	0.2383708788660628	NO	P49336
23	E	23	-19.321	17.537	-2.671	0.4	0.574969021065675	1	0	4.329402046455708	0.3019566367001587	-0.6533452224796217	0.3876511681869851	NO	P49336
24	G	24	-16.358	17.257	-0.27	0.4	0.574485596707819	0	0	8.561324589235397	0.2114695340501792	-0.724220601005396	0.7850274853196848	NO	P49336
25	C	25	-14.562	14.524	-2.26	0.4	0.574485596707819	0	0	19.714637109215744	0.030495328750220315	-0.7043422014629419	0.14749626258704587	YES	P49336
26	K	26	-11.719	16.542	-3.828	0.4	0.574485596707819	0	0	59.92409301524907	2.818385433628017e-4	-0.6155136488635705	0.8754324653388622	YES	P49336
27	V	27	-8.776	14.128	-4.308	0.4	0.574485596707819	0	1	59.92409301524907	2.818385433628017e-4	-0.4748849911782362	0.8987627827631659	YES	P49336
28	G	28	-6.401	16.451	-6.212	0.4	0.570261437908497	0	0	104.29985575710958	5.875785886362292e-5	-0.4565886742408969	0.8818899639116603	YES	P49336
29	R	29	-5.783	20.172	-6.739	0.4	0.570725707257073	0	1	104.29985575710958	5.875785886362292e-5	-0.5514321247394365	0.8439872548974091	YES	P49336
30	G	30	-3.05	21.384	-9.123	0.4	0.479779411764706	0	2	104.29985575710958	5.875785886362292e-5	-0.4466104657596486	1.0562424253772165	YES	P49336
31	T	31	-2.261	23.422	-12.247	0.4	0.551248008497079	0	0	104.29985575710958	5.875785886362292e-5	-0.39716895379960127	1.0562424253772165	YES	P49336
32	Y	32	-4.493	20.95	-14.204	0.4	0.551705756929638	0	0	59.92409301524907	2.818385433628017e-4	-0.30154114662317666	1.0562424253772165	YES	P49336
33	G	33	-7.435	22.263	-12.156	0.4	0.551705756929638	0	0	104.29985575710958	2.987687738828289e-6	-0.22240233796245748	1.0562424253772165	YES	P49336
34	H	34	-9.612	20.426	-9.631	0.4	0.511111111111111	0	0	104.29985575710958	5.875785886362292e-5	-0.29268721016681887	0.8879021177553003	YES	P49336
35	V	35	-10.126	16.614	-9.395	0.4	0.319444444444444	0	0	103.29985575710958	1.7411007857309672e-5	-0.37846562827230135	0.9167604562047715	YES	P49336
36	Y	36	-12.812	14.771	-7.375	0.4	0.318518518518519	0	0	103.29985575710958	1.7411007857309672e-5	-0.4123075410600067	0.41055436234209514	YES	P49336
37	K	37	-13.663	11.172	-6.393	0.4	0.254814814814815	0	0	18.174772541437722	0.00795023707302208	-0.5707505877044023	0.49469164039724384	YES	P49336
38	A	38	-17.25	11.09	-7.727	0.4	0.256505576208179	0	0	4.986652701900412	0.12860852152417826	-0.5999682380793494	0.2139162479072577	NO	P49336
39	K	39	-20.139	8.59	-7.723	-1.15	0.257462686567164	0	0	2.1329495421918265	0.45655155105808964	-0.8982752586172597	0.039641866361748906	NO	P49336
40	R	40	-23.173	8.565	-10.055	0.4	0.256505576208179	1	0	0	1	-1.0128161399194466	-0.17214991676647348	NO	P49336
41	K	41	-26.32	10.008	-8.378	0.4	0.255555555555556	0	0	0	1	-0.9088386149575013	-0.347634537072715	NO	P49336
42	D	42	-29.363	8.79	-10.315	0.4	0.257462686567164	0	0	0	1	-0.9410158729296919	-0.25404273957605294	NO	P49336
43	G	43	-27.806	5.882	-12.224	0.4	0.258955223880597	0	0	0	1	-1.5776279745522792	-0.4556250726457866	NO	P49336
44	K	44	-27.538	2.403	-10.672	0.4	0.258955223880597	0	0	0	0.9999999999999999	-1.9204540393781837	-0.7305100722863327	NO	P49336
45	D	45	-23.737	2.58	-10.991	0.4	0.258208955223881	0	0	0	0.9999999999999999	-1.7006091507866508	-0.9091853220526875	NO	P49336
46	D	46	-21.573	1.558	-7.993	-1.15	0.430348258706468	0	0	0	0.9999999999999999	-1.5454287328302667	-0.6779585282374049	NO	P49336
47	K	47	-18.267	2.482	-9.706	0.4	0.431592039800995	0	0	4.329402046455708	0.3019566367001587	-1.317727642347637	-0.22555827946837317	NO	P49336
48	D	48	-15.961	5.326	-8.632	-1.15	0.431592039800995	0	0	4.329402046455708	0.3019566367001587	-0.9551436043102035	0.0033347035397678798	NO	P49336
49	Y	49	-15.146	8.108	-11.111	0.4	0.51685393258427	0	0	10.022189075036467	0.05764145954521413	-0.6188224810529248	-0.2063411137551736	NO	P49336
50	A	50	-12.382	10.707	-11.389	0.4	0.514498141263941	0	0	19.714637109215744	0.030495328750220315	-0.4108654599814661	0.15194544820658135	YES	P49336
51	L	51	-14.164	13.966	-12.21	0.4	0.51685393258427	0	0	12.197481047605232	0.015089780531670368	-0.19542350346558668	0.5648854885197404	YES	P49336
52	K	52	-11.791	16.753	-13.278	0.4	0.513432835820896	0	0	103.29985575710958	1.7411007857309672e-5	-0.08943604361814893	1.0562424253772165	YES	P49336
53	Q	53	-12.71	20.446	-13.671	0.4	0.516417910447761	0	0	103.29985575710958	1.7411007857309672e-5	-0.03355311538652832	1.0562424253772165	YES	P49336
54	I	54	-10.219	21.98	-16.137	0.4	0.641263940520446	0	0	31.056470106834716	8.106936143737872e-4	-0.0817946513915709	1.0562424253772165	YES	P49336
55	E	55	-8.91	25.371	-14.943	0.4	0.641263940520446	0	0	59.92409301524907	2.818385433628017e-4	-0.05521393086529089	1.0562424253772165	YES	P49336
56	G	56	-9.868	28.63	-16.673	0.4	0.641263940520446	0	0	8.561324589235397	0.2114695340501792	0.07974982166578214	1.0562424253772165	NO	P49336
57	T	57	-12.994	29.73	-18.508	0.4	0.640221402214022	0	0	2.873826467105757	0.38339502908514017	0.21637822859612457	0.3558134892731648	NO	P49336
58	G	58	-13.597	28.449	-22.043	0.4	0.644444444444445	0	0	2.873826467105757	0.38339502908514017	0.22658907379654716	0.3558134892731648	NO	P49336
59	I	59	-11.772	26.012	-24.301	0.4	0.513653136531365	0	0	2.873826467105757	0.38339502908514017	0.2857291920461984	1.0562424253772165	NO	P49336
60	S	60	-8.033	26.742	-23.921	0.4	0.517037037037037	0	0	8.561324589235397	0.2114695340501792	0.05780396359886587	1.0562424253772165	NO	P49336
61	M	61	-5.299	25.391	-26.237	0.4	0.556027615507169	1	0	4.329402046455708	0.3019566367001587	-0.18533381864408244	1.0562424253772165	NO	P49336
62	S	62	-4.236	23.132	-23.352	0.4	0.486524163568773	0	1	4.329402046455708	0.3019566367001587	-0.05880753663933821	1.0562424253772165	NO	P49336
63	A	63	-7.83	21.841	-22.874	0.4	0.577114427860697	0	0	2.873826467105757	0.38339502908514017	0.052449242886675435	1.0562424253772165	NO	P49336
64	C	64	-8.736	21.733	-26.584	0.4	0.577114427860697	0	0	4.329402046455708	0.3019566367001587	0.07399230566302023	1.0562424253772165	NO	P49336
65	R	65	-5.952	19.31	-27.561	0.4	0.576621230896324	0	0	4.329402046455708	0.3019566367001587	-0.05799811008856288	1.0562424253772165	NO	P49336
66	E	66	-6.58	17.292	-24.368	0.4	0.58312447786132	0	0	4.329402046455708	0.3019566367001587	0.1642725479002982	0.5817583073712459	NO	P49336
67	I	67	-10.225	16.818	-25.43	0.4	0.587542087542088	0	0	2.873826467105757	0.38339502908514017	0.23783274202431856	0.5817583073712459	NO	P49336
68	A	68	-9.165	16.283	-29.065	0.4	0.660377358490566	0	0	4.329402046455708	0.3019566367001587	0.15785145379211787	1.0562424253772165	NO	P49336
69	L	69	-6.679	13.423	-28.489	0.4	0.665399239543726	0	0	2.873826467105757	0.38339502908514017	0.24314636127082648	0.511464363962954	NO	P49336
70	L	70	-8.396	11.636	-25.546	0.4	0.664150943396226	0	0	2.873826467105757	0.38339502908514017	0.29948923100345953	0.5659421701043803	NO	P49336
71	R	71	-11.553	11.425	-27.702	0.4	0.661654135338346	0	0	2.873826467105757	0.38339502908514017	0.5383509963678691	0.4167203532822125	NO	P49336
72	E	72	-9.695	9.405	-30.393	0.4	0.658582089552239	0	0	0	0.9999999999999999	0.6559772196834945	0.2820841275780014	NO	P49336
73	L	73	-7.265	7.565	-28.044	0.4	0.662921348314607	0	0	0	0.580824699091993	0.44703117622097993	0.5659421701043803	NO	P49336
74	K	74	-8.274	4.014	-27.007	0.4	0.661048689138577	1	0	0	1	0.5920394754810533	0.3207920424679621	NO	P49336
75	H	75	-5.797	1.626	-25.318	0.4	0.663533834586466	0	0	0	0.5798720279535655	0.5785087112690599	0.49051136160086695	NO	P49336
76	P	76	-5.88	-0.398	-22.035	0.4	0.670454545454545	2	0	0	0.580824699091993	0.4043164195034961	-0.46756529426532323	NO	P49336
77	N	77	-2.764	1.263	-20.532	0.4	0.664794007490637	0	0	0	0.3291683448009844	0.47931378989508255	-0.1380933548831524	NO	P49336
78	V	78	-3.8	4.868	-21.427	0.4	0.659851301115242	1	0	0.7696936571776556	1	0.277624789367045	0.6790883828596502	NO	P49336
79	I	79	-6.639	6.523	-19.477	0.4	0.715782358905035	0	0	1.3809151224061615	0.580824699091993	0.16380987187774962	0.6790883828596502	NO	P49336
80	S	80	-9.983	6.439	-21.331	-1.92	0.718453188602442	0	0	1.6832053166301504	0.5221401569648719	0.2791679318853165	0.6105149205837289	NO	P49336
81	L	81	-12.224	9.574	-21.443	0.4	0.713754646840149	0	0	1.6832053166301504	0.5221401569648719	0.2843904617522122	0.6105149205837289	NO	P49336
82	Q	82	-15.804	8.567	-20.554	0.4	0.656716417910448	0	0	8.561324589235397	0.2114695340501792	0.4326294536613136	0.4167203532822125	NO	P49336
83	K	83	-17.641	11.898	-20.984	0.4	0.651291512915129	0	0	2.1329495421918265	0.45655155105808964	0.5747730818572895	0.44336710628617104	NO	P49336
84	V	84	-17.082	15.655	-21.361	0.4	0.651291512915129	0	0	2.873826467105757	0.38339502908514017	0.6518971783708408	0.5490352647501444	NO	P49336
85	F	85	-19.432	18.14	-19.642	0.4	0.649446494464945	0	0	1.3809151224061615	0.580824699091993	0.5836954147880521	0.5659421701043803	NO	P49336
86	L	86	-19.612	21.743	-20.871	0.4	0.646520146520147	1	0	0	1	0.7145189378556628	0.04182810412307239	NO	P49336
87	S	87	-20.997	24	-18.123	0.4	0.648351648351648	0	0	0	1	0.7743082793700531	-0.16950821280487424	NO	P49336
88	H	88	-22.329	26.913	-20.253	0.4	0.648351648351648	1	0	0	1	0.9603836496449328	-0.41465834044129235	NO	P49336
89	A	89	-23.11	29.337	-17.394	-1.92	0.594609769792252	0	0	0	1	0.7306880091855988	-1.2066818297281818	NO	P49336
90	D	90	-19.633	29.542	-15.784	0.4	0.582540203478832	0	0	0	1	0.5366644987438203	0.07564191483154382	NO	P49336
91	R	91	-17.919	28.299	-19.013	0.4	0.578364288041707	0	0	0	0.9999999999999999	0.34671183913318393	0.23907533325582267	NO	P49336
92	K	92	-15.949	25.553	-17.204	0.4	0.631672597864769	0	0	0	1	0.3922873703575133	0.49051136160086695	NO	P49336
93	V	93	-15.133	22.173	-18.805	0.4	0.706349206349206	0	0	2.873826467105757	0.38339502908514017	0.2999315072975461	0.6236245530776551	NO	P49336
94	W	94	-15.428	18.975	-16.755	0.4	0.635714285714286	0	0	2.1329495421918265	0.45655155105808964	0.29242983853523413	1.0562424253772165	NO	P49336
95	L	95	-14.032	15.565	-17.762	0.4	0.635714285714286	0	0	4.329402046455708	0.3019566367001587	0.19116285497927252	0.6790883828596502	NO	P49336
96	L	96	-14.993	12.109	-16.437	0.4	0.640287769784173	0	0	2.873826467105757	0.38339502908514017	-0.10031591140811147	0.10170672725265732	NO	P49336
97	F	97	-12.564	9.171	-16.073	0.4	0.565079365079365	0	1	8.561324589235397	0.2114695340501792	-0.3305966812300535	0.07443427873481274	NO	P49336
98	D	98	-12.614	5.751	-14.454	0.4	0.565511748307447	0	0	1.3809151224061615	0.580824699091993	-0.5159718110460236	-0.1380933548831524	NO	P49336
99	Y	99	-11.048	6.415	-11.034	0.4	0.632142857142857	0	0	10.022189075036467	0.05764145954521413	-0.52767126718487245	-0.048518171363624726	NO	P49336
100	A	100	-7.439	5.358	-10.441	0.4	0.634408602150538	0	0	4.986652701900412	0.12860852152417826	-0.4181083468011205	0.5109947277031139	NO	P49336
101	E	101	-6.88	4.909	-6.695	0.4	0.634408602150538	0	0	6.6897715584716995	0.09076894119334221	-0.3093170305716638	0.8042645090400492	NO	P49336
102	H	102	-3.085	4.521	-6.879	0.4	0.630357142857143	0	0	1.6832053166301504	0.5221401569648719	-0.027958654713516683	1.0562424253772165	NO	P49336
103	D	103	-0.099	5.915	-8.762	0.4	0.633093525179856	0	0	0	1	0.06952195469840085	1.0562424253772165	NO	P49336
104	L	104	3.657	5.303	-8.927	0.4	0.637184115523466	0	0	1.1636471228799659	1	0.2750791392842155	1.0562424253772165	NO	P49336
105	W	105	4.43	8.523	-7.009	0.4	0.730848861283644	0	0	2.1329495421918265	0.45655155105808964	0.25421260466862095	1.0562424253772165	NO	P49336
106	H	106	2.397	7.323	-3.989	0.4	0.736787022501308	0	0	0	1	0.4426418838005612	1.0562424253772165	NO	P49336
107	I	107	3.567	3.688	-4.421	0.4	0.726147498710676	1	0	0	1	0.6387888624712668	0.6790883828596502	NO	P49336
108	I	108	7.269	4.68	-4.594	0.4	0.635379061371841	1	0	1.3809151224061615	0.580824699091993	0.5836128118694751	0.6476588793165198	NO	P49336
109	K	109	6.729	6.986	-1.577	0.4	0.635869565217391	0	0	0	1	0.7006826938844102	0.49051136160086695	NO	P49336
110	F	110	5.242	4.06	0.399	0.4	0.727841501564129	0	0	0	1	0.9259414112765413	0.49051136160086695	NO	P49336
111	H	111	8.326	1.855	-0.103	0.4	0.804889298892989	0	0	0	1	0.8849985741682365	0.49051136160086695	NO	P49336
112	R	112	10.876	4.69	0.309	0.4	0.85997521685254	0	0	0	1	0.8685610928895893	0.4167203532822125	NO	P49336
113	A	113	9.254	5.502	3.69	0.4	0.968283582089552	0	0	0	1	1.322403632645209	0.19100668077809357	NO	P49336
114	S	114	9.702	1.876	4.897	0.4	0.855018587360595	1	0	0	1	1.4018756123338068	0.1369294467406483	NO	P49336
115	K	115	10.282	0.834	8.556	0.4	0.85997521685254	0	0	0	0.9999999999999999	2.0590731110638654	-0.5780917588655712	NO	P49336
116	A	116	13.558	2.799	8.469	0.4	0.706241519674355	0	0	0	0.9999999999999999	2.0590731110638654	-0.5780917588655712	NO	P49336
121	V	121	10.007	-3.57	2.346	-1.92	0.771111111111111	0	0	0	1	1.3927913706127693	0.23907533325582267	NO	P49336
122	Q	122	11.507	-2.602	-1.051	0.4	0.811567164179105	0	0	0	1	0.9794593628784037	0.467882119049813	NO	P49336
123	L	123	9.49	-2.822	-4.31	0.4	0.77910447761194	0	0	0	1	0.9248482382158062	0.1369294467406483	NO	P49336
124	P	124	8.886	-6.482	-5.362	0.4	0.784962406015038	0	0	0	1	1.0279859413822108	-0.22280171881279132	NO	P49336
125	R	125	10.677	-7.362	-8.642	0.4	0.77910447761194	1	0	0	1	0.9908214536309579	-0.41465834044129235	NO	P49336
126	G	126	7.699	-8.935	-10.513	-1.92	0.793532338308458	1	0	0	0.580824699091993	1.1631028421191012	-1.04730870061631	NO	P49336
127	M	127	5.532	-5.884	-9.805	0.4	0.757419865453107	1	0	0	0.33687697680255313	0.9105508353193787	-0.2063411137551736	NO	P49336
128	V	128	8.262	-3.646	-11.296	0.4	0.80020964360587	0	0	0.7696936571776556	1	0.8493967069054993	0.2820841275780014	NO	P49336
129	K	129	8.558	-5.669	-14.51	0.4	0.82390185991294	0	0	0.6153354946634111	1	0.9073662113412517	-0.9991261266987673	NO	P49336
130	S	130	4.752	-5.675	-14.922	0.4	0.80020964360587	0	0	0	0.5850587930405586	1.039902435811105	-0.9901975768750673	NO	P49336
131	L	131	4.629	-1.915	-14.225	0.4	0.80020964360587	0	0	0.6153354946634111	1	0.640652656839122	-0.09306741732029786	NO	P49336
132	L	132	7.428	-1.279	-16.744	0.4	0.80397127165188	1	0	0.6856068271108131	1	0.5836064061619156	-0.3182889799221487	NO	P49336
133	Y	133	5.889	-3.512	-19.452	0.4	0.758771929824562	1	0	0	0.33687697680255313	0.9282830211273451	-1.0993880072878397	NO	P49336
134	Q	134	2.533	-1.757	-19.228	0.4	0.720833333333333	1	0	0	0.3279195889275685	0.694855038437875	0.02180676883516162	NO	P49336
135	I	135	4.126	1.742	-19.233	0.4	0.720833333333333	0	0	0.6153354946634111	1	0.5512716422086741	0.2373141972814232	NO	P49336
136	L	136	5.973	0.729	-22.445	0.4	0.689175769612711	0	0	0.5558305196748595	1	0.6612883288584878	0.8328983631692729	NO	P49336
137	D	137	2.756	-0.761	-23.905	0.4	0.686584883260784	1	0	0	0.33687697680255313	0.7030088502062017	-0.09989154369919766	NO	P49336
138	G	138	0.782	2.487	-23.577	0.4	0.69041424854913	0	0	0	0.3291683448009844	0.491962172209723	0.44283876549385126	NO	P49336
139	I	139	3.585	4.815	-24.667	0.4	0.695058256327843	0	0	0	0.33251501054173893	0.5210915938349594	0.8426089745696184	NO	P49336
140	H	140	4.118	2.604	-27.75	0.4	0.691786283891547	0	0	0	0.5850587930405586	0.6819461218531415	0.7754670328872304	NO	P49336
141	Y	141	0.413	3.116	-28.591	0.4	0.65719696969697	2	0	0	0.5850587930405586	0.6365430218265474	1.0562424253772165	NO	P49336
142	L	142	0.798	6.908	-28.252	0.4	0.614428412874584	0	0	0	0.5798720279535655	0.6054003064367491	1.0562424253772165	NO	P49336
143	H	143	4.027	6.936	-30.299	0.4	0.575047348484849	0	0	0	1	0.7807402309262338	1.0562424253772165	NO	P49336
144	A	144	2.46	4.676	-32.982	0.4	0.576179245283019	1	0	0	1	0.6595306374963065	1.0562424253772165	NO	P49336
145	N	145	-0.189	7.415	-33.361	0.4	0.610526315789474	0	0	0	1	0.6736376037013457	1.0562424253772165	NO	P49336
146	W	146	2.48	10.191	-33.373	0.4	0.572877358490566	0	0	0	1	1.0045416072120263	1.0562424253772165	NO	P49336
147	V	147	1.401	11.446	-29.944	0.4	0.654716981132076	0	0	0	1	0.5305811263190053	1.0562424253772165	NO	P49336
148	L	148	4.057	12.429	-27.397	0.4	0.6095126247798	0	0	0	1	0.6136176002406141	1.0562424253772165	NO	P49336
149	H	149	3.521	12.677	-23.64	0.4	0.6095126247798	0	0	0	1	0.4055068855453673	1.0562424253772165	NO	P49336
150	R	150	6.137	15.422	-22.982	0.4	0.550254452926209	0	0	0	1	0.6553863081932504	1.0562424253772165	NO	P49336
151	D	151	5.925	15.062	-19.161	0.4	0.547169811320755	0	0	2.1329495421918265	0.45655155105808964	0.7241710480800381	1.0562424253772165	NO	P49336
152	L	152	6.117	11.389	-18.112	0.4	0.654135338345865	0	0	1.6832053166301504	0.5221401569648719	0.47309570557320324	1.0562424253772165	NO	P49336
153	K	153	6.691	11.155	-14.358	0.4	0.578273440726972	0	0	1.6832053166301504	0.5221401569648719	0.32956058512983494	1.0562424253772165	NO	P49336
154	P	154	5.553	8.796	-11.543	0.4	0.57516339869281	0	0	1.3809151224061615	0.580824699091993	0.10121382551339592	1.0562424253772165	NO	P49336
155	A	155	2.498	10.958	-10.634	0.4	0.578925789257893	0	0	12.197481047605232	0.015089780531670368	0.02668418438048281	1.0562424253772165	NO	P49336
156	N	156	1.245	10.582	-14.254	0.4	0.576797385620915	0	0	2.873826467105757	0.38339502908514017	0.04251175779129079	1.0562424253772165	NO	P49336
157	I	157	1.488	6.751	-14.171	0.4	0.431013431013431	1	0	1.1636471228799659	1	0.23333956655240579	1.0562424253772165	NO	P49336
158	L	158	-1.725	5.63	-12.44	0.4	0.436183395291202	0	0	1.1636471228799659	1	0.12171742976172335	1.0562424253772165	NO	P49336
159	V	159	-2.555	2.123	-11.178	0.4	0.559701492537313	0	0	0	0.5850587930405586	0.2447161319063047	0.40109984290058176	NO	P49336
160	M	160	-6.187	0.997	-10.756	0.4	0.433705080545229	0	0	1	1	-0.07592405788995425	0.07352855166226442	NO	P49336
161	G	161	-7.556	-0.095	-7.365	0.4	0.433705080545229	0	0	0	1	-0.2719803969098699	0.7672089331081129	NO	P49336
162	E	162	-10.001	-2.861	-6.411	0.4	0.436953807740325	0	0	0	1	-0.24309271113590955	0.6782755508714656	NO	P49336
163	G	163	-12.234	-3.434	-9.435	0.4	0.435323383084577	0	0	0	1	-0.431404061744816	0.021806768835161798	NO	P49336
164	P	164	-12.479	-5.082	-12.89	0.4	0.43734335839599	1	0	0	0.9999999999999999	-0.39736237071816444	-1.4005422589101637	NO	P49336
165	E	165	-9.179	-3.395	-13.926	0.4	0.521348314606742	0	0	0	1	-0.11393808077381164	-0.07765819814003593	NO	P49336
166	R	166	-7.226	-4.28	-10.712	0.4	0.52528301886792494	1	0	0	1	-0.10846702295683218	0.0033347035397678798	NO	P49336
167	G	167	-3.497	-3.482	-11.054	0.4	0.529277566539924	0	0	0	0.33687697680255313	0.21695678392515297	0.2594473926353635	NO	P49336
168	R	168	-3.649	-2.096	-14.612	0.4	0.529277566539924	0	0	0	0.33251501054173893	0.35887814549790903	0.38621023875338534	NO	P49336
169	V	169	-1.319	0.804	-15.423	0.4	0.526792452830189	0	0	0	0.3291683448009844	0.49705599918695037	0.07423300605202428	NO	P49336
170	K	170	-3.012	3.946	-16.814	0.4	0.44106463878327	0	0	0.6856068271108131	1	0.3008522894810317	0.07423300605202428	NO	P49336
171	I	171	-0.907	6.774	-18.325	0.4	0.438993710691824	0	0	0	0.33687697680255313	0.3010236308310686	0.7219467967821008	NO	P49336
172	A	172	-2.57	10.119	-17.456	0.4	0.44233206590621	0	0	1.6832053166301504	0.5221401569648719	0.06321763560022348	0.6974861410312387	NO	P49336
173	D	173	-2.035	13.821	-18.28	0.4	0.443599493029151	0	0	21.00177088946692	0.001812734801552495	-0.14552837615716327	0.6476588793165198	YES	P49336
174	M	174	-2.326	14.781	-22.002	0.4	0.446564885496183	1	0	2.1329495421918265	0.45655155105808964	0.06965523940605374	0.6105149205837289	NO	P49336
175	G	175	-1.515	18.53	-21.9	0.4	0.446564885496183	0	0	4.329402046455708	0.3019566367001587	-0.17836990159563745	1.0562424253772165	NO	P49336
176	F	176	0.923	20.752	-23.815	0.4	0.446564885496183	0	0	4.329402046455708	0.3019566367001587	-0.32635798776147196	1.0562424253772165	NO	P49336
179	L	179	3.466	26.19	-28.68	0.4	0.530798479087452	0	0	8.561324589235397	0.2114695340501792	-0.04034216361947209	1.0562424253772165	NO	P49336
180	F	180	5.146	24.908	-31.895	0.4	0.333333333333333	0	0	0	0.9999999999999999	0.11228780981581296	1.0562424253772165	NO	P49336
181	N	181	6.059	21.749	-29.885	0.4	0.337209302325581	0	0	0	0.9999999999999999	0.49705090676419733	1.0562424253772165	NO	P49336
182	S	182	8.792	23.988	-28.35	0.4	0.337209302325581	0	0	0	0.9999999999999999	0.8312741556804982	1.0562424253772165	NO	P49336
183	P	183	9.519	24.177	-24.565	0.4	0.337209302325581	0	0	0	0.9999999999999999	0.6204969294035527	0.6289755237620199	NO	P49336
184	L	184	11.225	27.634	-24.68	0.4	0.33852140077821	0	0	0	0.9999999999999999	0.4354814151632381	0.4781754408390093	NO	P49336
195	V	195	11.464	23.267	-10.389	0.4	0.908854166666667	0	0	0	1	-1.1790606572548519	1.0562424253772165	NO	P49336
196	T	196	11.747	19.415	-10.775	0.4	0.901808785529716	0	0	0	0.9999999999999999	-0.7692993292070008	1.0562424253772165	NO	P49336
197	F	197	13.799	18.361	-13.864	0.4	0.905317769130999	0	0	0	0.9999999999999999	-0.7995631995519631	0.7491443398412938	NO	P49336
198	W	198	14.595	14.788	-12.656	0.4	0.896640826873385	0	0	2.873826467105757	0.38339502908514017	-0.5173891290849608	1.0562424253772165	NO	P49336
199	Y	199	12.848	12.99	-15.584	0.4	0.669230769230769	0	0	2.1329495421918265	0.45655155105808964	0.21503322880294737	1.0562424253772165	NO	P49336
200	R	200	14.037	15.408	-18.271	0.4	0.801526717557252	0	0	1.3809151224061615	0.580824699091993	0.47133566194859133	0.8378615645516716	NO	P49336
201	A	201	16.361	14.042	-20.997	0.4	1.00961538461538	1	0	0	1	0.8894942079572089	0.8222629316355614	NO	P49336
202	P	202	19.806	15.662	-21.463	0.4	1.01061776061776	0	0	0	1	-0.5394646182895576	0.5109947277031139	NO	P49336
203	E	203	19.006	17.011	-24.967	0.4	1.00477099236641	0	0	0	1	0.48629921001961945	-0.41624336281825214	NO	P49336
204	L	204	16.247	19.142	-23.348	0.4	0.997159090909091	0	0	0	1	0.697561147775887	0.44283876549385126	NO	P49336
205	L	205	18.797	20.385	-20.796	0.4	1	0	0	0	1	-0.0667543172007397	0.3931033336114163	NO	P49336
206	L	206	21.286	21.05	-23.628	0.4	1.06666666666667	0	0	0	1	0.07621427073745825	-1.0914628954030416	NO	P49336
207	G	207	18.574	23.032	-25.47	0.4	1.07072243346008	0	0	0	0.9999999999999999	0.6447402406383695	-0.8064321472704791	NO	P49336
208	A	208	16.744	20.768	-27.926	0.4	1.07680608365019	1	0	0	1	0.8452645759479152	-0.017610235012912583	NO	P49336
209	R	209	14.05	22.891	-29.602	0.4	1.07680608365019	0	0	0	0.9999999999999999	1.0674672925714994	0.6289755237620199	NO	P49336
210	H	210	11.493	20.056	-30.098	0.4	1.08725868725869	0	0	0	1	1.5038031917248085	1.0562424253772165	NO	P49336
211	Y	211	10.044	17.116	-28.152	0.4	1.08307692307692	0	0	0	1	1.3425283650239084	1.0562424253772165	NO	P49336
212	T	212	10.567	13.616	-29.551	0.4	0.909560723514212	0	0	0	1	1.259501506255374	0.264753831979326	NO	P49336
213	K	213	9.588	10.008	-28.828	0.4	0.906048906048906	0	0	0	1	0.9462986783258416	0.3552096712247989	NO	P49336
214	A	214	13.142	9.586	-27.451	0.4	0.770662287903667	0	0	0	1	1.2707682808376142	0.4271104665224829	NO	P49336
215	I	215	12.564	12.208	-24.718	0.4	0.764801738185769	1	0	0	1	1.3481146929954686	0.47204846358353536	NO	P49336
216	D	216	9.64	10.139	-23.312	0.4	0.664772727272727	0	0	2.1329495421918265	0.45655155105808964	1.0652881808479435	1.0562424253772165	NO	P49336
217	I	217	11.766	6.948	-23.422	0.4	0.66793893129771	0	0	1	1	0.7282008951372088	0.5751415156647732	NO	P49336
218	W	218	14.37	8.664	-21.189	0.4	0.668582375478927	0	0	1.3809151224061615	0.580824699091993	0.7063560158881996	0.5555047438397754	NO	P49336
219	A	219	11.609	9.374	-18.647	0.4	0.670498084291188	0	0	1.1636471228799659	1	0.7031106854112512	1.0562424253772165	NO	P49336
220	I	220	10.623	5.665	-18.697	0.4	0.594845796366709	0	0	0.7696936571776556	1	0.46924364537416	1.0562424253772165	NO	P49336
221	G	221	14.221	4.753	-17.783	0.4	0.589807852965748	1	0	0.8722200624526977	1	0.35823741517322216	0.09558103690691967	NO	P49336
222	C	222	14.225	7.283	-14.927	0.4	0.585934248855597	0	0	1.6832053166301504	0.5221401569648719	-0.17080086979538456	1.0562424253772165	NO	P49336
223	I	223	10.978	5.721	-13.661	0.4	0.585934248855597	0	1	1.6832053166301504	0.5221401569648719	0.21110943016862607	1.0562424253772165	NO	P49336
224	F	224	12.225	2.136	-14.103	0.4	0.493936567164179	0	0	0.7696936571776556	1	0.34726380279879066	0.11602064091692613	NO	P49336
225	A	225	15.389	3.179	-12.259	0.4	0.488468634686347	0	0	1.6832053166301504	0.5221401569648719	-0.0450795304552907	0.028558149339224577	NO	P49336
226	E	226	13.181	4.595	-9.49	0.4	0.488468634686347	0	0	1.6832053166301504	0.5221401569648719	0.3023902958066094	1.0562424253772165	NO	P49336
227	L	227	11.055	1.403	-9.264	0.4	0.48570110701107	0	0	1	1	0.5831461226017949	0.338729856685261	NO	P49336
228	L	228	14.19	-0.717	-8.721	0.4	0.481751824817518	0	0	1.1636471228799659	1	0.4889862912906199	0.26116093034018467	NO	P49336
229	T	229	16.058	1.576	-6.277	0.4	0.478260869565217	0	0	2.873826467105757	0.38339502908514017	0.28934276435062684	0.5965859360589324	NO	P49336
230	S	230	13.022	3.267	-4.564	0.4	0.544610624033007	0	0	1.6832053166301504	0.5221401569648719	0.49706915246301503	0.6359850637147855	NO	P49336
231	E	231	14.609	6.733	-5.195	0.4	0.423913043478261	0	0	2.873826467105757	0.38339502908514017	0.27577065874462975	1.0562424253772165	NO	P49336
232	P	232	14.941	9.111	-8.182	0.4	0.427878787878788	1	0	2.873826467105757	0.38339502908514017	-0.22625900466989354	1.0562424253772165	NO	P49336
233	I	233	18.103	8.292	-10.171	0.4	0.424789410348977	0	0	4.329402046455708	0.3019566367001587	-0.9132746652421605	0.7906440811299321	NO	P49336
234	F	234	18.702	11.969	-11.082	0.4	0.426328502415459	0	0	2.873826467105757	0.38339502908514017	-1.1657885506249432	0.7754670328872304	NO	P49336
235	H	235	17.614	13.584	-7.784	0.4	0.364105208870552	0	0	8.561324589235397	0.2114695340501792	-1.6428234220235858	0.7052731847647334	NO	P49336
236	C	236	18.697	17.223	-7.549	0.4	0.362795477903392	0	0	0	0.9999999999999999	-2.167543227300506	0.6631568758912357	NO	P49336
237	R	237	18.086	20.444	-5.567	0.4	0.211630695443645	0	0	0	1	-2.109493105919803	1.0562424253772165	NO	P49336
238	Q	238	16.083	23.458	-6.825	0.4	0.212394705174489	0	0	0	1	-1.496852169134901	1.0562424253772165	NO	P49336
244	S	244	13.205	29.7	-16.813	0.4	0.212066905615293	0	0	0	1	-1.0284296270314042	0.07352855166226442	NO	P49336
245	N	245	15.954	28.904	-19.371	0.4	0.254676258992806	0	0	0	0.9999999999999999	-0.16679140187912458	0.40109984290058176	NO	P49336
246	P	246	16.501	25.372	-20.819	0.4	0.252857142857143	0	0	0	0.9999999999999999	0.3179529777384649	0.7052731847647334	NO	P49336
247	Y	247	20.075	24.958	-19.457	-1.15	0.315178571428571	0	0	0	0.9999999999999999	-0.28011214676418017	-0.3692551188045143	NO	P49336
248	H	248	20.201	23.714	-15.851	0.4	0	0	0	0	0.9999999999999999	-0.6629273944436157	0.7392379499852966	NO	P49336
249	H	249	23.708	23.076	-14.466	0.4	0	0	0	0	1	-1.8459077588542296	-0.39728179882721676	NO	P49336
250	D	250	22.974	21.119	-11.261	0.4	0	0	0	0	1	-1.7981273330000944	0.27007132640525483	NO	P49336
251	Q	251	20.619	18.707	-13.084	0.4	0	0	0	0	0.9999999999999999	-1.2637490068500596	0.40109984290058176	NO	P49336
252	L	252	23.337	17.935	-15.65	0.4	0	0	0	0	0.9999999999999999	-1.4982848610922335	0.17513255018531587	NO	P49336
253	D	253	25.86	17.558	-12.787	0.4	0	0	0	0	1	-2.4027038502114038	-0.25404273957605294	NO	P49336
254	R	254	23.63	14.913	-11.187	0.4	0	0	0	0	0.9999999999999999	-2.128726779814689	0.10522899920145627	NO	P49336
255	I	255	23.154	13.101	-14.526	0.4	0	0	0	0	1	-1.4437019049436226	0.28041568297067543	NO	P49336
256	F	256	26.921	12.978	-15.11	0.4	0	0	0	0	1	-2.2197450099208607	-0.48711650624515995	NO	P49336
257	N	257	27.686	11.887	-11.508	-1.15	0	0	0	0	1	-2.2428724186314444	-0.6862595941964342	NO	P49336
258	V	258	25.435	8.865	-12.117	0.4	0	0	0	0	1	-1.7307030154063403	-0.3476345370727152	NO	P49336
259	M	259	25.896	8.154	-15.843	0.4	0	0	0	0	1	-1.7784068254168555	-0.43271798934240796	NO	P49336
260	G	260	29.4	9.53	-16.499	0.4	0	0	0	0	1	-2.094451892625117	-0.7443429948488893	NO	P49336
261	F	261	30.361	12.339	-18.901	0.4	0	0	0	0	1	-2.410149613582537	-0.9651272882983206	NO	P49336
262	P	262	29.519	11.433	-22.532	0.4	0	0	0	0	1	-2.4687547597150603	-1.3241729989293831	NO	P49336
263	A	263	32.564	10.614	-24.693	0.4	0	0	0	0	1	-3.00990371658397	-0.5801044856934564	NO	P49336
264	D	264	32.85	11.967	-28.261	0.4	0	0	0	0	1	-3.3390272406984445	0.35430394415225075	NO	P49336
265	K	265	31.967	8.53	-29.705	0.4	0	1	0	0	1	-3.260960846694749	0.35430394415225075	NO	P49336
266	D	266	28.895	8.191	-27.418	0.4	0	0	0	0	1	-2.6876548722364846	-0.6619218312469902	NO	P49336
267	W	267	27.077	11.348	-28.594	0.4	0	0	0	0	1	-1.6029764221928422	-1.0773355220431844	NO	P49336
268	E	268	28.675	12.643	-31.841	0.4	0	0	0	0	1	-2.1869144890090504	-1.669996062993296	NO	P49336
269	D	269	25.969	15.283	-32.507	0.4	0	1	0	0	1	-1.2751091046213339	-1.174316337835021	NO	P49336
270	I	270	26.202	16.849	-29.003	0.4	0	0	0	0	1	-0.707910984176643	-1.6352278302083756	NO	P49336
271	K	271	28.231	19.566	-30.807	-1.15	0.612280701754386	0	0	0	1	-1.2682668724616264	-1.3979005549485644	NO	P49336
272	K	272	25.028	20.482	-32.722	0.4	0.611888111888112	0	0	0	0.9999999999999999	0.002133928362773962	-1.5431942728365278	NO	P49336
273	M	273	23.176	21.318	-29.434	0.4	0.609756097560976	0	0	0	0.9999999999999999	0.34498962319796145	-1.4891861029549414	NO	P49336
274	P	274	22.725	25.055	-28.697	0.4	0.48951048951049	0	0	0	0.9999999999999999	0.42958857760665037	-2.2164513967641293	NO	P49336
275	E	275	24.005	24.861	-25.087	0.4	0.487804878048781	0	0	0	0.9999999999999999	-0.041441905158353935	-1.398277941228793	NO	P49336
276	H	276	27.057	22.695	-25.925	-1.92	0.486713286713287	0	0	0	0.9999999999999999	-0.358666036500177	-1.4891861029549414	NO	P49336
277	S	277	29.496	25.642	-25.815	-2.7	0.485017421602788	0	0	0	1	-0.2450026779314308	-2.986497001973858	NO	P49336
278	T	278	27.979	26.516	-22.415	0.4	0.485314685314685	0	0	0	1	-0.8473865690419505	-2.0676925866667952	NO	P49336
279	L	279	28.47	22.867	-21.283	0.4	0.482229965156795	0	0	0	1	-1.1499544736487837	-1.313639307897551	NO	P49336
280	M	280	32.196	22.949	-22.137	-1.92	0.518481518481519	0	0	0	1	-1.1591084788791481	-2.043727655034296	NO	P49336
281	K	281	32.688	26.211	-20.191	0.4	0.514880952380952	0	0	0	1	-0.9617241066960616	-3.033115307178552	NO	P49336
282	D	282	31.035	24.831	-17.032	0.4	0.518481518481519	0	0	0	1	-1.867468004557619	-2.215948215057158	NO	P49336
283	F	283	31.966	21.097	-16.993	0.4	0.515181682429069	0	0	0	0.9999999999999999	-2.35925777501086	-1.601311759991713	NO	P49336
284	R	284	35.198	19.063	-17.132	0.4	0.515181682429069	0	0	0	0.9999999999999999	-2.122080795712104	-1.5265098267632689	NO	P49336
285	R	285	34.894	15.432	-18.266	0.4	0.515181682429069	0	0	0	0.9999999999999999	-2.2810055221708025	-2.0676925866667957	NO	P49336
286	N	286	37.714	14.21	-15.961	-0.37	0.514880952380952	1	0	0	0.9999999999999999	-2.2279890519537338	-2.5449284150749953	NO	P49336
287	T	287	35.51	14.964	-12.901	0.4	0.515181682429069	0	0	0	0.9999999999999999	-2.1351444154753625	-1.9447332749996267	NO	P49336
288	Y	288	33.21	12.029	-13.833	0.4	0.51998001998002	0	0	0	1	-2.533465768752412	-1.1944893499054159	NO	P49336
289	T	289	35.825	9.347	-14.704	-2.7	0.519661523145844	1	0	0	1	-2.153499027533219	-1.7867871855061086	NO	P49336
290	N	290	34.88	7.223	-11.655	0.4	0.519661523145844	0	0	0	1	-1.5851199733842694	-1.9447332749996267	NO	P49336
291	C	291	31.137	7.516	-12.552	-2.7	0.51998001998002	0	0	0	1	-1.7840292845494001	-1.1044600788941106	NO	P49336
292	S	292	29	5.012	-14.472	0.4	0.610526315789474	0	0	0	1	-1.5410653283263824	-0.8335919471515377	NO	P49336
293	L	293	25.471	3.561	-14.365	0.4	0.610526315789474	0	0	0	1	-1.0254254541630103	-1.0126288877068932	NO	P49336
294	I	294	27.014	0.177	-13.501	0.4	0.700656234225139	1	0	0	1	-0.580914983503135	-1.6723442442924952	NO	P49336
295	K	295	28.518	1.754	-10.37	0.4	0.703140830800405	1	0	0	1	-0.7408177236147665	-1.0800920826987666	NO	P49336
296	Y	296	25.334	3.631	-9.355	0.4	0.707676664972039	0	0	0	1	-1.2200193182436974	0.10522899920145627	NO	P49336
297	M	297	22.994	0.633	-9.668	0.4	0.712749615975422	0	0	0	1	-0.42011478971944344	-0.8784454941358955	NO	P49336
298	E	298	25.552	-1.619	-7.894	0.4	0.704225352112676	0	0	0	0.9999999999999999	-0.11140392177050773	0.07352855166226442	NO	P49336
299	K	299	25.311	0.664	-4.821	0.4	0.699300699300699	0	0	0	0.9999999999999999	-0.19775029917455142	-0.03566187875050803	NO	P49336
300	H	300	21.511	0.04	-4.726	0.4	0.545102593883082	0	0	0	1	-0.0705193073293538	1.0562424253772165	NO	P49336
301	K	301	21.854	-3.788	-4.938	0.4	0.548927875243665	0	0	0	0.9999999999999999	0.18385334424251767	1.0562424253772165	NO	P49336
302	V	302	21.029	-4.248	-8.643	0.4	0.463157894736842	0	0	0	1	0.1065416480319247	-0.6433892619163855	NO	P49336
303	K	303	23.231	-6.769	-10.485	0.4	0.535332994407728	0	0	0	1	0.16619074593933236	-1.0480634731767668	NO	P49336
304	P	304	24.935	-5.132	-13.513	0.4	0.470089285714286	0	0	0	1	0.2318565755956865	-0.9524132050606767	NO	P49336
305	D	305	24.85	-8.363	-15.589	0.4	0.538775510204082	0	0	0	1	0.1800600673523438	-1.398781122935764	NO	P49336
306	S	306	21.061	-8.699	-15.086	0.4	0.631294964028777	0	0	0	1	0.21814391628044685	-1.269569357235081	NO	P49336
307	K	307	18.644	-8.448	-18.056	0.4	0.631768953068592	1	0	0	1	0.36516414910691947	-1.8457894538924515	NO	P49336
308	A	308	16.882	-5.675	-16.104	-1.92	0.627697841726619	0	0	0	0.33687697680255313	0.48062782501029605	-1.1258050469038332	NO	P49336
309	F	309	20.047	-3.556	-15.873	0.4	0.561151079136691	0	0	0	1	0.16272812540054865	-0.3247083205488351	NO	P49336
310	H	310	20.875	-3.974	-19.572	-4.25	0.567777418311226	1	0	0	1	0.07936623297854402	-0.5804399401647706	NO	P49336
311	L	311	17.389	-2.769	-20.594	0.4	0.555555555555555	0	0	0	0.580824699091993	0.3615184782801724	-0.44424542481120494	NO	P49336
312	L	312	17.667	0.162	-18.159	0.4	0.555160142348754	0	0	1.3809151224061615	0.580824699091993	0.017910142956714014	-0.021572790955311675	NO	P49336
313	Q	313	20.975	1.147	-19.811	0.4	0.559139784946237	0	0	0	1	-0.08886261898935763	-0.24347592372965554	NO	P49336
314	K	314	19.44	1.013	-23.294	0.4	0.555953803265631	0	0	0	1	0.28157529546569715	-1.0914628954030419	NO	P49336
315	L	315	16.607	3.244	-22.018	0.4	0.553968253968254	0	0	1	1	0.5479910502133561	-0.8597016966256564	NO	P49336
316	L	316	19.142	5.57	-20.324	0.4	0.556354916067146	0	0	1	1	-0.132885090327708	-0.17142945204967378	NO	P49336
317	T	317	21.282	6.148	-23.424	0.4	0.555953803265631	0	0	0	1	-0.35558578395503476	-0.44424542481120494	NO	P49336
318	M	318	22.489	9.76	-23.428	0.4	0.684761281883584	1	0	0	1	-1.0170299449721698	0.4856343696717603	NO	P49336
319	D	319	22.333	10.184	-27.238	0.4	0.689202494256646	0	0	0	1	-0.4591381537836685	0.07443427873481274	NO	P49336
320	P	320	18.633	10.271	-28.3	0.4	0.693675889328063	0	0	0	1	0.4742720569455735	0.28948785052300974	NO	P49336
321	I	321	19.238	8.569	-31.689	-3.47	0.64051094890511	1	0	0	1	-0.25643679746260706	0.03390299223827438	NO	P49336
322	K	322	21.012	5.716	-29.787	0.4	0.644688644688645	0	0	0	1	-0.7065313653784141	-0.05903695622890229	NO	P49336
323	R	323	18.18	5.327	-27.249	0.4	0.596082883905762	0	0	0	1	0.5569704755672442	0.33459106080855144	NO	P49336
324	I	324	15.913	2.324	-27.923	0.4	0.595588235294118	0	0	0	1	0.5772604603313882	-0.8784454941358955	NO	P49336
325	T	325	12.276	2.625	-28.945	0.4	0.595588235294118	1	0	0	0.580824699091993	0.6767560040786796	0.04555756853944787	NO	P49336
326	S	326	9.387	1.427	-26.77	0.4	0.595588235294118	0	0	0	0.5850587930405586	0.7549944902310322	0.7754670328872304	NO	P49336
327	E	327	8.677	-1.09	-29.596	0.4	0.65	0	0	0	1	0.7713097237166274	0.6631568758912357	NO	P49336
328	Q	328	12.073	-2.704	-28.989	0.4	0.654275092936803	0	0	0	1	0.6309649689146111	0.5882834378939059	NO	P49336
329	A	329	11.918	-2.35	-25.171	0.4	0.606666666666667	0	0	0	0.5850587930405586	0.6223228178134607	-0.9348883876250055	NO	P49336
330	M	330	8.845	-4.655	-25.002	-1.15	0.650557620817844	0	0	0	1	1.007747269023467	0.039641866361748726	NO	P49336
331	Q	331	10.806	-7.113	-27.17	0.4	0.746268656716418	0	0	0	1	0.7897104799063014	-0.49541105943586583	NO	P49336
332	D	332	13.683	-7.214	-24.603	0.4	0.698507462686567	0	0	0	1	0.6688408427819694	-1.777289885433638	NO	P49336
333	P	333	14.323	-10.701	-23.157	0.4	0.689420544337138	2	0	0	1	0.8802181566306821	-2.292477578308339	NO	P49336
334	Y	334	13.916	-9.235	-19.641	0.4	0.655430711610487	0	0	0	0.5798720279535655	0.9734929568475287	-1.991373013907863	NO	P49336
335	F	335	10.186	-9.823	-20.247	0.4	0.737359550561798	0	0	0	0.5850587930405586	1.2163740262263043	-1.04730870061631	NO	P49336
336	L	336	10.81	-13.488	-21.235	-2.7	0.738016917293233	0	0	0	1	1.1583363847192645	-1.269569357235081	NO	P49336
337	E	337	12.726	-14.142	-17.968	0.4	0.695131086142322	0	0	0	1	1.1835565590886472	-1.8303630328974436	NO	P49336
338	D	338	11.067	-15.501	-14.793	0.4	0.689962825278811	1	0	0	1	1.2884223559870769	-2.01077587403961	NO	P49336
339	P	339	8.761	-13.905	-13.6	0.4	0.696352201257862	0	0	0	0.580824699091993	1.3242479724579292	-1.3973722141562446	NO	P49336
340	L	340	6.721	-13.031	-16.711	0.4	0.751765344921238	0	0	0	0.5850587930405586	1.3714842711541826	-2.013417578001209	NO	P49336
341	P	341	4.792	-9.728	-16.554	0.4	0.762310606060606	0	0	0	0.3291683448009844	1.204667817053038	-1.399485577325524	NO	P49336
342	T	342	1.162	-9.942	-15.352	0.4	0.76010101010101	1	0	0	0.33687697680255313	1.1253075041207854	-1.308376142916587	NO	P49336
343	S	343	-1.897	-7.833	-16.268	-4.25	0.76010101010101	0	0	0	0.3279195889275685	0.7235464644454062	-0.4167717036105719	NO	P49336
344	D	344	-2.652	-7.359	-12.571	0.4	0.698380566801619	0	0	0	0.5850587930405586	0.47540756907386333	-0.3247083205488351	NO	P49336
345	V	345	0.51	-5.549	-11.353	0.4	0.646067415730337	1	0	0	0.3291683448009844	0.654043312101953	0.004089476100224724	NO	P49336
346	F	346	-0.203	-6.804	-7.788	0.4	0.641263940520446	0	0	0	0.5798720279535655	0.593384206442048	-0.28286132824804566	NO	P49336
347	A	347	-0.577	-10.412	-9.098	0.4	0.636029411764706	0	0	0	0.580824699091993	0.9594187342770432	-0.785025235857519	NO	P49336
348	G	348	-3.55	-11.05	-6.742	0.4	0.640740740740741	1	0	0	1	0.0981019839427831	-0.5816140308143704	NO	P49336
349	C	349	-1.709	-9.84	-3.585	0.4	0.533517835178352	0	0	0	1	0.2566839155655646	0.19100668077809357	NO	P49336
350	Q	350	-3.305	-7.753	-0.784	0.4	0.530024509803922	1	0	0	1	-0.05964545810619964	1.0562424253772165	NO	P49336
351	I	351	-2.699	-4.077	-1.712	0.4	0.532407407407407	0	0	0	1	0.12204988803764101	1.0562424253772165	NO	P49336
352	P	352	-0.852	-2.402	1.219	0.4	0.580342167058034	0	0	0	1	0.5111274985749443	0.23907533325582267	NO	P49336
353	Y	353	-0.806	1.148	-0.23	0.4	0.580808080808081	0	0	0	1	0.47321317483661257	1.0562424253772165	NO	P49336
354	P	354	-3.143	3.691	1.401	0.4	0.564165641656417	0	0	0	0.9999999999999999	0.33595369575485784	1.0562424253772165	NO	P49336
355	K	355	-6.053	5.214	-0.54	0.4	0.563725490196078	0	0	8.561324589235397	0.2114695340501792	-0.062318703850559015	1.0562424253772165	NO	P49336
356	R	356	-6.335	8.856	-1.659	0.4	0.564165641656417	0	0	8.561324589235397	0.2114695340501792	-0.24180979231266583	1.0562424253772165	NO	P49336
357	E	357	-6.836	11.348	1.185	0.4	0.561660561660562	0	0	104.29985575710958	0.010752688172043008	-0.25261396766797256	0.7993019558490286	YES	P49336
358	F	358	-9.557	13.969	0.574	0.4	0.477022058823529	0	0	19.714637109215744	0.030495328750220315	-0.6094454088199562	0.8121489793254383	YES	P49336
359	L	359	-9.139	17.772	0.384	0.4	0.477022058823529	0	0	59.92409301524907	2.818385433628017e-4	-0.5924042432532778	0.7993019558490286	YES	P49336
360	T	360	-11.163	20.987	0.941	-0.37	0.54118873826903	0	0	19.714637109215744	0.030495328750220315	-0.4797175559457611	0.7511256178124937	YES	P49336
361	E	361	-10.806	24.526	-0.499	0.4	0.417874396135266	0	0	19.714637109215744	0.030495328750220315	-0.46010087589703896	0.6807140468360188	YES	P49336
