Uniprot_position	aminoacid	Position_in_structure	x	y	z	paraz	mtr	gscount	pscount	OR	pvalue	mtr3dscore	paraz3dscore	HotSpot3D	Uniprot
3	E	3	49.903	120.573	121.037	-0.1	0.63265306122449	0	0	0	1	0.26186757529847215	-0.3444172435777942	NO	P62873
4	L	4	51.631	117.605	119.362	0.7	0.546218487394958	0	0	0	1	0.2932757972714705	0.5193299202665882	NO	P62873
5	D	5	48.825	115.171	120.276	-1.7	0.47578125	0	0	0	1	0.31633653072047313	1.210327651342094	NO	P62873
6	Q	6	46.143	117.751	119.361	-0.9	0.63855421686747	0	0	0	1	0.30239085291439444	0.8334197980281818	NO	P62873
7	L	7	47.733	118.31	115.922	1.5	0.577324973876698	0	0	0	1	0.3577900517254223	0.34658048749771175	NO	P62873
8	R	8	47.96	114.531	115.329	0.7	0.580808080808081	0	0	0	1	0.42737551602214574	-0.2248214824301105	NO	P62873
9	Q	9	44.295	114.075	116.346	0.3	0.535394265232975	0	0	0	1	0.5236554772972739	-0.7145945995111009	NO	P62873
10	E	10	43.212	116.893	113.99	-0.5	0.538194444444445	0	0	0	0.9999999999999999	0.622347952732178	-0.8626655418844237	NO	P62873
11	A	11	45.287	115.379	111.148	1.5	0.599067599067599	1	0	0	0.5527363363797276	0.725220322412461	-0.58626644945422135	NO	P62873
12	E	12	43.756	111.926	111.784	1.5	0.596622889305816	0	0	0	0.5527363363797276	0.8786319449104476	-1.4154637267448282	NO	P62873
13	Q	13	40.248	113.466	111.704	-0.5	0.553908355795148	0	0	0	0.5527363363797276	1.0849860860625804	-0.58626644945422135	NO	P62873
14	L	14	41.024	115.099	108.328	-0.9	0.64908256880733906	0	0	0	0.317066352132607	1.201774609597493	-0.8626655418844236	NO	P62873
15	K	15	42.333	111.753	107	-1.3	0.684018740239459	0	0	0	0.317066352132607	1.1396828140740694	-1.5172949713243764	NO	P62873
16	N	16	39.178	110.007	108.289	-1.3	0.744714349977508	0	0	0	0.317066352132607	1.486891180392693	-2.1064614578203344	NO	P62873
17	Q	17	37.037	112.721	106.646	-0.5	0.771784232365145	1	0	0	0.317066352132607	1.6842680331941515	-2.6592596426807384	NO	P62873
18	I	18	39.049	112.253	103.423	0.7	0.815261044176707	1	0	0	0.317066352132607	1.3357782276227086	-1.8049351751692044	NO	P62873
19	R	19	38.618	108.448	103.55	-1.7	0.818538324420677	0	0	0	0.317066352132607	1.3686629881010846	-2.75539845743907	NO	P62873
20	D	20	34.86	108.87	104.149	0.7	0.84207896051974	0	0	0	0.317066352132607	1.858608066879255	-4.101717406300857	NO	P62873
21	A	21	34.615	111.327	101.216	-1.7	0.845864661654135	2	0	0	0.317066352132607	1.9358390582164366	-3.7892441676159776	NO	P62873
22	R	22	36.305	108.826	98.854	-0.5	0.830588235294118	0	0	0	0.17492355220359698	1.4744550604826157	-1.7747825469040914	NO	P62873
23	K	23	33.989	105.991	99.977	-0.9	0.833653136531365	0	0	0	0.17492355220359698	1.9716337446182883	-3.044763640017601	NO	P62873
24	A	24	30.915	108.248	99.559	-1.3	0.885756457564576	0	0	0	0.317066352132607	2.1461367512209564	-3.350257373756244	NO	P62873
25	C	25	31.904	109.009	95.945	0.3	0.876058394160584	0	0	0	0.17492355220359698	1.7996986879992254	-1.7355047811376942	NO	P62873
26	A	26	32.509	105.312	95.158	-2.1	0.8825	1	0	0.2760075130961518	0.27369903868852435	1.844727953646179	-1.6523772345421446	NO	P62873
27	D	27	28.987	104.212	94.192	-1.3	0.925276752767528	0	0	0.2760075130961518	0.27369903868852435	2.606762554004465	-2.047233080871005	NO	P62873
28	A	28	30.189	101.764	91.52	-0.9	0.923687423687424	0	0	0.21364630983259483	0.16571915679963597	2.5543672689757995	-2.8137179590387933	NO	P62873
29	T	29	33.625	100.384	90.561	-0.1	0.956837944664031	1	0	0.21364630983259483	0.16571915679963597	1.73946019127668	-1.5222542851837702	NO	P62873
30	L	30	35.669	100.545	87.333	1.5	0.96302761028245	1	1	0.19094203129587398	0.10274235436820645	1.5003482321685857	-1.500509601338737	NO	P62873
31	S	31	35.596	96.719	87.034	-2.5	0.972826086956522	2	0	0.19094203129587398	0.10274235436820645	1.4991917295680783	-1.6738367914078436	NO	P62873
32	Q	32	31.77	96.762	87.323	-0.1	0.89830258302583	1	0	0.19094203129587398	0.10274235436820645	2.2262509369387806	-2.691777182966645	NO	P62873
33	I	33	30.96	99.399	84.664	0.7	0.88641975308642	2	0	0.21364630983259483	0.16571915679963597	2.202076414794275	-1.8381917504616085	NO	P62873
34	T	34	33.534	97.944	82.192	-0.5	0.866356489651853	0	0	0.19094203129587398	0.10274235436820645	1.6913387282739578	-1.7510911961243598	NO	P62873
35	N	35	32.298	94.319	82.544	-1.3	0.869565217391304	1	0	0.21364630983259483	0.16571915679963597	2.295637324772992	-1.8991621384976825	NO	P62873
36	N	36	29.915	94.737	79.58	-1.7	0.875222240181025	0	0	0.24137635442020985	0.27186689302573547	2.424471820194173	-1.8991621384976825	NO	P62873
37	I	37	32.711	96.195	77.382	-0.1	0.831556503198294	1	0	0.21364630983259483	0.16571915679963597	1.8184065645322696	-1.3233306959347608	NO	P62873
38	D	38	34.461	93.731	75.037	0.7	0.833866382373845	0	0	0	0.17492355220359698	1.527107674899142	-0.47397931815445155	NO	P62873
39	P	39	38.169	93.162	75.867	-0.9	0.83235241662208	1	0	0	0.10075677596424075	1.243928158720072	-2.0343573467515856	NO	P62873
40	V	40	41.312	93.578	73.728	-0.5	0.869888475836431	0	0	0	0.17492355220359698	0.7745777102790657	-0.5799846518989894	NO	P62873
41	G	41	42.005	89.827	73.45	1.1	0.787878787878788	1	0	0	0.17492355220359698	0.9647140760704036	-0.34441724357779413	NO	P62873
42	R	42	45.178	87.918	72.57	0.3	0.805626598465473	0	0	0	0.317066352132607	0.9947800777073813	-0.3749024375958312	NO	P62873
43	I	43	47.164	90.79	71.016	-0.1	0.822610294117647	0	0	0	0.317066352132607	0.7004063721823566	-0.644455732071106	NO	P62873
44	Q	44	50.954	90.918	71.47	-1.7	0.827952029520295	0	0	0.46246014092081966	0.6666357786681201	0.25489202075089856	-0.6968260864263022	NO	P62873
45	M	45	53.278	93.261	69.552	0.7	0.782791009728279	0	0	1.6317855802223318	0.6295953096312444	-0.19317345100517153	-0.40200038783408637	NO	P62873
46	R	46	56.088	91.707	67.481	-1.3	0.782085561497326	0	0	4.977306735402348	0.20663945381642174	-0.13189948232500648	-0.6553662225617718	NO	P62873
47	T	47	59.745	92.651	68.035	-0.1	0.756302521008403	0	0	4.977306735402348	0.20663945381642174	-0.4204006096121629	0.5507389080427475	NO	P62873
48	R	48	60.514	95.218	65.314	-0.1	0.730627306273063	0	0	41.76932828544838	0.0846584546472564	-1.0047051322300062	0.9276467613566598	NO	P62873
49	R	49	64.098	96.125	66.278	1.5	0.664206642066421	0	0	41.76932828544838	0.023667955062673843	-0.9824608831180142	1.4406602283672627	YES	P62873
50	T	50	66.9	95.128	68.657	-0.5	0.664206642066421	0	0	41.76932828544838	0.023667955062673843	-0.8030465858695837	1.7107053186726329	YES	P62873
51	L	51	69.173	98.119	69.365	1.5	0.625135663121337	0	0	8.624516800620226	0.007531089335238795	-0.844068540823172	1.8618397977847139	YES	P62873
52	R	52	72.582	96.534	70.063	0.7	0.586080586080586	0	1	8.624516800620226	0.007531089335238795	-0.8546061573846812	1.4807180678499006	YES	P62873
53	G	53	75.089	99.077	71.395	1.1	0.580652573529412	0	1	13.150178434459681	1.1972725978930903e-5	-0.9372548652925605	0.03563150851373404	YES	P62873
54	H	54	75.175	99.128	75.213	-1.3	0.583333333333333	0	0	15.120902367164717	2.9344122725526224e-6	-0.6486780004225355	0.381130374051487	YES	P62873
55	L	55	77.888	97.544	77.371	-0.9	0.496771217712177	0	0	9.87079599641569	1.6310157978362565e-4	-0.5815611424962682	0.7596769571624163	YES	P62873
56	A	56	76.419	97.77	80.887	-0.1	0.496771217712177	0	0	14.848643136607993	2.0710984401327995e-4	-0.6750902424478009	0.49275308445599175	YES	P62873
57	K	57	72.807	97.707	82.153	0.7	0.444857496902107	2	1	5.740314673548008	0.0038092956223239956	-0.842424571734413	0.6772722587981324	YES	P62873
58	I	58	70.48	100.297	80.56	0.7	0.44361833952912	0	0	5.461666843201973	0.0010553047626775532	-0.9209574752436279	1.0689872063493768	YES	P62873
59	Y	59	68.757	102.155	83.428	-0.1	0.419007490636704	0	0	3.989795414514602	0.01571471138364209	-0.9254148590329249	0.7496624972917567	YES	P62873
60	A	60	66.532	104.646	81.563	0.7	0.417444029850746	0	0	1.7464592913092962	0.3628048356309714	-0.8656502188152093	0.7026558489192734	NO	P62873
61	M	61	65.222	105.686	78.146	0.3	0.41589219330855	1	0	1.6868314334412717	0.3920277390766041	-1.105463745167301	0.6920793530354646	NO	P62873
62	H	62	62.82	108.265	76.692	-0.9	0.411669741697417	1	0	1.2362176053901666	0.7616164060840468	-0.8560393757561334	0.3396705101869566	NO	P62873
63	W	63	61.277	108.996	73.279	0.7	0.468341182626897	0	0	0.8861050615818538	1	-0.9806856299814912	0.40939846305003047	NO	P62873
64	G	64	61.225	112.426	71.627	0.7	0.46663190823774803	0	1	0.7840186397706677	1	-0.9438427781599457	0.29577183080098335	NO	P62873
65	T	65	58.192	114.389	70.422	-0.9	0.615384615384615	0	0	0.6620253342304263	1	-0.6599883812317111	0.13237119086430485	NO	P62873
66	D	66	58.56	113.287	66.772	0.7	0.587654320987654	0	0	1.208980087092141	1	-0.8721578274491429	0.03863584647493191	NO	P62873
67	S	67	58.546	109.561	67.79	-0.9	0.622222222222222	0	0	1.4813882905232183	0.6896545951768381	-0.9118310691569063	-0.12708731202985282	NO	P62873
68	R	68	61.649	109.111	65.601	-0.1	0.617647058823529	0	0	0.9543170447894623	1	-0.9532299417215074	0.17383105472883525	NO	P62873
69	L	69	64.688	109.325	67.886	-1.3	0.654411764705882	0	0	3.338472089092532	0.0514431720276616	-1.093400980988006	0.48197869155980405	NO	P62873
70	L	70	64.925	107.726	71.34	1.1	0.618189711308878	0	0	4.668089970896575	0.006726728065808175	-1.1321851675940098	0.7449618324545085	YES	P62873
71	V	71	67.56	108.449	74.007	0.7	0.613660848954967	0	0	4.668089970896575	0.006726728065808175	-0.9765073327882788	0.5193299202665882	YES	P62873
72	S	72	68.924	105.746	76.337	-0.1	0.64963503649635	0	0	13.082265858251334	3.4086984254555986e-7	-0.9673823759583218	0.6449658713712255	YES	P62873
73	A	73	71.212	106.136	79.375	-0.9	0.515942028985507	0	0	9.641285786126693	6.748305673514443e-6	-1.009684269554621	0.7542691488322603	YES	P62873
74	S	74	73.297	103.225	80.745	-0.1	0.460662525879917	0	0	9.517501969955147	1.1160207348082841e-5	-0.9426136844258037	0.43898134688571544	YES	P62873
75	Q	75	75.81	102.339	83.496	-0.1	0.501549732318963	0	0	11.95817575589286	9.272969936766048e-6	-0.9595971866075261	0.14421686625417063	YES	P62873
76	D	76	78.628	102.196	80.893	1.5	0.464025026068822	0	2	20.01565071451977	1.424285395062512e-7	-1.1154491887633433	-0.5665236571377782	NO	P62873
77	G	77	79.015	105.989	81.188	-0.1	0.399775407074677	0	3	20.01565071451977	1.424285395062512e-7	-0.9559138635488323	-0.14784030284079683	NO	P62873
78	K	78	77.394	106.37	77.767	-0.9	0.326923076923077	0	1	23.101934826484385	2.7982359457953598e-8	-1.035004400090644	0.07960409140035714	YES	P62873
79	L	79	74.158	108.082	76.731	0.7	0.325091575091575	0	0	17.277431641243115	4.227910934235483e-8	-1.0446047574459727	0.47614256207436906	YES	P62873
80	I	80	73.138	107.06	73.205	1.1	0.326923076923077	2	2	23.101934826484385	2.7982359457953598e-8	-0.9036077629912681	0.7167578434310184	YES	P62873
81	I	81	70.524	108.787	71.035	-0.9	0.298494983277592	0	0	8.499574457423295	5.458512306580303e-4	-0.9942594613003012	1.111613689759879	YES	P62873
82	W	82	69.164	106.151	68.641	1.5	0.28021978021978	0	0	8.499574457423295	5.458512306580303e-4	-0.9646653449839161	0.5556982219021411	YES	P62873
83	D	83	67.07	106.242	65.476	1.5	0.28046218487395	0	0	10.505900349805593	0.0024111326349961697	-0.9031284488117421	1.0622567089687713	YES	P62873
84	S	84	64.059	103.9	65.716	0.3	0.283078545071165	0	0	5.304157590370792	0.0600980981892827	-1.0684175528373872	0.5396533829452794	NO	P62873
85	Y	85	63.46	103.69	61.932	0.7	0.262730627306273	0	0	41.76932828544838	0.0846584546472564	-0.6883685281848867	1.012899728177664	NO	P62873
86	T	86	67.071	103.182	60.805	-0.1	0.281497100685293	0	0	41.76932828544838	0.2947368421052632	-0.8397923419144507	1.4542092034863903	NO	P62873
87	T	87	68.276	101.215	63.92	1.5	0.352912019826518	0	0	41.76932828544838	0.0064315095279005	-1.1128905977390633	1.3045546146705722	YES	P62873
88	N	88	71.35	103.446	63.868	-0.1	0.352912019826518	0	0	12.573038153871284	7.271601654811531e-4	-0.7405764228184305	1.3045546146705722	YES	P62873
89	K	89	73.356	105.674	66.237	-0.9	0.354228855721393	0	1	12.573038153871284	7.271601654811531e-4	-0.8956967740305252	0.8498070959983519	YES	P62873
90	V	90	72.635	109.429	65.946	-1.3	0.376719576719577	0	0	10.505900349805593	0.0024111326349961697	-0.822501382908977	0.6920793530354646	YES	P62873
91	H	91	74.632	110.629	68.977	-0.9	0.34962962962963	0	1	9.79973309432364	6.611220294217396e-4	-0.5983976821443561	-0.3045519898618996	NO	P62873
92	A	92	76.699	108.972	71.731	-0.1	0.409722222222222	0	2	35.447057052451235	3.30828302415469e-8	-0.694045032147973	0.06660726887229124	YES	P62873
93	I	93	77.313	111.408	74.582	-0.1	0.412779850746269	0	0	26.959321078699432	3.3432177555491636e-8	-0.7387876611897318	-0.7370295907797862	NO	P62873
94	P	94	80.023	110.419	77.114	0.3	0.410083643122677	0	1	35.447057052451235	3.30828302415469e-8	-1.0310869422025335	-1.1815875716115802	NO	P62873
95	L	95	78.81	111.191	80.652	0.7	0.409722222222222	0	1	40.76932828544838	6.183087067801813e-9	-0.7825102152776808	0.39369396916195065	YES	P62873
96	R	96	80.721	112.943	83.448	-1.3	0.188528943175783	0	1	41.76932828544838	5.565785916707627e-8	-0.647760007439194	-0.40200038783408637	NO	P62873
97	S	97	79.784	110.322	86.047	-1.7	0.222431077694236	0	0	41.76932828544838	1.07292258635328e-8	-0.869292594123452	-0.11638799232287728	NO	P62873
98	S	98	79.65	106.66	84.956	0.7	0.203788748564868	0	0	30.848810450765008	1.653210634906297e-7	-1.0005712674334706	0.2535615621606243	YES	P62873
99	W	99	76.309	106.072	86.741	0.7	0.189060010621349	0	0	20.38047448058183	7.824328186530165e-7	-1.1216922803034857	0.43295520388215	YES	P62873
100	V	100	72.962	107.331	85.464	0.7	0.188359788359788	0	0	15.120902367164717	2.9344122725526224e-6	-1.0054386834392484	0.5884296933741388	YES	P62873
101	M	101	69.548	106.426	86.933	-0.5	0.202279202279202	0	1	4.668089970896575	0.006726728065808175	-0.9140430181286897	1.0586452225694218	YES	P62873
102	T	102	67.415	108.72	84.728	-0.5	0.203031169573921	1	0	1.684260656844871	0.47407670972085886	-0.7171012798728856	0.9399372348342874	NO	P62873
103	C	103	67.232	110.216	81.256	1.5	0.221189591078067	0	0	2.9119318776390575	0.0699914139756036	-0.9128954421084291	0.77180986046725375	NO	P62873
104	A	104	65.069	112.704	79.368	1.5	0.241743275451141	0	0	1.7464592913092962	0.3628048356309714	-0.9824598708926763	0.5884296933741388	NO	P62873
105	Y	105	64.782	114.2	75.898	1.1	0.241743275451141	0	0	1.5947726323022873	0.516325930294281	-0.9709302621743108	0.7391928346997036	NO	P62873
106	A	106	63.196	117.594	75.242	0.3	0.244019138755981	0	1	1.2173332297928159	0.720230497129859	-1.207681661189622	1.0375782185732176	NO	P62873
107	P	107	59.857	118.02	73.39	1.5	0.266666666666667	1	0	0.49896397867717684	0.4983157455372413	-0.9305144465457094	-0.21485516900113685	NO	P62873
108	S	108	61.53	120.589	71.089	-0.1	0.266666666666667	0	0	1.208980087092141	1	-1.4052582574747325	0.7391928346997036	NO	P62873
109	G	109	64.202	117.994	70.174	1.5	0.268679245283019	0	0	1.208980087092141	1	-0.8695752724527502	0.8264400229668131	NO	P62873
110	N	110	67.203	120.079	71.271	-0.1	0.366380789022298	0	0	1.208980087092141	1	-0.9836002999305918	0.6522140993195701	NO	P62873
111	Y	111	68.264	119.365	74.872	-0.9	0.366380789022298	0	0	1.4813882905232183	0.6896545951768381	-1.1459786757054256	0.2889973432414195	NO	P62873
112	V	112	69.016	115.989	76.493	0.7	0.403018867924528	0	0	3.011778905643828	0.04560174624817526	-0.8868376086059582	0.36420798063739307	YES	P62873
113	A	113	69.005	115.546	80.29	1.5	0.447798742138365	0	0	1.3834648475161426	0.5676258569085082	-1.133609074194072	0.4280660689924648	NO	P62873
114	C	114	70.535	112.881	82.531	0.3	0.599326599326599	0	1	8.319689696805703	6.369904562654761e-5	-1.1083210039166684	0.1920152055466117	YES	P62873
115	G	115	71.496	112.243	86.148	1.5	0.599326599326599	0	0	17.36632145051781	5.5772448877125825e-5	-1.1210389451014684	0.3090262629827386	YES	P62873
116	G	116	71.992	109.686	88.894	0.3	0.666666666666667	0	0	9.79973309432364	6.611220294217396e-4	-1.0724298942784927	0.4661762486453955	YES	P62873
117	L	117	74.448	109.296	91.777	-0.5	0.666666666666667	0	0	12.573038153871284	7.271601654811531e-4	-1.0791678197686259	-0.1478403028407968	NO	P62873
118	D	118	76.11	112.619	90.83	1.5	0.567697228144989	0	2	8.624516800620226	0.007531089335238795	-1.0149226743145185	0.2810548405853793	YES	P62873
119	N	119	73.108	114.492	92.373	-0.5	0.498595505617978	0	0	6.894252341917638	0.022056183887014115	-1.104694677379106	-0.27963620628946545	NO	P62873
120	I	120	73.225	116.678	89.215	-0.9	0.503289473684211	0	0	5.689810944068648	0.01777100273572406	-1.0614225448077368	0.5024763170696247	YES	P62873
121	C	121	70.865	116.85	86.217	0.7	0.59706498951782	0	0	3.3316209989219123	0.07679071759883004	-1.1565835177402155	0.5193299202665882	NO	P62873
122	S	122	73.444	117.276	83.427	-0.9	0.674242424242424	0	0	3.3316209989219123	0.07679071759883004	-0.8868564313543058	0.300233078706062	NO	P62873
123	I	123	71.905	118.831	80.284	0.7	0.577922077922078	0	0	1.4229365536183716	0.7263540430203135	-1.0392742464426261	0.2725450163110504	NO	P62873
124	Y	124	73.367	118.389	76.764	-0.1	0.509030418250951	0	0	6.715314837862163	0.0013113505324068365	-0.7881509497189503	0.14581763319874716	YES	P62873
125	N	125	72.593	120.665	73.787	-0.1	0.599915504858471	1	0	2.531364861629201	0.35549583875836543	-0.7108473081680178	-1.1018570641797911	NO	P62873
126	L	126	72.385	118.905	70.395	0.3	0.60559796437659	0	0	5.304157590370792	0.0600980981892827	-0.8228363272332654	-0.9568925052129017	NO	P62873
132	N	132	79.567	118.768	68.754	-0.1	0.606215410813112	0	0	5.304157590370792	0.0600980981892827	-0.26105370816619544	-2.7761977202473624	NO	P62873
133	V	133	77.913	118.034	72.127	0.3	0.601605407689058	0	0	6.894252341917638	0.022056183887014115	-0.5902445539045378	-1.6918628191750307	NO	P62873
134	R	134	78.833	119.418	75.576	-1.3	0.59706498951782	0	0	8.624516800620226	0.007531089335238795	-0.37302573372828207	-1.7510911961243598	NO	P62873
135	V	135	77.449	120.388	79.01	-1.7	0.536842105263158	0	0	5.304157590370792	0.0600980981892827	-0.26350301988015545	-1.2945391238066148	NO	P62873
136	S	136	75.096	123.401	78.794	-1.3	0.533333333333333	1	0	0	0.5527363363797276	-0.37623491780279666	-0.7762908254999854	NO	P62873
137	R	137	73.967	123.806	82.424	-0.9	0.53134328358209	0	0	0.46246014092081966	0.6666357786681201	-0.7117841955493427	-0.24844533648397388	NO	P62873
138	E	138	74.867	121.387	85.243	-0.5	0.529368029739777	0	0	3.3725814778253187	0.11827153709400155	-0.5055067131138257	0.27413717698173123	NO	P62873
139	L	139	71.819	121.633	87.536	-0.1	0.484848484848485	0	0	1.2173332297928159	0.720230497129859	-0.9133524339759101	0.7957290126967906	NO	P62873
140	A	140	73.579	121.021	90.875	-0.5	0.484848484848485	1	0	2.472784119232891	0.5786646647055405	-0.649496577897445	0.98822123778211	NO	P62873
141	G	141	71.402	121.525	93.973	0.3	0.401503759398496	0	0	0.9543170447894623	1	-1.0623103477544078	0.20957231668101667	NO	P62873
142	H	142	70.084	118.225	95.406	1.5	0.367768595041322	0	0	1.6317855802223318	0.6295953096312444	-0.9890862177267897	1.0097154068363021	NO	P62873
143	T	143	71.115	116.464	98.637	0.3	0.446115288220551	0	0	2.472784119232891	0.5786646647055405	-0.9328736909583998	0.5507389080427476	NO	P62873
144	G	144	70.718	112.929	97.19	-0.1	0.447798742138365	0	0	1.6317855802223318	0.6295953096312444	-0.6189627444834298	0.9141857665954487	NO	P62873
145	Y	145	70.725	110.892	93.969	-0.1	0.36843910806175	0	0	2.5948104062427966	0.22903612097608456	-0.9331194939193955	0.7077838469235445	NO	P62873
146	L	146	68.721	112.093	90.943	1.1	0.368801652892562	0	0	2.049273174765105	0.4419897893573691	-0.8348944534154294	0.8154718050132336	NO	P62873
147	S	147	65.915	109.535	90.486	-0.5	0.367409948542024	0	0	2.5948104062427966	0.22903612097608456	-0.4784166394580207	1.3004577901780296	NO	P62873
148	C	148	63.826	110.941	87.613	-0.9	0.371240926374006	0	0	0.5703695062307542	0.7180617412936562	-0.403178073367113	1.3322684274142422	NO	P62873
149	C	149	63.609	114.082	85.458	0.3	0.367768595041322	0	0	1.2173332297928159	0.720230497129859	-0.7046919425368421	1.2535150095343133	NO	P62873
150	R	150	61.418	115.314	82.563	-1.3	0.365003417634997	0	0	0.6865780207506693	0.7491317065841706	-0.7591878213366896	0.9897964605733156	NO	P62873
151	F	151	61.428	118.385	80.275	1.5	0.366028708133971	0	0	0.7753296279859688	1	-0.9267650244666283	0.90696279379675	NO	P62873
152	L	152	58.491	120.807	80.603	-0.5	0.242424242424242	0	0	0.24137635442020985	0.27186689302573547	-0.5918395890875644	0.07960409140035721	NO	P62873
153	D	153	59.752	123.076	77.813	-0.5	0.244253859348199	0	0	0.24137635442020985	0.27186689302573547	-1.192097845484812	0.35253736448974193	NO	P62873
154	D	154	63.086	124.135	76.247	-0.9	0.244253859348199	1	0	0.46246014092081966	0.6666357786681201	-1.7955286711948837	1.4590868345292762	NO	P62873
155	N	155	63.704	126.519	79.189	-0.9	0.242652084757348	0	0	0.2760075130961518	0.27369903868852435	-1.6227018918414395	0.3657748689164758	NO	P62873
156	Q	156	62.115	124.702	82.155	-0.1	0.132584269662921	1	0	0.2760075130961518	0.27369903868852435	-1.391622618858491	0.35674221883705737	NO	P62873
157	I	157	62.803	121.186	83.494	1.5	0.133584905660377	0	0	0.5703695062307542	0.7180617412936562	-1.1867226420763775	0.2943539148001444	NO	P62873
158	V	158	61.504	119.251	86.547	0.7	0.121440823327616	1	0	0.5703695062307542	0.7180617412936562	-0.35840315639099996	0.8038583977682671	NO	P62873
159	T	159	63.466	116.736	88.673	-0.5	0.224116161616162	0	0	0.2760075130961518	0.27369903868852435	-0.640284156280438	0.7496624972917568	NO	P62873
160	S	160	62.893	114.226	91.496	0.3	0.221598002496879	0	0	0.7840186397706677	1	-0.19100612493793506	1.0883868752699462	NO	P62873
161	S	161	65.562	112.949	93.902	0.3	0.241743275451141	0	0	1.2173332297928159	0.720230497129859	-0.21064856269714657	1.021873724685138	NO	P62873
162	G	162	66.556	110.732	96.835	1.5	0.332397003745318	0	0	3.8353442400892783	0.15038424146666696	0.003646456993521014	1.210327651342094	NO	P62873
163	D	163	66.634	113.893	98.997	-0.9	0.332397003745318	0	0	0	0.316140340406685	-0.24057958053020242	0.6575294664816894	NO	P62873
164	T	164	62.834	113.421	99.576	-0.1	0.332397003745318	0	0	0	0.316140340406685	0.22279996982997996	1.4778106440164835	NO	P62873
165	T	165	62.048	116.536	97.454	0.3	0.332706766917293	1	0	0	0.10075677596424075	0.2760976531901892	1.012899728177664	NO	P62873
166	C	166	61.304	117.205	93.783	1.5	0.332089552238806	0	0	0	0.09992416940474866	0.32522242186564687	0.8116751141831483	NO	P62873
167	A	167	62.409	120.519	92.252	-0.1	0.330855018587361	0	0	0	0.09992416940474866	-0.4943015183421916	0.9276467613566599	NO	P62873
168	L	168	61.664	122.609	89.149	1.1	0.327205882352941	0	0	0	0.10075677596424075	-0.47794602639259287	0.5353996349427628	NO	P62873
169	W	169	64.684	124.125	87.368	1.1	0.326923076923077	0	0	0	0.10075677596424075	-1.2670690197308683	0.2535615621606244	NO	P62873
170	D	170	65.55	126.856	84.861	1.5	0.358957219251337	0	0	0	0.10075677596424075	-1.4299362690993882	-0.19634630120447147	NO	P62873
171	I	171	68.208	125.923	82.268	0.3	0.357332448573324	0	0	0.2760075130961518	0.27369903868852435	-1.175315681355815	-0.04603185970428024	NO	P62873
172	E	172	69.05	129.516	81.209	0.3	0.359959893048128	0	0	0	0.317066352132607	-1.3493291332952018	-0.5517165629004459	NO	P62873
173	T	173	69.527	130.772	84.786	-0.5	0.478188478188478	0	0	0	0.316140340406685	-1.3139537396305592	-0.08529309442447941	NO	P62873
174	G	174	70.804	127.505	86.295	1.1	0.397416974169742	1	0	0	0.317066352132607	-0.9788317870996345	-0.05149429236100359	NO	P62873
175	Q	175	68.854	127.5	89.563	1.5	0.397416974169742	0	0	0	0.17492355220359698	-1.3004871608684712	0.21529091859336563	NO	P62873
176	Q	176	65.814	126.027	91.339	-0.9	0.400371747211896	0	0	0	0.10075677596424075	-1.2250127950045404	0.9032175486418693	NO	P62873
177	T	177	62.647	128.045	90.614	-1.3	0.401865671641791	1	0	0	0.317066352132607	-1.0597633123799435	0.4927530844559919	NO	P62873
178	T	178	60.458	126.175	93.128	-1.7	0.404887218045113	0	0	0	0.17492355220359698	-0.4096301755980948	0.6298895572386691	NO	P62873
179	T	179	61.031	123.186	95.452	-0.5	0.446517412935323	1	0	0	0.10075677596424075	-0.29727099773543597	0.7099499840115553	NO	P62873
180	F	180	58.271	120.579	95.911	0.3	0.515212399540758	0	0	0	0.09992416940474866	0.5885340257861615	0.29577183080098335	NO	P62873
181	T	181	58.298	119.223	99.496	-2.1	0.674812030075188	0	0	0	0.17492355220359698	0.8122996845759657	0.5961074459416446	NO	P62873
182	G	182	55.886	116.587	100.846	1.5	0.674812030075188	1	0	0	0.17492355220359698	1.5582667289871182	0.47474942148752325	NO	P62873
183	H	183	57.087	112.965	100.666	1.5	0.726015557476232	0	0	0	0.316140340406685	1.4352862567268034	0.9141857665954487	NO	P62873
184	T	184	58.504	110.899	103.555	-0.1	0.674812030075188	0	0	0	0.5527363363797276	1.5790757213220499	0.4565119447142695	NO	P62873
185	G	185	60.883	108.528	101.727	1.1	0.669776119402985	0	0	0	0.5527363363797276	1.0772684834623991	1.1362921801554327	NO	P62873
186	D	186	62.996	108.963	98.591	-0.9	0.721297359357061	0	0	0	0.5527363363797276	0.7889081656682406	0.6449658713712255	NO	P62873
187	V	187	61.149	109.907	95.376	0.3	0.727431059506531	0	0	0	0.5527363363797276	0.792387826938231	0.4206159586843731	NO	P62873
188	M	188	61.724	107.384	92.552	0.7	0.727431059506531	1	0	0.46246014092081966	0.6666357786681201	0.4576020937618228	0.8498070959983519	NO	P62873
189	S	189	59.718	108.578	89.535	-0.1	0.850868232890705	0	0	0.21364630983259483	0.16571915679963597	0.2998855385653268	0.40651396417262803	NO	P62873
190	L	190	57.584	111.397	88.154	1.5	0.809774436090225	0	0	0	0.09992416940474866	0.4213909019234978	0.8648287858043412	NO	P62873
191	S	191	55.335	111.996	85.142	-1.7	0.808301886792453	0	0	0	0.008981764437730279	0.5643229686128075	0.11037207942598262	NO	P62873
192	L	192	54.218	115.232	83.471	-0.5	0.805263157894737	0	0	0	0.05416077493444168	0.42961272766507286	0.12200622489817226	NO	P62873
193	A	193	50.669	115.767	82.216	-0.9	0.84433962264151	0	0	0	0.10075677596424075	1.289371514511216	-0.3789671301315695	NO	P62873
194	P	194	49.914	116.553	78.523	-0.1	0.848384030418251	2	0	0	0.09992416940474866	0.43910150563886297	-2.3552206410075165	NO	P62873
195	D	195	49.03	120.142	79.529	-2.1	0.84280303030303	1	0	0	0.317066352132607	1.0926986106919894	-1.9537145909510119	NO	P62873
196	T	196	52.29	120.41	81.58	-0.9	0.848384030418251	2	0	0	0.09992416940474866	0.674821982331255	0.04945146313524415	NO	P62873
197	R	197	50.417	122.408	84.266	-0.9	0.964959568733154	0	0	0	0.17492355220359698	1.9377103794682227	-1.257521388213284	NO	P62873
198	L	198	50.321	119.593	86.879	-0.5	0.958646616541353	0	0	0	0.030882341120364042	1.7995402020069675	-0.4091982808661228	NO	P62873
199	F	199	52.441	116.462	87.514	0.3	0.962264150943396	0	0	0	0.030194208795308607	1.133003608674474	-0.28928444588559954	NO	P62873
200	V	200	52.671	113.384	89.789	-0.1	0.955961331901181	0	0	0	0.015991329560091756	1.1884068906086196	0.5062922272274277	NO	P62873
201	S	201	55.441	111.484	91.618	1.5	0.963203463203463	0	0	0	0.05416077493444168	1.1179750232067547	0.3589197326954886	NO	P62873
202	G	202	55.647	108.068	93.328	1.5	0.955961331901181	0	0	0	0.09992416940474866	0.9888767360839942	0.9032175486418692	NO	P62873
203	A	203	57.971	107.597	96.319	0.3	1.00280898876405	0	0	0	0.317066352132607	1.0608463588519599	0.8334197980281818	NO	P62873
204	C	204	59.558	105	98.639	-0.1	1.01037735849057	0	0	0	0.9999999999999999	1.1125048023804178	0.5821478958189069	NO	P62873
205	D	205	56.851	105.649	101.291	1.5	1.00280898876405	0	0	0	0.9999999999999999	1.575292803994925	0.5884296933741388	NO	P62873
206	A	206	54.126	104.011	99.102	-0.9	0.995353159851301	0	0	0	0.316140340406685	1.4942490072400219	0.7365006357474614	NO	P62873
207	S	207	52.361	107.254	98.123	-0.9	1.00280898876405	0	0	0	0.317066352132607	1.6199412882658852	0.6920793530354646	NO	P62873
208	A	208	51.868	109.269	94.918	-0.9	0.995353159851301	0	0	0	0.05416077493444168	1.4623370232403834	0.5961074459416443	NO	P62873
209	K	209	51.376	113.059	95.142	-0.5	1.00280898876405	0	0	0	0.10075677596424075	1.7903319363597308	1.012899728177664	NO	P62873
210	L	210	49.813	115.433	92.583	-0.1	1.11423220973783	0	0	0	0.10075677596424075	1.7166186497268812	0.1267175730645962	NO	P62873
211	W	211	51.761	118.718	92.306	1.5	1.06966292134831	0	0	0	0.05416077493444168	1.6322132076671318	0.33748841208882346	NO	P62873
212	D	212	51.13	122.1	90.656	1.5	0.888059701492537	0	0	0	0.09992416940474866	1.752585992187685	-0.8626655418844236	NO	P62873
213	V	213	53.853	123.52	88.365	0.3	0.661710037174721	0	0	0	0.030882341120364042	0.8489966151425158	-0.6620532973786315	NO	P62873
214	R	214	53.006	127.246	88.595	1.5	0.656826568265683	0	0	0	0.09992416940474866	0.9756695365064968	-0.44806690323912	NO	P62873
215	E	215	51.7	127.218	92.191	-1.7	0.869352869352869	0	0	0	0.317066352132607	1.842131344397946	-0.6323329648592549	NO	P62873
216	G	216	54.3	124.937	93.807	-0.5	0.875768757687577	0	0	0	0.09992416940474866	1.0304740303776672	-0.3651471755100593	NO	P62873
217	M	217	52.14	122.971	96.246	-0.5	0.869352869352869	1	0	0	0.17492355220359698	1.461755255146793	-0.033468264593816494	NO	P62873
218	C	218	50.796	119.442	96.828	1.5	0.784615384615385	1	0	0	0.17492355220359698	1.938987671656032	0.8116751141831483	NO	P62873
219	R	219	47.194	119.221	95.571	-1.3	0.776086956521739	1	0	0	0.317066352132607	2.1845951732426507	0.34658048749771175	NO	P62873
220	Q	220	46.328	115.695	96.759	0.3	0.651459854014599	0	0	0	0.17492355220359698	1.9517039429232392	1.210327651342094	NO	P62873
221	T	221	47.92	112.43	97.966	-0.5	0.554347826086957	0	0	0	0.317066352132607	2.0326018716541623	0.608490917824718	NO	P62873
222	F	222	47.17	108.859	96.807	1.5	0.554347826086957	0	0	0	0.09992416940474866	1.5321311725984463	0.451915507478734	NO	P62873
223	T	223	47.787	105.799	99.027	-2.1	0.554347826086957	0	0	0	0.316140340406685	1.5688521424261552	-0.3139320495597572	NO	P62873
224	G	224	46.931	102.465	97.367	-0.1	0.646739130434783	0	0	0	0.316140340406685	0.9695056461919229	0.17383105472883525	NO	P62873
225	H	225	50.259	100.593	97.387	-0.9	0.652014652014652	0	0	0	0.317066352132607	0.8678384958873646	0.20184447625892327	NO	P62873
226	E	226	51.905	98.742	100.285	-1.7	0.652014652014652	0	0	0	0.9999999999999999	1.1663320014144622	0.08745633834439696	NO	P62873
227	S	227	55.564	98.717	99.186	1.5	0.588429752066116	0	0	0	0.5527363363797276	1.102349615896477	0.2889973432414195	NO	P62873
228	D	228	57.675	101.476	97.571	-0.9	0.646209386281588	0	0	0	0.316140340406685	1.204845470642016	0.7496624972917568	NO	P62873
229	I	229	56.379	103.033	94.318	0.7	0.603128760529483	0	0	0	0.10075677596424075	1.121963198210923	0.9747602430208988	NO	P62873
230	N	230	59.125	102.746	91.675	-0.1	0.603128760529483	0	0	0	0.030882341120364042	0.7584807100492733	0.48928654065460964	NO	P62873
231	A	231	57.339	104.075	88.565	0.3	0.56339928057554	0	0	0	0.030194208795308607	0.40310517325243594	0.0722137413353785	NO	P62873
232	I	232	54.481	106.392	87.597	0.7	0.537084398976982	0	0	0	0.030882341120364042	0.8094228763082154	0.32190199710215794	NO	P62873
233	C	233	52.81	107.493	84.332	-1.3	0.537084398976982	1	0	0.19094203129587398	0.10274235436820645	0.4211655245417798	0.8133715079582928	NO	P62873
234	F	234	49.898	109.746	83.313	-0.5	0.45704612780364	0	0	0.172015122173229	0.09955998359962008	0.7852024978384265	0.5353996349427628	NO	P62873
235	F	235	46.734	108.69	81.469	-1.3	0.402901785714286	0	0	0.2760075130961518	0.27369903868852435	0.1303815398042791	0.025760112355512576	NO	P62873
236	P	236	46.543	110.314	77.942	1.5	0.457938013915244	0	0	0.2760075130961518	0.27369903868852435	-0.1414579155618886	-2.0373616847127836	NO	P62873
237	N	237	43.675	112.722	78.841	0.7	0.457938013915244	0	0	0.32048387013239144	0.42936490080902495	0.15149479112594055	-0.20307679858507705	NO	P62873
238	G	238	45.344	114.031	82.046	1.5	0.459585272958104	0	0	0	0.09992416940474866	1.000379558173366	-0.4184527147644555	NO	P62873
239	N	239	42.731	113.056	84.677	-1.3	0.459585272958104	0	0	0	0.17492355220359698	0.7664977197780269	0.39593746828881926	NO	P62873
240	A	240	44.28	109.726	85.801	-0.1	0.455042016806723	1	0	0	0.05416077493444168	0.6206760301919145	0.14581763319874716	NO	P62873
241	F	241	47.57	107.83	86.21	0.3	0.50457984866587	0	0	0	0.030882341120364042	0.652142594352208	0.8498070959983519	NO	P62873
242	A	242	49.09	104.37	86.805	-0.1	0.499211977935382	0	0	0	0.10075677596424075	0.1904972789158453	1.1704623976261996	NO	P62873
243	T	243	51.888	103.452	89.238	0.7	0.502777777777778	2	0	0	0.030882341120364042	0.5420860765045058	0.766114824222126	NO	P62873
244	G	244	54.253	100.46	89.382	1.5	0.529411764705882	0	0	0	0.030194208795308607	0.4580503844785328	0.442552394591532	NO	P62873
245	S	245	55.438	99.371	92.849	0.3	0.529411764705882	0	0	0	0.09992416940474866	0.6147897898421486	0.07960409140035714	NO	P62873
246	D	246	57.595	96.86	94.747	0.7	0.529411764705882	0	0	0	0.10075677596424075	0.44740466096314174	0.2386120920171639	NO	P62873
247	D	247	54.361	95.056	95.79	1.5	0.570976670620799	0	0	0	0.317066352132607	0.2167660420972714	-1.5752569520560389	NO	P62873
248	A	248	53.962	93.569	92.242	0.3	0.566941499803691	0	0	0	0.10075677596424075	-0.19679170878282168	-0.6257520340871073	NO	P62873
249	T	249	50.696	95.463	91.609	0.7	0.527117229870672	0	0	0	0.09992416940474866	-0.06202432548576945	-0.5087398747481889	NO	P62873
250	C	250	49.991	98.28	89.131	1.5	0.527117229870672	0	0	0	0.030194208795308607	-0.17754821492603579	-0.25296166152368316	NO	P62873
251	R	251	47.321	100.665	90.482	-0.5	0.527527737073477	1	0	0	0.10075677596424075	0.3360430908530244	0.2680580180573133	NO	P62873
252	L	252	45.186	103.143	88.507	1.5	0.560498220640569	0	0	0.21364630983259483	0.16571915679963597	0.13522612395873124	0.1267175730645962	NO	P62873
253	F	253	44.1	106.386	90.221	0.7	0.602888842369688	0	0	0.2760075130961518	0.27369903868852435	0.6808248313875945	-0.18894275408580538	NO	P62873
254	D	254	41.643	109.189	89.372	1.5	0.60672268907563	0	0	0.24137635442020985	0.27186689302573547	0.8724911243901982	-0.03346826459381653	NO	P62873
255	L	255	42.501	112.863	89.961	1.1	0.568120503597122	0	0	0	0.5527363363797276	1.0610281762577254	0.4078786733189259	NO	P62873
256	R	256	38.818	113.894	89.852	1.5	0.523188405797102	1	0	0	0.316140340406685	0.7651209573024119	0.6920793530354646	NO	P62873
257	A	257	37.644	111.082	92.164	1.1	0.538576300085252	0	0	0.2760075130961518	0.27369903868852435	1.3447680647101374	-0.5555554391841987	NO	P62873
258	D	258	40.867	111.258	94.268	-0.9	0.57223731884058	0	0	0	0.10075677596424075	1.3154192965144775	-1.0632777863902156	NO	P62873
259	Q	259	41.033	107.479	94.895	0.3	0.467132505175983	0	0	0.21364630983259483	0.16571915679963597	1.2548028570906726	-1.1427997571853044	NO	P62873
260	E	260	42.309	104.115	93.624	-0.5	0.503496503496504	0	0	0.19094203129587398	0.10274235436820645	1.0444063032712845	-0.6797543777762014	NO	P62873
261	L	261	40.073	103.084	90.709	0.7	0.556988138215575	0	0	0.14224923841730214	0.06000351627267668	0.98043471473657	-0.6500508553996526	NO	P62873
262	M	262	41.578	99.732	89.724	-0.9	0.561038961038961	1	0	0.15599098362131938	0.05852818057279028	0.7633399852846792	-0.32961014934046196	NO	P62873
263	T	263	44.404	97.338	90.673	-0.9	0.604195804195804	0	0	0.2760075130961518	0.27369903868852435	0.3871231790613143	0.20524004250499459	NO	P62873
264	Y	264	46.163	95.18	88.047	0.7	0.604195804195804	0	0	0.19094203129587398	0.10274235436820645	0.07428516545663401	-0.2559358267937355	NO	P62873
265	S	265	47.857	92.106	89.55	-1.3	0.654545454545455	0	0	0	0.10075677596424075	-0.22072287010718267	-1.531373023570397	NO	P62873
266	H	266	48.537	88.362	89.383	-1.7	0.603165787281311	0	0	0	0.5527363363797276	-0.18664186526207557	-2.313760777142986	NO	P62873
267	D	267	49.643	85.69	91.891	-0.9	0.506293706293706	0	0	0	1	-0.11074840902986308	-2.7472048084539855	NO	P62873
268	N	268	52.419	84.271	89.66	0.7	0.473574045002616	1	0	0	0.9999999999999999	-0.42128981767311463	-3.45390703341757	NO	P62873
269	I	269	53.883	87.79	89.26	-2.1	0.412087912087912	0	0	0	0.17492355220359698	-0.46149938707424404	-1.1114247250716058	NO	P62873
270	I	270	55.875	88.07	92.522	-2.1	0.409090909090909	0	0	0	0.5527363363797276	-0.40600784151009317	-2.0820733026059046	NO	P62873
271	C	271	58.512	90.718	91.675	-0.9	0.408740942028985	0	0	0	0.317066352132607	-0.5029843775560823	0.058664766216250906	NO	P62873
272	G	272	57.901	94.484	91.609	-0.9	0.325812274368231	1	0	0	0.09992416940474866	-0.3489697239813908	0.08979079013857094	NO	P62873
273	I	273	57.3	96.804	88.645	-0.1	0.358134920634921	0	0	0	0.030882341120364042	-0.4061200522007171	0.24614477077162067	NO	P62873
274	T	274	60.179	98.896	87.231	-0.5	0.33955857385399	0	0	0	0.030194208795308607	-0.25586671983658	0.9850023042522551	NO	P62873
275	S	275	58.411	101.1	84.642	1.5	0.387096774193548	0	0	0	0.0044441233755288575	-0.3076471426470732	0.7632114724108844	NO	P62873
276	V	276	54.867	101.705	83.327	1.5	0.387096774193548	1	0	0.172015122173229	0.09955998359962008	-0.2682292524442382	0.7225645470535017	NO	P62873
277	S	277	53.369	103.505	80.309	-1.7	0.383571428571429	0	0	0.3558177759315732	0.2198084886046746	-0.5158020859875662	0.32190199710215794	NO	P62873
278	F	278	50.022	103.884	78.501	1.5	0.380851063829787	0	0	0.3949026436219316	0.33263931545421604	-0.5851134562798351	0.09798984034249923	NO	P62873
279	S	279	49.225	103.625	74.784	1.5	0.383571428571429	0	1	0.6620253342304263	1	-0.8135189690148513	-0.737029590779786	NO	P62873
280	K	280	48.007	106.542	72.605	-1.7	0.386021505376344	0	0	0.9543170447894623	1	-0.5393073753494744	-1.028504997342545	NO	P62873
281	S	281	44.359	105.835	73.468	0.3	0.467904855001629	0	0	0.7920124247132478	1	-0.7195820795767732	-0.41201484770474583	NO	P62873
282	G	282	45.126	104.656	77.022	1.1	0.490186038573135	0	0	0.32048387013239144	0.42936490080902495	-0.6671984036910749	0.14039568064453656	NO	P62873
283	R	283	43.332	101.3	76.677	0.3	0.491949297704693	0	0	0.37970313463294814	0.6696323109946987	0.07423587695322911	-0.033468264593816494	NO	P62873
284	L	284	46.567	99.298	76.896	-0.1	0.453610108303249	0	0	0.32048387013239144	0.42936490080902495	-0.01977328802145005	-0.2080361124444706	NO	P62873
285	L	285	48.616	99.828	80.068	1.5	0.414670167377749	0	0	0.19094203129587398	0.10274235436820645	-0.3321945413124825	0.43295520388215	NO	P62873
286	L	286	52.098	98.333	79.67	0.3	0.414670167377749	0	0	0.3558177759315732	0.2198084886046746	-0.464488345352993	0.36420798063739307	NO	P62873
287	A	287	54.222	97.483	82.721	-0.1	0.437575757575758	0	0	0.11990521570437354	0.018996094112161986	-0.47964955658679187	0.21221981756636332	NO	P62873
288	G	288	57.85	96.313	82.945	1.5	0.416425679583574	1	0	0	0.008981764437730279	-0.5070298980091416	0.8371888765613208	NO	P62873
289	Y	289	58.521	93.745	85.687	-0.5	0.464944649446495	0	0	0	0.030194208795308607	-0.4063189653631909	0.5794166794905451	NO	P62873
290	D	290	61.643	92.443	87.465	-0.9	0.466666666666667	1	0	0	0.10075677596424075	-0.5465658200446073	0.1090500174405065	NO	P62873
291	D	291	61.266	88.858	86.067	1.5	0.464944649446495	0	0	0	0.17492355220359698	-0.5924109730607899	-0.7886300706977624	NO	P62873
292	F	292	62.585	89.669	82.537	0.3	0.398161764705882	0	0	0	0.10075677596424075	-0.5315942811812986	-0.03346826459381656	NO	P62873
293	N	293	59.05	90.307	81.154	-0.5	0.416058394160584	1	0	0.24137635442020985	0.27186689302573547	-0.6364820029210416	-0.03346826459381656	NO	P62873
294	C	294	56.618	93.124	80.319	0.3	0.462820512820513	0	0	0.19094203129587398	0.10274235436820645	-0.5703944860157365	0.019459221190690306	NO	P62873
295	N	295	52.882	92.338	80.557	-0.5	0.440781440781441	0	0	0	0.09992416940474866	-0.14932137006686205	-0.023596868435595025	NO	P62873
296	V	296	50.377	94.35	78.482	0.7	0.437575757575758	2	0	0.2760075130961518	0.27369903868852435	-0.059350100705864904	0.5366048635434758	NO	P62873
297	W	297	47.346	95.011	80.722	-0.1	0.434782608695652	0	0	0.24137635442020985	0.27186689302573547	0.14037871748404365	0.17383105472883525	NO	P62873
298	D	298	43.915	96.275	79.694	1.5	0.458181818181818	0	0	0.24137635442020985	0.27186689302573547	0.41938040604965354	-0.1716678108089177	NO	P62873
299	A	299	43.249	99.479	81.67	-2.5	0.461538461538462	0	0	0.3558177759315732	0.2198084886046746	0.17100953891111592	0.1485506499333899	NO	P62873
300	L	300	39.459	98.914	81.943	0.7	0.512820512820513	0	0	0.15599098362131938	0.05852818057279028	1.0648500327850634	-0.797884504596095	NO	P62873
301	K	301	38.9	95.126	81.872	-0.1	0.516135620915033	0	0	0.13033456417750852	0.033258239305125434	1.2058621083098129	-0.9317653149919742	NO	P62873
302	A	302	41.607	94.376	84.519	0.3	0.568802521008403	0	0	0.11990521570437354	0.018996094112161986	0.997770677637059	-0.5665236571377782	NO	P62873
303	D	303	43.259	91.483	82.655	-0.5	0.592883211678832	0	0	0	0.05416077493444168	0.6617781571602982	-1.2638900308960077	NO	P62873
304	R	304	46.485	90.806	80.733	-0.9	0.554744525547445	1	0	0	0.317066352132607	0.34602715934964634	-0.8626655418844236	NO	P62873
305	A	305	45.786	91.11	76.987	-0.1	0.651624548736462	0	0	0	0.317066352132607	0.5599672310717001	0.025760112355512576	NO	P62873
306	G	306	49.278	89.903	76.037	-0.5	0.617328519855596	0	0	0	0.10075677596424075	0.5592326551804647	-0.5309866309681808	NO	P62873
307	V	307	52.852	89.636	77.316	0.7	0.586462093862816	0	0	0	0.10075677596424075	0.11694754348136807	-0.004875255032071448	NO	P62873
308	L	308	56.261	90.693	75.944	0.7	0.586462093862816	0	0	0.37970313463294814	0.6696323109946987	-0.3696529274062906	0.1442168662541707	NO	P62873
309	A	309	59.336	88.52	76.622	-0.9	0.548736462093863	1	0	0.37970313463294814	0.6696323109946987	-0.4275025074016571	0.6575294664816894	NO	P62873
310	G	310	62.395	89.54	74.584	-1.3	0.551776553296599	0	0	0.7920124247132478	1	-0.40838359503122884	0.9590557491328193	NO	P62873
311	H	311	64.9	90.386	77.339	1.5	0.586666666666667	0	0	0.7840186397706677	1	-0.6240283420109637	0.8864224649004507	NO	P62873
312	D	312	66.956	87.947	79.441	-0.5	0.494069343065694	0	0	0.9543170447894623	1	-0.7120786792180961	0.3465804874977116	NO	P62873
313	N	313	67.469	90.231	82.47	0.3	0.465006440532417	0	0	0.37970313463294814	0.6696323109946987	-0.5870466064459487	0.8116751141831483	NO	P62873
314	R	314	64.917	92.546	84.165	0.7	0.439172749391728	0	0	0.24137635442020985	0.27186689302573547	-0.609084036207049	0.330875993609632	NO	P62873
315	V	315	63.492	95.444	82.12	1.5	0.438787878787879	0	0	0.3949026436219316	0.33263931545421604	-0.7909300433770482	0.37125897789326545	NO	P62873
316	S	316	64.348	98.838	83.659	-0.9	0.497252747252747	0	0	0.3558177759315732	0.2198084886046746	-0.7693084064376828	0.6810527934970256	NO	P62873
317	C	317	62.657	101.454	81.477	-0.1	0.494069343065694	2	0	0.5017611813411229	0.37936622215565863	-0.7968994879246036	0.2716137525225389	NO	P62873
318	L	318	59.455	101.446	79.431	0.3	0.496806569343066	0	0	0.5531649548061108	0.5407979190882165	-0.9578768735380697	1.3398897259187514	NO	P62873
319	G	319	58.693	104.138	76.831	-1.3	0.495879120879121	0	0	0.9505060016188862	0.9999999999999999	-0.8615986522980122	0.5469698295096084	NO	P62873
320	V	320	55.711	104.384	74.48	-0.5	0.437575757575758	1	0	0.9505060016188862	0.9999999999999999	-0.9084410209091085	0.12447407393772772	NO	P62873
321	T	321	55.839	106.891	71.592	-1.3	0.467339352097716	1	0	1.2173332297928159	0.720230497129859	-0.8631831792288516	-0.36012173746587384	NO	P62873
322	D	322	53.914	110.194	71.525	-1.3	0.468920392584515	0	0	1.0282951405768417	0.9999999999999999	-0.3289269885510179	-0.8626655418844236	NO	P62873
323	D	323	51.727	109.228	68.539	-0.1	0.503305288461538	1	0	2.531364861629201	0.35549583875836543	-0.4128995827354661	-0.6652376187199933	NO	P62873
324	G	324	51.555	105.657	69.947	-0.9	0.505583126550869	0	0	2.531364861629201	0.35549583875836543	-0.7477492540163139	-0.6323329648592549	NO	P62873
325	M	325	53.157	103.815	67.015	-0.5	0.434842249657064	0	0	1.6317855802223318	0.6295953096312444	-0.8855787424477161	-0.3651471755100594	NO	P62873
326	A	326	55.62	101.699	69.026	0.3	0.472573839662447	0	1	2.531364861629201	0.35549583875836543	-0.5900047051147791	-0.9236359299204976	NO	P62873
327	V	327	57.015	100.806	72.465	-0.1	0.470680834317198	0	0	0.6138484289175333	0.7515792021296906	-0.6918772620234931	0.012598250811217173	NO	P62873
328	A	328	60.707	100.438	73.414	-0.1	0.515555555555556	0	0	0.8861050615818538	1	-0.5802883871624205	0.8116751141831483	NO	P62873
329	T	329	61.635	98.413	76.513	0.7	0.515068493150685	0	0	0.4417605188866695	0.4994016421919228	-0.6981621402645162	0.5961074459416443	NO	P62873
330	G	330	65.171	98.883	77.865	0.3	0.569640062597809	0	0	0.8498948664951239	1	-0.6369824763485612	0.851540367899043	NO	P62873
331	S	331	66.787	96.279	80.127	1.5	0.56682769726248	0	0	0.7753296279859688	1	-0.6308582486690099	0.21889612414680298	NO	P62873
332	W	332	69.801	95.27	82.237	-0.5	0.569514237855946	0	0	1.2173332297928159	0.720230497129859	-0.6077317883808494	0.36817416659382124	NO	P62873
333	D	333	70.718	92.857	79.399	1.5	0.429319371727749	0	0	2.5948104062427966	0.22903612097608456	-0.4996573497172952	0.5193299202665882	NO	P62873
334	S	334	71.854	96.045	77.54	-1.3	0.431693989071038	0	0	3.989795414514602	0.01571471138364209	-0.5311963086984621	0.5769130645228803	YES	P62873
335	F	335	69.272	95.935	74.716	-0.5	0.515254237288136	0	0	2.314403752748623	0.19344425340676447	-0.6006897136220964	0.9862202791013894	NO	P62873
336	L	336	66.403	98.195	73.582	0.7	0	0	0	1.9952334046653502	0.3400261511626032	-0.6455053399371531	1.1671402931498749	NO	P62873
337	K	337	63.761	96.027	71.875	-0.5	0	0	1	1.684260656844871	0.47407670972085886	-0.5517558076185094	1.210327651342094	NO	P62873
338	I	338	61.206	98.081	69.91	0.7	0	0	0	1.8762082656993555	0.4167582774350853	-0.6098562593755666	0.755280365024078	NO	P62873
339	W	339	57.678	96.579	69.762	1.5	0	0	0	0.9543170447894623	1	-0.5338516303569731	-0.3444172435777942	NO	P62873
340	N	340	54.885	97.041	67.193	-0.1	0	0	0	3.8353442400892783	0.15038424146666696	-0.5081233033005361	-0.2030767985850771	NO	P62873
