Uniprot_position	aminoacid	Position_in_structure	x	y	z	paraz	mtr	gscount	pscount	OR	pvalue	mtr3dscore	paraz3dscore	HotSpot3D	Uniprot
39	E	39	-23.834	43.306	-24.292	-0.37	0.540582403965304	0	0	0.24749785657993034	0.2556574067505252	0.2411652860411761	-0.4055659246174704	NO	Q02750
40	L	40	-24.249	44.102	-20.505	-0.63	0.498999142121819	1	0	1.631581434015227	0.5096787911843709	-0.7149630409166207	-0.3874736932717556	NO	Q02750
41	E	41	-28.016	45.007	-20.643	-0.89	0.499425947187141	0	0	2.6392797392085217	0.23538854159191724	-0.9437596670603003	-1.1346828478497728	NO	Q02750
42	L	42	-30.475	42.94	-18.519	0.41	0.499855949294152	0	1	2.4564151535034804	0.18599669494279025	-0.9103853780925232	-1.084857794946377	NO	Q02750
43	D	43	-33.794	41.289	-19.353	-0.63	0.501735106998265	0	0	2.5155229099855343	0.27110971741041523	-0.7397850412165575	-1.4933613342785668	NO	Q02750
44	E	44	-36.931	41.705	-17.105	-0.63	0.462814339218834	1	0	5.151500838939206	0.04907658759927775	-0.8116661483890069	-1.7726601556780377	NO	Q02750
45	Q	45	-36.287	38.462	-15.108	-0.63	0.431960049937578	0	0	5.059828161828851	0.030577306864259475	-1.0098311852833637	-1.999039200391293	NO	Q02750
46	Q	46	-32.612	39.385	-14.431	-0.63	0.428748451053284	0	1	3.8526753833462584	0.020404770005087242	-1.103856861178839	-1.4933613342785668	NO	Q02750
47	R	47	-33.384	42.945	-13.164	-0.11	0.425584255842558	0	0	3.4947646671564487	0.0578527767938875	-1.0023253291670051	-1.7672443890581033	NO	Q02750
48	K	48	-36.196	41.56	-10.926	-0.11	0.463903743315508	0	0	5.9777402507972095	0.014842892238961208	-1.0050650711871056	-2.1713959730707026	NO	Q02750
49	R	49	-33.9	38.84	-9.412	-0.63	0.460872460872461	1	1	6.8554676268395465	6.351774862151479e-4	-1.2252999248744965	-1.894268733416563	NO	Q02750
50	L	50	-31.139	41.435	-8.907	0.67	0.461229946524064	0	0	15.218775402097831	4.858773703103623e-7	-1.2005152724679187	-1.5325611688609488	NO	Q02750
51	E	51	-33.655	43.822	-7.208	-1.41	0.422466422466423	0	0	9.760110853036432	5.815882805998205e-5	-1.2233106739713882	-2.225418245104548	NO	Q02750
52	A	52	-35.039	40.924	-5.049	-1.41	0.345388188453882	0	0	17.78950848609796	1.3150430818720997e-5	-1.335528007398308	-2.5958566819080566	NO	Q02750
53	F	53	-31.463	40.092	-3.87	-1.41	0.377454545454545	0	2	12.303090632383462	4.647774951298733e-7	-1.151778881894077	-1.581560962088926	NO	Q02750
54	L	54	-30.669	43.7	-2.806	-1.41	0.37992700729927	0	0	18.934217706591312	3.2938849997976484e-8	-1.36355940591366	-2.015503130915893	NO	Q02750
55	T	55	-34.053	44.074	-1.001	-1.41	0.382417582417582	0	1	13.896764329148343	1.3215181188723052e-4	-1.5313668389985273	-3.1103545108018187	NO	Q02750
56	Q	56	-33.309	40.866	1.028	-1.41	0.285130718954248	0	1	13.172565470058224	1.693977070979013e-5	-1.173553132019182	-1.6429172249135235	NO	Q02750
57	K	57	-29.718	42.103	1.614	-1.41	0.2870028700287	0	3	12.224124584605935	5.848726874889797e-6	-1.2118869276439446	-1.073652760560306	NO	Q02750
58	Q	58	-30.821	45.546	2.975	-1.41	0.319343065693431	0	0	40.41115998651704	6.36619371118062e-7	-1.6470646177675556	-2.2221687851325878	NO	Q02750
59	K	59	-32.675	43.769	5.841	-1.41	0.321428571428571	0	0	13.896764329148343	1.3215181188723052e-4	-1.5680611298227576	-2.218558274052631	NO	Q02750
60	V	60	-29.509	41.955	7.04	-1.41	0.184873949579832	0	1	13.172565470058224	1.693977070979013e-5	-1.4115436295060206	-1.2185855707155249	NO	Q02750
61	G	61	-27.564	44.721	8.714	-1.41	0.184196755625327	0	0	12.16806012733618	3.946736991844426e-4	-1.8476337658822155	-1.5325611688609488	NO	Q02750
62	E	62	-24.231	44.192	10.472	0.41	0.185399159663866	0	0	9.070314847787838	0.0031141765271903493	-1.9989427022759367	-0.7924063974699228	NO	Q02750
63	L	63	-22.857	40.634	10.157	0.15	0.161040145985401	0	0	2.8253882343673653	0.08432010714588921	-1.462416397045272	-0.531434143471837	NO	Q02750
64	K	64	-21.61	39.028	13.413	-0.11	0.143264143264143	0	0	1.631581434015227	0.5096787911843709	-1.6852851666576838	-0.360878113193555	NO	Q02750
65	D	65	-20.182	35.62	14.292	-0.63	0	0	0	1.1259379745293023	0.9999999999999999	-1.410541639316804	-0.32471626579130775	NO	Q02750
66	D	66	-22.887	34.566	16.77	0.41	0	0	0	1.8990388105641403	0.6099360478594976	-1.9557483246355822	-0.7093646426309298	NO	Q02750
67	D	67	-25.678	35.317	14.234	1.45	0	0	2	1.955019162323335	0.44555108333668025	-1.6905312436367061	-0.7436644978905138	NO	Q02750
68	F	68	-24.717	32.228	12.197	0.67	0	0	0	1.1259379745293023	0.9999999999999999	-1.3691305433840655	-0.31623553234800394	NO	Q02750
69	E	69	-25.862	28.634	12.472	-0.63	0.185610010427529	0	0	1.4266883223679023	0.6929206000018536	-1.5222386448673015	-0.30634134333081625	NO	Q02750
70	K	70	-23.841	25.976	10.491	-0.89	0.162408759124088	0	0	1.2520342791119552	0.9999999999999999	-1.398749641277707	-0.059158690753595936	NO	Q02750
71	I	71	-26.097	23.757	8.285	-0.11	0.185610010427529	0	0	0.4530404917625599	0.6552465069465255	-1.033738127427649	-0.3114863216197539	NO	Q02750
72	S	72	-23.408	21.842	6.283	-0.37	0.1875	0	0	0	0.2948843942075532	-0.9161627848137656	-0.17500900279740866	NO	Q02750
73	E	73	-20.05	22.02	4.477	0.41	0.291666666666667	0	0	0	0.2948843942075532	-0.8764654033905772	0.21049511205791727	NO	Q02750
74	L	74	-20.354	23.029	0.783	0.93	0.392307692307692	0	0	0	0.1597107169312019	-0.6266385117822996	0.29268112888120645	NO	Q02750
75	G	75	-16.761	22.767	-0.345	1.45	0.435897435897436	0	0	0	0.1597107169312019	-0.3731277513390863	0.4499704651430136	NO	Q02750
76	A	76	-13.168	23.422	0.67	-0.63	0.434676434676435	0	0	0.6122269466129886	1	-0.4890584487592411	0.6969294230120195	NO	Q02750
77	G	77	-10.567	25.072	-1.565	1.45	0.355644355644356	0	0	41.41115998651704	0.34951456310679613	-0.7219377877366463	1.0714838424466782	NO	Q02750
78	N	78	-8.239	28.029	-1.757	0.41	0.405336361055918	0	0	41.41115998651704	0.34951456310679613	-1.0589245946775365	1.2272579543332818	NO	Q02750
79	G	79	-7.76	29.806	1.52	0.15	0.406471757025263	0	0	1.926183112121202	0.419125543132758	-0.9470063873822272	0.8912952694829962	NO	Q02750
80	G	80	-10.392	27.948	3.516	1.45	0.406108597285068	0	0	1.2520342791119552	0.9999999999999999	-0.736652217410004	0.45408644777416374	NO	Q02750
81	V	81	-13.754	26.169	3.844	-0.11	0.473115445440169	0	0	0.9271433363697349	1	-0.6411087441853166	0.568304965788579	NO	Q02750
82	V	82	-17.208	27.219	2.624	1.45	0.505776275007044	0	0	0.24749785657993034	0.2556574067505252	-0.6888879983053788	0.6057898076079816	NO	Q02750
83	F	83	-20.215	26.351	4.801	-0.37	0.507185122569738	0	0	0.18637031606352616	0.15910875739749333	-0.7668994106564692	0.38217781004171797	NO	Q02750
84	K	84	-23.933	26.549	4.058	1.45	0.502097902097902	1	0	0.18637031606352616	0.15910875739749333	-0.7685744717823433	0.1625155491288216	NO	Q02750
85	V	85	-25.177	28.68	6.984	0.41	0.505334081976418	0	0	0.7810590575942428	1	-1.1076331496062388	0.16313792553474143	NO	Q02750
86	S	86	-28.292	30.216	8.413	-0.89	0.509049773755656	0	0	1.2677698210960715	0.7367972731898788	-1.329226667923714	-0.28061645188612816	NO	Q02750
87	H	87	-28.2	33.897	9.288	0.41	0.510928186204939	0	0	3.2544048020122607	0.04844575715594347	-1.46165786657432	-0.5584452794887595	NO	Q02750
88	K	88	-30.46	33.444	12.41	-0.63	0.516647531572905	0	0	4.0028816865173	0.17990883366708202	-1.8946661064660903	-0.620185018956011	NO	Q02750
89	P	89	-31.953	37.008	12.642	-0.37	0.516647531572905	1	0	4.0028816865173	0.17990883366708202	-2.080169222152172	-0.9548793960679529	NO	Q02750
90	S	90	-32.935	37.386	8.952	0.93	0.479744136460554	0	0	8.017416552357506	0.001269746656841814	-1.5730191437827705	-1.1084902311060905	NO	Q02750
91	G	91	-33.571	33.673	8.359	1.45	0.481076759061834	0	0	9.070314847787838	0.0031141765271903493	-1.3554876961269526	-1.0160457014225053	NO	Q02750
92	L	92	-31.488	33.918	5.126	-0.63	0.449004975124378	0	1	4.217371652934647	0.007009343997698593	-1.0497565065239507	-0.6554648700801546	NO	Q02750
93	V	93	-29.505	30.868	3.993	0.93	0.556730557391496	1	0	2.805226276480938	0.05772665596239634	-1.051362802143925	-0.3526461479312548	NO	Q02750
94	M	94	-25.98	31.969	2.943	0.93	0.591526217228465	0	0	4.037307791651388	0.005567129829702797	-1.118167899490615	-0.013328555412051836	NO	Q02750
95	A	95	-22.595	30.487	1.98	1.45	0.630961298377029	0	0	0.9200850679141405	1	-0.8748181843381306	0.38308574738682466	NO	Q02750
96	R	96	-19.97	31.437	4.495	-0.37	0.587686567164179	1	0	2.4351737519972785	0.10187778224794014	-1.0848218861366765	0.32274918381655615	NO	Q02750
97	K	97	-16.321	31.152	3.551	1.45	0.587686567164179	0	0	1.3779415407276059	0.7487484488988236	-0.6539044076827517	0.7330833245018513	NO	Q02750
98	L	98	-13.912	31.049	6.535	-0.37	0.589887640449438	0	0	0.6008091022357815	0.7099805666684174	-0.6851653940036982	0.1824315941182575	NO	Q02750
99	I	99	-10.241	31.95	6.031	0.93	0.589887640449438	0	1	1.631581434015227	0.5096787911843709	-0.48947853343232345	0.38217781004171797	NO	Q02750
100	H	100	-8.01	31.096	9.041	-0.37	0.535820895522388	0	0	1.5431581803308578	0.7160862389490823	-0.4653317963954247	0.40469465620036255	NO	Q02750
101	L	101	-5.641	34.056	9.415	-0.63	0.614240777809551	0	0	2.5155229099855343	0.27110971741041523	-0.513667340396164	0.045232173079921015	NO	Q02750
102	E	102	-3.637	35.002	12.518	0.15	0.609707635537894	0	1	1.955019162323335	0.44555108333668025	-0.30152820548398357	-0.36997660111504477	NO	Q02750
103	I	103	-3.029	38.756	11.907	0.41	0.609707635537894	0	0	1.9857105099421921	0.3134393673853636	-0.27655377499192413	-0.17771688610737585	NO	Q02750
104	K	104	-2.967	42.099	13.839	-0.11	0.5545229244114	0	0	1.926183112121202	0.419125543132758	0.07879496094229661	-0.28061645188612816	NO	Q02750
105	P	105	-6.154	44.351	14.006	-1.15	0.484396200814111	0	0	1.4266883223679023	0.6929206000018536	0.04886274792342401	-0.3374820013954387	NO	Q02750
106	A	106	-4.34	46.688	11.525	-0.63	0.482595471443055	1	0	1.2520342791119552	0.9999999999999999	0.10900980618905963	-0.43496580055425677	NO	Q02750
107	I	107	-4.251	44.204	8.587	-0.11	0.552973977695167	0	0	1.4266883223679023	0.6929206000018536	-0.4585403546396144	0.13098181122888128	NO	Q02750
108	R	108	-7.746	42.675	9.246	0.41	0.729315628192033	2	0	1.9857105099421921	0.3134393673853636	-0.3846685441586346	0.07017752235961859	NO	Q02750
109	N	109	-9.521	46.102	9.31	0.15	0.667910447761194	0	0	0.9271433363697349	1	-0.25851418484918853	0.15436807617859782	NO	Q02750
110	Q	110	-7.881	46.945	5.934	0.67	0.664179104477612	0	0	1.2520342791119552	0.9999999999999999	-0.376479358196408	0.41395561712045026	NO	Q02750
111	I	111	-8.957	43.593	4.368	1.19	0.603799185888738	0	1	1.631581434015227	0.5096787911843709	-0.5555546475861037	0.559730001973683	NO	Q02750
112	I	112	-12.604	44.15	5.557	0.93	0.53134328358209	0	0	2.018442501365028	0.33469942812118125	-0.5384896813146364	0.4413401789809248	NO	Q02750
113	R	113	-12.545	47.73	4.106	-0.37	0.477692049647769	0	0	3.3958329495214996	0.12398231709145602	-0.4349173423210493	0.6924555288477259	NO	Q02750
114	E	114	-11.068	46.383	0.788	0.93	0.475008386447501	0	0	6.373288590638127	0.020592536111354528	-0.5444169054925344	0.851278771680148	YES	Q02750
115	L	115	-13.806	43.67	0.534	1.45	0.546296296296296	0	0	4.688124614006797	0.008147479742378465	-0.6815989491403119	0.9120830605494108	YES	Q02750
116	Q	116	-16.522	46.411	0.823	0.41	0.542279411764706	0	0	6.960465134820728	0.003343993667585213	-0.510019240103414	0.8278925067304317	YES	Q02750
117	V	117	-15.874	46.945	-2.938	0.93	0.466123949579832	0	0	8.017416552357506	0.001269746656841814	-0.8420018069281812	0.681098720584519	YES	Q02750
118	L	118	-17.962	43.707	-3.434	0.93	0.466123949579832	0	0	3.7172849112499637	0.014636792761452409	-0.9425900110775205	0.8746650366298645	YES	Q02750
119	H	119	-21.103	45.638	-2.227	0.15	0.462721584984359	0	2	5.996614595767718	6.976829015463577e-4	-0.9428067195151064	-0.12626710321799953	NO	Q02750
120	E	120	-20.817	47.529	-5.605	-0.37	0.43030303030303	0	1	5.938894634518901	0.0047143208296325815	-1.045423673213654	0.1530317181814712	YES	Q02750
121	C	121	-20.502	44.32	-7.778	-0.89	0.431873479318735	0	1	7.694450876204056	4.8044332673141736e-4	-1.2599724645341173	0.4256487495953087	YES	Q02750
122	N	122	-24.167	43.789	-8.752	0.67	0.377237851662404	1	1	11.023109536118186	1.6549583351351492e-6	-1.1838978139042533	-0.5659288842726689	NO	Q02750
123	S	123	-24.611	41.487	-11.77	0.41	0.399055755395684	1	0	9.653459901180625	1.903648821448628e-5	-1.1934665653618441	-0.45040073542106956	NO	Q02750
124	P	124	-26.59	38.331	-12.731	-0.37	0.272867420349435	0	2	4.217371652934647	0.007009343997698593	-1.1718871683743066	-0.33206623477550434	NO	Q02750
125	Y	125	-23.173	36.775	-13.574	0.93	0.272657450076805	0	0	3.2544048020122607	0.04844575715594347	-1.2151445458174222	0.4515535353857637	YES	Q02750
126	I	126	-21.492	37.429	-10.206	0.15	0.335697399527187	0	0	4.400093331635358	0.010254128707266826	-1.2094678472625395	0.9135600878093928	YES	Q02750
127	V	127	-22.276	35.659	-6.899	0.93	0.357142857142857	0	0	3.1988919815471752	0.015865247857920175	-1.0070500727630658	0.8152639236575846	YES	Q02750
128	G	128	-24.135	38.012	-4.517	0.15	0.358662613981763	0	1	7.854692782238888	1.6873929130657513e-5	-1.0435396229351714	-0.028783304059181558	NO	Q02750
129	F	129	-22.139	39.325	-1.562	0.67	0.357395254921757	0	1	5.7809290353385565	4.2718689071803744e-4	-0.9434138469380289	0.11910878440825613	YES	Q02750
130	Y	130	-23.66	39.874	1.902	0.93	0.419928825622776	1	2	7.202165516656361	4.148079002973891e-5	-0.9994509861886972	-0.48014121967663576	NO	Q02750
131	G	131	-20.562	41.082	3.73	1.45	0.424133811230585	0	0	6.8554676268395465	6.351774862151479e-4	-0.9623383476729005	0.032253849468186525	YES	Q02750
132	A	132	-17.258	40.296	5.424	0.41	0.447478991596639	0	0	2.4351737519972785	0.10187778224794014	-0.6775949899717619	0.42253058093534634	NO	Q02750
133	F	133	-16.105	40.378	9.038	0.67	0.446218487394958	0	0	1.3779415407276059	0.7487484488988236	-0.686001321132848	0.24031259986880577	NO	Q02750
134	Y	134	-13.343	39.021	11.279	0.41	0.493428912783752	0	0	1.2677698210960715	0.7367972731898788	-0.49373763565827716	-0.07179086251160133	NO	Q02750
135	S	135	-13.904	36.889	14.384	-0.63	0.527712890210236	1	0	1.9857105099421921	0.3134393673853636	-0.9690160950110897	-0.19750526414175124	NO	Q02750
136	D	136	-11.412	34.879	16.479	0.41	0.522454142947502	0	0	1.926183112121202	0.419125543132758	-0.638687874654923	-0.6510548886896368	NO	Q02750
137	G	137	-8.65	34.05	13.975	0.41	0.522454142947502	0	0	1.926183112121202	0.419125543132758	-0.29289493454337306	-0.6750647873713457	NO	Q02750
138	E	138	-10.878	33.869	10.869	0.41	0.475806451612903	0	1	1.631581434015227	0.5096787911843709	-0.4712206273453352	0.017792288872253745	NO	Q02750
139	I	139	-12.17	36.149	8.13	0.67	0.421744324970131	0	0	1.631581434015227	0.5096787911843709	-0.5208031505074514	0.2311734936976666	NO	Q02750
140	S	140	-15.699	35.4	7.002	-0.11	0.453842186694172	0	0	1.7697393780303328	0.38162303713970924	-0.6617633153064567	0.4586356917349086	NO	Q02750
141	I	141	-17.062	36.155	3.565	1.45	0.45513151108819	2	0	2.805226276480938	0.05772665596239634	-0.7038661029791312	0.6993224361696647	NO	Q02750
142	C	142	-20.829	35.757	3.321	0.93	0.549689440993789	0	0	4.613302621602048	0.0023269113440448456	-0.9631837519425653	0.41567060988342963	YES	Q02750
143	M	143	-22.257	35.157	-0.058	0.41	0.55012987012987	1	0	3.6354062592885623	0.016904383143225843	-0.7276640840657613	0.5662191637795503	YES	Q02750
144	E	144	-25.303	34.078	-1.978	1.45	0.546583850931677	0	0	3.280290955142674	0.0109809603410357	-0.7903800390903446	0.1824315941182576	YES	Q02750
145	H	145	-25.859	30.298	-1.661	-0.11	0.544610624033007	1	0	1.3800714440231572	0.6152213226510231	-0.8260780072448334	0.30289937844460185	NO	Q02750
146	M	146	-25.683	28.526	-5.073	1.45	0.490523968784838	0	0	0.7147559288982069	0.7657467019856687	-0.8243566315567631	0.6939894354183408	NO	Q02750
147	D	147	-27.501	25.212	-4.594	-0.11	0.492700729927007	1	0	0.3024145324229522	0.13348707246023608	0.022015754284403624	0.09163785960759367	NO	Q02750
148	G	148	-25.807	23.528	-7.586	-1.41	0.578512396694215	0	0	0.3024145324229522	0.13348707246023608	0.32934901933266486	-0.1912563026572116	NO	Q02750
149	G	149	-22.398	24.164	-6.015	0.41	0.53030303030303	1	0	0.3821793439327598	0.3210524900880852	-0.26473526301528577	0.5287764740564974	NO	Q02750
150	S	150	-19.315	24.733	-8.203	0.41	0.587412587412588	0	0	0.4369320706932837	0.4876176424802967	-0.3932833296695854	0.7826790611609797	NO	Q02750
151	L	151	-18.415	23.338	-11.675	0.15	0.63768115942029	0	0	0	0.007574925173973594	0.08206455880384553	0.5940298572332672	NO	Q02750
152	D	152	-15.452	21.296	-10.4	0.93	0.695652173913044	0	0	0	0.08882247121669001	0.23503278708810463	0.2788999370358379	NO	Q02750
153	Q	153	-18.097	19.387	-8.302	-0.37	0.85024154589372	0	0	0	0.09296828415230077	0.231327128856276	0.04301927919220599	NO	Q02750
154	V	154	-20.672	19.246	-11.086	0.15	0.853333333333333	0	0	0	0.007574925173973594	0.5558969531924571	-0.24092661937146648	NO	Q02750
155	L	155	-17.956	17.914	-13.44	-0.37	0.767391304347826	0	0	0	0.007574925173973594	0.5935997591443714	0.302481087526802	NO	Q02750
156	K	156	-16.984	15.158	-10.903	0.93	0.772992700729927	0	0	0	0.048024846456993904	0.9384160091253293	-0.049092428883935314	NO	Q02750
157	K	157	-20.669	14.056	-10.792	-1.15	0.651291512915129	1	0	0	0.09296828415230077	1.3224919148700376	-1.267110115112863	NO	Q02750
158	A	158	-21.41	14.41	-14.561	-1.41	0.651291512915129	0	0	0	0.013626311577893369	1.2883961177615015	-0.5090534879149584	NO	Q02750
159	G	159	-18.173	12.832	-15.827	-1.41	0.711111111111111	0	0	0	0.048024846456993904	1.2235658869370807	-0.3812790705827337	NO	Q02750
160	R	160	-18.198	15.323	-18.702	-1.41	0.716417910447761	0	0	0.21312762140749741	0.1559741829750199	1.0065623234998724	-0.11562232055123207	NO	Q02750
161	I	161	-20.379	18.353	-19.513	0.93	0.599250936329588	0	0	0.18637031606352616	0.15910875739749333	0.8769506453287921	0.3411909241769041	NO	Q02750
162	P	162	-22.239	18.555	-22.887	1.45	0.597548518896834	0	0	0.21312762140749741	0.1559741829750199	0.9352464639409201	0.2421797290865654	NO	Q02750
163	E	163	-21.238	21.215	-25.459	1.45	0.584269662921348	0	0	0.21312762140749741	0.1559741829750199	0.918589412896205	0.4646704031114068	NO	Q02750
164	Q	164	-24.684	22.952	-25.313	-0.37	0.586466165413534	0	1	0.24749785657993034	0.2556574067505252	1.1241377995329005	0.29819360561935393	NO	Q02750
165	I	165	-24.438	23.261	-21.527	0.93	0.43984962406015	1	0	0.6729269391580608	0.7431650810965752	0.8238465386054367	0.2615851062557594	NO	Q02750
166	L	166	-20.866	24.582	-21.984	1.45	0.441509433962264	0	0	0.16494819588418494	0.09168354439464751	0.7449525719798779	0.64547964012264325	NO	Q02750
167	G	167	-22.312	27.134	-24.409	1.45	0.441509433962264	0	0	0.18637031606352616	0.15910875739749333	0.9637258579253283	0.5988158835485579	NO	Q02750
168	K	168	-24.365	28.616	-21.567	0.41	0.397358490566038	0	0	0.9249335045001208	1	0.4615032426684909	0.4568304361949305	NO	Q02750
169	V	169	-21.35	28.48	-19.171	0.67	0.479835953520164	0	0	1.1259379745293023	0.9999999999999999	-0.1850838888612817	1.1967273139373882	NO	Q02750
170	S	170	-19.22	30.365	-21.795	0.41	0.476255088195387	0	0	0.24749785657993034	0.2556574067505252	0.3363763737984364	1.1756360985914327	NO	Q02750
171	I	171	-21.85	33.123	-22.215	0.93	0.476255088195387	0	0	1.0390076178927967	1	0.3486918456519964	0.16737312107746458	NO	Q02750
172	A	172	-22.06	33.572	-18.389	0.67	0.471380471380471	0	0	1.2677698210960715	0.7367972731898788	-0.564146229266774	0.6329648280684707	NO	Q02750
173	V	173	-18.289	33.682	-17.946	0.15	0.391791044776119	0	0	1.955019162323335	0.44555108333668025	-0.5558421891688677	1.3271892634068776	NO	Q02750
174	I	174	-17.767	36.182	-20.864	0.93	0.3585291113381	1	0	0	0.013626311577893369	0.04251002977433929	0.732720576326368	NO	Q02750
175	K	175	-20.585	38.394	-19.412	0.93	0.391449814126394	0	0	0.7810590575942428	1	-0.41961822715500974	0.11383188359908931	NO	Q02750
176	G	176	-19.235	38.114	-15.841	1.19	0.388560885608856	0	0	2.018442501365028	0.33469942812118125	-0.9092460671777642	0.6314478811528135	NO	Q02750
177	L	177	-15.725	39.088	-17.025	1.45	0.392565055762082	0	0	0.9225852330551381	1	-0.4492720337896919	0.4845622340643816	NO	Q02750
178	T	178	-17.149	41.977	-19.172	-0.63	0.395149253731343	0	0	0.3821793439327598	0.3210524900880852	-0.319260063275565	0.06238210070971312	NO	Q02750
179	Y	179	-19.093	43.197	-16.135	0.67	0.392222222222222	0	0	2.4564151535034804	0.18599669494279025	-1.0233119041120975	0.00878857686661285	NO	Q02750
180	L	180	-15.976	43.142	-13.932	1.45	0.391881918819188	0	0	2.4564151535034804	0.18599669494279025	-1.0643360895408416	0.5940298572332672	NO	Q02750
181	R	181	-13.865	44.921	-16.624	0.15	0.29110291102911	0	0	0.2932713672377868	0.416711615876537	-0.39983616670258965	0.1111934331945059	NO	Q02750
182	E	182	-16.503	47.562	-17.638	0.15	0.262962962962963	0	0	0.35725773215526246	0.6622822925190456	-0.7246833221975949	-0.25856654493353837	NO	Q02750
183	K	183	-18.149	48.544	-14.359	-1.15	0.301447629860914	0	0	1.4266883223679023	0.6929206000018536	-1.2110992167516874	-0.0027876242834967042	NO	Q02750
184	H	184	-15.276	47.955	-11.929	-0.11	0.374275171323142	1	0	4.201169634203201	0.0624155666383129	-1.2466134403606197	0.4240218789901109	NO	Q02750
185	K	185	-12.068	48.14	-14.064	-0.37	0.374275171323142	0	0	3.8278144070587237	0.2790484645266353	-1.0150015025601793	0.28533115989700997	NO	Q02750
186	I	186	-10.901	44.855	-12.536	0.93	0.438271604938272	0	0	3.8278144070587237	0.2790484645266353	-0.970951358666355	0.8739166761514736	NO	Q02750
187	M	187	-10.075	41.431	-13.992	0.93	0.409007352941176	0	0	1.2520342791119552	0.9999999999999999	-0.7025214633585355	0.9734720060424166	NO	Q02750
188	H	188	-10.933	38.071	-12.441	1.45	0.432727272727273	0	0	1.2520342791119552	0.9999999999999999	-0.7071309456567261	1.4330570858907865	NO	Q02750
189	R	189	-7.297	36.683	-12.187	1.45	0.432367149758454	0	0	1.8990388105641403	0.6099360478594976	-0.5399514306902634	1.7700248947047226	NO	Q02750
190	D	190	-8.541	33.21	-11.093	1.45	0.345893719806763	0	0	3.8278144070587237	0.2790484645266353	-0.6389866559649893	1.7746669803789523	NO	Q02750
191	V	191	-10.98	31.693	-13.651	0.93	0.348418491484185	0	0	0.6122269466129886	1	-0.46702981035227314	1.7043879623807345	NO	Q02750
192	K	192	-11.291	27.864	-13.122	1.45	0.371948051948052	0	0	0.6122269466129886	1	-0.22517118764010635	1.4995460360862882	NO	Q02750
193	P	193	-14.199	25.315	-12.707	1.45	0.347151515151515	0	0	0	0.08882247121669001	-0.10395421114241649	1.3470675886141366	NO	Q02750
194	S	194	-14.24	25.695	-8.898	1.45	0.344927536231884	0	0	0	0.2948843942075532	-0.4171694212192553	1.3337943031021355	NO	Q02750
195	N	195	-14.826	29.49	-9.267	1.45	0.346181818181818	0	0	0	0.5408338092518563	-0.7605649235243616	1.5495258251788249	NO	Q02750
196	I	196	-17.921	29.01	-11.45	0.67	0.371948051948052	0	0	0.7315487860716473	1	-0.6214125708402568	1.1874971203293274	NO	Q02750
197	L	197	-21.089	28.44	-9.428	1.45	0.344645006016847	0	0	1.187462643900298	0.764700928333819	-0.7523682479091259	0.7156384349717926	NO	Q02750
198	V	198	-24.439	27.171	-10.608	0.93	0.343405275779376	1	0	0.8072145852687461	1	-0.33299619347345016	0.397802778306344	NO	Q02750
199	N	199	-27.957	26.926	-9.188	0.67	0.364006100660905	1	0	0.4369320706932837	0.4876176424802967	-0.1011046221232087	0.2647512467412594	NO	Q02750
200	S	200	-31.328	25.147	-9.66	-0.63	0.295647413085136	0	0	0.3024145324229522	0.13348707246023608	0.458687525886695	-0.6011881760430106	NO	Q02750
201	R	201	-32.73	28.356	-11.27	-0.89	0.271629778672032	1	0	1.4692788587559753	0.553454650660181	-0.14943910611967634	-0.43496580055425677	NO	Q02750
202	G	202	-30.234	27.824	-14.162	1.45	0.339222614840989	0	0	1.187462643900298	0.764700928333819	-0.24086583303458659	0.11628187326048822	NO	Q02750
203	E	203	-27.988	30.727	-13.175	-0.37	0.338967136150235	0	2	1.2263157980522517	0.787256946690792	-0.6737685646500169	0.16699665925144475	NO	Q02750
204	I	204	-24.212	30.593	-13.672	0.93	0.341107184923439	0	0	1.0390076178927967	1	-0.9074492283547694	0.6944196775052206	NO	Q02750
205	K	205	-21.992	33.037	-11.71	1.45	0.368073207930859	0	0	1.3714212117213245	0.5854615005795233	-1.1391845018376807	0.9443262513737007	NO	Q02750
206	L	206	-18.327	33.794	-10.987	0.93	0.345714285714286	0	0	2.4260098926727784	0.1433929580508789	-1.0936228340559857	1.2320071650615319	NO	Q02750
207	C	207	-16.885	34	-7.498	1.45	0.345714285714286	0	0	1.7049170820693318	0.36956284681366197	-1.056972173497806	1.4309463255671198	NO	Q02750
208	D	208	-13.474	34.526	-5.879	1.45	0.349458483754513	0	0	2.6392797392085217	0.23538854159191724	-1.1605391155211116	1.8559034796779674	NO	Q02750
209	F	209	-12.017	37.325	-8.084	1.45	0.350060606060606	0	0	5.891456406963799	0.12152263770066327	-1.228631304795658	1.6532900931910117	NO	Q02750
210	G	210	-9.116	39.324	-6.522	1.45	0.347242206235012	0	0	2.92107927503025	0.34004331329763465	-1.1971706825959951	1.6458920851938468	NO	Q02750
211	V	211	-10.402	42.586	-4.984	0.93	0.375064935064935	0	1	15.512838283201027	0.0024796008062135705	-0.9924200771362683	1.1404620341273313	YES	Q02750
212	S	212	-8.057	42.919	-1.931	1.45	0.375064935064935	0	0	1.926183112121202	0.419125543132758	-0.7421154015058736	1.1797658470507806	NO	Q02750
213	G	213	-4.239	42.843	-2.182	0.41	0.403916083916084	0	0	1.926183112121202	0.419125543132758	-0.8677256142892359	1.2011372953279058	NO	Q02750
214	Q	214	-3.852	42.506	1.635	0.15	0.392727272727273	0	0	1.4266883223679023	0.6929206000018536	-0.6232783851912137	0.7192988938334872	NO	Q02750
215	L	215	-6.008	39.309	1.71	1.45	0.290909090909091	0	1	2.4564151535034804	0.18599669494279025	-0.6397525149305575	0.7811199768309987	NO	Q02750
216	I	216	-3.843	37.783	-1.099	0.93	0.357332448573324	0	0	8.077993360207323	0.04938959915409014	-1.0886720005264292	1.3431386961025844	YES	Q02750
217	D	217	-0.518	38.662	0.703	0.67	0.292226292226292	1	0	1.2520342791119552	0.9999999999999999	-0.9424029042804639	0.90272855456952406	NO	Q02750
218	S	218	-1.686	37.32	4.137	1.45	0.327554744525547	0	0	3.3958329495214996	0.12398231709145602	-0.6014320638678416	0.4777086089616339	NO	Q02750
219	M	219	-3.013	34.015	2.584	-0.11	0.32518115942029	0	0	3.3958329495214996	0.12398231709145602	-0.723752136033328	0.6022618224955673	NO	Q02750
220	A	220	0.481	33.474	0.98	1.45	0.325729927007299	0	0	3.8278144070587237	0.2790484645266353	-1.154785735950452	0.635189683544768	NO	Q02750
224	V	224	-1.227	28.909	-2.053	0.67	0.372899159663866	0	0	0	1	-1.4344378866092948	1.0847816324857784	NO	Q02750
225	G	225	-3.666	28.661	-5.026	1.45	0.371533228676086	0	0	0	1	-1.1703184322789932	1.2830095585344785	NO	Q02750
226	T	226	-3.424	26.272	-8.004	0.67	0.37257980115123	0	0	0	1	-0.699779903493587	1.3366962885060014	NO	Q02750
227	R	227	-1.478	27.795	-10.902	-0.37	0.430656934306569	0	0	0	0.5408338092518563	-0.28680129915651875	1.134252577571717	NO	Q02750
228	S	228	-2.605	25.071	-13.359	0.15	0.516363636363637	0	0	0.6122269466129886	1	0.18083277424274632	0.8361464825950373	NO	Q02750
229	Y	229	-5.147	27.385	-15.122	1.45	0.514492753623189	0	0	0.4530404917625599	0.6552465069465255	0.16741698265359053	1.5828695869120093	NO	Q02750
230	M	230	-2.674	30.26	-15.469	1.45	0.518681318681319	0	0	0.9292266383018246	0.9999999999999999	0.2394313384372711	1.3064114664707833	NO	Q02750
231	S	231	-2.019	31.58	-18.948	0.67	0.520588235294118	1	0	0.4530404917625599	0.6552465069465255	0.6174620972890167	0.9682100964287301	NO	Q02750
232	P	232	1.496	31.119	-20.469	1.45	0.57843137254902	0	0	0.35725773215526246	0.6622822925190456	0.7628598312227225	0.5829055798517803	NO	Q02750
233	E	233	2.114	34.927	-20.2	1.45	0.493494423791822	0	0	0.35725773215526246	0.6622822925190456	0.931744445721375	0.7599968988118999	NO	Q02750
234	R	234	1.29	35.02	-16.441	1.45	0.493494423791822	0	0	0.6122269466129886	1	0.46156523496580354	0.9701455114590515	NO	Q02750
235	L	235	3.595	32.014	-15.852	1.19	0.493494423791822	0	0	0.9292266383018246	0.9999999999999999	0.1961545032084579	0.6269577182824677	NO	Q02750
236	Q	236	6.376	33.883	-17.78	0.15	0.488051470588235	0	0	0.9292266383018246	0.9999999999999999	0.434713596299746	0.8323235885103778	NO	Q02750
237	G	237	5.746	36.984	-15.614	-0.37	0.55983131259884	0	0	1.8734413973280246	1	0.15452402792707534	0.7116293609804127	NO	Q02750
238	T	238	4.933	38.975	-18.809	-0.63	0.563993627190653	0	0	0.9292266383018246	0.9999999999999999	0.5616894982500735	0.2647512467412594	NO	Q02750
239	H	239	2.119	41.384	-19.966	-0.89	0.563993627190653	0	0	0.4530404917625599	0.6552465069465255	0.80459838382651	0.1097966065097264	NO	Q02750
240	Y	240	-1.154	40.3	-18.223	1.45	0.662921348314607	0	0	0.4530404917625599	0.6552465069465255	0.5851258820051922	0.7483792059013956	NO	Q02750
241	S	241	-4.733	41.618	-18.783	-0.11	0.732417811069496	0	0	0.35725773215526246	0.6622822925190456	0.5857181205585166	0.4436381841720136	NO	Q02750
242	V	242	-8.283	40.164	-19.139	0.93	0.724528301886792	0	0	0.21312762140749741	0.1559741829750199	0.27533291395286213	0.7523368815082707	NO	Q02750
243	Q	243	-6.629	38.068	-21.947	0.15	0.712550607287449	1	0	0.14740991886018856	0.05268742149399644	1.0211048234929931	0.7245366235868067	NO	Q02750
244	S	244	-5.174	35.853	-19.223	0.67	0.666666666666667	0	1	0.24749785657993034	0.2556574067505252	0.766049879170755	1.0257060844026673	NO	Q02750
245	D	245	-8.741	35.136	-17.875	1.45	0.711111111111111	0	0	0.2932713672377868	0.416711615876537	0.2010925726843807	1.4028683045174135	NO	Q02750
246	I	246	-9.809	34.155	-21.453	0.93	0.711111111111111	0	0	0.13279007421632877	0.030550500514977433	0.9233759431770155	0.8482523138631259	NO	Q02750
247	W	247	-7.077	31.513	-21.517	1.45	0.661654135338346	0	0	0.14740991886018856	0.05268742149399644	0.9817708502627631	1.0392279785617469	NO	Q02750
248	S	248	-8.206	30.117	-18.095	1.45	0.664150943396226	0	0	0.24749785657993034	0.2556574067505252	0.24278148246380338	1.5879958756067472	NO	Q02750
249	M	249	-11.801	30.021	-19.405	0.93	0.615789473684211	0	0	0.21312762140749741	0.1559741829750199	0.264977457553483	1.378639046296254	NO	Q02750
250	G	250	-10.672	28.203	-22.594	1.45	0.615230961298377	0	0	0.09255883987398704	0.005036742292918662	0.8151432872283354	1.211427251905781	NO	Q02750
251	L	251	-8.737	25.71	-20.457	1.19	0.669201520912548	0	0	0.16494819588418494	0.09168354439464751	0.7204654104839587	1.1839873676981139	NO	Q02750
252	S	252	-11.696	25.14	-17.99	0.93	0.703218645948946	0	0	0	0.02523638364354993	0.3944667711394524	1.2663070203211162	NO	Q02750
253	L	253	-14.012	24.531	-20.995	0.67	0.740740740740741	0	0	0.16494819588418494	0.09168354439464751	0.48291630207649744	1.159977469016405	NO	Q02750
254	V	254	-11.667	21.855	-22.431	0.15	0.698456667985754	0	0	0	0.007265771961395888	0.8180033748940265	0.9577678571953685	NO	Q02750
255	E	255	-11.426	20.149	-19.021	1.45	0.66044776119403	1	0	0.18637031606352616	0.15910875739749333	0.6827047080950785	0.7365061790807703	NO	Q02750
256	M	256	-15.234	20.144	-18.631	0.93	0.66044776119403	1	0	0.24749785657993034	0.2556574067505252	0.5795026598431177	0.6573526669432684	NO	Q02750
257	A	257	-15.866	18.952	-22.197	1.45	0.66044776119403	1	0	0.18637031606352616	0.15910875739749333	0.7239931335616769	0.49113029145451476	NO	Q02750
258	V	258	-13.487	15.97	-21.948	0.15	0.656133828996283	1	0	0	0.007574925173973594	0.99206283635624	-0.33484730412087604	NO	Q02750
259	G	259	-13.886	15.325	-18.212	0.41	0.656133828996283	0	0	0	0.048024846456993904	1.0537118604572473	-0.34142074075539086	NO	Q02750
260	R	260	-10.174	15.553	-17.416	0.67	0.695346795434592	1	0	0.21312762140749741	0.1559741829750199	0.9936769565907245	-0.26464927788597686	NO	Q02750
261	Y	261	-7.611	18.326	-16.747	0.93	0.699933906146728	0	0	0.18637031606352616	0.15910875739749333	0.810166980711823	0.35607461136990226	NO	Q02750
262	P	262	-6.323	18.504	-20.381	1.45	0.694729936584299	0	0	0.16494819588418494	0.09168354439464751	0.8964180105101225	0.028082245450129037	NO	Q02750
263	I	263	-2.509	18.842	-19.882	0.41	0.656133828996283	0	0	0.18637031606352616	0.15910875739749333	0.8193191205646363	-0.4349658005542567	NO	Q02750
264	P	264	-0.696	16.642	-20.923	-0.63	0.66044776119403	0	1	0.21312762140749741	0.1559741829750199	0.8570759719657092	-1.029496625053715	NO	Q02750
265	P	265	-2.98	15.775	-23.896	-0.63	0.654981549815498	0	0	0.16494819588418494	0.09168354439464751	0.9765776967475811	-0.8922972040153784	NO	Q02750
266	P	266	-4.575	12.289	-23.908	-1.41	0.659851301115242	1	0	0.18637031606352616	0.15910875739749333	1.050673291137751	-1.3476402100701474	NO	Q02750
267	D	267	-3.284	9.5	-26.172	-1.41	0.697172034564022	1	0	0.6122269466129886	1	1.1079623623275938	-2.7722559375287754	NO	Q02750
268	A	268	-5.269	7.622	-28.907	-1.41	0.700374531835206	1	0	0	0.1597107169312019	1.1866509233460691	-2.9045553792443135	NO	Q02750
269	K	269	-6.126	5.014	-26.206	-1.41	0.732057416267943	0	0	0	0.2948843942075532	1.1949835840163021	-3.3319843447868234	NO	Q02750
270	E	270	-7.489	7.478	-23.571	-1.41	0.740407881092292	0	0	0.2932713672377868	0.416711615876537	1.1443207246944276	-2.2221687851325878	NO	Q02750
271	L	271	-9.744	9.176	-26.21	-1.41	0.707637017070979	0	0	0	0.048024846456993904	1.1296078317401492	-1.9784592872355427	NO	Q02750
272	E	272	-11.288	5.723	-26.987	-1.41	0.672932330827068	0	0	0	0.1597107169312019	1.187808244995388	-2.945715205555815	NO	Q02750
273	L	273	-12.16	5.227	-23.27	-1.41	0.672932330827068	0	0	0	0.1597107169312019	1.1716457212866098	-2.948655193149493	NO	Q02750
274	M	274	-14.245	8.477	-22.978	-1.41	0.670411985018727	0	0	0	0.09296828415230077	1.1682660244195846	-2.4415073332399277	NO	Q02750
275	F	275	-15.812	8.819	-26.452	0.15	0.7071992976295	1	0	0	0.08882247121669001	1.1614763912290837	-1.8755597214567898	NO	Q02750
276	G	276	-15.558	5.305	-28	-0.37	0.711830799735625	0	0	0	0.5499262090686509	1.2195245422435343	-2.9520474865268147	NO	Q02750
277	C	277	-14.229	6.678	-31.346	-0.37	0.755471380471381	0	0	0	0.2948843942075532	1.2039302763144468	-2.7722559375287754	NO	Q02750
307	P	307	2.029	11.377	-13.394	-1.41	0.664179104477612	0	0	1.8734413973280246	1	0.9434981029131864	-2.0127591424951263	NO	Q02750
308	M	308	3.175	15.028	-13.928	-1.41	0.620474406991261	0	0	1.8734413973280246	1	0.8302144656002725	-1.052363195226771	NO	Q02750
309	A	309	4.241	17.113	-10.89	-1.41	0.71593200806684	0	0	1.8734413973280246	1	0.774243159892411	-1.4323000534867798	NO	Q02750
310	I	310	2.897	20.759	-10.752	-1.41	0.662313432835821	0	0	1.8734413973280246	1	0.3320604237130592	-0.5324495997130748	NO	Q02750
311	F	311	6.287	22.233	-11.894	0.67	0.606837606837607	1	0	0	1	0.4006490938206851	-0.7822518350575459	NO	Q02750
312	E	312	6.432	19.897	-14.998	0.41	0.713260619977038	0	0	1.8734413973280246	1	0.6177911612659607	-1.1209629057459394	NO	Q02750
313	L	313	2.854	20.953	-15.855	0.15	0.70185873605948	0	0	1.8734413973280246	1	0.4731202658232575	-0.2924894787067534	NO	Q02750
314	L	314	3.665	24.735	-15.601	1.45	0.614716735402648	0	0	0.9292266383018246	0.9999999999999999	0.25525713518321175	0.016209218629503752	NO	Q02750
315	D	315	6.697	24.13	-17.793	-0.11	0.610726643598616	0	0	0.6122269466129886	1	0.40256284757141514	-0.28061645188612816	NO	Q02750
316	Y	316	4.45	22.146	-20.278	-0.37	0.646520146520147	0	0	0.35725773215526246	0.6622822925190456	0.5958475375875109	-0.1633109468983504	NO	Q02750
317	I	317	1.951	25.07	-20.465	0.93	0.599030303030303	0	0	0.35725773215526246	0.6622822925190456	0.5931983572517949	0.5819240259651786	NO	Q02750
318	V	318	4.761	27.591	-21.263	0.93	0.599030303030303	0	0	0	0.08882247121669001	0.6120529174079535	0.565643770121887	NO	Q02750
319	N	319	6.663	25.34	-23.653	-0.11	0.641818181818182	0	0	0.4530404917625599	0.6552465069465255	0.5755222698742418	0.49113029145451476	NO	Q02750
320	E	320	4.229	23.132	-25.586	-0.37	0.599238256453661	0	0	0.4530404917625599	0.6552465069465255	0.9579948269497365	0.028082245450128905	NO	Q02750
321	P	321	1.325	23.807	-28.074	-0.11	0.669684965100924	1	0	0.35725773215526246	0.6622822925190456	1.0880118984029852	-0.17500900279740866	NO	Q02750
322	P	322	-1.926	24.626	-26.237	0.41	0.634408602150538	0	0	0.21312762140749741	0.1559741829750199	1.0961656503976815	0.6006685388964123	NO	Q02750
323	P	323	-4.502	21.852	-25.552	1.45	0.63898916967509	2	0	0.18637031606352616	0.15910875739749333	1.0563832219165947	0.40538065330555423	NO	Q02750
324	K	324	-7.4	21.341	-27.889	-0.37	0.639492753623188	1	0	0.12041794755363473	0.031200985436350307	1.128585576484567	0.2369078348246558	NO	Q02750
325	L	325	-10.682	19.481	-28.079	1.45	0.677109974424552	0	0	0	0.001006932079556962	1.062317987610046	0.2311734936976666	NO	Q02750
326	P	326	-10.647	16.08	-29.841	0.41	0.707434052757794	0	0	0	0.001006932079556962	1.1132245180028124	-1.0125311052478991	NO	Q02750
327	S	327	-12.087	16.26	-33.375	0.15	0.674143038510368	1	0	0	0.02523638364354993	1.1134486604955662	-0.9151637741884345	NO	Q02750
328	G	328	-15.221	14.483	-34.557	-0.89	0.669829222011385	1	0	0	0.2948843942075532	1.1343112022687512	-0.6407649321117616	NO	Q02750
329	V	329	-16.87	14.666	-31.076	-0.89	0.675191815856778	0	0	0	0.08882247121669001	1.0199965343097839	-0.49376555242782955	NO	Q02750
330	F	330	-17.413	18.456	-30.769	1.45	0.7085346215781	0	0	0.18637031606352616	0.15910875739749333	0.8573946183917536	0.419892130530763	NO	Q02750
331	S	331	-18.769	20.971	-33.266	0.93	0.668820064601938	0	0	0.24749785657993034	0.2556574067505252	1.095358104858368	0.2629616890755419	NO	Q02750
332	L	332	-16.172	23.007	-35.238	-0.89	0.702	0	0	0	0.048024846456993904	1.2510956788030467	-0.04207654939902043	NO	Q02750
333	E	333	-17.698	26.181	-33.746	-0.37	0.668571428571429	0	0	0.18637031606352616	0.15910875739749333	1.3427900620866144	-0.06910067778535944	NO	Q02750
334	F	334	-16.928	24.879	-30.212	1.45	0.635869565217391	1	0	0.16494819588418494	0.09168354439464751	1.0952454491286336	0.399355003057249	NO	Q02750
335	Q	335	-13.456	23.741	-31.262	0.15	0.695652173913044	0	0	0	0.013626311577893369	1.0849025291005834	0.6405006288752843	NO	Q02750
336	D	336	-12.715	27.107	-32.886	-0.63	0.741275571600481	2	0	0	0.048024846456993904	1.5431330240268588	0.5025635765410426	NO	Q02750
337	F	337	-14.063	28.993	-29.873	1.45	0.692238267148014	0	0	0	0.003640052219035069	1.4289797866419773	0.42651893619808884	NO	Q02750
338	V	338	-11.746	27.204	-27.423	0.15	0.713093525179856	0	0	0	0.007265771961395888	1.195200765842242	1.049727934253456	NO	Q02750
339	N	339	-8.767	27.453	-29.938	-0.37	0.742805755395684	0	0	0	0.007574925173973594	1.535739220942197	0.6875749170321327	NO	Q02750
340	K	340	-9.232	31.254	-30.044	-0.63	0.719737253675321	1	0	0	0.0018829736599678443	1.7702542345296586	0.27063122192861666	NO	Q02750
341	C	341	-9.174	31.371	-26.151	1.45	0.777291210509853	0	0	0.09255883987398704	0.005036742292918662	1.5140876895142568	0.5739518931788762	NO	Q02750
342	L	342	-6.096	29.126	-26.061	0.93	0.845878136200717	0	0	0.10980856580914666	0.01677645729463258	1.3068127416635023	0.6822294850436263	NO	Q02750
343	I	343	-3.738	30.964	-28.532	-0.37	0.825151940158953	0	0	0.10980856580914666	0.01677645729463258	1.4360568421339335	0.463066773514855	NO	Q02750
344	K	344	-0.414	31.23	-26.494	1.45	0.843488649940263	0	0	0.16494819588418494	0.09168354439464751	1.181180180245689	0.7624109648712254	NO	Q02750
345	N	345	0.259	34.787	-27.683	0.41	0.931578947368421	1	0	0.18637031606352616	0.15910875739749333	1.3929325827605004	0.24858131497602687	NO	Q02750
346	P	346	-2.123	37.138	-25.72	-1.15	0.928263719797715	0	0	0.21312762140749741	0.1559741829750199	1.5390542059462557	0.4436381841720136	NO	Q02750
347	A	347	-2.13	39.685	-28.601	-0.37	0.922359089212393	1	0	0.24749785657993034	0.2556574067505252	1.856063226259381	0.24123134599183027	NO	Q02750
348	E	348	-3.426	37.042	-31.062	0.41	0.939501779359431	0	0	0	0.048024846456993904	2.2643052069349254	-0.07179086251160133	NO	Q02750
349	R	349	-5.8	35.539	-28.401	1.45	0.938829787234043	1	0	0.13279007421632877	0.030550500514977433	1.7434632640100718	0.3695217137159891	NO	Q02750
350	A	350	-9.44	36.586	-28.758	0.15	0.915863602668643	1	0	0.1006101906835127	0.009108302135107169	1.8720897017765628	0.20172526270177354	NO	Q02750
351	D	351	-10.689	39.424	-26.601	-0.63	0.915863602668643	1	0	0.12041794755363473	0.031200985436350307	1.5690723991383215	0.2210189312852897	NO	Q02750
352	L	352	-14.047	39.627	-24.793	-0.37	0.904058313632782	0	0	0.13279007421632877	0.030550500514977433	0.6145654180188623	0.4261410920153027	NO	Q02750
353	K	353	-15.625	41.77	-27.541	-0.89	0.900863761287789	1	0	0	0.007574925173973594	0.9159221051752034	-0.03231532576783441	NO	Q02750
354	Q	354	-14.65	39.213	-30.223	-0.11	0.851032174074763	1	0	0	0.007574925173973594	1.7874066068466987	-0.03231532576783441	NO	Q02750
355	L	355	-15.766	36.242	-28.044	1.45	0.876868327402135	0	0	0	0.0018829736599678443	1.075960053538015	0.2992365066238683	NO	Q02750
356	M	356	-19.195	37.861	-27.503	0.15	0.835112692763938	1	0	0	0.013626311577893369	1.0048017826055167	0.017792288872253745	NO	Q02750
357	V	357	-19.803	37.693	-31.282	-0.89	0.781020651988394	2	0	0	0.02523638364354993	1.685253703569196	-0.26658469291629827	NO	Q02750
358	H	358	-18.048	34.308	-31.982	1.45	0.786659790269899	0	0	0	0.003640052219035069	1.5870514148248491	-0.2497465821525025	NO	Q02750
359	A	359	-20.246	31.811	-33.949	0.15	0.783830078794108	0	0	0	0.02523638364354993	1.6102932847750093	-0.1519919946626877	NO	Q02750
360	F	360	-20.296	29.502	-30.869	1.45	0.811594202898551	0	0	0.14740991886018856	0.05268742149399644	1.1934615043396721	0.019002871999062605	NO	Q02750
361	I	361	-21.73	32.268	-28.637	0.67	0.794632034632035	0	0	0.13279007421632877	0.030550500514977433	1.0033658543646202	0.07347911270546094	NO	Q02750
362	K	362	-24.341	33.396	-31.185	-0.37	0.855072463768116	0	0	0.24749785657993034	0.2556574067505252	1.460490962259376	-0.04207654939902043	NO	Q02750
363	R	363	-25.404	29.744	-31.691	-0.11	0.830035971223022	1	0	0.2932713672377868	0.416711615876537	1.3196576318208253	-0.05502894229424796	NO	Q02750
364	S	364	-25.425	29	-27.881	-0.63	0.85439229843562	0	0	0.21312762140749741	0.1559741829750199	1.2024593665009708	0.10011194149525568	NO	Q02750
365	D	365	-27.347	32.273	-27.194	-0.11	0.914696813977389	0	0	0.2932713672377868	0.416711615876537	1.0312597565904866	-0.13861505111144992	NO	Q02750
366	A	366	-30.095	31.32	-29.688	-0.63	0.902898550724638	0	0	0.9292266383018246	0.9999999999999999	1.6285092490131434	-0.5584452794887597	NO	Q02750
367	E	367	-30.269	27.735	-28.27	-0.89	0.859903381642512	1	0	0.4530404917625599	0.6552465069465255	1.3754212085210216	-0.1425144030778026	NO	Q02750
368	E	368	-33.099	27.019	-25.847	-0.63	0.910485933503836	0	0	0.4530404917625599	0.6552465069465255	1.6715885582293335	-0.6819247584232625	NO	Q02750
369	V	369	-31.168	24.893	-23.412	0.15	0.8860559566787	0	0	0.35725773215526246	0.6622822925190456	1.1930977452472094	0.12630455823893802	NO	Q02750
370	D	370	-32.682	23.583	-20.188	-0.37	0.861612515042118	1	0	0.9249335045001208	1	0.7594090190117986	-0.29464821085595805	NO	Q02750
371	F	371	-29.601	24.144	-18.013	0.41	0.861612515042118	0	0	0.6729269391580608	0.7431650810965752	0.48260845983460837	-0.10568719006224908	NO	Q02750
372	A	372	-31.576	23.863	-14.716	0.67	0.836883116883117	0	0	0.33833063280161874	0.2075817034693367	0.678210403201564	-0.8149026588142655	NO	Q02750
373	G	373	-33.205	20.642	-15.999	0.41	0.803356643356644	0	0	0.4369320706932837	0.4876176424802967	1.021723444870152	-1.052363195226771	NO	Q02750
374	W	374	-29.83	19.143	-17.078	0.93	0.748400852878465	0	0	0.18637031606352616	0.15910875739749333	0.7318319272271945	-0.48069894090036885	NO	Q02750
375	L	375	-28.271	20.245	-13.794	0.41	0.788505747126437	1	0	0.2724589859232683	0.12999176267950324	0.6502005606598562	-0.5893151492223853	NO	Q02750
376	C	376	-30.88	18.907	-11.336	0.15	0.818627450980392	0	0	0	0.007574925173973594	0.8881292955955082	-1.1552627610055233	NO	Q02750
377	S	377	-30.964	15.509	-13.187	-0.89	0.77714012434242	1	0	0	0.08882247121669001	1.5968980652087064	-1.6011608793801169	NO	Q02750
378	T	378	-27.124	15.284	-13.232	-0.11	0.80462962962963	0	0	0	0.08882247121669001	1.364382984379802	-1.2423316243567755	NO	Q02750
379	I	379	-26.402	16.162	-9.601	0.93	0.778397565922921	1	0	0	0.02523638364354993	1.067073253024077	-1.1438294759189953	NO	Q02750
380	G	380	-29.602	14.632	-8.208	-1.41	0.7756376887038	1	0	0	0.08882247121669001	1.3738093006487917	-1.669760589899285	NO	Q02750
381	L	381	-31.026	17.904	-6.935	-1.41	0.779816513761468	0	0	0	0.013626311577893369	0.8587443470770247	-1.2375824136285254	NO	Q02750
382	N	382	-34.638	17.251	-5.739	-1.41	0.829383886255924	0	0	0	0.1597107169312019	1.3624188374459385	-1.669760589899285	NO	Q02750
