Uniprot_position	aminoacid	Position_in_structure	x	y	z	paraz	mtr	gscount	pscount	OR	pvalue	mtr3dscore	paraz3dscore	HotSpot3D	Uniprot
3	G	3	-103.138	-208.89	291.627	0.49	0.302737520128824	0	0	0	0.5191919191919193	-0.18929230733326705	-4.71092587425201	NO	P68400
4	P	4	-103.183	-206.288	294.455	0.49	0.298850574712644	0	0	0	0.28611514271891636	0.09967752002255528	-2.0758437451113942	NO	P68400
5	V	5	-101.591	-207.085	297.814	-0.36	0.296296296296296	1	0	0	0.28611514271891636	0.08119137069915229	-2.629711688852065	NO	P68400
6	P	6	-104.352	-207.142	300.482	-0.65	0.39811320754717	0	0	0	0.1443315594258991	-0.054395804031400354	-0.9081705545626493	NO	P68400
7	S	7	-104.481	-204.564	303.281	0.49	0.39578313253012	0	0	0	0.28611514271891636	-0.0980111610894774	-0.9094771749533856	NO	P68400
8	R	8	-106.146	-204.267	306.654	0.49	0.398823529411765	0	0	0	0.28611514271891636	-0.01731063201402046	-0.5337454153932352	NO	P68400
9	A	9	-106.377	-201.387	309.135	0.49	0.396067415730337	0	0	1.0860431306615606	1	-0.48847729183707866	-0.057204329177617176	NO	P68400
10	R	10	-103.748	-201.364	311.898	0.49	0.397826086956522	0	0	3.3926731527507297	0.5509433962264151	-0.9187392607073444	0.05764915252035179	NO	P68400
11	V	11	-106.464	-200.454	314.47	0.49	0.363157894736842	0	0	3.3926731527507297	0.5509433962264151	-0.5150861734858924	-0.4510167453537621	NO	P68400
12	Y	12	-110.08	-201.418	315.077	0.49	0.361329026303646	0	0	0	1	0.09018956816756424	-0.8383717362704097	NO	P68400
13	T	13	-110.061	-204.439	312.786	-0.65	0.40422322775264	0	0	0	0.27878787878787875	0.11620813215725044	-0.9537389406895801	NO	P68400
14	D	14	-112.12	-206.629	315.117	-0.08	0.406330511593669	0	0	0	0.5191919191919193	0.04231792472172476	-2.0843845493453084	NO	P68400
15	V	15	-114.824	-204.117	316.062	0.49	0.404112017015243	0	0	0	1	0.16569427609921955	-1.7938141881586447	NO	P68400
16	N	16	-117.454	-205.556	313.719	0.49	0.402472527472527	0	0	0	1	0.13908566835651529	-1.7938141881586447	NO	P68400
17	T	17	-116.553	-209.173	314.599	-0.08	0.40053050397878	0	0	0	1	-0.06804984735019513	-2.6427091232651794	NO	P68400
18	H	18	-116.798	-208.593	318.347	-1.22	0.431944444444444	0	0	0	1	-0.37398566276623546	-3.4067145648610606	NO	P68400
19	R	19	-120.161	-206.847	318.082	0.49	0.430894308943089	0	0	0	1	-0.2038695272237438	-2.6427091232651794	NO	P68400
20	P	20	-123.34	-208.8	317.143	-0.65	0.536890645586298	0	0	0	1	-0.6845699578155324	-2.6735780299963263	NO	P68400
22	E	22	-127.442	-206.68	314.199	0.49	0.434343434343434	0	0	1.6343852363089761	1	-0.507708105188765	-1.669430652212553	NO	P68400
23	Y	23	-124.807	-203.964	314.718	0.49	0.435994930291508	0	0	1.6676067222431312	0.6315432994678278	-0.19563060129190174	-1.302769912565033	NO	P68400
24	W	24	-123.423	-203.923	311.158	0.49	0.389433962264151	0	0	1.6676067222431312	0.6315432994678278	0.023855034187465728	-0.8754642129070295	NO	P68400
25	D	25	-126.087	-205.778	309.133	0.49	0.388636363636364	0	0	1.6676067222431312	0.6315432994678278	-0.021655209941130897	-0.17834140256196587	NO	P68400
26	Y	26	-127.935	-202.584	308.234	0.49	0.388636363636364	0	0	1.6676067222431312	0.6315432994678278	-0.15932571520365782	-0.4715960165078597	NO	P68400
27	E	27	-130.106	-204.466	305.646	0.49	0.390458015267176	0	1	1.6676067222431312	0.6315432994678278	-0.571323656676595	-0.32411123990349155	NO	P68400
28	S	28	-131.851	-206.423	308.486	-0.36	0.437179487179487	1	0	1.6676067222431312	0.6315432994678278	-0.5950635744888336	-0.8258534699462574	NO	P68400
29	H	29	-132.489	-203.203	310.515	0.49	0.435897435897436	0	0	1.6676067222431312	0.6315432994678278	-0.3995857278349435	-1.025178410553091	NO	P68400
30	V	30	-136.17	-202.319	311.074	0.49	0.433333333333333	0	0	1.6676067222431312	0.6315432994678278	-0.45121489739225307	-2.4901804076524545	NO	P68400
31	V	31	-136.745	-198.52	311.061	-0.65	0.485209923664122	0	0	1.6676067222431312	0.6315432994678278	-0.7454177400071096	-1.4670064147223734	NO	P68400
32	E	32	-138.857	-197.201	313.99	-0.93	0.481939163498099	0	0	0	0.5191919191919193	-0.6104601317689503	-2.471215196981031	NO	P68400
33	W	33	-140.997	-194.517	312.321	0.49	0.430925221799746	0	0	0	0.5191919191919193	-0.989532544718906	-2.0808950207583092	NO	P68400
34	G	34	-141.769	-191.26	314.086	0.49	0.481132075471698	0	0	0	0.27878787878787875	-1.0946643057583227	-1.5784668150104066	NO	P68400
35	N	35	-144.67	-188.873	313.398	0.49	0.481534090909091	1	0	0	1	-1.3511639540690654	-0.7046786311010111	NO	P68400
36	Q	36	-144.172	-186.422	310.503	0.49	0.481534090909091	0	0	0	0.5191919191919193	-1.5754761545804221	0.5846882977291955	NO	P68400
37	D	37	-146.924	-184.168	312.033	0.49	0.368278109722977	0	0	0	0.5191919191919193	-1.4005293803799999	0.5091687219150653	NO	P68400
38	D	38	-144.509	-183.284	314.934	0.49	0.319811320754717	0	0	0	0.5191919191919193	-1.7213120633835621	-0.0544700204228767	NO	P68400
39	Y	39	-142.471	-181.236	312.441	0.49	0.321022727272727	0	0	0	0.5191919191919193	-1.8532507358354455	0.29528447032278576	NO	P68400
40	Q	40	-143.094	-177.992	310.581	0.49	0.321969696969697	0	0	0	0.27878787878787875	-2.0111895134687345	1.1612899985269018	NO	P68400
41	L	41	-140.624	-177.024	307.8	0.49	0.319548872180451	0	0	0	0.5191919191919193	-1.941946173766532	1.1713157972942827	NO	P68400
42	V	42	-139.445	-173.374	308.09	0.49	0.420987654320988	0	0	0	0.5191919191919193	-2.159669672189479	1.04098041331833	NO	P68400
43	R	43	-136.899	-172.759	305.291	0.49	0.420987654320988	1	0	1.6676067222431312	0.6315432994678278	-1.9592372293978801	1.0615596844724275	NO	P68400
44	K	44	-134.931	-174.722	302.718	0.49	0.360569319978914	0	0	7.4757545061946225	0.06434446057087566	-1.7801982756948522	1.4319865652461887	NO	P68400
45	L	45	-131.214	-174.617	303.636	0.49	0.364021164021164	0	0	7.4757545061946225	0.06434446057087566	-1.8918070033310128	1.4319865652461887	NO	P68400
46	G	46	-129.838	-176.541	300.64	0.49	0.366737739872068	0	0	12.578838417250532	0.009664800608196815	-1.5524500455373664	1.4319865652461887	YES	P68400
47	R	47	-129.995	-179.476	298.24	0.49	0.368869936034115	0	2	12.578838417250532	0.009664800608196815	-1.537432394337476	1.4319865652461887	YES	P68400
48	G	48	-127.251	-181.941	297.341	0.49	0.368869936034115	0	0	41.38347932812942	1.6712846901526117e-4	-1.0643500798920913	1.4319865652461887	YES	P68400
49	K	49	-127.212	-185.013	295.092	0.49	0.366895097522404	0	0	41.38347932812942	1.6712846901526117e-4	-1.1746447056404092	1.4319865652461887	YES	P68400
50	Y	50	-128.941	-187.215	297.692	0.49	0.369622942113648	0	2	41.38347932812942	1.2059223481212217e-5	-1.0447599226265236	1.4319865652461887	YES	P68400
51	S	51	-131.178	-184.945	299.797	0.49	0.214197530864198	0	2	41.38347932812942	4.6227023344646674e-5	-1.478188713782481	1.4319865652461887	YES	P68400
52	E	52	-132.88	-181.589	300.431	0.49	0.214197530864198	0	0	12.578838417250532	0.009664800608196815	-1.7699624009772472	1.4319865652461887	YES	P68400
53	V	53	-132.107	-179.999	303.827	0.49	0.215613382899628	0	0	15.640936021854555	0.0034141958670260526	-1.7651765260909242	1.0700752449499855	YES	P68400
54	F	54	-134.487	-177.751	305.818	0.49	0.216232961586121	0	0	3.669359368354105	0.18795033059184002	-2.061289649113773	0.8475352644698105	NO	P68400
55	E	55	-134.645	-175.854	309.079	0.49	0.183974696889826	0	0	0	0.5191919191919193	-2.253561910788783	0.6129315733130951	NO	P68400
56	A	56	-137.755	-176.996	310.991	0.49	0.184126984126984	0	0	0	0.5191919191919193	-2.1571197912623465	0.8663885322367908	NO	P68400
57	I	57	-139.549	-176.878	314.387	0.49	0.161111111111111	1	0	0	0.5191919191919193	-2.2766743860729317	0.7576196797349831	NO	P68400
58	N	58	-140.616	-179.865	316.514	0.49	0.161710037174721	0	0	0	0.5191919191919193	-2.0668569213846553	0.3030665476499656	NO	P68400
59	I	59	-144.134	-178.642	317.545	0.49	0.161847014925373	0	0	0	0.5191919191919193	-2.1293477894471486	1.04098041331833	NO	P68400
60	T	60	-144.356	-181.12	320.537	0.49	0.186034115138593	0	0	0	0.5191919191919193	-2.1675977958206727	0.9292643699103706	NO	P68400
61	N	61	-141.493	-179.283	322.397	0.49	0.186034115138593	0	0	0	1	-2.6362470301755567	0.845477337354401	NO	P68400
62	N	62	-141.029	-176.062	320.229	0.49	0.184656084656085	0	0	0	1	-2.661100226511719	0.890593431807615	NO	P68400
63	E	63	-137.297	-176.898	319.446	0.49	0.183447548761202	0	0	0	1	-2.6098361094810487	-0.40838825510598764	NO	P68400
64	K	64	-135.336	-176.055	316.222	-0.08	0.212287104622871	0	0	0	0.5191919191919193	-2.3959518613784136	5.839271944958086e-4	NO	P68400
65	V	65	-134.333	-179.172	314.214	0.49	0.213064713064713	0	0	0	0.28611514271891636	-2.11302006445001	-0.1731965847734413	NO	P68400
66	V	66	-132.761	-179.895	310.823	0.49	0.212121212121212	0	0	0.7927928602764529	1	-1.7581369377264167	-0.4581403392147954	NO	P68400
67	V	67	-134.699	-182.089	308.399	0.49	0.36101083032491	0	0	2.305620132472884	0.27909499840451263	-1.6952096601165916	-0.28231458066028536	NO	P68400
68	K	68	-132.888	-184.019	305.655	0.49	0.3584229390681	0	0	6.545506944776298	0.004601329902322478	-1.339872245840066	0.3150933944283343	YES	P68400
69	I	69	-135.405	-185.3	303.071	0.49	0.357398873527906	0	0	41.38347932812942	5.730118937666083e-4	-1.6463387243655498	0.7853642031937468	YES	P68400
70	L	70	-133.764	-188.099	301.169	0.49	0.359979370809696	0	0	23.226307046080688	3.5373722211555806e-4	-1.2741556170461454	0.5022877272257692	YES	P68400
71	K	71	-134.04	-188.167	297.377	0.49	0.362042289840124	0	0	41.38347932812942	1.6712846901526117e-4	-1.5341894141729107	1.1387319513002947	YES	P68400
72	P	72	-135.192	-191.562	295.928	0.49	0.364675324675325	0	0	41.38347932812942	0.005849496415534153	-1.6191653314573042	1.017980051440221	YES	P68400
73	V	73	-132.043	-193.759	295.967	0.49	0.255072463768116	0	1	41.38347932812942	5.730118937666083e-4	-1.250110300740487	1.4319865652461887	YES	P68400
77	K	77	-127.831	-196.418	301.1	0.49	0.429440389294404	0	0	15.640936021854555	0.0034141958670260526	-0.27501330214677366	1.09683843502231	YES	P68400
78	I	78	-130.824	-195.236	303.249	0.49	0.431013431013431	0	0	23.226307046080688	3.5373722211555806e-4	-0.6639592300738739	0.22424058939007258	YES	P68400
79	K	79	-130.783	-198.092	305.795	0.49	0.431013431013431	0	0	4.845646365536749	0.09243025318497007	-0.3721030013092841	-0.7905747193963757	NO	P68400
80	R	80	-126.926	-197.789	306.008	0.49	0.431013431013431	0	1	4.845646365536749	0.09243025318497007	0.06522786843355698	0.34199482411880044	NO	P68400
81	E	81	-127.03	-194.085	306.968	0.49	0.431013431013431	0	0	4.4743398093420055	0.04094205296097327	0.004240314158617437	0.41493732241998577	NO	P68400
82	I	82	-129.786	-194.661	309.588	-0.08	0.470588235294118	1	0	1.7922294502467842	0.4801763494623005	-0.29294932394713485	-0.8537482959624438	NO	P68400
83	K	83	-127.986	-197.643	311.184	0.49	0.470588235294118	0	0	1.3567940601441173	0.7186836714737157	-0.004395560510435485	-0.5885236935197791	NO	P68400
84	I	84	-124.683	-195.692	311.301	0.49	0.473666554847367	0	0	2.9362152858166883	0.15622859909945594	0.42246977709673905	0.5117991550701001	NO	P68400
85	L	85	-126.383	-192.65	312.839	0.49	0.476767676767677	0	0	2.305620132472884	0.27909499840451263	0.3209213238916626	-0.3244542277560601	NO	P68400
86	E	86	-128.142	-194.758	315.519	0.49	0.583747927031509	0	0	0.7927928602764529	1	-0.14421408256757598	-1.7513694414033176	NO	P68400
87	N	87	-124.884	-196.679	316.273	0.49	0.586466165413534	0	0	0.7927928602764529	1	0.35198569566011384	0.327761673034883	NO	P68400
88	L	88	-122.955	-193.412	316.73	0.49	0.659774436090226	0	0	0.6157510341251579	0.6960490243509111	0.9221187595386977	0.06689491202436641	NO	P68400
89	R	89	-125.691	-191.446	318.53	0.49	0.664150943396226	1	0	0.6157510341251579	0.6960490243509111	0.6053051179672777	-0.7479969170085871	NO	P68400
90	G	90	-124.322	-189.772	321.664	0.49	0.666666666666667	0	0	0	0.28611514271891636	0.7995748212654689	-0.673272873818018	NO	P68400
91	G	91	-120.698	-190.017	320.503	0.49	0.664772727272727	0	0	0	0.28611514271891636	1.3668267033622248	-0.19524580386711746	NO	P68400
92	P	92	-118.458	-186.959	320.906	-0.36	0.669201520912548	1	0	0	0.5191919191919193	1.7492548827593586	0.12005802917245254	NO	P68400
93	N	93	-119.134	-184.349	318.227	0.49	0.531320754716981	0	0	0.3808869297887854	0.6387679406547331	1.3376234516140084	0.09191284950581899	NO	P68400
94	I	94	-121.347	-186.722	316.174	0.49	0.479835953520164	0	0	1.2448275952082453	1	1.1944627457691326	0.39078668415237433	NO	P68400
95	I	95	-124.563	-185.132	314.812	0.49	0.47940074906367	0	0	1.2448275952082453	1	0.39254648235372774	-0.2733119579555385	NO	P68400
96	T	96	-127.553	-186.429	316.839	-0.93	0.48257006151743	0	0	0.9672575183201411	1	-0.04165876715208655	-1.119843057861941	NO	P68400
97	L	97	-130.307	-188.191	314.823	0.49	0.482124616956078	2	0	1.2448275952082453	1	-0.24853995241809065	-0.47306596444743826	NO	P68400
98	A	98	-133.457	-187.134	316.762	-0.65	0.397388059701493	0	0	0	0.1443315594258991	-1.1846399014844167	-1.5115130572463835	NO	P68400
99	D	99	-136.119	-188.909	314.593	0.49	0.398876404494382	0	0	0	0.1443315594258991	-1.0989120306661804	-1.4943857928665212	NO	P68400
100	I	100	-136.983	-190.615	311.285	-0.93	0.442786069651741	0	0	0	0.28611514271891636	-0.9791652657671579	-1.006657066514403	NO	P68400
101	V	101	-140.333	-189.763	309.628	0.49	0.439506172839506	0	0	0	0.28611514271891636	-1.1423811089691267	-1.0614244816825669	NO	P68400
102	K	102	-141.935	-190.448	306.23	0.49	0.439506172839506	0	0	0	1	-1.157808273089398	-0.6488064070014796	NO	P68400
103	D	103	-142.265	-187.13	304.346	0.49	0.438271604938272	0	0	0	1	-1.33236683973928	0.5846882977291955	NO	P68400
104	P	104	-145.858	-186.975	302.965	0.49	0.439900867410161	0	0	0	1	-1.2472054968264223	0.9627791829327587	NO	P68400
105	V	105	-144.793	-185.237	299.719	0.49	0.329291044776119	0	0	0	1	-1.3065860777259155	0.9292643699103706	NO	P68400
106	S	106	-141.558	-187.053	298.657	0.49	0.328066914498141	0	0	41.38347932812942	0.050695635601295995	-1.5732205540378204	1.04098041331833	NO	P68400
107	R	107	-142.806	-190.394	300.148	-0.08	0.377398720682303	0	0	0	1	-1.3011061854481623	0.9627791829327587	NO	P68400
108	T	108	-139.206	-190.944	301.281	0.49	0.221383647798742	0	0	41.38347932812942	0.005849496415534153	-1.3900879220676872	0.4491205749264767	YES	P68400
109	P	109	-137.586	-191.001	304.722	0.49	0.222012578616352	0	0	4.845646365536749	0.09243025318497007	-1.1602975492118999	-0.37428546290776865	NO	P68400
110	A	110	-136.831	-187.63	306.309	0.49	0.189406099518459	0	0	1.7457311785031084	0.4640864376713433	-1.4130016946641646	-0.025628152595276326	NO	P68400
111	L	111	-134.079	-187.688	308.959	0.49	0.18816631130064	0	0	2.305620132472884	0.27909499840451263	-1.0906466602741254	-0.47651714656644834	NO	P68400
112	V	112	-134.476	-185.211	311.819	0.49	0.290534979423868	0	0	0	0.1443315594258991	-1.6205508114458955	-0.41088716660327096	NO	P68400
113	F	113	-131.256	-183.95	313.479	0.49	0.186083289404323	0	0	0.9672575183201411	1	-1.1206057235068043	-0.693093961298018	NO	P68400
114	E	114	-130.413	-181.644	316.373	0.49	0.188336008560728	0	0	0.3808869297887854	0.6387679406547331	-1.4870278923348	-0.440727109776713	NO	P68400
115	H	115	-129.957	-178.09	315.123	-0.36	0.187633262260128	0	0	0.5223770805126023	1	-1.276238208069487	-0.440727109776713	NO	P68400
116	V	116	-126.44	-176.554	315.078	-0.08	0.187265917602996	0	0	0.8031776811082509	1	-0.3760481611143287	-1.1404223290160385	NO	P68400
117	N	117	-126.175	-172.769	314.558	0.49	0.185185185185185	0	0	0	0.5191919191919193	-0.5730944688169698	-1.1610016001701369	NO	P68400
118	N	118	-123.485	-173.013	311.909	0.49	0.183447548761202	0	0	0.8031776811082509	1	0.0023267511664367586	-0.32136733708294574	NO	P68400
119	T	119	-121.148	-170.053	311.807	0.49	0.318933823529412	0	0	0	0.27878787878787875	0.3248953534945109	-1.0529604266111228	NO	P68400
120	D	120	-120.476	-168.636	308.289	0.49	0.320110701107011	0	0	0	1	0.1718754509829714	0.03053819965212728	NO	P68400
121	F	121	-117.67	-170.763	306.612	0.49	0.322490706319703	0	0	0	0.5191919191919193	0.23974300229929693	0.6350075187329455	NO	P68400
122	K	122	-115.878	-167.706	305.118	0.49	0.42716049382716	0	0	0	0.5191919191919193	0.16333022091884153	0.2630839636934324	NO	P68400
123	Q	123	-115.815	-165.992	308.524	0.49	0.42998760842627	0	0	0	1	0.030366818457348264	0.2630839636934324	NO	P68400
124	L	124	-114.371	-169.121	310.15	0.49	0.559076262083781	0	0	0	0.27878787878787875	0.4419862779689527	0.08325279422377758	NO	P68400
125	Y	125	-111.791	-169.689	307.423	0.49	0.647388059701493	0	0	0.5223770805126023	1	0.6793524152279686	0.5846882977291955	NO	P68400
126	Q	126	-110.69	-166.067	307.447	0.49	0.64365671641791	0	0	0	0.5191919191919193	0.4136084858083579	0.36365396707258907	NO	P68400
127	T	127	-110.605	-165.417	311.21	-0.93	0.638376383763838	1	0	0	0.27878787878787875	0.10627844703569159	0.3150933944283343	NO	P68400
128	L	128	-109.983	-168.565	313.249	0.49	0.540779220779221	0	0	0	0.1443315594258991	0.36020549465590174	-0.07177017694253043	NO	P68400
129	T	129	-106.71	-168.213	315.147	0.49	0.536874677668901	0	0	0	0.28611514271891636	0.17935026847879962	-0.16197152778029697	NO	P68400
130	D	130	-103.833	-170.747	315.335	0.49	0.531122448979592	0	0	0	0.1443315594258991	0.4274964621062897	-0.03777170363034577	NO	P68400
131	Y	131	-105.213	-171.704	318.811	-0.08	0.531490015360983	0	0	0	0.28611514271891636	0.5922866933799189	-0.029141686694756672	NO	P68400
132	D	132	-108.779	-172.087	317.367	0.49	0.531122448979592	0	0	0	0.1443315594258991	1.1909797783697593	-0.01991649617740262	NO	P68400
133	I	133	-107.549	-174.276	314.487	0.49	0.525492175668854	0	0	0	0.03617481051443313	0.8422163681362727	0.09191284950581899	NO	P68400
134	R	134	-105.837	-176.65	316.96	0.49	0.525492175668854	1	0	0	0.28611514271891636	0.6121577413156003	0.5323784262241984	NO	P68400
135	F	135	-108.936	-176.616	319.191	0.49	0.527355623100304	0	0	0	0.28611514271891636	1.4151765127244136	0.43095201839328756	NO	P68400
136	Y	136	-111.371	-177.552	316.38	0.49	0.527355623100304	0	0	0	0.07213030156426382	1.3603844194285934	0.7132950957107728	NO	P68400
137	M	137	-109.042	-181.174	315.89	0.49	0.527355623100304	1	0	0	0.28611514271891636	1.1246202033857728	0.492367160356649	NO	P68400
138	Y	138	-108.902	-181.799	318.286	0.49	0.527707168276563	0	0	0	0.1443315594258991	1.3188984157196728	0.20056747510638964	NO	P68400
139	E	139	-112.736	-181.793	318.352	0.49	0.620071684587814	0	0	0	0.1443315594258991	1.3866882110499217	0.6534041399161548	NO	P68400
140	I	140	-112.826	-183.42	314.829	0.21	0.615658362989324	0	0	0.2955601271679484	0.3895178197064988	1.1308890976602777	0.5564321197809358	NO	P68400
141	L	141	-110.343	-186.071	316.027	0.49	0.738790035587189	0	0	0	0.28611514271891636	0.8867798467925867	0.4688766752344105	NO	P68400
142	K	142	-112.72	-186.949	318.947	0.49	0.744086021505376	0	0	0	0.27878787878787875	0.9578931838851991	0.7081639246537825	NO	P68400
143	A	143	-115.485	-187.594	316.316	0.49	0.823250296559905	0	0	0.3808869297887854	0.6387679406547331	1.1156374095993034	0.5553096140816215	NO	P68400
144	L	144	-113.157	-189.611	314.031	0.49	0.825622775800712	0	0	1.7045062065731067	0.6640541848089018	0.8544236172014114	0.2630839636934324	NO	P68400
145	D	145	-111.673	-191.748	316.761	0.49	0.822143698468787	0	0	0	0.27878787878787875	0.499568390754134	0.4842276991223324	NO	P68400
146	Y	146	-115.162	-192.406	318.085	0.49	0.821052631578947	0	0	0	0.5191919191919193	0.8635862389773036	0.30079049922739237	NO	P68400
147	C	147	-116.607	-193.526	314.73	0.49	0.615789473684211	0	0	1.6676067222431312	0.6315432994678278	1.0561337871078682	0.5970561355656484	NO	P68400
148	H	148	-113.523	-195.552	313.81	0.49	0.611498257839721	0	0	0	1	0.6395861220175266	0.4020191406557317	NO	P68400
149	S	149	-113.59	-197.246	317.243	0.49	0.611111111111111	0	0	0	1	0.44299058257140667	-0.7397318141921344	NO	P68400
150	M	150	-117.183	-198.103	316.426	-0.65	0.404844290657439	0	0	0	1	0.6773740564529225	-0.3275411184291751	NO	P68400
151	G	151	-116.127	-199.801	313.182	0.49	0.409090909090909	0	0	0	1	0.5870205758983276	-0.43104274688066685	NO	P68400
152	I	152	-117.242	-197.016	310.866	0.49	0.413145539906103	0	0	3.3926731527507297	0.5509433962264151	0.72768879582514	0.594116239686492	NO	P68400
153	M	153	-115.358	-194.86	308.361	0.49	0.417556346381969	0	0	3.669359368354105	0.18795033059184002	0.9451540481329045	0.3176943222682089	NO	P68400
154	H	154	-116.953	-191.528	307.376	0.49	0.626334519572954	0	0	15.640936021854555	0.0034141958670260526	1.1273293268529354	0.6696587816248257	NO	P68400
155	R	155	-115.465	-191.349	303.787	0.49	0.619298245614035	0	0	5.427252780711037	0.019565719683230696	1.173325160772218	1.033497041989567	NO	P68400
156	D	156	-116.628	-187.77	303.201	0.49	0.617957746478873	0	2	7.423644473097061	0.005737908493917093	1.2422251645171276	0.9581071321842605	NO	P68400
157	V	157	-114.631	-185.643	305.578	0.49	0.621478873239437	0	0	9.39511221961135	0.004256751283438661	1.347310059737104	0.932204265789527	NO	P68400
158	K	158	-114.516	-182.064	304.234	0.49	0.501067615658363	0	0	6.1222408244103494	0.014049073239550278	1.1590253839465106	0.8646661172143031	NO	P68400
159	P	159	-115.235	-178.576	305.634	0.49	0.629893238434164	0	0	6.170138783118272	0.04332849540396712	1.0614312805570474	0.8489072158800838	NO	P68400
160	H	160	-119.636	-179.68	305.264	0.49	0.629893238434164	0	0	12.578838417250532	0.009664800608196815	0.738988546307406	1.4319865652461887	NO	P68400
161	N	161	-119.402	-181.777	306.58	0.49	0.627659574468085	0	0	15.640936021854555	0.0034141958670260526	1.140001164910103	0.7760222972093209	NO	P68400
162	V	162	-118.096	-180.162	309.793	0.49	0.621908127208481	0	0	4.845646365536749	0.09243025318497007	0.8443556083959414	1.1557910839675072	NO	P68400
163	M	163	-119.889	-177.171	312.624	0.49	0.621478873239437	0	0	1.6676067222431312	0.6315432994678278	0.5898304810995659	-0.26673872638297674	NO	P68400
164	I	164	-119.055	-175.179	313.785	0.49	0.621478873239437	0	0	0.5223770805126023	1	0.4382559757955918	-0.08309274890955379	NO	P68400
165	D	165	-121.075	-172.921	316.066	0.49	0.619298245614035	0	0	0	0.5191919191919193	0.21450756657786244	-0.8549967856178995	NO	P68400
166	H	166	-118.087	-170.742	317.04	0.49	0.619718309859155	0	0	0	0.27878787878787875	0.3296788877433298	-0.7768552052936437	NO	P68400
167	E	167	-120.064	-168.692	319.631	-0.36	0.619298245614035	0	0	0	0.5191919191919193	0.1629176913147961	-1.1995877335840701	NO	P68400
168	H	168	-120.581	-171.89	321.687	-0.93	0.619718309859155	1	0	0	0.5191919191919193	0.40853087712075015	-1.5755269191312498	NO	P68400
169	R	169	-117.291	-173.572	320.54	-0.08	0.619718309859155	1	0	0	0.5191919191919193	0.4414659681881893	-0.3986738165487739	NO	P68400
170	K	170	-119.46	-176.5	319.392	0.49	0.748936170212766	0	0	0	0.28611514271891636	0.48012738986133724	-0.9449192530521096	NO	P68400
171	L	171	-118.56	-178.781	316.491	0.49	0.76028880866426	0	0	0.3808869297887854	0.6387679406547331	0.7667499743349058	-0.9037607107439136	NO	P68400
172	R	172	-120.509	-181.588	314.759	0.49	0.759712230215827	0	0	0.6478567771801018	0.7247992438329827	0.7742589280718305	-0.320191378731283	NO	P68400
173	L	173	-119.421	-184.059	312.058	0.49	0.847172081829121	0	0	2.282694199029443	0.30037852209984933	1.1760262360037859	0.6123185737468031	NO	P68400
174	I	174	-122.441	-184.409	309.792	0.49	0.734098018769552	0	1	4.018936963251945	0.07071158735550546	0.6239877377815056	0.492367160356649	NO	P68400
175	D	175	-123.634	-186.146	306.582	0.49	0.722222222222222	0	1	8.949765398403002	0.002237283037526905	0.23089346116320753	0.7678879231382751	NO	P68400
176	W	176	-123.04	-189.8	307.206	0.49	0.648148148148148	0	1	5.427252780711037	0.019565719683230696	0.570988804640601	0.8735399798372615	NO	P68400
177	G	177	-124.587	-190.673	303.803	0.49	0.648148148148148	0	1	40.38347932812942	7.026756834659811e-6	0.1684502090412976	1.2249833083432045	NO	P68400
178	L	178	-121.303	-191.996	302.419	0.49	0.715457154571546	0	0	8.949765398403002	0.002237283037526905	0.6246966038165778	1.2187104823764476	NO	P68400
179	A	179	-120.217	-193.739	305.688	0.49	0.720164609053498	0	0	4.998887969702287	0.03252977161482564	0.8181964074180775	0.9170028529509605	NO	P68400
180	E	180	-119.524	-197.475	305.744	0.49	0.720164609053498	0	0	3.15616749137492	0.2361232059345267	0.5052652226058283	0.9170028529509605	NO	P68400
181	F	181	-118.825	-200.242	308.219	0.49	0.720776538620405	0	0	1.6676067222431312	0.6315432994678278	0.4106715434747357	0.4020191406557317	NO	P68400
182	Y	182	-115.222	-201.386	308.12	0.49	0.72890559732665	0	0	0	0.28611514271891636	0.39605520419050444	0.2297238820331052	NO	P68400
183	H	183	-114.79	-205.106	307.512	0.49	0.787218045112782	0	0	0	0.28611514271891636	0.14462271449214015	-0.6555232524476089	NO	P68400
184	P	184	-111.222	-206.395	307.071	0.49	0.737220109843684	0	0	0	0.28611514271891636	0.17844751594796243	-0.2600868407574095	NO	P68400
185	G	185	-110.611	-207.662	303.535	0.21	0.660984848484848	2	0	0	0.1443315594258991	0.2661735896320105	-1.1545028829635793	NO	P68400
186	Q	186	-113.692	-205.895	302.069	0.49	0.58863443596268	0	0	0	0.28611514271891636	0.7687309302483558	-0.1485014593885239	NO	P68400
187	E	187	-113.271	-204.13	298.73	0.49	0.530268199233717	0	0	0	0.1443315594258991	0.7526371206972038	0.6696587816248257	NO	P68400
188	Y	188	-115.037	-200.767	298.775	0.49	0.527756653992396	1	0	0.2955601271679484	0.3895178197064988	1.1312482636831815	1.3039377669540244	NO	P68400
189	N	189	-116.16	-198.408	296.071	0.49	0.587484035759898	0	0	0.5223770805126023	1	0.923870339426496	1.4319865652461887	NO	P68400
190	V	190	-113.428	-195.803	295.457	0.49	0.584706379383185	1	0	1.7457311785031084	0.4640864376713433	0.8778189888069561	1.4319865652461887	NO	P68400
191	R	191	-116.074	-193.245	294.267	0.49	0.585241730279898	0	1	3.15616749137492	0.2361232059345267	0.9052252698490174	1.4319865652461887	NO	P68400
192	V	192	-116.343	-191.656	297.728	0.49	0.578616352201258	0	0	4.998887969702287	0.03252977161482564	0.9897519737856347	0.9006672009040267	NO	P68400
193	A	193	-115.275	-188.247	299.171	0.49	0.574282147315855	0	0	9.39511221961135	0.004256751283438661	1.0749674810668577	0.9449438145992068	NO	P68400
194	S	194	-113.736	-184.876	296.753	0.49	0.567901234567901	0	0	2.282694199029443	0.30037852209984933	1.201765178206228	0.4579010639522251	NO	P68400
195	R	195	-112.274	-184.578	294.72	0.49	0.634191176470588	0	0	2.9362152858166883	0.15622859909945594	1.33503455359195	0.3693478365618649	NO	P68400
196	Y	196	-109.954	-182.344	296.765	0.49	0.632841328413284	0	0	2.305620132472884	0.27909499840451263	1.3308520634590342	0.3793568457140853	NO	P68400
197	F	197	-110.225	-184.62	299.803	0.49	0.634191176470588	0	1	4.018936963251945	0.07071158735550546	1.0990866769534908	1.024229843774297	NO	P68400
198	K	198	-109.82	-187.997	297.998	0.49	0.632352941176471	1	1	2.282694199029443	0.30037852209984933	0.9164789132154599	1.050822673435507	NO	P68400
199	G	199	-106.996	-190.148	299.412	0.49	0.634191176470588	0	0	3.6527029735850363	0.08213139207501527	0.32359683294665126	1.0423523647286033	NO	P68400
200	P	200	-104.3	-191.532	297.038	0.49	0.63003663003663	0	0	0.7927928602764529	1	0.43356760533257477	0.8480497462486629	NO	P68400
201	E	201	-105.86	-194.986	297.675	0.49	0.557575757575758	0	0	0.781264558883441	1	0.257077599229386	0.7801501161326714	NO	P68400
202	L	202	-109.044	-193.868	295.898	0.49	0.563725490196078	0	0	0.781264558883441	1	0.5070498243791474	0.9072151508166945	NO	P68400
203	L	203	-107.075	-192.085	293.129	0.49	0.566993464052288	0	0	0.9672575183201411	1	0.8339379960182692	1.1696008580314416	NO	P68400
204	V	204	-105.043	-195.202	292.278	0.49	0.425245098039216	0	0	0.7927928602764529	1	0.5328504597673718	-0.17987094298558107	NO	P68400
205	D	205	-108.266	-197.404	292.484	0.49	0.473181818181818	0	0	0.6157510341251579	0.6960490243509111	0.6241611139491371	0.34199482411880044	NO	P68400
206	Y	206	-107.108	-199.425	295.531	0.49	0.538819875776398	0	0	0.2955601271679484	0.3895178197064988	0.030315501246129757	-0.1286081639395626	NO	P68400
207	Q	207	-110.368	-200.782	297.002	0.49	0.558363417569194	0	0	0.19757278254140515	0.13611353007579421	0.2975312054455634	0.4976876548501477	NO	P68400
208	M	208	-109.208	-202.438	300.218	0.49	0.564040404040404	0	0	0	0.03617481051443313	0.24159726135710605	0.527826329379052	NO	P68400
209	Y	209	-108.986	-199.152	302.119	0.49	0.563607085346216	0	0	0.19757278254140515	0.13611353007579421	0.26394089225056444	0.49631570343987447	NO	P68400
210	D	210	-110.001	-198.312	305.706	0.49	0.634545454545455	1	0	0.6157510341251579	0.6960490243509111	0.13954276704948762	0.7295474431863166	NO	P68400
211	Y	211	-110.505	-195.592	308.415	0.49	0.634545454545455	0	0	3.669359368354105	0.18795033059184002	0.18358584749482162	0.14179225942193383	NO	P68400
212	S	212	-107.151	-194.058	307.394	0.49	0.627240143369176	0	0	2.616893744223414	0.3588130946621514	-0.43184554188036833	0.7163319112342974	NO	P68400
213	L	213	-108.877	-192.535	304.337	0.49	0.566159818828858	0	0	2.9362152858166883	0.15622859909945594	0.009820179880217451	0.8929679630946266	NO	P68400
214	D	214	-110.528	-190.043	306.791	0.49	0.49469964664311	0	0	4.018936963251945	0.07071158735550546	0.6184378236561785	0.9853725955189594	NO	P68400
215	M	215	-107.088	-189.076	308.123	0.49	0.495035460992908	0	0	2.282694199029443	0.30037852209984933	-0.278193057281661	0.4515900874649682	NO	P68400
216	W	216	-105.905	-188.078	304.603	0.49	0.48951048951049	0	0	2.9362152858166883	0.15622859909945594	-0.23055947210886277	0.6293949902363737	NO	P68400
217	S	217	-109.075	-185.901	304.172	-0.93	0.54320987654321	0	0	7.6729278486371975	0.01964281670423783	0.6531174397112067	0.9655230857533045	NO	P68400
218	L	218	-108.355	-184.331	307.615	0.49	0.611111111111111	0	0	2.282694199029443	0.30037852209984933	0.35281846653659776	0.8022608679307955	NO	P68400
219	G	219	-104.789	-183.479	306.473	0.49	0.611498257839721	0	0	1.7922294502467842	0.4801763494623005	-0.1309464820477431	0.7322913460068631	NO	P68400
220	C	220	-106.134	-181.814	303.283	0.49	0.607266435986159	0	0	1.2448275952082453	1	0.6020177604953733	0.5766919787441719	NO	P68400
221	M	221	-108.356	-179.61	305.484	0.49	0.603448275862069	1	0	2.305620132472884	0.27909499840451263	0.9122443944787091	0.7132950957107728	NO	P68400
222	L	222	-105.525	-178.697	307.842	0.49	0.67281814686659	0	0	0.6157510341251579	0.6960490243509111	0.34005358630843563	0.5147390509492572	NO	P68400
223	A	223	-103.111	-177.883	304.928	0.49	0.670498084291188	0	0	0.7927928602764529	1	0.14389197523249914	-0.00856241554065838	NO	P68400
224	S	224	-105.776	-174.424	304.33	0.49	0.668193967163039	0	0	0.8031776811082509	1	0.7294870688311781	0.5288505511692103	NO	P68400
225	M	225	-106.32	-173.776	306.611	0.49	0.665905631659056	1	0	0.2955601271679484	0.3895178197064988	0.40343659153931477	0.3793568457140853	NO	P68400
226	I	226	-102.721	-173.21	307.797	0.49	0.603448275862069	0	0	0.23846491242170753	0.23160780519271087	0.03440807686737374	0.0450394070002475	NO	P68400
227	F	227	-101.283	-172.423	304.367	0.49	0.670103092783505	0	0	0.3808869297887854	0.6387679406547331	0.2078328482498509	0.327761673034883	NO	P68400
228	R	228	-104.148	-170.192	303.256	0.49	0.674329501915709	0	0	0.2955601271679484	0.3895178197064988	0.5483099387467582	-0.1274648710976683	NO	P68400
229	K	229	-104.517	-172.211	300.053	-0.08	0.683760683760684	0	0	0.5223770805126023	1	1.1511287391917784	0.8199769361417141	NO	P68400
230	E	230	-108.061	-173.477	299.339	0.49	0.687645687645688	0	0	1.6676067222431312	0.6315432994678278	1.5183576769924345	1.1259817506939513	NO	P68400
231	P	231	-108.126	-176.239	298.39	0.49	0.692488262910798	0	1	1.7045062065731067	0.6640541848089018	1.479288548496832	0.5846882977291955	NO	P68400
232	F	232	-104.598	-177.436	299.024	0.49	0.692007797270955	0	0	1.2448275952082453	1	1.3230693247304242	0.14372419099966516	NO	P68400
233	F	233	-104.523	-180.05	296.246	0.49	0.747368421052632	0	0	0.9672575183201411	1	1.3294908355734048	-0.08642992801562367	NO	P68400
234	H	234	-106.512	-178.353	293.448	0.49	0.747887323943662	0	0	1.2448275952082453	1	1.5301097481442252	0.05170544998205658	NO	P68400
235	G	235	-107.055	-181.04	290.781	0.49	0.748936170212766	0	0	1.7045062065731067	0.6640541848089018	1.4949284263673257	0.7014224392757163	NO	P68400
236	H	236	-109.943	-181.508	287.362	-0.93	0.683274021352313	0	0	0	0.5191919191919193	1.5857106021355232	0.2630839636934324	NO	P68400
237	D	237	-110.234	-183.989	287.631	0.49	0.628571428571429	1	0	0.5223770805126023	1	1.5207784681559828	0.40060191681728585	NO	P68400
238	N	238	-109.441	-187.246	289.541	0.49	0.720942140296979	0	0	1.2448275952082453	1	1.1610139824025083	0.5560813367499003	NO	P68400
239	Y	239	-106.261	-187.865	287.478	0.49	0.717844433146924	0	0	0.2955601271679484	0.3895178197064988	1.1536136923795495	0.527826329379052	NO	P68400
240	D	240	-104.938	-184.294	287.824	0.49	0.713272543059777	0	0	0.3808869297887854	0.6387679406547331	1.2598165184152526	0.39387666480614303	NO	P68400
241	Q	241	-105.831	-184.655	291.567	0.49	0.624555160142349	0	0	0.9672575183201411	1	1.3123396631211595	0.4123168719334709	NO	P68400
242	L	242	-103.083	-187.342	291.897	0.49	0.537244897959184	1	0	0.6157510341251579	0.6960490243509111	1.0236182331690036	0.3793568457140853	NO	P68400
243	V	243	-100.592	-185.211	289.903	0.49	0.533434650455927	0	0	0	0.1443315594258991	1.1831890449709506	-0.11509040739716518	NO	P68400
244	R	244	-101.247	-182.253	292.277	0.49	0.618374558303887	0	0	0.9672575183201411	1	1.3952927695426696	0.44418154984949315	NO	P68400
245	I	245	-100.47	-184.494	295.243	0.49	0.621428571428571	0	0	1.2448275952082453	1	0.9719708674758106	0.8763462440855477	NO	P68400
246	A	246	-97.35	-185.891	293.482	0.49	0.623655913978495	0	0	0	0.28611514271891636	0.8991480241971443	0.5288505511692103	NO	P68400
247	K	247	-96.045	-182.335	292.924	0.49	0.536485097636177	0	0	0	0.28611514271891636	1.2116253214262884	0.3030665476499656	NO	P68400
248	V	248	-95.898	-181.97	296.742	-0.65	0.630434782608696	1	0	0	0.28611514271891636	0.49814717036513323	0.004299628930652712	NO	P68400
249	L	249	-94.132	-186.23	297.237	0.49	0.623655913978495	0	0	0	0.28611514271891636	0.3310067264847382	-0.32548319131376485	NO	P68400
250	G	250	-93.089	-186.515	295.051	0.49	0.623214285714286	0	0	0	0.27878787878787875	0.6192431713764008	-0.5207576087093155	NO	P68400
251	T	251	-93.326	-189.335	292.533	0.49	0.622775800711744	0	0	0	0.28611514271891636	0.867523423730063	-0.6488064070014796	NO	P68400
252	E	252	-90.707	-191.632	294.125	0.49	0.620567375886525	0	0	0	0.5191919191919193	0.8866790048180032	-1.9186929472073744	NO	P68400
253	D	253	-92.808	-192.203	297.296	-0.08	0.534183673469388	0	0	0	0.5191919191919193	0.45753593598181874	-1.4032037914452877	NO	P68400
254	L	254	-95.881	-192.581	295.035	0.49	0.538026721479959	0	0	0	0.28611514271891636	0.39660016704042206	-0.693093961298018	NO	P68400
255	Y	255	-94.118	-195.432	293.164	0.49	0.630434782608696	0	0	0	1	0.5582329964769891	-1.944596924883861	NO	P68400
256	D	256	-93.007	-196.975	296.456	-1.22	0.625448028673835	0	0	0	1	0.25187479692940046	-2.636210406058622	NO	P68400
257	Y	257	-96.697	-196.964	297.583	0.49	0.69995988768552	0	0	0	0.5191919191919193	-0.18439674272224757	-1.8442334024861842	NO	P68400
258	I	258	-98.187	-198.486	294.432	0.21	0.566544566544567	0	0	0	0.5191919191919193	-0.00737292839082364	-1.5952951845255803	NO	P68400
259	D	259	-95.269	-201.037	294.408	-0.93	0.566993464052288	0	0	0	0.5191919191919193	-0.12547028547489536	-2.957571971922876	NO	P68400
260	K	260	-95.884	-202.057	298.045	0.49	0.57283950617284	0	0	0	0.5191919191919193	-0.5080987835962335	-3.1983494444258205	NO	P68400
261	Y	261	-99.504	-202.991	297.187	0.49	0.514498141263941	0	0	0	0.5191919191919193	-0.3602427936352941	-1.8379886581359752	NO	P68400
262	N	262	-98.727	-204.31	293.655	-1.22	0.514498141263941	0	0	0	0.5191919191919193	0.04202799698682878	-3.5590282493897454	NO	P68400
263	I	263	-100.993	-201.558	292.18	0.49	0.586346738763096	1	0	0	0.5191919191919193	0.3323983621848582	-2.0802090450531723	NO	P68400
264	E	264	-100.501	-200.591	288.537	-0.08	0.512177121771218	0	0	0	0.27878787878787875	0.3400726422086274	-2.2179529666446007	NO	P68400
265	L	265	-101.301	-196.953	287.744	0.49	0.514074074074074	0	0	0	0.28611514271891636	0.6113040645395688	-0.6979679992029355	NO	P68400
266	D	266	-103.821	-196.415	284.973	0.49	0.569085690856909	0	0	0	0.28611514271891636	0.7316611623802676	0.3272046401314636	NO	P68400
267	P	267	-101.587	-195.941	281.801	0.49	0.635531135531136	0	0	0	0.27878787878787875	0.7358501744216849	0.08325279422377758	NO	P68400
268	R	268	-103.254	-192.529	281.143	-0.36	0.564916564916565	0	0	0	0.27878787878787875	0.8873246423755516	0.40060191681728585	NO	P68400
269	F	269	-100.88	-191.186	283.876	0.49	0.560808080808081	0	0	0	0.27878787878787875	0.9490301228152158	0.15794259652431492	NO	P68400
270	N	270	-97.863	-191.68	281.452	0.49	0.55515443241075	1	0	0	0.5191919191919193	0.874995735845785	-0.5700825284596135	NO	P68400
271	D	271	-98.675	-188.402	279.632	0.49	0.563701531443467	0	0	0	0.5191919191919193	1.074699925778051	-0.18269470992148615	NO	P68400
272	I	272	-99.404	-186.307	282.778	0.49	0.563701531443467	1	0	0	0.27878787878787875	1.0155426661466893	0.4324219663328661	NO	P68400
273	L	273	-97.57	-187.546	285.927	0.49	0.62410071942446	0	0	0	0.27878787878787875	1.0406979135728927	0.654547432758049	NO	P68400
274	G	274	-93.908	-186.731	285.219	0.49	0.62410071942446	0	0	0	0.27878787878787875	1.0066879198224767	0.4324219663328661	NO	P68400
275	R	275	-91.093	-186.845	287.803	-0.36	0.625448028673835	0	0	0	0.28611514271891636	1.0001722225281144	-0.07324012488210899	NO	P68400
276	H	276	-91.362	-184.67	290.957	0.49	0.625	0	0	0	0.27878787878787875	1.0387618025615035	-0.07324012488210899	NO	P68400
277	S	277	-89.251	-184.42	294.023	0.49	0.629496402877698	0	0	0	0.5191919191919193	1.0132748539143686	-0.42741111079464944	NO	P68400
278	R	278	-90.392	-182.96	297.894	0.49	0.631294964028777	1	0	0	0.27878787878787875	0.5954418682023506	-0.7435363853298663	NO	P68400
279	K	279	-91.144	-180.761	298.672	0.49	0.524193548387097	0	0	0	0.27878787878787875	0.5674424912945273	-0.42014783862261534	NO	P68400
280	R	280	-90.311	-179.559	302.214	0.49	0.524193548387097	0	0	0	0.27878787878787875	-0.1624957886240069	-0.638046003783651	NO	P68400
281	W	281	-93.47	-178.234	303.947	0.49	0.488753124132186	0	0	0	0.28611514271891636	-0.8255418315942	-0.3251665871421635	NO	P68400
282	E	282	-91.646	-174.903	304.633	0.49	0.488006617038875	0	0	0	0.28611514271891636	-0.6725894628569132	-0.4715960165078597	NO	P68400
283	R	283	-91.957	-174.141	300.86	-0.65	0.488378527946873	0	0	0	0.27878787878787875	-0.2390547179306727	-1.423387307384884	NO	P68400
284	F	284	-95.714	-173.345	301.435	0.49	0.491917502787068	0	0	0	0.28611514271891636	0.18536685365367991	-0.6769771426257559	NO	P68400
285	V	285	-94.987	-170.803	304.246	-0.08	0.496911847276811	0	0	0	0.27878787878787875	-0.36578039949960767	-0.11392828384963927	NO	P68400
286	H	286	-95.206	-167.078	303.528	0.49	0.400112707805016	1	0	0	0.5191919191919193	-0.2847728533237208	-0.8414176246006178	NO	P68400
287	S	287	-95.861	-163.752	305.271	0.49	0.400794777178541	0	0	0	0.5191919191919193	-0.4433913205462807	-0.6753308009334283	NO	P68400
288	E	288	-99.696	-164.164	304.926	0.49	0.323260073260073	0	0	0	0.27878787878787875	0.004987294316677728	-0.01340459698868179	NO	P68400
289	N	289	-99.87	-167.621	306.621	0.49	0.350082644628099	0	0	0	0.28611514271891636	0.0630035941010955	-0.9089055285324382	NO	P68400
290	Q	290	-96.845	-167.558	309.034	-0.36	0.321167883211679	0	0	0	0.27878787878787875	-0.6301781454257002	-0.004820729876276934	NO	P68400
291	H	291	-99.173	-166.861	312.024	0.49	0.324074074074074	1	0	0	0.28611514271891636	-0.39968586135723605	-0.48188565208490886	NO	P68400
292	L	292	-100.878	-170.261	311.463	0.49	0.327715355805243	0	0	0	0.1443315594258991	-0.052726723865466875	0.15607175369212387	NO	P68400
293	V	293	-97.703	-172.311	310.984	0.49	0.328947368421053	0	0	0	0.28611514271891636	-0.40483987359806617	-0.01340459698868179	NO	P68400
294	S	294	-95.425	-173.878	313.596	0.49	0.239917976760082	0	0	0	0.5191919191919193	-0.5801538305460865	-0.029141686694756672	NO	P68400
295	P	295	-92.877	-176.724	313.603	0.49	0.239917976760082	0	0	0	0.5191919191919193	-1.026939998495474	0.03053819965212728	NO	P68400
296	E	296	-95.578	-178.811	315.511	0.49	0.239917976760082	0	0	0	0.5191919191919193	-0.4666140603503561	0.5573675411970317	NO	P68400
297	A	297	-98.203	-178.022	312.756	0.49	0.240137221269297	0	0	0	0.1443315594258991	-0.24361575649891443	0.4579010639522251	NO	P68400
298	L	298	-95.851	-179.045	309.97	0.49	0.240137221269297	0	0	0	1	-0.7039278493891618	-0.01991649617740262	NO	P68400
299	D	299	-94.782	-182.26	311.835	0.49	0.26	0	0	0	1	-0.9722792565713811	1.0121694337025935	NO	P68400
300	F	300	-98.492	-183.207	312.355	-0.36	0.26	0	0	0.7927928602764529	1	-0.8448064944451564	0.8795956026888264	NO	P68400
301	L	301	-99.41	-182.449	308.713	0.49	0.256934306569343	0	0	0.7927928602764529	1	-0.5863358932764684	0.4181866810232645	NO	P68400
302	D	302	-96.461	-184.558	307.518	0.49	0.144078144078144	1	0	1.0860431306615606	1	-0.841669454670524	0.3693478365618649	NO	P68400
303	K	303	-97.83	-187.564	309.481	0.49	0.144199346405229	0	0	3.3926731527507297	0.5509433962264151	-1.3669446640156446	0.7959000023013469	NO	P68400
304	L	304	-101.362	-187.3	307.973	0.49	0.257664233576642	0	0	1.6676067222431312	0.6315432994678278	-1.2028976100310322	0.3312895480898711	NO	P68400
305	L	305	-100.47	-186.576	304.345	0.49	0.234625668449198	0	0	1.7457311785031084	0.4640864376713433	-0.5076042238424325	0.0450394070002475	NO	P68400
306	R	306	-98.63	-189.818	303.489	0.49	0.234625668449198	0	0	1.6676067222431312	0.6315432994678278	-0.6841436184877404	-0.8752437207160922	NO	P68400
307	Y	307	-99.372	-191.895	300.4	0.49	0.13	0	0	1.2448275952082453	1	-0.2553286586817921	-0.32313127461043945	NO	P68400
308	D	308	-99.258	-195.151	302.399	0.49	0.130970149253731	0	0	3.3926731527507297	0.5509433962264151	-0.5259265238461421	-0.2719770863131109	NO	P68400
309	H	309	-102.657	-195.459	304.115	0.49	0.145522388059701	0	0	3.3926731527507297	0.5509433962264151	-0.6623575789268458	0.5810058931983597	NO	P68400
310	Q	310	-101.073	-197.844	306.67	0.49	0.163712686567164	0	0	3.3926731527507297	0.5509433962264151	-1.014905897206349	0.6393527020851305	NO	P68400
311	S	311	-98.888	-193.903	308.238	-0.36	0.145522388059701	0	0	3.3926731527507297	0.5509433962264151	-1.7109700284478326	0.654547432758049	NO	P68400
312	R	312	-100.696	-192.283	308.546	0.49	0.164943609022556	0	2	1.6676067222431312	0.6315432994678278	-1.3501522934123213	0.051304555089444065	NO	P68400
313	L	313	-101.394	-191.259	312.132	0.49	0.165719696969697	0	0	1.6676067222431312	0.6315432994678278	-1.1940326614340928	0.6534041399161548	NO	P68400
314	T	314	-104.579	-192.856	313.472	0.49	0.163857677902622	0	0	1.6676067222431312	0.6315432994678278	-0.39287246593287684	0.6744469081683178	NO	P68400
315	A	315	-107.052	-190.463	315.108	0.49	0.293501048218029	0	0	1.6676067222431312	0.6315432994678278	0.018727907859437065	0.6246459276623513	NO	P68400
316	R	316	-106.127	-191.598	318.619	-0.08	0.29404309252218	0	0	1.6676067222431312	0.6315432994678278	0.3751999484627861	1.0571498406536926	NO	P68400
317	E	317	-102.326	-191.242	317.972	0.49	0.333015267175573	0	0	3.3926731527507297	0.5509433962264151	-0.20772749099361715	0.3539493609430644	NO	P68400
318	A	318	-103.033	-187.784	316.408	0.49	0.440656565656566	0	0	0.7927928602764529	1	-0.21193064274107085	0.557367541197031	NO	P68400
319	M	319	-104.687	-186.639	319.679	0.49	0.436953807740325	1	0	0	0.27878787878787875	0.87303454533528	0.34625260435757943	NO	P68400
320	E	320	-101.424	-186.934	321.644	0.49	0.528301886792453	0	0	0	0.5191919191919193	0.45091291211122786	0.15794259652431492	NO	P68400
321	H	321	-99.416	-185.001	319.046	0.49	0.665399239543726	0	0	0	0.28611514271891636	-0.5425703352879787	0.46547045104338747	NO	P68400
322	P	322	-97.507	-181.912	320.273	0.49	0.723140495867769	0	0	0	0.5191919191919193	-0.08693173060701766	0.4324219663328661	NO	P68400
323	Y	323	-99.633	-179.706	317.941	0.49	0.815850815850816	0	0	0	0.28611514271891636	-0.24362397222601842	0.5560813367499003	NO	P68400
324	F	324	-102.474	-180.044	320.533	0.49	0.85795763172189	0	0	0	0.27878787878787875	0.581345766410286	0.46547045104338747	NO	P68400
325	Y	325	-100.433	-179.425	323.686	0.49	0.797727272727273	0	0	0	0.27878787878787875	1.0663693258811813	0.5091687219150653	NO	P68400
326	T	326	-103.148	-175.738	323.959	-0.36	0.745047169811321	0	0	0	0.27878787878787875	1.1707776793814626	0.5970561355656484	NO	P68400
327	V	327	-105.349	-176.833	323.603	0.49	0.769735403455062	0	0	0	0.27878787878787875	1.3447313593722965	0.5970561355656484	NO	P68400
328	V	328	-107.196	-176.555	326.94	0.49	0.76839591925331	0	0	0	1	1.5684347221181778	0.08325279422377758	NO	P68400
329	K	329	-108.382	-180.08	327.839	0.49	0.789591078066914	0	0	0	0.5191919191919193	1.592937813522869	0.5573675411970317	NO	P68400
