Uniprot_position	aminoacid	Position_in_structure	x	y	z	paraz	mtr	gscount	pscount	OR	pvalue	mtr3dscore	paraz3dscore	HotSpot3D	Uniprot
135	A	135	-54.776	10.958	97.296	0.56	0.606301447629861	0	0	0	0.9999999999999999	-0.4393406124956201	-2.7389827282512176	NO	P35222
136	V	136	-52.015	9.908	94.893	-0.16	0.664179104477612	0	0	0	0.9999999999999999	-0.6172609467608046	-2.020439255613244	NO	P35222
137	V	137	-48.782	11.319	96.311	0.56	0.664179104477612	0	0	0	0.9999999999999999	-0.6172609467608046	-2.020439255613244	NO	P35222
138	N	138	-45.042	11.293	95.583	-1.6	0.703841387856258	1	0	0	0.9999999999999999	-0.6172609467608046	-2.020439255613244	NO	P35222
139	L	139	-45.532	13.124	92.284	0.56	0.615962984384037	0	0	0	0.9999999999999999	-0.6172609467608046	-2.020439255613244	NO	P35222
140	I	140	-43.244	15.769	90.777	0.56	0.535849056603774	0	0	0	0.9999999999999999	-0.5700899636166563	-2.7389827282512176	NO	P35222
151	R	151	-31.185	6.815	92.305	0.56	0.437118437118437	2	0	0	1	-1.2647853644219624	1.123188437177892	NO	P35222
152	A	152	-32.901	7.418	88.96	0.56	0.407977207977208	0	0	0	1	-1.1903020422609578	0.721371363663236	NO	P35222
153	I	153	-30.08	5.822	86.95	0.2	0.406471757025263	1	0	0	1	-0.5269105809486567	-0.44862540921767574	NO	P35222
154	P	154	-29.827	2.638	89.059	0.56	0.358641358641359	0	0	0	0.9999999999999999	-0.8523843417792982	0.22500909638042502	NO	P35222
155	E	155	-33.608	2.301	88.748	0.56	0.361288158336129	0	0	0	1	-1.4820029171319735	0.8024101011787967	NO	P35222
156	L	156	-33.75	2.818	84.983	0.56	0.394505494505495	0	0	0	1	-1.3615779692279677	0.05660046998089972	NO	P35222
157	T	157	-30.887	0.371	84.423	0.56	0.391970802919708	1	0	0	1	-0.8307850658268332	0.6161517125341607	NO	P35222
158	K	158	-32.99	-2.277	86.166	0.56	0.435523114355231	0	0	0	1	-1.4669555217901133	0.7100259404110572	NO	P35222
159	L	159	-36.031	-1.484	84.03	0.56	0.506221719457014	0	0	0	1	-1.689176301516726	0.17855154427021083	NO	P35222
160	L	160	-34.046	-1.801	80.785	0.56	0.504367427444351	0	0	0	1	-1.021724102572306	-0.12953538025015449	NO	P35222
161	N	161	-33.004	-5.229	82.059	0.56	0.502958579881657	0	0	0	0.9999999999999999	-0.9271413291268054	0.529231131166664	NO	P35222
162	D	162	-36.625	-6.229	82.69	0.56	0.503393665158371	0	0	0	0.9999999999999999	-1.8163834774842074	0.8986436019785253	NO	P35222
163	E	163	-37.78	-9.296	80.76	0.56	0.506221719457014	0	0	0	0.9999999999999999	-1.4230642092136436	0.6099430995793397	NO	P35222
164	D	164	-41.022	-7.437	79.972	0.56	0.509508941243259	0	0	0	0.9999999999999999	-1.7744605580592563	0.6740987667791587	NO	P35222
165	Q	165	-40.463	-5.606	76.676	-0.88	0.511867314841293	0	0	0	1	-1.0112991772416293	0.6291897997392852	NO	P35222
166	V	166	-43.25	-3.08	77.222	0.56	0.57036643653744	0	0	0	1	-1.2323776569269664	-0.04444470585881545	NO	P35222
167	V	167	-41.338	-2.065	80.348	0.56	0.511867314841293	0	0	0	1	-1.7008304929333584	0.3474880973982614	NO	P35222
168	V	168	-38.051	-1.921	78.445	0.56	0.513297111810123	0	0	0	1	-0.8727982863168491	0.3404892973400992	NO	P35222
169	N	169	-39.636	0.282	75.769	0.2	0.406108597285068	1	0	0	0.9999999999999999	-0.7403312902304641	-0.3873859087087575	NO	P35222
170	K	170	-40.978	2.766	78.322	0.56	0.406108597285068	0	0	0	1	-1.3368046795987951	-0.3677892685459038	NO	P35222
171	A	171	-37.693	2.837	80.244	0.56	0.406108597285068	0	0	0	0.9999999999999999	-1.4292690516939721	-0.2504976134535284	NO	P35222
172	A	172	-35.811	3.403	76.979	0.56	0.439950980392157	0	0	0	0.9999999999999999	-0.6196429352552912	-0.6935834112533485	NO	P35222
173	V	173	-37.862	6.536	76.307	-0.52	0.357642357642358	1	0	0	1	-0.642368942871277	-0.9538512884162511	NO	P35222
174	M	174	-37.13	7.9	79.79	-0.16	0.433939393939394	1	0	0	1	-1.2217608650628087	-0.6731702444170428	NO	P35222
175	V	175	-33.395	7.257	79.49	0.56	0.500699300699301	0	0	0	0.9999999999999999	-0.6217206897961282	-0.30763214060411986	NO	P35222
176	H	176	-33.342	9.091	76.158	-1.6	0.50393037619315	0	0	0	1.0000000000000002	-0.32467497710350507	-0.8228668012166204	NO	P35222
177	Q	177	-35.161	12.127	77.571	0.56	0.543939393939394	0	0	0	0.9999999999999999	-0.5308077379489439	-0.583352310337296	NO	P35222
178	L	178	-32.619	12.197	80.403	0.56	0.591238471673254	0	0	0	0.9999999999999999	-0.3559561207085712	-0.6576843937136381	NO	P35222
179	S	179	-29.634	12.026	78.044	0.56	0.59504132231405	0	0	0	0.9999999999999999	0.18304389101983803	-0.9637576782044585	NO	P35222
180	K	180	-30.752	15.376	76.613	0.56	0.702341137123746	1	0	0	1	0.09946805584312723	-1.009987497216093	NO	P35222
181	K	181	-29.659	17.137	79.813	0.56	0.699805609552902	1	0	0	1	0.10481500308321087	-0.9725633580161984	NO	P35222
182	E	182	-25.97	17.576	80.66	0.56	0.697288323187604	0	0	0	1	0.7524540231613246	0.9734918803783144	NO	P35222
183	A	183	-26.744	16.92	84.32	0.56	0.797556234379339	0	0	0	1	0.50205225581993	-0.44862540921767574	NO	P35222
184	S	184	-28.381	13.559	83.64	0.56	0.832476875642343	0	0	0	1	-0.008650161863265326	-1.2345323324154598	NO	P35222
185	R	185	-25.731	12.745	81.017	0.56	0.838509316770186	0	0	0	0.9999999999999999	0.46425115416411844	-0.6007364266107952	NO	P35222
186	H	186	-22.768	12.454	83.381	-0.52	0.902249375173563	0	0	0	1	0.9498080389980696	0.22500909638042502	NO	P35222
187	A	187	-24.855	10.221	85.652	0.56	0.924219150025602	1	0	0	0.9999999999999999	0.16932363923934385	0.2714666484906388	NO	P35222
188	I	188	-25.484	7.9	82.707	0.2	0.924219150025602	0	0	0	1	0.20218398472547394	-0.3993350795397659	NO	P35222
189	M	189	-21.915	8.011	81.38	0.56	0.918367346938776	1	0	0	1	1.0616237917162519	-0.08589913697254478	NO	P35222
190	R	190	-20.534	7.127	84.815	-1.96	0.92497430626927	1	0	0	1	1.1075053810169313	-0.26000774765020757	NO	P35222
191	S	191	-22.668	3.972	85.125	0.56	0.868832731648616	0	0	0	0.9999999999999999	0.5489049791648418	-0.13426263993856227	NO	P35222
192	P	192	-21.026	0.978	83.418	0.56	0.814530685920578	0	0	0	0.9999999999999999	1.1914346125711757	-0.3238782785513608	NO	P35222
193	Q	193	-24.209	-1.061	83.901	0.56	0.809352517985612	0	0	0	1	0.32465520168243256	0.03254209478096748	NO	P35222
194	M	194	-26.429	1.701	82.491	-0.16	0.809352517985612	0	0	0	1	-0.007970115348114181	-0.44862540921767574	NO	P35222
195	V	195	-24.415	2.037	79.275	0.56	0.818181818181818	1	0	0	1.0000000000000002	0.57330474100326545	-0.3363529916179922	NO	P35222
196	S	196	-24.191	-1.732	78.813	-0.52	0.8	0	0	0	1	1.1429090587467472	0.30921340958018745	NO	P35222
197	A	197	-27.963	-2.042	79.188	0.56	0.832851359167149	0	0	0	1	0.13192369566147769	0.38931019530679073	NO	P35222
198	I	198	-28.489	0.754	76.656	-0.16	0.835913312693499	1	0	0	0.5869833884627967	0.1989682219894494	-0.1712464951478697	NO	P35222
199	V	199	-26.143	-0.96	74.196	0.56	0.750782064650678	1	0	0	0.9999999999999999	1.0847783440504908	0.28624859688934323	NO	P35222
200	R	200	-27.699	-4.4	74.692	0.56	0.8300395256917	0	0	0	0.9999999999999999	1.0068371818725377	0.5107934320887099	NO	P35222
201	T	201	-31.259	-3.142	74.319	0.56	0.835371900826446	0	0	0	0.9999999999999999	0.10847081153213563	-0.35239190841794715	NO	P35222
202	M	202	-30.436	-1.26	71.121	0.56	0.840743198407432	1	0	0	0.9999999999999999	0.6603626934878819	-0.5234736876174647	NO	P35222
203	Q	203	-29.105	-4.301	69.245	0.56	0.84	0	0	0	0.9999999999999999	1.3281564356109672	0.10253009536258859	NO	P35222
204	N	204	-31.635	-6.769	70.683	0.56	0.833935018050542	1	0	0	1	0.7327779040637667	-0.26000774765020757	NO	P35222
205	T	205	-34.899	-4.813	70.558	0.56	0.811242908715833	1	0	0	0.9999999999999999	0.27748756431293176	0.09462822432917949	NO	P35222
206	N	206	-37.494	-5.328	67.819	-0.16	0.824687618326392	0	0	0	1	0.5356356319089484	-0.07438401721873106	NO	P35222
207	D	207	-39.274	-2.05	68.582	0.56	0.83066361556064106	0	0	0	1	-0.13524181284425363	0.06333681503688082	NO	P35222
208	V	208	-38.314	0.826	66.279	-0.16	0.829090909090909	0	0	0	1	0.22913157322427719	-0.3238782785513608	NO	P35222
209	E	209	-38.93	3.496	68.914	-0.16	0.835164835164835	0	0	0	0.9999999999999999	-0.39592187119207206	-1.1222599148157761	NO	P35222
210	T	210	-36.726	1.634	71.396	0.56	0.850841750841751	1	0	0	0.9999999999999999	-0.2948877380507827	-1.1222599148157761	NO	P35222
211	A	211	-33.995	1.29	68.768	0.56	0.787151962428715	1	0	0	1.0000000000000002	0.21193170847323597	-0.6090145772172233	NO	P35222
212	R	212	-34.325	5.013	68.027	0.56	0.781385281385281	2	0	0	0.9999999999999999	0.016870876183209437	-0.6968065428590812	NO	P35222
213	C	213	-34.244	6.053	71.7	0.56	0.776376907763769	0	0	0	0.9999999999999999	-0.32776931817426114	-0.6124824511199164	NO	P35222
214	T	214	-31.248	3.907	72.7	0.56	0.747412008281573	1	0	0	0.9999999999999999	0.10064194769827556	-0.3138985080980555	NO	P35222
215	A	215	-29.262	4.838	69.577	-0.88	0.756424761596897	2	0	0	0.9999999999999999	0.45841700594213375	-0.03408109808038322	NO	P35222
216	G	216	-30.089	8.487	70.225	-0.52	0.756424761596897	0	0	0	0.9999999999999999	-0.13963091000968708	-0.5159888597774859	NO	P35222
217	T	217	-29.008	8.107	73.851	-1.24	0.777777777777778	0	0	0	1.0000000000000002	0.2673040919002781	-0.22408057401830866	NO	P35222
218	L	218	-25.612	6.754	72.785	0.56	0.753623188405797	0	0	0	0.9999999999999999	0.6342557450725671	0.3212425971801536	NO	P35222
219	H	219	-25.236	9.558	70.26	0.56	0.756424761596897	0	0	0	1	0.4014411958935294	0.22500909638042502	NO	P35222
220	N	220	-25.856	12.062	73.055	0.56	0.767590618336887	0	0	0	1	0.38609809394012806	-0.07438401721873106	NO	P35222
221	L	221	-23.166	10.398	75.185	0.56	0.738805970149254	0	0	0	0.9999999999999999	0.7629467021277173	-0.36076003892227104	NO	P35222
222	S	222	-20.647	10.489	72.299	0.56	0.800743494423792	0	0	0	0.9999999999999999	0.7795291159154403	0.2595544556418658	NO	P35222
223	H	223	-20.024	14.235	72.686	0.56	0.842887888867149	0	0	0	0.9999999999999999	0.7700974708509445	0.3553899684316701	NO	P35222
224	H	224	-17.768	13.623	75.673	0.56	0.848389630793401	0	0	0	0.9999999999999999	1.0680331979836821	0.12137301859610189	NO	P35222
225	R	225	-14.55	11.645	76.081	0.56	0.83780880773362	1	0	0	0.9999999999999999	1.2022108060197787	-0.01994890565524783	NO	P35222
226	E	226	-16.05	9.83	79.068	0.56	0.83946608946609	1	0	0	1	1.3936647921119079	0.17511024411389914	NO	P35222
227	G	227	-19.086	8.927	76.99	0.56	0.862997187625552	0	0	0	1	1.2038504480591556	-0.1755303393806078	NO	P35222
228	L	228	-16.999	7.718	74.06	0.56	0.841452991452992	0	0	0	1	1.2129804670779705	0.5992504883793697	NO	P35222
229	L	229	-14.918	5.534	76.365	0.56	0.835029686174724	1	0	0	1	1.352010352720653	0.7030722939016575	NO	P35222
230	A	230	-17.963	3.997	78.054	0.56	0.970926301555105	1	0	0	0.9999999999999999	1.5114952615395982	0.1457579780747659	NO	P35222
231	I	231	-19.597	3.243	74.703	0.56	0.91698595146871	0	0	0	1.0000000000000002	1.2543403323044782	0.16643218285015524	NO	P35222
232	F	232	-16.319	1.735	73.508	0.56	0.914431673052363	1	0	0	0.9999999999999999	1.2032298215687989	1.1468247356199308	NO	P35222
233	K	233	-15.708	-0.43	76.586	0.56	0.972297664312874	0	0	0	0.9999999999999999	1.5321093192301496	1.27288499397747	NO	P35222
234	S	234	-19.329	-1.615	76.674	0.56	0.973282442748092	0	0	0	1	1.7136788006945056	0.8468255630863638	NO	P35222
235	G	235	-19.294	-3.23	73.243	0.56	0.973282442748092	0	0	0	1	1.6879790611144139	0.9435525690183987	NO	P35222
236	G	236	-20.891	-0.226	71.575	0.56	0.96958174904943	0	0	0	1.0000000000000002	1.3432493750906451	0.569659308546895	NO	P35222
237	I	237	-19.018	-0.486	68.28	0.56	0.96958174904943	1	0	0	0.9999999999999999	1.284011775720361	0.6936244046225819	NO	P35222
238	P	238	-20.29	-3.94	67.27	0.56	0.96958174904943	0	0	0	1	1.681459440888262	0.6460306623792376	NO	P35222
239	A	239	-23.772	-2.794	68.306	0.56	0.972297664312874	0	0	0	0.9999999999999999	1.3264912794626693	0.25786931616569825	NO	P35222
240	L	240	-23.552	0.407	66.281	0.56	0.972297664312874	1	0	0	0.9999999999999999	1.0723828833997804	0.4724666698654416	NO	P35222
241	V	241	-22.186	-1.406	63.222	0.56	0.989975803664017	0	0	0	0.9999999999999999	1.2346303337902107	0.5618263491794752	NO	P35222
242	K	242	-25.152	-3.787	63.4	-0.16	1.05872412336291	0	0	0	0.9999999999999999	1.527371512117165	0.3474880973982614	NO	P35222
243	M	243	-27.437	-0.748	63.515	0.56	0.951145038167939	1	0	0	1.0000000000000002	0.9674739378604347	0.10253009536258859	NO	P35222
244	L	244	-26.003	0.382	60.165	0.56	0.86977886977887	0	0	0	1	1.080915118027105	0.22500909638042502	NO	P35222
245	G	245	-28.226	-2.314	58.695	-0.52	0.82007722007722	0	0	0	1	1.3413709138624095	-0.1895352147568679	NO	P35222
246	S	246	-31.372	-0.681	60.064	0.56	0.754273504273504	0	0	0	1	0.7200385045419486	0.17855154427021083	NO	P35222
247	P	247	-34.184	0.225	57.614	0.56	0.678846153846154	0	0	0	1	0.6035142711202199	0.1457579780747659	NO	P35222
248	V	248	-34.995	3.34	59.648	0.56	0.604032604032604	0	0	0	0.9999999999999999	0.2470887146219872	-0.09576923961867059	NO	P35222
249	D	249	-33.189	6.597	58.873	-0.16	0.605128205128205	0	0	0	1	0.15251091326472524	-0.1895352147568679	NO	P35222
250	S	250	-33.154	8.121	62.377	0.56	0.598812553011026	0	0	0	0.9999999999999999	-0.015168107309483706	0.22500909638042502	NO	P35222
251	V	251	-31.423	4.981	63.665	0.56	0.592033542976939	0	0	0	1	0.46031718051416004	-0.14923229561852008	NO	P35222
252	L	252	-28.883	4.928	60.794	0.56	0.594276094276094	0	0	0	1	0.42701804394736614	0.37470565318000265	NO	P35222
253	F	253	-28.09	8.6	61.307	0.56	0.505248091603053	0	0	0	1	0.02338777166676666	0.37470565318000265	NO	P35222
254	Y	254	-27.513	8.25	65.067	0.56	0.508620689655172	0	0	0	1	0.10412335978342627	0.494462898619665	NO	P35222
255	A	255	-25.33	5.205	64.37	0.56	0.507692307692308	0	0	0	0.9999999999999999	0.6306824422102725	0.5056901403796334	NO	P35222
256	I	256	-23.106	6.632	61.641	0.56	0.579638752052545	0	0	0	1	0.35419986099098966	0.7339773894989899	NO	P35222
257	T	257	-22.682	9.963	63.469	0.56	0.579638752052545	0	0	0	1	-0.16063573005769902	0.9168499399676634	NO	P35222
258	T	258	-21.792	8.238	66.739	0.56	0.678846153846154	0	0	0	0.9999999999999999	0.5164752160983732	0.6323229834862532	NO	P35222
259	L	259	-19.376	5.961	64.879	0.56	0.757185757185757	1	0	0	0.9999999999999999	0.665355062375556	1.0223723887210339	NO	P35222
260	H	260	-17.752	9.015	63.274	0.56	0.752136752136752	0	0	0	0.9999999999999999	0.05268043541644593	1.2809766997504202	NO	P35222
261	N	261	-17.294	10.508	66.751	0.56	0.669847328244275	0	0	0	0.9999999999999999	0.35311691943561546	1.27288499397747	NO	P35222
262	L	262	-15.685	7.284	67.968	0.56	0.735849056603774	0	0	0	0.9999999999999999	0.7253215418451483	1.3093963492944403	NO	P35222
263	L	263	-13.371	7.141	64.93	0.56	0.740740740740741	0	0	0	1	0.22256582128012353	1.2552736343539905	NO	P35222
264	L	264	-12.241	10.722	65.452	0.56	0.749255002128566	0	0	0	0.9999999999999999	0.14402619516602727	1.1577337964393335	NO	P35222
265	H	265	-11.567	10.687	69.183	-0.52	0.747126436781609	1	0	0	1	0.7114938655180324	1.1036627993344692	NO	P35222
266	Q	266	-11.491	7.175	70.664	0.56	0.747126436781609	0	0	0	1	1.0055501563232145	1.3028243053373856	NO	P35222
267	E	267	-8.158	5.349	70.631	0.56	0.799245283018868	0	0	0	0.9999999999999999	0.7320824378700143	1.123188437177892	NO	P35222
268	G	268	-8.854	1.816	69.423	0.56	0.793984962406015	0	0	0	1	0.8164278553013765	1.1680974042177654	NO	P35222
269	A	269	-12.053	2.694	67.559	0.56	0.721804511278195	0	0	0	1	1.043179940750463	1.2552736343539905	NO	P35222
270	K	270	-10.656	2.256	64.041	0.56	0.721804511278195	0	0	0	1	0.5724188776625149	0.779766924520037	NO	P35222
271	M	271	-9.516	-1.311	64.666	0.56	0.661654135338346	1	0	0	1	0.7624069031523061	0.8178074613067534	NO	P35222
272	A	272	-12.793	-2.221	66.364	0.56	0.751203852327448	0	0	0	1	1.4882230749053618	0.9734918803783144	NO	P35222
273	V	273	-14.866	-0.88	63.477	0.56	0.747742963356346	2	0	0	0.9999999999999999	1.1706789818068057	0.9504616408706869	NO	P35222
274	R	274	-12.765	-2.791	60.954	0.56	0.808988764044944	2	0	0	1	0.66614082769021	0.9828479151782882	NO	P35222
275	L	275	-13.11	-6.004	62.98	0.56	0.881398252184769	0	0	0	0.9999999999999999	1.1955093770610674	0.8024101011787967	NO	P35222
276	A	276	-16.858	-5.49	63.437	0.56	0.957937584803257	0	0	0	1	2.0038275951237217	0.7100259404110572	NO	P35222
277	G	277	-17.245	-5.333	59.669	-1.6	0.961525366019748	1	0	0	1	1.4317048583175522	0.04537322822093137	NO	P35222
278	G	278	-17.982	-1.608	59.531	0.56	1.05767790262172	0	0	0	1	0.9879282700114963	0.38931019530679073	NO	P35222
279	L	279	-16.183	-1.057	56.227	0.56	1.04981412639405	0	0	0	1	0.42848904008962024	0.6099430995793397	NO	P35222
280	Q	280	-18.462	-3.505	54.412	0.56	1.04296296296296	0	0	0	1	0.7817960455717299	0.14080478318066217	NO	P35222
281	K	281	-21.605	-2.024	55.981	0.56	1.05074626865672	0	0	0	0.9999999999999999	1.0772443813043147	0.2635024967003163	NO	P35222
282	M	282	-20.558	1.533	55.13	0.56	0.985955056179775	1	0	0	1	0.6070835649877849	0.5312065989250161	NO	P35222
283	V	283	-19.797	0.86	51.458	0.56	0.982276119402985	0	0	0	1	0.09165638207595292	0.5618263491794752	NO	P35222
284	A	284	-23.195	-0.815	51.086	-0.88	0.982276119402985	0	0	0	0.9999999999999999	0.565402854025562	0.17855154427021083	NO	P35222
285	L	285	-24.843	2.387	52.38	0.56	0.984200743494424	0	0	0	0.9999999999999999	0.45788539267807904	0.43773578235877264	NO	P35222
286	L	286	-23.283	4.548	49.647	0.56	0.985955056179775	0	0	0	0.9999999999999999	-0.028003067253270376	0.6504624683371198	NO	P35222
287	N	287	-26.397	4.02	47.531	0.56	0.962406015037594	2	0	0	1	0.28411601145099175	0.22500909638042502	NO	P35222
288	K	288	-28.375	6.113	50.037	0.56	0.961525366019748	0	0	0	1	0.06917566645804143	0.3212425971801536	NO	P35222
289	T	289	-29.354	9.564	48.739	0.2	0.835079418722541	0	0	0	1	-0.36296705526299816	0.22500909638042502	NO	P35222
290	N	290	-29.095	11.918	51.75	0.56	0.724279835390947	0	0	0	1	-0.41051017461198624	0.6740987667791587	NO	P35222
291	V	291	-25.96	13.941	50.9	-0.88	0.651291512915129	0	0	0	1	-0.9832447407922612	0.8024101011787967	NO	P35222
292	K	292	-25.188	14.841	54.535	0.56	0.654275092936803	0	0	0	0.9999999999999999	-1.199588443404587	0.8178074613067534	NO	P35222
293	F	293	-25.368	11.164	55.528	0.56	0.581577860388269	0	0	0	1	-0.5429720691559005	0.9828479151782882	NO	P35222
294	L	294	-23.177	10.258	52.551	0.56	0.521481481481481	0	0	0	0.9999999999999999	-0.6850990573884175	0.7922802589893517	NO	P35222
295	A	295	-20.607	12.871	53.61	0.56	0.519557195571956	0	0	0	1	-0.9525302524381827	1.0759158402938152	NO	P35222
296	I	296	-20.28	11.405	57.103	0.56	0.593760483059376	0	0	0	1	-0.6773705238631146	1.2177336309460465	NO	P35222
297	T	297	-20.22	7.84	55.767	0.56	0.544280442804428	1	0	0	0.9999999999999999	-0.1010680364783532	1.0109160195782088	NO	P35222
298	T	298	-17.5	8.579	53.205	0.56	0.54029304029304	0	0	0	0.9999999999999999	-0.5359559920671372	1.0450858858041994	NO	P35222
299	D	299	-15.389	10.397	55.79	0.56	0.54029304029304	0	0	0	1	-0.7599267074253533	1.5013692122505102	NO	P35222
300	C	300	-15.627	7.365	58.057	0.56	0.587745587745588	0	0	0	1	-0.11549055368630892	1.5096144326372678	NO	P35222
301	L	301	-14.249	5.326	55.127	0.56	0.591577540106952	0	0	0	1	-0.15097485458687837	0.9794797426502976	NO	P35222
302	Q	302	-11.407	7.82	54.695	0.56	0.709893048128342	0	0	0	1	-0.7319672322075294	1.497429829176837	NO	P35222
303	I	303	-10.438	7.596	58.368	0.2	0.584882280049566	0	0	0	1	-0.33791928944872673	1.2643309050174942	NO	P35222
304	L	304	-10.459	3.796	58.266	0.56	0.583747927031509	0	0	0	1	0.0640198175204125	1.123188437177892	NO	P35222
305	A	305	-8.627	3.403	54.955	0.56	0.656716417910448	0	0	0	0.9999999999999999	-0.40708759263486993	1.4994527556200745	NO	P35222
306	Y	306	-5.837	5.972	55.393	0.56	0.653703703703704	0	0	0	0.9999999999999999	-0.792131947302173	1.4686420297923028	NO	P35222
307	G	307	-2.472	4.235	55.507	0.56	0.651291512915129	0	0	0	0.9999999999999999	-0.6703494763604062	1.443966773176988	NO	P35222
308	N	308	-4.156	0.835	55.756	0.56	0.648897058823529	0	0	0	1	-0.5771507621949904	1.4497991065587896	NO	P35222
309	Q	309	-3.734	-1.381	52.688	0.56	0.542279411764706	0	0	0	0.9999999999999999	-0.407879658910241	1.0590327699780733	NO	P35222
310	E	310	-5.958	-4.091	54.141	0.56	0.542279411764706	0	0	0	1	-0.2506369928347319	1.5722781075766261	NO	P35222
311	S	311	-8.901	-1.718	54.601	0.56	0.501424501424502	1	0	0	1	-0.07405424392075521	0.8793969018185797	NO	P35222
312	K	312	-8.505	-0.447	51.033	0.56	0.558730158730159	0	0	0	1	-0.2845178909117214	1.0759158402938152	NO	P35222
313	L	313	-8.72	-4.027	49.786	0.56	0.602230483271376	1	0	0	1	-0.22173308221845647	1.0507546193716448	NO	P35222
314	I	314	-11.886	-4.556	51.822	0.56	0.602755453501722	0	0	0	0.9999999999999999	0.27022340717066184	0.529231131166664	NO	P35222
315	I	315	-13.444	-1.447	50.329	0.56	0.557620817843866	0	0	0	1	0.027624862034364962	0.8203140083043277	NO	P35222
316	L	316	-12.471	-2.7	46.87	0.56	0.559701492537313	0	0	0	0.9999999999999999	-0.14439620932234148	0.8237953235787367	NO	P35222
317	A	317	-14.046	-6.116	47.525	0.56	0.56390977443609	1	0	0	1	-0.1887580077737819	0.8024101011787967	NO	P35222
318	S	318	-17.287	-4.442	48.636	-0.16	0.521348314606742	0	0	0	1	0.4713453557180087	0.32864517416474814	NO	P35222
319	G	319	-17.56	-2.436	45.424	0.56	0.521348314606742	0	0	0	0.9999999999999999	0.45102877177121503	0.8289572738132047	NO	P35222
320	G	320	-16.41	0.855	46.93	0.56	0.52528301886792494	1	0	0	1	0.06483959737713	1.0709687080617607	NO	P35222
321	P	321	-14.79	2.365	43.803	0.56	0.524812030075188	0	0	0	1	-0.2076791732388962	1.0823621035052804	NO	P35222
322	Q	322	-17.976	2.257	41.704	0.56	0.560687432867884	0	0	0	1	0.033453334056372346	0.9382691611313548	NO	P35222
323	A	323	-20.11	3.664	44.541	0.56	0.564420485175202	0	0	0	1	-0.12859976479390436	0.8237953235787363	NO	P35222
324	L	324	-17.637	6.492	45.17	0.56	0.619264892268695	0	0	0	0.9999999999999999	-0.4808582854651558	1.0967713977426727	NO	P35222
325	V	325	-17.382	7.366	41.476	0.56	0.660377358490566	0	0	0	1	-0.5078354004177188	1.0333705030981455	NO	P35222
326	N	326	-21.191	7.422	41.279	-0.16	0.616352201257862	0	0	0	1	-0.4181419168242815	1.08236210350528	NO	P35222
327	I	327	-21.185	10.019	44.064	0.56	0.571428571428571	1	0	0	1	-0.7591424184855924	0.9150737118711619	NO	P35222
328	M	328	-18.705	12.206	42.174	0.56	0.615384615384615	1	0	0	0.9999999999999999	-1.037373490797596	0.6949866584256112	NO	P35222
329	R	329	-20.809	12.061	39.006	0.56	0.559796437659033	0	0	0	1	-0.7088603396727394	0.5359173297333943	NO	P35222
330	T	330	-24.174	12.572	40.71	0.2	0.559796437659033	0	0	0	1	-0.9068640625558382	-0.26490690769092107	NO	P35222
331	Y	331	-23.971	15.119	43.512	0.56	0.5201886236369	0	0	0	0.9999999999999999	-1.0213386071094692	0.07531253958084698	NO	P35222
332	T	332	-23.032	18.784	43.783	-0.16	0.5201886236369	0	0	0	0.9999999999999999	-1.614957463675836	-0.7854426620167259	NO	P35222
333	Y	333	-22.783	19.101	47.565	0.56	0.450381679389313	0	0	0	0.9999999999999999	-1.643996927132474	0.27889985682827295	NO	P35222
334	E	334	-19.2	20.339	47.986	0.56	0.447401774397972	0	0	0	1	-2.11972468820208	-0.293171292541191	NO	P35222
335	K	335	-18.528	18.809	51.404	0.56	0.44910941475827	0	0	0	1	-1.949653334153724	0.9504616408706869	NO	P35222
336	L	336	-19.572	15.386	50.087	0.56	0.368861024033438	0	0	0	1	-1.4244898498396483	0.8024101011787967	NO	P35222
337	L	337	-17.575	15.805	46.885	0.56	0.366055997234704	0	0	6.874440495198212	0.190251727630359	-1.6865671297897344	0.38931019530679073	NO	P35222
338	W	338	-14.607	16.688	49.096	0.56	0.366055997234704	0	0	5.4917942993320725	0.2245630951036489	-1.984482071863233	0.33424712431525183	NO	P35222
339	T	339	-14.941	13.838	51.636	0.56	0.33587786259542	1	0	6.874440495198212	0.190251727630359	-1.7745029352570996	1.1760225160483313	NO	P35222
340	T	340	-15.478	11.435	48.736	0.56	0.447837150127226	0	0	4.560114832617595	0.2577014243727237	-1.3249311440191696	1.0223723887210339	NO	P35222
341	S	341	-12.434	12.762	46.813	0.56	0.447401774397972	0	0	14.186067534699056	0.025733119489199922	-1.635190409223308	1.4525208621369636	YES	P35222
342	R	342	-10.338	12.14	49.93	0.56	0.620082207868467	0	0	23.31710846103835	0.012675352110700967	-1.8418407300173214	1.5013692122505102	YES	P35222
343	V	343	-11.374	8.466	49.943	0.56	0.557133838383838	0	0	3.889421709771206	0.28969705263252016	-1.2512586125493854	1.5137011940463563	NO	P35222
344	L	344	-10.655	8.101	46.222	0.56	0.483018867924528	0	0	22.186427056598657	0.0036253850428715176	-1.204854554045932	1.4686420297923028	YES	P35222
345	K	345	-7.235	9.729	46.744	0.56	0.554511278195489	0	0	49.960635464177436	6.362758042834677e-4	-1.5946191101426967	1.5722781075766261	YES	P35222
346	V	346	-6.407	7.144	49.426	0.56	0.664150943396226	0	0	17.665116343005653	0.01869489026390972	-1.227442255984558	1.2354608547775754	YES	P35222
347	L	347	-7.605	4.288	47.205	0.56	0.669847328244275	0	0	5.4917942993320725	0.2245630951036489	-0.7920038785202899	1.279393539925278	NO	P35222
348	S	348	-5.841	5.563	44.079	0.56	0.672413793103448	0	0	38.20052822712597	0.0010993172006841414	-1.1030818719605	1.1436016040141985	YES	P35222
349	V	349	-2.449	4.552	45.499	0.56	0.736363636363636	0	0	9.140327378557142	0.15473645252642743	-1.0083033690829115	0.9828479151782882	NO	P35222
350	C	350	-3.573	0.9	45.759	0.56	0.742071881606765	0	0	6.874440495198212	0.190251727630359	-0.7040480929240118	0.9828479151782882	NO	P35222
351	S	351	-2.598	-1.143	42.687	-0.88	0.865750528541226	0	0	9.140327378557142	0.15473645252642743	-0.31830458322568084	0.6740987667791587	NO	P35222
352	S	352	-5.848	-3.122	43.007	0.56	0.863986013986014	0	0	5.4917942993320725	0.2245630951036489	-0.36108116328090195	0.8468255630863638	NO	P35222
353	N	353	-8.179	-0.149	43.469	0.56	0.863986013986014	0	0	3.889421709771206	0.28969705263252016	-0.639526106329897	0.9340980496415832	NO	P35222
354	K	354	-6.649	1.954	40.678	0.56	0.862248438584316	0	0	4.560114832617595	0.2577014243727237	-0.7220647558954545	1.0333705030981455	NO	P35222
355	P	355	-7.985	-0.153	37.772	0.56	0.812977099236641	1	0	5.4917942993320725	0.2245630951036489	-0.50457485353627	0.9218723780336322	NO	P35222
356	A	356	-11.423	-0.445	39.412	0.56	0.743991640543365	0	0	3.889421709771206	0.28969705263252016	-0.3322430030292526	0.8590180428256962	NO	P35222
357	I	357	-11.711	3.335	39.821	0.56	0.815267175572519	1	0	3.889421709771206	0.28969705263252016	-0.6087320379032694	1.0211226029963618	NO	P35222
358	V	358	-10.749	3.958	36.195	0.56	0.861389561009333	0	0	3.889421709771206	0.28969705263252016	-0.7713460583464636	0.9340980496415832	NO	P35222
359	E	359	-13.169	1.379	34.757	0.56	0.791825095057034	0	0	4.560114832617595	0.2577014243727237	-0.28462054989476837	1.0333705030981455	NO	P35222
360	A	360	-15.963	2.841	36.883	0.56	0.785849056603774	1	0	0	0.9999999999999999	-0.21184358325217878	1.386447899135771	NO	P35222
361	G	361	-15.561	6.18	35.112	0.56	0.780701754385965	1	0	2.986882967320262	0.3503789215151728	-0.5384631351329329	0.4627624512974015	NO	P35222
362	G	362	-13.386	7.806	37.738	0.56	0.858126721763085	0	0	7.802982282135766	0.06293596643339092	-0.930042807364255	0.7863711843788422	NO	P35222
363	M	363	-11.204	9.871	35.415	0.56	0.852487135506003	0	0	7.802982282135766	0.06293596643339092	-1.1296324895158887	0.4099283724269625	NO	P35222
364	Q	364	-14.225	11.502	33.793	0.56	0.852487135506003	0	0	8.820693163583744	0.05238760110928887	-0.8139580611497316	-0.35239190841794715	NO	P35222
365	A	365	-16.025	12.057	37.113	0.56	0.778508771929825	0	0	4.560114832617595	0.2577014243727237	-0.8415703363396239	0.3668268870326565	NO	P35222
366	L	366	-13.036	13.68	38.823	0.56	0.720647773279352	1	0	19.39624568930513	0.004919957150829509	-1.3422406023972469	0.22500909638042502	YES	P35222
367	G	367	-12.407	15.767	35.705	0.56	0.715269804822044	0	0	14.186067534699056	0.025733119489199922	-1.3287791793929553	-0.8528061125765359	NO	P35222
368	L	368	-15.917	17.205	36	-1.24	0.712610809265084	0	0	5.4917942993320725	0.2245630951036489	-1.0019775806769187	-0.8773019127801034	NO	P35222
369	H	369	-14.851	19.122	39.105	0.56	0.662921348314607	0	0	17.665116343005653	0.01869489026390972	-1.5680995403765825	-0.5983219660172537	NO	P35222
370	L	370	-11.467	20.52	38.11	0.56	0.614126394052045	0	0	14.186067534699056	0.025733119489199922	-1.606465409831018	-1.1222599148157761	NO	P35222
371	T	371	-13.138	23.909	37.55	0.56	0.611366245694604	0	0	9.140327378557142	0.15473645252642743	-1.5057275143908933	-3.062327290938306	NO	P35222
372	D	372	-15.222	23.983	40.753	-0.88	0.611366245694604	0	0	9.140327378557142	0.15473645252642743	-2.0338241554056125	-1.2447389158336126	NO	P35222
373	P	373	-14.558	26.995	43.066	-0.52	0.444862155388471	1	0	0	0.9999999999999999	-2.3277330454938423	-0.929792913216319	NO	P35222
374	S	374	-13.366	24.701	45.863	0.56	0.445283018867925	0	0	26.2737275022008	0.07996801279488198	-2.4992212347649314	-0.17917160697843526	NO	P35222
375	Q	375	-9.559	24.677	45.75	-0.88	0.445283018867925	0	0	65.27588493425145	0.003932311372971475	-2.440896892771098	0.01228241040207739	YES	P35222
376	R	376	-9.315	21.724	48.141	0.56	0.331766917293233	0	0	34.23584448104696	0.007734096444067001	-2.5348046996316764	0.2835860099106944	YES	P35222
377	L	377	-11.63	19.726	45.883	0.56	0.241285030758715	0	0	17.665116343005653	0.01869489026390972	-2.1995753814720564	0.1457579780747659	YES	P35222
378	V	378	-9.741	20.619	42.7	0.56	0.21952736318408	0	0	23.31710846103835	0.012675352110700967	-2.0983523225388674	-0.4089998500648462	NO	P35222
379	Q	379	-6.428	19.681	44.33	0.56	0.301973119816986	0	0	34.23584448104696	0.007734096444067001	-2.2629328332584753	0.02087742801736417	YES	P35222
380	N	380	-7.758	16.334	45.583	0.56	0.303960964408726	0	1	34.23584448104696	0.007734096444067001	-2.28871790705545	0.9190567688148316	YES	P35222
381	C	381	-9.149	15.498	42.15	0.56	0.376332622601279	0	0	49.960635464177436	6.362758042834677e-4	-1.8017083171686408	0.4007398369712339	YES	P35222
382	L	382	-5.843	16.456	40.496	0.56	0.303960964408726	0	1	175.38763125158613	8.150083948641529e-6	-1.7933611759352954	-0.3261464081998393	NO	P35222
383	W	383	-3.679	14.384	42.838	0.56	0.303688876179583	0	0	134.26220845633125	1.3052630187594417e-4	-2.1784631967230377	0.7254233005390138	YES	P35222
384	T	384	-6.055	11.448	42.437	0.56	0.285177228786251	0	0	72.10402717248	3.222129441160539e-4	-1.5452424886555818	1.0590327699780733	YES	P35222
385	L	385	-6.201	11.825	38.664	0.56	0.287061994609164	0	0	96.94661514375329	3.7515377903286886e-5	-1.5005106639659946	0.5056901403796334	YES	P35222
386	R	386	-2.403	11.784	38.573	0.56	0.287061994609164	0	0	296.0463367681992	2.7352070492033723e-6	-1.8565029682572323	0.6291897997392852	YES	P35222
387	N	387	-2.17	8.582	40.652	0.56	0.380952380952381	0	0	72.10402717248	3.222129441160539e-4	-1.41987014632226	0.6212646879087192	YES	P35222
388	L	388	-4.678	6.892	38.319	0.56	0.355223880597015	0	1	30.88427661123732	0.001736398294352655	-1.091132233042441	0.8024101011787967	YES	P35222
389	S	389	-3.317	8.279	35.039	0.56	0.356554307116105	0	0	30.88427661123732	0.001736398294352655	-1.5889440287819163	0.494462898619665	YES	P35222
390	D	390	-0.956	5.441	34.142	0.56	0.384905660377358	0	0	34.23584448104696	0.007734096444067001	-1.6549685769405005	0.4572968569314942	YES	P35222
391	A	391	-3.998	3.145	34.099	-0.52	0.384199134199134	0	0	6.874440495198212	0.190251727630359	-1.0056622493883896	0.5618263491794752	NO	P35222
392	A	392	-6.416	5.362	32.135	0.56	0.381310418904404	0	0	11.826575229632915	0.03373202655414901	-1.1653206640193328	0.721371363663236	YES	P35222
393	T	393	-4.67	5.472	28.77	0.56	0.381310418904404	0	0	17.665116343005653	0.01869489026390972	-1.4138716951878885	0.2684693870641734	YES	P35222
394	K	394	-7.434	3.376	27.201	0.56	0.37988228999465	1	0	6.874440495198212	0.190251727630359	-1.2619699259323656	0.494462898619665	NO	P35222
395	Q	395	-10.468	5.387	28.364	0.56	0.443196004993758	0	0	3.889421709771206	0.28969705263252016	-0.8916084675018966	0.9435525690183987	NO	P35222
396	E	396	-12.832	7.251	26.013	0.56	0.477980665950591	1	0	0	1	-0.518847848605758	-0.06787547127092303	NO	P35222
397	G	397	-14.812	10.435	26.619	0.56	0.573576799140709	0	0	0	1	-0.4915550805863215	-0.8773019127801034	NO	P35222
398	M	398	-11.693	12.151	27.988	-0.16	0.573576799140709	0	0	3.382664203003806	0.32057978947458443	-0.5456736465139953	-1.0452731141759932	NO	P35222
399	E	399	-12.171	15.238	25.803	0.56	0.569823434991974	0	0	4.560114832617595	0.2577014243727237	-0.1958156352014479	-1.8921279212136057	NO	P35222
400	G	400	-13.45	17.431	28.615	-0.52	0.573576799140709	0	0	0	1	-0.15221832509462946	-1.7689490401899528	NO	P35222
401	L	401	-10.744	16.369	31.051	-0.16	0.674242424242424	0	0	10.116865716521918	0.04263515789600547	-0.7597427548016149	-1.264077705468008	NO	P35222
402	L	402	-7.914	16.888	28.562	0.56	0.627128596594246	1	0	3.382664203003806	0.32057978947458443	-0.547390381796048	-1.8115603391487163	NO	P35222
403	G	403	-9.15	20.37	27.724	-1.6	0.62474407721556	0	0	4.560114832617595	0.2577014243727237	0.02319388233720133	-2.3391480539607326	NO	P35222
404	T	404	-9.314	21.479	31.344	-1.24	0.630651790957135	1	0	10.116865716521918	0.04263515789600547	-0.6172954489476932	-2.9934668748105002	NO	P35222
405	L	405	-5.882	20	32.111	0.56	0.630651790957135	0	0	8.820693163583744	0.05238760110928887	-0.8971154834286861	-1.7666059636487421	NO	P35222
406	V	406	-4.286	22.06	29.324	0.56	0.625874125874126	0	0	2.407926059224318	0.40684093054909426	-0.2367438188562934	-2.4381970885422986	NO	P35222
407	Q	407	-5.925	25.22	30.682	-0.16	0.680608365019011	0	0	2.986882967320262	0.3503789215151728	-0.1687353784237174	-3.098254464570205	NO	P35222
408	L	408	-4.603	24.334	34.149	-0.88	0.685823754789272	0	0	14.186067534699056	0.025733119489199922	-1.1587383643436262	-1.914771097872365	NO	P35222
409	L	409	-1.035	24.446	32.849	0.56	0.681297709923664	0	0	2.1896223127195764	0.43355980755138745	-0.27040697415945536	-2.065348222653117	NO	P35222
410	G	410	-1.545	28.202	32.763	-0.52	0.613465481886535	1	0	0	1	-0.24308088514260914	-2.5194277782785033	NO	P35222
411	S	411	-2.169	28.311	36.521	-1.24	0.613465481886535	0	0	0	1	-0.9015796304738749	-2.4109520124817077	NO	P35222
412	D	412	-0.049	30.426	38.866	0.56	0.488038277511962	1	0	0	0.9999999999999999	-0.7070343472795181	-2.379710991932231	NO	P35222
413	D	413	-0.261	27.537	41.333	0.56	0.484848484848485	0	0	0	0.9999999999999999	-1.5228207445345334	-2.020439255613244	NO	P35222
414	I	414	2.897	25.598	40.474	-0.16	0.481243663399797	0	0	0	1	-0.9116131975288614	-1.857133920922795	NO	P35222
415	N	415	1.46	22.539	42.226	0.56	0.529368029739777	0	0	34.23584448104696	0.007734096444067001	-1.7811043038086156	-1.421653028414932	NO	P35222
416	V	416	-1.522	22.554	39.862	0.56	0.526937269372694	0	0	23.31710846103835	0.012675352110700967	-1.9202975946266037	-1.5977666246497295	NO	P35222
417	V	417	0.817	22.951	36.888	-0.16	0.524542124542125	0	0	10.116865716521918	0.04263515789600547	-1.0145383955278413	-1.4135613226419819	NO	P35222
418	T	418	3.007	20.045	38.007	0.56	0.437118437118437	0	0	11.826575229632915	0.03373202655414901	-1.0888824210415249	-1.0513510194896605	NO	P35222
419	C	419	0.048	17.68	38.466	0.56	0.4940036900369	0	0	297.0463367681992	5.507438897719146e-7	-1.923764354342666	-0.22408057401830866	NO	P35222
420	A	420	-1.625	18.59	35.193	0.56	0.329335793357934	0	0	17.665116343005653	0.01869489026390972	-1.4473431746810277	-0.9502681261524314	NO	P35222
421	A	421	1.644	18.059	33.318	-0.88	0.329335793357934	0	0	6.984412334020546	0.07422836824017524	-0.8693560632486221	-1.0683691543679283	NO	P35222
422	G	422	2.072	14.639	34.881	0.56	0.439114391143911	0	0	49.960635464177436	6.362758042834677e-4	-1.629014235111796	0.060707997454058873	YES	P35222
423	I	423	-1.481	13.632	34.04	-1.24	0.526937269372694	0	0	49.960635464177436	6.362758042834677e-4	-1.7069404624843698	-0.04444470585881545	NO	P35222
424	L	424	-1.154	14.885	30.459	0.56	0.525	0	1	22.186427056598657	0.0036253850428715176	-1.086833473501746	-0.47357483535093886	NO	P35222
425	S	425	2.096	12.972	29.963	0.56	0.592740592740593	0	0	5.4917942993320725	0.2245630951036489	-1.0416041880065048	0.717912393159523	NO	P35222
426	N	426	0.511	9.662	30.967	0.56	0.521611721611722	0	0	17.665116343005653	0.01869489026390972	-1.8079038801256933	0.5244022099795806	YES	P35222
427	L	427	-2.795	10.23	29.161	0.56	0.521611721611722	0	0	11.826575229632915	0.03373202655414901	-1.4241788452275457	-0.08118840616416646	NO	P35222
428	T	428	-1.002	10.992	25.889	0.56	0.4375	0	0	4.560114832617595	0.2577014243727237	-1.0084833899638612	-0.26490690769092107	NO	P35222
429	C	429	1.043	7.782	26.084	0.56	0.4375	0	0	9.140327378557142	0.15473645252642743	-1.1284570058861674	0.22500909638042502	NO	P35222
430	N	430	0.192	5.652	23.036	0.56	0.523076923076923	0	0	26.2737275022008	0.07996801279488198	-1.0139464012324804	0.6740987667791587	NO	P35222
431	N	431	-3.284	7.169	22.558	0.56	0.581196581196581	0	0	6.874440495198212	0.190251727630359	-0.9430671994171489	-0.007278664170644193	NO	P35222
432	Y	432	-3.558	9.057	19.261	-1.24	0.652727272727273	0	0	0	1	-0.47489751216309023	-0.36778926854590344	NO	P35222
433	K	433	-7.051	10.291	20.125	0.56	0.791911764705882	0	0	0	1	-0.5792201110512031	-0.28602397683192715	NO	P35222
434	N	434	-5.826	12.006	23.277	0.56	0.797777777777778	0	0	4.560114832617595	0.2577014243727237	-0.6197385596198818	-0.993948580416138	NO	P35222
435	K	435	-2.793	13.5	21.49	0.56	0.800743494423792	0	0	4.560114832617595	0.2577014243727237	-0.20277406718377416	-0.7279372773924977	NO	P35222
436	M	436	-5.107	14.906	18.825	-0.88	0.778500619578687	0	0	0	1	0.09072267455939977	-1.2015110331214351	NO	P35222
437	M	437	-7.336	16.591	21.407	-0.16	0.775617283950617	1	0	3.889421709771206	0.28969705263252016	-0.025793056367908282	-1.994022216178024	NO	P35222
438	V	438	-4.457	18.02	23.416	0.56	0.812943514050525	1	0	2.986882967320262	0.3503789215151728	-0.08434678009716619	-1.612175918887122	NO	P35222
439	C	439	-2.871	19.483	20.279	-0.52	0.806987883910961	0	0	2.986882967320262	0.3503789215151728	0.3172022497421872	-0.9149877592471299	NO	P35222
440	Q	440	-6.178	20.947	19.085	0.56	0.876678876678877	1	0	0	0.9999999999999999	0.6950524407329718	-1.7689490401899528	NO	P35222
441	V	441	-6.611	23.004	22.266	-0.88	0.876678876678877	0	0	0	0.9999999999999999	0.61587737712567	-2.4695289260119777	NO	P35222
442	G	442	-3.136	24.543	22.232	-0.52	0.871046228710462	1	0	0	1	0.6694503654710409	-2.7389827282512176	NO	P35222
443	G	443	-1.35	21.922	24.306	0.56	0.949421487603306	0	0	1.8455983029076026	0.48410951613520825	0.11603360731017709	-2.2245709239763047	NO	P35222
444	I	444	2.004	22.339	22.561	-0.16	0.952886529528865	0	0	1.8455983029076026	0.48410951613520825	0.3915801087849856	-1.1222599148157761	NO	P35222
445	E	445	2.207	26.048	23.403	0.56	0.949421487603306	1	0	0	1	0.814913578184619	-1.360013269732753	NO	P35222
446	A	446	1.008	25.475	26.976	0.56	0.864734299516908	0	0	1.7076681083371266	0.5079933348326527	0.30666625327174996	-3.0368000886209043	NO	P35222
447	L	447	3.614	22.751	27.481	0.56	0.871046228710462	1	0	1.8455983029076026	0.48410951613520825	0.12596715551922974	-1.3972127742435723	NO	P35222
448	V	448	6.417	24.855	26.027	-0.16	0.871046228710462	1	0	0	0.9999999999999999	0.5255338254089251	-1.05653947524523	NO	P35222
449	R	449	5.508	27.71	28.394	-0.52	0.804042672655811	1	0	0	0.9999999999999999	0.5879869072020762	-2.21691598641269	NO	P35222
450	T	450	5.462	25.211	31.258	-0.88	0.839220779220779	0	0	0	1	-0.09577336457093664	-1.473721395997394	NO	P35222
451	V	451	9.011	24.078	30.423	-0.16	0.913744343891403	1	0	0	1	0.34016996644960157	-0.9997809137979399	NO	P35222
452	L	452	10.204	27.688	30.321	0.56	0.920512820512821	0	0	0	1	0.8739893171857154	-1.218493415615505	NO	P35222
453	R	453	8.58	28.484	33.685	0.56	0.918834841628959	1	0	0	0.9999999999999999	0.23175405249522418	-1.536804225953069	NO	P35222
454	A	454	9.966	25.314	35.314	0.56	0.825850729196454	0	0	0	0.9999999999999999	-0.012679217308830907	-1.1222599148157761	NO	P35222
455	G	455	13.65	26.125	34.896	0.56	0.825850729196454	0	0	0	1	0.5636628445688042	-1.1222599148157761	NO	P35222
456	D	456	15.785	23.457	36.556	0.56	0.782837670384139	0	0	0	0.9999999999999999	0.37734493737956415	-1.9423367042395507	NO	P35222
457	R	457	12.775	21.918	38.336	-0.16	0.726015557476232	0	0	0	0.9999999999999999	-0.060098195424945905	-0.6536446065736196	NO	P35222
458	E	458	12.791	18.421	36.873	-0.16	0.734265734265734	0	0	0	1	-0.08880491686819433	-0.9484187520807825	NO	P35222
459	D	459	9.569	17.313	38.553	0.56	0.729462989840348	0	0	0	0.9999999999999999	-0.8562578479494408	-1.1222599148157761	NO	P35222
460	I	460	7.936	19.722	36.113	0.56	0.726015557476232	0	0	3.889421709771206	0.28969705263252016	-0.499781539879384	-0.8228668012166204	NO	P35222
461	T	461	10.195	19.446	33.069	0.56	0.678571428571429	0	0	0	1	-0.012714540206062748	-0.8014815788166808	NO	P35222
462	E	462	10.268	15.645	32.92	0.56	0.674157303370787	0	0	4.560114832617595	0.2577014243727237	-0.17187071277870658	-0.6090145772172233	NO	P35222
463	P	463	6.499	15.21	32.524	0.56	0.608313619466036	0	0	5.4917942993320725	0.2245630951036489	-0.5916670334044739	-0.20217376082812652	NO	P35222
464	A	464	6.123	18.307	30.342	0.56	0.535315985130112	0	0	2.986882967320262	0.3503789215151728	-0.033396838579881134	-0.26230097149905196	NO	P35222
465	I	465	8.906	17.064	28.046	-0.16	0.537313432835821	1	0	3.889421709771206	0.28969705263252016	0.3335142673256518	-0.03408109808038322	NO	P35222
466	C	466	7.595	13.488	28.05	0.56	0.600915522263837	0	0	4.560114832617595	0.2577014243727237	-0.08821454917582507	-0.03161357241885156	NO	P35222
467	A	467	4.201	14.9	27.098	0.56	0.579454253611557	0	0	3.889421709771206	0.28969705263252016	-0.12041501912787568	0.16643218285015524	NO	P35222
468	L	468	5.709	16.916	24.238	0.56	0.575146043547531	1	0	2.1896223127195764	0.43355980755138745	0.34819324751944797	-0.10545311391298298	NO	P35222
469	R	469	7.489	13.733	23.126	0.56	0.571959638874137	0	0	5.4917942993320725	0.2245630951036489	0.3000735317578677	0.945641358183044	NO	P35222
470	H	470	4.185	11.851	22.967	0.56	0.572494669509595	0	0	6.874440495198212	0.190251727630359	0.17068603042584846	0.569659308546895	NO	P35222
471	L	471	2.511	14.738	21.149	0.56	0.804494382022472	0	0	2.6688081407354813	0.37912321702335106	0.15355369894304838	-0.07743904899015105	NO	P35222
472	T	472	5.153	14.842	18.429	0.56	0.731358529111338	0	0	0	1	0.34473361876500014	0.060707997454058873	NO	P35222
473	S	473	4.811	11.303	17.112	0.56	0.670411985018727	0	0	0	0.9999999999999999	0.23979789784560177	0.3404892973400992	NO	P35222
474	R	474	2.404	8.747	15.664	0.56	0.719288174512055	0	0	0	1	-0.04557375128844933	0.17111833593257667	NO	P35222
475	H	475	-0.855	10.659	15.136	0.56	0.719288174512055	0	0	0	0.9999999999999999	-0.08010133114133867	-0.293171292541191	NO	P35222
476	Q	476	-2.517	12.732	12.413	-0.88	0.663568773234201	0	0	0	0.9999999999999999	0.34817631943657035	-0.7373259116168618	NO	P35222
477	E	477	-1.322	16.069	13.844	0.56	0.668539325842697	0	0	0	1	0.5001071236278214	-0.8113516814628069	NO	P35222
478	A	478	2.176	14.975	14.869	0.56	0.669811320754717	0	0	0	1	0.5858444150142503	-0.2504976134535284	NO	P35222
479	E	479	3.65	17.014	11.987	0.56	0.713784461152882	0	0	0	0.9999999999999999	0.6876590224452238	-0.024485164952204767	NO	P35222
480	M	480	1.776	20.117	13.132	0.56	0.77056277056277	0	0	0	0.9999999999999999	0.8565507415505083	-0.6007364266107952	NO	P35222
481	A	481	3.041	19.475	16.679	0.56	0.72886809008482	0	0	0	1	0.7847723773368589	-0.49562316542219437	NO	P35222
482	Q	482	6.674	19.134	15.583	0.56	0.72886809008482	0	0	0	0.9999999999999999	0.7856405942999898	0.15764564582061488	NO	P35222
483	N	483	6.382	22.554	13.921	0.56	0.728146853146853	0	0	0	1	0.8677604358552752	0.30921340958018745	NO	P35222
484	A	484	4.507	24.132	16.826	-0.52	0.669811320754717	1	0	0	0.9999999999999999	0.959589933165268	-0.16613351977331112	NO	P35222
485	V	485	7.302	23.355	19.273	0.56	0.730703259005146	0	0	0	0.9999999999999999	0.9503461521207623	-0.3873859087087575	NO	P35222
486	R	486	9.549	25.422	17	0.56	0.73625993778085	1	0	0	1	0.9792868953280083	0.02087742801736417	NO	P35222
487	L	487	7.007	28.149	16.26	0.56	0.789607097591889	0	0	0	0.9999999999999999	1.051868459745834	-0.3138985080980555	NO	P35222
488	H	488	6.39	28.57	19.983	-1.6	0.855716253443526	0	0	0	1	1.162169624322367	-1.640440303737392	NO	P35222
489	Y	489	10.098	29.238	20.619	0.56	0.855716253443526	1	0	0	1	1.1633923175825671	-1.01447839392008	NO	P35222
490	G	490	10.872	25.926	22.278	0.56	0.855716253443526	0	0	0	1	1.1181341088492576	-0.9766092109026735	NO	P35222
491	L	491	13.885	24.558	20.381	0.2	0.790394402035623	0	0	0	1	1.1240963738776235	-0.7677154381851972	NO	P35222
492	P	492	16.499	26.443	22.443	0.56	0.788167938931298	0	0	0	0.9999999999999999	1.302310980792841	-1.6996609196141481	NO	P35222
493	V	493	15.179	25.329	25.85	-0.52	0.785941475826972	0	0	0	1	1.0766654475248363	-1.6611675192942568	NO	P35222
494	V	494	14.683	21.747	24.662	-0.16	0.788952745849298	1	0	0	1	0.9572705738073815	-1.1222599148157761	NO	P35222
495	V	495	18.317	21.527	23.582	0.56	0.728264073091659	0	0	0	0.9999999999999999	1.2243378627595745	-1.1222599148157761	NO	P35222
496	K	496	19.491	23.236	26.8	0.56	0.728264073091659	0	0	0	0.9999999999999999	0.999188376436639	-1.493920331697487	NO	P35222
497	L	497	17.782	20.49	28.803	0.56	0.733136094674556	0	0	0	1	0.7226097064751865	-1.3194212335274154	NO	P35222
498	L	498	20.266	17.993	27.351	0.56	0.738045738045738	0	0	0	1	0.8145966148068229	-0.9250985961041371	NO	P35222
499	H	499	22.933	19.696	29.491	-1.6	0.738045738045738	0	0	0	0.9999999999999999	0.7357050971999542	-1.536804225953069	NO	P35222
500	P	500	23.693	19.611	33.242	-0.88	0.685328185328185	0	0	0	0.9999999999999999	0.07417027337406798	-1.964303046813402	NO	P35222
501	P	501	22.137	19.979	35.822	0.56	0.693359375	0	0	0	0.9999999999999999	-0.17696668360549753	-2.3011202996124522	NO	P35222
502	S	502	19.576	17.763	34.052	-0.16	0.462239583333333	1	0	0	0.9999999999999999	0.3365284659107678	-1.507193918014691	NO	P35222
503	H	503	19.541	14.172	35.311	-1.24	0.519455252918288	0	0	0	0.9999999999999999	0.2438580152368392	-1.5533859983985607	NO	P35222
504	W	504	19.293	11.05	33.115	0.56	0.593663146192329	0	0	0	0.9999999999999999	0.4481783404471674	-1.493920331697487	NO	P35222
505	P	505	15.5	10.583	33.302	0.56	0.461738002594034	0	0	0	0.9999999999999999	0.29997016533031146	-0.49353437625754915	NO	P35222
506	L	506	14.981	14.07	31.896	0.56	0.615650670125378	0	0	0	0.9999999999999999	0.20706625109691104	-0.7677154381851969	NO	P35222
507	I	507	17.834	13.717	29.396	-0.16	0.828793774319066	0	0	0	1	0.5421585992247386	-0.28823624121812813	NO	P35222
508	K	508	16.374	10.438	28.14	0.56	0.96692607003891	0	0	0	1	0.6252604354121557	-0.15992490681848964	NO	P35222
509	A	509	13.009	12.105	27.555	0.56	1.00568181818182	0	0	0	0.9999999999999999	0.3417838848673872	0.33424712431525183	NO	P35222
510	T	510	14.587	15.17	25.949	0.56	0.96692607003891	0	0	0	0.9999999999999999	0.5980445258719987	-0.3021831253920017	NO	P35222
511	V	511	16.598	13.022	23.521	-0.16	0.878083157152925	0	0	4.560114832617595	0.2577014243727237	1.0168914442501726	0.43458427589983384	NO	P35222
512	G	512	13.324	11.318	22.6	0.56	0.874692874692875	0	0	5.4917942993320725	0.2245630951036489	0.9651909217864059	1.0465145910122549	NO	P35222
513	L	513	11.633	14.652	21.947	0.56	0.912820512820513	0	0	5.4917942993320725	0.2245630951036489	0.8292750491609906	0.6740987667791587	NO	P35222
514	I	514	14.512	15.886	19.801	0.56	0.912820512820513	0	0	3.382664203003806	0.32057978947458443	1.2853969637333724	0.35210994649327415	NO	P35222
515	R	515	14.296	12.598	17.855	0.56	0.917312661498708	0	0	2.6688081407354813	0.37912321702335106	1.4150460643606781	1.1122350305828013	NO	P35222
516	N	516	10.693	13.445	17.106	0.56	0.920881971465629	0	0	3.382664203003806	0.32057978947458443	1.0577846313092123	1.1779554701533472	NO	P35222
517	L	517	11.325	17.095	16.337	0.56	0.927083333333333	0	0	2.1896223127195764	0.43355980755138745	1.0299134478596321	0.6350474910923122	NO	P35222
518	A	518	13.982	16.032	13.817	0.56	0.879023700035373	0	0	2.6688081407354813	0.37912321702335106	1.3197716570896867	0.9948771027782543	NO	P35222
519	L	519	11.288	14.267	11.763	0.56	0.878083157152925	0	0	3.382664203003806	0.32057978947458443	1.2394753000585184	1.5722781075766261	NO	P35222
520	C	520	10.274	17.748	10.611	0.56	0.884943181818182	0	0	0	0.9999999999999999	1.0777981345920755	1.3028243053373856	NO	P35222
521	P	521	12.815	19.109	8.069	0.56	0.748798076923077	2	0	0	0.9999999999999999	1.3290010203034954	0.32864517416474814	NO	P35222
522	A	522	12.149	22.709	9.129	0.56	0.811197916666667	2	0	0	1	1.0669489409829174	0.7863711843788422	NO	P35222
523	N	523	13.677	21.686	12.467	0.56	0.811197916666667	1	0	0	1	1.301753456428189	0.4495539315797916	NO	P35222
524	H	524	16.944	20.366	10.999	0.56	0.811197916666667	1	0	0	1	1.5573222748302677	-0.07438401721873106	NO	P35222
525	A	525	18.802	23.694	10.873	0.56	0.8134765625	0	0	0	1	1.452716419025008	-1.3218553238818802	NO	P35222
526	P	526	17.432	25.181	14.125	0.56	0.880549682875264	0	0	0	0.9999999999999999	1.319084062878233	-0.3644210960179133	NO	P35222
527	L	527	18.476	22.045	16.019	0.56	0.918918918918919	0	0	0	0.9999999999999999	1.5201522431826955	0.005686234092671003	NO	P35222
528	R	528	21.95	22.193	14.485	-0.52	0.916344916344916	1	0	0	1	1.524476732768392	-0.8845065598987996	NO	P35222
529	E	529	22.356	25.898	15.293	0.56	0.922480620155039	0	0	0	1	1.5081447158348642	-1.9731666587291665	NO	P35222
530	Q	530	21.46	25.255	18.946	-1.24	0.922480620155039	0	0	0	1	1.4068430473578382	-0.44862540921767574	NO	P35222
531	G	531	24.26	22.706	19.202	0.2	0.922480620155039	0	0	0	0.9999999999999999	1.3292768603918104	-1.4109604172149623	NO	P35222
532	A	532	22.122	19.569	19.4	-0.52	0.957960644007156	0	0	0	1	1.4856716323753911	-0.650715760897106	NO	P35222
533	I	533	24.473	17.374	17.365	0.56	0.945977686435702	0	0	3.382664203003806	0.32057978947458443	1.6598405606237276	-1.0581042476159572	NO	P35222
534	P	534	27.674	17.725	19.46	0.56	0.913486005089059	0	0	0	0.9999999999999999	1.5849661803889525	-1.904545147123248	NO	P35222
535	R	535	25.797	17.138	22.72	0.56	0.945641762452107	0	0	0	0.9999999999999999	1.4166667817816838	-1.2855652495062249	NO	P35222
536	L	536	23.909	14.1	21.359	0.56	0.864518711226736	0	0	6.874440495198212	0.190251727630359	1.52761481547293	-0.370295815543478	NO	P35222
537	V	537	27.271	12.647	20.315	0.56	0.856393129770992	0	0	4.560114832617595	0.2577014243727237	1.5247634962463572	-0.46683174720681336	NO	P35222
538	Q	538	28.723	13.415	23.753	0.56	0.816730038022814	0	0	0	0.9999999999999999	1.3268416883162868	0.37470565318000265	NO	P35222
539	L	539	25.853	11.575	25.447	0.56	0.772727272727273	0	0	0	0.9999999999999999	1.0906723157492386	-0.27540510777816424	NO	P35222
540	L	540	26.193	8.669	23.02	0.56	0.722672064777328	0	0	5.4917942993320725	0.2245630951036489	1.1688328777693149	0.8631891543154675	NO	P35222
541	V	541	29.936	8.309	23.663	0.56	0.727431059506531	0	0	0	1	1.0376325767220036	1.0507546193716448	NO	P35222
542	R	542	29.42	8.434	27.458	-0.16	0.782894736842105	1	0	0	0.9999999999999999	0.7090464218128528	0.3474880973982614	NO	P35222
543	A	543	26.488	6.007	27.411	0.56	0.782894736842105	0	0	0	0.9999999999999999	0.8168626479391372	0.22500909638042502	NO	P35222
544	H	544	28.3	3.56	25.123	0.56	0.676136363636364	0	0	0	0.9999999999999999	0.6969042604745286	0.9948771027782543	NO	P35222
545	Q	545	31.332	3.709	27.415	0.56	0.681297709923664	0	0	0	0.9999999999999999	0.5402349608329076	0.6740987667791587	NO	P35222
546	D	546	29.209	2.509	30.333	0.56	0.673584905660377	0	0	0	1	0.5588346033866349	-0.12953538025015449	NO	P35222
547	T	547	27.583	-0.345	28.394	-0.88	0.669172932330827	1	0	0	0.9999999999999999	0.4631565851489487	-0.53649077951308	NO	P35222
548	Q	548	31.114	-1.599	27.759	0.56	0.717948717948718	0	0	0	0.9999999999999999	0.24755291122079098	-0.11180815641862556	NO	P35222
560	F	560	20.633	1.227	35.573	-0.16	0.810288065843622	0	0	0	1	0.35991228084363863	-0.583352310337296	NO	P35222
561	V	561	22.6	4.486	35.806	-0.88	0.767641325536062	0	0	0	0.9999999999999999	0.3899142982457102	-1.271956471615354	NO	P35222
562	E	562	20.762	7.15	37.804	-0.16	0.770495010761104	0	0	0	1	0.057826274851546976	-1.4815316511347634	NO	P35222
563	G	563	17.64	5.084	37.137	0.56	0.733907339073391	1	0	0	1	0.32677364983540047	-1.1222599148157761	NO	P35222
564	V	564	18.136	4.829	33.376	0.56	0.733907339073391	1	0	0	1	0.5138861085228452	-0.8656372460164998	NO	P35222
565	R	565	19.651	2.033	31.291	0.56	0.743081180811808	2	0	0	0.9999999999999999	0.6151067304789378	-0.22408057401830866	NO	P35222
566	M	566	22.535	3.505	29.309	0.56	0.776384083044983	0	0	0	0.9999999999999999	0.5672997982818545	0.08563644004978332	NO	P35222
567	E	567	21.615	1.187	26.429	0.56	0.858742004264392	0	0	0	1	0.5611855711791153	0.05660046998089972	NO	P35222
568	E	568	18.459	3.286	26.088	0.56	0.855549654806161	0	0	2.986882967320262	0.3503789215151728	0.7272020262777398	0.265835430053037	NO	P35222
569	I	569	20.531	6.457	25.769	0.56	0.824339839265212	1	0	2.986882967320262	0.3503789215151728	0.8817685783296122	0.5207510744478836	NO	P35222
570	V	570	22.705	4.86	23.052	0.56	0.83410780669145	0	0	2.407926059224318	0.40684093054909426	0.8180071310817214	0.8374041014696071	NO	P35222
571	E	571	19.596	3.802	21.134	0.56	0.8317843866171	0	0	2.6688081407354813	0.37912321702335106	0.8139816903828607	0.8024101011787967	NO	P35222
572	G	572	17.975	7.199	21.604	0.56	0.861940298507463	1	0	5.4917942993320725	0.2245630951036489	1.2889724606106137	1.2809766997504202	NO	P35222
573	C	573	20.927	9.394	20.662	0.56	0.891385767790262	0	0	4.560114832617595	0.2577014243727237	1.417009013706991	1.0450858858041994	NO	P35222
574	T	574	21.834	7.238	17.674	0.56	0.894736842105263	0	0	3.382664203003806	0.32057978947458443	1.1448301047593388	1.4576169151343958	NO	P35222
575	G	575	18.213	7.292	16.555	0.56	0.947368421052632	0	1	3.889421709771206	0.28969705263252016	1.2875879036705487	1.440837228435533	NO	P35222
576	A	576	18.109	11.077	16.834	0.56	0.943820224719101	0	0	3.889421709771206	0.28969705263252016	1.626731477729853	1.0823621035052804	NO	P35222
577	L	577	21.317	11.311	14.816	0.56	0.943820224719101	0	0	2.407926059224318	0.40684093054909426	1.4559758234840623	0.3804632130569097	NO	P35222
578	H	578	19.918	8.895	12.222	0.56	0.947368421052632	0	0	3.382664203003806	0.32057978947458443	1.1658485753096433	1.5722781075766261	NO	P35222
579	I	579	17.015	11.273	11.58	0.56	0.946463978849967	0	0	2.6688081407354813	0.37912321702335106	1.4205992714343152	1.2886425262721624	NO	P35222
580	L	580	19.202	14.395	11.712	0.56	0.927866541353383	0	0	1.7076681083371266	0.5079933348326527	1.5063653884444996	-0.22408057401830866	NO	P35222
581	A	581	21.504	12.777	9.127	0.56	0.90062893081761	2	0	2.1896223127195764	0.43355980755138745	1.3006443913071408	-0.293171292541191	NO	P35222
582	R	582	18.73	13.138	6.546	0.56	0.847537878787879	0	0	1.8455983029076026	0.48410951613520825	1.3045659458001955	0.6460306623792376	NO	P35222
583	D	583	20.121	16.667	6.138	0.56	0.802952359651085	0	0	0	0.9999999999999999	1.362781642084943	-0.3138985080980555	NO	P35222
584	V	584	23.26	17.151	4.028	-0.88	0.829531051964512	0	0	0	1	1.2541506606937127	-1.5908752230579333	NO	P35222
585	H	585	24.572	19.909	6.32	-1.24	0.798479087452471	2	0	0	1	1.4095325863892896	-2.4109520124817077	NO	P35222
586	N	586	23.993	17.828	9.452	0.56	0.798479087452471	0	0	0	1	1.5843087211753981	-1.4392643880384117	NO	P35222
587	R	587	25.859	14.913	7.824	0.56	0.804597701149426	1	0	0	0.9999999999999999	1.3850004296637133	-1.0452731141759932	NO	P35222
588	I	588	28.987	17.08	7.626	-0.16	0.820689655172414	1	0	0	1	1.4814205593123315	-1.6996609196141481	NO	P35222
589	V	589	28.762	18.005	11.309	-1.96	0.768606870229008	0	0	0	1	1.6687678574423468	-1.9584958527996252	NO	P35222
590	I	590	28.109	14.397	12.345	0.56	0.854007633587786	0	0	0	0.9999999999999999	1.5882543766588701	-1.0531691962928942	NO	P35222
591	R	591	30.987	13.223	10.128	-1.6	0.904942965779468	0	0	0	1	1.2889722681148448	-0.9682863135362104	NO	P35222
592	G	592	33.321	15.877	11.516	-1.96	0.936784351145038	0	0	0	0.9999999999999999	1.416638945314519	-2.065348222653117	NO	P35222
593	L	593	32.878	14.691	15.099	0.56	0.936784351145038	0	0	0	1	1.4439497291131143	-1.1222599148157761	NO	P35222
594	N	594	34.632	11.422	14.201	0.56	0.968221771467208	1	0	0	0.9999999999999999	1.3904972889091758	-1.1222599148157761	NO	P35222
595	T	595	31.511	9.33	14.823	0.56	0.914431673052363	0	0	0	1	1.29928195816338	-0.1712464951478697	NO	P35222
596	I	596	31.822	6.719	12.077	0.56	0.865407794294898	1	0	0	1	1.1819674293053342	-0.17917160697843526	NO	P35222
597	P	597	34.125	4.384	14.001	0.56	0.806017063313875	0	0	0	1	1.2542068433348559	0.01773694081177876	NO	P35222
598	L	598	31.652	4.415	16.919	0.56	0.806017063313875	0	0	0	0.9999999999999999	0.9173036749429605	0.9563837024583626	NO	P35222
599	F	599	28.658	3.834	14.636	0.56	0.806851476222673	1	0	3.382664203003806	0.32057978947458443	0.9696611195420886	1.1136333378077063	NO	P35222
600	V	600	30.404	0.827	13.091	0.56	0.804597701149426	0	0	0	0.9999999999999999	0.6277498376516869	1.2886425262721624	NO	P35222
601	Q	601	31.082	-0.612	16.548	0.56	0.726717557251909	0	0	0	1	0.6713777527242007	1.0333705030981455	NO	P35222
602	L	602	27.361	-0.382	17.368	0.56	0.766459923664122	0	0	3.889421709771206	0.28969705263252016	0.38647301800437356	0.6291897997392852	NO	P35222
603	L	603	26.628	-2.853	14.548	0.56	0.674242424242424	0	0	0	0.9999999999999999	0.05532981853766935	0.5207510744478836	NO	P35222
604	Y	604	28.074	-5.416	16.962	0.56	0.629292929292929	0	0	0	1	0.012556432230499744	0.5743010622461066	NO	P35222
605	S	605	25.567	-4.456	19.65	0.56	0.625157232704403	1	0	0	1	0.03459128992178997	0.17511024411389914	NO	P35222
606	P	606	23.521	-7.371	21.039	-0.88	0.670454545454545	0	0	0	1	-0.12340805772925958	-0.01274425853655189	NO	P35222
607	I	607	20.516	-5.021	21.045	-0.16	0.67557251908397	1	0	0	0.9999999999999999	-0.38666010121997596	-0.14242790667308466	NO	P35222
608	E	608	18.493	-5.271	17.819	0.56	0.672348484848485	0	0	0	0.9999999999999999	-0.7460998241369344	0.494462898619665	NO	P35222
609	N	609	17.202	-1.696	18.053	0.56	0.670454545454545	1	0	3.382664203003806	0.32057978947458443	-0.14495686339902367	0.6740987667791587	NO	P35222
610	I	610	20.736	-0.338	18.422	0.56	0.670454545454545	0	0	3.382664203003806	0.32057978947458443	0.3116004506263897	0.8237953235787367	NO	P35222
611	Q	611	21.974	-2.21	15.348	0.56	0.670454545454545	0	0	2.6688081407354813	0.37912321702335106	-0.32760184915146173	0.9598831024874436	NO	P35222
612	R	612	19.021	-0.757	13.445	0.56	0.623396226415094	0	0	2.6688081407354813	0.37912321702335106	-0.44421094942595724	0.8813709223478049	NO	P35222
613	V	613	19.668	2.916	14.236	0.56	0.667293233082707	0	0	2.6688081407354813	0.37912321702335106	0.22459949196140308	1.1680974042177654	NO	P35222
614	A	614	23.424	2.423	13.807	0.56	0.711251435132032	0	0	2.1896223127195764	0.43355980755138745	0.33177072850800016	1.242334676263271	NO	P35222
615	A	615	22.928	0.963	10.321	0.56	0.717271407837446	0	0	2.1896223127195764	0.43355980755138745	-0.2017398157115919	1.0540977186550105	NO	P35222
616	G	616	20.34	3.636	9.636	0.56	0.761185983827493	0	0	3.889421709771206	0.28969705263252016	-0.05461010403927449	1.3028243053373856	NO	P35222
617	V	617	22.69	6.521	10.4	0.56	0.764069264069264	1	0	3.382664203003806	0.32057978947458443	0.5489022730086526	0.98650897227393	NO	P35222
618	L	618	25.516	4.818	8.483	0.56	0.764069264069264	0	0	2.986882967320262	0.3503789215151728	0.34247074555012363	0.6740987667791587	NO	P35222
619	C	619	23.103	4.36	5.574	0.56	0.766233766233766	0	0	0	1	-0.24331122816891573	1.0709687080617607	NO	P35222
620	E	620	22.394	8.108	5.521	0.56	0.834659593280283	0	0	2.6688081407354813	0.37912321702335106	0.5670071313007434	0.6983738840980089	NO	P35222
621	L	621	26.064	9.022	5.904	0.56	0.791187739463602	1	0	0	1	0.6575294956007458	-0.6935834112533485	NO	P35222
622	A	622	27.097	6.639	3.096	0.56	0.791187739463602	0	0	0	1	-0.05230679693749285	0.29591799170654076	NO	P35222
623	Q	623	25.243	8.858	0.602	0.56	0.809195402298851	0	0	0	1	-0.15272233756829415	0.18154880569667664	NO	P35222
624	D	624	28.442	10.904	0.442	0.56	0.809195402298851	0	0	0	1	0.44381639827319586	-0.6911338312329918	NO	P35222
625	K	625	31.431	9.266	-1.289	0.56	0.673003802281369	1	0	0	1	-0.2749202382670275	0.721371363663236	NO	P35222
626	E	626	34.118	10.315	1.197	0.56	0.747782002534854	0	0	0	0.9999999999999999	0.6399912197361162	-1.2569868159353965	NO	P35222
627	A	627	31.902	9.138	4.064	0.56	0.838068181818182	0	0	0	1	0.7555402664871176	-1.1222599148157761	NO	P35222
628	A	628	31.134	5.803	2.406	0.56	0.742138364779874	0	0	0	0.9999999999999999	0.1994335964391057	0.39341772277994985	NO	P35222
629	E	629	34.907	5.496	2.05	-0.16	0.742138364779874	0	0	0	1	0.3096554230485055	0.06333681503688082	NO	P35222
630	A	630	35.568	6.232	5.723	0.56	0.747782002534854	1	0	0	0.9999999999999999	0.8599194156167469	-0.3138985080980555	NO	P35222
631	I	631	32.874	3.736	6.672	0.56	0.810687022900763	1	0	0	0.9999999999999999	0.52787928482583	0.6291897997392852	NO	P35222
632	E	632	34.477	1.071	4.514	-0.16	0.952107279693486	0	0	0	1	0.1975192063839355	0.529231131166664	NO	P35222
633	A	633	37.961	1.789	5.869	0.56	0.867990247300592	0	0	0	0.9999999999999999	1.052878790774397	0.3042602146860837	NO	P35222
634	E	634	36.606	1.048	9.351	0.56	0.949425287356322	0	0	0	1	1.0134752201175965	0.7100259404110572	NO	P35222
635	G	635	35.952	-2.553	8.354	0.56	0.949425287356322	0	0	0	1	0.7023810434617052	0.16643218285015524	NO	P35222
636	A	636	32.179	-2.117	8.261	0.56	0.949425287356322	0	0	0	1	0.1742402001755602	0.6740987667791587	NO	P35222
637	T	637	31.839	-4.499	5.307	-0.16	0.904214559386973	0	0	0	0.9999999999999999	-0.36216047042750416	0.529231131166664	NO	P35222
638	A	638	32.186	-7.694	7.343	0.56	0.813793103448276	0	0	0	0.9999999999999999	0.14482689311964475	0.5924460994339342	NO	P35222
639	P	639	29.49	-6.944	9.943	0.56	0.737722048066876	0	0	0	1	-0.22012648396808698	0.529231131166664	NO	P35222
640	L	640	27.114	-5.288	7.443	0.56	0.736988202637058	0	0	0	1	-0.5812982661832589	0.6291897997392852	NO	P35222
641	T	641	27.263	-8.423	5.293	-0.88	0.683397683397684	0	0	0	0.9999999999999999	-1.035845247922795	0.12137301859610189	NO	P35222
642	E	642	26.312	-10.584	8.27	0.56	0.67557251908397	0	0	0	0.9999999999999999	-0.8594376925166723	0.22500909638042502	NO	P35222
643	L	643	23.486	-8.162	9.044	0.56	0.67557251908397	0	0	0	1	-1.1987306486380362	0.7302349755790004	NO	P35222
644	L	644	21.933	-8.904	5.664	0.56	0.614156835530881	0	0	0	1	-1.506432330076897	0.6099430995793397	NO	P35222
645	H	645	20.663	-11.943	7.587	0.56	0.614156835530881	0	0	0	1	-1.82219725088177	0.37470565318000265	NO	P35222
646	S	646	19.17	-9.872	10.423	0.56	0.491325468424705	1	0	0	1	-1.3112564504953756	0.17511024411389914	NO	P35222
647	R	647	15.769	-10.865	11.8	0.56	0.408045977011494	1	0	0	1	-1.5362204219520104	0.6212646879087192	NO	P35222
648	N	648	15.017	-7.136	11.699	0.56	0.405343511450382	1	0	0	1	-1.5388910674169978	0.8024101011787967	NO	P35222
649	E	649	13.88	-5.89	8.284	0.56	0.402272727272727	0	0	0	1	-1.6933555041363415	1.0333705030981455	NO	P35222
650	G	650	15.213	-2.415	9.027	0.56	0.402661596958175	0	0	0	1	-1.3832026364636016	1.1577337964393335	NO	P35222
651	V	651	18.675	-3.674	9.937	-0.88	0.363636363636364	0	0	0	0.9999999999999999	-1.0538492048142865	0.8440245880111119	NO	P35222
652	A	652	18.868	-5.925	6.871	0.56	0.306818181818182	1	0	0	1	-1.3809319101975912	0.8537346349386519	NO	P35222
653	T	653	17.641	-3.165	4.541	0.56	0.383860414394766	0	0	0	1	-1.6132700569062004	0.7738964713122104	NO	P35222
654	Y	654	19.938	-0.452	5.919	0.56	0.383860414394766	0	0	0	1	-1.056149088678229	0.9563837024583626	NO	P35222
655	A	655	22.889	-2.859	5.763	0.56	0.361389961389961	0	0	0	1	-0.9828966608232996	0.7431894853020407	NO	P35222
656	A	656	22.22	-3.632	2.088	0.56	0.386813186813187	0	0	0	0.9999999999999999	-1.3499693035657858	0.529231131166664	NO	P35222
657	A	657	21.98	0.097	1.392	0.56	0.38423645320197	0	0	0	0.9999999999999999	-1.2339795929883068	0.4572968569314942	NO	P35222
658	V	658	25.388	0.785	2.946	0.56	0.385714285714286	0	0	0	1	-0.5451597857538478	0.494462898619665	NO	P35222
659	L	659	27.013	-2.145	1.126	0.56	0.415384615384615	0	0	0	0.9999999999999999	-0.7601511431290587	0.529231131166664	NO	P35222
660	F	660	25.617	-0.878	-2.164	0.56	0.382769901853871	0	0	0	0.9999999999999999	-1.337362097879218	0.28916476358024407	NO	P35222
661	R	661	26.981	2.595	-1.47	0.56	0.381314502987507	0	0	0	1	-0.5172169785934005	0.8024101011787967	NO	P35222
662	M	662	30.444	1.427	-0.409	-0.16	0.307984790874525	0	0	0	1	-0.2243886110175335	0.494462898619665	NO	P35222
663	S	663	30.652	-0.17	-3.849	0.56	0.19047619047619	0	0	0	0.9999999999999999	-1.1091406054234676	0.22500909638042502	NO	P35222
