Uniprot_position	aminoacid	Position_in_structure	x	y	z	paraz	mtr	gscount	pscount	OR	pvalue	mtr3dscore	paraz3dscore	HotSpot3D	Uniprot
56	Q	56	77.205	144.094	139.337	-1.41	0.285130718954248	0	1	9.546105283348714	5.576376062092216e-4	-1.164988479693426	-1.7233075314534538	NO	Q02750
57	K	57	77.901	143.136	135.637	-1.41	0.2870028700287	0	3	12.244796571716613	1.485946606657352e-5	-1.230068718285538	-1.059444939810142	NO	Q02750
58	Q	58	77.292	146.802	134.501	-1.41	0.319343065693431	0	0	14.486900873274031	1.661629606321616e-4	-1.6601118104772365	-2.4989989725167194	NO	Q02750
59	K	59	80.152	147.953	136.862	-1.41	0.321428571428571	0	0	10.587022698572206	0.001662116840424871	-1.5578052133980784	-2.6880091203224685	NO	Q02750
60	V	60	82.467	145.648	134.755	-1.41	0.184873949579832	0	1	10.72398968161699	5.151223153415536e-5	-1.4795396380456074	-1.3121910676899227	NO	Q02750
61	G	61	83.601	147.428	131.54	-1.41	0.184196755625327	0	0	12.447593587064494	5.389959564198385e-4	-1.7914184900776358	-1.9165839821850508	NO	Q02750
62	E	62	86.396	145.951	129.347	0.41	0.185399159663866	0	0	10.587022698572206	0.001662116840424871	-2.067837652676333	-1.2431175917476225	NO	Q02750
63	L	63	88.412	143.134	131.078	0.15	0.161040145985401	0	0	3.317346496769117	0.0391842578326105	-1.5256442157304524	-0.9737310355726511	NO	Q02750
64	K	64	92.254	143.601	131.05	-0.11	0.143264143264143	0	0	1.8531718161142492	0.32970975267053476	-1.7164126214859652	-0.8137317476626682	NO	Q02750
65	D	65	94.956	141.281	132.582	-0.63	0	0	0	1.2632744693915186	0.7127077687619056	-1.4397527629896418	-0.7635278894664236	NO	Q02750
66	D	66	96.454	144.061	134.84	0.41	0	0	0	2.1235938329489223	0.593938059985935	-2.1581200894584347	-1.505871524380407	NO	Q02750
67	D	67	92.956	144.904	136.321	1.45	0	0	2	9.142226502537683	0.03744862855756844	-2.0752718925020677	-1.473728810291348	NO	Q02750
68	F	68	93.002	141.438	138.086	0.67	0	0	0	2.209598151207288	0.43045575210693565	-1.55426049301083	-0.8213507613726675	NO	Q02750
69	E	69	94.771	140.423	141.366	-0.63	0.185610010427529	0	0	1.6022865967628996	0.6786863203258153	-1.552228853142342	-0.7380177989195513	NO	Q02750
70	K	70	95.391	136.681	142.155	-0.89	0.162408759124088	0	0	1.3993730602030652	0.6596924082268489	-1.593477818829074	-0.46761083912270524	NO	Q02750
71	I	71	93.725	135.425	145.43	-0.11	0.185610010427529	0	0	0.5033166210599301	1	-1.0603210533907812	-0.7451606242726756	NO	Q02750
72	S	72	93.93	131.561	145.198	-0.37	0.1875	0	0	0	0.29954315347573784	-0.9419256248795389	-0.5556877833266431	NO	Q02750
73	E	73	93.626	128.617	142.702	0.41	0.291666666666667	0	0	0	0.29954315347573784	-0.9019513549358199	-0.020488524810252817	NO	Q02750
74	L	74	90.131	126.944	142.693	0.93	0.392307692307692	0	0	0	0.1690342307098536	-0.6142541586149988	-0.0277034999144187	NO	Q02750
75	G	75	91.531	123.592	141.379	1.45	0.435897435897436	0	0	0	0.5482560917343526	-0.5384596748010558	0.6344250725021775	NO	Q02750
76	A	76	93.759	121.866	138.749	-0.63	0.434676434676435	0	0	0	1	-0.8040331475866018	0.31554894066627365	NO	Q02750
77	G	77	92.245	120.86	135.343	1.45	0.355644355644356	0	0	17.73223343474644	0.3260869565217391	-0.9845682963804254	0.8834035562396507	NO	Q02750
78	N	78	92.967	118.578	132.319	0.41	0.405336361055918	0	0	17.73223343474644	0.3260869565217391	-1.0931917657780685	0.6072143092521803	NO	Q02750
79	G	79	93.374	121.517	129.849	0.15	0.406471757025263	0	0	17.73223343474644	0.10391782130912566	-0.8917363797143173	0.38775358825763834	NO	Q02750
80	G	80	92.598	124.755	131.793	1.45	0.406108597285068	0	0	1.3993730602030652	0.6596924082268489	-0.7502414312446628	0.04769298992411494	NO	Q02750
81	V	81	93.408	126.351	135.216	-0.11	0.473115445440169	0	0	1.0352908726268426	0.9999999999999999	-0.6649530872710576	0.47626251111156925	NO	Q02750
82	V	82	90.871	128.39	137.324	1.45	0.505776275007044	0	0	0.2739467526309188	0.26621427689822474	-0.6759959843838073	0.44947691603735324	NO	Q02750
83	F	83	91.859	131.155	139.844	-0.37	0.507185122569738	0	0	0.23557212550349874	0.2623285942269981	-0.8173582588579676	0.28876334559205796	NO	Q02750
84	K	84	89.738	133.174	142.322	1.45	0.502097902097902	1	0	0.20569293493079732	0.15759015916787045	-0.7893167805289215	0.026264513864742208	NO	Q02750
85	V	85	90.631	136.808	141.301	0.41	0.505334081976418	0	0	0.8742623181513088	1	-1.1347314920183174	-0.0862349854469646	NO	Q02750
86	S	86	89.612	140.386	142.37	-0.89	0.509049773755656	0	0	1.430039419496394	0.7230918253126801	-1.3578706211354574	-0.7023036721539302	NO	Q02750
87	H	87	88.614	142.749	139.468	0.41	0.510928186204939	0	0	3.8616854590745056	0.01965602507147913	-1.52516824175931	-1.042638291920438	NO	Q02750
88	K	88	90.105	145.937	141.062	-0.63	0.516647531572905	0	0	4.530059927494343	0.08589920094561035	-1.9663593444432521	-1.6178840128725827	NO	Q02750
89	P	89	88.139	148.489	138.922	-0.37	0.516647531572905	1	0	5.8697599772842395	0.0351951135627758	-2.0998445124605456	-2.0594404892475353	NO	Q02750
90	S	90	84.791	146.823	140.003	0.93	0.479744136460554	0	0	9.546105283348714	5.576376062092216e-4	-1.6033635451232584	-1.8516492062475574	NO	Q02750
91	G	91	85.892	145.36	143.417	1.45	0.481076759061834	0	0	10.587022698572206	0.001662116840424871	-1.3843148195374881	-1.7233075314534538	NO	Q02750
92	L	92	84.364	141.845	142.919	-0.63	0.449004975124378	0	1	3.8616854590745056	0.01965602507147913	-1.0363118175786117	-0.8506546602572795	NO	Q02750
93	V	93	85.639	138.205	143.314	0.93	0.556730557391496	1	0	2.4283600501452414	0.1420671108174547	-0.9647170740031471	-0.9461449514502404	NO	Q02750
94	M	94	85.403	136.367	139.905	0.93	0.591526217228465	0	0	3.8596504100972173	0.008859995866731482	-1.1397857053922065	-0.18802024672898496	NO	Q02750
95	A	95	86.463	132.804	138.857	1.45	0.630961298377029	0	0	1.0395337517626784	0.9999999999999999	-0.8999657643993147	0.3141753204060576	NO	Q02750
96	R	96	89.022	133.399	136.011	-0.37	0.587686567164179	1	0	1.6772706344821493	0.37289323465948493	-1.027376504798329	0.17051474294734872	NO	Q02750
97	K	97	89.631	130.299	133.78	1.45	0.587686567164179	0	0	1.563337136863641	0.5176150784791523	-0.5959582559822517	0.8711587127771522	NO	Q02750
98	L	98	92.816	130.567	131.591	-0.37	0.589887640449438	0	0	0.6694249689544253	1	-0.5780202208011916	0.023499549211919983	NO	Q02750
99	I	99	93.046	128.218	128.514	0.93	0.589887640449438	0	1	1.8531718161142492	0.32970975267053476	-0.41796232064519	0.04769298992411494	NO	Q02750
100	H	100	96.461	128.11	126.68	-0.37	0.535820895522388	0	0	1.7423274774464133	0.4664572848435389	-0.43927000370598046	-0.2830508796879422	NO	Q02750
101	L	101	95.672	127.083	123.027	-0.63	0.614240777809551	0	0	2.8627943595280883	0.14557189926570363	-0.5688810287453089	-0.48801891156020305	NO	Q02750
102	E	102	98.364	127.03	120.245	0.15	0.609707635537894	0	1	2.1650081521587117	0.387446334808328	-0.2883243567456375	-1.3199479821005555	NO	Q02750
103	I	103	95.874	128.035	117.449	0.41	0.609707635537894	0	0	2.8627943595280883	0.14557189926570363	-0.283665852823126	-0.6716915634976834	NO	Q02750
104	K	104	95.976	130.478	114.455	-0.11	0.5545229244114	0	0	1.3993730602030652	0.6596924082268489	0.2096823374682188	-1.1803235227091675	NO	Q02750
105	P	105	94.775	133.996	115.498	-1.15	0.484396200814111	0	0	1.6022865967628996	0.6786863203258153	0.05736991253789477	-1.011826104122647	NO	Q02750
106	A	106	91.742	133.754	113.078	-0.63	0.482595471443055	1	0	1.3993730602030652	0.6596924082268489	0.13169162181725716	-0.9825222052380349	NO	Q02750
107	I	107	90.357	130.735	115.097	-0.11	0.552973977695167	0	0	1.6022865967628996	0.6786863203258153	-0.3597037849048788	-0.22271396987273115	NO	Q02750
108	R	108	91.271	132.434	118.463	0.41	0.729315628192033	2	0	2.2577443536894406	0.28547801353004065	-0.40529679398590696	-0.27373415096647574	NO	Q02750
109	N	109	89.455	135.685	117.38	0.15	0.667910447761194	0	0	1.0352908726268426	0.9999999999999999	-0.2796899377735704	-0.09841025593524447	NO	Q02750
110	Q	110	86.369	133.549	116.391	0.67	0.664179104477612	0	0	2.1650081521587117	0.387446334808328	-0.38275589582839653	0.19054949698659973	NO	Q02750
111	I	111	86.507	131.709	119.815	1.19	0.603799185888738	0	1	1.8531718161142492	0.32970975267053476	-0.531655961278929	0.29349021531103736	NO	Q02750
112	I	112	86.477	135.091	121.732	0.93	0.53134328358209	0	0	1.8531718161142492	0.32970975267053476	-0.45911481476568694	0.3838983901659971	NO	Q02750
113	R	113	83.617	136.174	119.336	-0.37	0.477692049647769	0	0	3.8677091846193856	0.10770821828410358	-0.4820941260701297	0.42054847335720014	NO	Q02750
114	E	114	81.455	133.022	120.03	0.93	0.475008386447501	0	0	3.567997028465001	0.07318772907536832	-0.5868137517001435	0.9954909694732927	NO	Q02750
115	L	115	82.105	133.325	123.852	1.45	0.546296296296296	0	0	4.576808330949648	0.008014351658347801	-0.6848544739798642	0.9237395111749407	YES	Q02750
116	Q	116	80.414	136.824	123.837	0.41	0.542279411764706	0	0	8.20098112051953	0.001657494943782879	-0.5329492362589283	0.836650517564656	YES	Q02750
117	V	117	77.211	134.666	123.444	0.93	0.466123949579832	0	0	9.546105283348714	5.576376062092216e-4	-0.8779915989849492	0.6072143092521803	YES	Q02750
118	L	118	77.563	133.96	127.26	0.93	0.466123949579832	0	0	4.462318416757252	0.009719247873417861	-0.9407645087301744	0.9741594548440529	YES	Q02750
119	H	119	76.571	137.63	128.093	0.15	0.462721584984359	0	2	6.699510606629431	3.510058734044494e-4	-1.0068789372488671	-0.21817884266439835	NO	Q02750
120	E	120	72.924	136.599	127.234	-0.37	0.43030303030303	0	1	10.72398968161699	5.151223153415536e-5	-1.1263943454246326	-0.020488524810252817	NO	Q02750
121	C	121	73.029	133.178	129.093	-0.89	0.431873479318735	0	1	7.3973835870972	4.4858385743296015e-4	-1.2781164265409592	0.44947691603735324	YES	Q02750
122	N	122	71.428	134.626	132.311	0.67	0.377237851662404	1	1	9.661514160231413	4.5172293723546645e-5	-1.283939168161524	0.11197841810223315	YES	Q02750
123	S	123	69.318	132.22	134.507	0.41	0.399055755395684	1	0	16.73223343474644	4.872056695904271e-5	-1.3835088932442237	0.2148351031872222	YES	Q02750
124	P	124	69.405	130.718	138.06	-0.37	0.272867420349435	0	2	3.4168184929552976	0.05291832416570559	-1.408946909963299	0.8929273233771499	NO	Q02750
125	Y	125	70.775	127.335	136.693	0.93	0.272657450076805	0	0	3.4168184929552976	0.05291832416570559	-1.3727449199599733	0.8780464372248076	NO	Q02750
126	I	126	73.631	128.813	134.509	0.15	0.335697399527187	0	0	6.439009950697068	0.0021563773186172035	-1.2854004716535408	1.0357838304396347	YES	Q02750
127	V	127	76.96	130.102	136.021	0.93	0.357142857142857	0	0	3.908376683131591	0.00907977545914438	-1.0517103917102624	1.039446817800211	YES	Q02750
128	G	128	77.03	133.932	135.545	0.15	0.358662613981763	0	1	9.936981203011026	7.98974116302792e-6	-1.103701126005807	0.5211931867199315	YES	Q02750
129	F	129	79.497	135.417	132.975	0.67	0.357395254921757	0	1	5.769727897107394	6.625168249178083e-4	-0.9552163276871107	0.15483537022097843	YES	Q02750
130	Y	130	81.557	138.694	133.192	0.93	0.419928825622776	1	2	6.579160598700712	2.360230644139626e-4	-1.0003720310644715	-0.5782440739154565	NO	Q02750
131	G	131	83.712	138.597	129.989	1.45	0.424133811230585	0	0	6.439009950697068	0.0021563773186172035	-1.0304714093584795	-0.23087719884773042	NO	Q02750
132	A	132	85.986	136.545	127.65	0.41	0.447478991596639	0	0	2.4283600501452414	0.1420671108174547	-0.683127984073336	0.2738824594397157	NO	Q02750
133	F	133	89.25	138.2	126.371	0.67	0.446218487394958	0	0	1.3454958011114313	0.7510042537443858	-0.648128762134957	-0.005878200224316804	NO	Q02750
134	Y	134	92.757	137.158	125.109	0.41	0.493428912783752	0	0	1.2632744693915186	0.7127077687619056	-0.5716319186095153	-0.20723198388566394	NO	Q02750
135	S	135	96.144	138.304	126.6	-0.63	0.527712890210236	1	0	0.8160759690308613	1	-0.8226109198014571	-0.8386667016226655	NO	Q02750
136	D	136	99.709	136.831	126.995	0.41	0.522454142947502	0	0	6.625732311541516	0.09989603296882242	-0.917187141524028	-1.0773020031929526	NO	Q02750
137	G	137	98.842	133.774	124.799	0.41	0.522454142947502	0	0	2.1650081521587117	0.387446334808328	-0.31431049257772103	-1.2499202825601219	NO	Q02750
138	E	138	95.917	132.621	127.058	0.41	0.475806451612903	0	1	1.430039419496394	0.7230918253126801	-0.3559181394818513	-0.45505202531501426	NO	Q02750
139	I	139	92.068	132.769	126.626	0.67	0.421744324970131	0	0	1.8531718161142492	0.32970975267053476	-0.5124294551817183	-0.14967455272800215	NO	Q02750
140	S	140	90.58	134.264	129.879	-0.11	0.453842186694172	0	0	1.6772706344821493	0.37289323465948493	-0.635185343410705	0.2738824594397157	NO	Q02750
141	I	141	86.893	133.355	130.679	1.45	0.45513151108819	2	0	3.324768689463459	0.02701568789756979	-0.7154895358044518	0.7179557875951919	YES	Q02750
142	C	142	85.798	135.465	133.738	0.93	0.549689440993789	0	0	4.414758079392885	0.005977079225597499	-0.8974964170947538	0.003268100532732443	YES	Q02750
143	M	143	82.643	133.986	135.422	0.41	0.55012987012987	1	0	4.417910258887021	0.003890273847155495	-0.7929288329982929	0.44229053687110015	YES	Q02750
144	E	144	80.748	134.222	138.788	1.45	0.546583850931677	0	0	4.229793953678787	0.003525616145734325	-0.784048990701336	0.24054927445846938	YES	Q02750
145	H	145	82.695	132.602	141.719	-0.11	0.544610624033007	1	0	1.1454154623910586	0.7931970973792398	-0.813940283751264	0.2112260966930119	NO	Q02750
146	M	146	80.784	129.611	143.27	1.45	0.490523968784838	0	0	0.801900864694243	1	-0.8478948704106241	0.5707999054911548	NO	Q02750
147	D	147	82.133	129.189	146.874	-0.11	0.492700729927007	1	0	0.3345445232839467	0.20891452469091773	0.1435476281526038	-0.4023050073227121	NO	Q02750
148	G	148	80.688	125.601	147.102	-1.41	0.578512396694215	0	0	0.3345445232839467	0.20891452469091773	0.38837155240303045	-0.8263632703924036	NO	Q02750
149	G	149	83.005	124.423	144.254	0.41	0.53030303030303	1	0	0.42409756247667335	0.49388277217973087	-0.17915898378534875	0.4334055589928238	NO	Q02750
150	S	150	81.978	121.664	141.753	0.41	0.587412587412588	0	0	0.42409756247667335	0.49388277217973087	-0.378827176488794	0.7262613984709175	NO	Q02750
151	L	151	79.867	118.573	142.753	0.15	0.63768115942029	0	0	0.3345445232839467	0.20891452469091773	0.01473575259979051	0.3392199316620926	NO	Q02750
152	D	152	83.094	116.59	141.902	0.93	0.695652173913044	0	0	0	0.09133267598861035	0.33185130865036766	0.18939742838125706	NO	Q02750
153	Q	153	84.796	118.375	144.897	-0.37	0.85024154589372	0	0	0	0.09133267598861035	0.31167050537033986	-0.5186310202164496	NO	Q02750
154	V	154	81.597	118.12	147.084	0.15	0.853333333333333	0	0	0	0.014112922829273096	0.5329689832121067	-0.8126927912476682	NO	Q02750
155	L	155	81.371	114.347	146.188	-0.37	0.767391304347826	0	0	0	0.014112922829273096	0.6352132205646617	0.014019670402243658	NO	Q02750
156	K	156	84.877	113.572	147.657	0.93	0.772992700729927	0	0	0	0.04980613888849024	0.9255888227488265	-0.38087653126333937	NO	Q02750
157	K	157	83.971	115.659	150.801	-1.15	0.651291512915129	1	0	0	0.09133267598861035	1.3014956133351316	-1.7364605602367005	NO	Q02750
158	A	158	80.533	113.882	151.125	-1.41	0.651291512915129	0	0	0	0.027250999778611826	1.2780100363400677	-1.0194451178326462	NO	Q02750
159	G	159	81.724	110.351	150.13	-1.41	0.711111111111111	0	0	0	0.09133267598861035	1.2229619827522384	-0.590059273747692	NO	Q02750
160	R	160	78.199	109.832	148.664	-1.41	0.716417910447761	0	0	0.2739467526309188	0.26621427689822474	0.9769936188601763	-0.32318448033425895	NO	Q02750
161	I	161	75.457	112.493	147.984	0.93	0.599250936329588	0	0	0.23557212550349874	0.2623285942269981	0.8356619184708496	0.11702041246914441	NO	Q02750
162	P	162	71.959	111.698	149.41	1.45	0.597548518896834	0	0	0.2739467526309188	0.26621427689822474	0.9205473846167141	-0.004150097316302982	NO	Q02750
163	E	163	69.094	110.847	146.939	1.45	0.584269662921348	0	0	0.23557212550349874	0.2623285942269981	0.9056239363680543	0.3323856004272094	NO	Q02750
164	Q	164	66.967	113.835	148.207	-0.37	0.586466165413534	0	1	0.3250436425181846	0.42015807231210367	1.120107924588033	0.05114919574014277	NO	Q02750
165	I	165	69.979	116.169	147.442	0.93	0.43984962406015	1	0	0.23557212550349874	0.2623285942269981	0.8755725920919417	0.12100093433775848	NO	Q02750
166	L	166	70.431	114.544	143.943	1.45	0.441509433962264	0	0	0.18176850023001645	0.0952486863398895	0.6278833831315537	0.7179557875951919	NO	Q02750
167	G	167	66.672	115.238	143.363	1.45	0.441509433962264	0	0	0.2739467526309188	0.26621427689822474	0.9253277570584325	0.5405479392896873	NO	Q02750
168	K	168	67.396	119.027	143.605	0.41	0.397358490566038	0	0	0.8742623181513088	1	0.49459002072756447	0.288039410590052	NO	Q02750
169	V	169	70.564	118.623	141.393	0.67	0.479835953520164	0	0	1.0366004622044374	0.9999999999999999	-0.12210555226166042	1.2670753180646102	NO	Q02750
170	S	170	68.559	116.705	138.678	0.41	0.476255088195387	0	0	0.23557212550349874	0.2623285942269981	0.271031120785129	1.1012597295099402	NO	Q02750
171	I	171	65.913	119.548	138.568	0.93	0.476255088195387	0	0	1.3454958011114313	0.7510042537443858	0.3214727881908353	0.09844464374894497	NO	Q02750
172	A	172	68.729	122.197	138.281	0.67	0.471380471380471	0	0	1.7423274774464133	0.4664572848435389	-0.7280036074733756	0.7731999650771627	NO	Q02750
173	V	173	70.607	120.235	135.503	0.15	0.391791044776119	0	0	2.9852784665214607	0.2096422132152241	-0.6227824983960494	1.5057610348336063	NO	Q02750
174	I	174	67.338	119.5	133.527	0.93	0.3585291113381	1	0	0	0.028216791919237268	0.041141140528817996	0.9145722486896475	NO	Q02750
175	K	175	66.179	123.198	133.742	0.93	0.391449814126394	0	0	0.6694249689544253	1	-0.4423296584611692	0.05114919574014277	NO	Q02750
176	G	176	69.81	124.277	132.991	1.19	0.388560885608856	0	0	2.814033340646456	0.16673071875776918	-0.9780675234640411	0.6581553892899654	NO	Q02750
177	L	177	69.933	122.087	129.81	1.45	0.392565055762082	0	0	1.2062207002779777	0.7446197474301395	-0.5297182806065729	0.6335566438878157	NO	Q02750
178	T	178	66.328	123.213	128.907	-0.63	0.395149253731343	0	0	0	0.04980613888849024	-0.2450316512122633	0.09181044063458814	NO	Q02750
179	Y	179	67.312	126.959	129.131	0.67	0.392222222222222	0	0	2.8627943595280883	0.14557189926570363	-1.1693474604213188	0.14744624054533279	NO	Q02750
180	L	180	70.469	126.466	126.938	1.45	0.391881918819188	0	0	3.567997028465001	0.07318772907536832	-1.1350606627014739	0.7281918918096	NO	Q02750
181	R	181	68.482	124.464	124.269	0.15	0.29110291102911	0	0	0.8160759690308613	1	-0.5023584854892846	0.16277184283556095	NO	Q02750
182	E	182	65.233	126.589	124.248	0.15	0.262962962962963	0	0	0.6808352420407147	1	-0.7811812956447199	-0.440400075872708	NO	Q02750
183	K	183	66.651	130.177	124.587	-1.15	0.301447629860914	0	0	2.1650081521587117	0.387446334808328	-1.2829577900116198	-0.14967455272800215	NO	Q02750
184	H	184	69.97	129.52	122.673	-0.11	0.374275171323142	1	0	7.315463454394914	0.013481833789420814	-1.282965358412032	0.42502050314350415	YES	Q02750
185	K	185	69.473	125.976	121.136	-0.37	0.374275171323142	0	0	4.28074526750237	0.24709348622392102	-1.0805262531920408	0.3691201308147058	NO	Q02750
186	I	186	73.03	124.835	122.174	0.93	0.438271604938272	0	0	4.28074526750237	0.24709348622392102	-1.0095471153312434	0.9813623039396405	NO	Q02750
187	M	187	73.844	121.221	123.276	0.93	0.409007352941176	0	0	2.1235938329489223	0.593938059985935	-0.7749544795762725	1.150629257685946	NO	Q02750
188	H	188	75.988	121.193	126.506	1.45	0.432727272727273	0	0	1.3993730602030652	0.6596924082268489	-0.7783281784502484	1.6334002183176959	NO	Q02750
189	R	189	78.079	118.202	125.17	1.45	0.432367149758454	0	0	2.1235938329489223	0.593938059985935	-0.5157418600252068	2.0023174953398692	NO	Q02750
190	D	190	80.048	118.059	128.518	1.45	0.345893719806763	0	0	4.28074526750237	0.24709348622392102	-0.6062917250687557	2.2180914936520084	NO	Q02750
191	V	191	77.524	117.316	131.362	0.93	0.348418491484185	0	0	0.6808352420407147	1	-0.43224175832952516	2.1691121198020142	NO	Q02750
192	K	192	79.523	115.784	134.306	1.45	0.371948051948052	0	0	0.6808352420407147	1	-0.2223152353776788	1.9684161489044742	NO	Q02750
193	P	193	79.896	116.395	138.099	1.45	0.347151515151515	0	0	0	0.1690342307098536	-0.10984598249688987	1.4507479700020904	NO	Q02750
194	S	194	82.945	118.748	137.583	1.45	0.344927536231884	0	0	0	0.29954315347573784	-0.37286615765613096	1.2629937035771104	NO	Q02750
195	N	195	80.812	121.066	135.303	1.45	0.346181818181818	0	0	0	1	-0.8301304751360647	2.0956430590270214	NO	Q02750
196	I	196	77.806	121.321	137.757	0.67	0.371948051948052	0	0	1.0352908726268426	0.9999999999999999	-0.6814330213011206	1.3282995353771037	NO	Q02750
197	L	197	78.733	124.206	140.164	1.45	0.344645006016847	0	0	1.3454958011114313	0.7510042537443858	-0.7740501317157622	0.6182884570864813	NO	Q02750
198	V	198	77.05	124.935	143.576	0.93	0.343405275779376	1	0	0.9069298168189324	1	-0.4066622060944898	0.3895282032522036	NO	Q02750
199	N	199	77.298	127.944	146.003	0.67	0.364006100660905	1	0	1.0380107283720812	1	-0.07179512161493107	-0.28064656259853155	NO	Q02750
200	S	200	76.487	128.505	149.75	-0.63	0.295647413085136	0	0	0.3345445232839467	0.20891452469091773	0.5588172703434886	-1.271266657178654	NO	Q02750
201	R	201	73.192	130.251	148.659	-0.89	0.271629778672032	1	0	1.2062207002779777	0.7446197474301395	0.1068125190258003	-1.0237308130445208	NO	Q02750
202	G	202	71.998	126.783	147.433	1.45	0.339222614840989	0	0	1.0380107283720812	1	-0.15661492653786918	-0.243122042310229	NO	Q02750
203	E	203	72.166	127.63	143.666	-0.37	0.338967136150235	0	2	1.1756301779384903	0.7661331092130813	-0.6400155865650021	0.10721653453348357	NO	Q02750
204	I	204	72.996	124.674	141.296	0.93	0.341107184923439	0	0	1.1756301779384903	0.7661331092130813	-0.9331512915211605	0.6513488398893708	NO	Q02750
205	K	205	74.315	125.943	137.896	1.45	0.368073207930859	0	0	2.1223256380264193	0.2506837936942864	-1.1767814950582909	0.9435856592149103	NO	Q02750
206	L	206	75.647	124.3	134.665	0.93	0.345714285714286	0	0	4.07234735206259	0.024816012793014028	-1.133401970988622	1.4405439337833414	YES	Q02750
207	C	207	78.994	125.533	133.165	1.45	0.345714285714286	0	0	2.037077021505364	0.23580602283743454	-1.1024970213069611	1.6738762286520668	NO	Q02750
208	D	208	81.546	124.563	130.417	1.45	0.349458483754513	0	0	2.9852784665214607	0.2096422132152241	-1.2269379443038173	2.38951930212699	NO	Q02750
209	F	209	78.744	124.04	127.786	1.45	0.350060606060606	0	0	6.625732311541516	0.09989603296882242	-1.1914883253402815	1.7938242147621888	NO	Q02750
210	G	210	79.409	124.267	124.003	1.45	0.347242206235012	0	0	3.2847050450525304	0.32515274173798847	-1.1088809286698518	1.8423278598965798	NO	Q02750
211	V	211	78.349	127.881	123.111	0.93	0.375064935064935	0	1	8.882936390223351	0.004865452926978355	-1.0228357951522007	1.1726879830411823	YES	Q02750
212	S	212	81.539	128.082	120.903	1.45	0.375064935064935	0	0	1.6022865967628996	0.6786863203258153	-0.7731677578699826	1.1819243951357399	NO	Q02750
213	G	213	81.745	125.154	118.391	0.41	0.403916083916084	0	0	2.1650081521587117	0.387446334808328	-0.8593243856396172	1.4762580605489628	NO	Q02750
214	Q	214	85.237	126.489	117.41	0.15	0.392727272727273	0	0	1.6022865967628996	0.6786863203258153	-0.6036292725896683	0.4048342575803267	NO	Q02750
215	L	215	86.418	126.22	121.103	1.45	0.290909090909091	0	1	1.7423274774464133	0.4664572848435389	-0.6687414389034048	0.8895259779709002	NO	Q02750
216	I	216	85.201	122.536	121.342	0.93	0.357332448573324	0	0	2.1650081521587117	0.387446334808328	-1.052184810541252	1.2434019540371126	NO	Q02750
217	D	217	87.234	121.596	118.172	0.67	0.292226292226292	1	0	2.1650081521587117	0.387446334808328	-0.9589034659711362	0.4951699899874864	NO	Q02750
219	M	219	90.611	121.591	122.875	-0.11	0.32518115942029	0	0	2.9852784665214607	0.2096422132152241	-0.8963074914764889	0.5834048914084328	NO	Q02750
220	A	220	89.648	118.264	121.133	1.45	0.325729927007299	0	0	2.0850270646111944	0.5482560917343525	-1.3844968978760126	0.18544747887722518	NO	Q02750
221	N	221	93.035	118.537	119.268	0.15	0.372262773722628	0	0	4.28074526750237	0.24709348622392102	-1.1518158119104986	0.1242232615647317	NO	Q02750
223	F	223	94.347	117.542	125.438	-0.37	0.323636363636364	0	0	4.28074526750237	0.24709348622392102	-1.0779088431893729	0.34391015898014954	NO	Q02750
224	V	224	93.547	113.881	126.41	0.67	0.372899159663866	0	0	0	1	-0.8901510008388934	-0.6308754186226878	NO	Q02750
225	G	225	91.013	112.871	129.145	1.45	0.371533228676086	0	0	0	1	-0.6395519202059826	-0.014336809195121931	NO	Q02750
226	T	226	91.166	109.915	131.6	0.67	0.37257980115123	0	0	0	1	-0.1746521922497958	-0.8714758515700306	NO	Q02750
227	R	227	87.457	110.032	132.686	-0.37	0.430656934306569	0	0	1.0340715456659135	0.9999999999999999	0.07662502060564108	0.5021244649763293	NO	Q02750
228	S	228	84.554	110.258	130.161	0.15	0.516363636363637	0	0	0.6808352420407147	1	0.032760298774331516	0.964355576908392	NO	Q02750
229	Y	229	80.74	110.872	130.332	1.45	0.514492753623189	0	0	0.5033166210599301	1	0.13857226654767685	1.814296423191005	NO	Q02750
230	M	230	80.195	110.794	126.501	1.45	0.518681318681319	0	0	1.0340715456659135	0.9999999999999999	0.2556934051237564	1.161973745011496	NO	Q02750
231	S	231	77.008	108.94	125.321	0.67	0.520588235294118	1	0	0.5033166210599301	1	0.6556693407676641	1.0453075975771333	NO	Q02750
232	P	232	77.541	105.665	123.36	1.45	0.57843137254902	0	0	0.39645275452151396	0.6596924082268488	0.7972067818507387	0.5660304513602927	NO	Q02750
233	E	233	75.928	107.089	120.12	1.45	0.493494423791822	0	0	0.39645275452151396	0.6596924082268488	0.9188707253102755	0.7423903589457141	NO	Q02750
234	R	234	78.192	110.244	120.157	1.45	0.493494423791822	0	0	0.6808352420407147	1	0.4950683145187679	1.1650349558771207	NO	Q02750
235	L	235	81.293	107.942	120.544	1.19	0.493494423791822	0	0	1.0340715456659135	0.9999999999999999	0.24473124494663692	0.7976896520021601	NO	Q02750
236	Q	236	80.172	106.186	117.262	0.15	0.488051470588235	0	0	2.0850270646111944	0.5482560917343525	0.2730946330234794	0.8929273233771499	NO	Q02750
237	G	237	79.671	109.583	115.472	-0.37	0.55983131259884	0	0	2.0850270646111944	0.5482560917343525	0.03504399760411654	0.8636234244925374	NO	Q02750
238	T	238	75.811	109.697	115.757	-0.63	0.563993627190653	0	0	0.5033166210599301	1	0.6946703042143967	-0.05944939037274873	NO	Q02750
239	H	239	74.336	113.115	116.848	-0.89	0.563993627190653	0	0	0.5033166210599301	1	0.5920239730479246	0.43034434812719924	NO	Q02750
240	Y	240	70.941	113.014	118.72	1.45	0.662921348314607	0	0	0.2739467526309188	0.26621427689822474	1.0810597876835804	0.4802307474188605	NO	Q02750
241	S	241	70.785	116.687	119.945	-0.11	0.732417811069496	0	0	0.39645275452151396	0.6596924082268488	0.5201264973718555	0.2702194720791393	NO	Q02750
242	V	242	70.556	116.898	123.826	0.93	0.724528301886792	0	0	0.23557212550349874	0.2623285942269981	0.20296187211593128	0.9048320322990236	NO	Q02750
243	Q	243	69.929	113.093	124.297	0.15	0.712550607287449	1	0	0.1621796024742428	0.09494417734274914	0.9875484055931781	0.5936089276271819	NO	Q02750
244	S	244	73.756	112.732	124.855	0.67	0.666666666666667	0	1	0.2739467526309188	0.26621427689822474	0.7520204421418998	1.1112771065295657	NO	Q02750
245	D	245	73.658	115.423	127.648	1.45	0.711111111111111	0	0	0.3250436425181846	0.42015807231210367	0.14179611333234937	1.5405434887270808	NO	Q02750
246	I	246	70.843	113.395	129.392	0.93	0.711111111111111	0	0	0.14584540016983696	0.05384011764340967	0.9104438526113745	0.8649162435609765	NO	Q02750
247	W	247	73.059	110.216	129.238	1.45	0.661654135338346	0	0	0.14584540016983696	0.05384011764340967	1.0122527041670686	1.1405452689521236	NO	Q02750
248	S	248	75.922	112.252	130.854	1.45	0.664150943396226	0	0	0.2739467526309188	0.26621427689822474	0.28183976692398083	1.726256947908311	NO	Q02750
249	M	249	73.543	113.522	133.647	0.93	0.615789473684211	0	0	0.23557212550349874	0.2623285942269981	0.2893507751929586	1.6012575042286368	NO	Q02750
250	G	250	72.305	109.948	134.43	1.45	0.615230961298377	0	0	0.10988976914932436	0.016868165109827263	0.7492226676977384	1.435984683557943	NO	Q02750
251	L	251	75.969	108.727	134.571	1.19	0.669201520912548	0	0	0.37486652541549664	0.3244547419899486	0.6603137228951397	1.2929255431521072	NO	Q02750
252	S	252	76.836	111.73	136.871	0.93	0.703218645948946	0	0	0	0.028216791919237268	0.32741157024966905	1.5214959544520827	NO	Q02750
253	L	253	73.815	110.932	139.166	0.67	0.740740740740741	0	0	0.18176850023001645	0.0952486863398895	0.48313738836184017	1.3399612910556737	NO	Q02750
254	V	254	74.953	107.232	139.53	0.15	0.698456667985754	0	0	0.1621796024742428	0.09494417734274914	0.8044464780969806	1.076758177426549	NO	Q02750
255	E	255	78.592	108.281	140.286	1.45	0.66044776119403	1	0	0.23557212550349874	0.2623285942269981	0.6214202483036118	0.7976896520021601	NO	Q02750
256	M	256	77.774	110.576	143.277	0.93	0.66044776119403	1	0	0	0.09133267598861035	0.6383908512898915	0.6310237270959278	NO	Q02750
257	A	257	74.905	108.414	144.662	1.45	0.66044776119403	1	0	0.23557212550349874	0.2623285942269981	0.7347037888610082	0.6172393272916529	NO	Q02750
258	V	258	77.012	105.172	144.684	0.15	0.656133828996283	1	0	0.1621796024742428	0.09494417734274914	0.9564150443144833	-0.2359191932146417	NO	Q02750
259	G	259	80.147	107.17	145.689	0.41	0.656133828996283	0	0	0	0.17211045752814202	0.9729720392546676	0.15483537022097862	NO	Q02750
260	R	260	82.139	105.383	142.919	0.67	0.695346795434592	1	0	0.18176850023001645	0.0952486863398895	1.0526226540438655	-0.4880189115602029	NO	Q02750
261	Y	261	82.566	105.742	139.107	0.93	0.699933906146728	0	0	0.18176850023001645	0.0952486863398895	0.7634026737652582	-0.47503195637270434	NO	Q02750
262	P	262	79.675	104.43	136.91	1.45	0.694729936584299	0	0	0.1621796024742428	0.09494417734274914	0.7943375210536492	0.3929295486584529	NO	Q02750
263	I	263	81.792	103.192	133.913	0.41	0.656133828996283	0	0	0.1621796024742428	0.09494417734274914	0.6637254408968574	-0.4566601661074623	NO	Q02750
264	P	264	83.6	100.416	135.905	-0.63	0.66044776119403	0	1	0.20569293493079732	0.15759015916787045	0.7780869443145173	-1.419049250691569	NO	Q02750
265	P	265	81.26	98.44	138.255	-0.63	0.654981549815498	0	0	0.20569293493079732	0.15759015916787045	0.8924376855142366	-1.0951590665757633	NO	Q02750
266	P	266	82.716	96.237	141.072	-1.41	0.659851301115242	1	0	0.3250436425181846	0.42015807231210367	0.9859146212384889	-1.416586207466354	NO	Q02750
267	D	267	79.317	94.442	140.856	-1.41	0.697172034564022	1	0	0.23557212550349874	0.2623285942269981	0.9740078472680167	-0.7941399981226703	NO	Q02750
307	P	307	92.344	101.619	136.783	-1.41	0.664179104477612	0	0	1.0340715456659135	0.9999999999999999	0.6379120839547435	-2.692090734809968	NO	Q02750
308	M	308	90.896	101.254	133.206	-1.41	0.620474406991261	0	0	2.0850270646111944	0.5482560917343525	0.5625072577992196	-1.975407249799015	NO	Q02750
309	A	309	92.547	103.409	130.447	-1.41	0.71593200806684	0	0	2.0850270646111944	0.5482560917343525	0.2773020033796121	-1.622467644115229	NO	Q02750
310	I	310	90.444	106.014	128.479	-1.41	0.662313432835821	0	0	2.0850270646111944	0.5482560917343525	0.22906974772762317	-0.9594453848664027	NO	Q02750
311	F	311	90.165	103.517	125.515	0.67	0.606837606837607	1	0	0	1	0.21961653086075916	-0.9617010139252841	NO	Q02750
312	E	312	88.901	100.649	127.799	0.41	0.713260619977038	0	0	2.0850270646111944	0.5482560917343525	0.4969937553404403	-1.7286148939449388	NO	Q02750
313	L	313	86.306	103.111	129.299	0.15	0.70185873605948	0	0	1.0340715456659135	0.9999999999999999	0.37624926743892423	-0.5027971709114946	NO	Q02750
314	L	314	84.961	104.281	125.851	1.45	0.614716735402648	0	0	1.0340715456659135	0.9999999999999999	0.19421438916161338	-0.15128571634148893	NO	Q02750
315	D	315	84.882	100.652	124.485	-0.11	0.610726643598616	0	0	0.6808352420407147	1	0.45342337395424154	-0.5951612918570666	NO	Q02750
316	Y	316	82.884	99.644	127.656	-0.37	0.646520146520147	0	0	0.39645275452151396	0.6596924082268488	0.613718723295741	-0.24992473312272837	NO	Q02750
317	I	317	80.301	102.518	127.255	0.93	0.599030303030303	0	0	0.39645275452151396	0.6596924082268488	0.577963283970377	0.4951699899874864	NO	Q02750
318	V	318	79.692	101.434	123.572	0.93	0.599030303030303	0	0	0	0.17211045752814202	0.6467335237535394	0.67070609016884	NO	Q02750
319	N	319	79.669	97.573	123.857	-0.11	0.641818181818182	0	0	0	1	0.5340894166745067	0.4167389665022005	NO	Q02750
320	E	320	78.453	96.839	127.481	-0.37	0.599238256453661	0	0	0.6808352420407147	1	0.957498046852647	-0.14967455272800215	NO	Q02750
321	P	321	75.062	97.385	129.221	-0.11	0.669684965100924	1	0	0.39645275452151396	0.6596924082268488	1.0800326253443902	-0.35944805520396667	NO	Q02750
322	P	322	74.786	100.83	130.907	0.41	0.634408602150538	0	0	0.23557212550349874	0.2623285942269981	1.0537807269051584	0.4951699899874864	NO	Q02750
323	P	323	75.459	101.21	134.677	1.45	0.63898916967509	2	0	0.18176850023001645	0.0952486863398895	1.0565906123011175	0.13102595237723108	NO	Q02750
324	K	324	72.507	101.236	137.174	-0.37	0.639492753623188	1	0	0.12016731049449088	0.018221786422747663	1.1408632672784786	0.20993716580222263	NO	Q02750
325	L	325	71.875	102.195	140.862	1.45	0.677109974424552	0	0	0	0.0019389545620017005	1.081537374196446	0.19537573033330533	NO	Q02750
326	P	326	72.238	99.381	143.462	0.41	0.707434052757794	0	0	0	0.0038158170793132786	1.0429380772370507	-0.6423039391876866	NO	Q02750
327	S	327	68.849	97.686	144.295	0.15	0.674143038510368	1	0	0	0.04980613888849024	1.044454736341453	-1.2594440496976207	NO	Q02750
328	G	328	67.23	98.281	147.749	-0.89	0.669829222011385	1	0	0	0.5482560917343526	1.0376105032221543	-0.5269797771226988	NO	Q02750
329	V	329	69.309	101.315	148.956	-0.89	0.675191815856778	0	0	0	0.1690342307098536	0.9178940432723408	0.4303443481271989	NO	Q02750
330	F	330	67.626	103.814	146.496	1.45	0.7085346215781	0	0	0.23557212550349874	0.2623285942269981	0.8542479994053689	0.33615324456951695	NO	Q02750
331	S	331	63.861	104.481	145.879	0.93	0.668820064601938	0	0	0.2739467526309188	0.26621427689822474	1.0836255867732885	0.05235135428484799	NO	Q02750
332	L	332	62.296	102.719	142.804	-0.89	0.702	0	0	0	0.17211045752814202	1.1856017241418253	-0.1451632946102395	NO	Q02750
333	E	333	61.458	106.196	141.303	-0.37	0.668571428571429	0	0	0.20569293493079732	0.15759015916787045	1.3456925446676833	-0.2572507078438815	NO	Q02750
334	F	334	65.185	107.259	141.465	1.45	0.635869565217391	1	0	0.18176850023001645	0.0952486863398895	1.083512145271868	0.24170757046167865	NO	Q02750
335	Q	335	66.297	103.845	140	0.15	0.695652173913044	0	0	0	0.014112922829273096	1.134033276082134	0.3691201308147058	NO	Q02750
336	D	336	63.73	104.271	137.127	-0.63	0.741275571600481	2	0	0	0.04980613888849024	1.5345237279391588	0.38499307604387045	NO	Q02750
337	F	337	64.84	107.948	136.55	1.45	0.692238267148014	0	0	0	0.007853213036707662	1.4195742737792632	0.27941953335686653	NO	Q02750
338	V	338	68.578	107.083	135.963	0.15	0.713093525179856	0	0	0	0.014112922829273096	1.2172314801306803	1.2362259062404855	NO	Q02750
339	N	339	67.581	103.932	133.924	-0.37	0.742805755395684	0	0	0	0.014112922829273096	1.527078353211134	0.6418461897521764	NO	Q02750
340	K	340	65.532	106.167	131.502	-0.63	0.719737253675321	1	0	0	0.0038158170793132786	1.7575811642095045	0.28340622657721487	NO	Q02750
341	C	341	68.605	108.544	131.416	1.45	0.777291210509853	0	0	0.09295273681060834	0.005144982743063639	1.511533309009361	0.518621126577771	NO	Q02750
342	L	342	71.058	105.637	130.62	0.93	0.845878136200717	0	0	0.12016731049449088	0.018221786422747663	1.2830322312412141	0.6808070553146723	NO	Q02750
343	I	343	69.158	103.759	127.794	-0.37	0.825151940158953	0	0	0.12016731049449088	0.018221786422747663	1.4267006916058276	0.33015926525220984	NO	Q02750
344	K	344	71.936	103.244	125.142	1.45	0.843488649940263	0	0	0.18176850023001645	0.0952486863398895	1.154967076295464	0.6786425627834225	NO	Q02750
345	N	345	69.288	103.818	122.373	0.41	0.931578947368421	1	0	0.20569293493079732	0.15759015916787045	1.4526241334853705	0.06753417146057121	NO	Q02750
346	P	346	69.26	107.669	122.165	-1.15	0.928263719797715	0	0	0.23557212550349874	0.2623285942269981	1.507417992295099	0.4167389665022005	NO	Q02750
347	A	347	65.627	107.711	120.793	-0.37	0.922359089212393	1	0	0.2739467526309188	0.26621427689822474	1.77074417759705	-0.1373711214977404	NO	Q02750
348	E	348	64.218	105.347	123.53	0.41	0.939501779359431	0	0	0	0.04980613888849024	2.185113087355265	-0.2023058974352335	NO	Q02750
349	R	349	66.229	107.484	126.066	1.45	0.938829787234043	1	0	0.14584540016983696	0.05384011764340967	1.7116465927223947	0.29349021531103736	NO	Q02750
350	A	350	63.926	110.005	127.892	0.15	0.915863602668643	1	0	0.10988976914932436	0.016868165109827263	1.8364996436404728	0.07042016150223752	NO	Q02750
351	D	351	63.953	113.66	126.601	-0.63	0.915863602668643	1	0	0.13202084138135417	0.030946717304537096	1.5724802677296292	-0.005878200224316804	NO	Q02750
352	L	352	64.077	116.869	128.781	-0.37	0.904058313632782	0	0	0.1621796024742428	0.09494417734274914	0.6963211287568897	0.43034434812719924	NO	Q02750
353	K	353	60.215	117.244	128.643	-0.89	0.900863761287789	1	0	0	0.027250999778611826	1.0115091124557896	-0.10026553524774438	NO	Q02750
354	Q	354	59.702	113.535	129.665	-0.11	0.851032174074763	1	0	0	0.014112922829273096	1.864702535821502	-0.25425371818522796	NO	Q02750
355	L	355	62.212	113.784	132.618	1.45	0.876868327402135	0	0	0	0.0038158170793132786	1.144710812686608	0.1609577919522279	NO	Q02750
356	M	356	60.659	117.091	133.949	0.15	0.835112692763938	1	0	0	0.028216791919237268	1.028194920614008	0.026264513864742208	NO	Q02750
357	V	357	57.365	115.163	134.714	-0.89	0.781020651988394	2	0	0	0.028216791919237268	1.654413378560177	-0.5659406426851947	NO	Q02750
358	H	358	59.07	111.883	135.906	1.45	0.786659790269899	0	0	0	0.007853213036707662	1.5787484487220544	-0.6594467200351848	NO	Q02750
359	A	359	57.836	110.485	139.302	0.15	0.783830078794108	0	0	0	0.028216791919237268	1.697151281635892	-0.6184531136607326	NO	Q02750
360	F	360	61.333	111.154	140.852	1.45	0.811594202898551	0	0	0.1621796024742428	0.09494417734274914	1.182413255699265	-0.28633913688375384	NO	Q02750
361	I	361	61.427	114.871	139.724	0.67	0.794632034632035	0	0	0.14584540016983696	0.05384011764340967	0.9909916919890025	-0.2107092213800854	NO	Q02750
362	K	362	57.742	115.57	140.735	-0.37	0.855072463768116	0	0	0.2739467526309188	0.26621427689822474	1.4513052392791197	-0.37113631487271553	NO	Q02750
363	R	363	58.519	114.068	144.225	-0.11	0.830035971223022	1	0	0.3250436425181846	0.42015807231210367	1.3134669001079657	-0.23087719884773042	NO	Q02750
364	S	364	61.911	115.921	144.585	-0.63	0.85439229843562	0	0	0.2739467526309188	0.26621427689822474	1.1215668629237698	0.026264513864742208	NO	Q02750
365	D	365	60.305	119.246	143.382	-0.11	0.914696813977389	0	0	0.3250436425181846	0.42015807231210367	1.064538916428506	-0.41659065802896067	NO	Q02750
366	A	366	57.725	118.891	146.259	-0.63	0.902898550724638	0	0	1.0340715456659135	0.9999999999999999	1.6204954505572127	-1.088016241222639	NO	Q02750
367	E	367	60.315	117.772	148.934	-0.89	0.859903381642512	1	0	0.5033166210599301	1	1.3656421255404312	-0.5105752021490164	NO	Q02750
368	E	368	61.633	120.571	151.263	-0.63	0.910485933503836	0	0	0.5033166210599301	1	1.6638752371793855	-1.2594440496976207	NO	Q02750
369	V	369	65.469	119.993	151.348	0.15	0.8860559566787	0	0	0.39645275452151396	0.6596924082268488	1.1820469593936833	-0.1373711214977404	NO	Q02750
370	D	370	67.823	122.535	153.076	-0.37	0.861612515042118	1	0	1.0366004622044374	0.9999999999999999	0.9106522854132422	-1.5030519880568052	NO	Q02750
371	F	371	70.44	122.109	150.252	0.41	0.861612515042118	0	0	0.7522640752725027	1	0.5156915824065367	-0.6400919674654286	NO	Q02750
372	A	372	72.395	125.287	151.294	0.67	0.836883116883117	0	0	0.37486652541549664	0.3244547419899486	0.7126353261831956	-1.6149980228309162	NO	Q02750
373	G	373	72.444	123.924	154.908	0.41	0.803356643356644	0	0	0.4855539372456067	0.489450552920254	1.0520382397462598	-1.960062049551894	NO	Q02750
374	W	374	73.591	120.416	153.759	0.93	0.748400852878465	0	0	0.18176850023001645	0.0952486863398895	0.8130558589273689	-1.4594431595850994	NO	Q02750
375	L	375	76.299	121.831	151.37	0.41	0.788505747126437	1	0	0.30090567289508635	0.13408526986427208	0.6396596676459129	-1.2098202104022313	NO	Q02750
376	C	376	77.996	124.146	153.984	0.15	0.818627450980392	0	0	0	0.014112922829273096	0.9194884392575914	-2.082297530377533	NO	Q02750
377	S	377	77.724	121.242	156.545	-0.89	0.77714012434242	1	0	0	0.17211045752814202	1.6097013874718158	-2.7210916798527283	NO	Q02750
378	T	378	79.405	118.805	154.034	-0.11	0.80462962962963	0	0	0	0.09133267598861035	1.3233038751312027	-2.11046067034128	NO	Q02750
379	I	379	82.186	121.334	153.054	0.93	0.778397565922921	1	0	0	0.028216791919237268	1.1141938134285998	-2.1864240510808552	NO	Q02750
380	G	380	82.679	122.708	156.639	-1.41	0.7756376887038	1	0	0	0.17211045752814202	1.3987056057317333	-2.8213418602474545	NO	Q02750
381	L	381	81.52	126.339	155.96	-1.41	0.779816513761468	0	0	0	0.04980613888849024	0.9619026003445257	-2.345153503372505	NO	Q02750
382	N	382	79.062	128.331	158.201	-1.41	0.829383886255924	0	0	0	0.17211045752814202	1.1838828085761248	-2.6844377076459063	NO	Q02750
383	Q	383	75.376	128.104	157.032	-1.41	0.8	0	0	0	0.09133267598861035	1.1160158599151173	-2.089515543365953	NO	Q02750
