Uniprot_position	aminoacid	Position_in_structure	x	y	z	paraz	mtr	gscount	pscount	OR	pvalue	mtr3dscore	paraz3dscore	HotSpot3D	Uniprot	gene	chain
4	R	4	0.399	26.778	70.181	-0.5	0.910344827586207	0	1	2.6056985023855943	0.009551766237324875	0.48839283403283446	0.897097558283908	NO	Q06124	PTPN11	A
5	R	5	0.676	29.57	67.605	1.59	0.942466887417219	0	0	1.117218251993955	0.8122924547129673	0.7312645664817384	0.13095426428906892	NO	Q06124	PTPN11	A
6	W	6	-1.996	31.743	69.261	0.2	0.933962264150943	0	0	1.5715827415924775	0.4545109500786886	0.48415794837344334	-0.35518097136956767	NO	Q06124	PTPN11	A
7	F	7	0.312	32.398	72.242	2.29	0.909090909090909	0	0	1.1902473591245777	0.8238024588474884	0.2773223528107035	0.4002472886756423	NO	Q06124	PTPN11	A
8	H	8	2.399	35.584	72.006	0.9	0.901734104046243	0	0	0.9330292827186633	1	0.9185495858008008	0.3108079182581824	NO	Q06124	PTPN11	A
9	P	9	5.071	35.535	74.732	0.2	0.895027624309392	4	0	0.8815292341613995	1	0.5090903527588508	0.7045961279871417	NO	Q06124	PTPN11	A
10	N	10	6.636	38.984	74.276	1.59	0.894830659536542	2	0	0.1448834103828059	0.05428837373777069	1.2897360633499326	0.9096553611773158	NO	Q06124	PTPN11	A
11	I	11	3.884	41.493	73.506	0.9	0.962250185048113	2	0	0.24032357607250024	0.05218141154707156	1.5307282546373282	0.3593335027812452	NO	Q06124	PTPN11	A
12	T	12	2.173	44.233	75.474	0.9	0.960714285714286	1	0	0.11909005811679253	0.017823795119954976	1.5255678563360116	0.21105488700427194	NO	Q06124	PTPN11	A
13	G	13	-1.576	44.644	75.777	0.9	0.963938973647712	0	0	0.33352040540299904	0.11217945251429541	0.7212797483876366	-0.11916884752365293	NO	Q06124	PTPN11	A
14	V	14	-1.397	47.628	73.427	2.29	0.957943925233645	0	0	0	0.012783566760447602	2.253042935282685	0.21058126235634123	NO	Q06124	PTPN11	A
15	E	15	0.495	45.521	70.886	0.9	0.953458306399483	0	0	0.10918880353302891	0.010249315413837026	2.615085457414542	0.21097820491841648	NO	Q06124	PTPN11	A
16	A	16	-2.1	42.756	71.274	0.9	0.948222083593263	0	0	0.4139576289337879	0.1393874474109223	1.2685151080569197	-0.11503568309604399	NO	Q06124	PTPN11	A
17	E	17	-4.948	45.193	70.586	-0.5	0.94333936106088	0	0	0.7533235372792415	0.7684025147746906	1.0196075725295435	-0.4466114186502078	NO	Q06124	PTPN11	A
18	N	18	-3.19	46.632	67.528	-0.5	1.0461338531514	2	0	0.18347675543854972	0.09191513902352773	1.8756421765934237	-0.3047184077202401	NO	Q06124	PTPN11	A
19	L	19	-2.407	43.153	66.208	-0.5	1.05050933786078	0	0	0.16203119269504923	0.09421606574261644	1.7984702263695662	-0.26788657955485395	NO	Q06124	PTPN11	A
20	L	20	-6.016	42.012	66.626	-0.5	1.059375	1	0	0.44224711563279767	0.25637426726415447	0.9411925037103532	-0.5250807022752401	NO	Q06124	PTPN11	A
21	L	21	-7.342	45.238	65.089	-0.5	1.05454545454545	0	0	0.32682130833609097	0.20884659776728268	1.2978468378659287	-0.6605477817558593	NO	Q06124	PTPN11	A
22	T	22	-5.009	45.247	62.062	-0.5	1.07037037037037	1	1	0.18347675543854972	0.09191513902352773	2.262858409390712	-0.7517398223015168	NO	Q06124	PTPN11	A
23	R	23	-4.314	41.582	61.24	-0.5	1.02171717171717	0	0	0.18347675543854972	0.09191513902352773	2.0156712276646425	-0.7454774519566547	NO	Q06124	PTPN11	A
24	G	24	-7.437	40.104	62.853	-0.5	0.976415851115033	0	0	0.1448834103828059	0.05428837373777069	0.7751824208535104	-0.903289184647178	NO	Q06124	PTPN11	A
25	V	25	-11.202	40.188	62.458	-0.5	0.921323529411765	0	0	0.13084955295654296	0.031108716950538025	0.6905750309843807	-1.0272841174754463	NO	Q06124	PTPN11	A
26	D	26	-14.145	39.633	64.785	-0.5	0.877450980392157	3	0	0.32682130833609097	0.20884659776728268	0.02751752469371131	-1.0272841174754463	NO	Q06124	PTPN11	A
27	G	27	-13.47	36.282	66.438	-0.5	0.827952029520295	0	0	0.29223288165894923	0.13257080302498536	-0.2253243226294732	-1.0272841174754463	NO	Q06124	PTPN11	A
28	S	28	-9.685	36.494	66.18	-0.5	0.851607801792304	0	0	0.39942832709509585	0.1736264229781396	0.34695515300060054	-0.8855756228145683	NO	Q06124	PTPN11	A
29	F	29	-7.93	35.848	69.469	-0.5	0.751399253731343	0	0	0.39942832709509585	0.1736264229781396	0.36299443032437756	-0.6244035716081826	NO	Q06124	PTPN11	A
30	L	30	-4.56	35.369	71.105	-0.5	0.751399253731343	0	0	0.48945025853741086	0.29410748327806585	0.8066101861848454	-0.40807960819639233	NO	Q06124	PTPN11	A
31	A	31	-3.192	34.628	74.557	0.2	0.757048872180451	0	0	0.9330292827186633	1	0.5058476501651478	-0.24994711333278108	NO	Q06124	PTPN11	A
32	R	32	-0.225	36.211	76.283	-0.5	0.810566037735849	0	0	0.8815292341613995	1	0.3780381536028025	0.12368545834575488	NO	Q06124	PTPN11	A
33	P	33	1.465	36.227	79.694	-0.5	0.804494382022472	0	0	0.8815292341613995	1	-0.01642078335563635	0.09779544619576715	NO	Q06124	PTPN11	A
34	S	34	0.428	39.104	81.907	0.2	0.719288174512055	0	0	0.8815292341613995	1	-0.005659198883157808	-0.010019566517000438	NO	Q06124	PTPN11	A
35	K	35	3.295	41.546	82.345	-0.5	0.81670002859594	1	0	0.13084955295654296	0.031108716950538025	0.5866945339537959	0.14554013438892582	NO	Q06124	PTPN11	A
36	S	36	1.431	43.188	85.247	-0.5	0.77633209417596	0	0	0.5044734790233889	1	-0.24808235826797562	-0.5313043861623733	NO	Q06124	PTPN11	A
37	N	37	0.806	40.114	87.45	0.2	0.711965811965812	1	0	2.7777284011293277	0.11933245573491068	-0.8497635770342176	-0.7172967854047757	NO	Q06124	PTPN11	A
38	P	38	3.483	37.392	87.26	-0.5	0.660516605166052	0	0	3.206190336218977	0.06872457159948635	-0.4681346421456109	-0.6357211717019675	NO	Q06124	PTPN11	A
39	G	39	1.941	34.044	86.405	-0.5	0.614240777809551	0	0	4.188504193270411	7.652029564489384e-4	-0.5025126244034538	-0.34439576820449097	NO	Q06124	PTPN11	A
40	D	40	-1.334	35.439	85.078	-0.5	0.611965811965812	0	0	3.919296076342599	0.003119668356406828	-0.2551244517359897	-0.5997153835848661	NO	Q06124	PTPN11	A
41	F	41	-2.373	35.314	81.42	-0.5	0.605240912933221	0	0	1.590406880557743	0.28244299889385605	0.055389167439709314	-0.30447238602812055	NO	Q06124	PTPN11	A
42	T	42	-4.68	37.373	79.225	-0.5	0.392307692307692	0	1	1.2695838212357182	0.639323516556675	0.04174889311598623	-0.34575482596578605	NO	Q06124	PTPN11	A
43	L	43	-6.94	36.064	76.466	-0.5	0.472860472860473	0	1	1.946378708179821	0.32540295999270324	-0.02730264722431336	-0.6143894261867571	NO	Q06124	PTPN11	A
44	S	44	-7.477	38.916	74	-0.5	0.539393939393939	0	0	0.6175836069074169	0.4490974120893839	0.4737281118005237	-0.3943195079901911	NO	Q06124	PTPN11	A
45	V	45	-10.477	38.485	71.699	-0.5	0.540909090909091	0	0	0.36373210027881586	0.17239064724094147	0.06727930856223316	-0.8582001181641714	NO	Q06124	PTPN11	A
46	R	46	-11.725	40.81	68.966	-0.5	0.537878787878788	0	0	0.39942832709509585	0.1736264229781396	0.20527377123385568	-0.9239550067852228	NO	Q06124	PTPN11	A
47	R	47	-15.5	41.291	69.058	-0.5	0.600678733031674	0	0	0.21103996731285268	0.15165403104991404	-0.284474790838477	-1.0272841174754463	NO	Q06124	PTPN11	A
48	N	48	-17.607	43.951	67.324	-0.5	0.650735294117647	1	0	0.21103996731285268	0.15165403104991404	0.21823459570580236	-1.0272841174754463	NO	Q06124	PTPN11	A
49	G	49	-14.554	45.801	66.064	-0.5	0.651291512915129	0	0	0.32682130833609097	0.20884659776728268	1.0088667229276176	-1.0272841174754463	NO	Q06124	PTPN11	A
50	A	50	-13.072	46.108	69.565	-0.5	0.651851851851852	1	0	0.32682130833609097	0.20884659776728268	0.8287676511915041	-0.9239550067852228	NO	Q06124	PTPN11	A
51	V	51	-10.827	43.95	71.74	-0.5	0.598981900452489	0	0	0.5950597168958875	0.5756667467929035	0.5779092894322649	-0.6403535011943771	NO	Q06124	PTPN11	A
52	T	52	-12.084	42.256	74.905	-0.5	0.598981900452489	0	1	0.6438937648397854	0.7442856110094306	-0.24262519351620204	-0.8394130071295853	NO	Q06124	PTPN11	A
53	H	53	-9.465	41.114	77.42	-0.5	0.542742927429274	0	0	3.933099690351093	0.11733963386833923	-0.3904207238182581	-0.5407937942869856	NO	Q06124	PTPN11	A
54	I	54	-10.12	38.06	79.603	-0.5	0.590405904059041	0	0	7.902992430291939	0.037481867152258964	-0.5379989276008887	-0.8394130071295853	NO	Q06124	PTPN11	A
55	K	55	-7.962	37.517	82.684	-0.5	0.654275092936803	0	0	4.546327173617786	0.011644717406938784	-0.3556513140070096	-0.7072971940476572	NO	Q06124	PTPN11	A
56	I	56	-6.76	33.982	83.442	-0.5	0.713754646840149	0	2	5.779109837557388	3.384377319569161e-5	-0.14138377415929343	-0.7720004322407764	NO	Q06124	PTPN11	A
57	Q	57	-4.995	33.242	86.728	-0.5	0.657303370786517	0	0	9.143050672235391	1.426831897953089e-8	0.16090408243508575	-0.6730128808232513	NO	Q06124	PTPN11	A
58	N	58	-2.496	30.383	86.793	0.9	0.662264150943396	1	3	8.754580564157251	1.8004750641865386e-9	0.3273824538666486	-0.28382062227248267	NO	Q06124	PTPN11	A
59	T	59	-2.618	29.406	90.445	-0.5	0.607287449392713	1	1	8.514353353382573	7.872800726632343e-10	0.0076365704301215856	0.2106970372702798	NO	Q06124	PTPN11	A
60	G	60	-0.657	26.53	91.95	-0.5	0.762484394506866	0	3	7.377726526205676	6.833168892178081e-9	-0.045789027055469896	0.5784263254049081	YES	Q06124	PTPN11	A
61	D	61	-3.697	24.29	91.513	0.2	0.763836477987422	0	4	9.569099168183618	1.4915115052062587e-12	0.30190207481936704	0.8878893178074321	NO	Q06124	PTPN11	A
62	Y	62	-5.302	25.151	88.157	0.2	0.760964912280702	2	2	13.697039251482552	2.8756112592599234e-15	0.6647110488135224	0.7838195703855315	NO	Q06124	PTPN11	A
63	Y	63	-5.97	27.86	85.593	-0.5	0.755930087390762	1	1	14.235563407716558	9.513332317982096e-16	0.6633448971394715	0.17945228237109315	NO	Q06124	PTPN11	A
64	D	64	-8.783	30.146	86.747	-0.5	0.791535601944524	0	0	13.378945314566772	2.5781950255378115e-11	0.19749531188284902	-0.22903102456719387	NO	Q06124	PTPN11	A
65	L	65	-10.601	32.135	84.078	-0.5	0.785694010786262	0	0	6.78359187288326	1.6910177001953312e-5	0.10643830423345468	-0.6678702338395903	NO	Q06124	PTPN11	A
66	Y	66	-11.483	34.94	86.485	0.2	0.744772447724477	0	0	4.21151810935097	0.0016728371348074637	-0.10961906991385927	-0.8288922249502171	NO	Q06124	PTPN11	A
67	G	67	-15.217	34.998	87.118	-0.5	0.817752100840336	0	0	4.765303544791796	0.06133993849656221	0.8657671942313524	-0.954345921694112	NO	Q06124	PTPN11	A
68	G	68	-15.563	31.751	85.192	-0.5	0.88135112120352	0	0	6.095722088943949	0.0035038991590432673	0.7009095217047873	-0.38189434287862134	NO	Q06124	PTPN11	A
69	E	69	-14.445	28.121	85.099	-0.5	0.955555555555556	0	2	11.510726726008777	1.5635970297603078e-7	0.6554850265599318	0.11455932988816704	NO	Q06124	PTPN11	A
70	K	70	-11.226	26.281	85.909	-0.5	0.948529411764706	0	1	11.232336347537954	2.3665296860159162e-11	0.585445107202066	0.36489113280622654	NO	Q06124	PTPN11	A
71	F	71	-8.955	24.46	83.473	-0.5	0.869822485207101	1	3	10.435173343666161	3.764764494480988e-13	0.8094464718065143	0.6009651320326029	NO	Q06124	PTPN11	A
72	A	72	-5.792	22.369	83.628	-0.5	0.863496503496504	0	3	13.698860472633653	2.164814498140365e-18	0.7197827976520073	0.9212076841116267	NO	Q06124	PTPN11	A
73	T	73	-3.879	24.19	80.881	-0.5	0.864121280179674	0	2	9.845259290838252	1.1608737178469169e-14	0.6771987115276967	0.49165380967084005	NO	Q06124	PTPN11	A
74	L	74	-4.26	27.238	78.667	-0.5	0.832116788321168	0	0	9.282793607789921	1.1807252311563804e-11	0.3358854206275548	0.06601339656516501	NO	Q06124	PTPN11	A
75	A	75	-4.43	24.955	75.623	-0.5	0.797202797202797	1	0	4.574397942279697	9.250268229032577e-6	0.5593637407221793	0.20934391796362214	NO	Q06124	PTPN11	A
76	E	76	-7.3	22.922	77.099	0.2	0.837606837606838	0	5	5.070715989649432	1.5103057474768367e-7	0.6054989060913533	0.17240711573312337	NO	Q06124	PTPN11	A
77	L	77	-9.037	26.198	77.968	-0.5	0.835164835164835	0	0	8.348274758233014	5.150691179514268e-10	0.46255182146769985	-0.32496532805818934	NO	Q06124	PTPN11	A
78	V	78	-8.766	27.463	74.384	-0.5	0.802473262032086	0	0	5.5140601861862395	1.0441809299928097e-5	-0.018147817858376242	-0.3794738561685753	NO	Q06124	PTPN11	A
79	Q	79	-9.728	24.073	72.929	-0.5	0.75719557195572	1	2	3.58615516800282	0.0010097165890169723	0.10745830326838658	-0.07901810736973748	NO	Q06124	PTPN11	A
80	Y	80	-12.774	23.992	75.209	-0.5	0.752767527675277	0	0	4.963296825339877	4.550438985130176e-5	0.29177429421250983	-0.2024225881369188	NO	Q06124	PTPN11	A
81	Y	81	-14.14	27.316	73.953	-0.5	0.752767527675277	0	0	3.081278365581449	0.02974779951392486	-0.05674261598943967	-0.7878653301250113	NO	Q06124	PTPN11	A
82	M	82	-13.049	26.859	70.342	-0.5	0.740049751243781	2	0	1.8305707880219966	0.3837524718374888	-0.16106897232992315	-0.9756195621303344	NO	Q06124	PTPN11	A
83	E	83	-15.368	23.814	70.426	-0.5	0.738888888888889	0	0	2.7777284011293277	0.11933245573491068	-0.24362615652986383	-0.954345921694112	NO	Q06124	PTPN11	A
84	H	84	-18.028	25.264	72.764	-0.5	0.738314883148832	0	0	2.7777284011293277	0.11933245573491068	-0.021537350838258956	-0.9620236265131997	NO	Q06124	PTPN11	A
85	H	85	-18.836	28.429	70.806	-0.5	0.743804213135068	0	0	0.7582098141692004	1	-0.30873673134812063	-1.0272841174754463	NO	Q06124	PTPN11	A
86	G	86	-21.236	30.402	72.981	-0.5	0.776018099547511	0	0	0	0.27958122958122966	-0.03064101051171252	-1.0272841174754463	NO	Q06124	PTPN11	A
87	Q	87	-20.072	28.946	76.302	-0.5	0.739889705882353	0	0	1.2272838754096347	0.7432627534534683	0.5100704520522522	-1.0272841174754463	NO	Q06124	PTPN11	A
88	L	88	-17.734	31.906	76.93	-0.5	0.806526806526806	0	0	1.8757322428740724	0.35248002419808033	0.028515487814572766	-0.9885357009666125	NO	Q06124	PTPN11	A
89	K	89	-19.763	34.882	78.155	-0.5	0.806526806526806	0	0	2.317239565267339	0.3876773873016436	0.13582231390232075	-0.977686144344139	NO	Q06124	PTPN11	A
90	E	90	-19.294	38.025	80.205	-0.5	0.887179487179487	0	0	0.76058107233935	1	0.16806313058776604	-0.9652866510613123	NO	Q06124	PTPN11	A
91	K	91	-21.101	38.347	83.529	-0.5	0.847374847374847	1	0	0	1	0.6071656391417127	-0.9387163083123976	NO	Q06124	PTPN11	A
92	N	92	-23.745	40.424	81.723	-0.5	0.845588235294118	0	0	0	1	0.8219247163105075	-1.0272841174754463	NO	Q06124	PTPN11	A
93	G	93	-24.336	37.341	79.556	-0.5	0.755474452554744	0	0	0	1	0.8200257213478049	-1.0272841174754463	NO	Q06124	PTPN11	A
94	D	94	-22.938	38.601	76.247	-0.5	0.75	0	0	0.5044734790233889	1	0.1324009493541883	-1.0272841174754463	NO	Q06124	PTPN11	A
95	V	95	-21.04	35.958	74.293	-0.5	0.696969696969697	0	0	0.5044734790233889	1	-0.2150829862999516	-1.0272841174754463	NO	Q06124	PTPN11	A
96	I	96	-17.343	36.048	73.414	-0.5	0.69193742478941	0	0	0.32682130833609097	0.20884659776728268	-0.5814401093821975	-1.0272841174754463	NO	Q06124	PTPN11	A
97	E	97	-16.6	33.833	70.41	-0.5	0.69645732689211	1	0	0.37003440607175775	0.32377964096335965	-0.5143690159884011	-1.0272841174754463	NO	Q06124	PTPN11	A
98	L	98	-13.176	32.254	69.868	-0.5	0.538819875776398	0	0	0.7533235372792415	0.7684025147746906	-0.234700084695644	-0.9602598294601662	NO	Q06124	PTPN11	A
99	K	99	-12.976	31.658	66.112	-0.5	0.471467391304348	0	0	0.37003440607175775	0.32377964096335965	-0.011859134618602494	-0.9830002128939218	NO	Q06124	PTPN11	A
100	Y	100	-9.578	32.476	64.579	-0.5	0.471467391304348	0	0	0.32682130833609097	0.20884659776728268	0.29641119735163585	-0.8507811263576562	NO	Q06124	PTPN11	A
101	P	101	-6.251	31.937	66.359	-0.5	0.697954271961492	1	0	0.5950597168958875	0.5756667467929035	0.6222579437024981	-0.5774670018473562	NO	Q06124	PTPN11	A
102	L	102	-4.029	34.912	65.526	-0.5	0.78971119133574	0	0	0.5599138294600636	0.534512138532367	1.2015080681986847	-0.517758721231554	NO	Q06124	PTPN11	A
103	N	103	-0.635	33.336	64.907	-0.5	0.793181818181818	0	0	0.37003440607175775	0.32377964096335965	1.71040827903075	-0.3200068985876711	NO	Q06124	PTPN11	A
104	C	104	2.549	34.546	66.577	0.2	0.793181818181818	0	0	0.6861289894616062	0.6271562456627434	1.6916409727071415	0.2105181124032838	NO	Q06124	PTPN11	A
105	A	105	5.76	34.842	64.571	-0.5	0.797334558823529	0	0	0.5374654856524369	0.41644853727680436	1.6111170599491156	0.08195134073211621	NO	Q06124	PTPN11	A
106	D	106	8.136	34.98	67.552	0.2	0.801579925650558	0	1	0.748235696691886	0.6270430074396399	1.2043565801206157	0.5067103372285584	NO	Q06124	PTPN11	A
107	P	107	10.329	31.828	67.654	-0.5	0.73287307488051	0	0	0.8815292341613995	1	0.3451674745166805	0.6820745993713949	NO	Q06124	PTPN11	A
108	T	108	12.185	32.609	70.896	-0.5	0.712515489467162	0	0	0.748235696691886	0.6270430074396399	-0.614019824378452	0.7280727196141397	NO	Q06124	PTPN11	A
109	S	109	10.195	30.064	72.949	2.99	0.709307093070931	0	0	1.017121096696411	0.9999999999999999	-0.8923014876657666	1.300486302174565	NO	Q06124	PTPN11	A
110	E	110	10.554	27.183	70.476	0.9	0.714580751755473	0	2	0.6861289894616062	0.6271562456627434	-0.25213956886068056	0.9071276734241678	NO	Q06124	PTPN11	A
111	R	111	13.872	24.254	70.489	3.69	0.643122676579926	0	0	0.8663005282361561	1	-0.8196649057119488	0.6222242313612135	NO	Q06124	PTPN11	A
112	W	112	14.673	24.413	68.195	2.99	0.584175084175084	0	0	0.7508055839302795	0.7872681085431079	-0.5066197715888595	0.009198622189421732	NO	Q06124	PTPN11	A
113	F	113	15.501	28.145	68.354	-0.5	0.575456053067993	0	0	0.6654196961351485	0.5740816409146108	-0.3753168491056166	0.08981308841978175	NO	Q06124	PTPN11	A
114	H	114	18.919	29.028	69.782	0.2	0.570725707257073	0	0	0.5599138294600636	0.534512138532367	-1.1882785262052724	-0.05303821668190984	NO	Q06124	PTPN11	A
115	G	115	19.217	32.698	68.816	1.59	0.570725707257073	0	0	1.5427432114358848	0.7162377801327808	-0.7055864251003111	0.003645181182441374	NO	Q06124	PTPN11	A
116	H	116	22.844	33.791	68.866	-0.5	0.642066420664207	2	0	0.3762134068689544	0.6510787346635064	-0.8034760178951305	-0.7585000705371505	NO	Q06124	PTPN11	A
117	L	117	25.032	30.749	68.195	-0.5	0.515555555555556	0	0	0.29917463511186376	0.40751800827175794	-1.02812899218397	-0.7696994058262461	NO	Q06124	PTPN11	A
118	S	118	28.106	30.267	66.03	-0.5	0.521348314606742	0	0	0.29917463511186376	0.40751800827175794	-0.89326865964577	-0.7696994058262461	NO	Q06124	PTPN11	A
119	G	119	28.287	27.672	63.282	-0.5	0.517910447761194	0	0	0.21103996731285268	0.15165403104991404	-0.6647328504208934	-0.8278636955534848	NO	Q06124	PTPN11	A
120	K	120	31.095	25.854	65.085	-0.5	0.517472118959108	0	0	0	0.27958122958122966	-1.2515695522570573	-1.0272841174754463	NO	Q06124	PTPN11	A
121	E	121	29.272	25.79	68.426	-0.5	0.517037037037037	0	0	0	0.16031578859850903	-1.7331854494207872	-0.9620236265131997	NO	Q06124	PTPN11	A
122	A	122	26.137	24.51	66.687	-0.5	0.513235294117647	0	0	0.16203119269504923	0.09421606574261644	-0.9795069541081224	-0.718280872173254	NO	Q06124	PTPN11	A
123	E	123	28.206	21.708	65.147	-0.5	0.576859504132231	1	0	0	0.023648562043610884	-0.5284727179478645	-1.0272841174754463	NO	Q06124	PTPN11	A
124	K	124	29.729	20.963	68.562	-0.5	0.639194139194139	0	0	0	0.16031578859850903	-0.8294644796001213	-1.0272841174754463	NO	Q06124	PTPN11	A
125	L	125	26.315	20.708	70.228	-0.5	0.643911439114391	0	0	0	0.012783566760447602	-1.0331846811665837	-0.9845272440863884	NO	Q06124	PTPN11	A
126	L	126	24.817	18.663	67.389	-0.5	0.639194139194139	0	0	0	0.004065806592621154	-0.3792459951248826	-0.8765028228515243	NO	Q06124	PTPN11	A
127	T	127	27.925	16.461	67.424	-0.5	0.581085581085581	0	0	0	0.004065806592621154	-0.31625415011614205	-1.0272841174754463	NO	Q06124	PTPN11	A
128	E	128	27.878	15.783	71.174	-0.5	0.639194139194139	0	0	0	0.012783566760447602	-0.4183629148212025	-1.0272841174754463	NO	Q06124	PTPN11	A
129	K	129	24.145	15.619	71.91	-0.5	0.639194139194139	0	0	0.1448834103828059	0.05428837373777069	-0.6683922848370571	-1.0272841174754463	NO	Q06124	PTPN11	A
130	G	130	22.567	15.181	68.486	-0.5	0.697302697302697	0	0	0.11909005811679253	0.017823795119954976	-0.24297620434156833	-0.9928410805787051	NO	Q06124	PTPN11	A
131	K	131	21.521	12.152	66.483	-0.5	0.701871657754011	1	0	0.1448834103828059	0.05428837373777069	-0.12511275670334593	-0.9897098954062742	NO	Q06124	PTPN11	A
132	H	132	19.955	11.631	63.068	-0.5	0.574005740057401	0	0	0.18347675543854972	0.09191513902352773	-0.041363462347209	-0.9497872844577786	NO	Q06124	PTPN11	A
133	G	133	17.412	14.364	62.429	-0.5	0.579423868312757	0	0	0.16203119269504923	0.09421606574261644	-0.2626306864760057	-0.7993385454715998	NO	Q06124	PTPN11	A
134	S	134	18.446	16.646	65.283	-0.5	0.583747927031509	0	0	0.13084955295654296	0.031108716950538025	-0.3330609449380614	-0.665236195140642	NO	Q06124	PTPN11	A
135	F	135	18.213	20.276	64.266	-0.5	0.583747927031509	0	0	0	0.0038963468683379655	-0.554063653727565	-0.6532396024984776	NO	Q06124	PTPN11	A
136	L	136	18.201	23.847	65.502	-0.5	0.651291512915129	0	0	0.36373210027881586	0.17239064724094147	-0.5933878815027444	-0.4893309461677109	NO	Q06124	PTPN11	A
137	V	137	17.745	27.352	64.132	-0.5	0.651851851851852	0	0	0.6438937648397854	0.7442856110094306	-0.390494506660556	-0.2909060470055265	NO	Q06124	PTPN11	A
138	R	138	20.276	30.071	64.924	-0.5	0.701994301994302	1	0	0.5950597168958875	0.5756667467929035	-0.2399229645099952	-0.43963670367861774	NO	Q06124	PTPN11	A
139	E	139	20.826	33.69	63.991	-0.5	0.755535055350554	0	1	0.32682130833609097	0.20884659776728268	0.04921843879415717	-0.6150412239165284	NO	Q06124	PTPN11	A
140	S	140	23.443	34.257	61.308	-0.5	0.75	0	0	0.32682130833609097	0.20884659776728268	0.07195857591592796	-0.8064972217761318	NO	Q06124	PTPN11	A
141	Q	141	26.695	36.065	62.062	-0.5	0.749391727493917	0	0	0.29917463511186376	0.40751800827175794	0.1055961504812066	-0.7527239090699951	NO	Q06124	PTPN11	A
142	S	142	27.8	36.226	58.408	-0.5	0.855757575757576	0	0	0.37003440607175775	0.32377964096335965	0.45776530336138904	-0.9583980436819639	NO	Q06124	PTPN11	A
143	H	143	24.472	37.727	57.248	-0.5	0.933553719008265	1	0	0.37003440607175775	0.32377964096335965	1.1833254253034446	-0.9497872844577786	NO	Q06124	PTPN11	A
144	P	144	22.993	39.894	60.016	-0.5	0.962727272727273	0	0	0.29223288165894923	0.13257080302498536	0.8441384598844508	-0.7527239090699951	NO	Q06124	PTPN11	A
145	G	145	19.24	39.487	60.284	-0.5	0.968978102189781	0	0	0.24032357607250024	0.05218141154707156	0.8706446195930321	-0.8026439469618953	NO	Q06124	PTPN11	A
146	D	146	19.304	36.111	58.536	-0.5	0.890468227424749	0	0	0.24032357607250024	0.05218141154707156	1.049010818789425	-0.8141105630071427	NO	Q06124	PTPN11	A
147	F	147	19.14	32.692	60.168	0.2	0.793113024159956	1	0	0.29223288165894923	0.13257080302498536	0.4959420715447244	-0.8369768762481774	NO	Q06124	PTPN11	A
148	V	148	20.647	29.246	59.726	-0.5	0.92057761732852	0	0	0.24032357607250024	0.05218141154707156	0.21305483023591937	-0.7033789868220108	NO	Q06124	PTPN11	A
149	L	149	18.989	25.865	60.149	-0.5	0.91983556012333	0	0	0.26392280200610513	0.08336235489891891	-0.2518307422985402	-0.5432417865278276	NO	Q06124	PTPN11	A
150	S	150	21.663	23.374	61.224	-0.5	0.864019253910951	0	0	0.21103996731285268	0.15165403104991404	-0.6467468165779087	-0.7970078136515195	NO	Q06124	PTPN11	A
151	V	151	20.626	19.729	60.982	-0.5	0.800711743772242	1	0	0	0.012783566760447602	-0.46541619035758086	-0.834796745561087	NO	Q06124	PTPN11	A
152	R	152	22.475	16.491	61.684	-0.5	0.831274858697928	1	0	0.13084955295654296	0.031108716950538025	-0.09959272780912466	-0.9696120556948565	NO	Q06124	PTPN11	A
153	T	153	21.856	13.394	59.576	-0.5	0.837233818258486	1	0	0.1448834103828059	0.05428837373777069	-0.11013704715032017	-0.9583980436819639	NO	Q06124	PTPN11	A
154	G	154	23.39	9.936	59.513	-0.5	0.803571428571429	1	0	0.1448834103828059	0.05428837373777069	0.31938313220087433	-0.9859524731993569	NO	Q06124	PTPN11	A
155	D	155	23.147	6.523	61.136	-0.5	0.80421146953405	0	1	0.18347675543854972	0.09191513902352773	0.6258533383603472	-1.0272841174754463	NO	Q06124	PTPN11	A
156	D	156	25.157	7.211	64.306	-0.5	0.804856115107914	0	0	0.18347675543854972	0.09191513902352773	0.2877440624364071	-1.0272841174754463	NO	Q06124	PTPN11	A
157	K	157	24.239	8.873	67.609	-0.5	0.807761732851986	1	0	0.18347675543854972	0.09191513902352773	0.2877440624364071	-1.0272841174754463	NO	Q06124	PTPN11	A
158	G	158	26.662	11.181	69.403	-0.5	0.856115107913669	0	0	0.1448834103828059	0.05428837373777069	0.2031970590971553	-1.0272841174754463	NO	Q06124	PTPN11	A
159	E	159	30.332	11.835	68.779	-0.5	0.822689075630252	1	0	0.16203119269504923	0.09421606574261644	0.23678291772843718	-1.0272841174754463	NO	Q06124	PTPN11	A
160	S	160	31.683	9.82	65.851	-0.5	0.846975088967971	0	0	0.21103996731285268	0.15165403104991404	0.4984305249351269	-1.0272841174754463	NO	Q06124	PTPN11	A
161	N	161	34.613	9.66	63.436	-0.5	0.831720430107527	0	0	0	0.16031578859850903	0.9688172735159344	-1.0272841174754463	NO	Q06124	PTPN11	A
162	D	162	33.321	7.214	60.794	-0.5	0.858513189448441	0	0	0.29917463511186376	0.40751800827175794	1.4011203856558816	-1.0272841174754463	NO	Q06124	PTPN11	A
163	G	163	31.905	10.071	58.706	-0.5	0.865454545454545	2	0	0.18347675543854972	0.09191513902352773	1.1743239052939685	-1.0272841174754463	NO	Q06124	PTPN11	A
164	K	164	28.574	8.232	58.507	-0.5	0.832887700534759	0	0	0.16203119269504923	0.09421606574261644	1.0770061708857557	-1.0272841174754463	NO	Q06124	PTPN11	A
165	S	165	26.979	11.36	60.014	-0.5	0.827505827505828	0	0	0.13084955295654296	0.031108716950538025	0.3512350900148122	-0.9830002128939218	NO	Q06124	PTPN11	A
166	K	166	27.195	15.047	59.167	-0.5	0.82983682983683	0	0	0.13084955295654296	0.031108716950538025	0.26158811821359523	-0.9897098954062742	NO	Q06124	PTPN11	A
167	V	167	25.816	18.481	59.997	-0.5	0.807256235827664	1	0	0	0.007010932372966428	-0.26487666198737975	-0.9636969724353087	NO	Q06124	PTPN11	A
168	T	168	24.288	20.543	57.188	-0.5	0.823597455176403	0	0	0	0.08412692128701997	-0.40086688867718784	-0.954345921694112	NO	Q06124	PTPN11	A
169	H	169	23.727	24.305	57.472	-0.5	0.796906796906797	0	0	0.21103996731285268	0.15165403104991404	-0.034743812746301846	-0.9845272440863884	NO	Q06124	PTPN11	A
170	V	170	20.744	25.68	55.537	-0.5	0.764921353156647	0	0	0.32682130833609097	0.20884659776728268	0.3209475220141358	-0.9521356733371019	NO	Q06124	PTPN11	A
171	M	171	20.786	29.461	55.207	-0.5	0.78021978021978	0	0	0.37003440607175775	0.32377964096335965	1.2118802126129737	-0.9446208289232675	NO	Q06124	PTPN11	A
172	I	172	17.485	31.216	55.869	-0.5	0.774545454545455	0	0	0.26392280200610513	0.08336235489891891	1.4208989694491108	-0.954345921694112	NO	Q06124	PTPN11	A
173	R	173	17.064	34.727	54.513	-0.5	0.747368421052632	3	1	0.22034948567808657	0.05331225645376672	1.5632448598242081	-0.9521356733371019	NO	Q06124	PTPN11	A
174	C	174	14.885	37.258	56.313	-0.5	0.747368421052632	1	0	0.24032357607250024	0.05218141154707156	1.559125780845302	-0.9319033999152401	NO	Q06124	PTPN11	A
175	Q	175	13.356	39.575	53.699	-0.5	0.71256038647343	1	0	0.11909005811679253	0.017823795119954976	1.7516462750242496	-0.919462436755213	NO	Q06124	PTPN11	A
176	E	176	10.593	41.975	54.804	-0.5	0.742562929061785	1	0	0.1448834103828059	0.05428837373777069	1.4398470256257159	-1.0272841174754463	NO	Q06124	PTPN11	A
177	L	177	9.505	39.879	57.801	-0.5	0.811371494429504	1	0	0.29223288165894923	0.13257080302498536	1.3977335712123	-0.8895119698884816	NO	Q06124	PTPN11	A
178	K	178	9.359	36.805	55.54	-0.5	0.856447688564477	0	0	0.11909005811679253	0.017823795119954976	1.5881052742843742	-0.9319033999152401	NO	Q06124	PTPN11	A
179	Y	179	11.657	33.79	55.601	-0.5	0.797727272727273	0	0	0.11909005811679253	0.017823795119954976	1.482469445304413	-0.9472873866184992	NO	Q06124	PTPN11	A
180	D	180	12.948	31.615	52.781	-0.5	0.825234441602728	0	0	0.10918880353302891	0.010249315413837026	1.3211242544762722	-0.9472873866184992	NO	Q06124	PTPN11	A
181	V	181	15.782	29.221	52.005	-0.5	0.883211678832117	0	0	0.16203119269504923	0.09421606574261644	1.134346911508671	-0.9354360190841364	NO	Q06124	PTPN11	A
182	G	182	16.755	31.108	48.855	-0.5	0.96	0	0	0.18347675543854972	0.09191513902352773	1.484143044481485	-0.9620236265131997	NO	Q06124	PTPN11	A
183	G	183	13.816	30.163	46.646	-0.5	0.886446886446887	0	0	0.24777482885293833	0.24974547651071183	1.549663412491951	-1.0272841174754463	NO	Q06124	PTPN11	A
184	G	184	10.244	28.987	46.513	-0.5	0.880702554744526	0	0	0.29917463511186376	0.40751800827175794	1.5713512211076697	-1.0272841174754463	NO	Q06124	PTPN11	A
185	E	185	7.85	29.987	49.272	-0.5	0.886446886446887	0	0	0.18347675543854972	0.09191513902352773	1.3541408634105925	-1.0272841174754463	NO	Q06124	PTPN11	A
186	R	186	8.427	32.919	51.621	-0.5	0.883928571428571	2	0	0.1448834103828059	0.05428837373777069	1.3227298220233639	-0.9733732771153297	NO	Q06124	PTPN11	A
187	F	187	7.103	32.074	55.073	-0.5	0.889705882352941	0	0	0.10070014362798517	0.00592796935653968	1.1814455401486108	-0.9813600682797916	NO	Q06124	PTPN11	A
188	D	188	5.467	34.414	57.566	-0.5	0.889705882352941	1	0	0.22034948567808657	0.05331225645376672	1.010148103610351	-0.8784901980815244	NO	Q06124	PTPN11	A
189	S	189	7.668	33.044	60.36	-0.5	0.895927601809955	0	0	0.20322468492246315	0.031827932497267446	1.0146820319878287	-0.7285968162290267	NO	Q06124	PTPN11	A
190	L	190	10.538	30.709	61.159	0.2	0.905919359450958	0	0	0.48423831618198904	0.2341059962267773	0.5765461203202881	-0.20275998931468278	NO	Q06124	PTPN11	A
191	T	191	8.009	28.372	62.773	-0.5	0.866666666666667	1	0	1.2272838754096347	0.7432627534534683	0.5286640607190046	-0.06960896807370606	NO	Q06124	PTPN11	A
192	D	192	6.052	28.19	59.511	-0.5	0.836567926455567	0	0	0.6438937648397854	0.7442856110094306	0.9060303913299591	-0.6312088748982922	NO	Q06124	PTPN11	A
193	L	193	9.274	27.489	57.613	-0.5	0.786516853932584	0	0	0.22034948567808657	0.05331225645376672	0.7071335597551572	-0.917876823803445	NO	Q06124	PTPN11	A
194	V	194	10.346	24.829	60.113	-0.5	0.710312075983718	0	0	0.44224711563279767	0.25637426726415447	0.18966804088569975	-0.5442655289667219	NO	Q06124	PTPN11	A
195	E	195	6.934	23.142	60.076	-0.5	0.715015321756895	2	0	0.7557911151367369	1	0.0781650254428173	-0.38189434287862134	NO	Q06124	PTPN11	A
196	H	196	6.996	23.038	56.268	-0.5	0.659774436090226	0	0	0.18347675543854972	0.09191513902352773	0.4649324124812088	-0.9239550067852228	NO	Q06124	PTPN11	A
197	Y	197	10.298	21.156	56.176	-0.5	0.659176029962547	1	0	0.24777482885293833	0.24974547651071183	-0.044982039287771565	-0.9387163083123976	NO	Q06124	PTPN11	A
198	K	198	9.32	18.808	58.99	-0.5	0.656716417910448	0	0	0.24777482885293833	0.24974547651071183	-0.7238007247676578	-0.9733732771153297	NO	Q06124	PTPN11	A
199	K	199	6.538	17.591	56.692	-0.5	0.610198789974071	0	0	0.3762134068689544	0.6510787346635064	-0.8163717158308061	-0.9497872844577786	NO	Q06124	PTPN11	A
200	N	200	8.517	17.923	53.434	-0.5	0.613656006914434	1	1	0.3762134068689544	0.6510787346635064	-0.9290102922552007	-0.9497872844577786	NO	Q06124	PTPN11	A
201	P	201	12.236	17.613	54.218	-0.5	0.615962984384037	0	0	0.24777482885293833	0.24974547651071183	-0.7097123735999713	-0.872290451440111	NO	Q06124	PTPN11	A
202	M	202	15.5	17.948	51.408	-0.5	0.602103120759837	0	0	0.3762134068689544	0.6510787346635064	-0.4078042840531176	-0.8655515963950964	NO	Q06124	PTPN11	A
203	V	203	16.662	16.897	49.537	-0.5	0.713260619977038	0	0	0.5044734790233889	1	-0.36624917739732754	-0.8084695301314435	NO	Q06124	PTPN11	A
204	E	204	20.258	17.822	48.764	-0.5	0.712610809265084	0	0	0	1	-0.08660686622027881	-0.8619575403710886	NO	Q06124	PTPN11	A
205	T	205	21.455	17.857	45.166	-0.5	0.75065893516078	0	0	0	1	-0.29487182072414475	-0.7517398223015168	NO	Q06124	PTPN11	A
206	L	206	23.183	14.509	45.794	-0.5	0.790405904059041	0	0	0	1	-0.29487182072414475	-0.7517398223015168	NO	Q06124	PTPN11	A
207	G	207	20.159	12.974	47.508	0.2	0.745159602302459	0	0	0	1	-0.49740461026033733	-0.8018387850604132	NO	Q06124	PTPN11	A
208	T	208	20.525	13.446	51.27	0.2	0.702169625246548	0	0	0	0.16031578859850903	-0.0020242145002267813	-0.9091937052580481	NO	Q06124	PTPN11	A
209	V	209	17.119	14.036	52.86	-0.5	0.705364745955152	0	0	0.24777482885293833	0.24974547651071183	-0.4189634301346644	-0.8784901980815244	NO	Q06124	PTPN11	A
210	L	210	17.489	16.701	55.562	-0.5	0.705364745955152	0	0	0.21103996731285268	0.15165403104991404	-0.20192255528311065	-0.9210027464797879	NO	Q06124	PTPN11	A
211	Q	211	14.941	15.172	57.908	-0.5	0.659851301115242	0	0	0.1448834103828059	0.05428837373777069	-0.4379855313127756	-0.917876823803445	NO	Q06124	PTPN11	A
212	L	212	13.942	17.404	60.834	0.2	0.655555555555556	0	0	0.16203119269504923	0.09421606574261644	-0.5100535176912054	-0.6260958792125552	NO	Q06124	PTPN11	A
213	K	213	13.151	14.722	63.41	-0.5	0.662921348314607	0	0	0.1448834103828059	0.05428837373777069	-0.7229587092036014	-0.5154232617607231	NO	Q06124	PTPN11	A
214	Q	214	13.569	16.46	66.779	-0.5	0.717810070969922	0	0	0.32682130833609097	0.20884659776728268	-0.7611380606843545	-0.42990951498260704	NO	Q06124	PTPN11	A
215	P	215	15.038	19.717	68.114	-0.5	0.762654320987654	0	0	0.37003440607175775	0.32377964096335965	-0.7036656223482877	-0.44716496745747686	NO	Q06124	PTPN11	A
216	L	216	18.465	19.558	69.727	-0.5	0.766169154228856	0	0	0.32682130833609097	0.20884659776728268	-0.8082047139254241	-0.5116226507928068	NO	Q06124	PTPN11	A
217	N	217	17.951	18.807	73.383	-0.5	0.771929824561403	1	0	1.3564102973459295	0.5945069660801282	-0.50883614194422	-0.32582706890410007	NO	Q06124	PTPN11	A
218	T	218	19.26	21.721	75.443	-0.5	0.711898588303083	2	0	1.3564102973459295	0.5945069660801282	-0.7085528006241585	0.09779544619576715	NO	Q06124	PTPN11	A
219	T	219	17.714	20.892	78.838	-0.5	0.716599190283401	0	0	1.017121096696411	0.9999999999999999	-0.36697598634281553	0.24864588327972503	NO	Q06124	PTPN11	A
220	R	220	19.241	17.537	79.787	-0.5	0.72133526850508	1	0	1.3239882600391453	0.7723714232916565	0.5323033453990005	-0.8018387850604132	NO	Q06124	PTPN11	A
221	I	221	22.054	17.966	82.305	-0.5	0.72133526850508	1	1	1.017121096696411	0.9999999999999999	1.0040729180588486	-0.8365226823550336	NO	Q06124	PTPN11	A
222	N	222	24.327	15.759	84.338	-0.5	0.716599190283401	0	0	0.37003440607175775	0.32377964096335965	1.0487620506788704	-0.7517398223015168	NO	Q06124	PTPN11	A
223	A	223	23.026	15.651	87.906	-0.5	0.785171102661597	0	0	0.26392280200610513	0.08336235489891891	1.2212970000893835	-0.7792942518189098	NO	Q06124	PTPN11	A
224	A	224	26.529	16.334	89.242	-0.5	0.668560606060606	0	0	0.42556737323418564	0.4899036285720227	1.1546240216232546	-0.8501484991493489	NO	Q06124	PTPN11	A
225	E	225	26.446	19.743	87.505	-0.5	0.719988344988345	0	0	0.42556737323418564	0.4899036285720227	1.2270665617180052	-0.8206258960949991	NO	Q06124	PTPN11	A
226	I	226	23.031	20.76	88.851	-0.5	0.779987373737374	0	0	0.29223288165894923	0.13257080302498536	1.3965096207612377	-0.7355313343501092	NO	Q06124	PTPN11	A
227	E	227	24.442	23.778	90.703	-0.5	0.84688995215311	0	0	0.18347675543854972	0.09191513902352773	1.3691004636055697	-0.8206258960949991	NO	Q06124	PTPN11	A
228	S	228	25.844	25.498	87.611	-0.5	0.838951310861423	1	0	0.5044734790233889	1	1.114980911482246	-0.954345921694112	NO	Q06124	PTPN11	A
229	R	229	22.593	25.095	85.664	-0.5	0.833446404341927	0	0	0.16203119269504923	0.09421606574261644	0.3209350620282975	-0.7279860037520401	NO	Q06124	PTPN11	A
230	V	230	20.574	26.384	88.628	-0.5	0.910780669144981	1	0	0.24777482885293833	0.24974547651071183	0.6667342580928403	-0.6852291303629822	NO	Q06124	PTPN11	A
231	R	231	22.87	29.389	89.055	-0.5	0.900735294117647	0	0	0	0.15469821224956515	0.31685542115927573	-0.8315026445887069	NO	Q06124	PTPN11	A
232	E	232	22.368	30.254	85.377	-0.5	0.900735294117647	0	0	0	0.5197208197208197	-1.004788605133926	-0.7911032930406495	NO	Q06124	PTPN11	A
233	L	233	18.599	29.735	85.573	-0.5	0.857843137254902	0	0	0	0.15469821224956515	-0.5458750742094328	-0.6941328968544398	NO	Q06124	PTPN11	A
234	S	234	18.517	31.932	88.686	-0.5	0.742857142857143	0	0	0	0.15469821224956515	-0.3462843480142241	-0.7172967854047757	NO	Q06124	PTPN11	A
235	K	235	20.316	34.91	87.114	-0.5	0.742857142857143	0	0	0	0.5197208197208197	-1.43730916435898	-0.872290451440111	NO	Q06124	PTPN11	A
236	L	236	18.494	38.23	86.829	0.2	0.645756457564576	0	0	0	1	-2.1965456141141106	-0.8365226823550336	NO	Q06124	PTPN11	A
237	A	237	19.976	39.744	83.648	-0.5	0.513235294117647	0	0	0	1	-2.036492898832774	-0.8895119698884816	NO	Q06124	PTPN11	A
244	K	244	18.163	35.191	78.732	-0.5	0.316176470588235	0	0	0	0.5197208197208197	-2.2525528251323363	-0.2026194054906144	NO	Q06124	PTPN11	A
245	Q	245	18.192	31.524	79.777	-0.5	0.317592592592593	0	0	0	0.15469821224956515	-1.5957057544330766	0.010730605915485282	NO	Q06124	PTPN11	A
246	G	246	16.229	31.636	83.024	-0.5	0.317592592592593	0	0	0	0.5197208197208197	-1.1353124055882335	-0.15193893691398097	NO	Q06124	PTPN11	A
247	F	247	13.673	29.5	84.808	0.2	0.38	0	0	2.045823884417163	0.1907351167047141	-0.07393658532380641	0.016708933033991055	NO	Q06124	PTPN11	A
248	W	248	11.021	31.654	83.127	-0.5	0.425030978934325	0	0	1.2827370770420752	0.757290514220951	-0.9024532263966047	0.43028897046501347	NO	Q06124	PTPN11	A
249	E	249	12.331	30.93	79.632	-0.5	0.531716417910448	0	0	1.3829888973330875	0.6100509529066274	-1.1073876888030967	0.8718627618636423	NO	Q06124	PTPN11	A
250	E	250	12.773	27.195	80.23	0.2	0.546468401486989	0	0	1.5655721026496183	0.4336471499320992	-0.5542981669554531	0.5279666114276901	NO	Q06124	PTPN11	A
251	F	251	9.281	26.946	81.722	1.59	0.542857142857143	0	0	2.2550117806755106	0.057508890435364286	-0.10174617141365	0.5993269605247751	NO	Q06124	PTPN11	A
252	E	252	7.756	28.992	78.884	1.59	0.584615384615385	0	0	1.933383619724789	0.17169870565546738	-0.5468875070735497	1.0988968512449933	NO	Q06124	PTPN11	A
253	T	253	9.389	26.708	76.31	1.59	0.625912408759124	1	0	1.42513586513764	0.4885423731459829	-1.1949311915738374	1.1579789606075102	NO	Q06124	PTPN11	A
254	L	254	7.937	23.694	78.123	5.79	0.619565217391305	0	0	2.561386441509205	0.010575408829111876	0.11247085266985325	0.845565987637239	NO	Q06124	PTPN11	A
255	Q	255	4.512	25.358	78.202	1.59	0.660869565217391	0	0	2.492590212206547	0.008893978960858376	0.41839943654575623	0.7942604909779234	NO	Q06124	PTPN11	A
256	Q	256	4.779	25.853	74.421	0.9	0.660869565217391	1	2	2.0313693849197496	0.07387723978621975	0.09686193111237132	1.373945485068623	NO	Q06124	PTPN11	A
257	Q	257	4.599	22.061	74.015	0.9	0.657586618876942	0	0	3.4562250432879478	0.0012922977234259767	0.1980905377189353	1.5657527727304588	NO	Q06124	PTPN11	A
258	E	258	1.226	21.672	75.706	0.9	0.655675029868578	1	1	5.116207952057324	3.2838236531020034e-7	0.846300258554172	0.7300876748650478	NO	Q06124	PTPN11	A
259	C	259	-0.758	21.568	72.454	0.2	0.656115107913669	0	1	4.267139197997594	6.598737328229727e-5	0.7951594425816471	0.8755611978506707	NO	Q06124	PTPN11	A
260	K	260	0.816	18.148	71.881	0.2	0.6875	1	0	3.8512743722340685	2.4324549465442206e-4	0.46069704238714765	0.8849753985449249	NO	Q06124	PTPN11	A
261	L	261	-0.992	16.906	75.014	2.29	0.713837136277999	2	2	5.051792134220868	8.527980824544696e-7	0.6112902456422811	0.713073332578462	NO	Q06124	PTPN11	A
262	L	262	-4.657	17.418	74.057	2.29	0.716386554621849	0	2	4.783797718640784	4.766369677595487e-6	0.4804305754787482	0.40980001184757076	NO	Q06124	PTPN11	A
263	Y	263	-5.512	13.751	74.543	1.59	0.647482014388489	1	0	3.1161662659052443	0.0010321868279161003	0.13108406357592875	1.16170335053129	NO	Q06124	PTPN11	A
264	S	264	-9.147	12.703	74.704	0.9	0.647482014388489	1	0	2.824811264326781	0.007691473267762422	-0.11913214968187616	1.189125306829849	YES	Q06124	PTPN11	A
265	R	265	-12.582	12.689	77.963	0.9	0.647047726843992	2	1	4.188504193270411	7.652029564489384e-4	-0.1803061747464167	2.311722287971492	YES	Q06124	PTPN11	A
266	K	266	-14.441	11.559	76.879	1.59	0.646616541353383	0	0	1.9971761182773904	0.2108423377662782	-0.6260859652668584	2.57550032830492	NO	Q06124	PTPN11	A
267	E	267	-15.064	9.335	79.901	0.9	0.642030608435984	1	0	0.9095885689076871	1	-0.25006816064255427	2.7244482786712996	NO	Q06124	PTPN11	A
268	G	268	-14.791	12.284	82.29	-0.5	0.614285714285714	1	1	2.0817271014468	0.08815049916469332	-0.22542464516590424	2.8331988128315038	NO	Q06124	PTPN11	A
269	Q	269	-17.182	14.266	80.087	-0.5	0.58843537414966	0	0	1.9971761182773904	0.2108423377662782	-0.5143041205034983	2.5876450780563753	NO	Q06124	PTPN11	A
270	R	270	-19.987	11.69	80.334	0.9	0.621863799283154	0	0	0.6438937648397854	0.7442856110094306	-0.41989823997593656	2.5061497166579945	NO	Q06124	PTPN11	A
271	Q	271	-23.086	12.903	82.156	2.99	0.62589928057554	0	0	0.4995648471614627	0.4844059011562945	-1.0883534151613439	2.4351267687386735	NO	Q06124	PTPN11	A
272	E	272	-22.994	10.11	84.749	0.2	0.632727272727273	0	0	0.7582098141692004	1	-0.41061481324701965	2.681492891227221	NO	Q06124	PTPN11	A
273	N	273	-19.383	11.093	85.538	2.99	0.632246376811594	0	0	1.0929151915297028	1	-0.403156916065694	3.2324994743443733	NO	Q06124	PTPN11	A
274	K	274	-19.653	14.902	85.467	1.59	0.664621244181126	0	0	1.559686623178333	0.4160060025306375	-0.5788337988617953	3.3252922960334224	NO	Q06124	PTPN11	A
275	N	275	-20.358	15.193	89.203	2.29	0.658366345972458	1	0	1.8757322428740724	0.35248002419808033	-0.5225025662070218	3.1269004035081935	NO	Q06124	PTPN11	A
276	K	276	-17.4	12.937	90.084	2.29	0.657894736842105	1	0	2.401136520080691	0.1090750727147635	-0.36967944811000103	2.7784065131767877	NO	Q06124	PTPN11	A
277	N	277	-14.969	15.715	89.095	2.29	0.629032258064516	0	0	1.9971761182773904	0.2108423377662782	-0.39866392970578746	2.7784065131767877	NO	Q06124	PTPN11	A
278	R	278	-13.845	18.378	91.558	3.69	0.628571428571429	0	0	4.698133591500432	1.5498671534924669e-4	0.09796175928905343	2.6179804491300342	NO	Q06124	PTPN11	A
279	Y	279	-13.753	20.756	88.564	2.29	0.727819548872181	0	2	5.618509770174605	2.4930061520892222e-5	0.03371799863076913	1.9194189920904585	NO	Q06124	PTPN11	A
280	K	280	-15.852	19.814	85.562	0.9	0.702907208283552	0	0	3.9225458723033557	0.0024324454932057836	-0.13410091601480298	2.0876785336812613	YES	Q06124	PTPN11	A
281	N	281	-13.166	20.774	83.02	2.99	0.716276978417266	0	0	7.300614778315495	5.252664469601104e-9	0.34893274392504436	1.0656413421313677	NO	Q06124	PTPN11	A
282	I	282	-10.165	19.174	84.772	2.29	0.750213128729753	0	3	8.827276178857941	6.714378502439489e-12	0.5732925504144537	1.619451574955197	NO	Q06124	PTPN11	A
283	L	283	-10.475	15.569	83.627	0.9	0.744815911976301	1	0	4.966045974486889	1.8601083500905472e-7	0.28260081454714003	2.0523451325654207	NO	Q06124	PTPN11	A
284	P	284	-8.29	12.46	83.34	5.09	0.67033432077867094	0	0	3.175907953975217	2.9679853749278344e-4	0.3415716574214616	2.1025938079681303	NO	Q06124	PTPN11	A
285	F	285	-6.955	11.407	79.961	-0.5	0.672754300276067	0	3	3.7178965041124066	3.622213212031543e-5	0.7176856474501571	1.6052236871862493	NO	Q06124	PTPN11	A
286	D	286	-8.851	8.38	78.693	0.2	0.706628113879004	0	0	2.2151281562293006	0.06415620455164564	0.5657212871099968	1.8734643357336473	NO	Q06124	PTPN11	A
287	H	287	-5.691	6.477	77.785	-0.5	0.711160714285714	0	0	2.0134610558144423	0.07861912173581027	0.47530965625021776	1.7438254956180235	NO	Q06124	PTPN11	A
288	T	288	-4.165	6.651	81.293	2.99	0.710631672597865	0	0	1.384421998032742	0.43128352622241034	0.9221349774291973	1.3319408991052655	NO	Q06124	PTPN11	A
289	R	289	-7.191	6.95	83.591	2.99	0.70811170212766	1	0	1.384421998032742	0.43128352622241034	0.54494082124471	1.8845128555379629	NO	Q06124	PTPN11	A
290	V	290	-7.639	4.468	86.421	0.9	0.710106382978723	1	0	0.7401978526794286	0.5384290190874464	0.22081262195593568	1.8068857757421144	NO	Q06124	PTPN11	A
291	V	291	-10.433	2.145	85.302	1.59	0.668544600938967	0	0	0.8606590526680331	0.8227384640337654	0.24752916666692656	2.1268726991699034	NO	Q06124	PTPN11	A
292	L	292	-12.329	0.538	88.179	5.79	0.630742049469965	0	0	0.5950597168958875	0.5756667467929035	0.2629222469555198	2.141317823141786	NO	Q06124	PTPN11	A
293	H	293	-13.2	-3.056	87.306	0.2	0.672791519434629	2	0	0.18347675543854972	0.09191513902352773	0.16450757211970846	1.885033842650687	NO	Q06124	PTPN11	A
294	D	294	-14.229	-4.426	90.705	0.2	0.81095406360424	3	0	0.1448834103828059	0.05428837373777069	-0.15183701082349352	1.39019532120358	NO	Q06124	PTPN11	A
295	G	295	-17.793	-5.295	89.679	0.9	0.81095406360424	0	0	0.21103996731285268	0.15165403104991404	0.4216331599547995	1.8986742325110921	NO	Q06124	PTPN11	A
301	V	301	-20.562	-1.032	88.582	0.9	0.955516014234875	0	0	0.24777482885293833	0.24974547651071183	0.6805743019010395	2.5733999059532273	NO	Q06124	PTPN11	A
302	S	302	-19.197	2.408	87.7	2.99	0.9	0	0	0.16203119269504923	0.09421606574261644	-0.04459240855020014	2.508680225491225	NO	Q06124	PTPN11	A
303	D	303	-15.685	2.359	86.27	0.9	0.924133811230585	0	1	0.26392280200610513	0.08336235489891891	0.0315275374897273	2.501651034287808	NO	Q06124	PTPN11	A
304	Y	304	-14.88	6.052	86.665	2.99	0.933508147593182	0	0	0.8442992872030243	0.8306195131107729	-0.21859028452306614	2.586748642740959	NO	Q06124	PTPN11	A
305	I	305	-12.654	8.026	88.994	1.59	0.927584919746174	0	0	0.8442992872030243	0.8306195131107729	-0.426197070078641	2.375195884538344	NO	Q06124	PTPN11	A
306	N	306	-10.827	11.257	88.229	2.99	0.962661660408844	0	0	2.6585644909854	0.012435322577905496	-0.13959165304181737	2.634463384561642	YES	Q06124	PTPN11	A
307	A	307	-7.365	9.723	88.505	4.39	0.964075630252101	0	0	2.182764509612316	0.04856707420468554	0.11767645154830098	2.2471415937901025	NO	Q06124	PTPN11	A
308	N	308	-4.522	8.742	86.185	0.9	0.984070091596973	1	3	1.8581682763644318	0.09883311301123938	0.6468052175660746	1.729187652249076	NO	Q06124	PTPN11	A
309	I	309	-1.675	6.27	86.397	-0.5	1.04195656757327	1	0	1.2716973212104552	0.5517565855922302	0.8161674235716841	1.0460882950315253	NO	Q06124	PTPN11	A
310	I	310	1.648	8.09	86.077	0.2	0.997687564234327	0	0	1.4996669551011703	0.32976093647736016	1.1239341903228102	0.7613919929107474	NO	Q06124	PTPN11	A
311	M	311	4.404	5.772	84.821	-0.5	0.991295442908346	2	0	0.8815292341613995	1	1.44992553128856	0.05152893865252839	NO	Q06124	PTPN11	A
312	P	312	8.034	6.957	84.756	-0.5	0.991295442908346	0	0	0.39942832709509585	0.1736264229781396	1.5605394343844166	-0.42730863604834174	NO	Q06124	PTPN11	A
313	E	313	9.682	6.518	81.359	-0.5	0.981443823080834	0	0	0.24777482885293833	0.24974547651071183	1.9680308134227966	-0.5623031193694403	NO	Q06124	PTPN11	A
314	F	314	6.169	6.379	79.891	-0.5	0.992034943473792	0	0	0.8663005282361561	1	1.9322453824527823	-0.381124188016334	NO	Q06124	PTPN11	A
315	E	315	6.332	4.883	76.384	-0.5	0.992779783393502	0	0	0.3762134068689544	0.6510787346635064	2.7416181650323366	-0.3054564727965988	NO	Q06124	PTPN11	A
316	T	316	10.087	4.267	76.512	-0.5	0.985663082437276	1	0	0	0.27958122958122966	3.1756048586707317	-1.0272841174754463	NO	Q06124	PTPN11	A
325	K	325	7.617	2.535	91.041	0.2	0.701634275618375	0	0	0	0.002072354033843926	-0.08737580115037073	-0.30731353976292086	NO	Q06124	PTPN11	A
326	S	326	4.455	4.126	89.652	-0.5	0.658036454018227	0	0	0.26549576722208085	0.029172907804469517	0.31590263661855705	-0.22496396388076925	NO	Q06124	PTPN11	A
327	Y	327	1.932	6.663	90.873	0.9	0.580447585394582	0	0	0.2946477545472823	0.02520641356582854	0.36777803252369473	0.7179043039873556	NO	Q06124	PTPN11	A
328	I	328	-1.748	7.488	90.791	0.9	0.617957746478873	1	0	0.3132187166633113	0.03934634677804072	0.43845222332729616	1.313986663878191	NO	Q06124	PTPN11	A
329	A	329	-2.347	11.235	90.469	0.2	0.659154929577465	1	0	2.091186933936502	0.03556573524508824	0.6817806480083368	1.3758557711486101	NO	Q06124	PTPN11	A
330	T	330	-5.866	12.117	91.584	0.9	0.661484098939929	0	0	2.15635530213551	0.05283171800507762	0.3585861680430196	1.985024048511567	NO	Q06124	PTPN11	A
331	Q	331	-7.988	14.937	92.949	-0.5	0.666666666666667	0	0	3.169635248466118	0.0017330108099534063	0.33164455682124916	2.146909147441993	NO	Q06124	PTPN11	A
332	G	332	-9.055	15.278	96.54	0.2	0.589651022864019	0	0	1.5655721026496183	0.4336471499320992	0.20621598125026336	2.0345050452911493	NO	Q06124	PTPN11	A
333	C	333	-12.047	13.1	97.286	0.2	0.671462829736211	0	0	1.2272838754096347	0.7432627534534683	-0.04110206529456412	1.9963224786741907	NO	Q06124	PTPN11	A
334	L	334	-15.564	14.469	96.954	0.9	0.633574007220217	0	0	1.5427432114358848	0.7162377801327808	-0.3112833321940129	2.1329465250312643	NO	Q06124	PTPN11	A
335	Q	335	-18.444	13.561	99.251	2.99	0.631294964028777	1	0	0	0.15469821224956515	-0.5462703308003045	1.7402490431337252	NO	Q06124	PTPN11	A
336	N	336	-19.734	11.375	96.417	1.59	0.672754300276067	0	0	0	0.15469821224956515	-0.5447859830343775	1.8904937875920322	NO	Q06124	PTPN11	A
337	T	337	-16.373	9.825	95.437	3.69	0.668820064601938	0	0	0.29917463511186376	0.40751800827175794	-0.12082335187589024	2.1007225073183466	NO	Q06124	PTPN11	A
338	V	338	-14.992	8.732	98.821	1.59	0.698916967509025	0	0	0	0.044360667726017704	-0.24094415045964723	0.8471327891752586	NO	Q06124	PTPN11	A
339	N	339	-16.178	5.17	98.19	0.9	0.668820064601938	0	0	0	0.044360667726017704	-0.19615213577899415	1.176393684262661	NO	Q06124	PTPN11	A
340	D	340	-14.667	5.175	94.694	0.9	0.64	0	0	0.13084955295654296	0.031108716950538025	-0.20941821578613748	1.935542172210543	NO	Q06124	PTPN11	A
341	F	341	-11.338	6.392	96.093	-0.5	0.64051094890511	0	0	0.10070014362798517	0.00592796935653968	-0.221478517138095	1.475964234232905	NO	Q06124	PTPN11	A
342	W	342	-11.123	3.4	98.416	0.2	0.63768115942029	0	0	0	0.0010687129765355866	-0.46166391318003663	0.4713764428361421	NO	Q06124	PTPN11	A
343	R	343	-12.241	1.051	95.655	-0.5	0.642335766423358	1	0	0.10070014362798517	0.00592796935653968	-0.15618556271388195	0.9669677188458686	NO	Q06124	PTPN11	A
344	M	344	-9.334	2.388	93.603	0.2	0.604593301435407	0	0	0.24904770464110187	0.009994421792240148	0.027676787032459148	1.5087794912420966	NO	Q06124	PTPN11	A
345	V	345	-6.854	2.028	96.466	0.9	0.56682769726248	0	0	0	4.547805412493137e-5	-0.8119846191970546	0.651567909548567	NO	Q06124	PTPN11	A
346	F	346	-8.011	-1.54	97.077	-0.5	0.600170502983802	0	0	0.06054870240708093	9.837969531607027e-5	-1.0742301848510738	0.039957982939291356	NO	Q06124	PTPN11	A
347	Q	347	-8.071	-2.556	93.415	0.2	0.600641711229947	0	0	0.17538841928094226	0.01117175645923538	-0.9286174373946349	0.4328194792982434	NO	Q06124	PTPN11	A
348	E	348	-4.614	-1.13	92.677	0.2	0.641818181818182	1	0	0.2189209221812281	0.010877458402655317	-0.7551014317195012	0.6509330148592262	NO	Q06124	PTPN11	A
349	N	349	-3.074	-2.628	95.845	-0.5	0.677647058823529	1	0	0.08690239397861049	0.003417533058725819	-1.6400930055280318	-0.2673151743344472	NO	Q06124	PTPN11	A
350	S	350	-1.875	0.847	96.81	0.2	0.67379679144385	1	0	0	5.589946572969772e-4	-1.2969173862334813	-0.17889773496624234	NO	Q06124	PTPN11	A
351	R	351	-0.224	0.952	100.231	-0.5	0.667519181585678	1	0	0	0.0010687129765355866	-1.6152842812866992	-0.16220319076659787	NO	Q06124	PTPN11	A
352	V	352	0.93	4.588	100.417	-0.5	0.671871657754011	1	0	0	0.0010687129765355866	-1.4686287600859522	-0.04136336911041706	NO	Q06124	PTPN11	A
353	I	353	-1.017	7.835	100.022	0.9	0.787454873646209	1	0	0	0.0010687129765355866	-1.0057822804350616	0.15716271706505924	NO	Q06124	PTPN11	A
354	V	354	0.602	11.271	99.73	0.2	0.787454873646209	0	0	0.28515280757965417	0.0459625073650614	-0.9587671587301883	0.42715333995427196	NO	Q06124	PTPN11	A
355	M	355	-1.742	14.177	100.385	0.2	0.780125899280576	0	0	0.5374654856524369	0.41644853727680436	-0.6363681835787095	0.5413501914789953	NO	Q06124	PTPN11	A
356	T	356	-2.11	17.809	101.356	-0.5	0.83754512635379	0	0	1.9971761182773904	0.2108423377662782	-0.5494374444662623	0.9272675868438354	NO	Q06124	PTPN11	A
357	T	357	-5.236	19.689	102.431	0.9	0.907194994786236	1	0	2.5504323518519976	0.14369939917049815	-0.45775129706176954	0.8086408556914937	NO	Q06124	PTPN11	A
358	K	358	-6.54	23.263	102.288	-0.5	0.925333333333333	0	0	2.7777284011293277	0.11933245573491068	-0.9076217255608474	0.8278089035396844	NO	Q06124	PTPN11	A
366	K	366	-14.979	20.745	98.166	1.59	0.766051660516605	0	0	1.2272838754096347	0.7432627534534683	-0.29799988405664835	2.002620633992452	NO	Q06124	PTPN11	A
367	C	367	-12.493	18	99.025	0.2	0.766051660516605	0	0	1.5427432114358848	0.7162377801327808	-0.07516542058755267	1.8743335688739746	NO	Q06124	PTPN11	A
368	V	368	-13.626	15.932	101.982	-0.5	0.826190476190476	1	0	0	0.27958122958122966	-0.0025406354127355084	1.2854909339735576	NO	Q06124	PTPN11	A
369	K	369	-12.087	13.913	104.789	-0.5	0.790883190883191	0	0	0	0.15469821224956515	0.05841365932258466	0.6940119997368493	NO	Q06124	PTPN11	A
370	Y	370	-12.17	10.261	103.738	-0.5	0.826872012745619	0	0	0	0.08412692128701997	-0.1025439366818713	0.3654446816134956	NO	Q06124	PTPN11	A
371	W	371	-10.552	8.515	106.733	-0.5	0.820769636267791	0	0	0	0.012783566760447602	-0.1763027663285008	-0.2574622951285143	NO	Q06124	PTPN11	A
372	P	372	-11.728	7.877	110.305	0.2	0.762637362637363	0	0	0	0.08412692128701997	0.2334643301383777	-0.6146237325602043	NO	Q06124	PTPN11	A
373	D	373	-10.326	9.625	113.334	-0.5	0.817111459968603	1	0	0	0.16031578859850903	0.40122588507415236	-0.700981662664214	NO	Q06124	PTPN11	A
374	E	374	-7.584	7.873	115.265	-0.5	0.814129301355579	1	0	0	0.044360667726017704	0.2286493893610813	-0.7454774519566547	NO	Q06124	PTPN11	A
375	Y	375	-8.637	4.443	116.601	-0.5	0.808229813664596	1	0	0	0.16031578859850903	0.2675654003342003	-0.6828537485080345	NO	Q06124	PTPN11	A
376	A	376	-12.011	4.558	114.822	-0.5	0.758241758241758	0	0	0	0.16031578859850903	0.28540313692733643	-0.7172967854047757	NO	Q06124	PTPN11	A
377	L	377	-13.356	2.2	112.168	-0.5	0.743374272786038	0	0	0	0.044360667726017704	0.33508166807167783	-0.7577299156748631	NO	Q06124	PTPN11	A
378	K	378	-15.621	3.287	109.325	-0.5	0.746107266435986	0	0	0	0.023648562043610884	0.18324795873964717	-0.5407937942869856	NO	Q06124	PTPN11	A
379	E	379	-17.219	1.648	106.314	-0.5	0.777982779827798	0	0	0	0.16031578859850903	-0.029627783391457926	-0.5320129286356776	NO	Q06124	PTPN11	A
380	Y	380	-17.075	3.42	102.937	-0.5	0.74886042978076806	0	0	0	0.08412692128701997	-0.24457737256181072	0.12156689281095771	NO	Q06124	PTPN11	A
381	G	381	-19.411	1.331	100.816	-0.5	0.74886042978076806	0	0	0	0.16031578859850903	-0.35891781969030634	0.1510894958653073	NO	Q06124	PTPN11	A
382	V	382	-17.933	-2.144	100.473	-0.5	0.777982779827798	1	0	0.26392280200610513	0.08336235489891891	-0.5738849405869223	-0.3126100266136143	NO	Q06124	PTPN11	A
383	M	383	-14.62	-0.963	101.961	0.2	0.780237802378024	1	0	0.24032357607250024	0.05218141154707156	-0.7376402484123689	-0.44429953833749586	NO	Q06124	PTPN11	A
384	R	384	-13.775	-0.857	105.667	-0.5	0.751633986928105	0	0	0.29223288165894923	0.13257080302498536	-0.6998242691251942	-0.5318104879290192	NO	Q06124	PTPN11	A
385	V	385	-11.062	1.415	107.055	0.9	0.751633986928105	1	0	0.20322468492246315	0.031827932497267446	-0.5760189648612639	-0.5438334908732436	NO	Q06124	PTPN11	A
386	R	386	-9.516	1.464	110.525	-0.5	0.757243195785777	0	0	0	0.023648562043610884	-0.2693437706806371	-0.7472955594761308	NO	Q06124	PTPN11	A
387	N	387	-7.271	4.325	111.629	-0.5	0.762936753648828	0	0	0	0.044360667726017704	-0.23286313348579327	-0.7279860037520401	NO	Q06124	PTPN11	A
388	V	388	-4.809	2.265	113.663	-0.5	0.762936753648828	1	0	0	0.044360667726017704	-0.3460753789039908	-0.6934516060147241	NO	Q06124	PTPN11	A
389	K	389	-2.541	5.1	114.778	-0.5	0.729558270676692	0	0	0	0.044360667726017704	-0.2450632625753364	-0.7689613407498874	NO	Q06124	PTPN11	A
390	E	390	-1.534	8.651	113.897	-0.5	0.691136079900125	0	0	0.21103996731285268	0.15165403104991404	-0.21107292439709635	-0.6656322300596639	NO	Q06124	PTPN11	A
391	S	391	2.019	9.979	114.196	-0.5	0.651685393258427	0	0	0.4995648471614627	0.4844059011562945	-0.47599921355534863	-0.5933018525765074	NO	Q06124	PTPN11	A
392	A	392	2.806	13.697	114.137	-0.5	0.615113461114783	1	0	0.42556737323418564	0.4899036285720227	-0.7575256190566946	-0.5450816009210697	NO	Q06124	PTPN11	A
393	A	393	6.028	15.005	112.603	-0.5	0.695131086142322	1	0	0.4995648471614627	0.4844059011562945	-1.7199982277014196	-0.24509051865652084	NO	Q06124	PTPN11	A
394	H	394	6.936	18.629	111.969	-0.5	0.738679245283019	1	0	0.4995648471614627	0.4844059011562945	-2.2784330713287995	0.14082687670831914	NO	Q06124	PTPN11	A
395	D	395	6.188	18.553	108.246	0.2	0.743607954545455	0	1	0.7557911151367369	1	-2.727765310257592	0.2980698839287478	NO	Q06124	PTPN11	A
396	Y	396	3.554	15.832	108.141	0.2	0.804821802935011	0	1	0.42556737323418564	0.4899036285720227	-1.7318016574728228	-0.04509765448108478	NO	Q06124	PTPN11	A
397	T	397	1.072	13.586	109.886	-0.5	0.846528084918178	1	0	0.32682130833609097	0.20884659776728268	-0.7335491820269349	-0.06353514221234524	NO	Q06124	PTPN11	A
398	L	398	1.251	9.846	109.23	-0.5	0.838510685172946	0	0	0.29223288165894923	0.13257080302498536	-0.8735713040261319	-0.3685610368252711	NO	Q06124	PTPN11	A
399	R	399	-1.94	7.807	109.547	0.2	0.719320066334992	0	0	0.11909005811679253	0.017823795119954976	-0.39930717463280524	-0.4802476491154392	NO	Q06124	PTPN11	A
400	E	400	-1.641	4.009	109.659	-0.5	0.718711276332094	0	0	0	0.004065806592621154	-0.608957343841712	-0.5623031193694403	NO	Q06124	PTPN11	A
401	L	401	-4.885	2.852	108.037	0.2	0.691395961369623	0	0	0	0.0038963468683379655	-0.5383100708069646	-0.5581141013684853	NO	Q06124	PTPN11	A
402	K	402	-6.089	-0.74	107.728	-0.5	0.691395961369623	0	0	0.22034948567808657	0.05331225645376672	-0.7880546623659431	-0.5916262453761254	NO	Q06124	PTPN11	A
403	L	403	-8.177	-1.288	104.596	-0.5	0.727695167286245	0	0	0.18838000369236177	0.018878737829424157	-0.9731846279884815	-0.6038867858667254	NO	Q06124	PTPN11	A
404	S	404	-10.332	-4.315	103.88	-0.5	0.697744360902256	0	0	0.24032357607250024	0.05218141154707156	-1.0360019484698522	-0.639799952387108	NO	Q06124	PTPN11	A
405	K	405	-13.382	-5.343	101.9	-0.5	0.692537313432836	0	0	0.24032357607250024	0.05218141154707156	-0.9015273956433157	-0.5401611670786781	NO	Q06124	PTPN11	A
406	V	406	-16.408	-5.979	104.102	-0.5	0.687407407407407	1	0	0.37003440607175775	0.32377964096335965	-0.7438587179273431	-0.7911032930406495	NO	Q06124	PTPN11	A
407	G	407	-17.27	-9.657	104.415	-0.5	0.646840148698885	0	0	0.4995648471614627	0.4844059011562945	-0.927974649423121	-0.8501484991493489	NO	Q06124	PTPN11	A
408	Q	408	-13.674	-10.643	103.552	-0.5	0.651685393258427	0	0	0.42556737323418564	0.4899036285720227	-1.2490754095919998	-0.8501484991493489	NO	Q06124	PTPN11	A
409	G	409	-11.442	-10.034	106.568	-0.5	0.608239700374532	1	1	0.37003440607175775	0.32377964096335965	-1.1162933368058445	-0.7172967854047757	NO	Q06124	PTPN11	A
410	N	410	-8.578	-11.844	104.834	0.2	0.558102345415778	0	0	0.6030820144376421	0.7067326730947449	-1.6397852573932041	-0.9239550067852228	NO	Q06124	PTPN11	A
411	T	411	-8.226	-8.909	102.402	-0.5	0.520446096654275	2	1	0.29223288165894923	0.13257080302498536	-1.2722835980562353	-0.7172967854047757	NO	Q06124	PTPN11	A
412	E	412	-6.892	-6.518	105.053	-0.5	0.491573033707865	0	0	0.29223288165894923	0.13257080302498536	-1.2728511698550862	-0.6891161188528965	NO	Q06124	PTPN11	A
413	R	413	-3.86	-4.406	104.196	-0.5	0.491573033707865	1	0	0.18838000369236177	0.018878737829424157	-1.2934013469719976	-0.5623031193694403	NO	Q06124	PTPN11	A
414	T	414	-2.161	-1.432	105.806	-0.5	0.539766468385107	1	0	0.11909005811679253	0.017823795119954976	-1.3878756517073898	-0.5313043861623733	NO	Q06124	PTPN11	A
415	V	415	-2.341	1.823	103.844	0.2	0.556107249255214	0	0	0	0.0010687129765355866	-1.0344775008550877	-0.3143132537129037	NO	Q06124	PTPN11	A
416	W	416	0.099	4.457	105.085	-0.5	0.562474889513861	0	0	0	0.002072354033843926	-1.0951309287865314	-0.33170278697540473	NO	Q06124	PTPN11	A
417	Q	417	-1.316	7.951	104.622	0.2	0.56140350877193	0	0	0.13084955295654296	0.031108716950538025	-0.7365249023030986	-0.11250517426281402	NO	Q06124	PTPN11	A
418	Y	418	1.279	10.735	104.555	0.2	0.557182429758607	0	0	0.24032357607250024	0.05218141154707156	-1.1894788979590587	-0.04884289940576543	NO	Q06124	PTPN11	A
419	H	419	-0.439	14.085	105.103	0.2	0.529323308270677	0	0	0.26392280200610513	0.08336235489891891	-0.8006229418053342	0.17571978184207898	NO	Q06124	PTPN11	A
420	F	420	2.054	16.829	104.283	0.2	0.527340823970038	0	0	0.5599138294600636	0.534512138532367	-1.5034922616773791	0.3140261479605034	NO	Q06124	PTPN11	A
421	R	421	1.398	19.883	106.44	-0.5	0.502229356161941	2	0	0.6438937648397854	0.7442856110094306	-1.5639182723842848	0.1587864602330485	NO	Q06124	PTPN11	A
422	T	422	3.961	22.616	105.702	2.99	0.461423220973783	0	0	0.7533235372792415	0.7684025147746906	-2.8055310624045857	0.7591613962355301	NO	Q06124	PTPN11	A
423	W	423	3.104	23.509	102.101	1.59	0.485271013354281	0	0	2.6796256110427548	0.036525869215376795	-2.247560866141174	0.8669599009992593	YES	Q06124	PTPN11	A
424	P	424	2.219	27.229	102.303	-0.5	0.481676413255361	0	1	1.8757322428740724	0.35248002419808033	-2.9686761867759555	0.7653283399846608	NO	Q06124	PTPN11	A
425	D	425	-1.207	28.382	101.188	1.59	0.432234432234432	0	0	2.695361345522567	0.0660594735815691	-2.4620064450950165	0.6450845143680041	NO	Q06124	PTPN11	A
426	H	426	0.458	30.582	98.546	-0.5	0.432234432234432	0	0	6.473224985029634	4.019533024056995e-4	-2.0788259937845788	0.7180227101493384	YES	Q06124	PTPN11	A
427	G	427	3.501	29.582	96.538	0.2	0.343552311435523	0	0	7.2688171034492735	2.041487952483505e-5	-1.3611086347962766	0.9516750104637153	YES	Q06124	PTPN11	A
428	V	428	5.87	26.738	97.344	-0.5	0.340794223826715	1	1	4.816486863461944	4.703891753041702e-4	-1.1374254713136913	0.9444567340169271	YES	Q06124	PTPN11	A
429	P	429	7.886	25.898	100.488	0.2	0.274626095925735	0	0	1.7790742479241484	0.30649438508696497	-2.230745247499741	0.8275788572821179	NO	Q06124	PTPN11	A
430	S	430	10.773	28.286	101.101	2.29	0.316964285714286	1	0	1.8757322428740724	0.35248002419808033	-2.865431940748173	1.1984249267919695	NO	Q06124	PTPN11	A
431	D	431	13.113	25.321	101.655	2.29	0.316964285714286	0	0	1.1468814047877693	1	-2.0181729800704744	0.7043936872804832	NO	Q06124	PTPN11	A
432	P	432	12.765	21.977	99.836	3.69	0.316964285714286	0	0	2.1129805567540414	0.26026423013733035	-1.5140714352675608	0.5811072969255193	NO	Q06124	PTPN11	A
433	G	433	14.281	20.04	102.749	1.59	0.318996415770609	0	0	0.24777482885293833	0.24974547651071183	-1.770078017911547	0.5301972081029076	NO	Q06124	PTPN11	A
434	G	434	10.859	19.299	104.197	-0.5	0.393713813068652	0	0	1.0167751005751369	0.9999999999999999	-2.940163787398891	0.5631406842095865	NO	Q06124	PTPN11	A
435	V	435	9.51	17.815	100.97	0.2	0.393713813068652	0	0	0.8216069836766479	0.8014906329920666	-1.7950443170394326	0.44046985484056655	NO	Q06124	PTPN11	A
436	L	436	12.711	15.839	100.421	-0.5	0.393713813068652	0	0	0.8663005282361561	1	-1.1617772977605854	0.14029265817685943	NO	Q06124	PTPN11	A
437	D	437	12.811	14.218	103.865	-0.5	0.36896197327852	0	0	0.7582098141692004	1	-2.10715800025607	0.2106213382880892	NO	Q06124	PTPN11	A
438	F	438	9.07	13.572	103.446	0.2	0.496277915632754	0	0	0.4995648471614627	0.4844059011562945	-2.1929541488341666	0.3608150006799726	NO	Q06124	PTPN11	A
439	L	439	9.512	11.907	100.055	-0.5	0.429761904761905	0	0	1.0167751005751369	0.9999999999999999	-1.4371485616092687	0.05678586668027061	NO	Q06124	PTPN11	A
440	E	440	12.495	9.94	101.37	-0.5	0.429761904761905	0	0	0	0.27958122958122966	-2.020524284240099	-0.2649196678335111	NO	Q06124	PTPN11	A
441	E	441	10.333	8.453	104.129	-0.5	0.53470165044435	0	0	1.0164428081235264	1	-2.5252463614137746	-0.35961909455400176	NO	Q06124	PTPN11	A
442	V	442	7.49	7.81	101.666	0.9	0.566546762589928	0	0	0.16203119269504923	0.09421606574261644	-1.716103013788368	-0.22299266129208453	NO	Q06124	PTPN11	A
443	H	443	9.959	6.097	99.348	0.2	0.602150537634409	1	0	0	0.023648562043610884	-1.733467340443534	-0.35416876783627566	NO	Q06124	PTPN11	A
444	H	444	11.281	3.842	102.108	-0.5	0.558067831449126	0	0	0	0.27958122958122966	-2.5122964544315307	-0.5549224686058529	NO	Q06124	PTPN11	A
445	K	445	7.767	2.951	103.253	0.2	0.502638156067759	0	0	0	0.044360667726017704	-2.144282117840185	-0.47619552712758734	NO	Q06124	PTPN11	A
446	Q	446	6.777	2.031	99.692	-0.5	0.478677685950413	0	0	0	0.0038963468683379655	-1.9620906887615746	-0.2910642038076034	NO	Q06124	PTPN11	A
447	E	447	10	0.091	99.114	-0.5	0.482184482184482	0	0	0	0.16031578859850903	-2.1221862854458964	-0.5763934526453798	NO	Q06124	PTPN11	A
448	S	448	9.477	-1.897	102.327	-0.5	0.482184482184482	0	0	0	0.15469821224956515	-2.7129773669194757	-0.696630963266731	NO	Q06124	PTPN11	A
449	I	449	6.152	-3.35	101.102	-0.5	0.478677685950413	1	0	0	0.012783566760447602	-2.100803628949929	-0.48817571387428	NO	Q06124	PTPN11	A
450	M	450	6.78	-5.998	98.463	-0.5	0.52463768115942	0	0	0	0.16031578859850903	-2.1524092557709356	-0.5313043861623733	NO	Q06124	PTPN11	A
451	D	451	4.429	-5.857	95.475	-0.5	0.528467153284672	0	0	0	0.08412692128701997	-1.7513232511502979	-0.5623031193694403	NO	Q06124	PTPN11	A
452	A	452	2.857	-2.618	96.739	-0.5	0.589336589336589	0	0	0	0.002072354033843926	-1.8479323669496135	-0.28331452050583666	NO	Q06124	PTPN11	A
453	G	453	0.855	-0.911	94.027	0.2	0.731313131313131	1	0	0	5.589946572969772e-4	-1.2088917119557836	-0.18588993042648302	NO	Q06124	PTPN11	A
454	P	454	1.175	2.67	92.813	0.9	0.72866344605475	0	0	0.2189209221812281	0.010877458402655317	-0.4551445793757387	0.2121990644432204	NO	Q06124	PTPN11	A
455	V	455	1.71	5.462	95.299	-0.5	0.78695652173913	0	0	0.23272368539067667	0.018042289581246727	-0.8117207732519024	0.18471714658245217	NO	Q06124	PTPN11	A
456	V	456	-1.459	7.57	95.398	0.9	0.784115523465704	2	0	0.28515280757965417	0.0459625073650614	-0.5092577853644704	0.5349750206745053	NO	Q06124	PTPN11	A
457	V	457	-0.836	11.335	95.35	0.9	0.775714285714286	0	0	1.0178577367296604	1	-0.12797934393201119	0.9595870680822812	NO	Q06124	PTPN11	A
458	H	458	-3.732	13.735	95.672	2.99	0.778494623655914	0	0	1.738519309419212	0.21254029087057755	0.0966650448557488	1.3339748691412774	NO	Q06124	PTPN11	A
460	S	460	-7.233	19.828	95.119	0.9	0.705767350928641	0	0	6.78359187288326	1.6910177001953312e-5	0.3140583141103275	1.6656982681939598	NO	Q06124	PTPN11	A
461	A	461	-7.514	19.157	91.369	0.2	0.754778972520908	0	2	6.441409626232305	5.438191080801765e-8	0.5981727667817919	1.6795695500702315	NO	Q06124	PTPN11	A
462	G	462	-4.684	16.618	91.397	2.99	0.754778972520908	0	0	5.1919601944626095	1.9982302141956935e-7	0.8254672591579177	1.5472049592760553	NO	Q06124	PTPN11	A
463	I	463	-2.323	18.373	89.004	4.39	0.796250344637442	0	0	7.922306514298155	1.9333209120667948e-11	0.899563535947061	1.3710583481522784	NO	Q06124	PTPN11	A
464	G	464	-0.394	21.195	90.653	4.39	0.801999444598723	0	1	8.184164207378418	1.3662349061553015e-11	0.6709948966369021	0.6047790568290978	NO	Q06124	PTPN11	A
465	R	465	1.214	20.094	93.895	1.59	0.744713769984528	0	0	4.483226770181683	3.398457555863171e-5	-0.12095414975576868	0.675062981145987	YES	Q06124	PTPN11	A
466	T	466	0.479	16.51	92.849	0.9	0.744713769984528	0	0	4.129860655258203	1.743735730926148e-5	0.6832765870603849	1.054247840003355	NO	Q06124	PTPN11	A
467	G	467	2.546	16.848	89.681	0.2	0.744090441932169	0	0	4.782358264064301	8.455980492158657e-7	1.1259777475435326	0.5999322979319399	NO	Q06124	PTPN11	A
468	T	468	5.275	18.656	91.602	0.2	0.746145940390545	1	2	4.1112694530935725	8.864573126498876e-5	0.4823812723029911	0.6656262919554002	NO	Q06124	PTPN11	A
469	F	469	5.554	15.879	94.213	0.2	0.703099059214167	0	0	1.3229302624523618	0.5191571840972581	-0.18309273923200775	0.8423649677194225	NO	Q06124	PTPN11	A
470	I	470	5.584	13.155	91.558	-0.5	0.833935018050542	1	0	1.0856251334399225	0.8427780278409126	0.5413936824297507	0.5513068340777171	NO	Q06124	PTPN11	A
471	V	471	8.133	14.815	89.29	-0.5	0.843065693430657	0	0	1.8738097246790064	0.11492155723157917	1.3661497115613892	0.2379164585260631	NO	Q06124	PTPN11	A
472	I	472	10.498	15.429	92.21	0.2	0.736670736670737	0	0	1.590406880557743	0.28244299889385605	0.5269405368496762	-0.008557494746689815	NO	Q06124	PTPN11	A
473	D	473	10.103	11.801	93.267	0.9	0.736670736670737	0	0	0.32682130833609097	0.20884659776728268	0.054106060922123896	-0.19103922165689283	NO	Q06124	PTPN11	A
474	I	474	10.773	10.574	89.713	-0.5	0.733982157339822	0	0	0.32682130833609097	0.20884659776728268	1.0672666725065076	-0.276788471409612	NO	Q06124	PTPN11	A
475	L	475	13.931	12.656	89.385	0.2	0.787636363636364	0	0	1.0715865220441647	1	1.2798903011846536	-0.49587726249715375	NO	Q06124	PTPN11	A
476	I	476	15.231	11.723	92.836	-0.5	0.826357096141269	1	0	0.16203119269504923	0.09421606574261644	0.7030550968088948	-0.5434014527797654	NO	Q06124	PTPN11	A
477	D	477	14.563	8.049	92.083	-0.5	0.826357096141269	0	0	0	0.08412692128701997	0.22775149310518056	-0.507305366905289	NO	Q06124	PTPN11	A
478	I	478	16.758	8.308	88.97	-0.5	0.829340334755497	1	0	0.29917463511186376	0.40751800827175794	1.3950209781676648	-0.556958510195808	NO	Q06124	PTPN11	A
479	I	479	19.604	9.61	91.129	0.2	0.835371900826446	0	0	0.24777482885293833	0.24974547651071183	1.1938682121988011	-0.6273004631907099	NO	Q06124	PTPN11	A
480	R	480	19.562	5.564	92.964	-0.5	0.875151515151515	1	0	0	0.16031578859850903	0.7716412944312144	-0.6552993189906414	NO	Q06124	PTPN11	A
481	E	481	19.507	4.065	91.07	0.2	0.878345498783455	0	0	0.5044734790233889	1	1.2526349258883984	-0.696630963266731	NO	Q06124	PTPN11	A
482	K	482	22.245	5.609	88.942	-0.5	0.879901960784314	0	0	0.5044734790233889	1	1.1860582920110174	-0.662593138568775	NO	Q06124	PTPN11	A
483	G	483	24.023	7.965	91.359	-0.5	0.847723704866562	0	0	0.24777482885293833	0.24974547651071183	1.1491000729784688	-0.7454774519566547	NO	Q06124	PTPN11	A
484	V	484	25.044	11.591	91.05	-0.5	0.841558441558442	0	0	0.32682130833609097	0.20884659776728268	1.1917038325888978	-0.7792942518189098	NO	Q06124	PTPN11	A
485	D	485	26.713	10.752	87.715	-0.5	0.841558441558442	0	0	0.6030820144376421	0.7067326730947449	0.9771017307173209	-0.7792942518189098	NO	Q06124	PTPN11	A
486	C	486	23.529	10.449	85.685	-0.5	0.797556234379339	0	0	0.4995648471614627	0.4844059011562945	1.0223611302248725	-0.7038190753147465	NO	Q06124	PTPN11	A
487	D	487	21.496	12.511	83.241	-0.5	0.797556234379339	0	1	0.6030820144376421	0.7067326730947449	1.028027560377531	-0.7172967854047757	NO	Q06124	PTPN11	A
488	I	488	18.302	14.257	84.299	0.9	0.827852004110997	0	0	0.9095885689076871	1	1.2426527533217906	-0.700981662664214	NO	Q06124	PTPN11	A
489	D	489	15.953	16.377	82.184	0.2	0.885341726618705	0	0	0.9095885689076871	1	1.0672937875484494	-0.2763364506929904	NO	Q06124	PTPN11	A
490	V	490	13.424	18.334	84.233	-0.5	0.8860559566787	1	0	1.1614035418591522	0.8382859714935101	1.0294877016422068	-0.09122078329886865	NO	Q06124	PTPN11	A
491	P	491	11.19	19.757	81.466	-0.5	0.943236714975845	1	4	1.8615774281101258	0.0942490288911691	0.4684074515495096	0.30577495890172357	NO	Q06124	PTPN11	A
492	K	492	11.277	16.513	79.458	-0.5	0.861313868613139	0	0	1.297928976077446	0.6500084259794495	0.7683524140817813	0.17038122449713577	NO	Q06124	PTPN11	A
493	T	493	10.249	14.602	82.584	-0.5	0.858181818181818	0	0	1.2472550155585638	0.6785856386062306	1.7109330247790582	-0.2119941268113816	NO	Q06124	PTPN11	A
494	I	494	7.417	17.075	83.206	0.9	0.830552659019812	0	0	3.273860882040415	5.975899586406762e-4	1.3218358081336345	0.5141572632234922	NO	Q06124	PTPN11	A
495	Q	495	6.244	16.799	79.59	-0.5	0.85958485958486	1	0	2.9237740747318006	0.003422701616272756	1.2658217670977514	0.3518431966348845	NO	Q06124	PTPN11	A
496	M	496	6.214	13.018	80	-0.5	0.819875776397516	0	0	1.9878377668801062	0.06452590304392992	1.8328538039129147	-0.05142789287894533	NO	Q06124	PTPN11	A
497	V	497	4.103	13.283	83.16	0.2	0.822857142857143	0	0	2.700577528016666	0.002820204123305505	1.396321765053178	0.2955968866599094	NO	Q06124	PTPN11	A
498	R	498	1.846	15.838	81.473	-0.5	0.828885400313972	1	2	4.047803541268932	1.0562494150513445e-5	1.2158865341265597	1.0353617492551115	NO	Q06124	PTPN11	A
499	S	499	1.199	13.325	78.694	-0.5	0.89010989010989	1	1	2.492590212206547	0.008893978960858376	1.3206996673368558	0.5449141813972681	NO	Q06124	PTPN11	A
500	Q	500	-0.398	11.129	81.385	-0.5	0.886861313868613	0	0	1.7550671685543466	0.12377348313610352	1.0958659246813747	0.8883110692796369	NO	Q06124	PTPN11	A
501	R	501	-2.485	13.699	83.293	-0.5	0.912408759124088	0	1	3.11570063255044	2.3603667914177842e-4	0.9291843270266162	1.3723612589503402	NO	Q06124	PTPN11	A
502	S	502	-3.423	17.204	82.173	-0.5	0.915015641293014	0	3	5.60733735791574	2.0083925324462037e-9	0.8743490540613074	1.2416919417127328	NO	Q06124	PTPN11	A
503	G	503	-1.385	20.103	83.476	-0.5	0.915015641293014	1	3	8.595448681023425	1.2287308002324836e-13	0.6676724397230539	1.13238112713568	NO	Q06124	PTPN11	A
504	M	504	0.879	18.276	85.904	-0.5	0.915015641293014	2	2	8.404070374258538	2.501930235090447e-13	0.985266803685272	0.9961496764803603	NO	Q06124	PTPN11	A
505	V	505	3.109	20.931	87.475	0.9	0.918367346938776	0	0	6.287328824397845	9.125452966639905e-10	0.9486396520650647	0.5391008502939019	NO	Q06124	PTPN11	A
506	Q	506	1.249	24.227	87.19	0.2	0.890837104072398	0	1	7.571401640449894	1.651331372115571e-10	0.5388767360457001	0.5971971155901399	NO	Q06124	PTPN11	A
507	T	507	3.5	27.18	87.952	0.9	0.896678966789668	0	1	6.48892671177604	8.91111593221865e-8	-0.11631495493286773	0.6125488691784017	YES	Q06124	PTPN11	A
508	E	508	7.582	28.376	88.828	-0.5	0.928571428571428	0	0	4.739915241982652	1.9888909318975157e-4	-0.5095384817621907	0.48525724567573103	YES	Q06124	PTPN11	A
509	A	509	7.342	28.54	91.23	-0.5	0.928571428571428	0	0	4.739915241982652	1.9888909318975157e-4	-0.37972968323271056	0.37037305163950396	YES	Q06124	PTPN11	A
510	Q	510	6.702	24.785	91.274	0.2	0.867410161090458	1	4	3.913549704565865	1.625822387880962e-4	-0.1764777627367906	0.6820745993713949	YES	Q06124	PTPN11	A
511	Y	511	9.077	24.338	88.317	-0.5	0.861728395061728	0	0	2.9888486570053296	0.008869567555077902	0.3773827526158805	0.4520143145942073	NO	Q06124	PTPN11	A
512	R	512	12.007	25.367	91.392	-0.5	0.906446711525939	0	0	2.3670944298999976	0.0675142566063431	-0.165997074151919	0.2106970372702798	NO	Q06124	PTPN11	A
513	F	513	11.029	24.292	93.337	0.9	0.906446711525939	0	0	2.447226786580106	0.05992507238597394	-0.5137566548851334	0.3730195600287563	NO	Q06124	PTPN11	A
514	I	514	11.6	21.028	91.454	-0.5	0.935539215686275	0	0	2.116967000281141	0.11653790118056685	0.27288780981155253	0.23825146678767278	NO	Q06124	PTPN11	A
515	Y	515	15.093	22.21	90.498	0.2	0.907901622187337	0	0	1.5839958245750811	0.3633953193062872	0.9594689478590314	-0.1267105306675368	NO	Q06124	PTPN11	A
516	M	516	15.777	23.423	94.039	-0.5	0.907901622187337	2	0	0.9679215308938642	1	-0.017844629950435714	-0.023834776903823518	NO	Q06124	PTPN11	A
517	A	517	14.645	20.098	95.497	0.9	0.938991389913899	0	0	0.9679215308938642	1	-0.5806592335574392	-0.031004273914517235	NO	Q06124	PTPN11	A
518	V	518	16.778	18.033	93.116	0.2	0.932843137254902	0	0	0.32682130833609097	0.20884659776728268	0.4406763486004393	-0.1830718637712951	NO	Q06124	PTPN11	A
519	Q	519	19.759	20.335	93.713	-0.5	0.905285190999477	0	0	0.1448834103828059	0.05428837373777069	0.6735018480807681	-0.2244288960352691	NO	Q06124	PTPN11	A
520	H	520	19.65	18.551	97.687	-0.5	0.838787878787879	0	0	0	0.023648562043610884	-0.21404856952372614	-0.13773118419407523	NO	Q06124	PTPN11	A
521	Y	521	19.145	16.244	97.128	-0.5	0.774265734265734	0	0	0	0.007010932372966428	-0.19812975948283257	-0.2579410400429092	NO	Q06124	PTPN11	A
522	I	522	22.325	16	95.044	-0.5	0.807090719499479	1	0	0	0.007010932372966428	0.9202132052713796	-0.6016050846855432	NO	Q06124	PTPN11	A
523	E	523	24.216	18.265	97.457	-0.5	0.867892976588629	1	0	0	0.044360667726017704	1.0175206107921158	-0.6148111776589621	NO	Q06124	PTPN11	A
524	T	524	23.066	16.054	100.339	-0.5	0.861649142224682	0	0	0	0.08412692128701997	-0.03929419828607503	-0.18076232042230653	NO	Q06124	PTPN11	A
525	L	525	24.529	13.019	98.57	-0.5	0.805900621118012	0	0	0	0.044360667726017704	1.3764639146024504	-0.8895119698884816	NO	Q06124	PTPN11	A
526	Q	526	27.763	14.791	97.595	-0.5	0.766453762843655	1	0	0	0.16031578859850903	1.143030707365201	-0.9583980436819639	NO	Q06124	PTPN11	A
527	R	527	28.335	15.662	101.259	-0.5	0.830917874396135	2	0	0	0.16031578859850903	1.2761797702818827	-1.0272841174754463	NO	Q06124	PTPN11	A
