Uniprot_position	aminoacid	Position_in_structure	x	y	z	paraz	mtr	gscount	pscount	OR	pvalue	mtr3dscore	paraz3dscore	HotSpot3D	Uniprot	gene	chain
2	S	2	35.764	-53.929	22.195	-0.65	0.34280303030303	0	0	0	0.5452659263588545	-0.5876577498001158	-4.145678089734424	NO	P68400	CSNK2A1	A
3	G	3	32.002	-53.338	22.112	0.49	0.302737520128824	0	0	0	0.5452659263588545	-0.2902496169757514	-2.6762529060023397	NO	P68400	CSNK2A1	A
4	P	4	29.924	-50.641	20.407	0.49	0.298850574712644	0	0	0	0.15188486265341905	0.010678745899679288	-1.3213016095095105	NO	P68400	CSNK2A1	A
5	V	5	30.054	-47.182	21.98	-0.36	0.296296296296296	2	0	0	0.15188486265341905	-0.023158091892464164	-1.652531847057708	NO	P68400	CSNK2A1	A
6	P	6	26.704	-46.288	23.609	-0.65	0.39811320754717	0	0	0	0.0821050953721907	-0.15748739088139077	-0.7551256775705016	NO	P68400	CSNK2A1	A
7	S	7	24.504	-43.487	22.334	0.49	0.39578313253012	0	0	0	0.15188486265341905	-0.1391088469921244	-0.4306005422189512	NO	P68400	CSNK2A1	A
8	R	8	21.602	-41.346	23.575	0.49	0.398823529411765	0	0	0	0.15188486265341905	-0.07085328191645336	-0.25141449580511643	NO	P68400	CSNK2A1	A
9	A	9	19.047	-39.211	21.778	0.49	0.396067415730337	0	0	1.2580872573252513	0.9999999999999999	-0.5144398327538056	0.08914674486751659	NO	P68400	CSNK2A1	A
10	R	10	20.004	-35.506	21.665	0.49	0.397826086956522	0	0	3.9017664412177084	0.2781998831092928	-0.8430511251291687	0.054554393721137406	NO	P68400	CSNK2A1	A
11	V	11	16.409	-34.51	22.395	0.49	0.363157894736842	0	0	3.9017664412177084	0.2781998831092928	-0.5400173079630981	-0.15101453205573068	NO	P68400	CSNK2A1	A
12	Y	12	13.517	-36.019	24.342	0.49	0.361329026303646	0	0	0	1	0.06352909370957505	-0.4333894301008785	NO	P68400	CSNK2A1	A
13	T	13	15.965	-38.405	25.966	-0.65	0.40422322775264	0	0	0	0.5452659263588545	0.13157909697149653	-0.45759299279046267	NO	P68400	CSNK2A1	A
14	D	14	14.171	-39.205	29.238	-0.08	0.406330511593669	0	0	0	0.5452659263588545	0.03499929967807299	-0.7738762636857525	NO	P68400	CSNK2A1	A
15	V	15	10.538	-38.333	28.52	0.49	0.404112017015243	0	0	0	1	-0.051703109322122645	-0.9699017363866597	NO	P68400	CSNK2A1	A
16	N	16	9.28	-41.893	28.934	0.49	0.402472527472527	0	0	0	1	0.055676194533982606	-0.7513226486406006	NO	P68400	CSNK2A1	A
17	T	17	11.165	-42.343	32.223	-0.08	0.40053050397878	0	0	0	1	-0.15440347177147173	-1.3633440943295658	NO	P68400	CSNK2A1	A
18	H	18	9.218	-39.398	33.669	-1.22	0.431944444444444	0	0	0	1	-0.5323029950984695	-1.9535076312439252	NO	P68400	CSNK2A1	A
19	R	19	5.843	-40.809	32.581	0.49	0.430894308943089	0	0	0	1	-0.26551911058169964	-1.2749773615295548	NO	P68400	CSNK2A1	A
20	P	20	3.757	-43.219	34.639	-0.65	0.536890645586298	0	0	0	1	-0.7158598563673229	-1.1487391718152533	NO	P68400	CSNK2A1	A
21	R	21	4.679	-46.804	33.838	0.49	0.38953488372093	1	0	0.9261825919766525	1	-0.5389141714980138	-1.0122579710934319	NO	P68400	CSNK2A1	A
22	E	22	1.32	-47.304	32.079	0.49	0.434343434343434	0	0	1.9244710754817345	0.6064289888953828	-0.4929639282634477	-0.6103443662091713	NO	P68400	CSNK2A1	A
23	Y	23	2.274	-44.844	29.324	0.49	0.435994930291508	0	0	1.2580872573252513	0.9999999999999999	-0.2600606817254467	-0.6108822231578287	NO	P68400	CSNK2A1	A
24	W	24	4.982	-47.025	27.777	0.49	0.389433962264151	0	0	1.2580872573252513	0.9999999999999999	-0.05136743360112678	-0.36721672672060135	NO	P68400	CSNK2A1	A
25	D	25	4.433	-50.492	29.314	0.49	0.388636363636364	0	0	1.2580872573252513	0.9999999999999999	-0.14507439326234892	0.09081422678293483	NO	P68400	CSNK2A1	A
26	Y	26	2.177	-51.537	26.469	0.49	0.388636363636364	0	0	1.2580872573252513	0.9999999999999999	-0.18096931466850774	-0.034578462985261876	NO	P68400	CSNK2A1	A
27	E	27	2.306	-55.238	27.422	0.49	0.390458015267176	0	1	1.2580872573252513	0.9999999999999999	-0.6453180640918604	0.07936752761919977	NO	P68400	CSNK2A1	A
28	S	28	0.018	-54.618	30.405	-0.36	0.437179487179487	1	0	1.2580872573252513	0.9999999999999999	-0.6729662335399045	-0.1366189490181346	NO	P68400	CSNK2A1	A
29	H	29	-2.43	-52.374	28.52	0.49	0.435897435897436	0	0	1.2580872573252513	0.9999999999999999	-0.4955786132625094	-0.30570686750655074	NO	P68400	CSNK2A1	A
30	V	30	-6.031	-53.624	28.761	0.49	0.433333333333333	0	0	1.9244710754817345	0.6064289888953828	-0.5586431323892538	-1.5440640290784604	NO	P68400	CSNK2A1	A
31	V	31	-8.016	-53.337	25.511	-0.65	0.485209923664122	0	0	1.9244710754817345	0.6064289888953828	-0.7614208231640687	-0.7706023518243593	NO	P68400	CSNK2A1	A
32	E	32	-11.798	-52.917	25.483	-0.93	0.481939163498099	0	0	0	0.5372881355932203	-0.733935705594822	-1.286789121970659	NO	P68400	CSNK2A1	A
33	W	33	-12.675	-54.724	22.235	0.49	0.430925221799746	0	0	0	0.5372881355932203	-0.9947121098992294	-0.6789328197053548	NO	P68400	CSNK2A1	A
34	G	34	-15.724	-53.542	20.325	0.49	0.481132075471698	0	0	0	1	-1.0901294718464858	-0.950221061674422	NO	P68400	CSNK2A1	A
35	N	35	-17.96	-55.31	17.832	0.49	0.481534090909091	1	0	0	1	-1.3548625627874065	-0.029781575828347114	NO	P68400	CSNK2A1	A
36	Q	36	-16.871	-55.093	14.194	0.49	0.481534090909091	0	0	0	0.5372881355932203	-1.58407294267826	0.5290383474030008	NO	P68400	CSNK2A1	A
37	D	37	-20.58	-55.41	13.324	0.49	0.368278109722977	0	0	0	0.5372881355932203	-1.4580339570944767	0.5112829560865254	NO	P68400	CSNK2A1	A
38	D	38	-20.895	-51.685	14.067	0.49	0.319811320754717	0	0	0	0.5372881355932203	-1.6067102267423636	0.5860563556621172	NO	P68400	CSNK2A1	A
39	Y	39	-19.073	-51.366	10.719	0.49	0.321022727272727	0	0	0	0.5372881355932203	-1.8484476087022026	0.30410736244056696	NO	P68400	CSNK2A1	A
40	Q	40	-19.892	-52.604	7.227	0.49	0.321969696969697	0	0	0	0.5452659263588545	-1.9423778356790078	0.8256261153164214	NO	P68400	CSNK2A1	A
41	L	41	-16.987	-53.087	4.866	0.49	0.319548872180451	0	0	0	0.5372881355932203	-1.9115697379366552	0.83834344405801	NO	P68400	CSNK2A1	A
42	V	42	-17.367	-51.22	1.57	0.49	0.420987654320988	0	0	0	0.5372881355932203	-2.1208538956435103	0.7588601394230796	NO	P68400	CSNK2A1	A
43	R	43	-14.233	-52.03	-0.421	0.49	0.420987654320988	1	0	0	0.5372881355932203	-1.9695855935464683	0.7588601394230796	NO	P68400	CSNK2A1	A
44	K	44	-10.588	-52.979	-0.091	0.49	0.360569319978914	0	0	8.601121540018099	0.04646405610753942	-1.7560914691508638	0.9973100533278713	YES	P68400	CSNK2A1	A
45	L	45	-8.153	-50.05	-0.108	0.49	0.364021164021164	0	0	8.601121540018099	0.04646405610753942	-1.9657080084907024	0.569606207755487	YES	P68400	CSNK2A1	A
46	G	46	-4.805	-51.779	0.277	0.49	0.366737739872068	0	0	14.47571104689753	0.005780776791881414	-1.475762847729809	0.9973100533278713	YES	P68400	CSNK2A1	A
47	R	47	-2.636	-54.018	2.388	0.49	0.368869936034115	0	2	47.48205706294023	3.0108212457715663e-4	-1.1779845466730479	0.9973100533278713	YES	P68400	CSNK2A1	A
48	G	48	0.2	-53.787	4.859	0.49	0.368869936034115	0	0	47.48205706294023	2.100461944093056e-7	-0.5214692696911057	0.9973100533278713	YES	P68400	CSNK2A1	A
49	K	49	2.915	-56.309	5.579	0.49	0.366895097522404	0	0	47.48205706294023	1.0292263526056003e-6	-0.5659563712210645	0.9973100533278713	YES	P68400	CSNK2A1	A
50	Y	50	0.542	-58	8.065	0.49	0.369622942113648	0	2	47.48205706294023	1.9882781811699056e-5	-1.0101612021705384	0.9973100533278713	YES	P68400	CSNK2A1	A
51	S	51	-2.798	-56.208	7.563	0.49	0.214197530864198	0	2	47.48205706294023	4.678301602752716e-6	-1.3520749340011633	0.9973100533278713	YES	P68400	CSNK2A1	A
52	E	52	-5.597	-55.717	5.06	0.49	0.214197530864198	0	0	17.999343880180408	0.0018519391058896832	-1.6525395037993678	0.9973100533278713	YES	P68400	CSNK2A1	A
53	V	53	-7.233	-52.292	4.894	0.49	0.215613382899628	0	0	22.06063338097094	5.567178907275746e-4	-1.6105808031870734	0.7839601303604262	YES	P68400	CSNK2A1	A
54	F	54	-10.823	-51.487	3.936	0.49	0.216232961586121	0	0	4.236877539612014	0.17068965517241383	-2.0531983847667545	0.5139328085021985	NO	P68400	CSNK2A1	A
55	E	55	-13.093	-48.53	3.523	0.49	0.183974696889826	0	0	1.9244710754817345	0.6064289888953828	-2.154015971197742	0.49782023367467604	NO	P68400	CSNK2A1	A
56	A	56	-16.12	-49.044	5.751	0.49	0.184126984126984	0	0	0	0.5372881355932203	-2.094324155637761	0.6408901820175511	NO	P68400	CSNK2A1	A
57	I	57	-19.249	-47.349	7.008	0.49	0.161111111111111	1	0	0	0.5372881355932203	-2.2333233037239437	0.5860563556621172	NO	P68400	CSNK2A1	A
58	N	58	-20.093	-46.931	10.689	0.49	0.161710037174721	0	0	0	0.5372881355932203	-2.101472405485131	0.2833547555544602	NO	P68400	CSNK2A1	A
59	I	59	-23.75	-47.908	10.526	0.49	0.161847014925373	0	0	0	0.5372881355932203	-2.09170734170799	0.7588601394230796	NO	P68400	CSNK2A1	A
60	T	60	-24.658	-46.069	13.753	0.49	0.186034115138593	0	0	0	1	-2.281248452559693	0.6671486340750827	NO	P68400	CSNK2A1	A
61	N	61	-23.905	-42.551	12.484	0.49	0.186034115138593	0	0	0	1	-2.6664734674647996	0.6071192851200304	NO	P68400	CSNK2A1	A
62	N	62	-23.338	-43.276	8.766	0.49	0.184656084656085	0	0	0	1	-2.6028481313137157	0.6671486340750827	NO	P68400	CSNK2A1	A
63	E	63	-19.735	-41.987	8.862	0.49	0.183447548761202	0	0	0	1	-2.538223038615817	0.03347040133376617	NO	P68400	CSNK2A1	A
64	K	64	-17.016	-43.183	6.51	-0.08	0.212287104622871	0	0	0	0.5372881355932203	-2.3753523550096554	0.09081422678293483	NO	P68400	CSNK2A1	A
65	V	65	-14.055	-44.848	8.255	0.49	0.213064713064713	0	0	0	0.2873173582700176	-2.053519823804193	-0.010380759303833441	NO	P68400	CSNK2A1	A
66	V	66	-11.077	-47.098	7.494	0.49	0.212121212121212	0	0	0.4428092744521347	0.6485973115137346	-1.7628402050499001	-0.18569215111390663	NO	P68400	CSNK2A1	A
67	V	67	-10.75	-50.609	8.971	0.49	0.36101083032491	0	0	2.032518120028168	0.4329337061271383	-1.7504282070525357	-0.04813375524858347	NO	P68400	CSNK2A1	A
68	K	68	-7.328	-52.244	9.328	0.49	0.3584229390681	0	0	7.624267971953401	0.0027409980373976307	-1.3037296016611866	0.35966347504719676	YES	P68400	CSNK2A1	A
69	I	69	-7.592	-55.995	9.991	0.49	0.357398873527906	0	0	47.48205706294023	0.0010838956484777666	-1.6437750537984526	0.569175922196561	YES	P68400	CSNK2A1	A
70	L	70	-4.476	-57.266	11.809	0.49	0.359979370809696	0	0	26.733133387805776	1.5672310369221578e-4	-1.2267697854103428	0.4618435799978128	YES	P68400	CSNK2A1	A
71	K	71	-2.838	-60.672	11.258	0.49	0.362042289840124	0	0	47.48205706294023	7.953112724679614e-5	-1.4405606219178437	0.8322293437014769	YES	P68400	CSNK2A1	A
72	P	72	0.684	-60.23	12.64	0.49	0.364675324675325	0	0	47.48205706294023	0.0010838956484777666	-1.1663274760592155	0.9973100533278713	YES	P68400	CSNK2A1	A
73	V	73	3.445	-62.804	13.017	0.49	0.255072463768116	0	1	47.48205706294023	0.0010838956484777666	-1.0258842228377227	0.9973100533278713	YES	P68400	CSNK2A1	A
74	K	74	4.443	-61.12	16.3	0.49	0.423586040914561	0	0	47.48205706294023	0.003725891291642315	-0.6583520103603705	0.9973100533278713	YES	P68400	CSNK2A1	A
75	K	75	1.398	-60.793	18.569	0.49	0.42512077294686	0	0	47.48205706294023	0.0010838956484777666	-1.0246622567738004	0.9973100533278713	YES	P68400	CSNK2A1	A
76	K	76	2.26	-58.231	21.326	0.49	0.366753246753247	0	0	4.236877539612014	0.17068965517241383	-0.6068558469792594	0.4881388085988424	NO	P68400	CSNK2A1	A
77	K	77	2.784	-55.87	18.374	0.49	0.429440389294404	0	0	17.999343880180408	0.0018519391058896832	-0.38408048217287283	0.8256261153164214	YES	P68400	CSNK2A1	A
78	I	78	-1.012	-55.373	18.501	0.49	0.431013431013431	0	0	15.849750555316854	1.9681328416151883e-4	-0.6159364590735238	0.20864191703335253	YES	P68400	CSNK2A1	A
79	K	79	-1.003	-53.808	21.981	0.49	0.431013431013431	0	0	4.236877539612014	0.17068965517241383	-0.39106108727462446	-0.16446095577216624	NO	P68400	CSNK2A1	A
80	R	80	2.078	-51.777	21.055	0.49	0.431013431013431	0	1	4.236877539612014	0.17068965517241383	-0.011613200808441778	0.39491027083155544	NO	P68400	CSNK2A1	A
81	E	81	0.404	-50.192	18.027	0.49	0.431013431013431	0	0	3.419598127280789	0.14290941571688795	-0.040027852050357374	0.4080877660736626	NO	P68400	CSNK2A1	A
82	I	82	-2.843	-49.581	19.924	-0.08	0.470588235294118	1	0	2.0966234699419988	0.29830739048012406	-0.346403157149159	-0.36493490936266076	NO	P68400	CSNK2A1	A
83	K	83	-1.031	-47.992	22.861	0.49	0.470588235294118	0	0	1.5869914627761816	0.7064704921138872	-0.08136307392566178	0.08914674486751659	NO	P68400	CSNK2A1	A
84	I	84	1.114	-45.767	20.643	0.49	0.473666554847367	0	0	3.419598127280789	0.14290941571688795	0.3317721823803865	0.42245904137254553	NO	P68400	CSNK2A1	A
85	L	85	-1.948	-44.664	18.643	0.49	0.476767676767677	0	0	2.6847569405130787	0.2548816406402723	0.2635850877020512	-0.07383205992338994	NO	P68400	CSNK2A1	A
86	E	86	-3.816	-43.853	21.854	0.49	0.583747927031509	0	0	0.9222930295940626	1	-0.20308672077321838	-0.609873741379096	NO	P68400	CSNK2A1	A
87	N	87	-0.873	-41.891	23.279	0.49	0.586466165413534	0	0	0.9222930295940626	1	0.26837551461589737	0.3426186230454171	NO	P68400	CSNK2A1	A
88	L	88	-0.603	-39.836	20.073	0.49	0.659774436090226	0	0	0.7196221821367947	0.9999999999999999	0.8414790672048632	0.164827020572546	NO	P68400	CSNK2A1	A
89	R	89	-4.336	-39.301	19.449	0.49	0.664150943396226	1	0	0.7196221821367947	0.9999999999999999	0.5369456722953495	-0.3321239494226184	NO	P68400	CSNK2A1	A
90	G	90	-5.078	-35.662	18.695	0.49	0.666666666666667	0	0	0	0.2873173582700176	0.7730942295983839	-0.35412630082504765	NO	P68400	CSNK2A1	A
91	G	91	-1.502	-34.785	17.693	0.49	0.664772727272727	0	0	0	0.2873173582700176	1.2689493592165093	0.004963983054922695	NO	P68400	CSNK2A1	A
92	P	92	-0.878	-32.765	14.523	-0.36	0.669201520912548	1	0	0	0.5372881355932203	1.6618619677013315	0.16246252867265099	NO	P68400	CSNK2A1	A
93	N	93	-1.029	-34.842	11.349	0.49	0.531320754716981	0	0	0.4428092744521347	0.6485973115137346	1.2408780761960885	0.18008387780897248	NO	P68400	CSNK2A1	A
94	I	94	-1.241	-38.192	13.19	0.49	0.479835953520164	0	0	1.448880989981462	0.6869321502576908	1.1045025507140804	0.3790576449763894	NO	P68400	CSNK2A1	A
95	I	95	-3.9	-40.624	11.959	0.49	0.47940074906367	0	0	1.448880989981462	0.6869321502576908	0.24790272758573606	-0.015276423170869769	NO	P68400	CSNK2A1	A
96	T	96	-6.774	-40.757	14.471	-0.93	0.48257006151743	0	0	1.130934063252677	1	-0.08494076965836085	-0.5588893847876109	NO	P68400	CSNK2A1	A
97	L	97	-7.648	-44.169	15.947	0.49	0.482124616956078	2	0	1.448880989981462	0.6869321502576908	-0.28785209992924826	-0.19863069133393182	NO	P68400	CSNK2A1	A
98	A	98	-11.442	-44.204	16.255	-0.65	0.397388059701493	0	0	0	0.2873173582700176	-1.2653687070179143	-0.6676560121827788	NO	P68400	CSNK2A1	A
99	D	99	-12.275	-47.694	17.607	0.49	0.398876404494382	0	0	0	0.15188486265341905	-1.1012130615335431	-0.7872993023174638	NO	P68400	CSNK2A1	A
100	I	100	-10.778	-51.108	18.35	-0.93	0.442786069651741	0	0	0	0.2873173582700176	-0.9861078890944647	-0.48986440970990813	NO	P68400	CSNK2A1	A
101	V	101	-12.878	-54.138	17.435	0.49	0.439506172839506	0	0	0	0.2873173582700176	-1.1263119384851354	-0.47574566480765057	NO	P68400	CSNK2A1	A
102	K	102	-12.785	-57.897	16.947	0.49	0.439506172839506	0	0	0	1	-1.160980657715257	-0.22631450486776977	NO	P68400	CSNK2A1	A
103	D	103	-14.855	-59.816	14.429	0.49	0.438271604938272	0	0	0	1	-1.258262183478958	0.39792226974403716	NO	P68400	CSNK2A1	A
104	P	104	-17.417	-61.739	16.539	0.49	0.439900867410161	0	0	0	1	-1.1334088815894388	0.7290539001849805	NO	P68400	CSNK2A1	A
105	V	105	-16.795	-64.941	14.531	0.49	0.329291044776119	0	0	0	1	-1.0751281197957847	0.639635182470684	NO	P68400	CSNK2A1	A
106	S	106	-13.09	-65.127	13.656	0.49	0.328066914498141	0	0	0	1	-1.2236092203787197	0.7111701566421215	NO	P68400	CSNK2A1	A
107	R	107	-11.982	-63.099	16.744	-0.08	0.377398720682303	0	0	0	1	-1.1241265449582811	0.7448336738992685	NO	P68400	CSNK2A1	A
108	T	108	-9.519	-61.272	14.458	0.49	0.221383647798742	0	0	3.9017664412177084	0.2781998831092928	-1.2584080066601921	0.39792226974403716	NO	P68400	CSNK2A1	A
109	P	109	-8.615	-57.815	15.826	0.49	0.222012578616352	0	0	1.9244710754817345	0.6064289888953828	-1.1288413296650612	-0.17098043393771065	NO	P68400	CSNK2A1	A
110	A	110	-9.067	-54.703	13.726	0.49	0.189406099518459	0	0	2.032518120028168	0.4329337061271383	-1.306636062832725	0.08618038230219384	NO	P68400	CSNK2A1	A
111	L	111	-8.335	-51.012	14.158	0.49	0.18816631130064	0	0	2.6847569405130787	0.2548816406402723	-1.0932680712446396	-0.16656561339734738	NO	P68400	CSNK2A1	A
112	V	112	-10.815	-48.368	13.029	0.49	0.290534979423868	0	0	0	0.15188486265341905	-1.6298272503045377	-0.1553587612564249	NO	P68400	CSNK2A1	A
113	F	113	-9.43	-45.039	11.823	0.49	0.186083289404323	0	0	0.7196221821367947	0.9999999999999999	-1.313055910071928	-0.37063945275751203	NO	P68400	CSNK2A1	A
114	E	114	-10.697	-41.703	10.632	0.49	0.188336008560728	0	0	0.4428092744521347	0.6485973115137346	-1.3394169619198066	-0.1447395343213939	NO	P68400	CSNK2A1	A
115	H	115	-11.059	-41.714	6.865	-0.36	0.187633262260128	0	0	0.6047351785281164	1	-1.2702529200204682	-0.10789922504238542	NO	P68400	CSNK2A1	A
116	V	116	-8.589	-39.73	4.76	-0.08	0.187265917602996	0	0	0.9261825919766525	1	-0.42309975629289087	-0.5208345598180855	NO	P68400	CSNK2A1	A
117	N	117	-8.406	-39.516	1.009	0.49	0.185185185185185	0	0	0	0.5372881355932203	-0.561724310197963	-0.5181018995144228	NO	P68400	CSNK2A1	A
118	N	118	-5.152	-40.359	-0.664	0.49	0.183447548761202	0	0	0.9261825919766525	1	0.21035525768757798	-0.14832524731244331	NO	P68400	CSNK2A1	A
119	T	119	-3.561	-40.015	-4.057	0.49	0.318933823529412	0	0	0	0.5372881355932203	0.20842981222381923	0.00972194836996896	NO	P68400	CSNK2A1	A
120	D	120	-0.82	-42.584	-4.592	0.49	0.320110701107011	0	0	0	1	-0.016757301047696176	0.4881388085988424	NO	P68400	CSNK2A1	A
121	F	121	2.571	-40.899	-4.462	0.49	0.322490706319703	0	0	0.6047351785281164	1	0.5666657992793384	0.5860563556621172	NO	P68400	CSNK2A1	A
122	K	122	3.532	-42.546	-7.766	0.49	0.42716049382716	0	0	0.9261825919766525	1	0.44795105070178376	0.20864191703335253	NO	P68400	CSNK2A1	A
123	Q	123	1.147	-40.015	-9.367	0.49	0.42998760842627	0	0	0	0.5372881355932203	0.26199531323988284	0.3683338098390709	NO	P68400	CSNK2A1	A
124	L	124	0.957	-37.202	-6.778	0.49	0.559076262083781	0	0	0	0.5372881355932203	0.38855695047386535	0.313586300194553	NO	P68400	CSNK2A1	A
125	Y	125	4.651	-36.313	-6.375	0.49	0.647388059701493	0	0	0	0.5452659263588545	0.5768119468815991	0.5290383474030008	NO	P68400	CSNK2A1	A
126	Q	126	4.919	-35.715	-10.141	0.49	0.64365671641791	0	0	0	0.5372881355932203	0.26947066723938434	0.3729477787613772	NO	P68400	CSNK2A1	A
127	T	127	2.515	-32.772	-9.765	-0.93	0.638376383763838	1	0	0	0.5372881355932203	0.1360295509350545	0.28375316810902107	NO	P68400	CSNK2A1	A
128	L	128	3.89	-31.13	-6.595	0.49	0.540779220779221	0	0	0	0.0821050953721907	0.2327241285764413	0.2833547555544602	NO	P68400	CSNK2A1	A
129	T	129	5.298	-27.626	-6.983	0.49	0.536874677668901	0	0	0	0.2873173582700176	0.18704833742263266	-0.02103243613018599	NO	P68400	CSNK2A1	A
130	D	130	8.351	-26.35	-5.096	0.49	0.531122448979592	0	0	0	0.15188486265341905	0.3609915750287032	0.07112038773978593	NO	P68400	CSNK2A1	A
131	Y	131	5.991	-24.709	-2.608	-0.08	0.531490015360983	0	0	0	0.0821050953721907	0.6347202912064648	0.00972194836996896	NO	P68400	CSNK2A1	A
132	D	132	3.911	-27.891	-2.166	0.49	0.531122448979592	0	0	0	0.15188486265341905	1.0068713455649079	-0.10882058177312237	NO	P68400	CSNK2A1	A
133	I	133	6.995	-29.945	-1.276	0.49	0.525492175668854	0	0	0	0.08464923932486755	0.8121303008565283	0.22548533200446697	NO	P68400	CSNK2A1	A
134	R	134	7.927	-27.405	1.4	0.49	0.525492175668854	1	0	0	0.15188486265341905	0.5336097529032408	0.3260645814034053	NO	P68400	CSNK2A1	A
135	F	135	4.358	-27.285	2.691	0.49	0.527355623100304	0	0	0	0.15188486265341905	1.3990904941393387	0.3074651411143485	NO	P68400	CSNK2A1	A
136	Y	136	3.938	-31.041	2.975	0.49	0.527355623100304	0	0	0	0.08464923932486755	1.233073555280887	0.4489717897735326	NO	P68400	CSNK2A1	A
137	M	137	7.449	-31.597	4.325	0.49	0.527355623100304	1	0	0	0.0821050953721907	0.9620385071366909	0.6257210570597633	NO	P68400	CSNK2A1	A
138	Y	138	6.546	-29.133	7.07	0.49	0.527707168276563	0	0	0	0.15188486265341905	1.2507953127399225	0.2661076857583301	NO	P68400	CSNK2A1	A
139	E	139	3.352	-31.095	7.794	0.49	0.620071684587814	0	0	0	0.15188486265341905	1.2840583775627896	0.5225018914297337	NO	P68400	CSNK2A1	A
140	I	140	5.341	-34.339	8.163	0.21	0.615658362989324	0	0	0.3451807972754701	0.412199139259338	1.0421571046442306	0.46336479156977317	NO	P68400	CSNK2A1	A
141	L	141	7.825	-32.588	10.471	0.49	0.738790035587189	0	0	0	0.2873173582700176	0.8274353066356974	0.4242956260752782	NO	P68400	CSNK2A1	A
142	K	142	4.95	-31.521	12.748	0.49	0.744086021505376	0	0	0	0.5452659263588545	0.9302475440991818	0.5706102073929812	NO	P68400	CSNK2A1	A
143	A	143	3.935	-35.164	13.048	0.49	0.823250296559905	0	0	0.4428092744521347	0.6485973115137346	1.0195342847762592	0.4345418354694711	NO	P68400	CSNK2A1	A
144	L	144	7.494	-36.302	13.737	0.49	0.825622775800712	0	0	1.975506567896433	0.654986451304394	0.7764079060875501	0.284470310707231	NO	P68400	CSNK2A1	A
145	D	145	8.299	-33.563	16.23	0.49	0.822143698468787	0	0	0	0.5372881355932203	0.3577828795117489	0.4032769344773377	NO	P68400	CSNK2A1	A
146	Y	146	5.093	-34.422	18.062	0.49	0.821052631578947	0	0	0	0.5372881355932203	0.8399743327048274	0.284470310707231	NO	P68400	CSNK2A1	A
147	C	147	5.6	-38.185	18.259	0.49	0.615789473684211	0	0	0.9261825919766525	1	0.889901075695456	0.475719997751793	NO	P68400	CSNK2A1	A
148	H	148	9.295	-37.769	19.159	0.49	0.611498257839721	0	0	0	1	0.5698978851247825	0.3691980849932981	NO	P68400	CSNK2A1	A
149	S	149	8.328	-35.327	21.917	0.49	0.611111111111111	0	0	0	1	0.40551508958214827	0.16658132101440348	NO	P68400	CSNK2A1	A
150	M	150	5.926	-38.037	23.13	-0.65	0.404844290657439	0	0	0	1	0.6062210936304206	-0.07571455924369114	NO	P68400	CSNK2A1	A
151	G	151	8.769	-40.569	23.383	0.49	0.409090909090909	0	0	0	1	0.5193698708146929	-0.13883365410084172	NO	P68400	CSNK2A1	A
152	I	152	7.914	-42.521	20.207	0.49	0.413145539906103	0	0	11.364851979942237	0.016935869507465073	0.6497563146559495	0.5095715930680703	NO	P68400	CSNK2A1	A
153	M	153	9.941	-43.379	17.079	0.49	0.417556346381969	0	0	4.236877539612014	0.17068965517241383	0.8222805450131556	0.33395314998371395	NO	P68400	CSNK2A1	A
154	H	154	7.854	-44.133	13.988	0.49	0.626334519572954	0	0	17.999343880180408	0.0018519391058896832	1.038735316732313	0.5324145690100622	NO	P68400	CSNK2A1	A
155	R	155	10.608	-46.255	12.35	0.49	0.619298245614035	0	0	6.322456120402845	0.006927793469978892	1.09511054008503	0.748645026832299	NO	P68400	CSNK2A1	A
156	D	156	8.763	-46.61	8.996	0.49	0.617957746478873	0	2	8.610375793251587	0.0021164254548681604	0.9848784023189319	0.7365150255398324	NO	P68400	CSNK2A1	A
157	V	157	8.672	-43.151	7.423	0.49	0.621478873239437	0	0	10.850634958609636	0.0021566970388690013	1.2478647072219922	0.6996124863965525	NO	P68400	CSNK2A1	A
158	K	158	8.128	-43.454	3.667	0.49	0.501067615658363	0	0	5.212759518319546	0.01687179252897196	1.1013809157347592	0.6604417539055892	NO	P68400	CSNK2A1	A
159	P	159	5.722	-42.124	1.007	0.49	0.629893238434164	0	0	4.660213844988439	0.05426636043841035	0.8495397772215493	0.6690794026087248	NO	P68400	CSNK2A1	A
160	H	160	3.368	-45.11	1.358	0.49	0.629893238434164	0	0	17.999343880180408	0.0018519391058896832	0.4193403135445607	0.9973100533278713	NO	P68400	CSNK2A1	A
161	N	161	2.893	-44.14	5.034	0.49	0.627659574468085	0	0	26.733133387805776	1.5672310369221578e-4	0.6602391395215449	0.6417268483821293	NO	P68400	CSNK2A1	A
162	V	162	1.976	-40.502	4.345	0.49	0.621908127208481	0	0	5.595902714019677	0.044823601296424216	0.782700022107085	0.8331947279682982	NO	P68400	CSNK2A1	A
163	M	163	-1.663	-39.998	3.325	0.49	0.621478873239437	0	0	1.9244710754817345	0.6064289888953828	0.3449654873562041	0.1553194482477937	NO	P68400	CSNK2A1	A
164	I	164	-2.273	-36.743	1.459	0.49	0.621478873239437	0	0	0.6047351785281164	1	0.38952181417393394	0.07335903558014367	NO	P68400	CSNK2A1	A
165	D	165	-5.681	-35.271	0.655	0.49	0.619298245614035	0	0	0	0.5372881355932203	0.1967433960334785	-0.46077123839616574	NO	P68400	CSNK2A1	A
166	H	166	-4.25	-32.873	-1.894	0.49	0.619718309859155	0	0	0	0.5452659263588545	0.26828186924132574	-0.40153174929578506	NO	P68400	CSNK2A1	A
167	E	167	-7.53	-31.027	-2.51	-0.36	0.619298245614035	0	0	0	0.5372881355932203	0.15580886369940045	-0.836782141593947	NO	P68400	CSNK2A1	A
168	H	168	-7.825	-30.051	1.153	-0.93	0.619718309859155	1	0	0	0.5372881355932203	0.48531050268442477	-0.836782141593947	NO	P68400	CSNK2A1	A
169	R	169	-4.032	-29.799	1.653	-0.08	0.619718309859155	1	0	0	0.2873173582700176	0.4571952534677842	-1.054614205800204	NO	P68400	CSNK2A1	A
170	K	170	-4.274	-32.164	4.612	0.49	0.748936170212766	0	0	0	0.2873173582700176	0.41662005021013887	-0.45221442330388834	NO	P68400	CSNK2A1	A
171	L	171	-1.761	-34.838	5.545	0.49	0.76028880866426	0	0	0.4428092744521347	0.6485973115137346	0.6768233562899392	-0.4678122748149536	NO	P68400	CSNK2A1	A
172	R	172	-1.691	-37.802	7.954	0.49	0.759712230215827	0	0	0.7652671136922241	1	0.7452651065477409	-0.07123241800487928	NO	P68400	CSNK2A1	A
173	L	173	1.165	-40.076	9.013	0.49	0.847172081829121	0	0	2.670887870642613	0.16902631511235106	1.1594102921886238	0.45094745990098034	NO	P68400	CSNK2A1	A
174	I	174	-0.175	-43.641	9.178	0.49	0.734098018769552	0	1	4.660213844988439	0.05426636043841035	0.42551464921360943	0.4379388267241495	NO	P68400	CSNK2A1	A
175	D	175	0.93	-47.22	9.943	0.49	0.722222222222222	0	1	15.035307890681585	5.341949805184181e-5	0.12390041039881236	0.613087115133106	NO	P68400	CSNK2A1	A
176	W	176	2.33	-47.152	13.458	0.49	0.648148148148148	0	1	6.322456120402845	0.006927793469978892	0.49299984112866174	0.6488287838023865	NO	P68400	CSNK2A1	A
177	G	177	2.869	-50.934	13.549	0.49	0.648148148148148	0	1	46.48205706294023	2.2579965899000246e-6	0.03766274205153637	0.8900075920707151	NO	P68400	CSNK2A1	A
178	L	178	6.669	-50.601	13.681	0.49	0.715457154571546	0	0	10.38409817990428	6.767163268381806e-4	0.37970569288274486	0.8813073925093239	NO	P68400	CSNK2A1	A
179	A	179	6.643	-47.619	16.046	0.49	0.720164609053498	0	0	5.797249070103488	0.024684055913724127	0.7001067105317602	0.6907315925931392	NO	P68400	CSNK2A1	A
180	E	180	8.399	-48.02	19.393	0.49	0.720164609053498	0	0	3.659460763993569	0.1142964552842921	0.44729544873935567	0.6907315925931392	NO	P68400	CSNK2A1	A
181	F	181	8.995	-46.148	22.663	0.49	0.720776538620405	0	0	1.975506567896433	0.654986451304394	0.3429881189789796	0.39841259514839483	NO	P68400	CSNK2A1	A
182	Y	182	12.434	-44.588	23.023	0.49	0.72890559732665	0	0	0	0.2873173582700176	0.30371889185899703	0.28292569588031746	NO	P68400	CSNK2A1	A
183	H	183	14.315	-45.616	26.19	0.49	0.787218045112782	0	0	0	0.2873173582700176	0.09412011841612587	-0.2757301120256709	NO	P68400	CSNK2A1	A
184	P	184	17.94	-44.48	26.636	0.49	0.737220109843684	0	0	0	0.2873173582700176	0.16127788508543003	-0.07426648284345945	NO	P68400	CSNK2A1	A
185	G	185	20.383	-47.345	26.327	0.21	0.660984848484848	2	0	0	0.0821050953721907	0.21095947065160228	-0.5800262192611658	NO	P68400	CSNK2A1	A
186	Q	186	17.886	-49.756	24.767	0.49	0.58863443596268	0	0	0	0.2873173582700176	0.6940368164233153	0.03347040133376617	NO	P68400	CSNK2A1	A
187	E	187	19.094	-51.849	21.853	0.49	0.530268199233717	0	0	0	0.08464923932486755	0.5730668326654672	0.28509781048066457	NO	P68400	CSNK2A1	A
188	Y	188	16.444	-52.092	19.149	0.49	0.527756653992396	1	0	0.3451807972754701	0.412199139259338	1.0425023487686584	0.9192211926339044	NO	P68400	CSNK2A1	A
189	N	189	15.823	-54.443	16.258	0.49	0.587484035759898	0	0	0.6047351785281164	1	0.8431627528158762	0.9973100533278713	NO	P68400	CSNK2A1	A
190	V	190	17.607	-53.127	13.151	0.49	0.584706379383185	1	0	2.032518120028168	0.4329337061271383	0.7988964324807547	0.9973100533278713	NO	P68400	CSNK2A1	A
191	R	191	15.259	-55.048	10.797	0.49	0.585241730279898	0	1	3.659460763993569	0.1142964552842921	0.8428074363002315	0.9973100533278713	NO	P68400	CSNK2A1	A
192	V	192	12.718	-52.221	10.71	0.49	0.578616352201258	0	0	5.797249070103488	0.024684055913724127	0.8689351299705309	0.6732919885003076	NO	P68400	CSNK2A1	A
193	A	193	11.716	-49.646	8.068	0.49	0.574282147315855	0	0	10.850634958609636	0.0021566970388690013	0.9574058391038118	0.7083209684816658	NO	P68400	CSNK2A1	A
194	S	194	11.806	-50.33	4.326	0.49	0.567901234567901	0	0	4.660213844988439	0.05426636043841035	1.093299099204221	0.6523875972211096	NO	P68400	CSNK2A1	A
195	R	195	15.089	-50.885	2.481	0.49	0.634191176470588	0	0	3.419598127280789	0.14290941571688795	1.238389528355088	0.3492739236727438	NO	P68400	CSNK2A1	A
196	Y	196	15.227	-47.598	0.526	0.49	0.632841328413284	0	0	2.6847569405130787	0.2548816406402723	1.2343691587995518	0.35537778510523493	NO	P68400	CSNK2A1	A
197	F	197	14.572	-45.562	3.705	0.49	0.634191176470588	0	1	4.660213844988439	0.05426636043841035	1.0245453362270343	0.7542965047071983	NO	P68400	CSNK2A1	A
198	K	198	16.773	-47.475	6.171	0.49	0.632352941176471	1	1	2.670887870642613	0.16902631511235106	0.8409550865760708	0.7596968057876579	NO	P68400	CSNK2A1	A
199	G	199	19.27	-45.348	8.035	0.49	0.634191176470588	0	0	4.254376952374269	0.03890225657877815	0.2661568893820087	0.7596968057876579	NO	P68400	CSNK2A1	A
200	P	200	22.928	-46.353	8.035	0.49	0.63003663003663	0	0	1.448880989981462	0.6869321502576908	0.44867622278590424	0.6336272059165317	NO	P68400	CSNK2A1	A
201	E	201	22.599	-47.378	11.687	0.49	0.557575757575758	0	0	0.9179701020395912	1	0.13338040959153835	0.5997962433666395	NO	P68400	CSNK2A1	A
202	L	202	20.216	-50.105	10.509	0.49	0.563725490196078	0	0	0.9179701020395912	1	0.4373626286180401	0.7231409215507019	NO	P68400	CSNK2A1	A
203	L	203	22.44	-51.163	7.606	0.49	0.566993464052288	0	0	1.130934063252677	1	0.7535714768491891	0.6850906538633176	NO	P68400	CSNK2A1	A
204	V	204	25.589	-51.515	9.753	0.49	0.425245098039216	0	0	0.9222930295940626	1	0.4859087867013282	0.04020776732221194	NO	P68400	CSNK2A1	A
205	D	205	23.616	-53.036	12.675	0.49	0.473181818181818	0	0	0.7196221821367947	0.9999999999999999	0.5550707771433405	0.33259305195262623	NO	P68400	CSNK2A1	A
206	Y	206	24.068	-50.287	15.277	0.49	0.538819875776398	0	0	0.2798663435634488	0.4036802862051254	-0.015756348833804352	0.04560206362015036	NO	P68400	CSNK2A1	A
207	Q	207	21.196	-51.044	17.649	0.49	0.558363417569194	0	0	0.19794292078935416	0.1416631161699146	0.17436692144909627	0.3290227946210211	NO	P68400	CSNK2A1	A
208	M	208	21.255	-48.14	20.124	0.49	0.564040404040404	0	0	0	0.04161295809344509	0.1873357635194076	0.4459199298332596	NO	P68400	CSNK2A1	A
209	Y	209	19.488	-45.751	17.769	0.49	0.563607085346216	0	0	0	0.08464923932486755	0.18513457986933263	0.41373526403456534	NO	P68400	CSNK2A1	A
210	D	210	16.779	-43.164	18.472	0.49	0.634545454545455	1	0	0.7196221821367947	0.9999999999999999	0.06910015056909094	0.48494284701986384	NO	P68400	CSNK2A1	A
211	Y	211	14.356	-40.657	16.892	0.49	0.634545454545455	0	0	4.236877539612014	0.17068965517241383	0.20194140567064073	0.3274540451874367	NO	P68400	CSNK2A1	A
212	S	212	17.026	-39.486	14.44	0.49	0.627240143369176	0	0	3.0208776126340195	0.33233489187609594	-0.49988505379249054	0.3856898659974285	NO	P68400	CSNK2A1	A
213	L	213	16.293	-42.642	12.429	0.49	0.566159818828858	0	0	3.419598127280789	0.14290941571688795	-0.050742692138767226	0.6554481767612121	NO	P68400	CSNK2A1	A
214	D	214	13.064	-41.026	11.22	0.49	0.49469964664311	0	0	4.660213844988439	0.05426636043841035	0.4911918438452	0.7190275451094645	NO	P68400	CSNK2A1	A
215	M	215	14.994	-37.942	10.093	0.49	0.495035460992908	0	0	2.169237722031746	0.31178950430673474	-0.317049554365044	0.4111514414380741	NO	P68400	CSNK2A1	A
216	W	216	17.146	-40.024	7.737	0.49	0.48951048951049	0	0	3.419598127280789	0.14290941571688795	-0.2910056513337521	0.5078602300496148	NO	P68400	CSNK2A1	A
217	S	217	14.013	-41.56	6.209	-0.93	0.54320987654321	0	0	8.861844964832715	0.006385213358957063	0.5293795496141586	0.7190275451094645	NO	P68400	CSNK2A1	A
218	L	218	12.563	-38.081	5.743	0.49	0.611111111111111	0	0	2.670887870642613	0.16902631511235106	0.23423180249408565	0.6054428478774617	NO	P68400	CSNK2A1	A
219	G	219	15.757	-37.021	3.967	0.49	0.611498257839721	0	0	2.0966234699419988	0.29830739048012406	-0.1707675377420113	0.5706102073929812	NO	P68400	CSNK2A1	A
220	C	220	15.35	-39.935	1.565	0.49	0.607266435986159	0	0	2.0966234699419988	0.29830739048012406	0.603857795329282	0.63182969748407	NO	P68400	CSNK2A1	A
221	M	221	11.808	-38.77	0.826	0.49	0.603448275862069	1	0	2.6847569405130787	0.2548816406402723	0.7738637408514795	0.5590255961911289	NO	P68400	CSNK2A1	A
222	L	222	12.909	-35.174	0.278	0.49	0.67281814686659	0	0	0.7196221821367947	0.9999999999999999	0.2714035611787286	0.48657980295056	NO	P68400	CSNK2A1	A
223	A	223	15.733	-36.193	-2.067	0.49	0.670498084291188	0	0	0.7196221821367947	0.9999999999999999	0.07791165257387433	0.14077286259092228	NO	P68400	CSNK2A1	A
224	S	224	13.366	-38.251	-4.219	0.49	0.668193967163039	0	0	1.9244710754817345	0.6064289888953828	0.7474174214009985	0.4131648096950803	NO	P68400	CSNK2A1	A
225	M	225	10.891	-35.355	-4.477	0.49	0.665905631659056	1	0	0.2798663435634488	0.4036802862051254	0.3185438197917763	0.3003475142769013	NO	P68400	CSNK2A1	A
226	I	226	13.221	-32.491	-5.377	0.49	0.603448275862069	0	0	0.23309290323126752	0.2405362135631316	-0.005171186411724835	0.17072171541389244	NO	P68400	CSNK2A1	A
227	F	227	15.396	-34.629	-7.671	0.49	0.670103092783505	0	0	0.4428092744521347	0.6485973115137346	0.1579006407237328	0.3426186230454171	NO	P68400	CSNK2A1	A
228	R	228	12.499	-36.698	-9.123	0.49	0.674329501915709	0	0	0.3451807972754701	0.412199139259338	0.3431018864152951	0.24209562012476973	NO	P68400	CSNK2A1	A
229	K	229	14.358	-39.952	-8.523	-0.08	0.683760683760684	0	0	0.6047351785281164	1	0.9905176377094241	0.639635182470684	NO	P68400	CSNK2A1	A
230	E	230	12.253	-42.634	-6.818	0.49	0.687645687645688	0	0	1.9244710754817345	0.6064289888953828	1.212237273002679	0.8256261153164214	NO	P68400	CSNK2A1	A
231	P	231	13.784	-44.068	-4.681	0.49	0.692488262910798	0	1	1.975506567896433	0.654986451304394	1.2261240293285605	0.16901035239543732	NO	P68400	CSNK2A1	A
232	F	232	16.845	-41.861	-4.274	0.49	0.692007797270955	0	0	1.448880989981462	0.6869321502576908	1.1885372673511325	0.23702323106437617	NO	P68400	CSNK2A1	A
233	F	233	19.037	-44.666	-2.881	0.49	0.747368421052632	0	0	1.130934063252677	1	1.2095469940805241	0.07132390117981831	NO	P68400	CSNK2A1	A
234	H	234	18.094	-47.725	-4.948	0.49	0.747887323943662	0	0	1.448880989981462	0.6869321502576908	1.419343413895891	0.12438814628459897	NO	P68400	CSNK2A1	A
235	G	235	19.776	-50.719	-3.307	0.49	0.748936170212766	0	0	1.975506567896433	0.654986451304394	1.392085637083216	0.5517852141899713	NO	P68400	CSNK2A1	A
236	H	236	19.379	-54.34	-4.424	-0.93	0.683274021352313	0	0	0.9261825919766525	1	1.5560685334521902	0.284470310707231	NO	P68400	CSNK2A1	A
237	D	237	19.597	-55.576	-0.795	0.49	0.628571428571429	1	0	0.6047351785281164	1	1.4169336863825006	0.3683338098390709	NO	P68400	CSNK2A1	A
238	N	238	20.613	-54.282	2.642	0.49	0.720942140296979	0	0	1.448880989981462	0.6869321502576908	1.0711142965640779	0.46315087119246645	NO	P68400	CSNK2A1	A
239	Y	239	24.324	-54.516	1.836	0.49	0.717844433146924	0	0	0.3451807972754701	0.412199139259338	1.0223655321678486	0.42754025905010606	NO	P68400	CSNK2A1	A
240	D	240	24.072	-52.871	-1.564	0.49	0.713272543059777	0	0	0.3451807972754701	0.412199139259338	1.1436412969804413	0.3868424166016942	NO	P68400	CSNK2A1	A
241	Q	241	21.773	-50.264	0.008	0.49	0.624555160142349	0	0	1.130934063252677	1	1.2165743312319828	0.3754780197832873	NO	P68400	CSNK2A1	A
242	L	242	24.742	-48.978	2.017	0.49	0.537244897959184	1	0	0.5838892107602242	0.7007150115671007	0.9361007318486327	0.35537778510523493	NO	P68400	CSNK2A1	A
243	V	243	26.878	-49.033	-1.136	0.49	0.533434650455927	0	0	0	0.15188486265341905	1.1207412808039536	0.025255858845180078	NO	P68400	CSNK2A1	A
244	R	244	24.378	-46.762	-2.912	0.49	0.618374558303887	0	0	0.9179701020395912	1	1.3232341075356195	0.39491027083155544	NO	P68400	CSNK2A1	A
245	I	245	24.533	-44.328	0.005	0.49	0.621428571428571	0	0	1.448880989981462	0.6869321502576908	0.8893988209067002	0.6584601756736939	NO	P68400	CSNK2A1	A
246	A	246	28.338	-44.43	0.096	0.49	0.623655913978495	0	0	0	0.2873173582700176	0.7883470866031155	0.43034555215486814	NO	P68400	CSNK2A1	A
247	K	247	28.564	-43.56	-3.595	0.49	0.536485097636177	0	0	0	0.2873173582700176	1.1197638522378146	0.30885315904636773	NO	P68400	CSNK2A1	A
248	V	248	26.751	-40.29	-2.759	-0.65	0.630434782608696	1	0	0	0.2873173582700176	0.45638110100636503	0.1530376308898531	NO	P68400	CSNK2A1	A
249	L	249	27.802	-39.346	0.803	0.49	0.623655913978495	0	0	0	0.2873173582700176	0.04966454118133825	0.4131648096950803	NO	P68400	CSNK2A1	A
250	G	250	31.302	-40.803	0.343	0.49	0.623214285714286	0	0	0	0.5452659263588545	0.5503434625611249	-0.19354507225512316	NO	P68400	CSNK2A1	A
251	T	251	33.211	-43.469	2.232	0.49	0.622775800711744	0	0	0	0.2873173582700176	0.6742829230408879	-0.22631450486776977	NO	P68400	CSNK2A1	A
252	E	252	35.368	-41.128	4.338	0.49	0.620567375886525	0	0	0	0.5372881355932203	0.8074130188922921	-1.0460573907079267	NO	P68400	CSNK2A1	A
253	D	253	32.475	-40.005	6.541	-0.08	0.534183673469388	0	0	0	0.5372881355932203	0.2600518326074334	-0.9047114821466069	NO	P68400	CSNK2A1	A
254	L	254	31.254	-43.619	6.591	0.49	0.538026721479959	0	0	0	0.2873173582700176	0.3272485141077752	-0.21766518366638715	NO	P68400	CSNK2A1	A
255	Y	255	34.475	-45.043	8.027	0.49	0.630434782608696	0	0	0	0.5372881355932203	0.4968423015281172	-0.9147713991492735	NO	P68400	CSNK2A1	A
256	D	256	34.723	-42.122	10.488	-1.22	0.625448028673835	0	0	0	1	0.14330056272648706	-1.5230243307927436	NO	P68400	CSNK2A1	A
257	Y	257	31.211	-42.998	11.694	0.49	0.69995988768552	0	0	0	0.5452659263588545	-0.27016288421781554	-1.0695443728232807	NO	P68400	CSNK2A1	A
258	I	258	32.078	-46.686	11.999	0.21	0.566544566544567	0	0	0	0.5452659263588545	-0.012236000350156512	-0.9855892307225012	NO	P68400	CSNK2A1	A
259	D	259	35.204	-45.673	13.926	-0.93	0.566993464052288	0	0	0	0.5452659263588545	-0.22542517742815743	-1.9609031642879646	NO	P68400	CSNK2A1	A
260	K	260	33.406	-43.214	16.21	0.49	0.57283950617284	0	0	0	0.5452659263588545	-0.5333007614340418	-1.8264389271236083	NO	P68400	CSNK2A1	A
261	Y	261	30.948	-45.835	17.486	0.49	0.514498141263941	0	0	0	0.5452659263588545	-0.4090191660466632	-1.292847740472777	NO	P68400	CSNK2A1	A
262	N	262	33.442	-48.742	17.343	-1.22	0.514498141263941	0	0	0	0.5452659263588545	-0.07546578551610529	-2.323418747683069	NO	P68400	CSNK2A1	A
263	I	263	31.002	-50.528	15.051	0.49	0.586346738763096	1	0	0	0.5452659263588545	0.09000967011582882	-1.292847740472777	NO	P68400	CSNK2A1	A
264	E	264	31.931	-54.058	13.978	-0.08	0.512177121771218	0	0	0	0.2873173582700176	0.18507778161650817	-1.056873204984565	NO	P68400	CSNK2A1	A
265	L	265	31.32	-54.013	10.238	0.49	0.514074074074074	0	0	0	0.5452659263588545	0.4666078417740871	-0.3016144776798093	NO	P68400	CSNK2A1	A
266	D	266	29.968	-57.2	8.668	0.49	0.569085690856909	0	0	0	0.2873173582700176	0.6584039371022662	0.32357345448330765	NO	P68400	CSNK2A1	A
267	P	267	32.725	-58.793	6.531	0.49	0.635531135531136	0	0	0	0.5452659263588545	0.6624305757658101	0.17480265799636324	NO	P68400	CSNK2A1	A
268	R	268	30.432	-58.758	3.468	-0.36	0.564916564916565	0	0	0	0.5452659263588545	0.7990851436330892	0.4032769344773377	NO	P68400	CSNK2A1	A
269	F	269	30.991	-54.992	3.236	0.49	0.560808080808081	0	0	0	0.5452659263588545	0.8622499761662161	0.28509781048066457	NO	P68400	CSNK2A1	A
270	N	270	34.772	-55.443	3.029	0.49	0.55515443241075	1	0	0	0.5452659263588545	0.8676361905647518	-0.008166054221126323	NO	P68400	CSNK2A1	A
271	D	271	34.936	-55.764	-0.753	0.49	0.563701531443467	0	0	0	0.5372881355932203	0.9288606031839929	0.08295324061024917	NO	P68400	CSNK2A1	A
272	I	272	31.881	-53.787	-1.917	0.49	0.563701531443467	1	0	0	0.5452659263588545	0.969938213540398	0.3572602844255357	NO	P68400	CSNK2A1	A
273	L	273	32.072	-50.345	-0.256	0.49	0.62410071942446	0	0	0	0.2873173582700176	0.9197457700070226	0.284470310707231	NO	P68400	CSNK2A1	A
274	G	274	35.256	-49.328	-2.079	0.49	0.62410071942446	0	0	0	0.5452659263588545	0.9227701800437028	0.38773884484945664	NO	P68400	CSNK2A1	A
275	R	275	36.45	-45.723	-1.964	-0.36	0.625448028673835	0	0	0	0.2873173582700176	0.9165070424862012	0.07936752761919977	NO	P68400	CSNK2A1	A
276	H	276	34.069	-42.943	-2.97	0.49	0.625	0	0	0	0.5452659263588545	0.9536008234149844	0.07936752761919977	NO	P68400	CSNK2A1	A
277	S	277	34.12	-39.171	-2.751	0.49	0.629496402877698	0	0	0	0.5372881355932203	0.9427324182635978	-0.07362289333224527	NO	P68400	CSNK2A1	A
278	R	278	31.29	-37.171	-1.248	0.49	0.631294964028777	1	0	0	0.5452659263588545	0.16704931028977205	-0.16356452752440379	NO	P68400	CSNK2A1	A
279	K	279	29.395	-35.86	-4.273	0.49	0.524193548387097	0	0	0	0.5452659263588545	0.500550666753125	-0.13218953885272078	NO	P68400	CSNK2A1	A
280	R	280	28.135	-32.314	-4.621	0.49	0.524193548387097	0	0	0	0.5452659263588545	-0.2010939384331405	-0.2650718438151433	NO	P68400	CSNK2A1	A
281	W	281	24.345	-32.206	-4.886	0.49	0.488753124132186	0	0	0	0.2873173582700176	-0.7116236434966103	-0.37314945185124687	NO	P68400	CSNK2A1	A
282	E	282	24.471	-30.261	-8.164	0.49	0.488006617038875	0	0	0	0.2873173582700176	-0.7263625757018257	-0.2690985803291558	NO	P68400	CSNK2A1	A
283	R	283	25.416	-33.655	-9.657	-0.65	0.488378527946873	0	0	0	0.5452659263588545	-0.23378470102994378	-0.8600892760357688	NO	P68400	CSNK2A1	A
284	F	284	21.73	-34.676	-9.39	0.49	0.491917502787068	0	0	0	0.5452659263588545	0.0871340944864255	-0.34240196295299746	NO	P68400	CSNK2A1	A
285	V	285	20.171	-31.492	-10.82	-0.08	0.496911847276811	0	0	0	0.5452659263588545	-0.39649888493652613	0.054554393721137406	NO	P68400	CSNK2A1	A
286	H	286	18.912	-31.441	-14.421	0.49	0.400112707805016	1	0	0	0.5372881355932203	-0.3186313318606252	-0.3890953284467378	NO	P68400	CSNK2A1	A
287	S	287	16.367	-29.588	-16.542	0.49	0.400794777178541	0	0	0	0.5372881355932203	-0.49909479741231516	0.23355318623432822	NO	P68400	CSNK2A1	A
288	E	288	13.464	-31.766	-15.355	0.49	0.323260073260073	0	0	0	0.5452659263588545	-0.14146774943421372	0.06076664147813039	NO	P68400	CSNK2A1	A
289	N	289	13.971	-31.152	-11.611	0.49	0.350082644628099	0	0	0	0.2873173582700176	0.08347427771172294	-0.32043947088281916	NO	P68400	CSNK2A1	A
290	Q	290	15.783	-27.8	-11.417	-0.36	0.321167883211679	0	0	0	0.5452659263588545	-0.6256518850787584	0.15918861681125823	NO	P68400	CSNK2A1	A
291	H	291	12.578	-25.916	-10.568	0.49	0.324074074074074	1	0	0	0.5452659263588545	-0.5117284733894312	0.28375316810902107	NO	P68400	CSNK2A1	A
292	L	292	12.336	-27.919	-7.289	0.49	0.327715355805243	0	0	0	0.15188486265341905	-0.09557971315813885	0.2192103342701302	NO	P68400	CSNK2A1	A
293	V	293	15.987	-27.457	-6.277	0.49	0.328947368421053	0	0	0	0.2873173582700176	-0.43404434602079034	0.11585743041046814	NO	P68400	CSNK2A1	A
294	S	294	17.264	-24.334	-4.522	0.49	0.239917976760082	0	0	0	0.5372881355932203	-0.7737420164004619	0.06751908469225369	NO	P68400	CSNK2A1	A
295	P	295	20.259	-23.497	-2.307	0.49	0.239917976760082	0	0	0	0.5372881355932203	-1.0320307902564365	0.1426553619112235	NO	P68400	CSNK2A1	A
296	E	296	17.879	-23.705	0.662	0.49	0.239917976760082	0	0	0	0.5372881355932203	-0.54800065689046	0.41544662705302093	NO	P68400	CSNK2A1	A
297	A	297	16.564	-27.133	-0.359	0.49	0.240137221269297	0	0	0	0.15188486265341905	-0.33223544434831387	0.3863045596530369	NO	P68400	CSNK2A1	A
298	L	298	20.09	-28.505	-0.773	0.49	0.240137221269297	0	0	0	1	-0.7215391527232469	0.11188623508975193	NO	P68400	CSNK2A1	A
299	D	299	21.316	-27.049	2.531	0.49	0.26	0	0	0	1	-0.8175877510948201	0.7412901457669373	NO	P68400	CSNK2A1	A
300	F	300	18.319	-28.602	4.309	-0.36	0.26	0	0	0.9222930295940626	1	-0.8427004130424735	0.8195184508550001	NO	P68400	CSNK2A1	A
301	L	301	18.718	-32.011	2.61	0.49	0.256934306569343	0	0	0.7196221821367947	0.9999999999999999	-0.4827179539761833	0.5474917946875304	NO	P68400	CSNK2A1	A
302	D	302	22.437	-32.15	3.408	0.49	0.144078144078144	1	0	1.2580872573252513	0.9999999999999999	-0.9726780611928103	0.3290227946210211	NO	P68400	CSNK2A1	A
303	K	303	21.639	-31.662	7.08	0.49	0.144199346405229	0	0	3.9017664412177084	0.2781998831092928	-1.3210963073022002	0.609401102477971	NO	P68400	CSNK2A1	A
304	L	304	19.3	-34.691	7.178	0.49	0.257664233576642	0	0	1.2580872573252513	0.9999999999999999	-1.1195873812654917	0.3623481204263491	NO	P68400	CSNK2A1	A
305	L	305	21.431	-37.223	5.263	0.49	0.234625668449198	0	0	1.5869914627761816	0.7064704921138872	-0.4925133102079986	0.17072171541389244	NO	P68400	CSNK2A1	A
306	R	306	24.331	-37.771	7.675	0.49	0.234625668449198	0	0	1.2580872573252513	0.9999999999999999	-0.5554568125608189	-0.37063945275751203	NO	P68400	CSNK2A1	A
307	Y	307	25.867	-41.118	8.62	0.49	0.13	0	0	1.130934063252677	1	-0.18793660567482595	-0.07302527450040378	NO	P68400	CSNK2A1	A
308	D	308	26.194	-40.015	12.251	0.49	0.130970149253731	0	0	1.9244710754817345	0.6064289888953828	-0.5122107458932246	-0.012964581900324732	NO	P68400	CSNK2A1	A
309	H	309	22.638	-40.046	13.59	0.49	0.145522388059701	0	0	3.9017664412177084	0.2781998831092928	-0.6815802181003452	0.4783507812448965	NO	P68400	CSNK2A1	A
310	Q	310	23.636	-37.539	16.297	0.49	0.163712686567164	0	0	3.9017664412177084	0.2781998831092928	-1.095454665606848	0.49782023367467604	NO	P68400	CSNK2A1	A
311	S	311	24.55	-34.917	13.718	-0.36	0.145522388059701	0	0	3.9017664412177084	0.2781998831092928	-1.7278185568604132	0.5324145690100622	NO	P68400	CSNK2A1	A
312	R	312	21.206	-34.985	11.837	0.49	0.164943609022556	0	2	1.9244710754817345	0.6064289888953828	-1.3427148156011388	0.1553194482477937	NO	P68400	CSNK2A1	A
313	L	313	18.732	-32.188	12.438	0.49	0.165719696969697	0	0	1.9244710754817345	0.6064289888953828	-1.1298796971282576	0.5089359439469298	NO	P68400	CSNK2A1	A
314	T	314	16.036	-32.878	14.97	0.49	0.163857677902622	0	0	1.9244710754817345	0.6064289888953828	-0.42254081584933256	0.5353345444540076	NO	P68400	CSNK2A1	A
315	A	315	12.49	-32.415	13.711	0.49	0.293501048218029	0	0	1.9244710754817345	0.6064289888953828	0.06729461860997273	0.39491027083155544	NO	P68400	CSNK2A1	A
316	R	316	12.199	-29.052	15.507	-0.08	0.29404309252218	0	0	3.9017664412177084	0.2781998831092928	0.3785994842396082	0.776603236464997	NO	P68400	CSNK2A1	A
317	E	317	15.588	-27.853	14.194	0.49	0.333015267175573	0	0	3.9017664412177084	0.2781998831092928	-0.24457238150721775	0.3398833676227575	NO	P68400	CSNK2A1	A
318	A	318	14.399	-28.907	10.738	0.49	0.440656565656566	0	0	0.9222930295940626	1	-0.16035225982395648	0.6417268483821293	NO	P68400	CSNK2A1	A
319	M	319	11.233	-26.797	11.092	0.49	0.436953807740325	1	0	0	0.5452659263588545	0.6648668016896838	0.3779070511643208	NO	P68400	CSNK2A1	A
320	E	320	13.33	-23.679	11.782	0.49	0.528301886792453	0	0	0	1	0.7341924989844089	0.2203512429491007	NO	P68400	CSNK2A1	A
321	H	321	15.399	-24.082	8.61	0.49	0.665399239543726	0	0	0	0.2873173582700176	-0.46397863965891917	0.42754025905010606	NO	P68400	CSNK2A1	A
322	P	322	15.207	-21.266	5.996	0.49	0.723140495867769	0	0	0	0.5372881355932203	0.10924860977691775	0.44074503689105776	NO	P68400	CSNK2A1	A
323	Y	323	13.707	-23.739	3.49	0.49	0.815850815850816	0	0	0	0.5452659263588545	-0.024259282561386944	0.46315087119246645	NO	P68400	CSNK2A1	A
324	F	324	10.399	-23.364	5.397	0.49	0.85795763172189	0	0	0	0.2873173582700176	0.655449576245432	0.16901035239543732	NO	P68400	CSNK2A1	A
325	Y	325	10.351	-19.558	5.941	0.49	0.797727272727273	0	0	0	0.5452659263588545	1.2352129692152745	-0.02103243613018599	NO	P68400	CSNK2A1	A
326	T	326	7.651	-19.019	3.311	-0.36	0.745047169811321	0	0	0	0.15188486265341905	1.4555188407055677	-1.1424641740809167	NO	P68400	CSNK2A1	A
327	V	327	5.476	-21.841	4.666	0.49	0.769735403455062	0	0	0	0.0821050953721907	1.5506568380725032	-1.7776333891898792	NO	P68400	CSNK2A1	A
328	V	328	5.866	-20.487	8.212	0.49	0.76839591925331	0	0	0	0.0821050953721907	1.7302242816109483	-1.9996288645912994	NO	P68400	CSNK2A1	A
329	K	329	4.96	-16.946	7.165	0.49	0.789591078066914	0	0	0	0.5452659263588545	2.337845252676537	-3.417150852777942	NO	P68400	CSNK2A1	A
330	D	330	1.934	-18.108	5.181	-0.08	0.751991502920871	1	0	0	0.2873173582700176	2.177579837595692	-3.997588143204079	NO	P68400	CSNK2A1	A
331	Q	331	0.805	-20.333	8.063	0.49	0.774069104327407	0	0	0	0.5452659263588545	2.2334916226676857	-3.7114482465183296	NO	P68400	CSNK2A1	A
332	A	332	0.894	-17.354	10.448	-0.36	0.787334593572779	0	0	0	0.5452659263588545	2.5877880532344752	-5.4237239919169475	NO	P68400	CSNK2A1	A
333	R	333	-1.406	-15.169	8.326	-0.36	0.785770750988142	1	0	0	0.5452659263588545	2.5687449993897906	-6.0658273964414295	NO	P68400	CSNK2A1	A
334	M	334	-3.65	-18.272	8.075	-2.64	0.806818181818182	0	0	0	0.5452659263588545	2.5995367285203916	-6.139454036524313	NO	P68400	CSNK2A1	A
335	G	335	-4.082	-18.868	4.346	-2.64	0.771739130434783	1	0	0	0.2873173582700176	2.4383112091672166	-5.8139147601247885	NO	P68400	CSNK2A1	A
