Uniprot_position	aminoacid	Position_in_structure	x	y	z	paraz	mtr	gscount	pscount	OR	pvalue	mtr3dscore	paraz3dscore	HotSpot3D	Uniprot	gene	chain
1082	T	11	-3.976	-44.732	24.42	-0.36	0.799777220829852	1	0	0	1	-0.23823984224385952	-0.13497981587637756	NO	P51610	HCFC1	B
1083	H	12	-4.799	-43.528	27.928	-0.36	0.829732065687122	0	0	0	1	-0.5885875971699216	0.13952658529087286	NO	P51610	HCFC1	B
1084	E	13	-5.644	-45.889	30.77	-0.36	0.793808734107242	2	0	0	1	-0.9526889200458311	0.7187023316091313	NO	P51610	HCFC1	B
1085	T	14	-9.331	-46.597	31.296	-0.36	0.81484962406015	1	0	0	1	-0.6983387802465045	1.033100305772925	NO	P51610	HCFC1	B
1086	G	15	-10.711	-45.097	34.494	-0.36	0.808768656716418	0	0	0	1	-0.7831217005655094	1.3265194296075526	NO	P51610	HCFC1	B
1087	T	16	-11.952	-47.361	37.281	-0.36	0.766185125735688	1	0	0	0.9999999999999999	-1.3048445567508287	1.7002025795673856	NO	P51610	HCFC1	B
1088	T	17	-14.723	-47.208	39.891	-0.36	0.771213748657358	1	0	0	1	-1.3717470608693525	1.618751966885101	NO	P51610	HCFC1	B
1089	N	18	-13.946	-46.906	43.603	-0.36	0.750524109014675	1	0	5.713494924912613	0.2453507861760716	-1.328333169597968	1.847312269509761	NO	P51610	HCFC1	B
1090	T	19	-16.454	-48.523	45.976	-0.36	0.722672064777328	1	0	5.713494924912613	0.2453507861760716	-1.256419660576876	1.774292524755456	NO	P51610	HCFC1	B
1091	A	20	-17.543	-46.581	49.072	-0.36	0.701178451178451	0	0	4.725458197588662	0.281866070715939	-0.002424435959418828	1.533878396923594	NO	P51610	HCFC1	B
1092	T	21	-18.257	-48.892	52.008	-0.36	0.726973684210526	1	0	0	1	-0.2675728349593122	1.6193603621743669	NO	P51610	HCFC1	B
1093	T	22	-21.218	-47.985	54.207	-0.36	0.722222222222222	0	0	0	0.9999999999999999	0.6873080054777521	1.180975817959369	NO	P51610	HCFC1	B
1094	A	23	-20.784	-48.663	57.919	-0.36	0.743197026022305	1	0	0	0.9999999999999999	0.7402505600722057	1.4629927048257936	NO	P51610	HCFC1	B
1095	T	24	-23.656	-50.521	59.587	-0.36	0.743197026022305	0	0	0	0.9999999999999999	0.9162154753980408	0.9860612226819226	NO	P51610	HCFC1	B
323	C	313	-21.144	-46.066	71.087	0.89	0.876543209876543	0	0	0	1	1.2508135867068064	1.5660390456733992	NO	O15294	OGT	A
324	P	314	-20.757	-47.661	67.624	0.58	0.870848708487085	1	0	0	0.9999999999999999	1.1437912787597573	1.076899588767845	NO	O15294	OGT	A
325	T	315	-22.93	-44.957	66.04	0.58	0.870848708487085	0	0	0	0.9999999999999999	1.490739358942511	1.376118747693477	NO	O15294	OGT	A
326	H	316	-20.072	-42.483	66.522	-0.36	0.657407407407407	0	0	0	0.9999999999999999	1.234066449723518	1.5428708352749163	NO	O15294	OGT	A
327	A	317	-17.481	-44.064	64.239	1.2	0.661710037174721	0	0	0	0.9999999999999999	0.8480436071448602	1.5088587409052507	NO	O15294	OGT	A
328	D	318	-20.185	-45.33	61.866	0.26	0.661710037174721	0	0	0	0.9999999999999999	1.1315861501137061	1.584242639557922	NO	O15294	OGT	A
329	S	319	-21.626	-41.813	61.594	0.26	0.664794007490637	0	0	0	0.9999999999999999	1.3734238567596562	1.6770693737232	NO	O15294	OGT	A
330	L	320	-18.237	-40.239	60.861	0.58	0.661048689138577	0	0	0	0.9999999999999999	0.989144832173637	1.529863750820081	NO	O15294	OGT	A
331	N	321	-17.505	-42.859	58.196	0.26	0.661048689138577	0	0	0	1	0.8165611776340549	1.5722944984732383	NO	O15294	OGT	A
332	N	322	-20.905	-42.536	56.51	1.2	0.991573033707865	0	0	9.515952350345563	0.1686487349349509	1.1429749816154422	1.5656912062998096	NO	O15294	OGT	A
333	L	323	-20.854	-38.728	56.647	1.2	0.991573033707865	0	0	7.166048938760875	0.20761832548487505	1.3935665269525452	1.4704701777796565	NO	O15294	OGT	A
334	A	324	-17.377	-38.792	55.078	0.26	0.99622641509434	0	0	7.166048938760875	0.20761832548487505	1.0934820799505516	1.5171660468400352	NO	O15294	OGT	A
335	N	325	-18.728	-40.95	52.241	1.51	0.997159090909091	0	0	4.725458197588662	0.281866070715939	1.0346799070757269	1.3400465163582593	NO	O15294	OGT	A
336	I	326	-21.272	-38.188	51.55	0.89	0.803041825095057	0	0	9.515952350345563	0.1686487349349509	1.6348647440992767	1.459986685547859	NO	O15294	OGT	A
337	K	327	-18.606	-35.475	51.654	0.58	0.801509433962264	1	0	13.995788372092285	0.1284220608189002	1.4802035024841445	1.5864649466669665	NO	O15294	OGT	A
338	R	328	-16.532	-37.496	49.186	1.51	0.807604562737643	0	0	5.713494924912613	0.2453507861760716	0.8313429720966353	1.5573817101529472	NO	O15294	OGT	A
339	E	329	-19.51	-37.746	46.813	0.89	0.802272727272727	0	1	7.166048938760875	0.20761832548487505	1.4341137075473684	1.171264545940775	NO	O15294	OGT	A
340	Q	330	-20.032	-33.981	47.012	-0.98	0.796240601503759	0	0	13.995788372092285	0.1284220608189002	1.7703805689776766	1.1800471850016547	NO	O15294	OGT	A
341	G	331	-16.377	-33.324	46.174	-0.05	0.796240601503759	0	0	13.995788372092285	0.1284220608189002	1.1856941732754795	0.8479130642518817	NO	O15294	OGT	A
342	N	332	-15.383	-32.165	49.682	0.26	0.796240601503759	0	0	13.995788372092285	0.1284220608189002	1.3517180512776676	1.4735137722985656	NO	O15294	OGT	A
343	I	333	-12.289	-34.354	49.674	1.2	0.793258426966292	1	0	13.995788372092285	0.1284220608189002	0.5978367701957976	1.5019206544750499	NO	O15294	OGT	A
344	E	334	-10.4	-32.528	52.43	0.26	0.792537313432836	0	0	13.995788372092285	0.1284220608189002	0.9243486896694688	1.4485406890664918	NO	O15294	OGT	A
345	E	335	-13.426	-32.717	54.734	0.89	0.793984962406015	0	0	13.995788372092285	0.1284220608189002	1.5666542595044917	1.510566227311371	NO	O15294	OGT	A
346	A	336	-13.843	-36.414	53.904	-0.05	0.788059701492537	0	0	13.995788372092285	0.1284220608189002	0.6840832361901663	1.8185774579575023	NO	O15294	OGT	A
347	V	337	-10.228	-37.105	54.884	-0.05	0.660377358490566	0	0	0	0.9999999999999999	0.0655284544718843	2.001070155576127	NO	O15294	OGT	A
348	R	338	-10.74	-35.404	58.261	0.26	0.660377358490566	0	0	0	0.9999999999999999	0.8698856315355681	2.0406774655821964	NO	O15294	OGT	A
349	L	339	-13.889	-37.402	58.999	2.45	0.660377358490566	0	0	0	0.9999999999999999	0.9834530171545814	1.8651229337315247	NO	O15294	OGT	A
350	Y	340	-12.272	-40.719	58.042	1.82	0.660377358490566	0	0	0	1	0.44463235665537126	1.7262243475049501	NO	O15294	OGT	A
351	R	341	-9.287	-40.025	60.283	0.89	0.660377358490566	0	0	0	1	-0.053713923039900704	1.7678631799939435	NO	O15294	OGT	A
352	K	342	-11.519	-39.021	63.201	0.58	0.660984848484848	0	0	0	1	0.6434711147597459	1.5840196656004928	NO	O15294	OGT	A
353	A	343	-13.467	-42.257	62.691	2.13	0.529277566539924	0	0	0	0.9999999999999999	0.7179139802965321	1.6453464228518284	NO	O15294	OGT	A
354	L	344	-10.139	-44.106	62.948	1.82	0.52377358490566	0	0	0	1	-0.146200486677459	1.7533935607470585	NO	O15294	OGT	A
355	E	345	-9.362	-42.207	66.165	0.26	0.524242424242424	0	0	0	1	0.3226328594748407	1.6319942728621084	NO	O15294	OGT	A
356	V	346	-12.649	-43.369	67.667	1.2	0.524714828897339	0	0	0	1	0.7632263854792389	1.5199977613146303	NO	O15294	OGT	A
357	F	347	-12.409	-46.933	66.31	0.58	0.528735632183908	0	0	0	0.9999999999999999	0.527408406420458	1.495265327793702	NO	O15294	OGT	A
358	P	348	-8.842	-47.866	65.305	0.26	0.528735632183908	0	0	0	1	-0.564221789553796	1.9458796416332438	NO	O15294	OGT	A
359	E	349	-9.742	-51.328	63.942	-0.98	0.435606060606061	0	0	0	1	-1.085941029652557	1.8195612460848263	NO	O15294	OGT	A
360	F	350	-12.376	-49.88	61.568	-0.98	0.32889733840304203	0	0	0	0.9999999999999999	-0.5181250039150243	1.5592828142368302	NO	O15294	OGT	A
361	A	351	-11.853	-51.796	58.313	2.45	0.332375478927203	0	0	0	0.9999999999999999	-1.246471716572252	1.6858178390912362	NO	O15294	OGT	A
362	A	352	-14.355	-49.752	56.281	0.58	0.328301886792453	0	0	0	0.9999999999999999	-0.7410128572745068	1.6500873446844573	NO	O15294	OGT	A
363	A	353	-12.793	-46.457	57.388	1.2	0	0	0	0	0.9999999999999999	-0.27197970353509415	1.7357184048663459	NO	O15294	OGT	A
364	H	354	-9.306	-47.678	56.435	1.51	0	0	0	0	0.9999999999999999	-1.2388454749509124	1.8639956765022994	NO	O15294	OGT	A
365	S	355	-10.51	-48.648	52.96	0.58	0	0	0	0	1	-1.4289630847969188	1.7136195621236097	NO	O15294	OGT	A
366	N	356	-12.645	-45.529	52.461	2.45	0	0	0	4.725458197588662	0.281866070715939	-0.4129525678319834	1.8686638476162685	NO	O15294	OGT	A
367	L	357	-9.768	-43.295	53.606	0.89	0	0	0	0	1	-0.6127548141251478	1.9183162131012157	NO	O15294	OGT	A
368	A	358	-7.434	-45.053	51.176	2.13	0	0	0	0	1	-1.6252632109469203	1.885325343726602	NO	O15294	OGT	A
369	S	359	-9.922	-44.28	48.381	0.26	0	0	0	4.725458197588662	0.281866070715939	-1.2175356788605658	1.7417029704864897	NO	O15294	OGT	A
371	L	361	-5.953	-40.66	49.444	2.45	0	0	0	0	0.9999999999999999	-1.2828243514222368	1.7895966993734123	NO	O15294	OGT	A
372	Q	362	-5.722	-42.387	46.065	-0.05	0	0	0	0	1	-1.6320603731099323	1.6676457470181674	NO	O15294	OGT	A
373	Q	363	-7.813	-39.55	44.615	0.89	0	0	0	0	1	-0.4703674101542506	1.139038753588986	NO	O15294	OGT	A
374	Q	364	-5.297	-37.089	46.128	0.89	0	0	0	0	1	-0.46052927714954267	1.1539363478131197	NO	O15294	OGT	A
375	G	365	-2.353	-38.908	44.522	0.26	0	0	0	0	1	-1.0275729955264163	0.9051143141866121	NO	O15294	OGT	A
376	K	366	-1.064	-40.3	47.841	0.89	0	0	0	0	1	-1.42109076248017	1.2247086663390152	NO	O15294	OGT	A
377	L	367	-0.808	-43.813	46.434	0.58	0	0	0	0	1	-2.347221458750111	1.870650381248624	NO	O15294	OGT	A
378	Q	368	1.627	-45.466	48.855	0.26	0	0	0	0	1	-2.5934766792690285	1.8409586378541258	NO	O15294	OGT	A
379	E	369	-0.322	-44.184	51.863	-0.05	0	0	0	0	1	-2.5934766792690285	1.8627409901949874	NO	O15294	OGT	A
380	A	370	-3.523	-45.523	50.276	2.45	0	0	0	0	1	-2.4844192894363366	2.146207839301357	NO	O15294	OGT	A
381	L	371	-1.955	-48.962	49.788	0.58	0	0	0	0	1	-2.5934766792690285	2.174801821087906	NO	O15294	OGT	A
382	M	372	-0.966	-49.001	53.463	-0.05	0	0	0	0	1	-2.5934766792690285	2.1224892862504703	NO	O15294	OGT	A
383	H	373	-4.567	-48.422	54.56	0.26	0	0	0	0	1	-2.0170475421081324	2.052399965840971	NO	O15294	OGT	A
384	Y	374	-6.016	-50.942	52.095	1.82	0	0	0	0	1	-2.457955687934188	2.0541227299545084	NO	O15294	OGT	A
385	K	375	-3.709	-53.578	53.571	0.58	0	0	0	0	1	-2.481063474293688	2.049767667878671	NO	O15294	OGT	A
386	E	376	-4.739	-52.564	57.092	1.2	0	0	0	0	1	-2.1297441603913585	1.954536977153696	NO	O15294	OGT	A
387	A	377	-8.412	-52.931	56.125	2.45	0	0	0	0	1	-2.0793664400974303	1.9064578459597556	NO	O15294	OGT	A
388	I	378	-7.736	-56.395	54.725	0.89	0	0	0	0	1	-2.343406551927579	1.8042510433533447	NO	O15294	OGT	A
389	R	379	-5.688	-57.477	57.743	0.89	0	0	0	0	1	-2.212417437605868	1.627722561256622	NO	O15294	OGT	A
390	I	380	-8.727	-56.56	59.847	0.89	0	0	0	0	1	-2.071046178586218	1.699609365131806	NO	O15294	OGT	A
391	S	381	-11.177	-58.236	57.444	0.26	0	0	0	0	1	-2.245553023837447	1.6665394188890847	NO	O15294	OGT	A
392	P	382	-9.559	-60.848	55.18	1.2	0	0	0	0	1	-2.4952527696126414	1.8994034193655525	NO	O15294	OGT	A
393	T	383	-12.713	-61.234	53.031	0.58	0	0	0	0	1	-2.5086469391112396	1.7502041831084754	NO	O15294	OGT	A
394	F	384	-13.283	-57.464	52.586	-0.05	0	0	0	0	0.9999999999999999	-2.2021631620864643	1.8628619778031925	NO	O15294	OGT	A
395	A	385	-14.004	-57.41	48.848	1.2	0	0	0	0	0.9999999999999999	-2.080645667427053	1.85789114504557	NO	O15294	OGT	A
396	D	386	-14.485	-53.632	48.573	-0.36	0	0	0	0	1	-1.9763919068581515	1.8623881096710557	NO	O15294	OGT	A
397	A	387	-10.93	-53.167	49.848	1.51	0	0	0	0	0.9999999999999999	-2.176801482147423	1.9456090998982296	NO	O15294	OGT	A
398	Y	388	-9.409	-55.598	47.334	0.58	0	0	0	0	0.9999999999999999	-2.3489566497816554	1.9835125490996997	NO	O15294	OGT	A
399	S	389	-11.175	-53.957	44.383	0.58	0	0	0	0	1	-2.084841761539601	1.756257491687827	NO	O15294	OGT	A
400	N	390	-10.243	-50.457	45.562	2.45	0	0	0	0	1	-2.068643493985561	1.8982642962707563	NO	O15294	OGT	A
401	M	391	-6.638	-51.57	46.028	1.82	0	0	0	0	1	-2.268396237888525	1.886818299789389	NO	O15294	OGT	A
402	G	392	-6.609	-52.96	42.491	2.13	0	0	0	0	1	-2.1271025167544204	1.777710899148458	NO	O15294	OGT	A
403	N	393	-7.573	-49.52	41.184	0.89	0	0	0	0	0.9999999999999999	-1.919494177139495	1.7545389995444973	NO	O15294	OGT	A
404	T	394	-4.573	-48.028	43.008	0.89	0	0	0	0	0.9999999999999999	-2.1891137373990226	1.7832526005484686	NO	O15294	OGT	A
405	L	395	-2.179	-50.685	41.713	2.13	0	0	0	0	1	-2.394269485480035	1.9487072391217786	NO	O15294	OGT	A
406	K	396	-3.467	-50.13	38.174	1.2	0	0	0	0	1	-1.7673997954210383	1.5284723933257225	NO	O15294	OGT	A
407	E	397	-2.732	-46.415	38.505	0.26	0	0	0	0	1	-1.853843685930572	1.5116355622323754	NO	O15294	OGT	A
408	M	398	0.767	-47.337	39.718	0.58	0	0	0	0	0.9999999999999999	-2.2589571902408165	1.6493659000577527	NO	O15294	OGT	A
409	Q	399	1.19	-49.378	36.486	0.89	0	0	0	0	0.9999999999999999	-1.9993965000810665	1.408197267702296	NO	O15294	OGT	A
410	D	400	1.232	-52.71	38.377	0.89	0	0	0	0	1	-2.4894004585282112	2.0136954365434536	NO	O15294	OGT	A
411	V	401	-1.228	-54.485	36.099	0.26	0	0	0	0	0.9999999999999999	-2.1640957849097076	1.7582069211442084	NO	O15294	OGT	A
412	Q	402	-0.522	-57.971	37.473	0.26	0	0	0	0	1	-2.3448837240621994	1.7931395078081211	NO	O15294	OGT	A
413	G	403	-1.105	-56.767	41.035	0.26	0	0	0	0	1	-2.5214239110638474	1.8961832060014168	NO	O15294	OGT	A
414	A	404	-4.341	-55.109	39.937	2.45	0	0	0	0	1	-2.3496265112281383	1.9558159017192174	NO	O15294	OGT	A
415	L	405	-5.516	-58.365	38.31	0.26	0	0	0	0	1	-2.435281162319228	2.108794955518119	NO	O15294	OGT	A
416	Q	406	-4.681	-60.409	41.407	0.26	0	0	0	0	1	-2.51854180033564	2.100413080673317	NO	O15294	OGT	A
417	C	407	-6.743	-57.949	43.489	0.89	0	0	0	0	1	-2.5441774168128517	2.0177298308375238	NO	O15294	OGT	A
418	Y	408	-9.762	-57.893	41.159	1.2	0	0	0	0	0.9999999999999999	-2.278675488225727	1.8863358652269513	NO	O15294	OGT	A
419	T	409	-9.833	-61.682	40.789	0.58	0	0	0	0	1	-2.4780531414440787	2.148841917045916	NO	O15294	OGT	A
420	R	410	-9.668	-62.026	44.577	-0.05	0	0	0	0	1	-2.5934766792690285	2.037322748068021	NO	O15294	OGT	A
421	A	411	-12.534	-59.545	45.022	1.51	0	0	0	0	1	-2.480761966713877	1.9307293044724523	NO	O15294	OGT	A
422	I	412	-14.686	-61.415	42.494	1.82	0	0	0	0	1	-2.4546192271625933	1.7707715036453455	NO	O15294	OGT	A
423	Q	413	-13.817	-64.735	44.133	0.26	0	0	0	0	1	-2.5934766792690285	1.7029823529969175	NO	O15294	OGT	A
424	I	414	-15.064	-63.36	47.459	0.26	0	0	0	0	1	-2.5934766792690285	1.7723394159732682	NO	O15294	OGT	A
425	N	415	-18.207	-61.823	45.93	0.26	0	0	0	0	1	-2.5140459825283075	1.7081793207129994	NO	O15294	OGT	A
426	P	416	-19.194	-63	42.433	2.45	0	0	0	0	1	-2.279959454646903	1.8687752471542156	NO	O15294	OGT	A
427	A	417	-22.008	-60.407	42.511	0.26	0	0	0	0	1	-2.09160036369066	1.6801092790366314	NO	O15294	OGT	A
428	F	418	-19.614	-57.455	43.033	1.51	0	0	0	0	0.9999999999999999	-1.8960375385507888	1.607431931130562	NO	O15294	OGT	A
429	A	419	-20.545	-55.234	40.08	0.58	0	0	0	0	1	-1.5188841568701763	1.612806206136924	NO	O15294	OGT	A
430	D	420	-17.767	-52.658	40.549	0.26	0	0	0	0	1	-1.518569340384136	1.631251366495937	NO	O15294	OGT	A
431	A	421	-15.054	-55.325	40.636	2.45	0	0	0	0	1	-1.9026234427166098	1.8287293141649958	NO	O15294	OGT	A
432	H	422	-16.259	-56.825	37.346	1.51	0	0	0	0	1	-1.5941479774073073	1.6067555767930266	NO	O15294	OGT	A
433	S	423	-16.187	-53.386	35.729	0.58	0	0	0	0	1	-1.218368886996507	1.6562917684741147	NO	O15294	OGT	A
434	N	424	-12.687	-52.634	37.041	1.82	0	0	0	0	1	-1.513311396810408	1.798929538471227	NO	O15294	OGT	A
435	L	425	-11.45	-56	35.768	0.26	0	0	0	0	1	-1.595429943702618	1.7471937914388638	NO	O15294	OGT	A
436	A	426	-12.996	-55.131	32.395	2.13	0	0	0	0	1	-1.1061192668056965	1.496755766806598	NO	O15294	OGT	A
437	S	427	-10.87	-51.974	32.298	-0.05	0	0	0	0	1	-1.095506486653008	1.465750400772073	NO	O15294	OGT	A
438	I	428	-7.746	-54.162	32.484	1.82	0.33364312267658	0	0	0	1	-1.3955841300869845	1.6171525585863022	NO	O15294	OGT	A
439	H	429	-8.874	-56.256	29.507	0.26	0.333333333333333	0	0	0	0.9999999999999999	-1.2662515943843753	1.5166313613164433	NO	O15294	OGT	A
440	K	430	-9.79	-53.085	27.606	-0.05	0.333333333333333	0	0	0	1	-0.5867755738746429	1.1523420840175005	NO	O15294	OGT	A
441	D	431	-6.329	-51.591	28.139	0.26	0.264705882352941	0	0	0	1	-0.658459782296262	0.9908673170333504	NO	O15294	OGT	A
442	S	432	-4.648	-54.918	27.344	0.58	0.262773722627737	0	0	0	1	-0.8051966747242201	0.9360767343509225	NO	O15294	OGT	A
443	G	433	-6.218	-55.188	23.88	-0.05	0.32967032967033	0	0	0	1	-0.24768434027974712	0.6368634567673557	NO	O15294	OGT	A
444	N	434	-8.621	-57.972	24.906	0.89	0.329379562043796	0	0	0	1	-0.7473005303239325	0.8492681254637786	NO	O15294	OGT	A
445	I	435	-11.814	-56.227	23.865	0.26	0.330586080586081	0	0	0	1	-0.7343188304703117	0.9693512919898732	NO	O15294	OGT	A
446	P	436	-14.041	-59.355	23.796	-0.36	0.441574415744157	0	0	0	1	-0.7064691675579517	0.950595247335532	NO	O15294	OGT	A
447	E	437	-13.252	-60.055	27.457	-0.05	0.438725490196078	0	0	0	1	-1.16235627089142	1.2511284661169473	NO	O15294	OGT	A
448	A	438	-13.64	-56.396	28.43	2.45	0.435523114355231	0	0	0	0.9999999999999999	-1.0665491115428356	1.4422082286755014	NO	O15294	OGT	A
449	I	439	-17.076	-56.425	26.794	0.26	0.4375	0	0	0	1	-1.1149173465980249	1.5307662529785837	NO	O15294	OGT	A
450	A	440	-18.153	-59.563	28.652	-0.05	0.328125	0	0	0	1	-1.1778225219861473	1.3904782705519199	NO	O15294	OGT	A
451	S	441	-17.008	-58.167	32.019	0.58	0.2625	0	0	0	1	-1.5334353185431029	1.765271674953282	NO	O15294	OGT	A
452	Y	442	-18.669	-54.784	31.46	1.82	0.260805860805861	0	0	0	0.9999999999999999	-1.2452955376792345	1.4928381819424321	NO	O15294	OGT	A
453	R	443	-21.876	-56.639	30.573	0.58	0.263703703703704	1	0	0	1	-1.27022035184814	1.5268842782058993	NO	O15294	OGT	A
454	T	444	-21.665	-58.736	33.743	0.58	0.263940520446097	0	0	0	1	-1.5898125625609436	1.8517311178483253	NO	O15294	OGT	A
455	A	445	-21.205	-55.503	35.705	1.2	0.264925373134328	0	0	0	0.9999999999999999	-1.4965897723110948	1.8470932595337972	NO	O15294	OGT	A
456	L	446	-24.283	-53.935	34.072	0.58	0.263940520446097	0	0	0	1	-1.4310496223098248	1.8014103551356961	NO	O15294	OGT	A
457	K	447	-26.297	-57.118	34.636	-0.05	0.262222222222222	0	0	0	1	-1.4977134931959724	1.3602727317855066	NO	O15294	OGT	A
458	L	448	-25.461	-56.873	38.352	-0.05	0.325367647058824	0	0	0	1	-1.6861574619512982	1.6572362050763458	NO	O15294	OGT	A
459	K	449	-25.815	-53.067	38.602	0.26	0.323529411764706	0	0	0	1	-1.56668369743082	1.611490057155774	NO	O15294	OGT	A
460	P	450	-28.04	-51.862	35.744	0.26	0.325925925925926	0	0	0	1	-1.3385074792445513	1.3689043014264335	NO	O15294	OGT	A
461	D	451	-27.442	-48.18	36.635	0.26	0.260516605166052	0	0	0	1	-0.9400665535672323	1.0595849177269403	NO	O15294	OGT	A
462	F	452	-23.651	-47.988	36.276	0.26	0.260966542750929	0	0	0	0.9999999999999999	-0.6739677127884385	1.2805564251642911	NO	O15294	OGT	A
463	P	453	-22.402	-45.027	34.213	0.89	0.258608058608059	0	0	0	1	-0.10427454618053368	0.9342339138370581	NO	O15294	OGT	A
464	D	454	-18.677	-45.943	34.292	1.2	0.256934306569343	0	0	0	1	-0.5438439334996091	1.3257979849808483	NO	O15294	OGT	A
465	A	455	-19.417	-49.438	32.983	1.2	0.216666666666667	0	0	0	1	-0.8775378992654348	1.359697493544945	NO	O15294	OGT	A
466	Y	456	-21.952	-48.258	30.4	0.58	0.215073529411765	0	0	0	0.9999999999999999	-0.5321035825329709	1.1362834996034474	NO	O15294	OGT	A
467	C	457	-19.702	-45.569	28.933	0.89	0.366300366300366	0	0	0	1	-0.19829601944042616	0.8202595367528984	NO	O15294	OGT	A
468	N	458	-16.563	-47.724	28.874	2.45	0.366300366300366	0	0	0	1	-0.5720495134654258	1.2897257536456306	NO	O15294	OGT	A
469	L	459	-18.585	-50.552	27.343	1.2	0.213064713064713	0	0	0	0.9999999999999999	-0.7090006307966802	1.3882931257691133	NO	O15294	OGT	A
470	A	460	-19.773	-48.061	24.703	2.13	0.213848039215686	0	0	0	0.9999999999999999	-0.1107324054974777	1.0252753067865115	NO	O15294	OGT	A
471	H	461	-16.162	-47.236	23.87	-0.98	0.212287104622871	0	0	0	0.9999999999999999	-0.367938570868789	1.059179105124419	NO	O15294	OGT	A
472	C	462	-15.311	-50.944	23.588	-0.98	0.253818181818182	0	0	0	0.9999999999999999	-0.6311757646092557	0.9884116305155297	NO	O15294	OGT	A
473	L	463	-18.113	-51.223	21.036	-0.98	0.255272727272727	0	0	0	0.9999999999999999	-0.16374495796043984	0.8744466277118624	NO	O15294	OGT	A
474	Q	464	-16.854	-48.111	19.222	0.26	0.255272727272727	0	0	0	1	-0.033844949649452054	0.6477430993968527	NO	O15294	OGT	A
475	I	465	-13.381	-49.694	19.075	1.2	0.422382671480144	0	0	0	1	-0.1803391224340295	0.4077217267297265	NO	O15294	OGT	A
476	V	466	-14.622	-52.814	17.26	0.26	0.419664268585132	0	0	0	1	-0.0917273237630379	0.23082540280030933	NO	O15294	OGT	A
477	C	467	-17.323	-51.007	15.223	-0.05	0.41726618705036	0	0	0	1	0.26704619457921747	-0.03565820618861286	NO	O15294	OGT	A
478	D	468	-20.151	-52.91	16.87	1.82	0.41726618705036	0	0	0	1	0.1749329844334677	0.3636163044030802	NO	O15294	OGT	A
479	W	469	-23.053	-50.626	15.952	0.58	0.414575866188769	0	0	0	1	0.4209014342181134	0.5534786291540708	NO	O15294	OGT	A
480	T	470	-25.828	-52.774	17.431	0.26	0.53265306122449	0	0	0	1	0.5460986052336034	0.9117836961771133	NO	O15294	OGT	A
481	D	471	-28.504	-50.33	18.62	-0.36	0.619217081850534	0	0	0	1	0.5850236585233707	1.2787237230883892	NO	O15294	OGT	A
482	Y	472	-26.046	-47.492	18.015	-0.05	0.746236559139785	1	0	0	1	0.30341571120883704	0.8743868027581738	NO	O15294	OGT	A
483	D	473	-28.758	-44.816	17.968	0.26	0.835138387484958	0	0	0	0.9999999999999999	0.6091250298070764	1.0185764863142717	NO	O15294	OGT	A
484	E	474	-30.022	-45.849	21.422	0.89	0.835138387484958	0	0	0	0.9999999999999999	0.6539041724914337	0.6791356028633141	NO	O15294	OGT	A
485	R	475	-26.449	-46.11	22.725	0.26	0.721038961038961	0	0	0	0.9999999999999999	0.1624898001814552	0.8472637640878479	NO	O15294	OGT	A
486	M	476	-25.811	-42.472	21.794	1.51	0.715832903558535	0	0	0	0.9999999999999999	0.15217979442751634	0.3372384852392021	NO	O15294	OGT	A
487	K	477	-29.092	-41.456	23.465	0.26	0.719958741619391	0	0	0	0.9999999999999999	0.6041020958438851	0.3009289365925683	NO	O15294	OGT	A
488	K	478	-28.085	-43.019	26.773	-0.36	0.719424460431655	0	0	0	0.9999999999999999	0.35060988717950636	0.3984225391577832	NO	O15294	OGT	A
489	L	479	-24.501	-41.735	26.632	1.2	0.719424460431655	0	0	0	0.9999999999999999	0.04275306980488986	0.5550245819255801	NO	O15294	OGT	A
490	V	480	-25.788	-38.178	26.269	-0.98	0.626785714285714	1	0	0	0.9999999999999999	-0.0658904523280002	0.01816832650690762	NO	O15294	OGT	A
491	S	481	-28.372	-38.813	28.992	-0.98	0.620141342756184	0	0	0	0.9999999999999999	0.26824595240453	-0.027368529949077156	NO	O15294	OGT	A
492	I	482	-25.703	-40.096	31.397	-0.98	0.716326530612245	0	0	0	0.9999999999999999	0.12995098037748998	0.4003357995666921	NO	O15294	OGT	A
493	V	483	-23.437	-37.087	30.816	-0.98	0.716845878136201	0	0	0	0.9999999999999999	-0.2550709366567541	0.03736433053406184	NO	O15294	OGT	A
494	A	484	-26.367	-34.684	31.207	-0.98	0.714285714285714	0	0	0	0.9999999999999999	-0.02461571111470773	-0.27689125324288244	NO	O15294	OGT	A
495	D	485	-27.268	-36.264	34.549	-0.98	0.71889400921659	1	0	0	0.9999999999999999	0.6819315680243944	-0.12197051235057829	NO	O15294	OGT	A
496	Q	486	-23.704	-36.299	35.885	-0.98	0.841726618705036	0	0	9.515952350345563	0.1686487349349509	0.3121785991062819	-0.02674420286827533	NO	O15294	OGT	A
497	L	487	-23.127	-32.674	34.865	-0.98	0.626785714285714	0	0	0	0.9999999999999999	-0.1537031930497517	-0.6098656963372014	NO	O15294	OGT	A
498	E	488	-26.412	-31.605	36.47	-0.98	0.540706605222734	1	0	0	0.9999999999999999	0.2876718908855727	-0.45409608967714027	NO	O15294	OGT	A
499	K	489	-25.551	-33.497	39.673	-0.98	0.540706605222734	0	0	13.995788372092285	0.1284220608189002	1.1440329944212586	-0.10049804201366692	NO	O15294	OGT	A
500	N	490	-22.023	-32.026	39.858	0.89	0.543778801843318	0	0	13.995788372092285	0.1284220608189002	0.6373296743709542	-0.27797342018293897	NO	O15294	OGT	A
501	R	491	-20.235	-35.332	39.277	0.89	0.54030612244898	0	0	13.995788372092285	0.1284220608189002	0.5820115711749929	-0.03958750281619902	NO	O15294	OGT	A
502	L	492	-17.283	-36.377	37.127	1.2	0.544193216855087	0	0	9.515952350345563	0.1686487349349509	0.39277710617754413	-0.12538788163496734	NO	O15294	OGT	A
503	P	493	-18.665	-37.457	33.727	0.58	0.54531490015361	0	0	0	0.9999999999999999	-0.008086561919406864	0.0763009818180697	NO	O15294	OGT	A
504	S	494	-18.015	-41.093	32.864	-0.36	0.54925219185147	0	0	0	1	0.10348221695087095	0.48437156728150427	NO	O15294	OGT	A
505	V	495	-17.082	-40.084	29.287	0.58	0.54925219185147	0	0	0	0.9999999999999999	-0.2475822387039889	0.3951590112354099	NO	O15294	OGT	A
506	H	496	-13.381	-39.283	28.966	-0.05	0.423809523809524	0	0	0	1	-0.3451517561183253	0.15491975015528683	NO	O15294	OGT	A
507	P	497	-12.564	-35.861	27.438	2.45	0.425328554360812	0	0	0	1	-0.5315906911796863	-0.40219479367048144	NO	O15294	OGT	A
508	H	498	-10.581	-37.447	24.59	-0.05	0.428057553956834	0	0	0	1	-0.42110215793353056	-0.3767598022823857	NO	O15294	OGT	A
509	H	499	-13.577	-39.645	23.707	0.89	0.427718040621266	0	0	0	0.9999999999999999	-0.43677239599560075	0.2067203779418428	NO	O15294	OGT	A
510	S	500	-16.245	-36.928	23.923	-0.05	0.430455635491607	0	0	0	1	-0.7205379139534462	0.04366770985435262	NO	O15294	OGT	A
511	M	501	-15.464	-35.904	20.333	1.2	0.25663082437276	0	0	0	1	-0.7835135184136532	-0.18946355571726228	NO	O15294	OGT	A
512	L	502	-16.862	-39.238	19.079	-0.98	0.214975845410628	0	0	0	1	-0.461217692086669	0.46600172722836164	NO	O15294	OGT	A
513	Y	503	-20.386	-38.829	20.489	-0.98	0.214199759326113	0	0	0	0.9999999999999999	-0.16887804074036333	0.38308434141592157	NO	O15294	OGT	A
514	P	504	-23.218	-36.323	19.682	-0.67	0	0	0	0	0.9999999999999999	-0.22167418922722787	0.1754931765200376	NO	O15294	OGT	A
515	L	505	-22.7	-34.178	22.794	-0.98	0	0	0	0	1	-0.63465811720248555	-0.13266452140431298	NO	O15294	OGT	A
516	S	506	-23.104	-30.415	22.758	-0.98	0	0	0	0	1	-1.1778484442456125	-0.7311554210347969	NO	O15294	OGT	A
517	H	507	-19.959	-28.302	22.755	-0.98	0	0	0	0	1	-1.0823303403257765	-0.4645912431906197	NO	O15294	OGT	A
518	G	508	-20.868	-27.109	26.254	-0.98	0	0	0	0	1	-1.0391967538681104	-0.7671961206992671	NO	O15294	OGT	A
519	F	509	-20.942	-30.706	27.495	-0.98	0	0	0	0	0.9999999999999999	-0.5048260483600058	-0.45499789546052083	NO	O15294	OGT	A
520	R	510	-17.589	-31.472	25.867	-0.98	0	0	0	0	1	-0.717343929199425	-0.4492055275441925	NO	O15294	OGT	A
521	K	511	-15.978	-28.406	27.454	-0.98	0	0	0	0	1	-0.7015515764399746	-0.47636094327492506	NO	O15294	OGT	A
522	A	512	-17.613	-29.249	30.797	-0.98	0	0	0	0	1	-0.4447497964317187	-0.4890837167593736	NO	O15294	OGT	A
523	I	513	-16.311	-32.826	30.604	-0.98	0	0	0	0	0.9999999999999999	-0.3151552832516128	-0.4205243198322046	NO	O15294	OGT	A
524	A	514	-12.817	-31.431	30.063	-0.98	0.256834532374101	0	0	0	1	-0.5180508596025437	-0.4430811761801362	NO	O15294	OGT	A
525	E	515	-13.079	-28.887	32.878	-0.98	0.255	0	0	0	1	-0.3763623331566657	-0.4206439697395818	NO	O15294	OGT	A
526	R	516	-14.193	-31.556	35.339	-0.98	0.425	0	0	0	1	-0.025553559167545405	-0.37084301940233627	NO	O15294	OGT	A
527	H	517	-11.331	-33.878	34.39	-0.98	0.425328554360812	0	0	27.33136328963242	0.04411764705882354	-0.18889737437576598	-0.27328403010936064	NO	O15294	OGT	A
528	G	518	-8.909	-31	34.859	-0.98	0.633451957295374	0	0	27.33136328963242	0.04411764705882354	-0.29000651902188196	-0.16180133678011294	NO	O15294	OGT	A
529	N	519	-10.347	-30.41	38.337	-0.98	0.763440860215054	0	0	27.33136328963242	0.04411764705882354	-0.07909123967399362	0.13956847562403635	YES	O15294	OGT	A
530	L	520	-9.039	-33.861	39.279	-0.98	0.764028776978417	0	0	26.33136328963242	0.08691834942932403	-0.1486060735136152	0.1276152857299747	NO	O15294	OGT	A
531	C	521	-5.573	-32.299	38.996	-0.98	0.641304347826087	0	0	27.33136328963242	0.04411764705882354	-0.2180120764777456	-0.019630657947623965	NO	O15294	OGT	A
532	L	522	-6.516	-29.67	41.575	-0.98	0.643636363636364	0	0	13.995788372092285	0.1284220608189002	0.06609491385788029	0.22695294267167562	NO	O15294	OGT	A
533	D	523	-7.26	-32.36	44.171	0.26	0.636690647482014	0	0	13.995788372092285	0.1284220608189002	0.07543925345603891	0.6145904087554163	NO	O15294	OGT	A
534	K	524	-3.733	-33.707	43.647	-0.05	0.640287769784173	0	0	13.995788372092285	0.1284220608189002	-0.1840937383991576	0.45504711348626603	NO	O15294	OGT	A
535	I	525	-1.918	-30.358	43.95	-0.05	0.642599277978339	0	0	13.995788372092285	0.1284220608189002	0.09960541531965576	0.05661292191999566	NO	O15294	OGT	A
536	N	526	-3.97	-28.779	46.746	0.89	0.552795031055901	0	0	0	0.9999999999999999	0.11729907249287594	0.32100598113835405	NO	O15294	OGT	A
537	V	527	-2.455	-31.301	49.177	0.26	0.552795031055901	0	0	0	0.9999999999999999	-0.13169219063196272	0.5239122823989547	NO	O15294	OGT	A
538	L	528	0.951	-29.767	48.392	1.2	0.556830031282586	0	0	0	0.9999999999999999	0.10521765977076192	0.03888505986561496	NO	O15294	OGT	A
539	H	529	-0.132	-26.415	49.916	-0.67	0.487637362637363	1	0	0	0.9999999999999999	0.4928133846718947	-0.13234466910675935	NO	O15294	OGT	A
540	K	530	2.158	-24.464	47.606	-0.98	0.488468634686347	0	0	0	0.9999999999999999	0.4030812133447999	-0.11210674191609166	NO	O15294	OGT	A
541	P	531	1.902	-20.681	47.274	-0.98	0.490277777777778	1	0	0	0.9999999999999999	0.34571194346067696	-0.10915537753411926	NO	O15294	OGT	A
542	P	532	1.597	-18.961	43.892	-0.98	0.580565805658057	0	0	0	0.9999999999999999	0.1638149244470117	-0.17814351996272343	NO	O15294	OGT	A
543	Y	533	4.785	-18.659	41.871	-0.98	0.653136531365314	0	0	0	0.9999999999999999	-0.05828791468139764	-0.5326120062518944	NO	O15294	OGT	A
544	E	534	6.407	-15.3	41.208	-0.98	0.650735294117647	1	0	0	0.9999999999999999	-0.10614284021272365	-0.655080120715272	NO	O15294	OGT	A
545	H	535	6.789	-15.025	37.444	-0.98	0.645985401459854	0	0	0	0.9999999999999999	0.01780336479082402	-0.6520424591291486	NO	O15294	OGT	A
546	P	536	9.327	-13.016	35.422	-0.98	0.65018315018315	0	0	0	0.9999999999999999	0.39184627919544024	-0.6141666162271696	NO	O15294	OGT	A
547	K	537	8.163	-9.732	33.917	-0.98	0.647810218978102	0	0	0	0.9999999999999999	0.9301825203794455	-0.8633424911427516	NO	O15294	OGT	A
548	D	538	11.092	-9.134	31.537	-0.98	0.575831305758313	0	0	0	0.9999999999999999	1.0203058201696649	-0.9187515195639157	NO	O15294	OGT	A
549	L	539	13.816	-10.939	29.58	-0.98	0.575831305758313	0	0	0	0.9999999999999999	0.7668198095313863	-0.6455043671996402	NO	O15294	OGT	A
550	K	540	16.764	-9.415	31.467	-0.98	0.580065359477124	0	0	0	1	0.5197215014663867	-0.7804853685620492	NO	O15294	OGT	A
551	L	541	17.682	-12.564	33.399	-0.98	0.65018315018315	0	0	0	1	0.3263713130940275	-0.8148421347604609	NO	O15294	OGT	A
552	S	542	17.604	-14.52	30.109	-0.36	0.64963503649635	0	0	0	1	0.35420111629742085	-0.37946185886563244	NO	O15294	OGT	A
553	D	543	19.807	-12.033	28.179	-0.98	0.650909090909091	0	0	0	1	0.5191238749188376	-0.29887276921278083	NO	O15294	OGT	A
554	G	544	16.82	-10.914	26.109	-0.67	0.648550724637681	0	0	0	0.9999999999999999	0.6395992603969538	-0.4004386455660037	NO	O15294	OGT	A
555	R	545	15.91	-14.494	25.152	-0.67	0.555900621118012	0	0	0	1	0.5848831319908961	-0.23959514263021964	NO	O15294	OGT	A
556	L	546	12.397	-15.823	25.669	-0.67	0.557922077922078	0	0	0	1	0.7517030670025591	-0.3169314300249743	NO	O15294	OGT	A
557	R	547	12.456	-19.082	27.635	1.2	0.373305526590198	1	0	0	1	0.2050087157334872	0.044151605640556764	NO	O15294	OGT	A
558	V	548	10.007	-21.628	26.193	0.89	0.373305526590198	0	0	0	1	0.16162860482942948	0.21653082176587457	NO	O15294	OGT	A
559	G	549	9.388	-24.944	27.925	1.51	0.373305526590198	0	0	0	1	-0.35603762645567766	0.35974263865174144	NO	O15294	OGT	A
560	Y	550	7.971	-27.931	26.035	0.26	0.216969696969697	0	0	0	1	-0.19130725672264298	0.5929867679344782	NO	O15294	OGT	A
561	V	551	6.391	-30.455	28.426	0.89	0.216787439613527	0	0	13.995788372092285	0.1284220608189002	-0.3324650511865742	0.17032599741961238	NO	O15294	OGT	A
562	S	552	5.715	-33.881	26.965	-0.05	0.430455635491607	0	0	13.995788372092285	0.1284220608189002	-0.30845779812322144	0.1654444835052269	NO	O15294	OGT	A
563	S	553	5.605	-37.55	27.871	-0.98	0.430455635491607	0	0	26.33136328963242	0.08691834942932403	-0.20174416775022658	-0.16340611492379567	NO	O15294	OGT	A
564	D	554	6.248	-38.303	24.197	-0.98	0.429761904761905	0	0	0	1	-0.09712380502413863	-0.08248769222558322	NO	O15294	OGT	A
565	F	555	9.902	-37.4	23.557	-0.98	0.429761904761905	0	0	0	0.9999999999999999	0.17329041892872088	0.26948542464435804	NO	O15294	OGT	A
566	G	556	10.569	-40.831	22.089	-0.98	0.429761904761905	0	0	0	0.9999999999999999	0.3230365531516938	-0.13959132272320934	NO	O15294	OGT	A
567	N	557	9.056	-43.257	19.587	-0.98	0.640569395017794	0	0	0	1	0.4608842520218231	-0.5180115745742295	NO	O15294	OGT	A
568	H	558	5.608	-41.642	19.678	-0.98	0.644642857142857	0	0	0	0.9999999999999999	0.19610997951680587	-0.5393167362065925	NO	O15294	OGT	A
569	P	559	3.584	-39.843	16.984	0.58	0.644642857142857	0	0	26.33136328963242	0.08691834942932403	-0.02495933536261327	-0.6005575471325192	NO	O15294	OGT	A
570	T	560	4.077	-36.455	18.643	1.2	0.770818505338078	0	0	0	1	-0.08518268348174668	-0.3660108836004796	NO	O15294	OGT	A
571	S	561	7.856	-36.709	18.157	-0.05	0.771428571428571	0	0	0	0.9999999999999999	0.06620948168195638	-0.2415127186641111	NO	O15294	OGT	A
572	H	562	7.224	-37.819	14.573	-0.36	0.771428571428571	0	0	9.515952350345563	0.1686487349349509	0.04779661227404667	-0.5900904990336637	NO	O15294	OGT	A
573	L	563	5.51	-34.428	14.204	0.89	0.649819494584838	0	0	13.995788372092285	0.1284220608189002	0.02005860607499338	-0.6087997720529056	NO	O15294	OGT	A
574	M	564	7.719	-31.897	16.01	0.89	0.649819494584838	0	0	0	0.9999999999999999	0.3964461482715772	-0.348674993599966	NO	O15294	OGT	A
575	Q	565	11.104	-33.485	16.835	0.89	0.649819494584838	0	0	0	0.9999999999999999	0.32540040095106787	0.05581216414194114	NO	O15294	OGT	A
576	S	566	12.79	-30.938	14.522	0.26	0.514285714285714	0	0	0	1	0.5827659044713274	0.0022785695365673407	NO	O15294	OGT	A
577	I	567	11.228	-27.852	16.121	0.58	0.636042402826855	1	0	0	1	0.8604224204180584	0.30263762123476284	NO	O15294	OGT	A
578	P	568	13.306	-27.445	19.333	0.58	0.636042402826855	0	0	0	1	0.6381830868552598	0.8964482515134174	NO	O15294	OGT	A
579	G	569	16.552	-27.448	17.341	-0.05	0.763250883392226	0	0	0	1	0.7451079115310063	0.95233444420348	NO	O15294	OGT	A
580	M	570	15.186	-24.954	14.8	0.58	0.757342657342657	0	0	0	1	1.0520852055229184	0.268520884545612	NO	O15294	OGT	A
581	H	571	14.397	-22.243	17.344	0.26	0.630208333333333	0	0	0	1	1.0080272840396227	0.3023863440814989	NO	O15294	OGT	A
582	N	572	16.481	-19.107	16.91	0.89	0.632867132867133	1	0	0	1	0.93188609290169	0.2461561011177769	NO	O15294	OGT	A
583	P	573	19.059	-19.206	19.751	0.58	0.546277665995976	0	0	0	1	0.6444081237164523	0.6050748029031948	NO	O15294	OGT	A
584	D	574	19.525	-15.432	19.525	-0.05	0.542857142857143	0	0	0	1	0.7021678786104565	0.3606323882080713	NO	O15294	OGT	A
585	K	575	15.941	-14.769	20.671	0.26	0.566941499803691	0	0	0	1	0.92705719467927	0.002996468980830859	NO	O15294	OGT	A
586	F	576	14.84	-18.039	22.318	-0.36	0.564945226917058	0	0	0	0.9999999999999999	0.758523800015468	0.15798526138269434	NO	O15294	OGT	A
587	E	577	16.072	-20.493	24.95	-0.05	0.508450704225352	0	0	0	1	0.32261523225155314	0.4028641803897735	NO	O15294	OGT	A
588	V	578	14.403	-23.891	24.654	-0.05	0.565371024734982	0	0	0	1	0.14199488358486093	0.7088044632549556	NO	O15294	OGT	A
589	F	579	13.774	-26.2	27.619	1.51	0.569395017793594	0	0	0	1	-0.03740938621967359	0.746020448266656	NO	O15294	OGT	A
590	C	580	12.272	-29.642	26.955	1.2	0.565371024734982	0	0	0	1	-0.09576254925273477	0.6754156540068698	NO	O15294	OGT	A
591	Y	581	10.721	-31.301	30.02	1.2	0.56140350877193	0	0	0	1	-0.10998527382841265	0.40343102973932693	NO	O15294	OGT	A
592	A	582	10.326	-35.039	29.446	2.13	0.456129236617042	1	0	0	1	-0.07477592777800168	0.35225355153248655	NO	O15294	OGT	A
593	L	583	7.649	-36.801	31.484	0.26	0.377622377622378	0	0	26.33136328963242	0.08691834942932403	-0.1289067291600184	0.035655645891867274	NO	O15294	OGT	A
594	S	584	8.87	-40.223	30.258	-0.98	0.375	0	0	0	1	-0.07973233531870887	-0.035026942140246466	NO	O15294	OGT	A
595	P	585	12.172	-42.083	30.694	-0.98	0.526315789473684	0	0	0	1	0.10048072690234601	0.02944523440389098	NO	O15294	OGT	A
596	D	586	14.645	-42.451	27.839	-0.98	0.529636150234742	0	0	0	0.9999999999999999	0.13168863713131368	-0.18407462723034104	NO	O15294	OGT	A
597	D	587	13.38	-45.199	25.522	-0.98	0.526315789473684	0	0	0	0.9999999999999999	0.1199921187883825	-0.6326536347864687	NO	O15294	OGT	A
598	G	588	16.723	-45.329	23.67	-0.98	0.45933014354067	0	0	0	1	0.050687531490901765	-0.763866376268324	NO	O15294	OGT	A
599	T	589	15.354	-44.311	20.26	-0.98	0.45933014354067	0	0	0	0.9999999999999999	0.2699011849727584	-0.8052800726281798	NO	O15294	OGT	A
600	N	590	16.836	-41.709	17.929	-0.98	0.45645263827082	1	0	0	0.9999999999999999	0.22493963669038367	-0.5063106445348682	NO	O15294	OGT	A
601	F	591	13.787	-39.508	18.542	-0.98	0.458054226475279	0	0	0	1	0.25075207641420555	-0.23233143806408385	NO	O15294	OGT	A
602	R	592	14.855	-39.032	22.165	-0.98	0.461637653127015	0	0	0	0.9999999999999999	0.28859583207012585	0.20628166161479286	NO	O15294	OGT	A
603	V	593	18.534	-38.671	21.198	-0.98	0.461986412164348	0	0	0	1	0.2015646226063425	-0.13738581944863762	NO	O15294	OGT	A
604	K	594	17.686	-35.882	18.77	-0.98	0.461986412164348	0	0	0	1	0.38949932458107117	0.26906196801564025	NO	O15294	OGT	A
605	V	595	15.619	-33.721	21.136	1.82	0.465298142717498	0	0	0	1	0.36235826361197604	0.6213073070040429	NO	O15294	OGT	A
606	M	596	18.136	-34.181	23.945	1.2	0.464935064935065	0	0	0	1	0.2564079946041221	0.6391630615149758	NO	O15294	OGT	A
607	A	597	20.927	-33.116	21.599	1.51	0.515107913669065	0	0	0	0.9999999999999999	0.2750861862323343	0.7843701891080166	NO	O15294	OGT	A
608	E	598	19.164	-30.172	19.937	-0.05	0.430455635491607	0	0	0	1	0.4313540129233793	0.9634385472834557	NO	O15294	OGT	A
609	A	599	17.248	-28.513	22.783	0.89	0.427380952380952	0	0	0	1	0.29147476507173087	1.2209261706080967	NO	O15294	OGT	A
610	N	600	19.259	-25.909	24.679	0.89	0.427718040621266	2	0	0	1	0.28888991242447615	1.1948557852340074	NO	O15294	OGT	A
611	H	601	18.294	-27.777	27.868	0.89	0.427380952380952	0	0	0	1	0.10064307465460375	1.3126917409290524	NO	O15294	OGT	A
612	F	602	16.72	-31.191	28.443	-0.05	0.573476702508961	0	0	0	1	0.0587131005411725	0.896305023536057	NO	O15294	OGT	A
613	I	603	15.206	-32.055	31.83	-0.05	0.514285714285714	0	0	0	1	0.12603238195754887	0.7774258023269051	NO	O15294	OGT	A
614	D	604	14.09	-35.607	32.632	0.89	0.565371024734982	0	0	0	0.9999999999999999	0.15220072385775327	0.5877601318622904	NO	O15294	OGT	A
615	L	605	11.111	-35.005	34.899	0.58	0.567375886524823	0	0	0	0.9999999999999999	0.13908916072503968	0.1529518210354566	NO	O15294	OGT	A
616	S	606	10.428	-38.763	34.973	-0.05	0.547112462006079	0	0	0	1	0.1590365196519887	0.02070465527266512	NO	O15294	OGT	A
617	Q	607	13.102	-38.74	37.71	-0.05	0.551020408163265	0	0	0	0.9999999999999999	0.5176930503909847	0.3011662539039842	NO	O15294	OGT	A
618	I	608	11.076	-36.179	39.712	1.82	0.642857142857143	0	0	0	0.9999999999999999	0.3990789854515793	0.12586305140424595	NO	O15294	OGT	A
619	P	609	7.692	-37.835	40.362	0.26	0.636042402826855	0	0	0	0.9999999999999999	-0.12590295673288385	0.24146671104419862	NO	O15294	OGT	A
620	C	610	6.533	-35.191	42.858	-0.98	0.631578947368421	0	0	0	1	0.10945675238190536	0.3223586898134247	NO	O15294	OGT	A
621	N	611	4.614	-32.575	40.879	-0.98	0.545179202423019	0	0	13.995788372092285	0.1284220608189002	0.09149954717610988	0.23082540280030933	NO	O15294	OGT	A
622	G	612	5.515	-29.957	43.483	-0.98	0.546009150991357	0	0	9.515952350345563	0.1686487349349509	0.17623874381713828	0.11760778581409134	NO	O15294	OGT	A
623	K	613	9.239	-30.594	43.12	-0.98	0.76113074204947	0	0	0	1	0.32997224719826135	0.03834868146923912	NO	O15294	OGT	A
624	A	614	8.963	-30.828	39.325	-0.98	0.756338028169014	0	0	13.995788372092285	0.1284220608189002	0.08391066628045925	0.38035607425707973	NO	O15294	OGT	A
625	A	615	7.06	-27.541	39.023	-0.98	0.76113074204947	0	0	13.995788372092285	0.1284220608189002	-0.016718112510126143	0.10769422853105598	NO	O15294	OGT	A
626	D	616	9.706	-25.998	41.298	-0.98	0.422850412249706	0	0	0	0.9999999999999999	0.15226733824392708	-0.27204016006331866	NO	O15294	OGT	A
627	R	617	12.295	-27.084	38.72	-0.98	0.429256594724221	1	0	0	1	0.20466185625089361	0.14552701439297946	NO	O15294	OGT	A
628	I	618	10.387	-25.501	35.831	-0.98	0.426190476190476	0	0	0	0.9999999999999999	-0.11672003695850583	0.3867089739275009	NO	O15294	OGT	A
629	H	619	9.995	-22.278	37.807	-0.98	0.426190476190476	0	0	0	0.9999999999999999	-0.1250753260152434	-0.01864686982029983	NO	O15294	OGT	A
630	Q	620	13.688	-22.185	38.732	-0.98	0.319642857142857	0	0	0	0.9999999999999999	0.15038869515576658	-0.3858457883440292	NO	O15294	OGT	A
631	D	621	14.574	-22.39	35.029	-0.98	0.319642857142857	0	0	0	1	0.03818102712109176	0.09730178399854185	NO	O15294	OGT	A
632	G	622	12.648	-19.115	34.6	-0.98	0.321942446043165	0	0	0	0.9999999999999999	0.05320411359250164	-0.33270014829436956	NO	O15294	OGT	A
633	I	623	10.224	-20.333	31.925	-0.98	0.324275362318841	0	0	0	0.9999999999999999	-0.0450897078351073	-0.026860356743773336	NO	O15294	OGT	A
634	H	624	8.162	-17.602	30.249	-0.98	0.324275362318841	0	0	0	1	0.25445992688984254	-0.34120640206669706	NO	O15294	OGT	A
635	I	625	5.852	-19.797	28.114	-0.98	0.326642335766423	0	0	0	1	0.08805684630378655	-0.10604702568502067	NO	O15294	OGT	A
636	L	626	5.095	-23.385	29.172	-0.98	0.261313868613139	0	0	13.995788372092285	0.1284220608189002	-0.3380672046005154	0.2034967666691714	NO	O15294	OGT	A
637	V	627	3.638	-25.593	26.415	-0.98	0.261313868613139	0	0	7.166048938760875	0.20761832548487505	-0.5306541602336341	0.32543302771131255	NO	O15294	OGT	A
638	N	628	1.296	-28.474	27.313	-0.98	0.262043795620438	0	0	9.515952350345563	0.1686487349349509	-0.7145512577200356	0.06594844329843308	NO	O15294	OGT	A
639	M	629	1.799	-31.179	24.689	-0.98	0.261313868613139	0	0	9.515952350345563	0.1686487349349509	-0.539843579600101	-0.06196786561304935	NO	O15294	OGT	A
640	N	630	-0.294	-33.899	26.393	-0.98	0.261313868613139	0	0	9.515952350345563	0.1686487349349509	-0.4068691354983697	-0.2513830325129784	NO	O15294	OGT	A
641	G	631	-3.703	-32.595	27.353	-0.98	0.260144927536232	0	0	26.33136328963242	0.08691834942932403	-0.5734571319102972	-0.4208932403799511	NO	O15294	OGT	A
642	Y	632	-5.776	-35.581	28.489	-0.98	0.259636363636364	0	0	5.713494924912613	0.2453507861760716	-0.3175907249560283	-0.58233287207384	NO	O15294	OGT	A
643	T	633	-3.619	-38.357	27.05	-0.98	0	0	0	7.166048938760875	0.20761832548487505	-0.2525074238181754	-0.503300867732836	NO	O15294	OGT	A
644	K	634	-1.513	-41.131	28.532	-0.98	0	0	0	7.166048938760875	0.20761832548487505	-0.4441005257947022	-0.5041463106547551	NO	O15294	OGT	A
645	G	635	1.508	-39.873	30.443	-0.98	0	0	0	7.166048938760875	0.20761832548487505	-0.5676961894279793	-0.17205633092490547	NO	O15294	OGT	A
646	A	636	0.183	-36.39	31.139	-0.98	0.326007326007326	0	0	7.166048938760875	0.20761832548487505	-0.3083845926566256	-0.11161484785242959	NO	O15294	OGT	A
647	R	637	1.078	-34.587	34.361	-0.98	0.328413284132841	0	0	26.33136328963242	0.08691834942932403	-0.2170233172815376	-0.07750199453746554	NO	O15294	OGT	A
648	N	638	-1.331	-31.677	34.078	0.26	0.328413284132841	0	1	26.33136328963242	0.08691834942932403	-0.34940374076638336	-0.32703165479883534	NO	O15294	OGT	A
649	E	639	-0.803	-31.134	37.813	0.89	0.327205882352941	0	0	27.33136328963242	0.04411764705882354	-0.06699560188266365	0.05514923714519638	YES	O15294	OGT	A
650	L	640	2.345	-29.327	36.644	1.2	0.32962962962963	0	0	26.33136328963242	0.08691834942932403	-0.040289547375119104	0.12990513740564294	NO	O15294	OGT	A
651	F	641	0.257	-26.767	34.765	1.2	0.3317843866171	0	0	26.33136328963242	0.08691834942932403	-0.31531471061258814	-0.11709894337070449	NO	O15294	OGT	A
652	A	642	-2.344	-26.486	37.537	-0.05	0.445692883895131	0	0	27.33136328963242	0.04411764705882354	-0.008078517692187525	-0.0036441008786069324	NO	O15294	OGT	A
653	L	643	0.492	-25.188	39.762	-0.36	0.331481481481482	0	0	7.166048938760875	0.20761832548487505	0.09133147445575716	-0.04797132361553815	NO	O15294	OGT	A
654	R	644	1.24	-22.409	37.234	0.26	0.329044117647059	0	0	13.995788372092285	0.1284220608189002	-0.2156591033289824	-0.20280443965439648	NO	O15294	OGT	A
655	P	645	5.067	-22.304	37.333	1.51	0.329044117647059	0	0	9.515952350345563	0.1686487349349509	-0.20201042734282718	-0.21570719932430132	NO	O15294	OGT	A
656	A	646	5.009	-20.039	34.243	0.58	0.262730627306273	0	0	0	1	-0.2533504951660791	-0.08886474740805918	NO	O15294	OGT	A
657	P	647	3.093	-16.818	33.521	-0.36	0.218137254901961	0	0	0	0.9999999999999999	0.33244234107789095	-0.2516846818342485	NO	O15294	OGT	A
658	I	648	1.866	-18.007	30.089	1.2	0.217338217338217	0	0	0	1	0.34750010275780746	-0.3371318795726963	NO	O15294	OGT	A
659	Q	649	0.735	-21.602	29.514	0.26	0.218942189421894	0	0	9.515952350345563	0.1686487349349509	-0.3258269865664624	-0.08812690631256613	NO	O15294	OGT	A
660	A	650	-0.469	-22.846	26.112	-0.98	0.219753086419753	0	0	13.995788372092285	0.1284220608189002	-0.4642044829665574	-0.3426271386441891	NO	O15294	OGT	A
661	M	651	-1.959	-26.022	24.671	-0.98	0.263940520446097	1	0	13.995788372092285	0.1284220608189002	-0.737373822094529	-0.39114794877443304	NO	O15294	OGT	A
662	W	652	-0.134	-27.176	21.532	-0.98	0.262222222222222	0	0	0	0.9999999999999999	-0.5300553255067126	-0.48476797242583575	NO	O15294	OGT	A
663	L	653	-0.412	-30.04	19.076	-0.98	0.439506172839506	0	0	0	0.9999999999999999	-0.4414147144992118	-0.5520708465715446	NO	O15294	OGT	A
664	G	654	-0.58	-33.174	21.227	-0.98	0.439900867410161	0	0	0	0.9999999999999999	-0.48684213865050896	-0.6259530080936769	NO	O15294	OGT	A
665	Y	655	-4.206	-32.944	22.365	-0.98	0.442786069651741	0	0	0	1	-0.4882395440600755	-0.4879138065539071	NO	O15294	OGT	A
666	P	656	-7.037	-32.209	19.817	-0.98	0.442786069651741	0	0	0	0.9999999999999999	-0.5695506899658046	-0.4741887624361169	NO	O15294	OGT	A
667	G	657	-9.367	-30.319	22.123	-0.98	0.527881040892193	0	0	0	0.9999999999999999	-0.7215157175000081	-0.4875756293851394	NO	O15294	OGT	A
668	T	658	-9.777	-27.929	24.994	-0.98	0.525461254612546	0	0	0	0.9999999999999999	-0.783159596040379	-0.6014372807463765	NO	O15294	OGT	A
669	S	659	-8.457	-28.491	28.493	-0.98	0.441140024783147	0	0	26.33136328963242	0.08691834942932403	-0.6469542642423758	-0.565429894977522	NO	O15294	OGT	A
670	G	660	-11.539	-26.673	29.808	-0.36	0.441140024783147	0	0	0	1	-0.7835502610963464	-0.6629702233277586	NO	O15294	OGT	A
671	A	661	-9.263	-25.735	32.711	-0.67	0.438271604938272	0	0	26.33136328963242	0.08691834942932403	-0.4704381468244002	-0.3757101817164662	NO	O15294	OGT	A
672	L	662	-8.499	-22.357	34.254	-0.98	0.439054726368159	0	0	27.33136328963242	0.04411764705882354	-0.34285488193554553	-0.3612664568504156	NO	O15294	OGT	A
673	F	663	-4.746	-23.048	34.396	0.58	0.439054726368159	0	0	26.33136328963242	0.08691834942932403	-0.41737832657294505	-0.09380030608737108	NO	O15294	OGT	A
674	M	664	-4.31	-23.024	30.582	0.58	0.436183395291202	0	0	13.995788372092285	0.1284220608189002	-0.6375162187546175	-0.166167099254171	NO	O15294	OGT	A
675	D	665	-4.257	-19.582	28.948	0.58	0.434944237918216	0	0	0	1	-0.012572196067023483	-0.442348882762053	NO	O15294	OGT	A
676	Y	666	-4.069	-20.386	25.229	-0.98	0.433705080545229	0	0	0	0.9999999999999999	0.15669848307601147	-0.6955545881772551	NO	O15294	OGT	A
677	I	667	-4.608	-23.126	22.692	-0.67	0.260223048327138	0	0	0	0.9999999999999999	-0.07723211958981338	-0.7495111005328801	NO	O15294	OGT	A
678	I	668	-2.359	-22.882	19.641	-0.67	0.215613382899628	1	0	0	0.9999999999999999	-0.09908949756850885	-0.8544076769197209	NO	O15294	OGT	A
679	T	669	-4.507	-23.513	16.563	-0.98	0.214022140221402	0	0	0	1	-0.32028950061958994	-0.9222234718299304	NO	O15294	OGT	A
680	D	670	-5.512	-21.698	13.356	-0.67	0.215432098765432	0	0	0	0.9999999999999999	-0.0867653190164664	-0.9291049436538799	NO	O15294	OGT	A
681	Q	671	-8.451	-19.957	11.733	-0.67	0.183298319327731	0	0	0	0.9999999999999999	-0.1711221047717405	-0.8984608894378556	NO	O15294	OGT	A
682	E	672	-9.384	-23.003	9.644	-0.98	0.18534253850239	0	0	0	0.9999999999999999	-0.4246641122819498	-0.5035613555520219	NO	O15294	OGT	A
683	T	673	-9.294	-25.452	12.557	-0.67	0.185714285714286	0	0	0	0.9999999999999999	-0.623592061047468	-0.6396631251936533	NO	O15294	OGT	A
684	S	674	-10.918	-23.084	15.072	-0.98	0.214285714285714	0	0	0	0.9999999999999999	-0.4382956528963726	-0.53634737570034	NO	O15294	OGT	A
685	P	675	-12.812	-20.205	13.45	-0.98	0.213333333333333	0	0	0	1	-0.3604155455935984	-0.4743867198032004	NO	O15294	OGT	A
686	A	676	-13.477	-17.337	15.83	-0.98	0.321818181818182	0	0	0	1	-0.0048281638647193845	-0.8403238231201446	NO	O15294	OGT	A
687	E	677	-17.218	-18.047	15.633	-0.98	0.365136668385766	0	0	0	1	-0.43675584249684124	-0.7422230374671933	NO	O15294	OGT	A
688	V	678	-16.693	-21.27	17.625	-0.36	0.422939068100358	0	0	0	1	-0.855980560596094	-0.3722572148353648	NO	O15294	OGT	A
689	A	679	-14.414	-19.865	20.344	-0.67	0.422939068100358	0	0	0	1	-0.2931038456966386	-0.7855097150694547	NO	O15294	OGT	A
690	E	680	-17.025	-20.925	22.921	-0.36	0.422939068100358	0	0	0	1	-0.9099257971888071	-0.7284878416895526	NO	O15294	OGT	A
691	Q	681	-15.97	-24.566	22.422	-0.98	0.418439716312057	0	0	0	1	-1.0923108712831175	-0.6800757360525178	NO	O15294	OGT	A
692	Y	682	-12.652	-23.722	24.136	-0.67	0.415492957746479	0	0	0	0.9999999999999999	-0.8173815989688692	-0.7970077388075554	NO	O15294	OGT	A
693	S	683	-11.906	-22.523	27.648	-0.67	0.415492957746479	0	0	0	0.9999999999999999	-0.47035861556630626	-0.7675266468008681	NO	O15294	OGT	A
694	E	684	-8.59	-21.111	26.373	-0.36	0.249295774647887	0	0	0	0.9999999999999999	-0.1490545340928717	-0.6400021332645556	NO	O15294	OGT	A
695	K	685	-8.023	-18.024	24.265	-0.67	0.252857142857143	0	0	0	0.9999999999999999	0.10838072274990654	-0.6128017209874588	NO	O15294	OGT	A
696	L	686	-7.339	-18.799	20.604	-0.67	0.253046594982079	0	0	0	0.9999999999999999	0.04254344712012138	-0.8316997673889411	NO	O15294	OGT	A
697	A	687	-3.775	-18.265	19.347	-0.98	0.252857142857143	0	0	0	1	0.3169198033935604	-0.9180091794373527	NO	O15294	OGT	A
698	Y	688	-3.584	-18.598	15.564	-0.67	0.252142857142857	0	0	0	0.9999999999999999	0.2460890291687476	-1.0581325403529285	NO	O15294	OGT	A
699	M	689	-0.744	-19.955	13.544	-0.98	0.253046594982079	0	0	0	1	0.5263107707548831	-1.0839380596927382	NO	O15294	OGT	A
700	P	690	-0.873	-18.285	10.11	-0.67	0.316308243727599	0	0	0	1	0.5977999345498732	-1.0831056235850023	NO	O15294	OGT	A
701	H	691	-1.594	-21.403	8.028	-0.67	0.317446043165468	1	0	0	1	0.09304514896272077	-1.0691920486414184	NO	O15294	OGT	A
702	T	692	-2.21	-24.575	10.008	-0.67	0.317204301075269	0	0	0	1	-0.15484854803864279	-1.0608331179582573	NO	O15294	OGT	A
703	F	693	-1.134	-25.406	13.546	-0.98	0.316964285714286	0	0	0	1	-0.07969186798133679	-0.8910785537962466	NO	O15294	OGT	A
704	F	694	-0.378	-28.959	12.423	-0.98	0.314946619217082	0	0	7.166048938760875	0.20761832548487505	-0.14789495914353362	-0.81948975698723	NO	O15294	OGT	A
705	I	695	3.118	-29.946	11.321	-0.98	0.314716312056738	0	0	5.713494924912613	0.2453507861760716	0.15226209130018312	-0.7279384338584469	NO	O15294	OGT	A
706	G	696	5.09	-33.094	10.553	-0.98	0.25	0	0	9.515952350345563	0.1686487349349509	-0.03448013286122263	-0.6444222002595837	NO	O15294	OGT	A
707	D	697	8.736	-34.104	10.272	-0.98	0.25	0	0	0	0.9999999999999999	0.0860951968859648	-0.5180115745742295	NO	O15294	OGT	A
708	H	698	8.15	-36.047	7.031	-0.98	0.249824561403509	0	0	9.515952350345563	0.1686487349349509	-0.31927847315706653	-0.816042282306764	NO	O15294	OGT	A
709	A	699	10.702	-34.066	5.013	-0.98	0.311188811188811	0	0	0	0.9999999999999999	-0.2279827785743466	-0.8119273197825996	NO	O15294	OGT	A
710	N	700	13.417	-34.962	7.538	-0.98	0.309440559440559	0	0	0	1	-0.061045611672274874	-0.671495698170641	NO	O15294	OGT	A
711	M	701	12.235	-38.513	8.347	-0.98	0.309233449477352	0	0	0	0.9999999999999999	-0.09166944961934807	-0.8202292377296019	NO	O15294	OGT	A
712	F	702	11.152	-39.773	4.933	-0.98	0.309027777777778	0	0	0	1	-0.5664541112719264	-0.9680867373847076	NO	O15294	OGT	A
713	P	703	13.221	-37.999	2.233	-0.98	0.249477351916376	0	0	0	0.9999999999999999	-0.7045520814176297	-0.9040244493111301	NO	O15294	OGT	A
714	H	704	13.48	-41.27	0.313	-0.98	0.248611111111111	0	0	0	0.9999999999999999	-0.8617013380587417	-0.7807172614777758	NO	O15294	OGT	A
715	L	705	9.812	-40.715	-0.652	-0.98	0.208478513356562	0	0	0	0.9999999999999999	-0.8196005776297367	-0.8562464809072967	NO	O15294	OGT	A
716	K	706	10.559	-37.33	-2.262	-0.67	0.210526315789474	0	0	0	1	-0.4814937185962984	-0.7375851791526652	NO	O15294	OGT	A
717	K	707	11.034	-39.151	-5.583	-0.67	0	0	0	0	1	-0.5027632525448125	-0.5746463039554972	NO	O15294	OGT	A
718	K	708	9.655	-42.344	-7.067	-0.67	0	0	0	0	1	-0.37953286859906515	-0.4623113204111061	NO	O15294	OGT	A
719	A	709	9.862	-44.539	-10.128	-0.98	0	0	0	0	1	-0.12777081982872726	-0.37551601300712595	NO	O15294	OGT	A
720	V	710	7.539	-47.255	-11.389	-0.98	0	0	0	0	1	0.01696606676993342	-0.4005486218810501	NO	O15294	OGT	A
721	I	711	7.781	-50.489	-13.366	-0.98	0.180686908909905	0	0	0	1	0.6725311806070442	-0.5399410632873944	NO	O15294	OGT	A
722	D	712	5.652	-50.673	-16.528	-0.98	0.180819180819181	0	0	0	0.9999999999999999	0.6465947214211861	-0.4798848260309069	NO	O15294	OGT	A
723	F	713	4.43	-54.247	-16.165	-0.36	0.180819180819181	0	0	0	0.9999999999999999	0.7188328216347843	-0.3844586470845021	NO	O15294	OGT	A
724	K	714	2.062	-53.797	-19.139	0.89	0.158216783216783	0	0	0	1	0.3374491217702934	-0.4404894318279001	NO	O15294	OGT	A
729	I	719	1.235	-46.44	-17.288	1.2	0.160460992907801	0	0	0	0.9999999999999999	0.15096138090744457	-0.4458295366628196	NO	O15294	OGT	A
730	Y	720	0.307	-46.272	-13.596	0.58	0.159330985915493	0	0	0	1	-0.21062369969869124	-0.5656945553704705	NO	O15294	OGT	A
731	D	721	1.898	-44.196	-10.844	0.89	0.160460992907801	0	0	0	1	-0.2144719504175187	-0.6959010135696513	NO	O15294	OGT	A
732	N	722	0.819	-46.467	-7.962	-0.05	0.161160714285714	0	0	0	1	-0.613303423557901	-0.684249808535593	NO	O15294	OGT	A
733	R	723	0.828	-50.181	-8.913	0.26	0.16173835125448	0	0	0	1	-0.593139847003284	-0.601683725646693	NO	O15294	OGT	A
734	I	724	4.56	-51.018	-8.66	-0.36	0.16173835125448	0	0	0	1	-0.05643085863196063	-0.6095916015212396	NO	O15294	OGT	A
735	V	725	6.597	-48.278	-6.977	0.89	0.161870503597122	0	0	0	1	-0.17254474014623739	-0.5876613679852052	NO	O15294	OGT	A
736	L	726	10.296	-47.826	-6.216	0.26	0.159574468085106	1	0	0	1	-0.13663604518330857	-0.5134922978643343	NO	O15294	OGT	A
737	N	727	11.748	-45.261	-3.8	-0.05	0.182370820668693	0	0	0	0.9999999999999999	-0.4768591406437021	-0.6076736145868306	NO	O15294	OGT	A
738	G	728	15.278	-44.605	-2.633	2.13	0.182370820668693	0	0	0	0.9999999999999999	-0.49555927558645035	-0.48584495799203437	NO	O15294	OGT	A
739	I	729	18.068	-42.153	-1.845	-0.98	0.285488335310399	0	0	0	0.9999999999999999	-0.5864979975184168	-0.40975730532760163	NO	O15294	OGT	A
740	D	730	20.255	-43.756	-4.517	-0.98	0.283470749901845	0	0	0	0.9999999999999999	-0.34541463280432677	-0.2737193846254754	NO	O15294	OGT	A
741	L	731	17.311	-44.323	-6.891	-0.05	0.382978723404255	0	0	0	0.9999999999999999	-0.2193983890938668	-0.21848606691924294	NO	O15294	OGT	A
742	K	732	18.443	-41.691	-9.4	1.2	0.384642857142857	0	0	0	1	4.603012010957653e-4	0.018107454616529402	NO	O15294	OGT	A
743	A	733	21.993	-43.05	-9.285	-0.05	0.512857142857143	0	0	0	1	0.4251714966756554	0.39023283686255894	NO	O15294	OGT	A
744	F	734	20.481	-46.479	-9.926	1.2	0.512857142857143	0	0	0	0.9999999999999999	0.7890764026959128	-0.18639970739332726	NO	O15294	OGT	A
745	L	735	18.435	-45.365	-12.946	-0.05	0.469208211143695	0	0	0	1	0.809106657563289	-0.31083194363556477	NO	O15294	OGT	A
746	D	736	21.511	-43.762	-14.542	0.26	0.58233581365254	0	0	0	1	1.1617989393869943	-0.06316328258171647	NO	O15294	OGT	A
747	S	737	22.741	-47.322	-15.168	1.2	0.640569395017794	0	0	0	1	1.452477325689429	-0.06316328258171647	NO	O15294	OGT	A
748	L	738	19.574	-48.581	-16.935	1.2	0.636042402826855	0	0	0	1	1.9477425693030856	-0.350613876034234	NO	O15294	OGT	A
749	P	739	19.603	-47.219	-20.51	-0.98	0.636042402826855	0	0	0	1	1.8964786518189976	-0.32930871440187093	NO	O15294	OGT	A
750	D	740	16.047	-48.328	-21.363	-0.98	0.74468085106383	0	0	0	1	1.8886489297289355	-0.6829743974990978	NO	O15294	OGT	A
751	V	741	14.216	-46.347	-18.657	-0.98	0.748817966903073	0	0	0	1	1.308879750013904	-0.5058777777588456	NO	O15294	OGT	A
752	K	742	11.594	-43.91	-19.963	-0.98	0.705194805194805	0	0	0	1	1.0035049092712112	-0.7311554210347969	NO	O15294	OGT	A
753	I	743	10.882	-40.528	-18.363	-0.98	0.705194805194805	0	0	0	0.9999999999999999	0.8088385177382169	-0.627296908433189	NO	O15294	OGT	A
754	V	744	7.206	-39.553	-18.093	-0.98	0.695262483994878	1	0	0	0.9999999999999999	0.6191663766606147	-0.7553636360250225	NO	O15294	OGT	A
755	K	745	6.14	-35.943	-17.489	-0.98	0.767491166077739	0	0	0	0.9999999999999999	1.0945682751370893	-0.8020803963390702	NO	O15294	OGT	A
756	M	746	2.549	-35.656	-16.247	-0.98	0.814005782203662	1	0	0	1	1.2716776423434641	-0.7532906538995896	NO	O15294	OGT	A
772	L	762	8.758	-33.147	-11.134	-0.98	0.884210526315789	1	0	0	1	1.081331296157506	-1.0116826055412707	NO	O15294	OGT	A
773	N	763	8.415	-36.11	-13.529	-0.98	0.890459363957597	0	0	0	1	0.6776377765999674	-0.9472651945305369	NO	O15294	OGT	A
774	M	764	8.423	-39.882	-13.092	-0.98	0.845700824499411	0	0	0	1	0.06297120589246646	-0.39872230552666676	NO	O15294	OGT	A
775	P	765	10.869	-42.494	-14.458	-0.98	0.94806338028169	0	0	0	1	0.2765954389691961	-0.23360457564062095	NO	O15294	OGT	A
776	V	766	9.334	-45.685	-15.836	-0.98	1.08350100603622	0	0	0	0.9999999999999999	0.32081250672586276	-0.27720953763701667	NO	O15294	OGT	A
777	I	767	11.283	-48.95	-15.898	-0.98	1.06087470449173	0	0	0	0.9999999999999999	0.795700760482332	-0.2825868687168642	NO	O15294	OGT	A
778	P	768	10.203	-51.105	-18.864	-0.98	1.02491103202847	0	0	0	1	1.2283859199700253	-0.7079544176987362	NO	O15294	OGT	A
779	M	769	9.465	-54.805	-18.519	-0.98	1.02775800711744	0	0	0	1	1.5927214964670366	-0.6857621536381566	NO	O15294	OGT	A
780	N	770	13.097	-55.858	-18.894	-0.98	1.02049469964664	0	0	0	1	2.1107812234425034	-0.8339366856369846	NO	O15294	OGT	A
781	T	771	15.459	-58.272	-17.146	-0.98	1.02857142857143	0	0	0	1	2.6164669954073774	-0.9456067653189951	NO	O15294	OGT	A
782	I	772	15.922	-56.038	-14.085	-0.98	1.2756183745583	0	0	0	0.9999999999999999	2.1953242222072133	-0.7601347661301979	NO	O15294	OGT	A
783	A	773	12.168	-55.507	-13.79	-0.98	1.26573426573427	0	0	0	0.9999999999999999	1.4577347290006866	-0.7396867087014357	NO	O15294	OGT	A
784	E	774	11.516	-59.255	-13.944	-0.98	1.27017543859649	0	0	0	1	2.603141459718135	-1.1650411204749973	NO	O15294	OGT	A
785	A	775	13.973	-59.88	-11.111	-0.98	1.27017543859649	0	0	0	1	2.6727370969856152	-1.2129656563917868	NO	O15294	OGT	A
786	V	776	12.322	-57.235	-8.921	-0.98	1.00905923344948	0	0	0	1	1.7945140589157182	-1.0319108029592508	NO	O15294	OGT	A
787	I	777	8.866	-58.729	-9.523	-0.98	0.953345070422535	1	0	0	1	1.3942787272288468	-0.967723229570866	NO	O15294	OGT	A
788	E	778	10.291	-62.196	-8.887	-0.98	0.856465005931198	0	0	0	0.9999999999999999	2.7458359309154763	-1.2129656563917868	NO	O15294	OGT	A
789	M	779	11.572	-61.002	-5.498	-0.98	0.970430107526882	0	0	0	1	2.2113543215144036	-1.2129656563917868	NO	O15294	OGT	A
790	I	780	8.099	-59.726	-4.572	-0.98	0.977436823104693	0	0	0	1	1.612444323741821	-1.0825819944204589	NO	O15294	OGT	A
791	N	781	6.254	-62.807	-5.84	-0.98	0.977436823104693	0	0	0	0.9999999999999999	1.804988093046808	-1.2129656563917868	NO	O15294	OGT	A
792	R	782	8.803	-65.164	-4.282	-0.98	0.971223021582734	0	0	0	0.9999999999999999	2.544139464422434	-1.2129656563917868	NO	O15294	OGT	A
793	G	783	8.781	-63.162	-1.034	-0.98	0.967741935483871	0	0	0	0.9999999999999999	2.0594405760231753	-1.2129656563917868	NO	O15294	OGT	A
794	Q	784	12.556	-62.7	-0.967	-0.98	0.967741935483871	0	0	0	1	2.1058508957419435	-1.2129656563917868	NO	O15294	OGT	A
795	I	785	13.964	-60.033	1.352	-0.98	0.971223021582734	0	0	0	1	1.7308965764788773	-1.2129656563917868	NO	O15294	OGT	A
796	Q	786	16.254	-58.186	-1.047	-0.98	0.96505376344086	1	0	0	1	1.8769560370642777	-1.2129656563917868	NO	O15294	OGT	A
797	I	787	18.369	-58.602	-4.166	-0.98	0.96505376344086	0	0	0	1	2.4573631893395866	-1.2129656563917868	NO	O15294	OGT	A
798	T	788	21.387	-56.798	-5.614	-0.98	0.968525179856115	1	0	0	0.9999999999999999	2.301194184000168	-1.0444568042972688	NO	O15294	OGT	A
799	I	789	21.612	-55.314	-9.119	-0.98	0.968525179856115	0	0	0	0.9999999999999999	2.396253592876639	-0.6617983580584461	NO	O15294	OGT	A
800	N	790	24.631	-53.332	-10.357	-0.98	1.04525547445255	0	0	0	0.9999999999999999	1.9835082896074123	-0.1697567261772853	NO	O15294	OGT	A
801	G	791	25.821	-53.217	-6.746	-0.98	1.04615384615385	0	0	0	0.9999999999999999	1.6180739928196373	-0.5996088942954567	NO	O15294	OGT	A
802	F	792	22.53	-51.608	-5.623	-0.98	1.03941605839416	0	0	0	0.9999999999999999	1.1172653844067937	-0.32472303199338143	NO	O15294	OGT	A
803	S	793	20.495	-53.25	-2.854	-0.98	0.782417582417582	0	0	0	1	1.0441434526349944	-0.7665717936184652	NO	O15294	OGT	A
804	I	794	16.806	-53.502	-3.813	-0.98	0.782417582417582	1	0	0	1	1.3613527044648202	-0.7966019262050342	NO	O15294	OGT	A
805	S	795	14.629	-54.303	-0.785	-0.98	0.65625	0	0	0	1	1.2401734527275259	-0.8905700888332769	NO	O15294	OGT	A
806	N	796	11.208	-55.916	-0.458	-0.98	0.65625	0	0	0	0.9999999999999999	1.2504579454851683	-1.0139038955761237	NO	O15294	OGT	A
807	G	797	9.004	-53.269	1.152	-0.98	0.653846153846154	0	0	0	0.9999999999999999	0.7077774219865853	-0.9326844189171436	NO	O15294	OGT	A
808	L	798	7.404	-55.878	3.422	-0.98	0.653846153846154	0	0	0	0.9999999999999999	1.0314353565870022	-1.2129656563917868	NO	O15294	OGT	A
809	A	799	10.753	-56.862	4.996	-0.98	0.658088235294118	0	0	0	1	1.1060004921073465	-1.2129656563917868	NO	O15294	OGT	A
810	T	800	12.125	-53.546	6.324	-0.98	0.66542750929368	0	0	0	1	0.7277687313825021	-1.2129656563917868	NO	O15294	OGT	A
811	T	801	12.317	-54.727	9.944	-0.98	0.667910447761194	0	0	0	0.9999999999999999	0.812922652485061	-1.2129656563917868	NO	O15294	OGT	A
812	Q	802	14.546	-57.628	8.853	-0.98	0.538345864661654	0	0	0	0.9999999999999999	1.2056931851359045	-1.2129656563917868	NO	O15294	OGT	A
813	I	803	16.827	-55.269	6.908	-0.98	0.535820895522388	1	0	0	1	1.047540811522292	-1.2129656563917868	NO	O15294	OGT	A
814	N	804	17.089	-52.294	9.301	-0.98	0.531851851851852	0	0	0	0.9999999999999999	0.6193013157382099	-1.2129656563917868	NO	O15294	OGT	A
815	N	805	14.763	-51.948	12.289	-0.98	0.532342007434944	1	0	0	0.9999999999999999	0.3276551190161223	-1.2129656563917868	NO	O15294	OGT	A
816	K	806	15.795	-48.284	12.684	-0.98	0.534328358208955	0	0	0	0.9999999999999999	0.24761040419013705	-1.2129656563917868	NO	O15294	OGT	A
817	A	807	14.626	-47.543	9.133	-0.98	0.671052631578947	0	0	0	0.9999999999999999	0.17349044562286903	-1.2129656563917868	NO	O15294	OGT	A
818	A	808	11.272	-49.258	9.743	-0.98	0.673584905660377	0	0	0	0.9999999999999999	0.38646504850163627	-1.2129656563917868	NO	O15294	OGT	A
819	T	809	10.578	-47.027	12.762	-0.98	0.669172932330827	0	0	0	1	0.43106239345886127	-1.0599866025928855	NO	O15294	OGT	A
820	G	810	11.601	-43.758	11.093	-0.98	0.333333333333333	0	0	0	0.9999999999999999	0.19885960033135894	-0.9349840236647636	NO	O15294	OGT	A
821	E	811	14.639	-43.341	13.353	-0.98	0.335849056603774	0	0	0	0.9999999999999999	0.1572529931405311	-1.0394807688139731	NO	O15294	OGT	A
822	E	812	16.867	-43.553	10.248	-0.98	0.334269662921348	0	0	0	0.9999999999999999	-0.1248374966729068	-1.2129656563917868	NO	O15294	OGT	A
823	V	813	16.449	-42.945	6.53	-0.98	0.336792452830189	0	0	0	0.9999999999999999	-0.36140128822541023	-0.9923050537708835	NO	O15294	OGT	A
824	P	814	16.341	-46.268	4.623	-0.98	0.33745247148289	0	0	0	0.9999999999999999	0.02158805601655497	-0.9888669192217455	NO	O15294	OGT	A
825	R	815	19.578	-46.974	2.759	-0.98	0.336501901140684	0	0	0	0.9999999999999999	0.0394833350151237	-0.9141673401650653	NO	O15294	OGT	A
826	T	816	18.298	-49.276	0.021	-0.98	0.448669201520913	0	0	0	1	0.6528616844638658	-0.7807172614777758	NO	O15294	OGT	A
827	I	817	15.902	-48.891	-2.907	-0.98	0.504752851711027	0	0	0	1	0.23213297305815697	-0.5756262848532263	NO	O15294	OGT	A
828	I	818	12.529	-50.164	-1.659	-0.98	0.50046992481203	0	0	0	1	0.2840572528120274	-0.8840810080876479	NO	O15294	OGT	A
829	V	819	9.879	-51.891	-3.793	-0.98	0.49533582089552203	0	0	0	1	0.52088298684589	-0.8425995424173351	NO	O15294	OGT	A
830	T	820	6.208	-51.362	-2.9	-0.98	0.493936567164179	0	0	0	1	-0.013158897359537012	-0.7757702126089459	NO	O15294	OGT	A
831	T	821	3.381	-52.99	-4.842	-0.98	0.374200426439232	1	0	0	1	-0.11002060507023192	-0.7601204137835128	NO	O15294	OGT	A
832	R	822	-0.379	-53.401	-4.818	-0.98	0.371747211895911	0	0	0	1	-0.02162546684496913	-0.8580441478083792	NO	O15294	OGT	A
833	S	823	0.147	-57.17	-4.981	-0.98	0.372809346787042	0	0	0	0.9999999999999999	0.4923353917021494	-0.9328046596882611	NO	O15294	OGT	A
834	Q	824	1.837	-57.03	-1.558	-0.98	0.433333333333333	0	0	0	0.9999999999999999	0.6517365536677028	-1.0041820691636376	NO	O15294	OGT	A
835	Y	825	-1.501	-55.971	-0.031	-0.98	0.436567164179104	0	0	0	0.9999999999999999	0.32663853678325594	-1.1186142263056074	NO	O15294	OGT	A
836	G	826	-4.044	-57.773	-2.222	-0.98	0.527819548872181	0	0	0	1	0.10361406994933559	-1.129097718537405	NO	O15294	OGT	A
837	L	827	-5.105	-54.576	-3.997	-0.98	0.531320754716981	0	0	0	1	-0.044944657833342484	-1.083569409416455	NO	O15294	OGT	A
838	P	828	-6.443	-54.826	-7.568	-0.98	0.529811320754717	0	0	0	1	-0.16413396941344752	-1.056797772111214	NO	O15294	OGT	A
839	E	829	-4.164	-53.804	-10.443	-0.98	0.526315789473684	0	0	0	1	-0.5982938686238491	-0.5816371933266608	NO	O15294	OGT	A
840	D	830	-6.999	-52.347	-12.546	-0.98	0.520446096654275	0	0	0	0.9999999999999999	-0.37041803189281747	-0.5815212468687975	NO	O15294	OGT	A
841	A	831	-9.272	-50.485	-10.153	-0.98	0.515129151291513	1	0	0	1	-0.024975464317262473	-0.9787538115081219	NO	O15294	OGT	A
842	I	832	-9.48	-47.389	-7.971	-0.98	0.518518518518519	1	0	0	1	0.22390628848340743	-0.8508559495267147	NO	O15294	OGT	A
843	V	833	-8.225	-47.781	-4.393	-0.98	0.518081180811808	0	0	0	0.9999999999999999	0.052542648027521004	-1.0185445277293566	NO	O15294	OGT	A
844	Y	834	-9.798	-45.539	-1.745	-0.98	0.516176470588235	0	0	0	0.9999999999999999	0.055855382494373745	-1.0691920486414184	NO	O15294	OGT	A
845	C	835	-7.926	-45.768	1.561	-0.98	0.518081180811808	0	0	5.713494924912613	0.2453507861760716	-0.16138553326972604	-1.1410788525166025	NO	O15294	OGT	A
846	N	836	-8.283	-44.821	5.19	-0.98	0.514705882352941	0	0	26.33136328963242	0.08691834942932403	-0.19444758486804664	-0.9770762882879734	NO	O15294	OGT	A
847	F	837	-5.62	-45.882	7.697	-0.98	0.514705882352941	0	0	26.33136328963242	0.08691834942932403	-0.11289913314008122	-1.041048681141896	NO	O15294	OGT	A
848	N	838	-7.222	-44.527	10.893	-0.98	0.516605166051661	0	0	27.33136328963242	0.04411764705882354	-0.12773730771786726	-0.9185260681180705	NO	O15294	OGT	A
849	Q	839	-8.189	-46.462	13.995	-0.98	0.518518518518519	0	0	26.33136328963242	0.08691834942932403	0.08677893738548377	-0.6477793772440773	NO	O15294	OGT	A
850	L	840	-11.582	-48.047	13.365	-0.98	0.514705882352941	0	0	0	1	0.0828834688322188	-0.4692606658766168	NO	O15294	OGT	A
851	Y	841	-13.199	-46.199	16.297	-0.98	0.638686131386861	0	0	0	1	-0.101772237853261	-0.12538788163496734	NO	O15294	OGT	A
852	K	842	-13.121	-43.026	14.163	0.26	0.510948905109489	0	0	0	1	-0.10455247142259295	-0.2306798001269547	NO	O15294	OGT	A
853	I	843	-15.665	-44.706	11.83	2.13	0.510948905109489	0	0	0	1	0.11124210302697465	-0.3975944888645731	NO	O15294	OGT	A
854	D	844	-19.404	-44.582	12.513	-0.05	0.506181818181818	0	0	0	1	0.27970412403681016	0.01879494890785949	NO	O15294	OGT	A
855	P	845	-22.406	-45.887	10.56	2.45	0.639194139194139	0	0	0	0.9999999999999999	0.6198511149144971	-0.10320345936380833	NO	O15294	OGT	A
856	S	846	-22.939	-42.536	8.83	-0.67	0.641025641025641	0	0	0	0.9999999999999999	0.6937997098796941	-0.06636059399551986	NO	O15294	OGT	A
857	T	847	-19.351	-42.57	7.559	-0.67	0.641025641025641	0	0	0	0.9999999999999999	0.44226819411089996	-0.2674222925173878	NO	O15294	OGT	A
858	L	848	-19.497	-46.121	6.196	-0.98	0.63768115942029	0	0	0	0.9999999999999999	0.5444301878409459	-0.566162800681072	NO	O15294	OGT	A
859	Q	849	-22.808	-45.322	4.49	-0.98	0.63768115942029	0	0	0	1	0.7517284631672523	-0.41419118376255554	NO	O15294	OGT	A
860	M	850	-21.092	-42.356	2.832	-0.98	0.641818181818182	0	0	0	0.9999999999999999	0.5328737158969012	0.00399472458061567	NO	O15294	OGT	A
861	W	851	-18.19	-44.534	1.69	-0.67	0.646520146520147	0	0	0	1	0.46988726470712866	-0.4892077018083225	NO	O15294	OGT	A
862	A	852	-20.711	-47.102	0.43	-0.67	0.647058823529412	0	0	0	1	0.6746478984739998	-0.8094719830278494	NO	O15294	OGT	A
863	N	853	-22.419	-44.43	-1.687	-0.36	0.645220588235294	0	0	0	0.9999999999999999	0.7148309933057421	-0.43844331786560836	NO	O15294	OGT	A
864	I	854	-19.044	-43.67	-3.28	-0.67	0.645220588235294	0	0	0	1	0.5524477661780021	-0.5697526813956827	NO	O15294	OGT	A
865	L	855	-18.059	-47.26	-4.068	-0.98	0.644160583941606	0	0	0	0.9999999999999999	0.5889251392392066	-0.8766614688665245	NO	O15294	OGT	A
866	K	856	-21.471	-47.901	-5.624	-0.98	0.645985401459854	0	0	0	1	0.6863030845884354	-0.8349802037577535	NO	O15294	OGT	A
867	R	857	-20.812	-44.996	-8.014	-0.98	0.646520146520147	0	0	0	0.9999999999999999	0.7596143186283074	-0.627946208597223	NO	O15294	OGT	A
868	V	858	-17.278	-46.036	-9.038	-0.98	0.647058823529412	0	0	0	1	0.7205339134592859	-0.6739345719394876	NO	O15294	OGT	A
869	P	859	-17.555	-49.595	-10.418	-0.98	0.432098765432099	0	0	0	1	0.5428184204983177	-0.9973052447662338	NO	O15294	OGT	A
870	N	860	-13.792	-50.215	-10.493	-0.98	0.434944237918216	1	0	0	1	0.4508187974893392	-1.0921958258814772	NO	O15294	OGT	A
871	S	861	-13.066	-49.468	-6.86	-0.98	0.433333333333333	0	0	0	1	0.419532748225757	-1.0361629765906577	NO	O15294	OGT	A
872	V	862	-12.277	-50.935	-3.44	-0.98	0.432598039215686	0	0	0	1	0.295039605010547	-1.175225084357315	NO	O15294	OGT	A
873	L	863	-11.871	-49.559	0.076	-0.98	0.430656934306569	0	0	0	1	0.3524910885527228	-1.121473360550643	NO	O15294	OGT	A
874	W	864	-8.528	-50.164	1.83	-0.98	0.432234432234432	0	0	0	1	0.14577513740797463	-1.1993654502532383	NO	O15294	OGT	A
875	L	865	-8.715	-50.173	5.664	-0.98	0.437037037037037	0	0	0	0.9999999999999999	0.28911977790333737	-1.0284693902699527	NO	O15294	OGT	A
876	L	866	-6.585	-51.249	8.641	-0.98	0.437037037037037	0	0	0	1	0.40208616904761435	-0.9104999966459845	NO	O15294	OGT	A
877	R	867	-7.034	-54.059	11.18	-0.98	0.434194341943419	0	0	0	1	0.4699052649450253	-0.9607821105393257	NO	O15294	OGT	A
878	F	868	-6.999	-51.78	14.193	-0.98	0.646520146520147	0	0	0	1	0.2527615856224483	-0.5109098540301085	NO	O15294	OGT	A
879	P	869	-8.179	-53.941	15.724	-0.98	0.648351648351648	0	0	0	1	0.15845882430622477	-0.6583550996128116	NO	O15294	OGT	A
880	A	870	-8.615	-57.065	13.61	-0.98	0.52014652014652	0	0	0	1	0.3118290585547115	-0.627946208597223	NO	O15294	OGT	A
881	V	871	-11.739	-58.074	15.54	-0.98	0.436654366543665	0	0	0	1	0.10668593879843073	-0.3982188159453749	NO	O15294	OGT	A
882	G	872	-13.443	-55.063	13.951	-0.98	0.4375	0	0	0	1	0.1936052100640332	-0.3778313074791904	NO	O15294	OGT	A
883	E	873	-13.032	-56.496	10.446	-0.98	0.525925925925926	0	0	0	1	0.5060047466427037	-0.8127504690777743	NO	O15294	OGT	A
884	P	874	-16.115	-58.791	10.446	-0.98	0.662313432835821	0	0	0	1	0.5838887899698335	-0.8095879294857125	NO	O15294	OGT	A
885	N	875	-18.284	-56.007	11.888	-0.98	0.759764579989299	0	0	0	1	0.39678531157520874	-0.20330390131903794	NO	O15294	OGT	A
887	Q	877	-17.897	-56.298	6.55	-0.98	0.666666666666667	0	0	0	1	0.5022769276486702	-0.9174221334522085	NO	O15294	OGT	A
888	Q	878	-21.346	-57.177	7.917	-0.98	0.662313432835821	0	0	0	0.9999999999999999	0.5618357765253595	-0.5100276527202798	NO	O15294	OGT	A
889	Y	879	-22.542	-53.557	7.908	-0.98	0.657992565055762	0	0	0	0.9999999999999999	0.6261797767354329	-0.3599195788161857	NO	O15294	OGT	A
890	A	880	-21.079	-52.886	4.466	-0.98	0.653703703703704	0	0	0	1	0.677186761104494	-0.7971270954553556	NO	O15294	OGT	A
891	Q	881	-23.038	-55.826	3.045	-0.98	0.653703703703704	0	0	0	1	0.7748086049437349	-1.1878052750354722	NO	O15294	OGT	A
892	N	882	-26.193	-54.556	4.777	-0.98	0.564498933901919	0	0	0	1	0.8073608080154306	-0.8335308730344634	NO	O15294	OGT	A
893	M	883	-25.563	-51.359	2.783	-0.98	0.562400424853956	1	0	0	0.9999999999999999	0.824242294178636	-0.8342072273719988	NO	O15294	OGT	A
894	G	884	-25.206	-53.202	-0.538	-0.98	0.490706319702602	0	0	0	0.9999999999999999	0.7801464474935254	-1.098600286590357	NO	O15294	OGT	A
895	L	885	-21.417	-53.617	-0.696	-0.98	0.49533582089552203	0	0	0	1	0.6498771493659982	-1.1231071515478064	NO	O15294	OGT	A
896	P	886	-20.124	-57.155	-1.329	-0.98	0.435802469135802	0	0	0	1	0.5674570847284648	-1.189003388433392	NO	O15294	OGT	A
897	Q	887	-17.306	-58.362	0.9	-0.98	0.52639405204461	0	0	0	1	0.6474493754817736	-1.1900925824315007	NO	O15294	OGT	A
898	N	888	-14.634	-58.233	-1.836	-0.98	0.52639405204461	0	0	0	1	0.4314466954526567	-1.2129656563917868	NO	O15294	OGT	A
899	R	889	-15.04	-54.443	-2.041	-0.98	0.52639405204461	2	0	0	0.9999999999999999	0.4516392872804206	-1.1685649834100553	NO	O15294	OGT	A
900	I	890	-13.248	-53.868	1.312	-0.98	0.584882280049566	1	0	0	1	0.526543405232685	-1.185009677106993	NO	O15294	OGT	A
901	I	891	-9.631	-54.952	1.801	-0.98	0.581069958847737	0	0	0	0.9999999999999999	0.3365194462347543	-1.2129656563917868	NO	O15294	OGT	A
902	F	892	-7.905	-54.899	5.197	-0.98	0.651851851851852	0	0	0	0.9999999999999999	0.42158101467268744	-1.2129656563917868	NO	O15294	OGT	A
903	S	893	-4.174	-54.785	5.901	-0.98	0.646520146520147	0	0	0	1	0.38878832158973536	-1.2129656563917868	NO	O15294	OGT	A
904	P	894	-2.369	-55.202	9.234	-0.98	0.650735294117647	0	0	0	1	0.49676719747957326	-1.2129656563917868	NO	O15294	OGT	A
905	V	895	-0.84	-52.293	11.09	-0.98	0.650735294117647	0	0	0	1	0.6007801139836888	-1.2129656563917868	NO	O15294	OGT	A
906	A	896	2.628	-51.638	9.678	-0.98	0.655555555555556	0	0	0	1	0.7577212009665973	-1.2129656563917868	NO	O15294	OGT	A
907	P	897	5.822	-50.04	11.006	-0.98	0.653703703703704	0	0	0	0.9999999999999999	0.7382702291885781	-1.2129656563917868	NO	O15294	OGT	A
908	K	898	5.906	-46.281	10.611	-0.98	0.653136531365314	0	0	13.995788372092285	0.1284220608189002	0.2813071402894446	-1.105732750513457	NO	O15294	OGT	A
909	E	899	8.003	-46.125	7.435	-0.98	0.525925925925926	0	0	0	0.9999999999999999	-0.06692064036352827	-1.1530599864957998	NO	O15294	OGT	A
910	E	900	6.022	-48.82	5.587	-0.98	0.525	0	0	0	1	0.11119490447306993	-1.175225084357315	NO	O15294	OGT	A
911	H	901	2.761	-47.213	6.718	-0.98	0.583333333333333	0	0	13.995788372092285	0.1284220608189002	-0.056726884162583036	-1.2129656563917868	NO	O15294	OGT	A
912	V	902	3.7	-43.904	5.082	-0.98	0.587125871258713	1	0	13.995788372092285	0.1284220608189002	-0.4846578518419009	-1.1732387384607637	NO	O15294	OGT	A
913	R	903	5.328	-45.532	2.054	-0.98	0.59149111937216	0	0	7.166048938760875	0.20761832548487505	-0.6269323170463538	-0.8910785537962466	NO	O15294	OGT	A
914	R	904	2.424	-47.812	1.174	-0.98	0.59149111937216	0	0	0	1	-0.3829970398674045	-0.9610089623047102	NO	O15294	OGT	A
915	G	905	0.096	-44.796	0.987	-0.98	0.440344403444034	0	0	9.515952350345563	0.1686487349349509	-0.65596313920925	-0.9720605387132918	NO	O15294	OGT	A
916	Q	906	1.612	-44.299	-2.478	-0.98	0.329044117647059	0	0	0	1	-0.8629000892577497	-0.7757702126089459	NO	O15294	OGT	A
917	L	907	-0.436	-47.318	-3.645	-0.98	0.329044117647059	1	0	0	1	-0.5523002340627096	-0.845889711383973	NO	O15294	OGT	A
918	A	908	-3.814	-45.639	-3.077	-0.98	0.328125	0	0	0	1	-0.36081728092557985	-0.9184133423951483	NO	O15294	OGT	A
919	D	909	-5.499	-43.331	-5.546	-0.98	0.330555555555556	0	0	0	1	-0.039914965014461436	-0.860750944769612	NO	O15294	OGT	A
920	V	910	-7.46	-41.314	-2.982	-0.98	0.330555555555556	0	0	0	0.9999999999999999	-0.02901014845794185	-0.9128370167399364	NO	O15294	OGT	A
921	C	911	-7.775	-41.111	0.808	-0.98	0.3317843866171	0	0	9.515952350345563	0.1686487349349509	-0.35362197508779825	-0.966715115457645	NO	O15294	OGT	A
922	L	912	-11.26	-40.791	2.317	-0.98	0.333022388059701	0	0	26.33136328963242	0.08691834942932403	0.009539145443903814	-0.6779555722515908	NO	O15294	OGT	A
923	D	913	-10.969	-38.833	5.566	-0.98	0.379182156133829	0	0	13.995788372092285	0.1284220608189002	-0.20836844318535824	-0.48954726608606797	NO	O15294	OGT	A
924	T	914	-13.161	-39.714	8.55	-0.98	0.378492356352135	0	0	13.995788372092285	0.1284220608189002	-0.027834675195454222	-0.360578829940588	NO	O15294	OGT	A
925	P	915	-15.624	-36.857	9.283	-0.98	0.441574415744157	0	0	0	0.9999999999999999	0.04793244745395414	0.060179153881545606	NO	O15294	OGT	A
926	L	916	-16.374	-37.864	12.887	-0.98	0.436739659367397	0	0	0	1	-0.07495754794986907	0.08344109004080762	NO	O15294	OGT	A
927	C	917	-12.744	-37.385	13.919	-0.98	0.524087591240876	0	0	26.33136328963242	0.08691834942932403	-0.24911622164281988	-0.14040294792825173	NO	O15294	OGT	A
928	N	918	-10.304	-36.65	11.109	-0.98	0.327838827838828	0	0	26.33136328963242	0.08691834942932403	-0.3732744156516191	-0.38695254998726886	NO	O15294	OGT	A
929	G	919	-7.02	-38.331	10.528	-0.98	0.327838827838828	0	0	26.33136328963242	0.08691834942932403	-0.512199499334333	-0.6846362967284704	NO	O15294	OGT	A
930	H	920	-4.42	-36.045	12.063	-0.98	0.329963235294118	0	0	26.33136328963242	0.08691834942932403	-0.5332220443709617	-0.6968458100943679	NO	O15294	OGT	A
931	T	921	-0.974	-37.628	11.825	-0.98	0.33210332103321	0	0	13.995788372092285	0.1284220608189002	-0.2895944531764014	-0.7961961136025129	NO	O15294	OGT	A
932	T	922	-2.418	-39.964	9.176	-0.98	0.267657992565056	0	1	13.995788372092285	0.1284220608189002	-0.5758175446983603	-1.005689065565573	NO	O15294	OGT	A
933	G	923	-3.555	-36.947	7.167	-0.98	0	0	0	13.995788372092285	0.1284220608189002	-0.6269101311543114	-0.9553178253442836	NO	O15294	OGT	A
934	M	924	0.025	-35.711	7.018	-0.98	0	0	0	13.995788372092285	0.1284220608189002	-0.5133584988256806	-0.9949336126735777	NO	O15294	OGT	A
935	D	925	1.147	-39.252	6.142	-0.98	0	0	0	26.33136328963242	0.08691834942932403	-0.4252447074403077	-1.0221435526284839	NO	O15294	OGT	A
936	V	926	-1.069	-39.657	3.064	-0.98	0	0	0	13.995788372092285	0.1284220608189002	-0.5532048269022553	-1.1692084714242832	NO	O15294	OGT	A
937	L	927	-0.324	-36.173	1.74	-0.98	0	0	0	9.515952350345563	0.1686487349349509	-0.17414422850403913	-1.138416378299003	NO	O15294	OGT	A
938	W	928	3.413	-36.803	2.052	-0.98	0	0	0	7.166048938760875	0.20761832548487505	-0.27785880129801993	-1.1102702222843805	NO	O15294	OGT	A
939	A	929	2.906	-39.828	-0.22	-0.98	0	0	0	7.166048938760875	0.20761832548487505	-0.604454939815977	-0.9231981895702652	NO	O15294	OGT	A
940	G	930	1.164	-37.619	-2.798	-0.98	0.271698113207547	0	0	0	1	-0.32436551473517644	-0.9969187565733566	NO	O15294	OGT	A
941	T	931	-2.31	-39.073	-2.204	-0.67	0.271698113207547	0	0	9.515952350345563	0.1686487349349509	-0.18623168879576985	-1.0520221050940164	NO	O15294	OGT	A
942	P	932	-5.251	-36.635	-2.372	-0.98	0.271698113207547	0	0	0	0.9999999999999999	0.025102831982758485	-1.016973199470436	NO	O15294	OGT	A
943	M	933	-7.392	-36.685	0.786	-0.67	0.339962121212121	0	0	26.33136328963242	0.08691834942932403	-0.2580876503105882	-0.8895406690239462	NO	O15294	OGT	A
944	V	934	-11.123	-35.892	0.659	-0.98	0.342557251908397	0	0	0	1	0.019353038025212425	-0.48672342291984483	NO	O15294	OGT	A
945	T	935	-12.504	-34.386	3.882	0.26	0.340304182509506	0	0	0	0.9999999999999999	0.00865112199697211	-0.2981964148752455	NO	O15294	OGT	A
946	M	936	-15.673	-32.797	5.274	1.2	0.453738910012674	0	0	0	0.9999999999999999	0.09522677627386911	-0.01888681814403743	NO	O15294	OGT	A
947	P	937	-14.816	-30.474	8.185	-0.36	0.450757575757576	0	0	0	0.9999999999999999	-0.21954428521043728	-0.10827794488001938	NO	O15294	OGT	A
948	G	938	-17.238	-30.558	11.105	2.45	0.453738910012674	0	0	0	1	-0.4034417823817154	-0.004873836037762095	NO	O15294	OGT	A
949	E	939	-17.528	-28.378	14.192	0.58	0.455470737913486	0	0	0	1	-0.684899434233935	-0.2645939016513309	NO	O15294	OGT	A
950	T	940	-15.069	-29.862	16.698	-0.05	0.455470737913486	0	0	0	1	-0.7721188707193066	-0.3717889695247633	NO	O15294	OGT	A
951	L	941	-11.343	-29.196	16.527	0.26	0.455938697318008	0	0	0	0.9999999999999999	-0.6621477523350038	-0.5474329882570166	NO	O15294	OGT	A
952	A	942	-10.722	-32.88	15.797	-0.05	0.452471482889734	0	0	0	1	-0.43705143079921244	-0.3756059936285275	NO	O15294	OGT	A
953	S	943	-13.183	-32.865	12.871	0.58	0.451204055766793	0	0	0	1	-0.48636667254564175	-0.2664077610110847	NO	O15294	OGT	A
954	R	944	-11.551	-29.866	11.131	-0.05	0.448232323232323	0	0	0	1	-0.48346157185756305	-0.35604043990515705	NO	O15294	OGT	A
955	V	945	-7.807	-30.65	11.18	-0.67	0.450381679389313	1	0	13.995788372092285	0.1284220608189002	-0.5631469701928726	-0.5899137968613636	NO	O15294	OGT	A
956	A	946	-7.682	-32.321	7.756	-0.98	0.451282051282051	0	0	26.33136328963242	0.08691834942932403	-0.4593351563362668	-0.6678781686853091	NO	O15294	OGT	A
957	A	947	-9.278	-29.34	6.001	-0.98	0.336206896551724	0	0	0	0.9999999999999999	-0.34978135451796605	-0.5363810705713329	NO	O15294	OGT	A
958	S	948	-6.782	-27.113	7.821	-0.98	0.333650190114068	0	0	0	0.9999999999999999	-0.4223235144650083	-0.6184952839873958	NO	O15294	OGT	A
959	Q	949	-3.998	-29.255	6.341	-0.98	0.335551330798479	0	0	13.995788372092285	0.1284220608189002	-0.37233437509724887	-0.9261914172768043	NO	O15294	OGT	A
960	L	950	-5.481	-29.192	2.831	-0.98	0.335551330798479	0	0	0	0.9999999999999999	-0.07848610392947875	-0.8233855579714335	NO	O15294	OGT	A
961	T	951	-5.913	-25.411	3.003	-0.98	0.536882129277567	0	0	0	0.9999999999999999	0.12633639977621072	-0.8211310435129824	NO	O15294	OGT	A
962	C	952	-2.254	-24.932	3.932	-0.98	0.533333333333333	0	0	0	1	0.1725924335341974	-0.9949236418479628	NO	O15294	OGT	A
963	L	953	-1.315	-27.412	1.192	-0.98	0.669201520912548	0	0	0	1	0.32980323571533476	-1.0271462015531314	NO	O15294	OGT	A
964	G	954	-3.382	-25.413	-1.292	-0.98	0.677606177606178	0	0	0	0.9999999999999999	0.7206913208288463	-0.9868300820213517	NO	O15294	OGT	A
965	C	955	-5.988	-27.997	-2.407	-0.98	0.677606177606178	0	0	0	1	0.49525232321201434	-0.9312839675829528	NO	O15294	OGT	A
966	L	956	-9.277	-26.288	-1.608	-0.98	0.537931034482759	0	0	0	1	0.269200599679212	-0.6310928170844642	NO	O15294	OGT	A
967	E	957	-11.066	-28.588	-4.088	-0.98	0.546303501945525	0	0	0	1	0.657594651422739	-0.31755978502242654	NO	O15294	OGT	A
968	L	958	-10.655	-31.576	-1.747	-0.98	0.678294573643411	0	0	0	1	0.29842845611897306	-0.38433497086278146	NO	O15294	OGT	A
969	I	959	-12.679	-29.889	1.045	0.58	0.673745173745174	0	0	0	0.9999999999999999	0.12940649348117964	-0.15059098010733662	NO	O15294	OGT	A
970	A	960	-16.419	-30.625	1.065	-0.05	0.680933852140078	0	0	0	1	0.20852930963352076	0.11593534599764035	NO	O15294	OGT	A
971	K	961	-19.149	-28.443	2.561	0.26	0.450904392764858	0	0	0	1	0.2675559992901534	0.5429678306912545	NO	O15294	OGT	A
972	N	962	-21.547	-31.39	3.003	0.26	0.447876447876448	0	0	0	1	0.3727160370713856	0.6999068005449914	NO	O15294	OGT	A
973	R	963	-21.902	-35.119	2.393	0.26	0.447876447876448	0	0	0	1	0.4675108928738184	0.2468002481059058	NO	O15294	OGT	A
974	Q	964	-23.106	-34.708	-1.196	0.58	0.447876447876448	0	0	0	1	0.6312858661816975	0.6452288919947663	NO	O15294	OGT	A
975	E	965	-19.988	-32.717	-2.069	1.51	0.445721583652618	0	0	0	1	0.5637017840538718	0.4540419386605218	NO	O15294	OGT	A
976	Y	966	-17.741	-35.182	-0.225	0.26	0.66412213740458	1	0	0	1	0.40304525800733193	0.032371767595149634	NO	O15294	OGT	A
977	E	967	-19.243	-38.023	-2.276	-0.05	0.66412213740458	0	0	0	1	0.6672323866989134	-0.07048382364680482	NO	O15294	OGT	A
978	D	968	-19.164	-36.127	-5.581	0.58	0.65779467680608406	0	0	0	0.9999999999999999	0.725055403995033	0.05631143846162214	NO	O15294	OGT	A
979	I	969	-15.509	-35.149	-5.083	-0.05	0.653409090909091	0	0	0	0.9999999999999999	0.568596595289064	-0.13395503657708155	NO	O15294	OGT	A
980	A	970	-14.448	-38.735	-4.362	-0.05	0.653409090909091	0	0	0	0.9999999999999999	0.5553438657204499	-0.44002216324927745	NO	O15294	OGT	A
981	V	971	-16.478	-40.117	-7.283	0.26	0.651515151515152	0	0	0	1	0.6679695292874659	-0.5584008964332653	NO	O15294	OGT	A
982	K	972	-15.084	-37.557	-9.735	0.58	0.649056603773585	0	0	0	0.9999999999999999	0.8834837982316329	-0.534558933280482	NO	O15294	OGT	A
983	L	973	-11.559	-38.508	-8.628	-0.98	0.653409090909091	0	0	0	0.9999999999999999	0.5835293058389716	-0.775115216829438	NO	O15294	OGT	A
984	G	974	-12.352	-42.188	-9.158	-0.98	0.649812734082397	0	0	0	1	0.5713367226455458	-0.8637587091966198	NO	O15294	OGT	A
985	T	975	-14.052	-41.755	-12.546	-0.67	0.649812734082397	0	0	0	1	0.8411024635817579	-0.7644675801239109	NO	O15294	OGT	A
986	D	976	-12.307	-38.837	-14.321	-0.36	0.656603773584906	1	0	0	0.9999999999999999	1.0563063301393096	-0.6021108968072417	NO	O15294	OGT	A
987	L	977	-8.789	-40.228	-14.555	-0.98	0.651685393258427	0	0	0	1	0.6496236029829954	-0.6420049686706532	NO	O15294	OGT	A
988	E	978	-7.415	-37.038	-16.129	-0.98	0.868159203980099	0	0	0	0.9999999999999999	1.326111484291579	-0.9435060883177089	NO	O15294	OGT	A
989	Y	979	-8.697	-35.055	-13.143	-0.98	0.868159203980099	0	0	0	0.9999999999999999	0.9928583747281154	-0.7965666381526411	NO	O15294	OGT	A
990	L	980	-7.231	-37.651	-10.764	-0.98	0.865671641791045	0	0	0	0.9999999999999999	0.5999860061037939	-0.6767857553106494	NO	O15294	OGT	A
991	K	981	-3.843	-37.276	-12.457	-0.98	0.644981412639405	0	0	0	0.9999999999999999	0.5566795337052248	-0.6175805952642528	NO	O15294	OGT	A
992	K	982	-4.087	-33.487	-12.142	-0.98	0.430348258706468	0	0	0	0.9999999999999999	1.0226952214171479	-0.9606854884911065	NO	O15294	OGT	A
993	V	983	-5.053	-33.507	-8.46	-0.98	0.650375939849624	0	0	0	0.9999999999999999	0.7666635016713078	-0.9312839675829528	NO	O15294	OGT	A
994	R	984	-2.467	-36.145	-7.506	-0.98	0.644981412639405	0	0	0	0.9999999999999999	0.20736325642870992	-1.0139038955761237	NO	O15294	OGT	A
995	G	985	0.151	-34.022	-9.277	-0.98	0.773977695167286	0	0	0	1	0.9084209355067541	-1.0146972134457142	NO	O15294	OGT	A
996	K	986	-0.917	-31.026	-7.199	-0.67	0.782022471910112	0	0	0	1	0.7431296139296202	-1.0871637496102142	NO	O15294	OGT	A
997	V	987	-0.42	-32.956	-3.938	-0.36	0.78134328358209	0	0	0	0.9999999999999999	0.2252395044869957	-1.1051354505790103	NO	O15294	OGT	A
998	W	988	2.895	-34.434	-5.11	-0.98	0.789473684210526	0	0	0	1	0.29465012460163736	-0.9756846405646843	NO	O15294	OGT	A
999	K	989	4.276	-30.998	-5.953	-0.67	0.795454545454545	1	0	0	1	0.7082166453584221	-1.0620033682538998	NO	O15294	OGT	A
1000	Q	990	2.737	-28.877	-3.203	-0.98	0.793916349809886	0	0	0	1	0.6772903959160902	-1.0831056235850023	NO	O15294	OGT	A
1001	R	991	3.796	-31.165	-0.356	-0.98	0.796946564885496	0	0	0	0.9999999999999999	0.013432696601663453	-1.0968408193626429	NO	O15294	OGT	A
1002	I	992	7.2	-29.587	-1.048	-0.98	0.791634980988593	1	0	0	1	0.49063907949201163	-1.0787769558247762	NO	O15294	OGT	A
1003	S	993	6.356	-26.02	-2.115	-0.67	0.820754716981132	0	0	0	1	1.3932315237571955	-1.0620033682538998	NO	O15294	OGT	A
1004	S	994	3.597	-25.263	0.406	-0.67	0.809925093632959	0	0	0	1	0.9094193477073761	-1.0691920486414184	NO	O15294	OGT	A
1005	P	995	4.314	-24.611	4.097	-0.98	0.714580751755473	0	0	0	1	0.7734555444585105	-1.121473360550643	NO	O15294	OGT	A
1006	L	996	2.637	-27.843	5.234	-0.98	0.812479033881248	0	0	0	1	0.202253469857396	-1.0407427470291304	NO	O15294	OGT	A
1007	F	997	5.851	-29.82	5.847	-0.98	0.81378844204123	0	0	0	1	0.185863631982669	-0.8841630733257717	NO	O15294	OGT	A
1008	N	998	8.221	-26.839	6.251	-0.98	0.810774410774411	1	0	0	1	0.7458569465289442	-0.7670492202096667	NO	O15294	OGT	A
1009	T	999	9.44	-27.148	9.837	-0.98	0.816154106116932	0	0	0	1	0.8490692827461502	-0.4996903291368752	NO	O15294	OGT	A
1010	K	1000	11.759	-24.145	9.475	-0.98	0.820885434268334	1	0	0	1	1.0970687165158768	-0.3893163742376448	NO	O15294	OGT	A
1011	Q	1001	8.963	-21.789	8.418	-0.98	0.811831550802139	0	0	0	0.9999999999999999	1.1232365358710614	-0.6706797786523444	NO	O15294	OGT	A
1012	Y	1002	6.653	-23.253	11.069	-0.98	0.811831550802139	0	0	0	1	0.9017102743739741	-0.6158062631060431	NO	O15294	OGT	A
1013	T	1003	9.147	-22.624	13.881	-0.98	0.817175444481718	0	0	0	1	1.0847214972297847	-0.4468961886646674	NO	O15294	OGT	A
1014	M	1004	9.671	-19.043	12.68	-0.98	0.811188811188811	0	0	0	0.9999999999999999	1.3890135685048837	-0.43567844079348583	NO	O15294	OGT	A
1015	E	1005	5.924	-18.366	12.67	-0.98	0.805289256198347	0	0	0	0.9999999999999999	0.8672057955787618	-0.7752291291389176	NO	O15294	OGT	A
1016	L	1006	5.578	-20.183	15.991	-0.98	0.796599084368869	0	0	0	1	0.5994032183040157	-0.614498860463152	NO	O15294	OGT	A
1017	E	1007	8.218	-17.833	17.408	-0.98	0.798888162197515	0	0	0	1	0.9914835778783041	-0.30394542674429587	NO	O15294	OGT	A
1018	R	1008	6.333	-14.761	16.166	-0.98	0.793743890518084	2	0	0	1	1.4336094384023526	-0.8298785596117728	NO	O15294	OGT	A
1019	L	1009	3.263	-16.112	17.965	-0.98	0.839328537170264	0	0	0	1	1.0473964593838088	-1.0200853135464156	NO	O15294	OGT	A
1020	Y	1010	5.157	-16.63	21.233	-0.98	0.844765342960289	0	0	0	0.9999999999999999	0.6240078617912503	-0.588868590830234	NO	O15294	OGT	A
1021	L	1011	6.392	-13.031	21.104	-0.98	0.844765342960289	1	0	0	1	1.3230328201778065	-0.690047131428753	NO	O15294	OGT	A
1022	Q	1012	2.864	-11.693	20.596	-0.98	0.924187725631769	1	0	0	1	2.005218004552473	-1.050640615383306	NO	O15294	OGT	A
1023	M	1013	1.885	-13.618	23.725	-0.98	0.927536231884058	0	0	0	0.9999999999999999	1.1554162889375876	-0.824634212133037	NO	O15294	OGT	A
1024	W	1014	4.878	-12.323	25.677	-0.98	0.887003610108303	0	0	0	0.9999999999999999	1.209821019108037	-0.735203576234394	NO	O15294	OGT	A
1025	E	1015	4.519	-8.667	24.672	-0.98	0.894871794871795	0	0	0	1	1.952474197956929	-1.0512899155473399	NO	O15294	OGT	A
1026	H	1016	0.835	-8.904	25.622	-0.98	0.852258852258852	0	0	0	1	2.2441531276233424	-1.0063701496537203	NO	O15294	OGT	A
1027	Y	1017	1.711	-10.208	29.095	-0.98	0.888059701492537	1	0	0	1	1.4256145964614155	-0.7659474665376634	NO	O15294	OGT	A
1028	A	1018	4.699	-7.89	29.569	-0.98	0.99017094017094	0	0	0	0.9999999999999999	1.6411494232081072	-0.9834970756934347	NO	O15294	OGT	A
1029	A	1019	2.306	-4.971	29.013	-0.98	0.993827160493827	0	0	0	0.9999999999999999	2.4428674151731262	-1.2129656563917868	NO	O15294	OGT	A
1030	G	1020	0.247	-6.128	32	-0.98	0.989611562782295	0	0	0	0.9999999999999999	2.1672477599609836	-1.1500647030010005	NO	O15294	OGT	A
1031	N	1021	-2.653	-7.704	30.104	-0.98	0.99256159925616	0	0	0	0.9999999999999999	2.21411145142078	-0.9456067653189951	NO	O15294	OGT	A
1032	K	1022	-4.475	-10.939	30.799	-0.98	0.995689655172414	0	0	0	0.9999999999999999	1.6491414627592231	-0.7082120764939877	NO	O15294	OGT	A
1033	P	1023	-4.631	-13.469	27.949	-0.98	0.99803343166175	0	0	0	0.9999999999999999	1.0576028265570463	-0.6404993451018787	NO	O15294	OGT	A
1034	D	1024	-6.719	-12.545	24.919	-0.98	1.06439393939394	1	0	0	0.9999999999999999	1.46550750570306	-0.824634212133037	NO	O15294	OGT	A
1035	H	1025	-7.36	-14.028	21.49	-0.98	1.07424960505529	0	0	0	0.9999999999999999	0.6398284730030553	-0.9136788620324009	NO	O15294	OGT	A
1036	M	1026	-4.381	-13.714	19.131	-0.98	1.29411764705882	0	0	0	1	0.9745031458870298	-0.9608545770754905	NO	O15294	OGT	A
1037	I	1027	-6.353	-13.972	15.884	-0.98	1.28140703517588	0	0	0	1	0.283541384645028	-1.0265924611598274	NO	O15294	OGT	A
1038	K	1028	-5.083	-10.776	14.203	-0.98	1.28645833333333	0	0	0	0.9999999999999999	1.0794497717077474	-1.0452297806830235	NO	O15294	OGT	A
