Uniprot_position	aminoacid	Position_in_structure	x	y	z	paraz	mtr	gscount	pscount	OR	pvalue	mtr3dscore	paraz3dscore	HotSpot3D	Uniprot	gene	chain
1	M	1	35.905	-19.224	-9.836	-1.55	0	0	0	2.7225554632700506	0.5762989870541358	-2.6279594522374876	-1.2523382491473645	NO	P01116	KRAS	A
2	T	2	33.717	-22.018	-8.487	-1.55	0	0	0	1.8298349410269446	0.46222413924834627	-1.9064439135701823	-0.3321209350549481	NO	P01116	KRAS	A
3	E	3	30.478	-23.159	-10.079	-0.95	0	0	0	0.8946204042845687	1	-1.939134487931634	-0.057825389508170164	NO	P01116	KRAS	A
4	Y	4	27.58	-24.498	-8.02	0.55	0	0	0	0.7606421100784203	0.762017272425639	-1.4482999395989786	0.39495186585982917	NO	P01116	KRAS	A
5	K	5	25.076	-26.698	-9.842	1.15	0	0	2	1.1302796971472686	1	-1.5025082921895565	1.0148940020893809	NO	P01116	KRAS	A
6	L	6	21.719	-26.173	-8.145	0.55	0	1	0	1.1660803518500296	0.7810555768564839	-1.2435785096366798	0.9774190888457982	NO	P01116	KRAS	A
7	V	7	18.522	-27.997	-9.087	0.85	0	0	0	1.618091970400493	0.40377567320146457	-1.626131869298874	1.209082188897036	NO	P01116	KRAS	A
8	V	8	15.025	-26.835	-8.084	0.85	0	0	0	3.525003319969135	0.015548540364572528	-1.8641775167412247	1.1204355944896747	YES	P01116	KRAS	A
9	V	9	12.498	-29.672	-7.68	1.15	0	0	0	3.7749451770092946	0.0029203402799042656	-1.8501182685241633	0.81502779812360715	YES	P01116	KRAS	A
10	G	10	8.963	-30.053	-6.423	1.75	0	0	0	5.002393149126394	0.001815046147561466	-1.5701861802541164	0.7953980816626829	YES	P01116	KRAS	A
11	A	11	5.37	-30.574	-7.425	-0.35	0	0	0	6.560848638163644	2.5439546657204233e-5	-1.4811984968625207	0.47102731245174667	YES	P01116	KRAS	A
12	G	12	3.691	-28.502	-10.126	-0.05	0	1	3	6.949368826749475	1.233047068451281e-5	-1.5093636409107405	0.6861854773528138	YES	P01116	KRAS	A
13	G	13	2.556	-24.997	-9.249	1.75	0	0	1	5.908349523020277	2.5474101744660196e-5	-1.3137562272612155	1.196413113112984	YES	P01116	KRAS	A
14	V	14	4.62	-24.831	-6.071	1.75	0	0	1	8.890644227875582	1.3496857367844488e-6	-1.2735963984167051	1.3626263366054145	YES	P01116	KRAS	A
15	G	15	6.505	-21.77	-7.362	1.75	0	0	1	11.914367056815259	2.5622854237108323e-6	-1.5562142371303853	1.2214046942189105	YES	P01116	KRAS	A
16	K	16	9.836	-23.187	-8.488	1.75	0	0	0	13.146692195428264	1.9747628795326525e-008	-1.7795635262644829	1.2897100325423196	YES	P01116	KRAS	A
17	S	17	9.997	-20.915	-11.528	1.15	0	0	0	15.052696237954018	9.400249288223735e-8	-2.3064560169338946	0.8389248442499496	YES	P01116	KRAS	A
18	A	18	8.801	-17.819	-9.65	0.55	0	0	0	18.00201675414176	3.8539880520779444e-7	-1.89839178836149	0.7880188516417459	YES	P01116	KRAS	A
19	L	19	11.601	-18.228	-7.135	1.75	0	0	1	10.899992032757408	2.5686873477354436e-4	-1.3191129820837084	1.209082188897036	YES	P01116	KRAS	A
20	T	20	14.249	-18.741	-9.781	0.55	0	0	0	12.794181621650948	5.73406976339657e-5	-1.9791814032417596	1.0077559233763176	YES	P01116	KRAS	A
21	I	21	13.008	-15.828	-11.877	-0.65	0	0	0	20.125973088491	7.907646303513117e-5	-2.237798387456565	0.4889960529044388	YES	P01116	KRAS	A
22	Q	22	13.01	-13.605	-8.834	0.25	0	0	3	22.957469008874163	2.2581578489427625e-5	-1.5755879018357393	0.6133770744795676	YES	P01116	KRAS	A
23	L	23	16.723	-14.335	-8.345	0.85	0	0	1	14.906277036692819	0.001015115612581696	-1.7275519633803966	0.34034556370489466	YES	P01116	KRAS	A
24	I	24	17.68	-14.058	-12.041	-0.35	0	0	0	14.906277036692819	0.001015115612581696	-2.2851956432687563	0.416794386721803	YES	P01116	KRAS	A
25	Q	25	15.469	-11.188	-13.284	-0.65	0	0	0	13.252310373820157	0.002310313159728471	-2.2428821384021744	-0.07187848197451359	NO	P01116	KRAS	A
26	N	26	14.349	-9.473	-10.035	-0.95	0	0	1	22.957469008874163	5.732246847316234e-5	-1.8815645568469421	-0.08437011972237443	NO	P01116	KRAS	A
27	H	27	10.617	-9.53	-10.737	-1.25	0	0	0	22.957469008874163	5.732246847316234e-5	-1.9948343388169882	-0.20116693266487343	NO	P01116	KRAS	A
28	F	28	7.612	-11.669	-9.841	-0.65	0	0	0	22.957469008874163	2.2581578489427625e-5	-1.8764580610755062	0.1364820356598055	YES	P01116	KRAS	A
29	V	29	5.724	-13.564	-12.533	-0.95	0	0	0	18.341452359152647	1.8764489333600523e-4	-2.0667319076060022	0.1464536212707066	YES	P01116	KRAS	A
30	D	30	1.984	-13.937	-12.059	-0.35	0	0	0	13.252310373820157	0.002310313159728471	-2.1046072831811697	0.4597968496688141	YES	P01116	KRAS	A
31	E	31	1.698	-16.171	-15.119	-0.65	0	0	0	4.263501260751673	0.006238608144311784	-1.4668247787624755	-0.25425639309328213	NO	P01116	KRAS	A
32	Y	32	1.428	-19.904	-14.442	-0.35	0	0	0	3.525003319969135	0.015548540364572528	-1.3806181312847354	0.5527034054185291	YES	P01116	KRAS	A
33	D	33	3.373	-21.324	-17.418	1.15	0	0	0	7.057424046137373	1.1878441516887294e-7	-1.1727501125634192	0.30849188744784944	YES	P01116	KRAS	A
34	P	34	4.333	-24.964	-16.643	-1.55	0	0	2	11.340874075847815	2.956962445636279e-10	-1.2094558060530585	0.20762191263387306	YES	P01116	KRAS	A
35	T	35	8.038	-25.694	-17.068	-0.05	0	0	0	16.72360447381489	3.452862727349451e-13	-1.6639282259122916	0.46776026873307536	YES	P01116	KRAS	A
36	I	36	9.619	-28.542	-19.015	-0.95	0	0	1	16.8655404024972	2.0738128214671453e-10	-1.149538698891459	-0.21709377079339606	NO	P01116	KRAS	A
37	E	37	13.27	-27.85	-18.151	-0.35	0	0	0	12.476970775688633	4.849325910407899e-8	-1.4193607437888793	0.3648483915949293	YES	P01116	KRAS	A
38	D	38	14.918	-24.421	-17.918	-0.05	0	0	0	9.78846905990763	2.9449175195429987e-5	-1.6902507875587338	0.6173340528965918	YES	P01116	KRAS	A
39	S	39	18.526	-23.461	-17.356	0.25	0	0	0	4.263501260751673	0.006238608144311784	-1.6005270673749545	0.711971786703755	YES	P01116	KRAS	A
40	Y	40	19.91	-20.22	-15.881	1.75	0	0	0	4.628024109661994	0.0033854640806137174	-1.8015976397974471	0.5853738426052422	YES	P01116	KRAS	A
41	R	41	23.324	-18.894	-14.843	-0.95	0	0	0	3.2440731590760894	0.0785401994516865	-1.7947622293322358	0.41997975434750756	NO	P01116	KRAS	A
42	K	42	24.034	-16.078	-12.399	1.15	0	0	0	4.90034684293465	0.017229525708238116	-2.4906961145053645	0.11982011269458187	YES	P01116	KRAS	A
43	Q	43	27.121	-14.796	-10.647	-1.25	0	0	0	4.1242127941767155	0.31439965542740417	-2.5056589080380474	-0.44841213408860514	NO	P01116	KRAS	A
44	V	44	26.611	-13.761	-7.016	0.25	0	0	0	2.050972308735348	0.6527183425345447	-2.1323703798247045	-0.35212565927434847	NO	P01116	KRAS	A
45	V	45	28.719	-13.138	-3.924	-0.65	0.157258064516129	0	0	1.354298839356695	1	-1.9194975010165196	-0.36751390867388717	NO	P01116	KRAS	A
46	I	46	28.139	-15.461	-0.99	1.15	0.180883864337102	0	0	0.5302459235889339	0.7012356329157481	-1.047186044498728	-0.05403328519185523	NO	P01116	KRAS	A
47	D	47	30.093	-15.107	2.246	1.75	0.210274790919952	0	0	0.26274584041500015	0.24311295790679424	-0.7375090721475857	-0.11470695425289368	NO	P01116	KRAS	A
48	G	48	32.61	-13.007	0.326	-0.65	0.211031175059952	0	0	1.350276194195513	1	-1.8983129260532141	-0.36751390867388717	NO	P01116	KRAS	A
49	E	49	33.272	-15.64	-2.343	-0.95	0.211031175059952	0	0	0.4447477580816051	0.6380030180656694	-1.663929872357967	-0.6152647240064609	NO	P01116	KRAS	A
50	T	50	32.357	-14.658	-5.897	-0.95	0.209677419354839	1	1	1.354298839356695	1	-2.3191034689125094	-0.4091527011667567	NO	P01116	KRAS	A
51	C	51	30.87	-17.705	-7.562	0.25	0.179989685404848	0	0	2.762953606123108	0.40502480743050673	-2.056346577027427	-0.3836016239552232	NO	P01116	KRAS	A
52	L	52	28.606	-18.948	-10.33	-0.65	0.17921146953405	0	0	1.8298349410269446	0.46222413924834627	-2.1868013415335446	-0.07513717008265122	NO	P01116	KRAS	A
53	L	53	25.19	-20.515	-9.853	1.45	0.179591836734694	0	1	1.3669410064079996	0.746745653543862	-2.0027559051683586	0.34034556370489466	NO	P01116	KRAS	A
54	D	54	24.18	-23.001	-12.563	-0.35	0.180883864337102	0	0	0.8946204042845687	1	-1.9895998006192364	0.6164107579326196	NO	P01116	KRAS	A
55	I	55	20.444	-23.355	-11.815	1.15	0.158273381294964	0	0	1.870739722250086	0.27557315998347615	-2.122102586579201	0.9606539960789324	NO	P01116	KRAS	A
56	L	56	18.182	-26.024	-13.342	0.25	0.157258064516129	0	0	2.896387547809665	0.06050063386651546	-2.2103127026297895	0.9243296284173897	NO	P01116	KRAS	A
57	D	57	14.458	-25.303	-12.979	1.75	0.157823741007194	0	0	5.782333066555017	5.079394979318239e-4	-2.350639649524715	0.8265332539440053	YES	P01116	KRAS	A
58	T	58	12.718	-28.676	-13.409	0.25	0.157706093189964	0	1	6.606879176777862	6.693337491757387e-5	-2.073973557056918	0.6892191608058656	YES	P01116	KRAS	A
59	A	59	9.174	-29.815	-14.222	0.25	0.254151624548737	0	1	16.8655404024972	2.0738128214671453e-10	-1.7386840240274337	0.47548237206811655	YES	P01116	KRAS	A
60	G	60	6.636	-30.531	-11.504	-0.35	0.34434270765206	1	2	13.146692195428264	1.9747628795326525e-008	-1.685031485266614	0.39655793357026853	YES	P01116	KRAS	A
61	Q	61	4.146	-32.134	-13.885	0.25	0.346304774362328	1	5	6.701784538342769	1.9494553069132553e-6	-1.0642028969966104	-0.016415610374011406	NO	P01116	KRAS	A
62	E	62	4.387	-35.884	-13.303	-0.65	0.421744324970131	0	0	6.366480581057982	4.093759229195342e-6	-0.9652683637343918	-0.8758857115641033	NO	P01116	KRAS	A
63	E	63	4.265	-36.611	-17.029	-0.95	0.463047743623283	0	1	7.33644426798663	1.156166460562311e-6	-0.24632540188652424	-1.3160456016614548	NO	P01116	KRAS	A
64	Y	64	7.923	-35.531	-17.297	-1.55	0.510791366906475	0	0	8.629153598890515	3.0950008576374425e-7	-0.6864848045359735	-1.0612161916050933	NO	P01116	KRAS	A
65	S	65	9.238	-37.899	-14.614	-0.65	0.507142857142857	0	0	8.32334978540947	3.124735795064134e-5	-1.143047258713112	-0.7214436448632782	NO	P01116	KRAS	A
66	A	66	11.517	-39.766	-17.058	-0.65	0.559495665878645	0	0	7.284423486461373	1.3273851262630664e-4	-0.4885902929463972	-0.8541672959342997	NO	P01116	KRAS	A
67	M	67	13.712	-36.639	-17.105	-0.05	0.561486753657572	0	0	7.284423486461373	1.3273851262630664e-4	-0.6261514894354729	-0.6789720765205511	NO	P01116	KRAS	A
68	R	68	14.414	-36.801	-13.369	-0.65	0.505714285714286	0	0	4.263501260751673	0.006238608144311784	-1.3776093485530612	-0.27742270309840583	NO	P01116	KRAS	A
69	D	69	16.971	-39.583	-13.594	-0.35	0.506093189964158	0	0	2.050972308735348	0.6527183425345447	-0.7726431617205097	-0.42414266646418974	NO	P01116	KRAS	A
70	Q	70	19.312	-37.375	-15.592	-0.35	0.505714285714286	0	0	1.358414964993847	0.701235632915748	-0.9056069305709706	-0.1056059038937379	NO	P01116	KRAS	A
71	Y	71	19.277	-34.081	-13.706	0.55	0.502491103202847	0	1	2.088875949251723	0.3302862021795317	-1.5828492355509935	0.40007120668685436	NO	P01116	KRAS	A
72	M	72	19.606	-35.874	-10.389	0.85	0.502127659574468	0	1	1.7215628277639938	0.5001491564384414	-1.2318978318625535	0.19472875795840236	NO	P01116	KRAS	A
73	R	73	22.944	-37.349	-11.433	-0.35	0.454866688082236	0	0	1.3626278690279001	0.7254917498473408	-1.0804452759572056	0.20762191263387306	NO	P01116	KRAS	A
74	T	74	24.223	-34.059	-12.854	-0.05	0.498245614035088	1	0	1.3626278690279001	0.7254917498473408	-1.4224998678470633	0.5720086637561322	NO	P01116	KRAS	A
75	G	75	23.172	-31.801	-9.935	1.15	0.498245614035088	1	0	2.088875949251723	0.3302862021795317	-1.3786531062991967	0.9388085721705921	NO	P01116	KRAS	A
76	E	76	25.25	-31.048	-6.793	-0.65	0.414319248826291	0	0	0.8340511722887776	0.9999999999999999	-0.9121926793601408	0.9774190888457982	NO	P01116	KRAS	A
77	G	77	22.465	-29.547	-4.592	1.45	0.413145539906103	1	0	0.7351878910162413	0.7810555768564842	-0.7225788506603547	0.8105664989279425	NO	P01116	KRAS	A
78	F	78	18.683	-29.637	-4.56	0.25	0.413427561837456	0	0	0.8340511722887776	0.9999999999999999	-0.8675765350424589	0.8712401679889811	NO	P01116	KRAS	A
79	L	79	16.028	-27.142	-3.549	1.15	0.410798122065728	0	0	1.2169382005277005	0.7996086621661874	-0.8360344510127387	1.2779254686292436	NO	P01116	KRAS	A
80	C	80	12.952	-29.134	-2.555	0.55	0.409356725146199	0	0	1.252929934637536	0.6477811269840746	-0.9301226675871861	1.1856931259110939	NO	P01116	KRAS	A
81	V	81	10.032	-26.736	-2.809	1.75	0.406759906759907	0	0	2.292844862617044	0.07440142314761963	-1.076453069517949	1.3861077653512839	NO	P01116	KRAS	A
82	F	82	6.44	-27.066	-1.566	1.15	0.524812030075188	0	0	1.547926526545615	0.3604088976646541	-0.8220959966066869	1.2589166929778257	NO	P01116	KRAS	A
83	A	83	3.678	-24.473	-1.147	0.85	0.528169014084507	0	0	1.7345699048135719	0.2460605556995109	-0.4076510557190505	1.3478106732300448	NO	P01116	KRAS	A
84	I	84	2.469	-23.952	2.419	1.15	0.528169014084507	0	0	0.8920755270249004	1	0.27316651219258936	1.1366874701310243	NO	P01116	KRAS	A
85	N	85	-1.168	-23.993	1.268	-0.05	0.527472527472528	0	0	2.088875949251723	0.3302862021795317	0.08130856351234857	1.0029020298514344	NO	P01116	KRAS	A
86	N	86	-0.962	-27.294	-0.676	0.55	0.531187122736419	0	0	2.5756002577463404	0.10079334104346216	-0.4539345448345378	0.9554510362547327	NO	P01116	KRAS	A
87	T	87	-0.515	-30.395	1.482	-0.95	0.527819548872181	0	0	0.3726688636772435	0.3065064027763267	-0.30535891924074327	0.5896352039774221	NO	P01116	KRAS	A
88	K	88	0.052	-32.799	-1.414	-0.65	0.529678068410463	0	0	1.618091970400493	0.40377567320146457	-0.7517418430595868	0.34034556370489466	NO	P01116	KRAS	A
89	S	89	3.194	-30.832	-2.281	1.75	0.465106007067138	0	0	2.2209888154909168	0.08355468849489933	-0.9571490762573867	0.8087819792496768	NO	P01116	KRAS	A
90	F	90	4.463	-31.624	1.215	0.85	0.416370106761566	0	0	0.7351878910162413	0.7810555768564842	-0.49614234138732477	0.19472875795840236	NO	P01116	KRAS	A
91	E	91	3.697	-35.316	0.733	-0.65	0.248763250883392	0	0	0	0.03932212682702401	-0.7894263323758851	-0.19054904057919175	NO	P01116	KRAS	A
92	D	92	5.458	-35.264	-2.626	-0.95	0.25017667844523	0	0	3.5624969546746215	0.020222099524813547	-1.3997413474791789	-0.12520816620576572	NO	P01116	KRAS	A
93	I	93	8.803	-34.16	-1.2	-0.05	0.211469534050179	0	0	1.1660803518500296	0.7810555768564839	-1.0774798685994296	0.5297458009089471	NO	P01116	KRAS	A
94	H	94	9.049	-37.59	0.426	-1.55	0.212230215827338	0	0	0	0.03932212682702401	-0.9616053837105885	0.046311629024477545	NO	P01116	KRAS	A
95	H	95	9.249	-39.168	-3.033	-1.55	0.212394705174489	1	0	0	0.5086492454913507	-1.4834070041653105	-0.6442226115128655	NO	P01116	KRAS	A
96	Y	96	11.669	-36.577	-4.435	-1.55	0.210872162485066	0	0	2.050972308735348	0.6527183425345447	-1.4363028439640946	0.07007194697845066	NO	P01116	KRAS	A
97	R	97	14.231	-36.92	-1.652	-1.55	0.361495135688684	0	0	0.26274584041500015	0.24311295790679424	-0.8772662774655952	0.06264684761783408	NO	P01116	KRAS	A
98	E	98	14.104	-40.712	-1.711	-0.65	0.359183673469388	0	0	0.6716882316604151	0.9999999999999999	-1.0442495516541765	-0.9615003354960825	NO	P01116	KRAS	A
99	Q	99	14.61	-40.646	-5.45	-0.05	0.419047619047619	0	0	2.7225554632700506	0.5762989870541358	-1.1497796959982953	-0.7922295921011563	NO	P01116	KRAS	A
100	I	100	17.652	-38.372	-5.193	1.45	0.417857142857143	0	0	0.5302459235889339	0.7012356329157481	-1.08926032269397	-0.24051559157063518	NO	P01116	KRAS	A
101	K	101	19.297	-40.672	-2.657	-0.35	0.420549581839904	0	0	0.4447477580816051	0.6380030180656694	-0.8702613332207418	-0.5887199937922566	NO	P01116	KRAS	A
102	R	102	18.574	-43.673	-4.888	-0.35	0.420549581839904	0	0	0.6716882316604151	0.9999999999999999	-0.967873332288466	-1.034392043178108	NO	P01116	KRAS	A
103	V	103	20.19	-42.061	-7.924	0.25	0.422382671480144	0	0	0.8969869199327297	1	-0.8668984557477477	-0.6442226115128655	NO	P01116	KRAS	A
104	K	104	23.218	-40.652	-6.099	0.25	0.506859205776173	0	0	0.6679123168100357	1	-0.8082968252967682	-0.1859325657593301	NO	P01116	KRAS	A
105	D	105	23.63	-43.75	-3.864	-0.05	0.508695652173913	0	0	1.350276194195513	1	-0.862419142182878	-0.6789720765205511	NO	P01116	KRAS	A
106	S	106	24.136	-41.522	-0.813	-0.95	0.508695652173913	0	0	0	1	-0.8201381842237203	-0.5515573714923705	NO	P01116	KRAS	A
107	E	107	22.067	-41.154	2.345	-0.95	0.512408759124088	0	0	0	0.2629738682370262	-0.42406606523991497	-0.43829985591176535	NO	P01116	KRAS	A
108	D	108	23.362	-37.56	2.722	-0.95	0.509090909090909	1	0	0	0.03932212682702401	-0.23559065553192532	-0.21709377079339603	NO	P01116	KRAS	A
109	V	109	23.378	-35.162	-0.25	-0.05	0.636363636363636	0	0	0.18458394561923952	0.14181787504772642	-0.2829239499803623	0.1492235061626236	NO	P01116	KRAS	A
110	P	110	23.09	-31.336	-0.302	1.75	0.635379061371841	0	0	0.38531420683517453	0.16128581636976486	-0.2675861697801647	0.5769728730429445	NO	P01116	KRAS	A
111	M	111	19.459	-30.38	0.033	0.55	0.635869565217391	0	0	0.31549490181379003	0.1017976679510876	-0.2621523029314271	0.6588823262753464	NO	P01116	KRAS	A
112	V	112	17.284	-27.61	1.433	1.15	0.635379061371841	1	0	0	3.792398233312236e-4	0.08421711534291756	0.7792184365797393	NO	P01116	KRAS	A
113	L	113	13.597	-27.764	2.236	1.15	0.696748506967485	0	0	0.09428380856121574	0.004634579087109593	0.10977416796431481	0.6656597042023774	NO	P01116	KRAS	A
114	V	114	11.622	-24.73	1.069	1.15	0.699300699300699	0	0	0.7960392573685758	0.7950422458827462	-0.037333854097379604	1.5313960672291929	NO	P01116	KRAS	A
115	G	115	8.087	-23.716	1.924	1.45	0.792506386602328	0	0	0.8465682716776433	0.8074364488003208	0.11993628878735443	1.269411121202046	NO	P01116	KRAS	A
116	N	116	6.815	-21.168	-0.638	1.75	0.792506386602328	0	1	2.036305424200315	0.2020780269010849	-0.24089650203340682	1.614492613986702	NO	P01116	KRAS	A
117	K	117	3.784	-18.78	-0.724	1.75	0.858548585485855	1	1	4.90034684293465	0.017229525708238116	0.06845158317429632	1.4645929610123718	NO	P01116	KRAS	A
118	C	118	4.195	-17.422	2.773	0.25	0.861728395061728	0	0	2.2625718221808566	0.24577944920347317	0.6204664860032998	0.9979698477213114	NO	P01116	KRAS	A
119	D	119	2.485	-14.216	1.669	1.75	0.864197530864198	0	1	8.524887032558262	0.04359086371315362	0.8419723279104815	1.1366874701310243	NO	P01116	KRAS	A
120	L	120	-0.793	-16.203	1.686	1.75	0.948969246367016	0	0	4.236567117708723	0.07466600238946838	0.8557198293412513	1.189776930559433	NO	P01116	KRAS	A
121	P	121	-2.913	-15.977	4.88	-0.95	0.975	0	0	0.8969869199327297	1	1.0702210544728854	0.34034556370489466	NO	P01116	KRAS	A
122	S	122	-4.506	-19.418	4.422	-0.65	0.902564102564103	0	0	0.8969869199327297	1	0.8387784297276809	0.4768613190922311	NO	P01116	KRAS	A
123	R	123	-1.938	-21.977	5.547	-0.35	0.952521525215252	0	0	1.0115739739299323	1	0.8216976674269609	0.40740593477235815	NO	P01116	KRAS	A
124	T	124	-2.506	-25.742	5.445	-0.65	0.999148453022992	1	0	0.16013576797089205	0.08152347981748116	0.5959862768871607	0.34034556370489466	NO	P01116	KRAS	A
125	V	125	1.093	-26.772	6.358	-0.35	1.00746268656716	0	0	0.32336403466155733	0.19473627461605145	0.617133865153211	0.34034556370489466	NO	P01116	KRAS	A
126	D	126	2.252	-25.427	9.734	-0.65	1.01503759398496	1	0	0	0.02125819481333121	0.8618812000721771	-0.2388121864231996	NO	P01116	KRAS	A
127	T	127	5.852	-24.418	10.386	-0.95	1.00835494093921	1	0	0.14111248106983837	0.0463517560947806	0.949685322042316	0.5442090917499838	NO	P01116	KRAS	A
128	K	128	6.441	-27.181	12.943	-0.65	0.989661654135338	1	0	0	0.0220405053780057	1.2943359541222537	-0.09764248482947663	NO	P01116	KRAS	A
129	Q	129	5.612	-29.897	10.417	-0.35	0.917832167832168	0	0	0	0.011112663222363857	0.8656288379646799	-0.3877384650275667	NO	P01116	KRAS	A
130	A	130	8.317	-28.792	8.018	1.45	0.911756168359942	3	0	0.11344198792773436	0.014723181546886762	0.4706175747386228	0.34034556370489466	NO	P01116	KRAS	A
131	Q	131	10.956	-28.075	10.647	-0.65	0.909143686502177	0	0	0	0.0014424064628419002	1.1119229344204624	0.04835353134864713	NO	P01116	KRAS	A
132	D	132	10.419	-31.538	12.092	-0.95	0.919553728714034	0	0	0	0.005606194187884161	1.3058737500439948	-0.686050671244339	NO	P01116	KRAS	A
133	L	133	10.716	-33.206	8.685	-0.65	0.913424978063761	0	0	0	0.002836959396989364	0.6140709674148561	-0.4682477566662523	NO	P01116	KRAS	A
134	A	134	13.818	-31.123	7.994	1.45	0.903123192596877	0	0	0	0.002836959396989364	0.5639637755892167	-0.19871664987586998	NO	P01116	KRAS	A
135	R	135	15.475	-32.298	11.209	-1.25	0.903123192596877	0	0	0	0.011112663222363857	1.1403859715679274	-0.33654505675731544	NO	P01116	KRAS	A
136	S	136	14.508	-35.831	10.143	-0.95	0.895624821275379	1	0	0	0.0220405053780057	0.740855493839768	-0.8963265733333301	NO	P01116	KRAS	A
137	Y	137	16.587	-35.252	7.005	-0.05	0.897147796024201	0	0	0	0.011112663222363857	0.19468790126993749	-0.4751085484754621	NO	P01116	KRAS	A
138	G	138	19.49	-33.356	8.59	-0.95	0.903123192596877	2	0	0	0.03932212682702401	0.7452286360832767	-0.39731851803720425	NO	P01116	KRAS	A
139	I	139	18.758	-30.408	6.271	0.55	0.935309973045822	0	0	0	0.0014424064628419002	0.5364652065793558	0.1553887338252775	NO	P01116	KRAS	A
140	P	140	17.776	-26.744	6.698	-0.95	0.913424978063761	0	0	0	0.0014424064628419002	0.8590831461360949	0.5720086637561322	NO	P01116	KRAS	A
141	F	141	14.298	-25.372	6.143	0.55	0.912587412587413	1	0	0.09428380856121574	0.004634579087109593	0.8490960493574554	0.5089826733010162	NO	P01116	KRAS	A
142	I	142	13.537	-21.898	4.758	0.55	0.952315608919383	1	0	0.25426718524980185	0.07494308631497519	0.6746878776438756	1.2283874472346392	NO	P01116	KRAS	A
143	E	143	10.149	-20.218	4.36	1.75	1.04360902255639	0	0	0.5912526185172924	0.43435650542800514	0.6935975827618929	1.268652700338783	NO	P01116	KRAS	A
144	T	144	9.969	-18.175	1.176	0.55	0.920075757575757	0	0	2.9454742243037457	0.04431760604626135	-0.09559143120924653	1.7178018342798216	YES	P01116	KRAS	A
145	S	145	7.63	-16.096	-0.925	1.75	0.949571183533448	0	0	6.613838358046169	0.0013801399365460372	-0.43954670580205607	1.6917136473371146	YES	P01116	KRAS	A
146	A	146	8.353	-15.416	-4.574	1.75	0.778867924528302	0	1	21.957469008874163	3.29081127927872e-5	-0.9179923798559682	1.2397434815508765	YES	P01116	KRAS	A
147	K	147	5.687	-12.682	-4.574	-0.35	0.782509505703422	0	2	20.125973088491	7.907646303513117e-5	-1.1917106030945046	0.795398081662683	YES	P01116	KRAS	A
148	T	148	7.325	-10.607	-1.827	-0.05	0.780228136882129	0	0	16.602119661752784	4.394722582942458e-4	-0.3287869055953794	0.8560717507237214	YES	P01116	KRAS	A
149	R	149	10.89	-11.979	-2.365	-0.65	0.827514690632561	0	0	9.991125861120361	5.42336463668756e-4	-0.8033596597311298	0.6234893526564075	YES	P01116	KRAS	A
150	Q	150	11.049	-12.837	1.32	-0.95	0.827514690632561	0	0	5.457081327088658	0.009233426442418396	0.24075712616598108	1.2669979639098456	NO	P01116	KRAS	A
152	V	152	14.512	-16.269	-1.768	0.55	0.862893081761006	0	0	4.487418820702805	0.008124873298408952	-0.6003351790988275	0.9597226020363286	YES	P01116	KRAS	A
154	D	154	18.429	-16.991	1.826	-0.65	0.859649122807018	1	0	0.43836183915797106	0.4710983283696608	0.3778573791080947	1.1303167348796153	NO	P01116	KRAS	A
155	A	155	17.127	-20.131	0.11	0.55	0.853932584269663	0	0	1.194087513770073	0.7904121761361215	-0.06938520026194815	1.2701285463429703	NO	P01116	KRAS	A
156	F	156	19.724	-20.321	-2.674	1.75	0.812075983717775	0	0	1.3805189271049922	0.6031721555826182	-0.8494141955222922	1.1756197411118572	NO	P01116	KRAS	A
157	Y	157	22.613	-19.195	-0.48	-0.95	0.857142857142857	0	0	0.32336403466155733	0.19473627461605145	-0.5803627425624172	0.5394310403114271	NO	P01116	KRAS	A
158	T	158	21.866	-21.793	2.189	-0.65	0.862155388471178	1	0	0	0.011112663222363857	0.36759103095764367	1.1425862990675142	NO	P01116	KRAS	A
159	L	159	21.856	-24.484	-0.53	0.55	0.894554883318928	0	0	0.38531420683517453	0.16128581636976486	-0.21625902069832587	1.1189909833215548	NO	P01116	KRAS	A
160	V	160	25.302	-23.331	-1.643	0.85	0.966292134831461	1	0	0.6600937656224481	0.5631832186513896	-0.9136356014466249	0.48191745818065096	NO	P01116	KRAS	A
161	R	161	26.451	-23.511	1.96	0.85	0.966292134831461	0	0	0	0.02125819481333121	-0.06731951064888264	0.748072619795073	NO	P01116	KRAS	A
162	E	162	25.012	-27.019	2.236	-0.65	0.967105263157895	0	0	0	0.005606194187884161	0.261420923154096	0.6588823262753465	NO	P01116	KRAS	A
163	I	163	27.009	-27.982	-0.863	1.15	0.967105263157895	0	0	0.48993415022794984	0.36020295723870555	-0.37344815858359315	0.5819941422066167	NO	P01116	KRAS	A
164	R	164	30.167	-26.598	0.755	0.85	0.991902834008097	1	0	0.6679123168100357	1	-0.4122453595066124	0.3706823982354139	NO	P01116	KRAS	A
169	K	169	36.914	-30.978	4.394	-0.65	0.920681265206813	0	0	0	1	1.4977610438850053	0.7650612471321636	NO	P01116	KRAS	A
1219	G	1219	-27.257	-44.152	-11.386	NA	0.696536881236549	0	1	1.358414964993847	0.701235632915748	0.3698021817787229	Inf	NO	P21359	NF1	B
1220	E	1220	-23.654	-45.334	-11.487	NA	0.661710037174721	0	0	1.6584945937437152	0.5340338191191083	0.47389550911739636	Inf	NO	P21359	NF1	B
1221	L	1221	-21.995	-41.913	-11.637	NA	0.664794007490637	1	1	1.0119924139599679	1	0.6044702055234515	Inf	NO	P21359	NF1	B
1222	P	1222	-23.309	-40.286	-8.407	NA	0.666666666666667	1	0	0.6640485294636328	0.7357345950022908	0.4593087488248029	Inf	NO	P21359	NF1	B
1223	I	1223	-22.07	-43.211	-6.308	NA	0.75281954887218006	0	0	1.081940521523842	1	0.25520178940600835	Inf	NO	P21359	NF1	B
1224	A	1224	-18.651	-43.245	-7.974	NA	0.758522727272727	0	0	0.8946204042845687	1	0.455493126445083	Inf	NO	P21359	NF1	B
1225	M	1225	-18.327	-39.536	-7.322	NA	0.671698113207547	1	0	0.8946204042845687	1	0.5678214510056012	Inf	NO	P21359	NF1	B
1226	A	1226	-19.282	-39.912	-3.659	NA	0.679389312977099	0	0	0.5302459235889339	0.7012356329157481	0.1867050333163656	Inf	NO	P21359	NF1	B
1227	L	1227	-16.778	-42.721	-3.121	NA	0.678707224334601	0	0	0.43836183915797106	0.4710983283696608	0.2019745175747258	Inf	NO	P21359	NF1	B
1228	A	1228	-13.965	-40.867	-4.889	NA	0.675471698113208	1	0	0.5645866136908322	0.5221200592958091	0.36273872017000075	Inf	NO	P21359	NF1	B
1229	N	1229	-14.118	-38.323	-2.056	NA	0.632201257861635	1	0	0.26274584041500015	0.24311295790679424	0.27934073328626324	Inf	NO	P21359	NF1	B
1230	V	1230	-12.723	-40.983	0.272	NA	0.679924242424242	0	0	0.26274584041500015	0.24311295790679424	0.22728905319903145	Inf	NO	P21359	NF1	B
1231	V	1231	-9.578	-41.87	-1.675	NA	0.679245283018868	0	0	0.5302459235889339	0.7012356329157481	0.25761378113666283	Inf	NO	P21359	NF1	B
1232	P	1232	-6.6	-39.876	-0.396	NA	0.675471698113208	1	0	0.26274584041500015	0.24311295790679424	0.06922508430630459	-1.7832328534314508	NO	P21359	NF1	B
1233	C	1233	-4.233	-38.042	-2.642	NA	0.675471698113208	0	0	0.5302459235889339	0.7012356329157481	-0.04116204057396154	-0.2057174578444513	NO	P21359	NF1	B
1234	S	1234	-1.531	-40.738	-2.58	NA	0.671698113207547	1	0	0.6679123168100357	1	-0.24588961554723499	-1.1727040585047515	NO	P21359	NF1	B
1235	Q	1235	-3.663	-43.075	-4.684	NA	0.714605233728472	0	0	0.43836183915797106	0.4710983283696608	0.16137077054621024	-1.5708750117178163	NO	P21359	NF1	B
1236	W	1236	-5.239	-40.792	-7.269	NA	0.725641607994549	0	1	0.8340511722887776	0.9999999999999999	0.4031688590361524	-1.5708750117178163	NO	P21359	NF1	B
1237	D	1237	-3.227	-42.62	-9.954	NA	0.685328185328185	0	0	1.3713579985715254	0.7651079571993322	0.40905770804681624	-1.8894117742882681	NO	P21359	NF1	B
1238	E	1238	-4.933	-45.93	-9.24	NA	0.638501291989664	0	0	0.6640485294636328	0.7357345950022908	0.3959359507106645	Inf	NO	P21359	NF1	B
1239	L	1239	-8.283	-44.16	-8.855	NA	0.723597547126959	0	0	0.43182782966268213	0.24309814954527137	0.39961193322117544	Inf	NO	P21359	NF1	B
1240	A	1240	-8.08	-42.531	-12.291	NA	0.714605233728472	0	0	0.8920755270249004	1	0.6128373486339421	Inf	NO	P21359	NF1	B
1241	R	1241	-7.163	-45.863	-13.818	NA	0.674242424242424	1	1	1.358414964993847	0.701235632915748	0.5926197101389912	Inf	NO	P21359	NF1	B
1242	V	1242	-10.027	-47.613	-12.02	NA	0.719191919191919	0	0	1.3626278690279001	0.7254917498473408	0.4959390597895771	Inf	NO	P21359	NF1	B
1243	L	1243	-12.586	-44.934	-12.876	NA	0.714465408805031	0	1	0.7960392573685758	0.7950422458827462	0.5691335007496894	Inf	NO	P21359	NF1	B
1244	V	1244	-11.684	-44.859	-16.561	NA	0.719303338171263	0	0	0.7960392573685758	0.7950422458827462	0.6513257010637125	Inf	NO	P21359	NF1	B
1245	T	1245	-11.508	-48.633	-17.055	NA	0.719303338171263	1	0	1.1302796971472686	1	0.5791336562939029	Inf	NO	P21359	NF1	B
1246	L	1246	-14.832	-48.903	-15.192	NA	0.85413066021431	0	0	1.6584945937437152	0.5340338191191083	0.498653721489876	Inf	NO	P21359	NF1	B
1247	F	1247	-16.844	-46.256	-17.032	NA	0.85171102661597	0	0	1.0119924139599679	1	0.5642380020467311	Inf	NO	P21359	NF1	B
1248	D	1248	-15.418	-47.066	-20.485	NA	0.8	0	0	0.8340511722887776	0.9999999999999999	0.5765065435767233	Inf	NO	P21359	NF1	B
1249	S	1249	-16.439	-50.728	-20.273	NA	0.793984962406015	0	0	1.0115739739299323	1	0.6202863651575676	Inf	NO	P21359	NF1	B
1250	R	1250	-19.993	-49.415	-19.657	NA	0.8	2	1	1.3669410064079996	0.746745653543862	0.5889705652960617	Inf	NO	P21359	NF1	B
1251	H	1251	-19.899	-46.932	-22.576	NA	0.791011235955056	0	1	0.8031567581841991	1	0.6360796573297002	Inf	NO	P21359	NF1	B
1252	L	1252	-20.116	-44.01	-20.152	NA	0.785820895522388	0	0	1.618091970400493	0.40377567320146457	0.6220671590567114	Inf	NO	P21359	NF1	B
1253	L	1253	-16.639	-42.476	-20.462	NA	0.763992537313433	0	0	0.9392919393714433	1	0.6649642648948144	Inf	NO	P21359	NF1	B
1254	Y	1254	-18.01	-39.255	-21.899	NA	0.769038701622971	1	0	0.8465682716776433	0.8074364488003208	0.6913157342384724	Inf	NO	P21359	NF1	B
1255	Q	1255	-20.346	-38.912	-18.918	NA	0.763320941759604	0	0	1.194087513770073	0.7904121761361215	0.7113966008423648	Inf	NO	P21359	NF1	B
1256	L	1256	-17.513	-39.409	-16.403	NA	0.850698174006445	0	1	0.9392919393714433	1	0.7226226340908051	Inf	NO	P21359	NF1	B
1257	L	1257	-15.203	-36.937	-18.136	NA	0.890566037735849	0	0	0.9392919393714433	1	0.7519819592444063	Inf	NO	P21359	NF1	B
1258	W	1258	-17.981	-34.318	-18.218	NA	0.890566037735849	0	1	0.38531420683517453	0.16128581636976486	0.9174948483277835	Inf	NO	P21359	NF1	B
1259	N	1259	-18.488	-34.455	-14.442	NA	0.95327604726101	0	0	0.5645866136908322	0.5221200592958091	0.9631579352613585	Inf	NO	P21359	NF1	B
1260	M	1260	-14.792	-34.479	-13.611	NA	1.01987899740709	1	0	0.5372300697820491	0.311729913567177	0.9171902552662348	Inf	NO	P21359	NF1	B
1261	F	1261	-13.881	-31.742	-16.071	NA	1.01987899740709	0	0	0.2886181176776358	0.06367632272182426	1.0328577505675516	Inf	NO	P21359	NF1	B
1262	S	1262	-16.837	-29.63	-14.935	NA	1.00766392279307	0	0	0.48993415022794984	0.36020295723870555	1.1528615328711254	Inf	NO	P21359	NF1	B
1263	K	1263	-15.736	-29.949	-11.308	NA	1.00113122171946	0	0	0.48993415022794984	0.36020295723870555	1.260722156586758	Inf	NO	P21359	NF1	B
1264	E	1264	-12.339	-28.442	-12.08	NA	1.01511991657977	0	0	0.717436323614691	0.6145626069592887	1.3229025466126894	Inf	NO	P21359	NF1	B
1265	V	1265	-13.592	-25.587	-14.259	NA	1.00412583806086	1	0	0.5372300697820491	0.311729913567177	1.2969239805990669	Inf	NO	P21359	NF1	B
1266	E	1266	-16.328	-24.519	-11.856	NA	0.912841670964415	0	0	0.14111248106983837	0.0463517560947806	1.4740600136191242	Inf	NO	P21359	NF1	B
1267	L	1267	-13.868	-24.432	-8.959	NA	0.927142857142857	0	0	0	0.02125819481333121	1.5601484059771233	Inf	NO	P21359	NF1	B
1268	A	1268	-11.202	-22.358	-10.703	NA	0.994111623143881	1	0	0.43182782966268213	0.24309814954527137	1.533456181893572	Inf	NO	P21359	NF1	B
1269	D	1269	-10.729	-18.673	-9.94	NA	1.01218637992832	0	0	0	0.02125819481333121	1.538972859233255	Inf	NO	P21359	NF1	B
1270	S	1270	-9.311	-17.943	-13.41	NA	0.967032967032967	0	0	0.43182782966268213	0.24309814954527137	0.9972712516518231	-1.2523382491473645	NO	P21359	NF1	B
1271	M	1271	-7.89	-19.812	-16.443	NA	1.04389086595492	2	0	0.34723705070706534	0.15989735312780404	0.8520922681591007	-0.08437011972237451	NO	P21359	NF1	B
1272	Q	1272	-4.327	-19.377	-15.236	NA	1.04540023894863	1	0	1.3805189271049922	0.6031721555826182	-0.016931249864596234	-0.4787489686191244	NO	P21359	NF1	B
1273	T	1273	-4.612	-22.125	-12.614	NA	1.04761904761905	0	0	1.9159766439215766	0.1694279517433575	0.05274622789480272	0.2607113730622817	NO	P21359	NF1	B
1274	L	1274	-7.187	-24.402	-14.473	NA	0.967032967032967	0	0	0.7488165375061346	0.650478973671005	0.8184995280262206	0.34034556370489466	NO	P21359	NF1	B
1275	F	1275	-5.814	-27.894	-15.488	NA	0.972527472527472	0	0	2.1263797725514	0.04559201187706866	0.6557966175704725	0.23416664284807737	NO	P21359	NF1	B
1276	R	1276	-2.315	-27.129	-14.2	NA	0.875930521091811	1	3	3.6899089136128262	4.973587315957051e-4	-0.15670178176742944	-0.1602122060486725	NO	P21359	NF1	B
1277	G	1277	-0.67	-29.309	-11.647	NA	0.90373783922171	0	0	6.962361229850053	2.5510035845665317e-6	-0.5831542825952523	0.51731043179959	NO	P21359	NF1	B
1278	N	1278	-1.709	-32.926	-11.108	NA	0.89795918367347	0	1	5.127484207023188	7.319326973580374e-5	-0.18250924971685492	-0.296727961436009	NO	P21359	NF1	B
1279	S	1279	-5.266	-32.963	-9.71	NA	0.84047619047619	1	0	2.4887950791868305	0.047651701218647764	0.32953530239029666	0.4996139449901206	NO	P21359	NF1	B
1280	L	1280	-7.556	-36.002	-9.975	NA	0.872976618705036	0	0	0.9787745002269107	1	0.7059420354413622	-1.5708750117178163	NO	P21359	NF1	B
1281	A	1281	-9.285	-34.668	-13.093	NA	0.858880778588808	0	0	1.5577564425046175	0.46629249098605097	0.9567597200710045	Inf	NO	P21359	NF1	B
1282	S	1282	-5.874	-33.856	-14.572	NA	0.805200729927007	1	1	3.7837146807393545	0.0013067048155606027	0.6993547807522473	-0.9338014865769126	NO	P21359	NF1	B
1283	K	1283	-4.723	-37.416	-13.886	NA	0.805200729927007	0	0	3.051694847717152	0.015104893655557746	0.5996576457931011	-1.1461593282905473	NO	P21359	NF1	B
1284	I	1284	-7.861	-38.79	-15.572	NA	0.831932773109244	1	0	1.5714773260907435	0.44555786420788057	0.7708844746336931	Inf	NO	P21359	NF1	B
1285	M	1285	-7.159	-36.627	-18.608	NA	0.835714285714286	0	0	2.1171632770722444	0.07001724698685509	0.6805384537473659	-2.2079485368587197	NO	P21359	NF1	B
1286	T	1286	-3.524	-37.753	-18.853	NA	0.83955223880597	0	0	3.1701970810687476	0.005028537512980562	0.47398678238175956	-1.730143393003042	NO	P21359	NF1	B
1287	F	1287	-4.611	-41.364	-18.463	NA	0.805970149253731	0	0	2.036305424200315	0.2020780269010849	0.4673148691810017	-1.8894117742882681	NO	P21359	NF1	B
1288	C	1288	-7.052	-40.982	-21.36	NA	0.766169154228856	0	0	0.8894046003330512	0.9999999999999999	0.5088115890840613	Inf	NO	P21359	NF1	B
1289	F	1289	-4.475	-39.398	-23.663	NA	0.805261652845296	0	0	1.0416907563495692	1	0.4217196590819218	-2.2079485368587197	NO	P21359	NF1	B
1290	K	1290	-2.063	-42.235	-22.848	NA	0.811293575338519	0	0	1.194087513770073	0.7904121761361215	0.44574609874148835	-2.2079485368587197	NO	P21359	NF1	B
1291	V	1291	-4.649	-45.05	-23.271	NA	0.791011235955056	0	0	0.32336403466155733	0.19473627461605145	0.5239183008484408	Inf	NO	P21359	NF1	B
1292	Y	1292	-6.512	-43.914	-26.409	NA	0.761904761904762	1	0	0.12588858291435234	0.026174955587524817	0.47443569650638917	Inf	NO	P21359	NF1	B
1293	G	1293	-3.658	-42.077	-28.151	NA	0.761185983827493	0	0	1.0525577567244582	1	0.45696425982295696	Inf	NO	P21359	NF1	B
1294	A	1294	-0.882	-44.61	-27.515	NA	0.824718045112782	0	0	0.32336403466155733	0.19473627461605145	0.5333061719596146	Inf	NO	P21359	NF1	B
1295	T	1295	-0.921	-46.267	-30.919	NA	0.786516853932584	1	0	1.081940521523842	1	0.5533688889405166	Inf	NO	P21359	NF1	B
1296	Y	1296	-1.659	-42.97	-32.691	NA	0.786516853932584	0	0	0.6600937656224481	0.5631832186513896	0.38344101846742984	Inf	NO	P21359	NF1	B
1297	L	1297	1.378	-41.219	-31.226	NA	0.838821030270845	0	0	0.7960392573685758	0.7950422458827462	0.4742877863448879	Inf	NO	P21359	NF1	B
1298	Q	1298	3.733	-44.136	-31.992	NA	0.797047970479705	0	0	0.48993415022794984	0.36020295723870555	0.615358522736687	Inf	NO	P21359	NF1	B
1299	K	1299	2.668	-44.478	-35.617	NA	0.832630469161835	0	0	0.5645866136908322	0.5221200592958091	0.5931721019020134	Inf	NO	P21359	NF1	B
1300	L	1300	2.908	-40.662	-35.941	NA	0.740740740740741	0	0	0.38531420683517453	0.16128581636976486	0.44762713204127363	Inf	NO	P21359	NF1	B
1301	L	1301	6.273	-40.028	-34.251	NA	0.8125	0	1	0.32336403466155733	0.19473627461605145	0.5774561650699138	Inf	NO	P21359	NF1	B
1302	D	1302	8.185	-43.266	-34.979	NA	0.834991349480969	1	0	0.14111248106983837	0.0463517560947806	0.7487645120497461	Inf	NO	P21359	NF1	B
1303	P	1303	8.88	-42.489	-38.678	NA	0.841176470588235	0	0	0.21716431149883234	0.24261956173342608	0.9327736687034238	Inf	NO	P21359	NF1	B
1304	L	1304	10.153	-39.039	-37.686	NA	0.872366790582404	1	0	0.28498585226962575	0.12158100267190829	0.7362113762820788	Inf	NO	P21359	NF1	B
1305	L	1305	12.359	-40.189	-34.829	NA	0.945064023130938	0	0	0.26557232388014035	0.03927077892400119	0.6351822210252015	Inf	NO	P21359	NF1	B
1306	R	1306	14.075	-42.82	-36.959	NA	0.953878406708595	1	0	0.11344198792773436	0.014723181546886762	0.8316386663841132	Inf	NO	P21359	NF1	B
1307	I	1307	14.882	-40.266	-39.649	NA	1.00331711632021	0	0	0.16013576797089205	0.08152347981748116	1.1014147556762974	Inf	NO	P21359	NF1	B
1308	V	1308	16.626	-37.83	-37.31	NA	0.991477272727273	0	0	0.24559271611873537	0.0239490338915419	0.9814821215495969	Inf	NO	P21359	NF1	B
1309	I	1309	18.446	-40.669	-35.51	NA	1.03703703703704	2	0	0	2.7736447919906288e-5	0.9203210786117815	Inf	NO	P21359	NF1	B
1310	T	1310	19.812	-42.449	-38.586	NA	1.09909502262443	0	0	0	0.011112663222363857	1.3642831757974265	Inf	NO	P21359	NF1	B
1314	W	1314	21.458	-37.571	-39.364	NA	1.0896891075822	1	0	0	7.374768430372586e-4	1.381883071285432	Inf	NO	P21359	NF1	B
1315	Q	1315	25.133	-36.777	-40.226	NA	1.08146503884573	0	0	0	0.011112663222363857	1.550043795167909	Inf	NO	P21359	NF1	B
1316	H	1316	26.924	-33.895	-38.439	NA	1.08709273182957	2	0	0	0.002836959396989364	1.5374119984705719	Inf	NO	P21359	NF1	B
1317	V	1317	23.664	-32.353	-37.172	NA	1.09748427672956	1	0	0.07445269608491793	0.0013507753012001217	1.247344306864528	Inf	NO	P21359	NF1	B
1318	S	1318	23.95	-30.412	-33.871	NA	1.07243195785777	0	0	0.06492902859200783	3.690051079678373e-4	1.1269928557384126	Inf	NO	P21359	NF1	B
1319	F	1319	21.199	-29.02	-31.671	NA	1.07953293677021	1	0	0.3885365968833855	0.10158800694416006	1.0603907681190785	Inf	NO	P21359	NF1	B
1320	E	1320	22.984	-27.188	-28.844	NA	1.07213345864662	1	0	0.692550328115275	0.505961090577197	1.083841016289891	Inf	NO	P21359	NF1	B
1321	V	1321	21.708	-23.592	-28.967	NA	1.06507490636704	0	0	0.7323250120056046	0.5247080908239303	1.031644884778196	Inf	NO	P21359	NF1	B
1322	D	1322	22.898	-22.487	-25.497	NA	1.13007380073801	0	0	0.6518981431828906	0.4634369605003008	0.6329450841000903	0.34034556370489466	NO	P21359	NF1	B
1323	P	1323	26.053	-20.342	-25.939	NA	1.14804286026678	0	0	0.8340511722887776	0.9999999999999999	0.8965069981779018	0.5527034054185292	NO	P21359	NF1	B
1324	T	1324	27.395	-21.284	-22.494	NA	1.07716049382716	1	1	0.6679123168100357	1	0.325876039282923	0.595174973761256	NO	P21359	NF1	B
1325	R	1325	27.338	-24.967	-23.539	NA	0.983996539792387	0	0	0.43836183915797106	0.4710983283696608	0.7501012150725382	0.18107718241966878	NO	P21359	NF1	B
1326	L	1326	28.301	-24.589	-27.219	NA	0.978823529411765	1	0	0.43836183915797106	0.4710983283696608	1.6446223734169045	Inf	NO	P21359	NF1	B
1327	E	1327	31.382	-26.459	-28.475	NA	0.984070091596973	0	0	0.26274584041500015	0.24311295790679424	1.7968537692115563	Inf	NO	P21359	NF1	B
1328	P	1328	33.941	-24.072	-30.048	NA	0.980555555555556	0	0	0.3310558165415492	0.39667169677611586	1.762260527430943	Inf	NO	P21359	NF1	B
1329	S	1329	34.022	-25.96	-33.373	NA	0.980555555555556	0	0	0	0.07328726534031905	1.6418589077416825	Inf	NO	P21359	NF1	B
1330	E	1330	30.18	-25.881	-33.794	NA	0.964075630252101	0	0	0	0.0220405053780057	1.6811980520452912	Inf	NO	P21359	NF1	B
1331	S	1331	28.324	-22.838	-35.085	NA	1.02068505338078	1	0	0	0.005606194187884161	1.6429460416967092	Inf	NO	P21359	NF1	B
1332	L	1332	25.486	-21.267	-33.131	NA	0.980060575466936	0	0	0.38531420683517453	0.16128581636976486	1.5001773840378467	Inf	NO	P21359	NF1	B
1333	E	1333	23.617	-19.876	-36.122	NA	0.959499864093504	0	0	0.32336403466155733	0.19473627461605145	1.3162673873782422	Inf	NO	P21359	NF1	B
1334	E	1334	23.934	-23.246	-37.861	NA	0.921233689205219	0	0	0.12588858291435234	0.026174955587524817	1.4341533760852003	Inf	NO	P21359	NF1	B
1335	N	1335	22.849	-25.234	-34.81	NA	0.84652278177458	0	0	0.09428380856121574	0.004634579087109593	1.2595948373499712	Inf	NO	P21359	NF1	B
1336	Q	1336	19.793	-23.015	-34.53	NA	0.793615107913669	0	0	0.4182953352708887	0.10306550721823542	0.9784948203859601	Inf	NO	P21359	NF1	B
1337	R	1337	18.794	-23.897	-38.09	NA	0.821625052898857	2	0	0.28498585226962575	0.12158100267190829	0.9493568355722318	Inf	NO	P21359	NF1	B
1338	N	1338	18.974	-27.662	-37.474	NA	0.821625052898857	1	0	0.1904178764035658	0.02707458131691653	1.0568999726787343	Inf	NO	P21359	NF1	B
1339	L	1339	16.678	-27.265	-34.479	NA	0.827578857630009	0	1	1.395140530406323	0.49927109031304356	0.6443169935156867	Inf	NO	P21359	NF1	B
1340	L	1340	14.16	-25.226	-36.481	NA	0.768	0	0	1.5577564425046175	0.46629249098605097	0.5568556344259704	Inf	NO	P21359	NF1	B
1341	Q	1341	14.334	-27.675	-39.397	NA	0.772992700729927	0	0	0.3726688636772435	0.3065064027763267	0.6389105601312902	Inf	NO	P21359	NF1	B
1342	M	1342	13.525	-30.563	-37.054	NA	0.727941176470588	1	0	0.5964150485691987	0.3420403622934604	0.6498013631507983	Inf	NO	P21359	NF1	B
1343	T	1343	10.775	-28.558	-35.358	NA	0.613003095975232	0	1	2.1019727158543375	0.11363792707432835	0.3515426783802579	Inf	NO	P21359	NF1	B
1344	E	1344	8.954	-28.001	-38.676	NA	0.647058823529412	0	0	0.38894300811542665	0.1262816654762615	0.2800974360392418	Inf	NO	P21359	NF1	B
1345	K	1345	9.025	-31.675	-39.522	NA	0.673469387755102	0	0	0.6600937656224481	0.5631832186513896	0.48966922612679237	Inf	NO	P21359	NF1	B
1346	F	1346	7.498	-32.581	-36.167	NA	0.671011470281543	0	0	0.581831195540774	0.5640487149797246	0.40638498597763956	Inf	NO	P21359	NF1	B
1347	F	1347	5.137	-29.596	-36.086	NA	0.63768115942029	0	0	1.114188249413715	0.8168461860317188	0.28327252535733616	Inf	NO	P21359	NF1	B
1348	H	1348	3.996	-30.102	-39.66	NA	0.64051094890511	0	0	0.48993415022794984	0.36020295723870555	0.3429862553235023	Inf	NO	P21359	NF1	B
1349	A	1349	3.402	-33.81	-39.032	NA	0.667188043100452	1	0	0.581831195540774	0.5640487149797246	0.4421495298912336	Inf	NO	P21359	NF1	B
1350	I	1350	1.132	-33.104	-36.061	NA	0.661853188929001	0	0	0.8894046003330512	0.9999999999999999	0.3943543595915782	Inf	NO	P21359	NF1	B
1351	I	1351	-1.126	-30.471	-37.637	NA	0.693675889328063	2	0	0.4522933154580727	0.1513964205061423	0.4441333062385096	Inf	NO	P21359	NF1	B
1352	S	1352	-1.548	-32.754	-40.66	NA	0.698739216987392	2	0	0.34723705070706534	0.15989735312780404	0.40892756730849533	Inf	NO	P21359	NF1	B
1353	S	1353	-2.549	-35.767	-38.554	NA	0.636363636363636	0	0	0.5191863847531261	0.4026467859648111	0.404970970923786	Inf	NO	P21359	NF1	B
1354	S	1354	-6.184	-34.807	-38.065	NA	0.602402745995423	0	0	0.38894300811542665	0.1262816654762615	0.4499247796155266	Inf	NO	P21359	NF1	B
1355	S	1355	-7.534	-37.711	-40.193	NA	0.606315789473684	0	0	0.34723705070706534	0.15989735312780404	0.30667836684581473	Inf	NO	P21359	NF1	B
1356	E	1356	-5.587	-40.331	-38.184	NA	0.681114551083591	0	2	0.4251407184970698	0.18974248684709827	0.314051100016312	Inf	NO	P21359	NF1	B
1357	F	1357	-6.865	-39.165	-34.831	NA	0.688109161793372	1	0	0.286648791360195	0.0340810552452148	0.4431257097214028	Inf	NO	P21359	NF1	B
1358	P	1358	-8.381	-42.011	-32.825	NA	0.646520146520147	0	0	0.5191863847531261	0.4026467859648111	0.3979354246958151	Inf	NO	P21359	NF1	B
1359	P	1359	-12.086	-41.347	-32.195	NA	0.647058823529412	1	0	0.4679004553556644	0.2796298619137337	0.34096523367180226	Inf	NO	P21359	NF1	B
1360	Q	1360	-11.962	-41.893	-28.457	NA	0.647058823529412	1	0	0.5912526185172924	0.43435650542800514	0.4865270015622466	Inf	NO	P21359	NF1	B
1361	L	1361	-9.309	-39.159	-28.292	NA	0.647058823529412	0	1	0.4182953352708887	0.10306550721823542	0.510915306039895	Inf	NO	P21359	NF1	B
1362	R	1362	-11.399	-36.613	-30.202	NA	0.651291512915129	1	0	0.4182953352708887	0.10306550721823542	0.44451268484539247	Inf	NO	P21359	NF1	B
1363	S	1363	-14.278	-36.978	-27.769	NA	0.688710624144003	0	0	0.26557232388014035	0.03927077892400119	0.5551885307169184	Inf	NO	P21359	NF1	B
1364	V	1364	-11.907	-36.469	-24.814	NA	0.684210526315789	1	0	0.4182953352708887	0.10306550721823542	0.6370216021402039	Inf	NO	P21359	NF1	B
1365	C	1365	-10.586	-33.3	-26.441	NA	0.688235294117647	1	0	0.23671656021637003	0.007576990869642505	0.6798994210117069	Inf	NO	P21359	NF1	B
1366	H	1366	-14.068	-32.017	-27.358	NA	0.73125	1	0	0.3309410941380765	0.053468664592044926	0.7374831680079317	Inf	NO	P21359	NF1	B
1367	C	1367	-15.493	-32.739	-23.926	NA	0.743494423791822	0	0	0.3579036492269712	0.08271260046024889	0.8239749766095691	Inf	NO	P21359	NF1	B
1368	L	1368	-12.737	-30.602	-22.437	NA	0.700600514726909	0	0	0.3423745316994014	0.02285959219705082	0.9377081069015317	Inf	NO	P21359	NF1	B
1369	Y	1369	-13.455	-27.915	-25.038	NA	0.701205510907003	0	0	0.1866680889149135	0.00514476301892207	0.8982815475402537	Inf	NO	P21359	NF1	B
1370	Q	1370	-17.201	-28.014	-24.333	NA	0.696597083214184	0	0	0.16201766659286632	0.008886546325665328	0.9125113106615075	Inf	NO	P21359	NF1	B
1392	V	1371	-16.705	-27.769	-20.567	NA	0.922836287799791	0	0	0.09428380856121574	0.004634579087109593	1.0097323833831078	Inf	NO	P21359	NF1	B
1393	V	1372	-14.148	-24.958	-20.591	NA	0.916149068322981	1	0	0.07445269608491793	0.0013507753012001217	1.1498143781503325	Inf	NO	P21359	NF1	B
1394	S	1373	-16.246	-22.95	-23.068	NA	0.890468227424749	0	0	0	7.374768430372586e-4	1.0403704503791738	Inf	NO	P21359	NF1	B
1395	Q	1374	-19.147	-22.811	-20.591	NA	0.826863354037267	1	0	0.21716431149883234	0.24261956173342608	1.0281003341297734	Inf	NO	P21359	NF1	B
1396	R	1375	-17.147	-20.443	-18.373	NA	0.826863354037267	1	0	0	0.011112663222363857	1.2425224236209507	Inf	NO	P21359	NF1	B
1397	F	1376	-14.234	-19.394	-20.642	NA	0.823878287777205	1	0	0	0.0014424064628419002	1.1577834463913894	Inf	NO	P21359	NF1	B
1398	P	1377	-15.302	-19.172	-24.307	NA	0.848267622461171	0	0	0	0.005606194187884161	0.9633657696029314	Inf	NO	P21359	NF1	B
1399	Q	1378	-12.426	-16.856	-25.284	NA	0.85439229843562	1	0	0	0.011112663222363857	1.0428373912575046	Inf	NO	P21359	NF1	B
1400	N	1379	-9.837	-19.439	-24.072	NA	0.888229927007299	0	0	0.16201766659286632	0.008886546325665328	0.9254445551614551	Inf	NO	P21359	NF1	B
1401	S	1380	-11.24	-22.89	-24.859	NA	0.888229927007299	0	0	0.1402897483742382	0.0028394829615325658	0.9206888348650473	Inf	NO	P21359	NF1	B
1402	I	1381	-9.143	-23.553	-28.018	NA	0.883211678832117	1	0	0.36227033950004656	0.0666162959410057	0.7745174469644733	Inf	NO	P21359	NF1	B
1403	G	1382	-5.943	-22.683	-26.139	NA	0.8775	1	0	0.7801397776171412	0.5656779244260202	0.7580027831272609	Inf	NO	P21359	NF1	B
1404	A	1383	-6.738	-24.929	-23.18	NA	0.831258050665522	0	0	0.8836451612251464	0.8431277125385904	0.8401791888809793	Inf	NO	P21359	NF1	B
1405	V	1384	-7.252	-27.996	-25.358	NA	0.836673130790778	1	0	0.8550873798985568	0.837876389883982	0.6822587500114361	Inf	NO	P21359	NF1	B
1406	G	1385	-4.072	-27.426	-27.353	NA	0.818970503181029	0	0	0.933619029811841	1	0.5616036774134522	Inf	NO	P21359	NF1	B
1407	S	1386	-1.79	-26.728	-24.428	NA	0.822684016313847	1	0	2.6893510655713238	0.009073772099587273	0.26962104811850174	-0.615264724006461	NO	P21359	NF1	B
1408	A	1387	-3.264	-29.74	-22.609	NA	0.780882352941176	0	0	3.4935271128440895	9.016433932307593e-4	0.30800138379937647	-0.7745331052916868	NO	P21359	NF1	B
1409	M	1388	-2.629	-32.083	-25.498	NA	0.716420664206642	0	1	1.7696109744454178	0.17870787220940565	0.4970621445125969	-2.2079485368587197	NO	P21359	NF1	B
1410	F	1389	0.925	-30.859	-26.011	NA	0.744333157617291	0	0	3.234739766337863	0.0035581492766560115	0.08163779978558056	-2.6326642202859887	NO	P21359	NF1	B
1411	L	1390	1.89	-30.666	-22.335	NA	0.721111111111111	0	3	6.733124138401398	2.57514706698125e-7	-0.15682560510161617	-1.1249235441191838	NO	P21359	NF1	B
1412	R	1391	0.508	-33.986	-21.074	NA	0.688854489164087	0	2	5.907791003400294	6.887482188826773e-6	0.044765897440383555	-1.5071676592037258	NO	P21359	NF1	B
1413	F	1392	0.513	-36.167	-24.207	NA	0.654411764705882	1	0	3.3277680343351643	0.006706667608452796	0.3705375631953803	-1.730143393003042	NO	P21359	NF1	B
1414	I	1393	2.785	-35.233	-27.123	NA	0.717830882352941	0	0	7.284423486461373	1.3273851262630664e-4	0.3064785923838742	-2.8450220619996234	NO	P21359	NF1	B
1415	N	1394	5.717	-33.428	-25.497	NA	0.654981549815498	1	0	8.189146939655224	7.189872390015568e-7	-0.1032246266271335	-1.464696090860999	NO	P21359	NF1	B
1416	P	1395	6.303	-36.082	-22.783	NA	0.654981549815498	0	1	9.390320464090125	6.025264281075127e-7	-0.1572963699236983	-1.2233803616409598	NO	P21359	NF1	B
1417	A	1396	6.669	-38.642	-25.594	NA	0.686919504643963	0	0	3.9084703000836583	0.011329283789580102	0.3134567687840186	-1.8257044217741778	NO	P21359	NF1	B
1418	I	1397	9.062	-36.485	-27.63	NA	0.730452674897119	0	0	3.37656884532893	0.002889252089926506	0.1358175027643185	-1.9531191268023584	NO	P21359	NF1	B
1419	V	1398	11.355	-35.763	-24.656	NA	0.77124183006536	0	1	4.644016768409885	6.198139834258728e-4	-0.06255086657400935	-1.730143393003042	NO	P21359	NF1	B
1420	S	1399	11.565	-39.421	-23.55	NA	0.801234567901235	0	0	1.0859861591389814	1	-0.005967819234657081	-1.6416609589556945	NO	P21359	NF1	B
1421	P	1400	10.61	-41.596	-26.537	NA	0.775501211720643	1	0	0.5964150485691987	0.3420403622934604	0.38002709281099034	-1.7832328534314508	NO	P21359	NF1	B
1422	Y	1401	12.117	-44.764	-25.095	NA	0.729684908789387	0	0	0.6640485294636328	0.7357345950022908	0.31758764289618385	-0.9338014865769128	NO	P21359	NF1	B
1423	E	1402	10.168	-44.406	-21.849	NA	0.733752620545073	0	0	0.8031567581841991	1	0.04778921313936593	-1.6770539325746334	NO	P21359	NF1	B
1424	A	1403	6.92	-43.907	-23.804	NA	0.72890559732665	0	0	0.581831195540774	0.5640487149797246	0.28749080893887885	-1.8257044217741778	NO	P21359	NF1	B
1425	G	1404	7.297	-47.11	-25.833	NA	0.726175613816063	1	0	0.3726688636772435	0.3065064027763267	0.49001606952251797	Inf	NO	P21359	NF1	B
1426	I	1405	7.91	-45.385	-29.183	NA	0.687955844667849	0	0	0.43182782966268213	0.24309814954527137	0.5609838182124234	Inf	NO	P21359	NF1	B
1427	L	1406	11.562	-46.421	-29.545	NA	0.682840931324594	0	0	0.25426718524980185	0.07494308631497519	0.6259244066209301	Inf	NO	P21359	NF1	B
1428	D	1407	13.299	-49.563	-28.332	NA	0.682840931324594	0	0	0	0.02125819481333121	0.497217644051483	Inf	NO	P21359	NF1	B
1429	K	1408	16.447	-47.757	-27.169	NA	0.646296296296296	2	0	0	0.011112663222363857	0.4407291023215163	Inf	NO	P21359	NF1	B
1430	K	1409	17.262	-44.352	-25.699	NA	0.653558052434457	1	0	0.11344198792773436	0.014723181546886762	0.34753608436093775	-1.5708750117178163	NO	P21359	NF1	B
1431	P	1410	18.512	-41.963	-28.409	NA	0.615113461114783	0	0	0.4679004553556644	0.2796298619137337	0.5361164716160889	Inf	NO	P21359	NF1	B
1432	P	1411	22.129	-40.735	-28.321	NA	0.610540126831402	0	0	0	0.0014424064628419002	0.6907854570983301	Inf	NO	P21359	NF1	B
1433	P	1412	22.75	-37.756	-25.969	NA	0.612289525475618	1	0	0.4679004553556644	0.2796298619137337	0.4801932607690509	-0.9338014865769126	NO	P21359	NF1	B
1434	R	1413	23.094	-35.312	-28.896	NA	0.616875963868694	1	0	0.38894300811542665	0.1262816654762615	0.9211712533823051	Inf	NO	P21359	NF1	B
1435	I	1414	19.581	-36.296	-30.018	NA	0.652985074626866	1	0	0.36227033950004656	0.0666162959410057	0.8870449843025299	Inf	NO	P21359	NF1	B
1436	E	1415	18.08	-36.26	-26.541	NA	0.657894736842105	0	0	0.4251407184970698	0.18974248684709827	0.43818395233798646	-0.6152647240064608	NO	P21359	NF1	B
1437	R	1416	19.311	-32.666	-26.218	NA	0.653558052434457	0	0	1.3805189271049922	0.6031721555826182	0.43799513926483047	-0.7214436448632782	NO	P21359	NF1	B
1438	G	1417	17.57	-31.61	-29.425	NA	0.692537313432836	1	0	0.9262792234993518	0.9999999999999999	0.6639179004527336	Inf	NO	P21359	NF1	B
1439	L	1418	14.292	-33.368	-28.635	NA	0.690547263681592	0	0	1.2934763569615024	0.5391959876625122	0.2623449098526311	-1.1461593282905471	NO	P21359	NF1	B
1440	K	1419	14.117	-31.643	-25.262	NA	0.734391534391534	0	3	2.4887950791868305	0.047651701218647764	-0.13527843209841423	-1.2978435009431433	NO	P21359	NF1	B
1441	L	1420	14.841	-28.244	-26.829	NA	0.592242424242424	0	0	2.5007941434976577	0.02651713946439855	0.12361303311125868	-0.7745331052916867	NO	P21359	NF1	B
1442	M	1421	12.258	-28.849	-29.559	NA	0.594403892944039	0	0	2.5007941434976577	0.02651713946439855	0.17783647313227294	-1.570875011717816	NO	P21359	NF1	B
1443	S	1422	9.484	-29.799	-27.146	NA	0.597810218978102	0	0	5.57804932358474	8.875925850945735e-5	-0.20559512900462798	-1.4434603066896354	NO	P21359	NF1	B
1444	K	1423	10.093	-26.435	-25.533	NA	0.597333333333333	0	3	5.544652277287991	5.339784346977877e-6	-0.4178374406679775	-0.6607699758022396	NO	P21359	NF1	B
1445	I	1424	9.499	-24.684	-28.852	NA	0.544610624033007	0	0	4.060292155305207	2.1913425940715876e-4	-0.0854013382271886	-1.1461593282905471	NO	P21359	NF1	B
1446	L	1425	6.347	-26.71	-29.557	NA	0.630824372759857	0	1	5.422971104095419	3.6172843743012386e-5	0.0595858100098303	-2.2079485368587197	NO	P21359	NF1	B
1447	Q	1426	5.033	-25.957	-26.055	NA	0.628571428571429	0	3	6.962361229850053	2.5510035845665317e-6	-0.27747675469399147	-0.9338014865769128	NO	P21359	NF1	B
1448	S	1427	5.376	-22.215	-26.713	NA	0.629893238434164	0	0	3.4322188308147115	0.0020746896368273827	-0.21163518762948041	-0.9338014865769128	NO	P21359	NF1	B
1449	I	1428	3.296	-22.536	-29.879	NA	0.581868131868132	1	0	1.9370818903532128	0.1113266780966721	0.22598540729100122	Inf	NO	P21359	NF1	B
1450	A	1429	0.591	-24.508	-28.041	NA	0.52491103202847	0	1	1.9134167158246216	0.11951959670716687	0.258752372259371	2.2515661391276054	NO	P21359	NF1	B
1451	N	1430	0.563	-22.058	-25.13	NA	0.50354609929078	0	2	2.5007941434976577	0.02651713946439855	-0.051340656336621805	-0.806386781548732	NO	P21359	NF1	B
1452	H	1431	0.398	-19.083	-27.531	NA	0.5	1	0	1.252929934637536	0.6477811269840746	0.23191456865121565	2.2515661391276054	NO	P21359	NF1	B
1453	V	1432	3.134	-17.242	-25.643	NA	0.551670551670552	1	1	2.8967855911634706	0.01845114190418583	-0.37311770067857275	-0.9338014865769128	NO	P21359	NF1	B
1454	L	1433	6.685	-16.249	-26.533	NA	0.465472027972028	0	0	3.1092812822054245	0.011201077156933891	-0.0736529755990739	2.2515661391276054	NO	P21359	NF1	B
1455	F	1434	9.988	-17.045	-24.863	NA	0.553224553224553	0	0	3.1092812822054245	0.011201077156933891	-0.31499388411937745	0.5527034054185291	NO	P21359	NF1	B
1456	T	1435	10.681	-14.499	-22.107	NA	0.555165692007797	0	0	1.5906956387617666	0.4245424111614989	-0.8671428092499472	-0.8276225657200955	NO	P21359	NF1	B
1457	K	1436	12.827	-16.354	-19.522	NA	0.71578947368421	0	2	2.504472634911413	0.08646666555473927	-1.8109989470028627	-0.20116693266487345	NO	P21359	NF1	B
1458	E	1437	15.846	-18.192	-20.957	NA	0.780157342657343	1	1	2.394814445525398	0.11651475630538279	-1.061923058952268	0.3858508155006734	NO	P21359	NF1	B
1459	E	1438	17.937	-15.746	-22.973	NA	0.774739583333333	0	0	1.5906956387617666	0.4245424111614989	-0.3667969491348934	-0.1905490405791917	NO	P21359	NF1	B
1460	H	1439	19.123	-18.448	-25.41	NA	0.776909722222222	1	1	1.2169382005277005	0.7996086621661874	0.2675939989749698	0.34034556370489466	NO	P21359	NF1	B
1461	M	1440	15.575	-19.388	-26.459	NA	0.776384083044983	1	2	2.504472634911413	0.08646666555473927	0.11643980305168052	1.189776930559433	NO	P21359	NF1	B
1462	R	1441	14.46	-15.899	-27.531	NA	0.689194348988163	3	0	2.504472634911413	0.08646666555473927	0.31390479478133027	Inf	NO	P21359	NF1	B
1463	P	1442	15.898	-16.1	-31.103	NA	0.626736111111111	0	0	1.5714773260907435	0.44555786420788057	0.5338983373361794	Inf	NO	P21359	NF1	B
1464	F	1443	13.19	-18.756	-31.804	NA	0.682758620689655	0	0	1.6905616390026883	0.27392684966944275	0.26113183846315424	Inf	NO	P21359	NF1	B
1465	N	1444	10.399	-16.271	-31.081	NA	0.682286785379569	0	1	1.8758025238254703	0.18201079362482558	0.12860092584420996	Inf	NO	P21359	NF1	B
1466	D	1445	10.018	-15.47	-34.784	NA	0.72766323024055	0	0	0.9610616705643948	1	0.14035361859484324	Inf	NO	P21359	NF1	B
1467	F	1446	9.387	-19.119	-35.661	NA	0.767644726407613	0	0	0.9787745002269107	1	0.2530309311326619	Inf	NO	P21359	NF1	B
1468	V	1447	6.903	-19.35	-32.761	NA	0.753103448275862	0	1	2.400565710943172	0.054901302326308285	0.10863512086715946	Inf	NO	P21359	NF1	B
1469	K	1448	4.792	-16.392	-33.958	NA	0.717241379310345	0	0	0.9392919393714433	1	0.16190110879873465	Inf	NO	P21359	NF1	B
1470	S	1449	4.541	-17.766	-37.486	NA	0.714776632302405	1	0	0.5645866136908322	0.5221200592958091	0.3065487843558571	Inf	NO	P21359	NF1	B
1471	N	1450	2.951	-21.033	-36.253	NA	0.714776632302405	0	0	1.7345699048135719	0.2460605556995109	0.21582653298634347	Inf	NO	P21359	NF1	B
1472	F	1451	0.339	-19.753	-33.811	NA	0.8719723183391	0	0	1.0416907563495692	1	0.35689143486879976	Inf	NO	P21359	NF1	B
1473	D	1452	-2.541	-19.688	-36.319	NA	0.899653979238754	1	0	0.4679004553556644	0.2796298619137337	0.5851494941501767	Inf	NO	P21359	NF1	B
1474	A	1453	-1.672	-23.05	-37.871	NA	0.893470790378007	1	0	0.1904178764035658	0.02707458131691653	0.495606049885262	Inf	NO	P21359	NF1	B
1475	A	1454	-1.773	-24.529	-34.354	NA	0.887372013651877	0	0	0.674132113439872	0.4200691755027481	0.48185799204422575	Inf	NO	P21359	NF1	B
1476	R	1455	-5.123	-22.935	-33.482	NA	0.865979381443299	1	0	0.286648791360195	0.0340810552452148	0.7345116364687999	Inf	NO	P21359	NF1	B
1477	R	1456	-6.597	-24.248	-36.733	NA	0.833906071019473	0	0	0.16201766659286632	0.008886546325665328	0.8020896666376454	Inf	NO	P21359	NF1	B
1478	F	1457	-5.433	-27.765	-35.867	NA	0.833333333333333	0	0	0.19894881051918542	0.005188100411488508	0.5902264339362394	Inf	NO	P21359	NF1	B
1479	F	1458	-6.934	-27.586	-32.361	NA	0.867755532139094	1	0	0.28210816576852127	0.010769620248488985	0.6263396358309599	Inf	NO	P21359	NF1	B
1480	L	1459	-10.225	-26.168	-33.688	NA	0.894685519258898	0	0	0.07445269608491793	0.0013507753012001217	0.8330926847799902	Inf	NO	P21359	NF1	B
1481	D	1460	-10.503	-29.322	-35.852	NA	0.894685519258898	1	0	0.06941113556462031	7.061680486057586e-4	0.6460858934310497	Inf	NO	P21359	NF1	B
1482	I	1461	-9.943	-31.725	-32.93	NA	0.928045977011494	2	1	0.299141654536989	0.017257982300176323	0.4918098635522949	Inf	NO	P21359	NF1	B
1483	A	1462	-12.473	-29.878	-30.75	NA	0.918543799772469	1	0	0.22810539883262948	0.014476959405245609	0.6889610513192197	Inf	NO	P21359	NF1	B
