Uniprot_position	aminoacid	Position_in_structure	x	y	z	paraz	mtr	gscount	pscount	OR	pvalue	mtr3dscore	paraz3dscore	HotSpot3D	Uniprot	gene	chain
1	M	1	-33.966	-27.618	13.975	-1.55	0	0	0	2.142000194192489	0.60984393757503	-1.433509068957557	-1.9462468331568934	NO	P01116	KRAS	A
2	T	2	-33.284	-31.319	13.584	-1.55	0	0	0	1.449513119817828	0.7030017680831198	-1.0487764573030318	-1.339633781240597	NO	P01116	KRAS	A
3	E	3	-31.027	-33.24	15.925	-0.95	0	0	0	0.640585099326399	0.7264853492114312	-0.8655811053201198	-0.6992095100371625	NO	P01116	KRAS	A
4	Y	4	-28.721	-35.984	14.653	0.55	0	0	0	0.6837515895244707	0.7431630718204904	-0.4030577346559203	-0.14077192089600338	NO	P01116	KRAS	A
5	K	5	-26.877	-38.232	17.104	1.15	0	0	2	1.0490197264983794	1	-0.570967721465617	0.6417277768069195	NO	P01116	KRAS	A
6	L	6	-23.558	-39.332	15.588	0.55	0	1	0	0.8597377977233311	1	-0.22462120172042246	0.5701576825048227	NO	P01116	KRAS	A
7	V	7	-20.898	-41.637	17.045	0.85	0	0	0	1.2896943966966612	0.7553934017338002	-0.6067089656327165	1.1603612973774613	NO	P01116	KRAS	A
8	V	8	-17.283	-41.818	15.898	0.85	0	0	0	3.2208282171947578	0.07459674485175027	-0.7341060995952202	1.3216436726768368	NO	P01116	KRAS	A
9	V	9	-15.69	-45.217	16.449	1.15	0	0	0	2.187103605522847	0.2367062119418476	-0.7460086395341173	1.1488530164332038	NO	P01116	KRAS	A
10	G	10	-12.389	-46.843	15.653	1.75	0	0	0	4.1893288218937315	0.05222884944518601	-0.6260633992693352	0.9973181400762835	NO	P01116	KRAS	A
11	A	11	-9.054	-47.999	17.088	-0.35	0	0	0	5.462850017345422	0.038451600333354534	-0.7349455317528659	0.793456376727364	YES	P01116	KRAS	A
12	G	12	-7.033	-45.683	19.307	-0.05	0	1	3	9.340826204026918	0.023779724655819786	-1.0572816089667976	1.7295932101987876	YES	P01116	KRAS	A
13	G	13	-4.793	-43.247	17.45	1.75	0	0	1	7.67965043496109	0.00873210582068965	-0.8424059417574803	1.716380269712247	YES	P01116	KRAS	A
14	V	14	-6.658	-43.153	14.097	1.75	0	0	1	9.013883005261572	0.003865337303263459	-0.3687695539619893	1.9406227453981122	YES	P01116	KRAS	A
15	G	15	-7.79	-39.491	14.484	1.75	0	0	1	19.823116809297584	2.7678115077494783e-5	-0.5313672689179733	1.390246226483481	YES	P01116	KRAS	A
16	K	16	-11.358	-39.611	15.842	1.75	0	0	0	23.48816483011098	8.334837981206381e-6	-0.5648677408506155	1.7561763880824235	YES	P01116	KRAS	A
17	S	17	-10.885	-36.619	18.165	1.15	0	0	0	40.7498013047507	3.880793912982077e-6	-1.365928042542873	0.793456376727364	YES	P01116	KRAS	A
18	A	18	-8.929	-34.762	15.537	0.55	0	0	0	28.118630652213973	2.290063888616253e-6	-0.8276159288823574	0.6202567485162905	YES	P01116	KRAS	A
19	L	19	-11.718	-35.206	12.987	1.75	0	0	1	16.848792929648276	8.479168587232512e-5	-0.4522343645458428	1.1038661000147432	YES	P01116	KRAS	A
20	T	20	-14.342	-34.027	15.444	0.55	0	0	0	25.37176555558214	1.1551186410287785e-4	-0.9159360105339657	0.7214773104578271	YES	P01116	KRAS	A
21	I	21	-12.258	-31.06	16.578	-0.65	0	0	0	41.7498013047507	2.558173195057336e-4	-1.3342077116934299	-0.05679634358154336	NO	P01116	KRAS	A
22	Q	22	-11.691	-30.154	12.947	0.25	0	0	3	41.7498013047507	2.558173195057336e-4	-0.5948817415972782	0.15914085522706806	YES	P01116	KRAS	A
23	L	23	-15.477	-30.16	12.474	0.85	0	0	1	15.839187207892339	0.002040299109228659	-0.5594583391366426	-0.16476494298584915	NO	P01116	KRAS	A
24	I	24	-16.122	-28.2	15.683	-0.35	0	0	0	41.7498013047507	0.0016985517611299873	-1.234946439259942	-0.17826101791138735	NO	P01116	KRAS	A
25	Q	25	-13.287	-25.624	15.706	-0.65	0	0	0	41.7498013047507	0.004152015416095516	-1.4812165584646535	-0.5606498074683034	NO	P01116	KRAS	A
26	N	26	-11.769	-25.64	12.27	-0.95	0	0	1	41.7498013047507	6.715204637025486e-4	-0.780341168456444	-1.04129949341291	NO	P01116	KRAS	A
27	H	27	-8.268	-26.339	13.592	-1.25	0	0	0	41.7498013047507	6.715204637025486e-4	-0.8084795588042065	-0.6708677526935322	NO	P01116	KRAS	A
28	F	28	-5.933	-29.325	13.849	-0.65	0	0	0	18.58761724028015	8.236069798721197e-4	-0.7774649598203011	-0.35474815155304085	NO	P01116	KRAS	A
29	V	29	-4.825	-30.391	17.344	-0.95	0	0	0	41.7498013047507	2.558173195057336e-4	-1.2768968946312427	-0.5332664670396751	NO	P01116	KRAS	A
30	D	30	-1.503	-32.341	17.564	-0.35	0	0	0	41.7498013047507	6.715204637025486e-4	-1.4461031184174509	-0.06860540914138923	NO	P01116	KRAS	A
31	E	31	-2.096	-33.45	21.183	-0.65	0	0	0	41.7498013047507	0.2352941176470589	-1.8568358487244507	-0.24574139253907837	NO	P01116	KRAS	A
32	Y	32	-5.452	-33.907	22.951	-0.35	0	0	0	41.7498013047507	0.11044417767106848	-1.8568358487244507	0.32109375433352666	NO	P01116	KRAS	A
33	D	33	-6.174	-34.936	26.593	1.15	0	0	0	0	1	-1.8568358487244507	-0.9805276940406034	NO	P01116	KRAS	A
37	E	37	-14.496	-36.553	28.456	-0.35	0	0	0	41.7498013047507	0.49019607843137253	-1.657842871641852	0.793456376727364	NO	P01116	KRAS	A
38	D	38	-17.85	-35.807	26.728	-0.05	0	0	0	41.7498013047507	0.2352941176470589	-1.3780307990154308	0.46280254105167784	NO	P01116	KRAS	A
39	S	39	-19.725	-34.937	23.499	0.25	0	0	0	6.052066963329325	0.0993205792955481	-1.4742554063133564	0.48427356934230686	NO	P01116	KRAS	A
40	Y	40	-19.933	-32.014	21.095	1.75	0	0	0	11.262167935654412	0.01094183343797686	-1.692842719098091	0.29929240253073414	YES	P01116	KRAS	A
41	R	41	-22.732	-30.11	19.445	-0.95	0	0	0	4.6307550195488	0.19063370028862608	-1.6476114810573448	-0.12765073694061904	NO	P01116	KRAS	A
42	K	42	-22.6	-28.401	16.099	1.15	0	0	0	6.505036615144765	0.018769815887881076	-1.4005535755740268	-0.9385399053833735	NO	P01116	KRAS	A
43	Q	43	-25.246	-26.515	14.262	-1.25	0	0	0	3.333137263790086	0.3497398959583833	-1.5123770997547146	-1.284939161805521	NO	P01116	KRAS	A
44	V	44	-24.871	-26.695	10.507	0.25	0	0	0	1.6207196688092	0.6679522872978979	-1.0268822249969942	-1.2726166586126382	NO	P01116	KRAS	A
45	V	45	-27.19	-26.304	7.492	-0.65	0.157258064516129	0	0	1.0426230915195522	1	-0.8386354954955488	-1.2954361089698283	NO	P01116	KRAS	A
46	I	46	-27.19	-29.467	5.321	1.15	0.180883864337102	0	0	0.3722407336003162	0.4189165027713213	-0.2909370190623888	-1.0330124298621408	NO	P01116	KRAS	A
47	D	47	-29.319	-29.331	2.184	1.75	0.210274790919952	0	0	0.23520474585128276	0.34973989595838323	0.0870187462136727	-0.7544396012709034	NO	P01116	KRAS	A
48	G	48	-31.432	-26.46	3.595	-0.65	0.211031175059952	0	0	1.0408464122299055	1	-1.2843602475124156	-1.9462468331568934	NO	P01116	KRAS	A
49	E	49	-32.095	-28.136	6.941	-0.95	0.211031175059952	0	0	0.6719381231238533	1	-0.6383338726695567	-1.3893561625452113	NO	P01116	KRAS	A
50	T	50	-30.705	-26.634	10.161	-0.95	0.209677419354839	1	1	1.0426230915195522	1	-1.1920131402516139	-1.3571828569951667	NO	P01116	KRAS	A
51	C	51	-29.118	-29.634	11.843	0.25	0.179989685404848	0	0	1.0466843402502772	1	-0.7636025247794994	-0.8881545589946974	NO	P01116	KRAS	A
52	L	52	-27.867	-29.897	15.384	-0.65	0.17921146953405	0	0	1.449513119817828	0.7030017680831198	-1.2236236825583082	-1.1493916266838111	NO	P01116	KRAS	A
53	L	53	-25.208	-32.629	15.388	1.45	0.179591836734694	0	1	1.0490197264983794	1	-1.0086943122062624	-0.44613765658494886	NO	P01116	KRAS	A
54	D	54	-24.702	-34.392	18.697	-0.35	0.180883864337102	0	0	1.0490197264983794	1	-1.1056377513042326	0.22662122985475905	NO	P01116	KRAS	A
55	I	55	-21.326	-36.109	18.344	1.15	0.158273381294964	0	0	1.9500608908554655	0.3487349321162433	-1.0265173395746299	0.7735674242055184	NO	P01116	KRAS	A
56	L	56	-19.689	-38.682	20.622	0.25	0.157258064516129	0	0	2.1071461318303006	0.32383747479271935	-1.1003416723492787	0.7823419620828032	NO	P01116	KRAS	A
57	D	57	-16.009	-39.268	20.235	1.75	0.157823741007194	0	0	6.794002133958314	0.00586431228108255	-1.3812088341016353	1.2118346994190488	YES	P01116	KRAS	A
58	T	58	-15.001	-43.004	20.73	0.25	0.157706093189964	0	1	4.94640438873567	0.02657692371791884	-1.2470528363867073	1.3389590180725055	YES	P01116	KRAS	A
69	D	69	-23.295	-46.699	26.72	-0.35	0.506093189964158	0	0	1.6207196688092	0.6679522872978979	-0.23535087127550605	0.1478941261224529	NO	P01116	KRAS	A
70	Q	70	-26.121	-44.237	25.897	-0.35	0.505714285714286	0	0	1.449513119817828	0.7030017680831198	-0.5498052882234861	-0.1866960647398487	NO	P01116	KRAS	A
71	Y	71	-24.68	-43.013	22.574	0.55	0.502491103202847	0	1	1.3664227606513204	0.7264853492114313	-0.7450768015735221	0.5173059205586591	NO	P01116	KRAS	A
72	M	72	-23.834	-46.479	21.257	0.85	0.502127659574468	0	1	1.3664227606513204	0.7264853492114313	-0.44330862776922264	-0.02530550208862083	NO	P01116	KRAS	A
73	R	73	-27.438	-47.73	21.562	-0.35	0.454866688082236	0	0	1.0466843402502772	1	-0.1866356388389222	-0.2868164031820208	NO	P01116	KRAS	A
74	T	74	-29.144	-44.449	20.748	-0.05	0.498245614035088	1	0	1.0466843402502772	1	-0.3842374770731007	0.18367917327350117	NO	P01116	KRAS	A
75	G	75	-26.66	-43.313	18.057	1.15	0.498245614035088	1	0	1.3189699817305187	0.7431630718204902	-0.2952960942756408	0.6989838522485965	NO	P01116	KRAS	A
76	E	76	-28.362	-42.831	14.73	-0.65	0.414319248826291	0	0	0.5688943227758742	0.5230171333809105	0.05473778750263042	0.5878397058029877	NO	P01116	KRAS	A
77	G	77	-25.223	-43.009	12.605	1.45	0.413145539906103	1	0	0.4792472679998746	0.3487349321162433	0.21981790011930255	0.45155581194706274	NO	P01116	KRAS	A
78	F	78	-21.638	-44.108	12.915	0.25	0.413427561837456	0	0	0.5688943227758742	0.5230171333809105	0.09536777633622473	0.5254628889202482	NO	P01116	KRAS	A
79	L	79	-18.353	-42.944	11.463	1.15	0.410798122065728	0	0	0.8909451203294602	0.9999999999999999	0.16423092146330237	1.2063362985234594	NO	P01116	KRAS	A
80	C	80	-16.131	-46.04	11.382	0.55	0.409356725146199	0	0	0.4792472679998746	0.3487349321162433	0.09695475547726155	0.99536824277022	NO	P01116	KRAS	A
81	V	81	-12.602	-44.602	11.238	1.75	0.406759906759907	0	0	1.4725767216524497	0.5724889134937289	-0.060074656921615004	1.4075277858393531	NO	P01116	KRAS	A
82	F	82	-9.279	-46.225	10.403	1.15	0.524812030075188	0	0	0.9018622689772119	0.9999999999999999	0.12395820059636589	0.962628106607948	NO	P01116	KRAS	A
83	A	83	-5.992	-44.594	9.476	0.85	0.528169014084507	0	0	1.4725767216524497	0.5724889134937289	0.45562249944999667	1.192817502933063	NO	P01116	KRAS	A
84	I	84	-4.483	-45.261	6.079	1.15	0.528169014084507	0	0	0.6025950038276681	0.5413626282508754	1.0812351101656832	0.9689053507593609	NO	P01116	KRAS	A
85	N	85	-1.021	-45.916	7.61	-0.05	0.527472527472528	0	0	1.7180879115521985	0.4985564735542905	0.8275107636035396	0.6234058326655827	NO	P01116	KRAS	A
86	N	86	-2.336	-48.281	10.286	0.55	0.531187122736419	0	0	2.54002668657603	0.19935018817509997	0.3115188607024587	0.5361001893541699	NO	P01116	KRAS	A
87	T	87	-3.165	-51.7	8.798	-0.95	0.527819548872181	0	0	0.3722407336003162	0.4189165027713213	0.6283577635476633	-0.20466638189613603	NO	P01116	KRAS	A
88	K	88	-4.39	-52.943	12.158	-0.65	0.529678068410463	0	0	2.937698247280008	0.24846534358424224	-0.27051245951622016	0.024180105971685854	NO	P01116	KRAS	A
89	S	89	-6.945	-50.075	12.534	1.75	0.465106007067138	0	0	1.2896943966966612	0.7553934017338002	-0.19427863969442358	0.5513705327505223	NO	P01116	KRAS	A
90	F	90	-8.229	-51.101	9.137	0.85	0.416370106761566	0	0	0.7153124375671163	0.7553934017338003	0.35994373680899966	-0.39108373789102835	NO	P01116	KRAS	A
91	E	91	-8.461	-54.765	10.099	-0.65	0.248763250883392	0	0	0	0.05062024809923969	0.19006777610500555	-0.863446360284866	NO	P01116	KRAS	A
92	D	92	-10.281	-53.902	13.354	-0.95	0.25017667844523	0	0	2.2496115489010586	0.4189165027713214	-0.499752120164532	-0.9149217742636816	NO	P01116	KRAS	A
93	I	93	-13.107	-52.12	11.397	-0.05	0.211469534050179	0	0	0.640585099326399	0.7264853492114312	-0.08531825306996477	0.09540939030091541	NO	P01116	KRAS	A
94	H	94	-14.832	-55.562	11.249	-1.55	0.212230215827338	0	0	0	0.05062024809923969	-0.02855111218086858	-0.6817684285949284	NO	P01116	KRAS	A
95	H	95	-15.911	-54.524	15.428	-1.55	0.212394705174489	1	0	0	1	-0.5762443973155725	-0.8755582223975285	NO	P01116	KRAS	A
96	Y	96	-16.416	-52.148	15.247	-1.55	0.210872162485066	0	0	2.142000194192489	0.60984393757503	-0.5207113449986789	-0.2783181251179638	NO	P01116	KRAS	A
97	R	97	-19.076	-52.958	12.682	-1.55	0.361495135688684	0	0	0.18034548203040612	0.19063370028862614	0.07806089348781957	-0.5937980616713797	NO	P01116	KRAS	A
98	E	98	-20.061	-56.214	14.403	-0.65	0.359183673469388	0	0	0	0.4901960784313726	-0.08764976689101178	-2.4658457177901147	NO	P01116	KRAS	A
99	Q	99	-20.374	-54.28	17.642	-0.05	0.419047619047619	0	0	1.0408464122299055	1	-0.32496752884998165	-1.6422917543991198	NO	P01116	KRAS	A
100	I	100	-22.665	-51.744	16.042	1.45	0.417857142857143	0	0	0.3722407336003162	0.4189165027713213	-0.22965084853500525	-0.7736760881557203	NO	P01116	KRAS	A
101	K	101	-24.768	-54.439	14.39	-0.35	0.420549581839904	0	0	0.23520474585128276	0.34973989595838323	0.08784378631746914	-1.426647948523672	NO	P01116	KRAS	A
102	R	102	-25.057	-56.211	17.779	-0.35	0.420549581839904	0	0	0.5066127908919049	0.9999999999999999	-0.028814548937767012	-2.2463360285600373	NO	P01116	KRAS	A
103	V	103	-26.003	-53.168	19.884	0.25	0.422382671480144	0	0	0.6719381231238533	1	0.017946251357411024	-1.7916554294643647	NO	P01116	KRAS	A
104	K	104	-28.539	-51.932	17.251	0.25	0.506859205776173	0	0	0.48505346944643235	0.667952287297898	0.12705867338114082	-0.9440165734690991	NO	P01116	KRAS	A
105	D	105	-29.788	-55.428	16.261	-0.05	0.508695652173913	0	0	0.5066127908919049	0.9999999999999999	0.10516053686172173	-1.7218745875198205	NO	P01116	KRAS	A
106	S	106	-29.817	-54.745	12.499	-0.95	0.508695652173913	0	0	0	1	0.13354469529177404	-1.5683567352418233	NO	P01116	KRAS	A
107	E	107	-27.551	-55.295	9.455	-0.95	0.512408759124088	0	0	0	0.11044417767106841	0.5590071128399836	-1.5385233064590547	NO	P01116	KRAS	A
108	D	108	-28.516	-51.949	8.04	-0.95	0.509090909090909	1	0	0	0.05062024809923969	0.6262513560000545	-0.9757563544204636	NO	P01116	KRAS	A
109	V	109	-27.327	-49.151	10.314	-0.05	0.636363636363636	0	0	0.08224092973345519	0.01094183343797688	0.4309126887664119	-0.4124576122074916	NO	P01116	KRAS	A
110	P	110	-26.312	-45.758	8.892	1.75	0.635379061371841	0	0	0.1444946524804875	0.018769815887881097	0.6329275654810106	0.05990501018634588	NO	P01116	KRAS	A
111	M	111	-22.555	-45.834	8.668	0.55	0.635869565217391	0	0	0	9.359170225819501e-5	0.7203033129898943	0.21510019028417765	NO	P01116	KRAS	A
112	V	112	-19.66	-44.278	6.736	1.15	0.635379061371841	1	0	0	1.0919031930122773e-5	0.9515785220382433	0.411458777748	NO	P01116	KRAS	A
113	L	113	-16.215	-45.794	6.446	1.15	0.696748506967485	0	0	0.04425690698278728	3.1665192597356046e-4	0.9558803540307638	0.23667149841633017	NO	P01116	KRAS	A
114	V	114	-13.541	-43.174	6.847	1.15	0.699300699300699	0	0	0.5121206039693476	0.3678241632647204	0.768926029861475	1.6437090970362715	NO	P01116	KRAS	A
115	G	115	-9.845	-43.599	6.043	1.45	0.792506386602328	0	0	0.536999592385493	0.38227389667581274	0.9111184229116448	1.0729375949770512	NO	P01116	KRAS	A
116	N	116	-8.025	-40.822	7.839	1.75	0.792506386602328	0	1	1.7883950693909176	0.38227389667581224	0.5633462126863343	1.6651801253269005	NO	P01116	KRAS	A
117	K	117	-4.501	-39.352	7.677	1.75	0.858548585485855	1	1	4.94640438873567	0.02657692371791884	0.8126631056819628	1.3380626943108473	NO	P01116	KRAS	A
119	D	119	-1.799	-36.371	4.145	1.75	0.864197530864198	0	1	7.616240680267277	0.049605657865983276	1.5945984589689717	0.9973181400762835	NO	P01116	KRAS	A
120	L	120	0.809	-38.86	5.428	1.75	0.948969246367016	0	0	3.694601333888846	0.13999642410155552	1.5589687526232157	0.8978733774670546	NO	P01116	KRAS	A
121	P	121	3.123	-40.643	2.999	-0.95	0.975	0	0	0.6719381231238533	1	1.5875063766671826	-0.027727874511153425	NO	P01116	KRAS	A
122	S	122	3.446	-43.978	4.945	-0.65	0.902564102564103	0	0	0.6719381231238533	1	1.5001643585110735	-0.31322176716676947	NO	P01116	KRAS	A
123	R	123	0.387	-45.59	3.304	-0.35	0.952521525215252	0	0	0.7542278619943737	1	1.4867882789747366	-0.046851867320620535	NO	P01116	KRAS	A
124	T	124	-0.236	-49.236	4.11	-0.65	0.999148453022992	1	0	0.09766114285947865	0.023779724655819765	1.2736744516619594	-0.3689664244679055	NO	P01116	KRAS	A
125	V	125	-3.963	-49.53	3.283	-0.35	1.00746268656716	0	0	0.20174870497254904	0.07513128952719136	1.402850072299494	-0.34696195448061495	NO	P01116	KRAS	A
126	D	126	-4.714	-48.976	-0.418	-0.65	1.01503759398496	1	0	0	0.00983372072233149	1.613878343730657	-1.1454797209082925	NO	P01116	KRAS	A
127	T	127	-7.847	-47.16	-1.616	-0.95	1.00835494093921	1	0	0.08224092973345519	0.01094183343797688	1.6956478526067407	0.06916702239014659	NO	P01116	KRAS	A
128	K	128	-8.897	-50.494	-3.248	-0.65	0.989661654135338	1	0	0	0.004152015416095522	2.0034063863984373	-0.8952399983306049	NO	P01116	KRAS	A
129	Q	129	-8.791	-52.454	0.026	-0.35	0.917832167832168	0	0	0	0.0016985517611299802	1.6242941529260888	-1.3254273865821355	NO	P01116	KRAS	A
130	A	130	-11.002	-49.737	1.527	1.45	0.911756168359942	3	0	0.05981646565908525	0.0020402991092286628	1.2749796755024823	-0.24574139253907837	NO	P01116	KRAS	A
131	Q	131	-13.336	-49.47	-1.459	-0.65	0.909143686502177	0	0	0	9.359170225819501e-5	1.8420957743110855	-0.6787404630667628	NO	P01116	KRAS	A
132	D	132	-13.674	-53.288	-1.28	-0.95	0.919553728714034	0	0	0	6.715204637025526e-4	1.902137125457734	-1.588245687763669	NO	P01116	KRAS	A
133	L	133	-14.541	-53.297	2.404	-0.65	0.913424978063761	0	0	0	2.5581731950573375e-4	1.236624002334309	-1.320773567642295	NO	P01116	KRAS	A
134	A	134	-17.12	-50.508	2.033	1.45	0.903123192596877	0	0	0	2.5581731950573375e-4	1.345947536483537	-0.6506236403052248	NO	P01116	KRAS	A
135	R	135	-19.342	-53.472	-0.376	-1.25	0.903123192596877	0	0	0	0.0016985517611299802	1.8672660716485705	-1.2495119651259832	NO	P01116	KRAS	A
136	S	136	-19.054	-55.437	1.015	-0.95	0.895624821275379	1	0	0	0.00983372072233149	1.514776630393037	-2.079619808891624	NO	P01116	KRAS	A
137	Y	137	-20.875	-53.586	3.832	-0.05	0.897147796024201	0	0	0	0.0016985517611299802	1.03097086191526	-1.4549897058673025	NO	P01116	KRAS	A
138	G	138	-22.926	-51.465	1.387	-0.95	0.903123192596877	2	0	0	0.022617557661362392	1.517822420301517	-1.339633781240597	NO	P01116	KRAS	A
139	I	139	-21.617	-48.148	2.759	0.55	0.935309973045822	0	0	0	9.359170225819501e-5	1.3458376880352008	-0.48192270373599716	NO	P01116	KRAS	A
140	P	140	-19.744	-45.029	1.484	-0.95	0.913424978063761	0	0	0	2.5581731950573375e-4	1.5802203594413606	-0.03241633726444204	NO	P01116	KRAS	A
141	F	141	-15.979	-44.713	1.867	0.55	0.912587412587413	1	0	0.04425690698278728	3.1665192597356046e-4	1.5913719655870344	0.09779506011098522	NO	P01116	KRAS	A
142	I	142	-14.531	-41.264	2.398	0.55	0.952315608919383	1	0	0.1444946524804875	0.018769815887881097	1.445608592387405	1.1123011468432045	NO	P01116	KRAS	A
143	E	143	-10.842	-40.442	2.665	1.75	1.04360902255639	0	0	0.3483311998437825	0.13181185088354944	1.4124244272118431	1.1848425495679724	NO	P01116	KRAS	A
144	T	144	-9.946	-37.681	5.114	0.55	0.920075757575757	0	0	3.5162097162100423	0.04476029595205075	0.6987503080239315	1.8798904082331909	NO	P01116	KRAS	A
145	S	145	-7.171	-35.647	6.647	1.75	0.949571183533448	0	0	7.938011768120803	0.0025300986428658068	0.42948226995798855	1.5846637692370424	NO	P01116	KRAS	A
146	A	146	-7.917	-34.002	9.985	1.75	0.778867924528302	0	1	14.385915372466322	2.4170977936923397e-4	-0.05900161282040261	0.8039533238916718	YES	P01116	KRAS	A
147	K	147	-4.672	-32.124	9.369	-0.35	0.782509505703422	0	2	25.37176555558214	1.1551186410287785e-4	-0.20671034560173895	0.5899770932346343	YES	P01116	KRAS	A
148	T	148	-5.587	-30.491	6.068	-0.05	0.780228136882129	0	0	21.733944135028622	3.166519259735606e-4	0.3953421186497056	0.6090100194116753	NO	P01116	KRAS	A
149	R	149	-9.385	-30.73	6.567	-0.65	0.827514690632561	0	0	12.31245669709945	6.455431082215723e-4	0.01405064666257617	0.10415684627117164	NO	P01116	KRAS	A
150	Q	150	-9.722	-32.672	3.317	-0.95	0.827514690632561	0	0	6.794002133958314	0.00586431228108255	0.9068491273417659	0.9566361917361444	NO	P01116	KRAS	A
152	V	152	-14.002	-33.89	6.954	0.55	0.862893081761006	0	0	3.7700314720658845	0.03985900190387224	0.3014562902050372	0.7514685880701342	NO	P01116	KRAS	A
154	D	154	-17.872	-34.665	3.446	-0.65	0.859649122807018	1	0	0.4615247610939423	0.4654031825496156	1.3242525843956747	0.7716550249245716	NO	P01116	KRAS	A
155	A	155	-17.727	-37.489	5.987	0.55	0.853932584269663	0	0	0.8772947779470741	1	0.8311935373915541	1.1216240933378199	NO	P01116	KRAS	A
156	F	156	-20.072	-35.89	8.48	1.75	0.812075983717775	0	0	1.0576071802712148	1	0.1077282603908209	1.0558800558350516	NO	P01116	KRAS	A
157	Y	157	-22.506	-34.614	5.839	-0.95	0.857142857142857	0	0	0.20174870497254904	0.07513128952719136	0.38797540967594935	0.39423377328483045	NO	P01116	KRAS	A
158	T	158	-22.558	-37.945	4.059	-0.65	0.862155388471178	1	0	0	0.0016985517611299802	1.1838717333954811	0.9439126194157716	NO	P01116	KRAS	A
159	L	159	-23.341	-39.613	7.428	0.55	0.894554883318928	0	0	0.22482224810335205	0.052228849445185896	0.6675642387121317	0.9089227955347468	NO	P01116	KRAS	A
160	V	160	-26.31	-37.268	7.955	0.85	0.966292134831461	1	0	0.36709469126511696	0.1993501881750999	0.002322959086124508	0.1478941261224529	NO	P01116	KRAS	A
161	R	161	-27.528	-38.156	4.428	0.85	0.966292134831461	0	0	0	0.00983372072233149	0.7992737162995477	0.35888276412503367	NO	P01116	KRAS	A
162	E	162	-27.274	-41.887	5.174	-0.65	0.967105263157895	0	0	0	6.715204637025526e-4	1.081414143610105	0.08127888450280922	NO	P01116	KRAS	A
163	I	163	-29.373	-41.435	8.304	1.15	0.967105263157895	0	0	0.20174870497254904	0.07513128952719136	0.6723706726085913	0.46280254105167784	NO	P01116	KRAS	A
164	R	164	-32.048	-39.58	6.3	0.85	0.991902834008097	1	0	0	0.11044417767106841	0.4559290119896988	-0.19850513029969458	NO	P01116	KRAS	A
