Uniprot_position	aminoacid	Position_in_structure	x	y	z	paraz	mtr	gscount	pscount	OR	pvalue	mtr3dscore	paraz3dscore	HotSpot3D	Uniprot	gene	chain
1	M	1	200.416	137.85	261.32	-1.55	0	0	0	6.956360142322017	0.13051573814097833	-3.1935055662266927	-1.4541410257456482	NO	P01116	KRAS	R
2	T	2	197.573	138.293	263.809	-1.55	0	0	0	4.807541349139449	0.04869478102592758	-2.412212659770858	-0.7875186382457976	NO	P01116	KRAS	R
3	E	3	194.327	136.434	263.046	-0.95	0	0	0	2.3687266522019006	0.2399337524049311	-2.4476116394016296	-0.5888138881256497	NO	P01116	KRAS	R
4	Y	4	190.93	137.778	264.187	0.55	0	0	0	2.019032057622358	0.27627326797026436	-1.8964232199120616	-0.20535519576855227	NO	P01116	KRAS	R
5	K	5	188.071	135.264	264.501	1.15	0	0	2	3.027873332768316	0.12989628411116205	-1.8991743539097525	0.25996423218228965	NO	P01116	KRAS	R
6	L	6	184.846	137.118	263.746	0.55	0	1	0	3.1698641959221807	0.07874190683347297	-1.6874713645176986	0.13806090747514915	NO	P01116	KRAS	R
7	V	7	181.272	135.783	264.032	0.85	0	0	0	5.2059019054726265	0.004138979973190962	-1.9809491362253204	0.5123950173789115	YES	P01116	KRAS	R
8	V	8	178.239	137.193	262.247	0.85	0	0	0	7.248813559447493	6.609613708858043e-4	-2.1607271373457215	0.39701806569624504	YES	P01116	KRAS	R
9	V	9	174.905	136.829	264.065	1.15	0	0	0	9.164657623736312	5.999473137428916e-6	-2.0997193609255147	0.28152963869794295	YES	P01116	KRAS	R
10	G	10	171.368	137.953	263.272	1.75	0	0	0	17.999445113305747	5.8820725797610966e-8	-2.0213601996892914	0.21479999626873655	YES	P01116	KRAS	R
11	A	11	167.908	136.847	262.126	-0.35	0	0	0	21.81267688510693	7.107737364729547e-8	-2.080738884169693	0.0030271418021023642	YES	P01116	KRAS	R
13	G	13	165.971	137.137	255.808	1.75	0	0	1	9.105795767836005	2.858486739484469e-4	-1.3722179441884885	0.3307953581907652	YES	P01116	KRAS	R
14	V	14	168.538	139.879	256.468	1.75	0	0	1	23.678013504478955	1.6591913487171511e-6	-1.4107390716997072	0.5922817488363834	YES	P01116	KRAS	R
15	G	15	171.637	139.481	254.218	1.75	0	0	1	29.137966019007486	5.634720674874815e-10	-1.4948829335360567	0.5845513966852139	YES	P01116	KRAS	R
16	K	16	174.06	138.329	256.904	1.75	0	0	0	28.435257311354977	1.6616475137149167e-11	-1.7912582711032736	0.5979588032521034	YES	P01116	KRAS	R
17	S	17	175.318	136.298	253.948	1.15	0	0	0	36.82143130096565	7.664000068172967e-14	-1.9845591255645207	0.18086742867915284	YES	P01116	KRAS	R
18	A	18	175.654	139.257	251.632	0.55	0	0	0	36.283962841641554	2.9047767840174757e-9	-1.4151734363962722	0.10575536100400251	YES	P01116	KRAS	R
19	L	19	177.719	141.199	254.148	1.75	0	0	1	19.659584608850114	3.3137274348890184e-7	-1.4429522239982395	0.5199753388421203	YES	P01116	KRAS	R
20	T	20	180.408	138.516	254.503	0.55	0	0	0	65.98187595149194	2.2212280186771273e-9	-2.3092569006438084	0.20252549000260722	YES	P01116	KRAS	R
21	I	21	180.249	137.518	250.854	-0.65	0	0	0	29.62151753810942	7.426726788555025e-8	-2.2992546329774917	-0.3367668400188815	NO	P01116	KRAS	R
22	Q	22	180.799	141.134	249.762	0.25	0	0	3	66.98187595149194	1.6399209222012655e-007	-1.9326668324192475	-0.2924599465178863	NO	P01116	KRAS	R
23	L	23	183.776	141.539	252.157	0.85	0	0	1	42.05564897117295	1.4964278415086556e-6	-2.171706274633303	-0.3820228901097936	NO	P01116	KRAS	R
24	I	24	185.53	138.41	250.929	-0.35	0	0	0	66.98187595149194	8.554182107698513e-7	-3.065218009799368	-0.504204123558361	NO	P01116	KRAS	R
25	Q	25	184.83	138.52	247.217	-0.65	0	0	0	66.98187595149194	4.36713507603555e-6	-3.0580854474933457	-0.7629781437609129	NO	P01116	KRAS	R
26	N	26	186.871	140.879	245.07	-0.95	0	0	1	66.98187595149194	5.140970108411128e-4	-3.2504256542633403	-1.1237985956647505	NO	P01116	KRAS	R
27	H	27	184.76	144.021	244.454	-1.25	0	0	0	66.98187595149194	4.36713507603555e-6	-2.28173402422717	-1.146469154591871	NO	P01116	KRAS	R
28	F	28	184.435	143.277	240.638	-0.65	0	0	0	66.98187595149194	5.140970108411128e-4	-3.0357499750331747	-1.3653895244512895	NO	P01116	KRAS	R
29	V	29	183.897	139.522	240.539	-0.95	0	0	0	66.98187595149194	5.140970108411128e-4	-2.634163655439979	-1.179951093511547	NO	P01116	KRAS	R
30	D	30	180.305	138.604	241.502	-0.35	0	0	0	66.98187595149194	2.1835675380177765e-5	-1.6469736228406615	-0.7909982605981318	NO	P01116	KRAS	R
31	E	31	181.36	135.003	242.098	-0.65	0	0	0	11.36556653963286	0.002039452080508602	-1.7881454631395781	-0.9093496263061152	NO	P01116	KRAS	R
32	Y	32	181.507	132.844	245.207	-0.35	0	0	0	7.888208055822419	0.001003422557765865	-2.194902163892835	-0.7832454178131062	NO	P01116	KRAS	R
33	D	33	182.012	129.202	246.099	1.15	0	0	0	2.0978945367721837	0.385772404561121	-1.6699484979393018	-0.8637956229693381	NO	P01116	KRAS	R
34	P	34	181.45	128.713	249.877	-1.55	0	0	2	4.588316925250933	0.030313899864672995	-1.6271088246045762	-0.4340904375358175	NO	P01116	KRAS	R
35	T	35	182.84	125.121	249.761	-0.05	0	0	0	2.0978945367721837	0.385772404561121	-0.9045118134309384	-0.2465289314670725	NO	P01116	KRAS	R
36	I	36	186.547	126.253	249.659	-0.95	0	0	1	5.313565835958223	0.07889254162047116	-1.9423396082847184	0.03229870176603817	NO	P01116	KRAS	R
37	E	37	188.829	127.677	252.433	-0.35	0	0	0	5.313565835958223	0.07889254162047116	-2.572014995229726	-0.033182778706492735	NO	P01116	KRAS	R
38	D	38	189.457	131.148	250.892	-0.05	0	0	0	66.98187595149194	1.069948093628715e-4	-3.300012630037822	-0.6157351768516052	NO	P01116	KRAS	R
39	S	39	185.656	131.68	250.984	0.25	0	0	0	36.863391767310674	7.078253277717359e-6	-2.793992038389089	-0.41748531793880833	NO	P01116	KRAS	R
40	Y	40	185.772	132.658	254.717	1.75	0	0	0	17.629940938843546	1.488347383703986e-6	-2.9770341927565793	-0.14268967495267268	NO	P01116	KRAS	R
41	R	41	189.391	133.937	255.129	-0.95	0	0	0	13.576247075033542	5.349065137977164e-4	-3.125436762306091	-0.3652023674835294	NO	P01116	KRAS	R
42	K	42	190.765	137.286	253.961	1.15	0	0	0	18.361453228096583	3.219646774065651e-5	-3.280500311986124	-0.5054860896881683	NO	P01116	KRAS	R
43	Q	43	194.041	139.095	254.45	-1.25	0	0	0	14.508248298206986	0.010061612926461783	-3.159003367746059	-0.9280221260726891	NO	P01116	KRAS	R
44	V	44	193.589	142.848	254.991	0.25	0	0	0	5.313565835958223	0.07889254162047116	-2.6568570728230396	-0.8020104292784028	NO	P01116	KRAS	R
45	V	45	195.558	145.902	256.106	-0.65	0.157258064516129	0	0	3.472346178239846	0.22343749187789094	-2.229856158333702	-0.7375894310848775	NO	P01116	KRAS	R
46	I	46	193.723	147.866	258.838	1.15	0.180883864337102	0	0	1.3704050489135493	0.6591785903357441	-1.3548133057393803	-0.6360135501776496	NO	P01116	KRAS	R
47	D	47	195.303	151.081	260.267	1.75	0.210274790919952	0	0	0.6723148659740676	1	-1.1464318819937782	-0.6300199422980306	NO	P01116	KRAS	R
48	G	48	198.649	149.968	258.75	-0.65	0.211031175059952	0	0	3.417677106708533	0.40446283434313574	-2.032368000602023	-0.6695777543035162	NO	P01116	KRAS	R
49	E	49	198.588	146.531	260.454	-0.95	0.211031175059952	0	0	1.1326307273454426	1	-2.059986733036946	-1.0605020141224333	NO	P01116	KRAS	R
50	T	50	198.305	143.56	258.053	-0.95	0.209677419354839	1	1	3.472346178239846	0.22343749187789094	-2.6588657692294415	-0.915715251226538	NO	P01116	KRAS	R
51	C	51	196.07	140.819	259.506	0.25	0.179989685404848	0	0	4.807541349139449	0.04869478102592758	-2.4000338128514707	-0.7618793156496494	NO	P01116	KRAS	R
52	L	52	193.917	137.806	258.734	-0.65	0.17921146953405	0	0	4.807541349139449	0.04869478102592758	-2.79238506783207	-0.6326571297650629	NO	P01116	KRAS	R
53	L	53	190.159	137.782	259.171	1.45	0.179591836734694	0	1	3.652894694443308	0.05021200458442881	-2.550522797020374	-0.3139452679404737	NO	P01116	KRAS	R
54	D	54	188.366	134.469	259.668	-0.35	0.180883864337102	0	0	2.3687266522019006	0.2399337524049311	-2.6133664004797725	-0.027991411221080675	NO	P01116	KRAS	R
55	I	55	184.615	135.017	259.42	1.15	0.158273381294964	0	0	7.747757046812485	1.2498719721116248e-4	-2.530521886144207	0.12965359471687735	YES	P01116	KRAS	R
56	L	56	182.017	132.56	260.681	0.25	0.157258064516129	0	0	10.131294639542743	1.5408081933657773e-6	-2.1883325950244203	0.31863499375944937	YES	P01116	KRAS	R
57	D	57	178.645	133.137	259.116	1.75	0.157823741007194	0	0	12.247574620352998	8.883145383296513e-8	-2.1027584621470696	0.1245575309078445	YES	P01116	KRAS	R
58	T	58	176.173	130.332	259.841	0.25	0.157706093189964	0	1	11.880056626004214	5.832425677951685e-7	-1.5261440061228702	0.03293968483094188	YES	P01116	KRAS	R
59	A	59	173.391	131.877	257.694	0.25	0.254151624548737	0	1	17.324352007555298	9.39476762683206e-9	-1.653708382337189	-0.11576838622671715	NO	P01116	KRAS	R
60	G	60	170.837	129.143	256.982	-0.35	0.34434270765206	1	2	11.692789893124576	3.5405332532360707e-6	-1.0509493434269512	0.1404997698684413	YES	P01116	KRAS	R
61	Q	61	171.349	127.386	260.355	0.25	0.346304774362328	1	5	9.34387747359692	5.319519687583046e-5	-1.01020663875086	0.051831817270208885	YES	P01116	KRAS	R
62	E	62	169.179	129.713	262.484	-0.65	0.421744324970131	0	0	19.659584608850114	3.3137274348890184e-7	-1.538004900227758	-0.12029297256721386	NO	P01116	KRAS	R
63	E	63	166.744	126.855	263.207	-0.95	0.463047743623283	0	1	10.387827788168968	7.745273120547019e-5	-0.961592091083787	0.2308432061199601	YES	P01116	KRAS	R
64	Y	64	169.533	124.909	264.955	-1.55	0.510791366906475	0	0	11.737208358248614	2.0032998045437216e-5	-0.6792136512748262	0.722232631257913	YES	P01116	KRAS	R
65	S	65	168.86	127.202	267.972	-0.65	0.507142857142857	0	0	11.737208358248614	2.0032998045437216e-5	-0.9262426510997752	0.21882477365301567	YES	P01116	KRAS	R
66	A	66	170.78	124.996	270.41	-0.65	0.559495665878645	0	0	6.279661099016518	0.002151540771873731	-0.3894427175697888	0.6871801555648479	YES	P01116	KRAS	R
67	M	67	174.014	125.32	268.365	-0.05	0.561486753657572	0	0	9.105795767836005	2.858486739484469e-4	-0.7089518077500973	0.8025138138322488	YES	P01116	KRAS	R
68	R	68	174.279	129.094	268.79	-0.65	0.505714285714286	0	0	8.266505168599283	1.9229219752553626e-4	-1.4454709488674617	0.10324540626564274	YES	P01116	KRAS	R
69	D	69	176.385	128.894	271.994	-0.35	0.506093189964158	0	0	1.7219738913911138	0.6208079680556621	-0.9644240310304505	0.3658564274640033	NO	P01116	KRAS	R
70	Q	70	178.825	126.524	270.245	-0.35	0.505714285714286	0	0	2.0978945367721837	0.385772404561121	-0.7067954963701372	1.0447067995866324	NO	P01116	KRAS	R
71	Y	71	179.191	128.813	267.215	0.55	0.502491103202847	0	1	6.604102082410592	2.663536843579546e-4	-1.2063320235621975	0.4637995571094679	YES	P01116	KRAS	R
72	M	72	179.395	132.009	269.288	0.85	0.502127659574468	0	1	4.588316925250933	0.030313899864672995	-1.6987517265741114	-0.038475208839304824	NO	P01116	KRAS	R
73	R	73	182.141	130.614	271.571	-0.35	0.454866688082236	0	0	2.857760386481004	0.12175042869593192	-1.163260825581292	0.34434091199870426	NO	P01116	KRAS	R
74	T	74	184.489	130.418	268.496	-0.05	0.498245614035088	1	0	2.3687266522019006	0.2399337524049311	-1.3878952868807382	0.3760103626658527	NO	P01116	KRAS	R
75	G	75	184.563	134.275	268.126	1.15	0.498245614035088	1	0	2.580985380127612	0.14917437548056464	-1.4947410740292673	0.17568834577165826	NO	P01116	KRAS	R
76	E	76	186.663	137.115	269.575	-0.65	0.414319248826291	0	0	2.580985380127612	0.14917437548056464	-1.3645191621185464	0.011824948575290494	NO	P01116	KRAS	R
77	G	77	184.439	139.71	267.916	1.45	0.413145539906103	1	0	1.551805727998079	0.49798078348093183	-1.1314084039211907	0.03731713015223541	NO	P01116	KRAS	R
78	F	78	180.812	139.834	266.819	0.25	0.413427561837456	0	0	1.756302230905299	0.47537264950583213	-1.257868620320872	0.023665887296164853	NO	P01116	KRAS	R
79	L	79	178.794	141.592	264.165	1.15	0.410798122065728	0	0	1.9840946085727498	0.31759346558251994	-0.9641704794210173	0.4060179911789744	NO	P01116	KRAS	R
80	C	80	175.169	141.739	265.254	0.55	0.409356725146199	0	0	1.9840946085727498	0.31759346558251994	-1.2192369169307469	0.3918902011770153	NO	P01116	KRAS	R
81	V	81	173.232	142.242	262.052	1.75	0.406759906759907	0	0	3.7881619774976723	0.019426973829477362	-1.4644586035513298	0.6226441045423482	YES	P01116	KRAS	R
82	F	82	169.66	143.339	261.385	1.15	0.524812030075188	0	0	2.7576897415437758	0.09259103730149182	-1.1777910886058618	0.510081224851942	NO	P01116	KRAS	R
83	A	83	167.859	144.385	258.202	0.85	0.528169014084507	0	0	5.2059019054726265	0.004138979973190962	-0.9549737271978951	0.5567144178665389	YES	P01116	KRAS	R
84	I	84	166.672	148.026	258.116	1.15	0.528169014084507	0	0	4.443798837752418	0.011782976901334181	-0.30830647175325615	0.48690651432744647	YES	P01116	KRAS	R
85	N	85	163.31	146.915	256.605	-0.05	0.527472527472528	0	0	11.36556653963286	0.002039452080508602	-0.47020311193983727	0.3918902011770153	YES	P01116	KRAS	R
86	N	86	162.631	144.251	259.28	0.55	0.531187122736419	0	0	11.36556653963286	0.002039452080508602	-0.9509135593059154	0.2435484061564441	YES	P01116	KRAS	R
87	T	87	161.731	145.657	262.714	-0.95	0.527819548872181	0	0	1.7219738913911138	0.6208079680556621	-0.8165621089626639	-0.3003715089189835	NO	P01116	KRAS	R
88	K	88	161.69	142.177	264.317	-0.65	0.529678068410463	0	0	3.472346178239846	0.22343749187789094	-1.6335118456405597	-0.13884377656325045	NO	P01116	KRAS	R
89	S	89	165.338	141.536	263.371	1.75	0.465106007067138	0	0	2.857760386481004	0.12175042869593192	-1.538067935315346	0.2226706720424378	NO	P01116	KRAS	R
90	F	90	166.156	144.841	265.064	0.85	0.416370106761566	0	0	1.3704050489135493	0.6591785903357441	-0.9579090073850547	-0.2024759135518726	NO	P01116	KRAS	R
91	E	91	164.219	143.956	268.271	-0.65	0.248763250883392	0	0	0	0.590455974270644	-1.1831047277084172	-0.5812893043202584	NO	P01116	KRAS	R
92	D	92	166.018	140.557	268.387	-0.95	0.25017667844523	0	0	0	1	-1.5890079625369262	-0.5846335637893212	NO	P01116	KRAS	R
93	I	93	169.441	142.254	268.66	-0.05	0.211469534050179	0	0	0	0.590455974270644	-1.2669329354535475	-0.11288396243465054	NO	P01116	KRAS	R
95	H	95	168.766	138.861	272.736	-1.55	0.212394705174489	1	0	0	1	-1.3166897082868252	-0.8881529794356788	NO	P01116	KRAS	R
96	Y	96	171.824	138.048	270.584	-1.55	0.210872162485066	0	0	1.1326307273454426	1	-1.7224574535700319	-0.37262778168994637	NO	P01116	KRAS	R
97	R	97	173.924	140.51	272.585	-1.55	0.361495135688684	0	0	0.5569580343326366	1	-1.2629740760639172	-0.4218209317428429	NO	P01116	KRAS	R
98	E	98	172.844	138.933	275.917	-0.65	0.359183673469388	0	0	1.1326307273454426	1	-1.098334367201085	-0.9064850950919247	NO	P01116	KRAS	R
99	Q	99	173.682	135.472	274.601	-0.05	0.419047619047619	0	0	3.472346178239846	0.22343749187789094	-1.162336458099985	-0.6695777543035162	NO	P01116	KRAS	R
100	I	100	177.135	136.571	273.382	1.45	0.417857142857143	0	0	1.3704050489135493	0.6591785903357441	-1.5534741995508259	-0.37978411350056657	NO	P01116	KRAS	R
101	K	101	177.891	138.112	276.815	-0.35	0.420549581839904	0	0	0.8451224690015197	1	-1.2081592361027846	-0.6512357773693487	NO	P01116	KRAS	R
102	R	102	176.837	134.883	278.51	-0.35	0.420549581839904	0	0	1.1326307273454426	1	-0.7993259632428541	-0.5936853594189179	NO	P01116	KRAS	R
103	V	103	178.796	132.624	276.115	0.25	0.422382671480144	0	0	1.7219738913911138	0.6208079680556621	-1.0023681038385648	-0.053301672992465424	NO	P01116	KRAS	R
104	K	104	181.989	134.743	276.442	0.25	0.506859205776173	0	0	1.7219738913911138	0.6208079680556621	-1.0307504644106296	-0.07730940233249495	NO	P01116	KRAS	R
105	D	105	181.385	135.179	280.2	-0.05	0.508695652173913	0	0	3.417677106708533	0.40446283434313574	-0.986593998404583	-0.2578834886167952	NO	P01116	KRAS	R
106	S	106	182.116	138.881	279.914	-0.95	0.508695652173913	0	0	0	1	-1.2547749886014143	-0.9926332190149824	NO	P01116	KRAS	R
107	E	107	180.187	142.175	280.092	-0.95	0.512408759124088	0	0	0	0.9999999999999999	-0.92198107263554	-0.9247644239075313	NO	P01116	KRAS	R
108	D	108	182.592	143.804	277.599	-0.95	0.509090909090909	1	0	0	0.590455974270644	-0.5975489364071317	-0.6849613478612051	NO	P01116	KRAS	R
109	V	109	182.82	141.768	274.38	-0.05	0.636363636363636	0	0	0.3643207152156076	0.4605179622367581	-0.7137896265092152	-0.37029693418120563	NO	P01116	KRAS	R
110	P	110	184.072	143.301	271.107	1.75	0.635379061371841	0	0	0.6648731070160574	0.9999999999999999	-0.6244092350482294	-0.1510601596825916	NO	P01116	KRAS	R
111	M	111	180.897	143.967	269.103	0.55	0.635869565217391	0	0	0	0.07192411384183414	-0.5603934571469601	-0.11791493416499933	NO	P01116	KRAS	R
112	V	112	179.395	146.174	266.37	1.15	0.635379061371841	1	0	0	0.04276173232615829	-0.31057960394555767	-0.01717353660698398	NO	P01116	KRAS	R
113	L	113	175.77	146.708	265.409	1.15	0.696748506967485	0	0	0.2678737043356355	0.30526117190385804	-0.2628027300054103	6.118432966681457e-4	NO	P01116	KRAS	R
114	V	114	175.141	146.456	261.648	1.15	0.699300699300699	0	0	2.4370184000599964	0.11303301886205346	-0.5549121461761597	0.6960658010676815	NO	P01116	KRAS	R
115	G	115	171.977	147.58	259.857	1.45	0.792506386602328	0	0	2.7576897415437758	0.09259103730149182	-0.4979222743151557	0.4831184885540074	NO	P01116	KRAS	R
116	N	116	171.9	146.195	256.33	1.75	0.792506386602328	0	1	5.842877697910542	8.514538672710697e-4	-0.6667954285950786	0.6541105459103482	YES	P01116	KRAS	R
117	K	117	169.914	147.56	253.41	1.75	0.858548585485855	1	1	13.912049919765282	2.6724771458824496e-5	-0.30526678818204184	0.5387335942276817	YES	P01116	KRAS	R
119	D	119	165.99	145.467	248.501	1.75	0.864197530864198	0	1	36.863391767310674	7.078253277717359e-6	-0.4993182048189894	0.6469339891071202	YES	P01116	KRAS	R
120	L	120	162.369	146.35	249.352	1.75	0.948969246367016	0	0	9.251661304112043	0.007378754030665549	-0.20958085192561005	0.4578198878528248	YES	P01116	KRAS	R
121	P	121	160.2	146.531	251.47	-0.95	0.975	0	0	7.237524227055794	0.025085622742920696	-0.1852740683934921	0.0688347364655492	YES	P01116	KRAS	R
122	S	122	161.272	150.055	252.414	-0.65	0.902564102564103	0	0	5.313565835958223	0.07889254162047116	0.35560681042577413	-0.06961760555365051	NO	P01116	KRAS	R
123	R	123	162.983	151.069	255.655	-0.35	0.952521525215252	0	0	5.313565835958223	0.07889254162047116	0.2195274966986026	0.058579007427089984	NO	P01116	KRAS	R
124	T	124	161.232	150.581	259.006	-0.65	0.999148453022992	1	0	1.3704050489135493	0.6591785903357441	-0.01970236663930208	-0.036652762215745836	NO	P01116	KRAS	R
125	V	125	164.217	151.198	261.318	-0.35	1.00746268656716	0	0	1.3704050489135493	0.6591785903357441	0.12472220170593903	-0.20806994757285033	NO	P01116	KRAS	R
129	Q	129	166.885	154.275	266.452	-0.35	0.917832167832168	0	0	0	0.3401559707284384	0.5040040407390795	-0.5189804700019305	NO	P01116	KRAS	R
130	A	130	169.937	152.108	265.814	1.45	0.911756168359942	3	0	0.41250300897421754	0.6872489613367538	0.12040238940939492	-0.062173931251543024	NO	P01116	KRAS	R
131	Q	131	172.467	154.763	266.907	-0.65	0.909143686502177	0	0	0	0.2142998906471116	0.7638080431053921	-0.3223480711442533	NO	P01116	KRAS	R
132	D	132	170.466	155.059	270.164	-0.95	0.919553728714034	0	0	0	0.3544707075233297	0.9788647394023033	-0.8849480641111602	NO	P01116	KRAS	R
133	L	133	170.524	151.281	270.749	-0.65	0.913424978063761	0	0	0	0.2024268066979246	0.09866854610555345	-0.6849613478612051	NO	P01116	KRAS	R
134	A	134	174.208	151.065	269.884	1.45	0.903123192596877	0	0	0	0.2142998906471116	0.19367119182531975	-0.22937030788349644	NO	P01116	KRAS	R
135	R	135	174.957	153.921	272.22	-1.25	0.903123192596877	0	0	0	0.2142998906471116	0.8750164952878655	-0.6753466018876496	NO	P01116	KRAS	R
136	S	136	173.026	152.244	275.113	-0.95	0.895624821275379	1	0	0	0.3544707075233297	0.9402708359460354	-0.8607738456633635	NO	P01116	KRAS	R
137	Y	137	175.312	149.208	274.63	-0.05	0.897147796024201	0	0	0	0.2142998906471116	-0.03523874344891188	-0.8003382995438716	NO	P01116	KRAS	R
138	G	138	178.578	151.2	274.284	-0.95	0.903123192596877	2	0	0	0.3401559707284384	0.3456904376027398	-0.9464824383419157	NO	P01116	KRAS	R
139	I	139	179.205	149.801	270.757	0.55	0.935309973045822	0	0	0	0.07192411384183414	0.28987035249854554	-0.35992090333584364	NO	P01116	KRAS	R
140	P	140	179.617	151.197	267.217	-0.95	0.913424978063761	0	0	0	0.07192411384183414	0.5596642781531882	-0.17057243827598376	NO	P01116	KRAS	R
141	F	141	176.787	151.279	264.707	0.55	0.912587412587413	1	0	0.29418877436613666	0.30408858724138516	0.5151240698143301	-0.06961760555365051	NO	P01116	KRAS	R
142	I	142	177.522	150.852	260.961	0.55	0.952315608919383	1	0	1.1387516004965577	0.7373885793780611	0.23174775953200272	0.3988827437032376	NO	P01116	KRAS	R
143	E	143	174.889	150.946	258.221	1.75	1.04360902255639	0	0	1.551805727998079	0.49798078348093183	0.24194919616464644	0.4784229149390152	NO	P01116	KRAS	R
144	T	144	175.607	148.979	255.023	0.55	0.920075757575757	0	0	13.167524239220354	4.959271304349214e-6	-0.6820963942016631	0.7268555447718534	YES	P01116	KRAS	R
145	S	145	174.232	148.381	251.568	1.75	0.949571183533448	0	0	19.659584608850114	3.3137274348890184e-7	-0.6138692944879836	0.7081085131961753	YES	P01116	KRAS	R
146	A	146	174.768	144.809	250.32	1.75	0.778867924528302	0	1	59.471034267067154	1.1827366667593532e-8	-1.0579709398534805	0.49854978317699145	YES	P01116	KRAS	R
147	K	147	174.222	145.534	246.594	-0.35	0.782509505703422	0	2	53.33323549984675	6.114964157925695e-8	-0.9636358344909486	0.01883805740306044	YES	P01116	KRAS	R
148	T	148	176.465	148.675	246.437	-0.05	0.780228136882129	0	0	47.53734845690655	3.0700221190816205e-7	-1.0262256402675414	0.08421833002323809	YES	P01116	KRAS	R
149	R	149	179.289	147.481	248.747	-0.65	0.827514690632561	0	0	23.678013504478955	1.6591913487171511e-6	-1.3771130885119358	-0.26345088438053016	NO	P01116	KRAS	R
150	Q	150	178.773	150.674	250.835	-0.95	0.827514690632561	0	0	13.912049919765282	2.6724771458824496e-5	-0.3534779191600081	0.23036246882128225	YES	P01116	KRAS	R
152	V	152	180.961	146.71	254.298	0.55	0.862893081761006	0	0	11.737208358248614	2.0032998045437216e-5	-0.971149967739023	0.22900509291913326	YES	P01116	KRAS	R
154	D	154	183.762	149.865	257.589	-0.65	0.859649122807018	1	0	1.1356434656267476	0.9999999999999999	0.1094131698032736	0.19663689832942588	NO	P01116	KRAS	R
155	A	155	181.682	147.307	259.518	0.55	0.853932584269663	0	0	3.2955445850044933	0.04765414353980739	-0.2926715551373618	0.32328768936570007	YES	P01116	KRAS	R
156	F	156	184.378	144.634	259.639	1.75	0.812075983717775	0	0	3.861235925512811	0.012048514256223636	-1.2129371249914918	0.26602443570501555	YES	P01116	KRAS	R
157	Y	157	187.331	147.035	260.142	-0.95	0.857142857142857	0	0	1.1387516004965577	0.7373885793780611	-1.0252425942902437	-0.21646099860431695	NO	P01116	KRAS	R
158	T	158	185.494	148.771	262.984	-0.65	0.862155388471178	1	0	0	0.2142998906471116	0.10934143158343307	0.3424429361701582	NO	P01116	KRAS	R
159	L	159	185.049	145.419	264.717	0.55	0.894554883318928	0	0	1.0185119693023499	1	-0.5819964043611474	0.26369358819627486	NO	P01116	KRAS	R
160	V	160	188.758	144.658	264.365	0.85	0.966292134831461	1	0	1.551805727998079	0.49798078348093183	-1.306212683336017	-0.17892208609512408	NO	P01116	KRAS	R
161	R	161	189.499	148.096	265.879	0.85	0.966292134831461	0	0	0	0.3401559707284384	-0.43002275695874553	-0.1342286984959438	NO	P01116	KRAS	R
162	E	162	187.124	147.174	268.735	-0.65	0.967105263157895	0	0	0	0.072516506438394	-0.08947801214406872	-0.14123088590840907	NO	P01116	KRAS	R
163	I	163	189.113	143.973	269.352	1.15	0.967105263157895	0	0	1.2889677066031562	0.7156531670136603	-0.7102011729645351	-0.07816404641903327	NO	P01116	KRAS	R
164	R	164	192.425	145.864	269.303	0.85	0.991902834008097	1	0	0	0.5760014792449019	-0.7500467606137304	-0.3443246333695231	NO	P01116	KRAS	R
169	K	169	193.509	147.661	278.314	-0.65	0.920681265206813	0	0	0	1	0.8167828059140441	-0.7618793156496494	NO	P01116	KRAS	R
565	E	565	176.812	119.238	204.915	-0.4	1.07240143369176	1	0	0	1	1.4075335890370073	-1.150864467036925	NO	Q07889	SOS1	S
566	Q	566	175.024	120.963	207.845	-0.4	1.06545934729296	0	0	0	0.9999999999999999	1.1659020314415613	-1.1956966539764753	NO	Q07889	SOS1	S
567	M	567	171.193	120.48	208.068	-0.4	1.06766917293233	1	0	0	0.3544707075233297	0.9616504102453889	-0.8220151813751605	NO	Q07889	SOS1	S
568	R	568	169.046	123.601	207.377	-0.4	1.03304926210767	0	0	0	0.5760014792449019	1.1905879737030174	-1.03724564033228	NO	Q07889	SOS1	S
569	L	569	166.302	124.092	209.989	-0.4	1.04609929078014	1	0	0	0.3544707075233297	1.1473293415552739	-1.1124054831427028	NO	Q07889	SOS1	S
570	P	570	163.206	126.34	209.636	-0.4	1.0394581861013	0	0	0	0.3544707075233297	1.2154087255650567	-1.208672380716439	NO	Q07889	SOS1	S
571	S	571	163.379	130.136	209.987	-0.4	1.02855477855478	0	0	0	0.590455974270644	1.389913127692924	-1.3003050901687596	NO	Q07889	SOS1	S
572	A	572	163.769	131.53	213.54	-0.4	1.06527777777778	0	0	0	0.590455974270644	1.3528241815519184	-1.3003050901687596	NO	Q07889	SOS1	S
573	D	573	160.499	133.457	212.921	-0.4	1.0622685185185201	0	0	0	0.5760014792449019	1.5405723056323108	-1.3003050901687596	NO	Q07889	SOS1	S
574	V	574	158.525	130.157	212.569	-0.4	1.04804318488529	1	0	0	0.590455974270644	1.1967668049176845	-1.3003050901687596	NO	Q07889	SOS1	S
575	Y	575	160.53	128.126	215.165	-0.4	1.05494505494506	0	0	0	0.3544707075233297	1.003472878743857	-1.3003050901687596	NO	Q07889	SOS1	S
576	R	576	162.423	129.95	217.967	-0.4	1.07417840375587	0	0	0	0.2142998906471116	0.9005036371102744	-1.3003050901687596	NO	Q07889	SOS1	S
577	F	577	165.007	127.177	218.622	-0.4	1.06309944472489	0	0	0	0.1207030455524258	0.7367273530288428	-1.3003050901687596	NO	Q07889	SOS1	S
578	A	578	166.472	127.422	215.092	-0.4	1.05935613682093	0	0	0	0.2142998906471116	0.9696231358442214	-1.3003050901687596	NO	Q07889	SOS1	S
579	E	579	168.341	130.616	216.122	-0.4	0.981443823080834	0	0	0	0.3544707075233297	1.264406157585328	-1.3003050901687596	NO	Q07889	SOS1	S
580	P	580	172.139	130.081	215.908	-0.4	0.930212014134276	0	0	0	0.3401559707284384	1.2677095276178911	-1.3003050901687596	NO	Q07889	SOS1	S
581	D	581	174.403	129.941	218.98	-0.4	0.932862190812721	0	0	0	0.3544707075233297	0.8120143352654744	-1.3003050901687596	NO	Q07889	SOS1	S
582	S	582	176.238	133.217	219.698	-0.4	0.932862190812721	0	0	0	0.3544707075233297	0.5990453493524734	-1.0080168125726712	NO	Q07889	SOS1	S
583	E	583	177.932	135.102	222.561	-0.4	0.938829787234043	1	0	0	0.2142998906471116	0.4363682932252898	-0.7262173487659161	NO	Q07889	SOS1	S
584	E	584	174.523	136.823	223.107	-0.4	0.945535714285714	2	0	0	0.2142998906471116	0.4057405367792953	-0.384646847539366	NO	Q07889	SOS1	S
585	N	585	172.437	133.667	223.796	-0.4	0.906298003072197	1	0	0	0.072516506438394	0.3765622470418625	-0.5569155544251478	NO	Q07889	SOS1	S
586	I	586	174.703	130.893	225.172	-0.4	0.912127440904419	0	0	0	0.04262402134799635	0.36779116585694904	-0.6272728720198718	NO	Q07889	SOS1	S
587	I	587	178.137	130.669	226.87	-0.4	0.914696813977389	0	0	0	0.07192411384183414	0.33121853369422005	-0.5008886939123073	NO	Q07889	SOS1	S
588	F	588	180.207	127.805	228.225	-0.4	0.918737060041408	1	0	0	0.1207030455524258	0.5360149173708039	-0.7101904412958149	NO	Q07889	SOS1	S
589	E	589	182.709	126.99	230.975	-0.4	0.993006993006993	0	0	0	0.3544707075233297	0.4165026541773461	-0.7148738908900446	NO	Q07889	SOS1	S
591	N	591	184.947	121.624	230.673	-0.4	0.909558067831449	1	0	0	0.3401559707284384	0.9822826898123476	-1.3003050901687596	NO	Q07889	SOS1	S
592	M	592	184.103	119.437	229.786	-0.4	0.937184115523466	0	0	0	0.3401559707284384	0.9780830809094752	-1.3003050901687596	NO	Q07889	SOS1	S
593	Q	593	181.325	117.352	231.391	-0.4	0.937184115523466	0	0	0.7434511172816983	1	0.6536005615605541	-1.3003050901687596	NO	Q07889	SOS1	S
594	P	594	182.706	114.515	233.544	-0.4	0.944	0	0	0.9676742475635435	1	0.718570895626886	-1.3003050901687596	NO	Q07889	SOS1	S
595	K	595	182.344	110.961	232.088	-0.4	0.924444444444444	0	0	0.8451224690015197	1	0.7838086167492121	-1.3003050901687596	NO	Q07889	SOS1	S
596	A	596	180.516	112.282	228.964	-0.4	0.922984356197353	1	0	0.9676742475635435	1	0.6436436578715519	-1.3003050901687596	NO	Q07889	SOS1	S
597	G	597	182.631	114.818	226.967	-0.4	0.915674603174603	0	0	0.5569580343326366	1	0.7409119764578005	-1.3003050901687596	NO	Q07889	SOS1	S
598	I	598	179.722	117.296	226.626	-0.4	0.917066346922462	1	0	0.6648731070160574	0.9999999999999999	0.6198289911384998	-1.3003050901687596	NO	Q07889	SOS1	S
599	P	599	180.264	121.092	226.924	-0.4	0.868799697084438	0	0	0.8416028612665647	1	0.7136028938287217	-1.3003050901687596	NO	Q07889	SOS1	S
600	I	600	179.376	122.581	230.323	-0.4	0.845878136200717	2	0	0.6648731070160574	0.9999999999999999	0.44399480448185275	-1.0571259766222165	NO	Q07889	SOS1	S
601	I	601	176.794	125.338	229.899	-0.4	0.775388291517324	0	0	0.5468422591680874	0.7409037160023704	0.13727181171049244	-0.5174999437046492	NO	Q07889	SOS1	S
602	K	602	177.607	128.448	231.974	-0.4	0.824731182795699	0	0	0.29418877436613666	0.30408858724138516	0.17946437895760387	-0.38274817119564003	NO	Q07889	SOS1	S
603	A	603	174.699	130.65	230.923	-0.4	0.779867819013727	0	0	0	0.04276173232615829	0.191912350003189	-0.5517718141643726	NO	Q07889	SOS1	S
604	G	604	172.043	131.079	228.284	-0.4	0.724489795918367	0	0	0	0.04262402134799635	0.2637717218513011	-0.5396718531496992	NO	Q07889	SOS1	S
605	T	605	168.647	132.453	227.356	-0.4	0.731757451181912	1	0	0	0.2142998906471116	0.3628216165888309	-0.42783556982554843	NO	Q07889	SOS1	S
606	V	606	165.76	130.234	228.471	-0.4	0.709420289855073	0	0	0	0.2142998906471116	0.1716083976241447	-0.24722818571969477	NO	Q07889	SOS1	S
607	I	607	165.182	129.314	224.761	-0.4	0.706859205776173	1	0	0	0.3544707075233297	0.5093844204541975	-0.7121088659041854	NO	Q07889	SOS1	S
608	K	608	168.816	128.129	224.515	-0.4	0.737060041407867	0	0	0	0.1207030455524258	0.5159364828225107	-0.7424235943855134	NO	Q07889	SOS1	S
609	L	609	168.655	126.242	227.798	-0.4	0.742440041710115	0	0	0.5468422591680874	0.7409037160023704	0.15821895437891864	-0.5368942598684497	NO	Q07889	SOS1	S
610	I	610	165.551	124.43	226.523	-0.4	0.784615384615385	1	0	0.6648731070160574	0.9999999999999999	0.19443590575595548	-0.5901554805870761	NO	Q07889	SOS1	S
611	E	611	167.189	123.753	223.126	-0.4	0.785294117647059	0	0	0.5468422591680874	0.7409037160023704	0.32303768703144603	-1.0065857806138165	NO	Q07889	SOS1	S
612	R	612	170.109	122.112	225.002	-0.4	0.761208576998051	0	0	0.5014337173309612	0.5279761847383613	0.2756501645464028	-1.0032833991703054	NO	Q07889	SOS1	S
613	L	613	167.807	120.279	227.451	-0.4	0.769761482357579	0	0	0.5468422591680874	0.7409037160023704	-0.056948853512348394	-0.859547246841488	NO	Q07889	SOS1	S
614	T	614	166.436	118.563	224.357	-0.4	0.737976782752902	0	0	0.5468422591680874	0.7409037160023704	-0.006253731517753371	-0.8290813296121851	NO	Q07889	SOS1	S
615	Y	615	169.488	118.733	222.059	-0.4	0.733168112350269	0	0	0.6004809038569953	0.7364671357969317	0.09685452751066655	-0.8792341579325901	NO	Q07889	SOS1	S
616	H	616	169.491	116.75	218.816	-0.4	0.742332713754647	0	0	0.41250300897421754	0.6872489613367538	0.2841701157997164	-0.8793074131400077	NO	Q07889	SOS1	S
617	M	617	173.191	115.72	218.704	-0.4	0.742332713754647	2	0	0.5569580343326366	1	0.18237484864708717	-0.8995991055946735	NO	Q07889	SOS1	S
618	Y	618	173.241	113.831	222.055	-0.4	0.736854243542435	0	0	0.9676742475635435	1	0.16848806169363167	-1.117708523157931	NO	Q07889	SOS1	S
619	A	619	171.481	113.121	225.345	-0.4	0.734778597785978	0	0	0.7434511172816983	1	-0.026358660870955654	-0.7360568550349574	NO	Q07889	SOS1	S
620	D	620	172.477	115.117	228.449	-0.4	0.694117647058824	0	1	0.7434511172816983	1	0.2004029711893037	-0.8724488943455381	NO	Q07889	SOS1	S
621	P	621	171.167	113.343	231.601	-0.4	0.704477611940298	0	0	1.7219738913911138	0.6208079680556621	0.0931709865167606	-0.8176448422962715	NO	Q07889	SOS1	S
622	N	622	173.222	115.615	233.882	-0.4	0.70185873605948	1	0	0.9676742475635435	1	0.08044852091054458	-1.0822824366442727	NO	Q07889	SOS1	S
623	F	623	171.793	118.741	232.402	-0.4	0.706467661691542	1	1	0.6648731070160574	0.9999999999999999	0.003512917217558385	-0.9585398495087529	NO	Q07889	SOS1	S
624	V	624	168.248	117.291	232.519	-0.4	0.703841387856258	0	0	0.9676742475635435	1	-0.23042600406232333	-0.6299533466549238	NO	Q07889	SOS1	S
625	R	625	168.495	116.453	236.257	-0.4	0.656826568265683	0	0	1.3704050489135493	0.6591785903357441	-0.3785585964526011	-0.7906615229511319	NO	Q07889	SOS1	S
626	T	626	170.177	119.757	237.083	-0.4	0.60237556561086	0	0	0.7434511172816983	1	-0.34597868416845506	-0.7153012129333137	NO	Q07889	SOS1	S
627	F	627	167.667	121.764	235.049	-0.4	0.65018315018315	0	0	0.9676742475635435	1	-0.26741399329396387	-0.24746695546449257	NO	Q07889	SOS1	S
628	L	628	164.592	119.958	236.418	-0.4	0.647810218978102	0	0	0.6004809038569953	0.7364671357969317	-0.13829773228468611	-0.47897127802776157	NO	Q07889	SOS1	S
629	T	629	165.858	120.329	240.015	-0.4	0.728786496350365	0	0	0.6004809038569953	0.7364671357969317	-0.2174551173462071	-0.37616384791052376	NO	Q07889	SOS1	S
630	T	630	166.571	124.092	239.721	-0.4	0.774545454545455	0	0	0.5569580343326366	1	-0.21509668939117635	0.008801200630665786	NO	Q07889	SOS1	S
631	Y	631	164.518	125.726	236.92	-0.4	0.777372262773723	1	0	0.5569580343326366	1	-0.12819336106804183	-0.13681961951618613	NO	Q07889	SOS1	S
632	R	632	161.845	127.334	239.082	-0.4	0.777372262773723	0	0	0	0.9999999999999999	0.012363750328970712	0.0466823617424772	NO	Q07889	SOS1	S
633	S	633	163.931	130.405	240.046	0.97	0.700197238658777	0	0	0	1	-0.042109875336763136	0.39134078712138354	NO	Q07889	SOS1	S
634	F	634	163.938	131.469	236.341	1.65	0.753649635036496	0	0	0	0.590455974270644	-0.07884243785646813	0.11551598588198426	NO	Q07889	SOS1	S
635	C	635	160.96	129.717	234.662	1.65	0.822163238221632	0	0	0	0.3401559707284384	0.16790906378778014	-0.2920387290752354	NO	Q07889	SOS1	S
636	K	636	157.508	128.85	235.971	0.97	0.799550814149354	0	0	0	0.9999999999999999	0.21796276577055737	-0.5254577725525363	NO	Q07889	SOS1	S
637	P	637	156.296	125.252	235.595	0.28	0.835949764521193	0	0	0.2678737043356355	0.30526117190385804	0.05923936324414605	-0.8194579086798564	NO	Q07889	SOS1	S
638	Q	638	153.494	126.257	233.17	0.97	0.809116809116809	1	0	0	0.2142998906471116	0.2633611814893281	-0.9061005052529825	NO	Q07889	SOS1	S
639	E	639	156.046	128.235	231.088	-0.4	0.706730769230769	0	0	0	0.2142998906471116	0.3127865709730157	-0.6695777543035163	NO	Q07889	SOS1	S
640	L	640	158.392	125.208	230.963	0.28	0.75	0	0	0	0.2142998906471116	0.11357777360984099	-0.5348547682983017	NO	Q07889	SOS1	S
641	L	641	155.627	122.9	229.708	-0.4	0.790405904059041	0	0	0	0.07192411384183414	0.18634622233242637	-0.6686986918145054	NO	Q07889	SOS1	S
642	S	642	154.68	125.511	227.079	-0.4	0.790405904059041	1	0	0	0.2024268066979246	0.2745074344102376	-0.7056957565693944	NO	Q07889	SOS1	S
643	L	643	158.295	125.762	225.96	-0.4	0.793333333333333	0	0	0	0.3544707075233297	0.3428426569493109	-0.6106957237896037	NO	Q07889	SOS1	S
644	I	644	158.878	121.995	225.576	-0.4	0.778482396676143	2	0	0	0.1207030455524258	0.15089422966540916	-0.7476494916087872	NO	Q07889	SOS1	S
645	I	645	155.592	121.664	223.638	-0.4	0.772737139136097	1	0	0	0.072516506438394	0.23717354564798834	-0.6889313074889958	NO	Q07889	SOS1	S
646	E	646	156.811	124.472	221.376	-0.4	0.770566529194704	0	0	0	0.1207030455524258	0.48153455149622215	-1.1790113717331359	NO	Q07889	SOS1	S
647	R	647	160.161	122.651	221.085	-0.4	0.731456043956044	0	0	0	0.04262402134799635	0.26038308990902903	-0.922420920213223	NO	Q07889	SOS1	S
648	F	648	158.339	119.392	220.187	-0.4	0.780882352941176	0	0	0	0.04276173232615829	0.29197742185114234	-0.8411639901392766	NO	Q07889	SOS1	S
649	E	649	156.205	120.957	217.43	-0.4	0.769050802139037	0	0	0	0.04262402134799635	0.5482109421222777	-1.2222475969315976	NO	Q07889	SOS1	S
650	I	650	158.845	121.224	214.714	-0.4	0.757046568627451	0	0	0	0.072516506438394	0.6780455453040419	-1.1497656389256614	NO	Q07889	SOS1	S
651	P	651	157.703	122.442	211.278	-0.4	0.784195493494129	2	0	0	0.3401559707284384	1.0137244483635728	-1.1170396712641184	NO	Q07889	SOS1	S
652	E	652	159.473	121.393	208.073	-0.4	0.829197080291971	1	0	0	0.3544707075233297	1.0226631328268456	-1.0995858218446288	NO	Q07889	SOS1	S
653	P	653	161.551	123.853	205.929	-0.4	0.844055944055944	0	0	0	0.3544707075233297	1.1428171537031229	-1.0995858218446288	NO	Q07889	SOS1	S
671	S	671	163.408	113.897	199.406	0.28	0.937164339419978	1	0	0	1	0.8732463595801963	-0.5118959203372053	NO	Q07889	SOS1	S
672	A	672	167.095	113.983	200.451	0.28	0.918421052631579	0	0	0	0.9999999999999999	1.0064290531756395	-0.3437252725815612	NO	Q07889	SOS1	S
673	E	673	167.045	116.987	202.828	-0.4	0.87468671679198	0	0	0	0.590455974270644	1.0045709934915452	-0.6576127370919804	NO	Q07889	SOS1	S
674	L	674	163.671	116.033	204.349	0.97	0.877987421383648	0	0	0	0.3544707075233297	0.8904009017768273	-0.691438650411811	NO	Q07889	SOS1	S
675	K	675	164.17	112.327	205.215	-0.4	0.921052631578947	0	0	0	0.5760014792449019	0.7230525636267799	-0.577276192957383	NO	Q07889	SOS1	S
676	R	676	167.472	113.344	206.839	-0.4	0.868913857677903	0	0	0	0.3544707075233297	0.8763000395252901	-0.7218819723996583	NO	Q07889	SOS1	S
677	F	677	165.774	116.193	208.701	-0.4	0.829417773237998	0	0	0	0.2024268066979246	0.7350350704695939	-0.8375665959534786	NO	Q07889	SOS1	S
678	R	678	162.946	113.963	210.072	0.97	0.829417773237998	0	0	0	0.2142998906471116	0.6551616475760537	-0.855364230346374	NO	Q07889	SOS1	S
679	K	679	165.409	111.277	211.196	2.34	0.790582403965304	0	0	0	0.3401559707284384	0.434207300407059	-0.7741861904958005	NO	Q07889	SOS1	S
680	E	680	168.35	113.355	212.554	0.28	0.760988410233982	0	0	0	0.3544707075233297	0.4945311946882746	-0.8882923235802231	NO	Q07889	SOS1	S
681	Y	681	166.549	116.466	213.928	-0.4	0.770479704797048	0	0	0	0.1207030455524258	0.531139669219035	-0.9494736926447997	NO	Q07889	SOS1	S
682	I	682	162.813	116.021	214.465	-0.4	0.800925925925926	1	0	0	0.1207030455524258	0.4891284266578495	-0.8668497187491734	NO	Q07889	SOS1	S
683	Q	683	162.825	112.492	215.865	-0.4	0.726890756302521	0	0	0	0.3544707075233297	0.3062654091926544	-0.7921160340216585	NO	Q07889	SOS1	S
684	P	684	165.824	112.907	218.238	-0.4	0.633699633699634	1	0	0	0.3401559707284384	0.13565025083694524	-0.7194418161801629	NO	Q07889	SOS1	S
685	V	685	164.424	116.186	219.586	-0.4	0.633699633699634	0	0	0	0.1207030455524258	0.12189818921877088	-0.6383710359436331	NO	Q07889	SOS1	S
686	Q	686	160.93	114.753	220.06	-0.4	0.530442804428044	1	0	0.3643207152156076	0.4605179622367581	0.33944319721151395	-0.6351670845034227	NO	Q07889	SOS1	S
687	L	687	162.388	111.767	221.9	-0.4	0.582818641212802	0	0	0.6648731070160574	0.9999999999999999	0.3600718921458375	-0.5602295082042683	NO	Q07889	SOS1	S
688	R	688	164.351	114.125	224.155	1.65	0.58710407239819	0	0	0.6648731070160574	0.9999999999999999	0.015263803464242264	-0.6496695744053307	NO	Q07889	SOS1	S
689	V	689	161.248	116.16	225.02	0.97	0.58756741413568	0	0	0.9200361387228289	1	0.21442711400184392	-0.7737666379442273	NO	Q07889	SOS1	S
690	L	690	159.504	112.898	225.941	0.97	0.58756741413568	1	0	0.9200361387228289	1	0.4505090257901079	-0.7330843841185908	NO	Q07889	SOS1	S
691	N	691	162.468	112.023	228.162	0.97	0.58756741413568	0	0	1.551805727998079	0.49798078348093183	0.12813150147903324	-0.6496695744053307	NO	Q07889	SOS1	S
692	V	692	162.182	115.41	229.921	3.71	0.546031746031746	0	0	1.1420550624151673	0.7632560626539072	-0.007858546960704952	-0.7737666379442273	NO	Q07889	SOS1	S
693	C	693	158.472	114.767	230.484	0.97	0.59726368159204	0	0	0.7683986012513387	1	0.26355221668467615	-0.7739186497382755	NO	Q07889	SOS1	S
694	R	694	159.263	111.31	231.906	2.34	0.637037037037037	0	0	2.019032057622358	0.27627326797026436	0.4443157541590264	-0.6090048546701163	NO	Q07889	SOS1	S
695	H	695	161.944	112.709	234.279	-0.4	0.630514705882353	0	0	1.756302230905299	0.47537264950583213	0.03247588889233082	-0.5374910372047395	NO	Q07889	SOS1	S
696	W	696	159.738	115.629	235.309	-0.4	0.630514705882353	0	0	0.9200361387228289	1	0.031555049305986425	-0.6985868164408724	NO	Q07889	SOS1	S
697	V	697	156.843	113.409	236.26	-0.4	0.627737226277372	2	0	1.2889677066031562	0.7156531670136603	0.41468296213856803	-0.7886907215644786	NO	Q07889	SOS1	S
698	E	698	159.031	110.674	237.856	-0.4	0.592975651799181	0	0	1.4818675014667895	0.6981871453314529	0.43687473280922556	-0.7328871585601588	NO	Q07889	SOS1	S
699	H	699	161.323	112.83	239.987	-0.4	0.632352941176471	1	0	1.2889677066031562	0.7156531670136603	0.07586640430058857	-0.6115934401245352	NO	Q07889	SOS1	S
700	H	700	159.55	116.198	240.374	-0.4	0.599088343824615	0	0	0.8416028612665647	1	0.06948748322430177	-0.6421757282788829	NO	Q07889	SOS1	S
701	F	701	155.893	115.235	240.563	-0.4	0.603050108932462	0	0	1.0185119693023499	1	0.4150276156198983	-1.004170914183249	NO	Q07889	SOS1	S
702	Y	702	155.278	117.966	243.191	-0.4	0.60479302832244	2	1	0.47441533038899636	0.685395621848379	0.17791153665080728	-0.8955982442664834	NO	Q07889	SOS1	S
703	D	703	154.919	120.509	240.365	-0.4	0.60704132954297	0	0	0.32575548824403394	0.46204653218800623	0.07054118425639412	-0.9495591570534535	NO	Q07889	SOS1	S
704	F	704	151.825	118.577	239.319	-0.4	0.644981412639405	0	0	0.3643207152156076	0.4605179622367581	0.20081443457484366	-1.1054462384380341	NO	Q07889	SOS1	S
705	E	705	150.462	117.914	242.859	-0.4	0.678927802778321	0	0	0.41250300897421754	0.6872489613367538	0.43137336001414184	-1.2480008720726175	NO	Q07889	SOS1	S
706	R	706	150.518	121.696	243.389	-0.4	0.671439628482972	0	0	0.6723148659740676	1	-0.18811090551051599	-0.9714807778731602	NO	Q07889	SOS1	S
707	D	707	149.021	122.749	240.044	-0.4	0.738583591331269	0	0	0.5569580343326366	1	0.10399995638666797	-0.9908233844787836	NO	Q07889	SOS1	S
708	A	708	146.367	120.36	238.707	-0.4	0.771695052716951	1	0	0.5569580343326366	1	0.22164540978320285	-1.1251030524284142	NO	Q07889	SOS1	S
709	Y	709	146.028	122.402	235.49	-0.4	0.761131167268352	1	0	0	0.5760014792449019	0.26240046937998307	-1.1147970502083937	NO	Q07889	SOS1	S
710	L	710	149.73	121.674	234.792	-0.4	0.761131167268352	0	0	0.3643207152156076	0.4605179622367581	0.1463289811032805	-0.9886448799444704	NO	Q07889	SOS1	S
711	L	711	148.933	117.972	234.989	-0.4	0.802445709466582	0	0	0.41250300897421754	0.6872489613367538	0.4675801970490754	-1.1188847799367048	NO	Q07889	SOS1	S
712	Q	712	145.869	118.515	232.767	-0.4	0.808239541303886	0	0	0	0.590455974270644	0.4707256173658548	-1.1893812839896347	NO	Q07889	SOS1	S
713	R	713	148.087	120.109	230.092	-0.4	0.777877697841727	1	0	0	0.1207030455524258	0.40881484142373087	-1.0375020335582414	NO	Q07889	SOS1	S
714	M	714	150.761	117.396	230.424	-0.4	0.782942238267148	0	0	0.20994907181514036	0.1266730529700065	0.39448277627477457	-0.7153012129333137	NO	Q07889	SOS1	S
715	E	715	148.115	114.678	229.968	-0.4	0.826762246117085	0	0	0.6004809038569953	0.7364671357969317	0.8487634898001204	-1.0661326104572737	NO	Q07889	SOS1	S
716	E	716	146.476	116.242	226.883	-0.4	0.912709832134292	0	0	0	0.3401559707284384	0.774662904885123	-1.3003050901687596	NO	Q07889	SOS1	S
717	F	717	149.927	116.911	225.364	-0.4	0.91798561151079106	0	0	0.29418877436613666	0.30408858724138516	0.6053993369701312	-1.0571259766222165	NO	Q07889	SOS1	S
718	I	718	150.912	113.259	225.917	-0.4	0.888376856118792	0	0	0.7087803228914905	0.7673927174731267	0.8218453182459784	-0.9390104071853241	NO	Q07889	SOS1	S
719	G	719	147.605	112.046	224.392	-0.4	0.890937019969278	1	0	0.9676742475635435	1	1.236596521344763	-1.3003050901687596	NO	Q07889	SOS1	S
720	T	720	148.407	114.202	221.34	-0.4	0.891572456320658	1	0	0	0.3401559707284384	0.9631671561198913	-1.3003050901687596	NO	Q07889	SOS1	S
721	V	721	151.704	112.386	220.569	-0.4	0.916004813477738	1	0	1.1387516004965577	0.7373885793780611	0.9496599298355083	-1.1441901036944355	NO	Q07889	SOS1	S
722	R	722	151.397	110.324	217.429	-0.4	0.919323671497584	1	0	1.1356434656267476	0.9999999999999999	1.061390313249257	-1.3003050901687596	NO	Q07889	SOS1	S
723	G	723	154.374	108.337	216.102	-0.4	0.990683229813665	0	0	0.9676742475635435	1	0.9561070802307815	-1.0784574778105098	NO	Q07889	SOS1	S
724	K	724	155.183	104.629	216.56	-0.4	0.974171813587872	0	0	2.3066402333867946	0.31980079204950423	1.363176142719609	-1.3003050901687596	NO	Q07889	SOS1	S
725	A	725	158.726	105.651	217.61	-0.4	1.03616456536165	0	0	0.9676742475635435	1	0.9046116230728989	-0.8566098654522597	NO	Q07889	SOS1	S
726	M	726	157.062	107.54	220.513	-0.4	1.03537190082645	0	0	1.0185119693023499	1	0.7712323984808097	-0.94933125196371	NO	Q07889	SOS1	S
727	K	727	154.53	104.889	221.655	-0.4	1.05839416058394	0	0	1.2889677066031562	0.7156531670136603	1.211012979712328	-1.194927474298591	NO	Q07889	SOS1	S
728	K	728	156.796	103.09	224.207	-0.4	1.08257918552036	0	1	2.0978945367721837	0.385772404561121	1.2066428203727035	-0.8787946266880848	NO	Q07889	SOS1	S
729	W	729	157.762	106.376	225.97	-0.4	1.16310160427807	0	1	1.756302230905299	0.47537264950583213	0.8163808057698332	-0.5102476781703101	NO	Q07889	SOS1	S
730	V	730	154.222	107.762	225.809	-0.4	1.16124751161248	0	0	1.551805727998079	0.49798078348093183	0.9348021682265154	-0.7075560008990606	NO	Q07889	SOS1	S
731	E	731	152.896	104.584	227.481	-0.4	1.05676328502415	1	0	2.019032057622358	0.27627326797026436	1.3420718527387898	-0.9337742523594772	NO	Q07889	SOS1	S
732	S	732	155.645	104.7	230.127	-0.4	1.08612686952037	0	0	2.3687266522019006	0.2399337524049311	1.0969613794299309	-0.8213159271225382	NO	Q07889	SOS1	S
733	I	733	154.912	108.36	230.967	-0.4	1.09316770186335	1	1	1.551805727998079	0.49798078348093183	0.8267358412708959	-0.7255180945132939	NO	Q07889	SOS1	S
734	T	734	151.166	107.55	231.282	-0.4	1.00857142857143	0	0	1.756302230905299	0.47537264950583213	1.1846107612737475	-0.9992261876825633	NO	Q07889	SOS1	S
735	K	735	152.067	104.602	233.585	-0.4	1.07138904261206	0	0	2.3687266522019006	0.2399337524049311	1.4717120729309643	-1.089549858428422	NO	Q07889	SOS1	S
736	I	736	154.159	106.834	235.858	-0.4	1.08448540706605	1	1	1.4818675014667895	0.6981871453314529	0.9839891186299684	-1.036861050493338	NO	Q07889	SOS1	S
737	I	737	151.448	109.522	236.017	-0.4	1.10531400966184	0	0	1.1387516004965577	0.7373885793780611	0.7479225969643812	-1.089549858428422	NO	Q07889	SOS1	S
738	Q	738	148.916	106.912	237.135	-0.4	1.10114702815433	0	0	0.9676742475635435	1	1.329393120853771	-1.3003050901687596	NO	Q07889	SOS1	S
739	R	739	151.296	105.483	239.754	-0.4	1.10518053375196	0	0	1.1356434656267476	0.9999999999999999	1.4070255111330234	-1.3003050901687596	NO	Q07889	SOS1	S
740	K	740	152.01	109.018	241.055	-0.4	1.11654501216545	0	0	1.1387516004965577	0.7373885793780611	0.7046314985057818	-1.1170396712641184	NO	Q07889	SOS1	S
741	K	741	148.278	109.838	241.442	-0.4	1.11654501216545	0	0	0.8416028612665647	1	0.9392967737567974	-1.3003050901687596	NO	Q07889	SOS1	S
742	I	742	148.069	106.943	244.022	-0.4	1.04	1	0	1.1326307273454426	1	1.5068956106670708	-1.3003050901687596	NO	Q07889	SOS1	S
743	A	743	148.388	107.202	247.842	-0.4	1.03328804347826	1	0	0	1	1.6218108405492262	-1.3003050901687596	NO	Q07889	SOS1	S
752	I	752	160.833	96.885	256.384	-0.4	0.85439229843562	2	0	0	0.5760014792449019	0.7792516403387953	-1.3003050901687596	NO	Q07889	SOS1	S
753	T	753	163.256	93.849	256.73	-0.4	0.809424282728482	1	0	0	0.5760014792449019	0.7853067152721671	-1.3003050901687596	NO	Q07889	SOS1	S
754	F	754	167.036	93.519	256.15	-0.4	0.806512684589171	0	0	0	0.5760014792449019	0.7652384345828225	-1.3003050901687596	NO	Q07889	SOS1	S
755	Q	755	169.875	91.771	254.197	-0.4	0.800751879699248	1	0	0	0.5760014792449019	0.6991313344580363	-1.3003050901687596	NO	Q07889	SOS1	S
756	S	756	170.752	89.499	257.127	-0.4	0.873119686069326	0	0	0	0.9999999999999999	0.7236133203290563	-1.3003050901687596	NO	Q07889	SOS1	S
757	S	757	170.145	89.75	260.913	-0.4	0.873935018050542	0	0	0	0.590455974270644	0.7098107295259298	-1.3003050901687596	NO	Q07889	SOS1	S
758	P	758	170.39	93.079	262.736	-0.4	0.859903381642512	0	0	0.6723148659740676	1	0.8058239505708152	-1.2452480184886099	NO	Q07889	SOS1	S
759	P	759	171.966	92.904	266.188	-0.4	0.844969850841003	0	0	0.6723148659740676	1	0.8788373744787263	-1.0505048328748596	NO	Q07889	SOS1	S
760	T	760	169.977	91.988	269.284	-0.4	0.841897233201581	0	0	0.6723148659740676	1	0.931218578561686	-0.9857106019140224	NO	Q07889	SOS1	S
761	V	761	168.242	94.871	271.069	-0.4	0.826808228268082	2	0	0.47441533038899636	0.685395621848379	0.9746577318289988	-0.4179815628922823	NO	Q07889	SOS1	S
762	E	762	169.98	95.876	274.319	-0.4	0.868613138686131	0	0	0.6723148659740676	1	0.9008670477113311	-0.47145571606055364	NO	Q07889	SOS1	S
763	W	763	168.251	96.405	277.681	-0.4	0.820591625048022	0	0	0	0.590455974270644	0.7156757982420991	-0.7746989769477235	NO	Q07889	SOS1	S
764	H	764	169.819	97.791	280.861	-0.4	0.817607655502392	0	0	0	0.2024268066979246	0.6256215936018119	-0.8253986696943003	NO	Q07889	SOS1	S
765	I	765	167.591	98.552	283.891	-0.4	0.819904306220096	0	0	0	0.3401559707284384	0.46558671836306004	-1.1790113717331359	NO	Q07889	SOS1	S
766	S	766	164.237	99.29	282.246	-0.4	0.829675665177704	0	0	0	0.3544707075233297	0.572462323818855	-1.0480141558226623	NO	Q07889	SOS1	S
767	R	767	162.694	96.025	281.087	-0.4	0.803497942386832	0	0	0	0.3544707075233297	0.530766040080608	-1.2480008720726175	NO	Q07889	SOS1	S
768	P	768	160.895	95.624	277.717	-0.4	0.738929889298893	0	0	0	0.2024268066979246	0.6376582802696984	-1.2006780080808699	NO	Q07889	SOS1	S
769	G	769	157.382	97.099	277.763	-0.4	0.738929889298893	0	0	0	0.2024268066979246	0.7318544541346604	-1.1840734943995548	NO	Q07889	SOS1	S
770	H	770	157.975	99.232	280.889	-0.4	0.7375	0	0	0	0.3401559707284384	0.6049101497330964	-1.2452480184886099	NO	Q07889	SOS1	S
771	I	771	157.888	102.601	279.069	-0.4	0.704477611940298	3	0	0	0.072516506438394	0.8556216251579655	-1.1576572226338266	NO	Q07889	SOS1	S
772	E	772	157.143	104.338	282.41	-0.4	0.661048689138577	2	0	0	0.3544707075233297	0.6186125611809601	-1.2349248175485819	NO	Q07889	SOS1	S
773	T	773	160.725	103.577	283.627	-0.4	0.709090909090909	0	0	0	0.590455974270644	0.507048350704345	-1.2548231613895056	NO	Q07889	SOS1	S
774	F	774	162.548	104.774	280.484	-0.4	0.703759398496241	0	0	0	0.1207030455524258	0.8280078506318506	-0.7745158389291795	NO	Q07889	SOS1	S
775	D	775	165.106	107.548	281.031	-0.4	0.800760456273764	0	0	0	0.1207030455524258	0.6764460854049695	-0.2849879153612947	NO	Q07889	SOS1	S
776	L	776	168.691	108.499	280.031	-0.4	0.89058524173028	0	0	0	0.07192411384183414	0.7350252032830339	0.9801295167400704	NO	Q07889	SOS1	S
777	L	777	170.315	106.155	282.567	-0.4	0.832438878950507	0	0	0	0.04262402134799635	0.652091541517454	0.5414956485255393	NO	Q07889	SOS1	S
778	T	778	167.748	103.31	282.598	-0.4	0.830769230769231	0	0	0	0.07192411384183414	0.6025299301570354	-0.5578204716932472	NO	Q07889	SOS1	S
779	L	779	167.764	102.519	278.87	-0.4	0.867857142857143	0	0	0	0.04276173232615829	0.79554199405874515	-0.11653756590460158	NO	Q07889	SOS1	S
780	H	780	170.847	100.869	277.486	0.28	0.928381962864722	0	0	0	0.2142998906471116	0.7643132552926937	0.07396260098477878	NO	Q07889	SOS1	S
781	P	781	173.201	103.5	276.041	0.97	0.928381962864722	0	0	0	0.072516506438394	0.7874732616242471	0.6507848244649499	NO	Q07889	SOS1	S
782	I	782	173.826	101.371	272.915	0.28	0.93020493020493	1	0	0	0.07192411384183414	0.768511598186005	0.8837806051841165	NO	Q07889	SOS1	S
783	E	783	170.093	101.139	272.234	1.65	0.93020493020493	0	0	0	0.072516506438394	0.8930226701761348	0.1349142633383491	NO	Q07889	SOS1	S
784	I	784	169.523	104.852	272.885	4.39	1.01556420233463	1	0	0	0.04276173232615829	0.8853997734194999	0.7800576200163738	NO	Q07889	SOS1	S
785	A	785	172.092	105.575	270.184	5.08	1.02352941176471	0	0	0	0.02533809596690018	0.738355000058107	1.5142236789944896	NO	Q07889	SOS1	S
786	R	786	170.634	102.952	267.827	0.28	1.02865612648221	0	0	0	0.04276173232615829	0.8695233980895164	0.8290704646071498	NO	Q07889	SOS1	S
787	Q	787	167.042	104.121	268.143	0.97	0.872799137621272	0	0	0	0.04276173232615829	1.0444302833982961	0.6100943308505494	NO	Q07889	SOS1	S
788	L	788	167.994	107.804	267.817	4.39	0.859683794466403	0	0	0	0.024935615435551926	0.7612871077446403	1.4229253954890753	NO	Q07889	SOS1	S
789	T	789	170.089	106.896	264.739	2.34	0.851377952755905	0	0	0	0.04262402134799635	0.7430060841832603	1.8349381620776117	NO	Q07889	SOS1	S
790	L	790	167.044	105.227	263.159	0.28	0.851377952755905	1	0	0	0.072516506438394	1.0335632027677957	0.9153372135478494	NO	Q07889	SOS1	S
791	L	791	164.829	108.269	263.9	0.28	0.852272727272727	1	0	0	0.04262402134799635	0.8536346316129176	0.9983276524774868	NO	Q07889	SOS1	S
792	E	792	167.445	110.68	262.665	2.34	0.849802371541502	0	0	0	0.072516506438394	0.43874120487486673	2.164849358700657	NO	Q07889	SOS1	S
793	S	793	168.199	108.581	259.581	0.97	0.848917322834646	0	0	0	0.590455974270644	0.7098122258636778	1.600440319453011	NO	Q07889	SOS1	S
794	D	794	164.522	108.527	258.546	0.28	0.843137254901961	1	0	0	0.3401559707284384	0.5212411470669329	1.7898122351128063	NO	Q07889	SOS1	S
795	L	795	164.311	112.281	259.236	1.65	0.843996062992126	0	0	0	0.3401559707284384	0.21526507213501897	1.823556891949027	NO	Q07889	SOS1	S
796	Y	796	167.406	112.907	257.052	2.34	0.968379446640316	0	0	0	0.590455974270644	0.2502818371908478	1.555915447042139	NO	Q07889	SOS1	S
797	R	797	165.975	110.708	254.249	0.97	1.0048828125	0	0	0	0.590455974270644	0.3920103950781971	1.3139133247313992	NO	Q07889	SOS1	S
798	A	798	162.615	112.449	254.077	1.65	0.95703125	0	0	0	0.5760014792449019	-0.03635610202918095	1.268139690222973	NO	Q07889	SOS1	S
799	V	799	164.083	115.839	253.046	3.71	0.95703125	0	0	0	0.9999999999999999	-0.0738143378609222	1.2796724229417047	NO	Q07889	SOS1	S
800	Q	800	163.565	116.585	249.334	-0.4	0.95146166574738	0	0	0.8451224690015197	1	-0.26897859335339686	0.8051960814269229	NO	Q07889	SOS1	S
801	P	801	165.392	119.055	247.031	0.28	0.839007782101167	0	0	0.6723148659740676	1	-0.17121431920627903	0.21083713853652333	NO	Q07889	SOS1	S
802	S	802	162.125	121.064	246.745	0.97	0.84228515625	1	0	0.6723148659740676	1	-0.32615851508776994	0.26322741869452665	NO	Q07889	SOS1	S
803	E	803	162.555	122.007	250.435	2.34	0.83984375	0	0	0.8451224690015197	1	-0.4075859031751257	0.5418802383644817	NO	Q07889	SOS1	S
804	L	804	166.08	123.36	249.751	3.02	0.835755813953488	0	0	1.3704050489135493	0.6591785903357441	-0.2115740202531934	0.1745969421746601	NO	Q07889	SOS1	S
805	V	805	166.347	124.949	246.288	1.65	0.835755813953488	0	0	0	0.3544707075233297	-0.0818864584965725	-0.22415279538316146	NO	Q07889	SOS1	S
806	G	806	165.67	128.684	246.387	-0.4	0.767857142857143	0	0	1.7219738913911138	0.6208079680556621	-0.17834159289121598	-0.06566182435310206	NO	Q07889	SOS1	S
807	S	807	166.673	128.773	250.072	-0.4	0.568681318681319	0	0	5.12186461730256	0.002572336758191994	-0.3469015431126928	0.2666237964929774	YES	Q07889	SOS1	S
808	V	808	162.977	128.298	250.878	2.34	0.572531715388858	0	0	2.63554613968224	0.19570297010209242	-0.5510460378104035	0.4616291586385381	NO	Q07889	SOS1	S
809	W	809	163.529	127.044	254.449	0.28	0.572531715388858	0	0	6.8533067888321195	4.241205319417125e-4	-0.6708079971426998	0.5187009048282344	YES	Q07889	SOS1	S
810	T	810	164.651	130.611	255.389	-0.4	0.441890166028097	0	0	13.167524239220354	4.959271304349214e-6	-1.1478751233763624	0.4202537017990041	YES	Q07889	SOS1	S
811	K	811	161.617	132.358	253.847	-0.4	0.442748091603053	0	0	4.807541349139449	0.04869478102592758	-1.1641811446488555	0.28210728351532666	YES	Q07889	SOS1	S
812	E	812	158.234	133.281	255.315	0.97	0.442748091603053	1	0	3.417677106708533	0.40446283434313574	-1.3736900409130597	0.16941977126582253	NO	Q07889	SOS1	S
813	D	813	156.54	130.149	253.866	0.97	0.447435897435897	0	0	3.417677106708533	0.40446283434313574	-1.2034061839286931	0.3194968197290678	NO	Q07889	SOS1	S
814	K	814	159.168	127.814	255.37	-0.4	0.44233206590621	0	0	3.5901593305685573	0.0811119714375946	-1.057660792172623	0.7389440718384761	NO	Q07889	SOS1	S
815	E	815	156.559	125.682	257.237	-0.4	0.568712656165128	0	0	1.7059455755678734	0.5414363824442145	-1.2415728591106734	0.7593871583884715	NO	Q07889	SOS1	S
816	I	816	154.63	125.146	253.997	-0.4	0.492452830188679	0	0	0	0.9999999999999999	-1.0845479690142317	0.8064375644157887	NO	Q07889	SOS1	S
817	N	817	157.672	124.447	251.747	0.97	0.43734335839599	0	0	0.8451224690015197	1	-0.6159961947732644	0.7250041693685088	NO	Q07889	SOS1	S
818	S	818	160.246	122.801	254.043	2.34	0.37068507700478	0	0	1.1326307273454426	1	-0.5805895955612115	0.9174963143980511	NO	Q07889	SOS1	S
819	P	819	158.217	120.768	256.596	0.97	0.369312169312169	0	0	0	1	-0.6378040365758789	1.4636138856960061	NO	Q07889	SOS1	S
820	N	820	160.47	117.672	256.601	0.97	0.369312169312169	0	0	0	0.9999999999999999	-0.2845063225931966	1.5069158527472784	NO	Q07889	SOS1	S
821	L	821	163.673	119.697	256.982	5.08	0.369312169312169	0	0	5.2059019054726265	0.004138979973190962	-0.3063241693656095	0.8976258393860367	YES	Q07889	SOS1	S
822	L	822	162.163	121.634	259.853	0.97	0.369312169312169	0	0	7.888208055822419	0.001003422557765865	-0.6336020663847886	0.9989184875074405	YES	Q07889	SOS1	S
823	K	823	160.932	118.492	261.672	1.65	0.480769230769231	1	0	0.6723148659740676	1	-0.41570700707177055	1.33241128316951	NO	Q07889	SOS1	S
824	M	824	164.435	117.096	261.33	2.34	0.512408759124088	0	0	0.5569580343326366	1	-0.05197872173568165	1.8735500264047054	NO	Q07889	SOS1	S
825	I	825	166.095	120.186	262.745	1.65	0.512408759124088	0	0	7.888208055822419	0.001003422557765865	-0.54756568796193406	1.2426883893258633	YES	Q07889	SOS1	S
826	R	826	163.556	120.391	265.568	1.65	0.578512396694215	0	0	4.485909856592855	0.018913944035646214	-0.4963079982111838	0.9377596499982328	YES	Q07889	SOS1	S
827	H	827	164.322	116.807	266.538	1.65	0.574335411880538	0	0	0.41250300897421754	0.6872489613367538	-0.049314933361214904	1.0328732660807178	NO	Q07889	SOS1	S
828	T	828	168.016	117.679	266.702	2.34	0.507636363636364	0	0	0.41250300897421754	0.6872489613367538	-0.0014787990911376166	1.4526893047637341	NO	Q07889	SOS1	S
829	T	829	167.388	120.79	268.758	3.71	0.576859504132231	0	0	3.7187331477362884	0.031231069085821586	-0.2983242695610128	0.5979493885681634	YES	Q07889	SOS1	S
830	N	830	165.093	118.847	271.07	0.97	0.533759124087591	1	0	0.47441533038899636	0.685395621848379	0.02967808843582271	0.7278346226530316	NO	Q07889	SOS1	S
831	L	831	167.717	116.154	271.787	2.34	0.533759124087591	0	0	0	0.072516506438394	0.24254612560415026	1.3579099511746135	NO	Q07889	SOS1	S
832	T	832	170.456	118.696	272.401	3.71	0.586080586080586	0	0	0	0.2024268066979246	-0.09440109502452074	1.4042771676877774	NO	Q07889	SOS1	S
833	L	833	168.14	120.464	274.845	-0.4	0.585600530856005	0	0	0.41250300897421754	0.6872489613367538	0.14586786066289759	1.1837789933609038	NO	Q07889	SOS1	S
834	W	834	167.153	117.181	276.517	0.28	0.711111111111111	0	0	0	0.1207030455524258	0.39048550300465296	1.1825259437603404	NO	Q07889	SOS1	S
835	F	835	170.851	116.388	277.071	0.28	0.653703703703704	0	0	0	0.04276173232615829	0.3182902062526652	1.9185446488041817	NO	Q07889	SOS1	S
836	E	836	171.432	119.814	278.632	0.97	0.705982905982906	0	0	0.32575548824403394	0.46204653218800623	0.26278327079092845	1.8858875662214032	NO	Q07889	SOS1	S
837	K	837	168.398	119.363	280.844	1.65	0.747089947089947	0	0	0.32575548824403394	0.46204653218800623	0.5902364971656959	1.3310990710148614	NO	Q07889	SOS1	S
838	C	838	169.369	115.853	281.992	2.34	0.807549327995425	1	0	0	0.072516506438394	0.5486839558702857	1.6583341464937795	NO	Q07889	SOS1	S
839	I	839	172.74	117.326	282.988	5.76	0.790298507462687	1	0	0.2678737043356355	0.30526117190385804	0.49762696696714664	1.8338457039843847	NO	Q07889	SOS1	S
840	V	840	171.765	120.498	284.856	4.39	0.785130111524164	0	0	0.32575548824403394	0.46204653218800623	0.5000226628963349	1.5937334478714575	NO	Q07889	SOS1	S
841	E	841	168.702	118.995	286.601	0.28	0.823970037453184	1	0	0.32575548824403394	0.46204653218800623	0.5378899394573008	0.7140666033994706	NO	Q07889	SOS1	S
842	T	842	170.953	116.278	288.078	-0.4	0.846708943800569	0	0	0.32575548824403394	0.46204653218800623	0.6020874006133466	0.8660668496610717	NO	Q07889	SOS1	S
843	E	843	172.058	118.372	291.061	0.97	0.863468634686347	0	0	0.3643207152156076	0.4605179622367581	0.6325398888605854	0.7733128296808892	NO	Q07889	SOS1	S
844	N	844	174.167	115.813	292.919	0.97	0.863468634686347	1	0	0.3643207152156076	0.4605179622367581	0.6432028649511421	0.6166005499303989	NO	Q07889	SOS1	S
845	L	845	177.728	115.992	291.512	0.28	0.870646766169154	0	0	0.6004809038569953	0.7364671357969317	0.646706570911036	0.7405849884846295	NO	Q07889	SOS1	S
846	E	846	178.365	112.236	291.484	0.28	0.841898097528975	0	1	0.5468422591680874	0.7409037160023704	0.6530606315936319	0.11498551713861567	NO	Q07889	SOS1	S
847	E	847	175.071	111.606	289.701	-0.4	0.883928571428571	0	0	0.2678737043356355	0.30526117190385804	0.6110791053802224	0.38353910753141274	NO	Q07889	SOS1	S
848	R	848	175.764	114.418	287.207	5.76	0.907563025210084	0	0	0.5014337173309612	0.5279761847383613	0.5614514116833151	1.189585808583028	NO	Q07889	SOS1	S
849	V	849	179.109	112.864	286.422	1.65	0.940478468899521	1	0	0.7683986012513387	1	0.7154141416361393	1.640676031154111	NO	Q07889	SOS1	S
850	A	850	177.33	109.581	285.657	0.97	0.940478468899521	0	0	0.5014337173309612	0.5279761847383613	0.7178390446497462	0.714506134643976	NO	Q07889	SOS1	S
851	V	851	174.86	111.476	283.428	1.65	0.947368421052632	1	0	0.195460938988749	0.1275740410846905	0.5767509695184873	1.2057555555861734	NO	Q07889	SOS1	S
852	V	852	177.54	113.311	281.398	1.65	0.947368421052632	1	0	0.6117807635609883	0.5735074993730787	0.5920619645858958	1.7405185697344057	NO	Q07889	SOS1	S
853	S	853	179.577	110.111	281.207	0.97	0.894160583941606	0	0	0.8379198747693044	1	0.7473527575867217	1.0555823803801634	NO	Q07889	SOS1	S
854	R	854	176.589	108.172	279.803	3.02	0.870813397129187	1	0	0.2678737043356355	0.30526117190385804	0.7615278971187405	1.39892390253034	NO	Q07889	SOS1	S
855	I	855	175.99	110.9	277.192	4.39	0.856447688564477	0	0	0	0.04262402134799635	0.5914775658053267	1.8580135524141452	NO	Q07889	SOS1	S
856	I	856	179.597	110.538	276.066	3.02	0.878985785631963	1	0	0.22650347837217738	0.19867654738710575	0.7547838181828123	1.6559633569173213	NO	Q07889	SOS1	S
857	E	857	178.994	106.764	275.767	0.97	0.816657027183343	1	0	0.2678737043356355	0.30526117190385804	0.813329160017633	1.3586276068549363	NO	Q07889	SOS1	S
858	I	858	175.98	107.457	273.515	3.71	0.772363636363636	1	0	0	0.04262402134799635	0.6828385961979196	1.7105861512616929	NO	Q07889	SOS1	S
859	L	859	178.251	109.786	271.487	2.34	0.771739130434783	0	0	0	0.07192411384183414	0.6455634284811445	2.14889297176582	NO	Q07889	SOS1	S
860	Q	860	180.776	106.951	271.083	0.97	0.775824175824176	0	0	0	0.072516506438394	0.7526761126205858	1.9431385137104515	NO	Q07889	SOS1	S
861	V	861	178.055	104.709	269.619	0.97	0.818022917071276	0	0	0	0.072516506438394	0.7250643309545152	2.2085527494895456	NO	Q07889	SOS1	S
862	F	862	176.808	107.517	267.326	1.65	0.782222222222222	0	0	0	0.07192411384183414	0.717692099049769	2.5515966528369445	NO	Q07889	SOS1	S
863	Q	863	180.373	107.783	266.11	1.65	0.782222222222222	1	0	0	0.072516506438394	0.6587125068583934	2.512747248143796	NO	Q07889	SOS1	S
864	E	864	180.468	103.932	265.502	1.65	0.782899628252788	2	0	0	0.2142998906471116	0.7159435053912995	2.209077190179012	NO	Q07889	SOS1	S
865	L	865	177.2	104.25	263.527	3.02	0.758919771338459	0	0	0	0.1207030455524258	0.7793076378059206	2.0687018989651014	NO	Q07889	SOS1	S
866	N	866	178.413	107.299	261.571	0.97	0.805659592176446	0	0	0	0.2024268066979246	0.7550841473448873	2.355434989998691	NO	Q07889	SOS1	S
867	N	867	175.436	109.29	262.948	3.02	0.774802458296752	0	0	0	0.072516506438394	0.6751481625776726	2.279286201888131	NO	Q07889	SOS1	S
868	F	868	177.076	112.695	262.651	4.39	0.774108900065602	0	0	0	0.2024268066979246	0.6411433150414666	2.453291737907323	NO	Q07889	SOS1	S
869	N	869	173.827	114.46	263.415	-0.4	0.776295648370873	0	0	0	0.3401559707284384	0.3413832115599298	2.5326027091380743	NO	Q07889	SOS1	S
870	G	870	173.857	112.555	266.759	0.28	0.785977859778598	0	0	0	0.04262402134799635	0.37267492835537264	2.631615842820941	NO	Q07889	SOS1	S
871	V	871	177.495	113.341	267.336	3.71	0.780882352941176	1	0	0	0.2142998906471116	0.5024767502817786	2.8877927915033794	NO	Q07889	SOS1	S
872	L	872	176.858	117.054	266.914	3.71	0.738880167451596	0	0	0.47441533038899636	0.685395621848379	0.2505587496148569	2.135573438307708	NO	Q07889	SOS1	S
873	E	873	173.657	117.102	268.973	2.34	0.687104622871046	0	0	0	0.3544707075233297	0.06685517999296811	2.283149193159284	NO	Q07889	SOS1	S
874	V	874	175.871	115.912	271.883	0.97	0.648897058823529	0	0	0	0.072516506438394	0.18331405504103268	2.3677204987426785	NO	Q07889	SOS1	S
875	V	875	178.742	118.274	271.069	-0.4	0.684057971014493	1	0	0.41250300897421754	0.6872489613367538	0.12677403883113106	1.8651147672016444	NO	Q07889	SOS1	S
876	S	876	176.256	121.186	270.958	1.65	0.724090909090909	0	0	1.7219738913911138	0.6208079680556621	-0.23708772980009876	1.6422543752263774	NO	Q07889	SOS1	S
877	A	877	174.935	120.24	274.432	3.02	0.722045454545455	0	0	0.41250300897421754	0.6872489613367538	-0.12832579691403087	1.9579400253497414	NO	Q07889	SOS1	S
878	M	878	178.418	120.102	275.949	3.71	0.722045454545455	0	0	0	0.2142998906471116	0.158710663105783	2.2494591232679455	NO	Q07889	SOS1	S
879	N	879	179.357	123.514	274.403	2.34	0.731428571428571	0	0	2.3066402333867946	0.31980079204950423	-0.25209423481852367	1.7302628406959464	NO	Q07889	SOS1	S
880	S	880	176.087	125.086	275.609	0.97	0.635379061371841	0	0	2.3066402333867946	0.31980079204950423	-0.3424498501810195	1.5649786494482194	NO	Q07889	SOS1	S
881	S	881	176.53	127.848	278.176	3.02	0.638181818181818	0	0	5.313565835958223	0.07889254162047116	-0.3190073574960691	0.8486645945053155	NO	Q07889	SOS1	S
882	P	882	174.843	125.843	281.012	2.34	0.634057971014493	0	0	0.5569580343326366	1	0.11670505107041688	1.1760871965820596	NO	Q07889	SOS1	S
883	V	883	177.028	122.733	280.533	5.76	0.634545454545455	1	0	0	0.072516506438394	0.23450705170403044	1.688405155899444	NO	Q07889	SOS1	S
884	Y	884	180.397	124.128	279.319	1.65	0.696748506967485	0	0	0.47441533038899636	0.685395621848379	-0.03971566403898517	1.6008596713577399	NO	Q07889	SOS1	S
885	R	885	180.977	125.997	282.608	3.02	0.696198347107438	0	0	0.3643207152156076	0.4605179622367581	0.1382759369887705	1.365252120827147	NO	Q07889	SOS1	S
886	L	886	180.558	122.888	284.862	7.13	0.76304347826087	0	0	0.32575548824403394	0.46204653218800623	0.4563405604582052	1.5869756549871872	NO	Q07889	SOS1	S
887	D	887	184.257	122.483	285.658	1.65	0.709651257096513	0	0	0.47441533038899636	0.685395621848379	0.45472603268038053	1.4187450711527467	NO	Q07889	SOS1	S
888	H	888	183.657	120.303	288.747	-0.4	0.798357664233577	1	0	0.7434511172816983	1	0.5490991102964888	1.0380011305999473	NO	Q07889	SOS1	S
889	T	889	181.707	117.82	286.631	0.97	0.913134484563056	0	0	1.1387516004965577	0.7373885793780611	0.5975733353695084	1.729796671194198	NO	Q07889	SOS1	S
890	F	890	184.239	117.793	283.763	-0.4	0.913134484563056	1	0	1.1387516004965577	0.7373885793780611	0.7135624497145181	1.8917905730516795	NO	Q07889	SOS1	S
891	E	891	187.163	117.244	286.194	-0.4	0.846060606060606	1	1	2.0978945367721837	0.385772404561121	0.71578235650127775	1.2772160104220092	NO	Q07889	SOS1	S
892	Q	892	185.623	113.836	287.15	-0.4	0.721038961038961	0	0	1.7387471267540573	0.4283606015544	0.8581538818688784	1.0428959103683029	NO	Q07889	SOS1	S
893	I	893	184.922	112.55	283.627	-0.4	0.835748792270531	0	0	1.1387516004965577	0.7373885793780611	0.886337054597633	1.2949071430133514	NO	Q07889	SOS1	S
894	P	894	187.341	109.614	283.084	1.65	0.895445134575569	0	1	0.9676742475635435	1	0.9707583873118047	0.6987928926529081	NO	Q07889	SOS1	S
895	S	895	190.265	110.559	280.819	0.28	0.934782608695652	0	0	2.3066402333867946	0.31980079204950423	0.9764453602000296	0.24215655721551044	NO	Q07889	SOS1	S
896	R	896	189.179	108.149	278.061	1.65	0.932065217391304	0	0	1.7059455755678734	0.5414363824442145	0.9328253621990596	0.5409187637671262	NO	Q07889	SOS1	S
897	Q	897	185.845	109.927	277.734	0.97	0.938868613138686	0	0	0.8416028612665647	1	0.9247232655424465	1.2095873664357077	NO	Q07889	SOS1	S
898	K	898	187.375	113.416	277.824	-0.4	0.967272727272727	0	0	0.9676742475635435	1	0.8746360668326226	0.9605134000871441	NO	Q07889	SOS1	S
899	K	899	189.376	112.352	274.754	-0.4	0.943014705882353	0	0	1.1326307273454426	1	0.9719732649068673	0.8041705085230767	NO	Q07889	SOS1	S
900	I	900	186.301	110.915	273.062	-0.4	0.94649446494465	0	0	0.41250300897421754	0.6872489613367538	0.7430451100972525	1.4215300320554316	NO	Q07889	SOS1	S
901	L	901	184.402	114.18	273.612	3.02	0.945054945054945	0	0	0.3643207152156076	0.4605179622367581	0.6865427733796418	1.8576048095901485	NO	Q07889	SOS1	S
902	E	902	187.333	116.349	272.605	0.28	0.940217391304348	0	0	0	0.590455974270644	0.7439036837699251	1.412532466062142	NO	Q07889	SOS1	S
903	E	903	187.843	114.424	269.325	0.97	0.933453237410072	0	0	0	0.590455974270644	0.794131136308473	1.7257759592416204	NO	Q07889	SOS1	S
904	A	904	184.157	114.95	268.579	2.34	1.03717026378897	0	0	0	0.590455974270644	0.5993503711112543	1.9456331505035904	NO	Q07889	SOS1	S
905	H	905	184.327	118.645	269.426	0.28	0.894141829393628	0	0	0.47441533038899636	0.685395621848379	0.4663846538131384	1.950157736844087	NO	Q07889	SOS1	S
906	E	906	187.304	118.984	267.103	1.65	0.831541218637993	0	0	0	0.3401559707284384	0.6123780088445798	1.6385529560251089	NO	Q07889	SOS1	S
907	L	907	185.205	117.835	264.127	1.65	0.828571428571429	0	0	0	0.3401559707284384	0.7209190908239781	1.9703567830070188	NO	Q07889	SOS1	S
908	S	908	183.464	121.242	264.359	3.71	0.834532374100719	0	0	0.5569580343326366	1	0.3214420823332421	1.4337013426671665	NO	Q07889	SOS1	S
909	E	909	186.667	123.305	264.572	0.28	0.894141829393628	1	0	0.5569580343326366	1	0.20796439810674905	1.2747747010095933	NO	Q07889	SOS1	S
910	D	910	188.098	125.347	261.727	0.28	0.887755102040816	1	0	2.0978945367721837	0.385772404561121	-0.776458710721843	1.0981369963254584	NO	Q07889	SOS1	S
911	H	911	184.719	125.499	259.975	2.34	0.894791129448169	0	0	5.360451093897068	0.006596818985470855	-1.1974478566620703	0.5219914495506126	YES	Q07889	SOS1	S
912	Y	912	184.016	121.729	260.155	3.71	0.942238267148014	0	0	2.63554613968224	0.19570297010209242	6.184058996013971e-4	1.446215773934334	NO	Q07889	SOS1	S
913	K	913	187.372	120.818	258.5	0.97	0.838164251207729	1	0	1.1326307273454426	1	0.10643836768178459	1.530276124445991	NO	Q07889	SOS1	S
914	K	914	187.7	117.406	260.176	0.97	0.841212121212121	0	0	0	0.9999999999999999	0.8024819385416451	2.17407951483527	NO	Q07889	SOS1	S
915	Y	915	183.983	116.627	259.906	4.39	0.841212121212121	0	0	0	0.3401559707284384	0.7567636893391797	2.231470243704519	NO	Q07889	SOS1	S
916	L	916	184.126	117.238	256.141	0.97	0.841212121212121	0	0	0.6723148659740676	1	0.46053022841501173	1.8871754949843726	NO	Q07889	SOS1	S
917	A	917	187.173	114.956	255.688	0.97	0.838164251207729	0	0	0	1	0.7438421566003506	2.38626322312025	NO	Q07889	SOS1	S
918	K	918	185.663	112.245	257.906	1.65	0.841212121212121	0	0	0	0.9999999999999999	0.8135086347422176	2.560335909746241	NO	Q07889	SOS1	S
919	L	919	182.357	112.242	255.968	3.71	0.841212121212121	0	0	0	0.590455974270644	0.6343001045666925	1.8941776823968381	NO	Q07889	SOS1	S
920	R	920	184.121	111.892	252.544	2.34	0.846715328467153	0	0	0	0.9999999999999999	0.6489450249774178	1.6832574159363414	NO	Q07889	SOS1	S
921	S	921	186.041	108.869	253.925	-0.4	0.886496350364963	0	0	0	1	0.8651442729112467	1.6971289468793855	NO	Q07889	SOS1	S
922	I	922	183.16	106.75	255.278	0.97	0.882608695652174	1	0	0	0.3401559707284384	0.7782362179677528	2.710417515942979	NO	Q07889	SOS1	S
923	N	923	180.65	104.648	253.325	0.97	1.01527272727273	0	0	0	0.9999999999999999	0.7045495101616858	1.5573805511904906	NO	Q07889	SOS1	S
924	P	924	176.861	104.623	253.927	0.97	1.01449275362319	1	0	0	0.9999999999999999	0.5664728872343922	1.3949005011383289	NO	Q07889	SOS1	S
925	P	925	174.869	104.184	256.017	2.34	0.986312399355878	0	0	0	0.3544707075233297	0.7297690820796147	1.5420702128402193	NO	Q07889	SOS1	S
926	C	926	175.378	107.464	257.768	1.65	0.951818181818182	0	0	0	0.2142998906471116	0.6184176371060331	1.3572106969219913	NO	Q07889	SOS1	S
927	V	927	173.44	110.493	258.997	3.71	0.958029197080292	1	0	0	0.1207030455524258	0.523300964617678	1.665931449454702	NO	Q07889	SOS1	S
928	P	928	175.172	113.712	257.877	7.13	0.964285714285714	0	0	0	0.3544707075233297	0.5524399260558319	1.8082540824535316	NO	Q07889	SOS1	S
929	F	929	174.88	116.948	259.778	0.28	0.919117647058824	0	0	4.588316925250933	0.030313899864672995	0.35898618283127365	2.2350110185076835	NO	Q07889	SOS1	S
930	F	930	172.56	118.997	257.527	0.28	0.922509225092251	0	0	6.279661099016518	0.002151540771873731	0.1383828956858445	1.444567531767439	NO	Q07889	SOS1	S
931	G	931	173.549	122.516	258.598	0.28	0.922509225092251	0	0	8.266505168599283	1.9229219752553626e-4	-0.23560381321529386	1.2417298020396106	YES	Q07889	SOS1	S
932	I	932	176.583	122.692	256.338	0.28	0.930170575692964	0	0	7.747757046812485	1.2498719721116248e-4	-0.17575252283971066	0.8301028519488952	YES	Q07889	SOS1	S
933	Y	933	174.482	121.94	253.273	0.28	0.929368029739777	1	0	7.747757046812485	1.2498719721116248e-4	-0.28969979112006466	0.12395928004726771	YES	Q07889	SOS1	S
934	L	934	172.024	124.642	254.237	0.28	0.929368029739777	0	0	10.483643489745033	1.4035923965649471e-5	-0.42073795609527825	0.3537974933198809	YES	Q07889	SOS1	S
935	T	935	174.695	127.314	254.557	0.28	0.935501066098081	0	0	10.483643489745033	1.4035923965649471e-5	-0.6794758692192895	-0.2874825521544334	NO	Q07889	SOS1	S
936	N	936	176.379	126.246	251.315	0.97	0.937334041423261	1	0	8.69053138391637	3.502670539047639e-5	-1.0112481889105163	-0.3434455708805123	NO	Q07889	SOS1	S
937	I	937	173.102	126.358	249.363	0.28	0.933052187664734	0	0	6.604102082410592	2.663536843579546e-4	-0.5580410254635573	-0.37829275454814665	NO	Q07889	SOS1	S
938	L	938	172.157	129.747	250.865	-0.4	0.864468864468864	1	0	9.690215714823765	9.35863027859562e-6	-1.0544290200082909	-0.16120365092035632	NO	Q07889	SOS1	S
939	K	939	175.526	131.354	250.13	-0.4	0.971715328467153	0	0	13.081731984997125	1.3637860919555528e-7	-1.4034982470041226	-0.22270312193260314	NO	Q07889	SOS1	S
940	T	940	175.63	129.871	246.633	-0.4	0.919480519480519	0	0	3.1698641959221807	0.07874190683347297	-1.0151241790008634	-0.522495591508052	NO	Q07889	SOS1	S
941	E	941	172.284	131.471	245.841	0.28	0.804545454545455	0	0	3.7187331477362884	0.031231069085821586	-0.8366932708176087	-0.20257580701653288	NO	Q07889	SOS1	S
942	E	942	172.994	134.783	247.611	-0.4	0.801630434782609	0	0	24.100969200416326	1.469679353874659e-8	-1.39028732409171	-0.16482957649177893	NO	Q07889	SOS1	S
943	G	943	176.59	135.012	246.402	0.28	0.730848861283644	0	0	17.629940938843546	1.488347383703986e-6	-1.7048392846759175	-0.4330030317541929	NO	Q07889	SOS1	S
944	N	944	176.057	134.649	242.63	-0.4	0.920229405630865	0	0	6.733402594691746	0.003334004402642943	-1.2182059598591757	-0.3591088661392501	NO	Q07889	SOS1	S
945	P	945	173.988	136.706	240.169	-0.4	0.920229405630865	0	0	2.3066402333867946	0.31980079204950423	-0.651983479846463	-0.005336161044736376	NO	Q07889	SOS1	S
946	E	946	170.715	135.302	238.807	0.28	0.8	0	0	0	0.590455974270644	-0.20517984726632768	-0.05373776704248791	NO	Q07889	SOS1	S
947	V	947	171.725	136.525	235.316	-0.4	0.855757575757576	0	0	0	0.590455974270644	-0.2949438051612279	0.1415089543070448	NO	Q07889	SOS1	S
948	L	948	174.839	137.511	233.412	-0.4	0.855757575757576	0	0	0	0.2142998906471116	-0.2768404743572686	-0.069087136810282	NO	Q07889	SOS1	S
949	K	949	174.925	140.159	230.708	-0.4	0.770802919708029	0	0	0	0.2024268066979246	0.21676649883152949	-0.04690849125420515	NO	Q07889	SOS1	S
950	R	950	176.711	139.886	227.39	-0.4	0.771428571428571	0	0	0	0.2024268066979246	0.20836289937399738	-0.03654287940461951	NO	Q07889	SOS1	S
951	H	951	176.436	142.549	224.658	0.28	0.774264705882353	1	0	0	0.3544707075233297	0.31024752364535513	-0.32877198933317836	NO	Q07889	SOS1	S
952	G	952	173.494	144.051	226.59	4.39	0.64051094890511	0	0	0	0.3544707075233297	0.217333042384961	-0.24781089759687994	NO	Q07889	SOS1	S
953	K	953	171.553	140.746	226.598	-0.4	0.580623755806238	0	0	0	0.2024268066979246	0.23333245244870962	-0.13029733569786778	NO	Q07889	SOS1	S
954	E	954	170.385	138.982	229.746	-0.4	0.510948905109489	2	0	0	0.2024268066979246	0.2063595827683057	-0.018784861623896098	NO	Q07889	SOS1	S
955	L	955	171.434	135.299	230.151	2.34	0.507636363636364	0	0	0	0.072516506438394	0.18612320701140184	-0.18162939614557264	NO	Q07889	SOS1	S
956	I	956	170.257	132.959	232.894	5.08	0.503971119133574	0	0	0	0.072516506438394	0.054050437025390315	-0.33032903321553553	NO	Q07889	SOS1	S
957	N	957	173.264	132.086	235.104	2.34	0.504347826086957	0	0	0	0.2142998906471116	-0.10949871303497871	-0.3938875644933553	NO	Q07889	SOS1	S
958	F	958	173.09	128.311	234.906	3.71	0.506181818181818	0	0	0.32575548824403394	0.46204653218800623	0.00386712501772275	-0.40924001717339703	NO	Q07889	SOS1	S
959	S	959	176.389	127.52	236.674	-0.4	0.504727272727273	1	0	0.47441533038899636	0.685395621848379	-0.3718754015823456	-0.3983869764436869	NO	Q07889	SOS1	S
960	K	960	174.857	128.931	239.872	2.34	0.504727272727273	0	0	1.1356434656267476	0.9999999999999999	-0.4415613195972176	-0.36678360793632325	NO	Q07889	SOS1	S
961	R	961	172.052	126.367	239.6	-0.4	0.503649635036496	0	0	0.5569580343326366	1	-0.10178883636119636	-0.38281179234352125	NO	Q07889	SOS1	S
962	R	962	174.509	123.568	238.83	-0.4	0.509225092250923	1	0	0.41250300897421754	0.6872489613367538	-0.26656096827829817	-0.4443790375006821	NO	Q07889	SOS1	S
963	K	963	176.347	124.38	242.079	-0.4	0.512592592592593	1	0	1.1356434656267476	0.9999999999999999	-0.6911869933866042	-0.5637024339358929	NO	Q07889	SOS1	S
964	V	964	173.087	124.067	244.03	-0.4	0.509225092250923	0	0	0.8416028612665647	1	-0.30254125881440425	-0.47178869427608805	NO	Q07889	SOS1	S
965	A	965	172.246	120.773	242.265	-0.4	0.513857677902622	0	0	0.3643207152156076	0.4605179622367581	-0.1950501461160743	-0.5114685982939362	NO	Q07889	SOS1	S
966	E	966	175.709	119.417	243.206	-0.4	0.51003717472119	0	0	0.47441533038899636	0.685395621848379	-0.5670310068462772	-0.7475212949958064	NO	Q07889	SOS1	S
967	I	967	174.907	120.022	246.907	-0.4	0.568360181743081	0	0	1.3704050489135493	0.6591785903357441	-0.31514159887652693	-0.5473880683310162	NO	Q07889	SOS1	S
968	T	968	171.407	118.482	246.693	-0.4	0.564609053497942	0	0	0	0.590455974270644	-0.022729575423866548	-0.3419977032515534	NO	Q07889	SOS1	S
969	G	969	172.984	115.541	244.853	-0.4	0.560457516339869	0	0	0	0.5760014792449019	-0.23703427242203912	-0.7352538652613417	NO	Q07889	SOS1	S
970	E	970	175.504	115.072	247.644	-0.4	0.472527472527473	0	0	0	0.9999999999999999	-0.04751733718047533	0.11699207282005343	NO	Q07889	SOS1	S
971	I	971	172.567	115.12	250.124	0.28	0.470454545454546	0	0	0	0.5760014792449019	0.4172349020510676	0.644087901622763	NO	Q07889	SOS1	S
972	Q	972	170.701	112.431	248.144	-0.4	0.538060479666319	0	0	0	0.9999999999999999	0.31026158020836564	0.6421694348271072	NO	Q07889	SOS1	S
973	Q	973	173.731	110.08	247.934	-0.4	0.622743682310469	0	0	0	1	0.29581162310875014	0.8513914522262434	NO	Q07889	SOS1	S
974	Y	974	173.541	109.507	251.727	0.28	0.75	0	0	0	0.5760014792449019	0.499980301321244	1.1559420145422286	NO	Q07889	SOS1	S
975	Q	975	169.752	108.915	251.62	0.28	0.693943040513438	0	0	0	0.9999999999999999	0.5363728525004934	0.8424097267950463	NO	Q07889	SOS1	S
976	N	976	169.725	105.587	249.702	-0.4	0.749458483754513	0	0	0	0.9999999999999999	0.4743281143700985	0.30325140020176045	NO	Q07889	SOS1	S
977	Q	977	171.277	103.169	252.214	-0.4	0.826762246117085	0	0	0	0.590455974270644	0.703962382753475	0.15307822499575016	NO	Q07889	SOS1	S
978	P	978	169.343	102.239	255.395	-0.4	0.833333333333333	0	0	0	0.2142998906471116	0.7368370574062987	0.4310935525014482	NO	Q07889	SOS1	S
979	Y	979	170.743	101.015	258.727	-0.4	0.833333333333333	0	0	0	0.2142998906471116	0.7991566057994977	0.3367656575952969	NO	Q07889	SOS1	S
980	C	980	170.693	97.324	259.615	-0.4	0.9375	0	0	0	0.2024268066979246	0.8366870151961009	-0.32877198933317836	NO	Q07889	SOS1	S
981	L	981	169.114	97.942	263.062	-0.4	0.871223021582734	0	0	0	0.2142998906471116	0.8682467942738176	0.10267864229246473	NO	Q07889	SOS1	S
982	R	982	165.795	96.676	264.457	-0.4	0.902550686723349	0	0	0	0.2142998906471116	0.9516203094849178	-0.5214394459702161	NO	Q07889	SOS1	S
983	V	983	163.314	99.375	265.528	-0.4	0.989928057553957	0	0	0	0.04262402134799635	1.0481353693215811	0.032426898379018895	NO	Q07889	SOS1	S
984	E	984	162.091	99.103	269.138	0.28	1.01242642249837	0	0	0	0.04262402134799635	1.0887291096147402	-0.0536642492716029	NO	Q07889	SOS1	S
985	S	985	158.685	100.767	269.024	-0.4	1.03956043956044	1	0	0	0.04262402134799635	1.0841774100478856	-0.4996256730947631	NO	Q07889	SOS1	S
986	D	986	158.509	101.839	272.707	-0.4	1.0530612244898	0	0	0	0.04262402134799635	0.992599532493283	-0.6432974486424644	NO	Q07889	SOS1	S
987	I	987	162.019	103.317	272.801	-0.4	1.05236400610066	0	0	0	0.014949531596062658	0.9750031967872484	-0.24859258426139663	NO	Q07889	SOS1	S
988	K	988	161.309	105.041	269.46	-0.4	1.05	1	0	0	0.04276173232615829	1.2184640322163778	0.33605345418984833	NO	Q07889	SOS1	S
989	R	989	158.042	106.483	270.821	-0.4	1.05	2	0	0	0.024935615435551926	1.1957751770949514	-0.2968752376558724	NO	Q07889	SOS1	S
990	F	990	159.879	107.69	273.943	0.28	1.04189803129732	0	0	0	0.04276173232615829	0.9815720603062782	-0.3293636660084741	NO	Q07889	SOS1	S
991	F	991	162.338	109.756	271.872	-0.4	1.04124748490946	1	0	0	0.024935615435551926	0.9077839656093764	0.4326114782414858	NO	Q07889	SOS1	S
992	E	992	159.676	111.054	269.42	-0.4	1.03822937625755	1	0	0	0.07192411384183414	0.7181727015476581	0.4800500257960783	NO	Q07889	SOS1	S
993	N	993	157.563	112.389	272.336	0.28	1.04492680464412	1	0	0	0.04262402134799635	1.1032490071328003	-0.5813245070515116	NO	Q07889	SOS1	S
994	L	994	160.492	113.972	274.196	-0.4	1.05541433655313	0	0	0	0.1207030455524258	0.6149522072700837	0.4287009429043422	NO	Q07889	SOS1	S
995	N	995	159.618	117.573	275.075	-0.4	1.05471124620061	0	0	0	0.072516506438394	0.6873596127893937	0.23420836721070437	NO	Q07889	SOS1	S
996	P	996	162.248	119.068	277.465	-0.4	1.06950354609929	1	0	0.2456002008377478	0.1976790406012296	0.8011960998674196	0.29640582737067056	NO	Q07889	SOS1	S
997	M	997	160.959	122.616	276.876	-0.4	1.07022538552788	1	0	0.32575548824403394	0.46204653218800623	0.7921126385171261	-0.04362463712859007	NO	Q07889	SOS1	S
998	G	998	157.376	121.755	277.946	-0.4	1.07714285714286	0	0	0	0.2024268066979246	1.274308837726101	-0.8407202326328048	NO	Q07889	SOS1	S
999	N	999	155.067	124.79	277.581	-0.4	1.08177458033573	1	0	0	0.3401559707284384	1.8318541514026805	-1.3003050901687596	NO	Q07889	SOS1	S
1000	S	1000	157.973	127.295	277.98	-0.4	1.090625	2	0	0.47441533038899636	0.685395621848379	1.6337789843908463	-1.1608271752457138	NO	Q07889	SOS1	S
1001	M	1001	159.31	129.647	275.336	-0.4	1.08721624850657	1	0	0.47441533038899636	0.685395621848379	1.6911466515029407	-1.2198370623285408	NO	Q07889	SOS1	S
1002	E	1002	162.954	129.471	274.221	-0.4	1.08256227758007	0	0	0.7434511172816983	1	0.7025009735055591	-0.9604009277512533	NO	Q07889	SOS1	S
1003	K	1003	164.274	132.402	276.293	-0.4	1.07797408716137	1	0	0.47441533038899636	0.685395621848379	0.3004673557448022	-1.4456800492889192	NO	Q07889	SOS1	S
1004	E	1004	162.451	131.318	279.468	-0.4	1.06612821807168	0	0	0.41250300897421754	0.6872489613367538	1.246517892825455	-1.280114123624293	NO	Q07889	SOS1	S
1005	F	1005	163.746	127.742	279.03	-0.4	1.00141843971631	0	0	0.41250300897421754	0.6872489613367538	1.0607010481357093	-0.7907235535703161	NO	Q07889	SOS1	S
1006	T	1006	167.387	128.494	278.314	-0.4	0.953189726594863	0	0	0.3643207152156076	0.4605179622367581	0.312859371925057	0.1507297492285399	NO	Q07889	SOS1	S
1007	D	1007	167.425	131.049	281.167	0.28	0.934859154929577	0	0	0.47441533038899636	0.685395621848379	0.5449394758378046	-0.2677582905766832	NO	Q07889	SOS1	S
1008	Y	1008	166.063	128.228	283.364	-0.4	0.938162544169611	0	1	0.3643207152156076	0.4605179622367581	0.9755677225564136	-0.16438054186901396	NO	Q07889	SOS1	S
1009	L	1009	168.862	125.858	282.274	0.28	0.859982332155477	0	0	0.29418877436613666	0.30408858724138516	0.7128274154902716	0.556585143971096	NO	Q07889	SOS1	S
1010	F	1010	171.508	128.523	282.846	-0.4	0.857553003533569	0	0	0.5569580343326366	1	0.304839713547393	0.9512936032747918	NO	Q07889	SOS1	S
1011	N	1011	170.148	129.518	286.305	-0.4	0.881724931965669	1	0	0.6723148659740676	1	0.6069341747959326	0.47003885645007465	NO	Q07889	SOS1	S
1012	K	1012	170.112	125.798	287.098	-0.4	0.916014234875445	0	0	0.5569580343326366	1	0.5565950170658448	1.4282885967857575	NO	Q07889	SOS1	S
1013	S	1013	173.793	125.545	286.114	1.65	0.892857142857143	0	0	0.41250300897421754	0.6872489613367538	0.5047105217128488	1.3892598501671767	NO	Q07889	SOS1	S
1014	L	1014	174.573	128.512	288.359	-0.4	0.899280575539568	0	0	0.5569580343326366	1	0.43870989466364524	0.8067167584912461	NO	Q07889	SOS1	S
1015	E	1015	172.793	126.839	291.311	-0.4	0.950361010830325	1	0	0.6723148659740676	1	0.6163250490799957	0.2585657236770451	NO	Q07889	SOS1	S
1016	I	1016	174.53	123.458	291.023	-0.4	0.806982872200264	0	0	0.41250300897421754	0.6872489613367538	0.56543199341702155	0.8947139448911885	NO	Q07889	SOS1	S
1017	E	1017	178.029	124.984	290.433	0.97	0.760869565217391	0	0	0	0.07192411384183414	0.5624289436804284	0.9250416007620605	NO	Q07889	SOS1	S
1018	P	1018	178.136	128.64	291.509	0.28	0.769230769230769	0	0	0	0.3544707075233297	0.5606639379481951	0.11832977660767861	NO	Q07889	SOS1	S
1019	R	1019	180.621	131.199	290.189	-0.4	0.815195753151958	0	0	0	0.3401559707284384	0.4790442908211861	0.11255652868213854	NO	Q07889	SOS1	S
1020	N	1020	183.951	131.564	291.977	-0.4	0.860294117647059	2	0	0	0.5760014792449019	0.4682374523650142	0.4806417024713741	NO	Q07889	SOS1	S
1021	P	1021	184.469	132.492	294.722	-0.4	0.866666666666667	1	0	0	0.9999999999999999	0.5656543972483317	-0.9061005052529825	NO	Q07889	SOS1	S
1022	K	1022	181.213	130.905	296.053	-0.4	0.876404494382023	0	0	0	0.5760014792449019	0.6461121478020047	-1.0375020335582414	NO	Q07889	SOS1	S
1023	P	1023	181.762	127.429	297.544	-0.4	0.815850815850816	0	0	0	0.3401559707284384	0.6264763810158007	-1.0750453273597442	NO	Q07889	SOS1	S
1024	L	1024	180.306	124.333	295.901	-0.4	0.815094339622642	0	0	0	0.3544707075233297	0.632726919282525	-0.008782485575517359	NO	Q07889	SOS1	S
1025	P	1025	177.134	123.191	297.648	-0.4	0.820512820512821	0	0	0	0.5760014792449019	0.6154783808971579	-0.8053153445184179	NO	Q07889	SOS1	S
1026	R	1026	176.103	119.563	298.116	-0.4	0.824427480916031	1	0	1.1326307273454426	1	0.5874049168094259	-0.7437809702876625	NO	Q07889	SOS1	S
1027	F	1027	172.811	118.23	296.847	-0.4	0.824427480916031	0	0	0.8451224690015197	1	0.5976047637823424	-0.24823821964014905	NO	Q07889	SOS1	S
1028	P	1028	170.904	115.014	297.515	-0.4	0.771428571428571	0	0	1.1326307273454426	1	0.5186219856584222	-0.3103255988680763	NO	Q07889	SOS1	S
1029	K	1029	170.789	112.023	295.129	-0.4	0.724102564102564	0	0	0.5569580343326366	1	0.5289010308821385	-0.30361016019428644	NO	Q07889	SOS1	S
1030	K	1030	167.663	111.732	292.882	-0.4	0.715842839036755	0	0	0.47441533038899636	0.685395621848379	0.5261916744292492	-0.026705476155886948	NO	Q07889	SOS1	S
1031	Y	1031	168.301	108.256	291.35	-0.4	0.718575063613232	0	0	0.5569580343326366	1	0.5363854422690685	-0.3853156994331785	NO	Q07889	SOS1	S
1032	S	1032	167.307	105.2	293.413	-0.4	0.718575063613232	0	0	0	0.9999999999999999	0.32158241644586916	-1.3003050901687596	NO	Q07889	SOS1	S
1033	Y	1033	168.827	102.72	290.888	-0.4	0.762931034482759	0	0	0	0.9999999999999999	0.38110371844378027	-1.3003050901687596	NO	Q07889	SOS1	S
1034	P	1034	172.544	102.012	290.195	-0.4	0.762931034482759	2	0	0.8451224690015197	1	0.5068393043904836	-0.9683433344502104	NO	Q07889	SOS1	S
1035	L	1035	174.54	104.546	288.134	-0.4	0.825699745547074	1	0	0.47441533038899636	0.685395621848379	0.6482297144752366	-0.17046560776516645	NO	Q07889	SOS1	S
1036	K	1036	177.149	102.131	286.707	-0.4	0.80316742081448	0	0	0.5569580343326366	1	0.694203306322118	-0.3487199458145771	NO	Q07889	SOS1	S
1037	S	1037	176.983	101.943	282.915	-0.4	0.816923076923077	0	0	0	0.072516506438394	0.7544114069568799	0.223731609529175	NO	Q07889	SOS1	S
1038	P	1038	176.665	98.554	281.223	-0.4	0.816923076923077	0	0	0	0.2024268066979246	0.7245524680453267	-0.2899106652997551	NO	Q07889	SOS1	S
1039	G	1039	179.123	99.992	278.717	-0.4	0.811494252873563	0	0	0	0.3544707075233297	0.736920595351389	0.3191139701156411	NO	Q07889	SOS1	S
1040	V	1040	179.086	100.224	274.983	-0.4	0.897338403041825	0	0	0	0.1207030455524258	0.7748066646553554	1.21820894084716	NO	Q07889	SOS1	S
1042	P	1042	177.208	94.257	272.767	-0.4	0.862846279196089	1	0	0.6723148659740676	1	0.8205867925623042	-0.774955370173685	NO	Q07889	SOS1	S
1043	S	1043	176.063	91.968	275.585	-0.4	0.865290602933189	0	0	0.6723148659740676	1	0.7911386020917356	-0.8917852168034665	NO	Q07889	SOS1	S
1044	N	1044	175.552	88.763	273.543	-0.4	0.890566037735849	0	0	0.8451224690015197	1	0.723661116678099	-1.3003050901687596	NO	Q07889	SOS1	S
1045	P	1045	177.122	87.147	270.43	-0.4	0.885534591194969	0	1	0.8451224690015197	1	0.7439218394426607	-1.3003050901687596	NO	Q07889	SOS1	S
1046	R	1046	175.586	87.647	266.9	-0.4	0.823970037453184	1	0	0.8451224690015197	1	0.7539491991800579	-1.3003050901687596	NO	Q07889	SOS1	S
