Uniprot_position	aminoacid	Position_in_structure	x	y	z	paraz	mtr	gscount	pscount	OR	pvalue	mtr3dscore	paraz3dscore	HotSpot3D	Uniprot	gene	chain
1	M	1	200.552	137.672	261.933	-1.55	0	0	0	7.298950182227653	0.12197948986154591	-3.2014997616078884	-1.4439209687614827	NO	P01116	KRAS	R
2	T	2	197.628	138.216	264.324	-1.55	0	0	0	5.051654560166152	0.04287519052363163	-2.4861771011261413	-0.6780661091881659	NO	P01116	KRAS	R
3	E	3	194.403	136.316	263.591	-0.95	0	0	0	2.4904341780201276	0.23117419003433495	-2.4551943671584606	-0.5777755918630887	NO	P01116	KRAS	R
4	Y	4	190.996	137.661	264.618	0.55	0	0	0	2.123140398952667	0.26232127491901247	-1.9037018880950198	-0.19395430719831022	NO	P01116	KRAS	R
5	K	5	188.174	135.111	264.985	1.15	0	0	2	2.7155469481236847	0.14135112047533074	-1.823046374464282	0.25666773202464505	NO	P01116	KRAS	R
6	L	6	184.969	137.021	264.237	0.55	0	1	0	3.33765692775186	0.04034852336459522	-1.69463476574318	0.14978652473156226	YES	P01116	KRAS	R
7	V	7	181.383	135.724	264.564	0.85	0	0	0	5.486925255168016	0.0031938045206960255	-1.9513346113190846	0.4948122903715013	YES	P01116	KRAS	R
8	V	8	178.364	137.099	262.753	0.85	0	0	0	7.642089581138869	4.850632118285271e-4	-2.1853435459124397	0.46031568207883833	YES	P01116	KRAS	R
9	V	9	174.98	136.747	264.483	1.15	0	0	0	10.740802580161978	8.78574066644921e-7	-2.134258276835181	0.28836978503530525	YES	P01116	KRAS	R
10	G	10	171.441	137.839	263.705	1.75	0	0	0	21.02755528498589	6.55400479325199e-9	-2.0294943179486564	0.17288373478218597	YES	P01116	KRAS	R
11	A	11	167.929	136.832	262.625	-0.35	0	0	0	23.08669414912398	4.101457956082196e-8	-2.104731787595007	-0.14340238482996023	NO	P01116	KRAS	R
13	G	13	166.458	137.176	256.319	1.75	0	0	1	13.73712449148993	5.02384799021786e-7	-1.616228631485193	0.36382067120067635	YES	P01116	KRAS	R
14	V	14	168.899	139.857	257.561	1.75	0	0	1	24.99066745427577	1.0879598848035428e-6	-1.6691450211181318	0.5223030663172646	YES	P01116	KRAS	R
15	G	15	171.395	139.263	254.676	1.75	0	0	1	30.938506574310367	2.808419108059429e-10	-1.5535249113820853	0.5618700818252319	YES	P01116	KRAS	R
16	K	16	174.133	138.298	257.16	1.75	0	0	0	30.370699379947823	7.131623180666132e-12	-1.7984789257133946	0.6101192924846932	YES	P01116	KRAS	R
17	S	17	175.573	136.213	254.34	1.15	0	0	0	39.44926511898678	2.767653441940631e-14	-2.0148663449852213	0.1828069805817133	YES	P01116	KRAS	R
18	A	18	175.802	139.202	252.04	0.55	0	0	0	34.76797522577636	8.542462135844532e-9	-1.4205546019822592	0.11453288833850477	YES	P01116	KRAS	R
19	L	19	177.799	141.178	254.549	1.75	0	0	1	20.788294027697486	2.0033090567711676e-7	-1.4499807378003984	0.5320620881781191	YES	P01116	KRAS	R
20	T	20	180.447	138.461	254.964	0.55	0	0	0	77.20336192524584	2.189130490624145e-10	-2.2675046040164317	0.29641881278021964	YES	P01116	KRAS	R
21	I	21	180.46	137.549	251.281	-0.65	0	0	0	62.861206542374006	7.025148500233256e-9	-2.3932282191672996	-0.3541176078728812	NO	P01116	KRAS	R
22	Q	22	180.898	141.211	250.273	0.25	0	0	3	78.20336192524584	1.1037765411381186e-7	-1.939965494159735	-0.2811414227843625	NO	P01116	KRAS	R
23	L	23	183.851	141.497	252.705	0.85	0	0	1	44.34414149986094	1.0160404570989387e-6	-2.179136800956515	-0.3707890556401905	NO	P01116	KRAS	R
24	I	24	185.639	138.417	251.421	-0.35	0	0	0	78.20336192524584	6.009450057307576e-7	-3.0731414361688048	-0.493085821677468	NO	P01116	KRAS	R
25	Q	25	184.882	138.309	247.696	-0.65	0	0	0	78.20336192524584	3.1996261115934853e-6	-3.066004939230307	-0.7521045343880353	NO	P01116	KRAS	R
26	N	26	187.18	140.446	245.571	-0.95	0	0	1	78.20336192524584	4.2534300961203237e-4	-3.2584512492478317	-1.1132661722472887	NO	P01116	KRAS	R
27	H	27	185.866	143.955	245.141	-1.25	0	0	0	78.20336192524584	1.6671736055145016e-5	-2.366227809807115	-1.3284349185083635	NO	P01116	KRAS	R
28	F	28	184.672	143.405	241.476	-0.65	0	0	0	78.20336192524584	1.6671736055145016e-5	-2.8009838846293937	-1.3449329256873805	NO	P01116	KRAS	R
29	V	29	184.061	139.63	241.105	-0.95	0	0	0	78.20336192524584	4.2534300961203237e-4	-2.5768774090724955	-1.3111120109703955	NO	P01116	KRAS	R
30	D	30	180.536	138.42	241.902	-0.35	0	0	0	78.20336192524584	1.6671736055145016e-5	-1.7280450116352946	-0.7812306458275344	NO	P01116	KRAS	R
31	E	31	181.482	134.758	242.378	-0.65	0	0	0	11.953375554942525	0.0016488696715238854	-1.7280060062143838	-0.936882214793026	NO	P01116	KRAS	R
32	Y	32	181.58	132.665	245.549	-0.35	0	0	0	8.30905918892671	7.61026434858843e-4	-2.16008680159462	-0.7202083871752691	NO	P01116	KRAS	R
33	D	33	182	129	246.467	1.15	0	0	0	2.2040644701972596	0.3771153843859889	-1.612447484068155	-0.8116037989884902	NO	P01116	KRAS	R
34	P	34	181.451	128.677	250.242	-1.55	0	0	2	4.824969013937791	0.02590132779873287	-1.634238927220154	-0.42290583729288017	NO	P01116	KRAS	R
35	T	35	182.836	125.078	250.258	-0.05	0	0	0	2.2040644701972596	0.3771153843859889	-0.9112433000169875	-0.23516697611216847	NO	P01116	KRAS	R
36	I	36	186.549	126.166	249.922	-0.95	0	0	1	5.5792697015459956	0.07156284984368023	-1.9496436059502797	0.04392431199953629	NO	P01116	KRAS	R
37	E	37	188.749	127.572	252.758	-0.35	0	0	0	5.5792697015459956	0.07156284984368023	-2.417859013167604	0.020442148448068652	NO	P01116	KRAS	R
38	D	38	189.395	131.094	251.299	-0.05	0	0	0	78.20336192524584	8.506860192240677e-5	-3.3080655793610307	-0.6047223369221499	NO	P01116	KRAS	R
39	S	39	185.581	131.534	251.579	0.25	0	0	0	38.84117706158621	5.016051170283254e-6	-2.801765844682388	-0.40628501616463975	NO	P01116	KRAS	R
40	Y	40	185.866	132.634	255.239	1.75	0	0	0	18.625565563781606	9.416949459569232e-7	-2.984908973086142	-0.13122953088436118	NO	P01116	KRAS	R
41	R	41	189.508	133.883	255.626	-0.95	0	0	0	14.28732011497908	4.1543251311529095e-4	-3.1333934079660257	-0.35395262780109105	NO	P01116	KRAS	R
42	K	42	190.881	137.251	254.478	1.15	0	0	0	19.34990524652869	2.301609937961268e-5	-3.287672876509464	-0.5757844530656211	NO	P01116	KRAS	R
43	Q	43	194.171	139.038	254.979	-1.25	0	0	0	15.238204947807276	0.008724718806919985	-3.1669785302096596	-0.9173045796072592	NO	P01116	KRAS	R
44	V	44	193.761	142.787	255.57	0.25	0	0	0	5.5792697015459956	0.07156284984368023	-2.6645552294877928	-0.7911737282003742	NO	P01116	KRAS	R
45	V	45	195.663	145.893	256.696	-0.65	0.157258064516129	0	0	3.64468199968921	0.2100990085014678	-2.237318762669139	-0.7266918145579003	NO	P01116	KRAS	R
46	I	46	193.849	147.81	259.463	1.15	0.180883864337102	0	0	1.4390448484727976	0.6496274037171186	-1.361793198269793	-0.6250198851484556	NO	P01116	KRAS	R
47	D	47	195.524	150.923	260.936	1.75	0.210274790919952	0	0	0.7056475226253177	1	-1.1532968222416924	-0.6190206098106313	NO	P01116	KRAS	R
48	G	48	198.786	149.792	259.288	-0.65	0.211031175059952	0	0	3.5841743643776	0.39167862266857956	-2.039721661855636	-0.6586158270402721	NO	P01116	KRAS	R
49	E	49	198.746	146.352	260.972	-0.95	0.211031175059952	0	0	1.1883669375257144	1	-2.067355629988042	-1.049909738486135	NO	P01116	KRAS	R
50	T	50	198.447	143.373	258.611	-0.95	0.209677419354839	1	1	3.64468199968921	0.2100990085014678	-2.666565033978747	-0.9049860675802598	NO	P01116	KRAS	R
51	C	51	196.191	140.677	260.083	0.25	0.179989685404848	0	0	5.051654560166152	0.04287519052363163	-2.407590294603932	-0.7510046672427675	NO	P01116	KRAS	R
52	L	52	194.037	137.671	259.273	-0.65	0.17921146953405	0	0	5.051654560166152	0.04287519052363163	-2.800157987650316	-0.621660290959274	NO	P01116	KRAS	R
53	L	53	190.245	137.706	259.632	1.45	0.179591836734694	0	1	3.841820286750783	0.043240874096799824	-2.675248235174881	-0.3450537027166516	NO	P01116	KRAS	R
54	D	54	188.473	134.381	260.153	-0.35	0.180883864337102	0	0	2.4904341780201276	0.23117419003433495	-2.6210405657926894	-0.016422810338613245	NO	P01116	KRAS	R
55	I	55	184.719	134.946	259.891	1.15	0.158273381294964	0	0	8.182557427214922	8.491823564825453e-5	-2.5381503508095125	0.1413712621549784	YES	P01116	KRAS	R
56	L	56	182.113	132.499	261.124	0.25	0.157258064516129	0	0	10.740802580161978	8.78574066644921e-7	-2.2982350158768434	0.23667602920771855	YES	P01116	KRAS	R
57	D	57	178.719	133.058	259.575	1.75	0.157823741007194	0	0	13.016639500005894	4.587492350870032e-8	-2.110150953849555	0.13627037959082686	YES	P01116	KRAS	R
58	T	58	176.207	130.292	260.248	0.25	0.157706093189964	0	1	12.595389842231837	3.295845933518123e-7	-1.5332184121407	0.04456590116760919	YES	P01116	KRAS	R
59	A	59	173.423	131.83	258.159	0.25	0.254151624548737	0	1	18.40406347149889	4.765821653388522e-9	-1.6608531584290291	-0.10428278582530003	NO	P01116	KRAS	R
60	G	60	170.822	129.124	257.482	-0.35	0.34434270765206	1	2	12.370417499573522	2.178904087678842e-6	-1.0577616113418438	0.1522276932734981	YES	P01116	KRAS	R
61	Q	61	171.352	127.351	260.827	0.25	0.346304774362328	1	5	11.077266955876366	9.040214509775375e-6	-1.0853144571580506	0.1136601192677659	YES	P01116	KRAS	R
62	E	62	169.148	129.683	262.928	-0.65	0.421744324970131	0	0	31.316866872269873	4.4502795299833076e-8	-1.6154341615274388	-0.07301989545374853	NO	P01116	KRAS	R
63	E	63	166.691	126.869	263.764	-0.95	0.463047743623283	0	1	10.96018900329981	5.399470246036678e-5	-1.1505482522166726	0.2965354653562328	YES	P01116	KRAS	R
64	Y	64	169.519	124.919	265.464	-1.55	0.510791366906475	0	0	12.39679467363528	1.3370445033000703e-5	-0.685820853567597	0.7345106318026184	YES	P01116	KRAS	R
65	S	65	168.883	127.254	268.463	-0.65	0.507142857142857	0	0	12.39679467363528	1.3370445033000703e-5	-1.007267566383088	0.25403609441951297	YES	P01116	KRAS	R
66	A	66	170.745	125.085	270.96	-0.65	0.559495665878645	0	0	6.61633036847	0.001645952344200315	-0.4506869319762383	0.9307726759555017	YES	P01116	KRAS	R
67	M	67	173.961	125.353	268.886	-0.05	0.561486753657572	0	0	9.596926664592168	2.0794774152042462e-4	-0.7155754149070958	0.8148677269584998	YES	P01116	KRAS	R
68	R	68	174.232	129.163	269.21	-0.65	0.505714285714286	0	0	8.72641704062238	0.00013524321731509868	-1.50965209803047	0.08088971868312017	YES	P01116	KRAS	R
69	D	69	176.411	128.893	272.382	-0.35	0.506093189964158	0	0	1.8078639037237079	0.6144286820628937	-0.9945898010773748	0.5158044749932499	NO	P01116	KRAS	R
70	Q	70	178.747	126.449	270.61	-0.35	0.505714285714286	0	0	2.2040644701972596	0.3771153843859889	-0.7134179140117247	1.057289726464193	NO	P01116	KRAS	R
71	Y	71	179.201	128.803	267.652	0.55	0.502491103202847	0	1	6.072444492078234	3.623977012477458e-4	-1.1698692501559529	0.4839261634639204	YES	P01116	KRAS	R
72	M	72	179.465	131.959	269.769	0.85	0.502127659574468	0	1	4.824969013937791	0.02590132779873287	-1.6714123984582996	0.051952000858594534	YES	P01116	KRAS	R
73	R	73	182.067	130.398	272.048	-0.35	0.454866688082236	0	0	3.0038796510143464	0.10879281741876012	-1.1701350494085323	0.3562615842750177	NO	P01116	KRAS	R
74	T	74	184.493	130.22	269.041	-0.05	0.498245614035088	1	0	2.4904341780201276	0.23117419003433495	-1.3948934288749149	0.3879609810600382	NO	P01116	KRAS	R
75	G	75	184.683	134.056	268.643	1.15	0.498245614035088	1	0	2.7155469481236847	0.14135112047533074	-1.5017981568200243	0.18744954292221902	NO	P01116	KRAS	R
76	E	76	186.701	136.945	270.11	-0.65	0.414319248826291	0	0	2.7155469481236847	0.14135112047533074	-1.3715044088226869	0.023431199160502396	NO	P01116	KRAS	R
77	G	77	184.476	139.545	268.481	1.45	0.413145539906103	1	0	2.0883783582722004	0.1951964574199722	-1.1205315414725525	0.12781600785413957	NO	P01116	KRAS	R
78	F	78	180.883	139.709	267.333	0.25	0.413427561837456	0	0	1.847176419561643	0.3017480444403655	-1.247217590697669	0.11129117464718917	NO	P01116	KRAS	R
79	L	79	178.86	141.439	264.642	1.15	0.410798122065728	0	0	2.0883783582722004	0.1951964574199722	-0.9943461552819592	0.4677417354284478	NO	P01116	KRAS	R
80	C	80	175.224	141.641	265.722	0.55	0.409356725146199	0	0	2.0883783582722004	0.1951964574199722	-1.2415363123672114	0.4038558352884244	NO	P01116	KRAS	R
81	V	81	173.325	142.158	262.503	1.75	0.406759906759907	0	0	3.9907534610855637	0.015739553740713928	-1.4878758883974028	0.6348279357946628	YES	P01116	KRAS	R
82	F	82	169.777	143.297	261.895	1.15	0.524812030075188	0	0	2.904071552815865	0.08609669208743195	-1.2180618574954303	0.4368518496464585	NO	P01116	KRAS	R
83	A	83	168.004	144.477	258.712	0.85	0.528169014084507	0	0	5.486925255168016	0.0031938045206960255	-0.8953997241350805	0.5559594136705815	YES	P01116	KRAS	R
84	I	84	166.762	148.091	258.63	1.15	0.528169014084507	0	0	4.680554320898159	0.009466679130704979	-0.21268814493390814	0.5508380810651216	YES	P01116	KRAS	R
85	N	85	163.492	146.943	257.034	-0.05	0.527472527472528	0	0	11.953375554942525	0.0016488696715238854	-0.4766950149025097	0.4038558352884244	YES	P01116	KRAS	R
86	N	86	162.748	144.306	259.757	0.55	0.531187122736419	0	0	11.953375554942525	0.0016488696715238854	-0.9576706431189359	0.25537377067727113	YES	P01116	KRAS	R
87	T	87	161.827	145.71	263.203	-0.95	0.527819548872181	0	0	1.8078639037237079	0.6144286820628937	-0.8232450786555467	-0.28906046623029075	NO	P01116	KRAS	R
88	K	88	161.647	142.224	264.756	-0.65	0.529678068410463	0	0	3.64468199968921	0.2100990085014678	-1.6857095798707626	-0.2670631233249347	NO	P01116	KRAS	R
89	S	89	165.315	141.541	263.799	1.75	0.465106007067138	0	0	3.0038796510143464	0.10879281741876012	-1.5787567464912229	0.12817945726484964	NO	P01116	KRAS	R
90	F	90	166.225	144.827	265.488	0.85	0.416370106761566	0	0	2.2040644701972596	0.3771153843859889	-1.0672124246238688	-0.12602133646118133	NO	P01116	KRAS	R
91	E	91	164.38	143.884	268.705	-0.65	0.248763250883392	0	0	0	0.5880648312637753	-1.1555901191859705	-0.48153721665215604	NO	P01116	KRAS	R
92	D	92	166.076	140.441	268.764	-0.95	0.25017667844523	0	0	1.7895477545277039	0.5265281890720963	-1.7150752567971272	-0.465497487450334	NO	P01116	KRAS	R
93	I	93	169.499	142.144	269.026	-0.05	0.211469534050179	0	0	0.7056475226253177	1	-1.4381227265522658	-0.017328583281774994	NO	P01116	KRAS	R
94	H	94	169.389	141.011	273.275	-1.55	0.212230215827338	0	0	0	1	-1.39673863159247	-0.5407608321665762	NO	P01116	KRAS	R
95	H	95	168.805	138.616	273.111	-1.55	0.212394705174489	1	0	0	1	-1.3557200134190037	-0.8773977333531258	NO	P01116	KRAS	R
96	Y	96	171.919	137.966	270.984	-1.55	0.210872162485066	0	0	1.1883669375257144	1	-1.752964840641703	-0.36138506335850684	NO	P01116	KRAS	R
98	E	98	172.78	138.73	276.391	-0.65	0.359183673469388	0	0	1.1883669375257144	1	-1.044812251789962	-0.9109084291317018	NO	P01116	KRAS	R
99	Q	99	173.577	135.27	275.074	-0.05	0.419047619047619	0	0	3.64468199968921	0.2100990085014678	-1.1905911341664648	-0.6586158270402721	NO	P01116	KRAS	R
100	I	100	177.09	136.378	273.971	1.45	0.417857142857143	0	0	1.4390448484727976	0.6496274037171186	-1.5813667804139178	-0.36854816208018537	NO	P01116	KRAS	R
101	K	101	177.849	137.949	277.374	-0.35	0.420549581839904	0	0	0.8868692153940254	1	-1.2446626369971743	-0.6402565062308019	NO	P01116	KRAS	R
102	R	102	176.705	134.741	279.04	-0.35	0.420549581839904	0	0	1.1883669375257144	1	-0.8316565793187467	-0.5826516695404426	NO	P01116	KRAS	R
103	V	103	178.814	132.486	276.753	0.25	0.422382671480144	0	0	1.8078639037237079	0.6144286820628937	-0.9656552916905525	0.06360661196203023	NO	P01116	KRAS	R
104	K	104	182.002	134.601	277.061	0.25	0.506859205776173	0	0	1.8078639037237079	0.6144286820628937	-0.9907007502508628	0.13387511336335461	NO	P01116	KRAS	R
105	D	105	181.341	135.101	280.81	-0.05	0.508695652173913	0	0	3.5841743643776	0.39167862266857956	-0.9521754568260391	-0.10582259982867494	NO	P01116	KRAS	R
106	S	106	181.916	138.857	280.511	-0.95	0.508695652173913	0	0	0	1	-1.173270505924995	-0.7798761798060473	NO	P01116	KRAS	R
107	E	107	180.13	142.227	280.47	-0.95	0.512408759124088	0	0	0	1	-0.7546638525671442	-0.7238314789479159	NO	P01116	KRAS	R
108	D	108	182.705	143.706	278.066	-0.95	0.509090909090909	1	0	0	0.5880648312637753	-0.5513647479339849	-0.5702438929335375	NO	P01116	KRAS	R
109	V	109	182.855	141.498	274.932	-0.05	0.636363636363636	0	0	0.43324669186909154	0.6869767667726542	-0.8418539987766863	-0.2746247099486508	NO	P01116	KRAS	R
110	P	110	184.133	143.117	271.698	1.75	0.635379061371841	0	0	0.6988056247633447	1	-0.5950380010214921	-0.05108921116325724	NO	P01116	KRAS	R
111	M	111	180.989	143.842	269.681	0.55	0.635869565217391	0	0	0.28151520707704286	0.30548467830718656	-0.5616185844797678	-0.06858709756524498	NO	P01116	KRAS	R
112	V	112	179.452	146.061	266.946	1.15	0.635379061371841	1	0	0	0.04303099524563972	-0.28209290559443206	0.06545485082579607	NO	P01116	KRAS	R
113	L	113	175.856	146.628	265.929	1.15	0.696748506967485	0	0	0.28151520707704286	0.30548467830718656	-0.2859131487793817	0.012207490951759322	NO	P01116	KRAS	R
114	V	114	175.265	146.435	262.189	1.15	0.699300699300699	0	0	2.5665524062185257	0.10251488970826934	-0.5614507783369471	0.7083190586830114	NO	P01116	KRAS	R
115	G	115	172.127	147.577	260.363	1.45	0.792506386602328	0	0	2.904071552815865	0.08609669208743195	-0.5474788352631809	0.4458507626531951	NO	P01116	KRAS	R
116	N	116	172.053	146.175	256.84	1.75	0.792506386602328	0	1	6.168417438169339	6.095605532343108e-4	-0.7172457219424597	0.6348279357946628	YES	P01116	KRAS	R
117	K	117	170.065	147.538	253.878	1.75	0.858548585485855	1	1	14.674181590514092	1.8467078061891926e-5	-0.3116677050743531	0.5508380810651216	YES	P01116	KRAS	R
119	D	119	165.934	145.683	248.836	1.75	0.864197530864198	0	1	38.84117706158621	5.016051170283254e-6	-0.32940543148444784	0.6861550692404935	YES	P01116	KRAS	R
120	L	120	162.222	146.322	249.577	1.75	0.948969246367016	0	0	3.64468199968921	0.2100990085014678	0.3576794243679713	0.04689895268787424	NO	P01116	KRAS	R
121	P	121	160.411	146.71	251.906	-0.95	0.975	0	0	3.64468199968921	0.2100990085014678	0.3452820773187286	-0.2179921276129866	NO	P01116	KRAS	R
122	S	122	161.57	150.218	252.864	-0.65	0.902564102564103	0	0	5.5792697015459956	0.07156284984368023	0.3495704602363746	-0.0580883657240523	NO	P01116	KRAS	R
123	R	123	163.194	151.183	256.162	-0.35	0.952521525215252	0	0	5.5792697015459956	0.07156284984368023	0.21341607922425707	0.07022946789052456	NO	P01116	KRAS	R
124	T	124	161.353	150.576	259.467	-0.65	0.999148453022992	1	0	1.4390448484727976	0.6496274037171186	-0.025945753740969482	-0.025092351366018274	NO	P01116	KRAS	R
125	V	125	164.335	151.151	261.829	-0.35	1.00746268656716	0	0	1.4390448484727976	0.6496274037171186	0.1185584854956675	-0.19667162602779537	NO	P01116	KRAS	R
129	Q	129	167.008	154.241	267.079	-0.35	0.917832167832168	0	0	0	0.3425514706969854	0.4312644847422567	-0.648350400351106	NO	P01116	KRAS	R
130	A	130	170.004	151.993	266.403	1.45	0.911756168359942	3	0	0.34221837488085644	0.4620476243983079	0.14115819640768587	-0.11583139085061195	NO	P01116	KRAS	R
131	Q	131	172.474	154.724	267.482	-0.65	0.909143686502177	0	0	0	0.21092059957273243	0.7579968745208199	-0.3110578091356468	NO	P01116	KRAS	R
132	D	132	170.519	154.932	270.779	-0.95	0.919553728714034	0	0	0	0.35124557978589077	0.9731722054717303	-0.8741897875127613	NO	P01116	KRAS	R
133	L	133	170.548	151.138	271.328	-0.65	0.913424978063761	0	0	0	0.20431513618339212	0.06041901432145525	-0.6740139670740214	NO	P01116	KRAS	R
134	A	134	174.291	150.962	270.511	1.45	0.903123192596877	0	0	0	0.21092059957273243	0.2267801916622655	-0.27058269818979164	NO	P01116	KRAS	R
135	R	135	175.024	153.793	272.898	-1.25	0.903123192596877	0	0	0	0.20431513618339212	0.845257259321606	-0.7202083871752691	NO	P01116	KRAS	R
136	S	136	173.155	152.027	275.764	-0.95	0.895624821275379	1	0	0	0.35124557978589077	0.6997871065759717	-0.9973749077827551	NO	P01116	KRAS	R
137	Y	137	175.418	148.953	275.192	-0.05	0.897147796024201	0	0	0	0.21092059957273243	-0.0735621443346839	-0.7895000173271405	NO	P01116	KRAS	R
138	G	138	178.521	151.141	274.771	-0.95	0.903123192596877	2	0	0	0.21092059957273243	0.48152521203974735	-0.7048102471415199	NO	P01116	KRAS	R
139	I	139	179.348	149.644	271.343	0.55	0.935309973045822	0	0	0	0.07257962889293681	0.3089014975986115	-0.318863317908515	NO	P01116	KRAS	R
140	P	140	179.686	151.099	267.816	-0.95	0.913424978063761	0	0	0	0.07257962889293681	0.5537404949635457	-0.15913865969553168	NO	P01116	KRAS	R
141	F	141	176.908	151.225	265.242	0.55	0.912587412587413	1	0	0.30911302026517956	0.4702145060442697	0.5091757163030175	-0.0580883657240523	NO	P01116	KRAS	R
142	I	142	177.623	150.811	261.506	0.55	0.952315608919383	1	0	1.1973345433913667	0.7282074419457011	0.20220263936613084	0.5049061292599037	NO	P01116	KRAS	R
143	E	143	175.013	150.913	258.742	1.75	1.04360902255639	0	0	1.6324564712262555	0.48795118478669636	0.20953605276418322	0.5454193807599899	NO	P01116	KRAS	R
144	T	144	175.786	148.94	255.578	0.55	0.920075757575757	0	0	13.91514627604856	3.1657870667963424e-6	-0.6887051867411715	0.7391379166684479	YES	P01116	KRAS	R
145	S	145	174.406	148.387	252.119	1.75	0.949571183533448	0	0	20.788294027697486	2.0033090567711676e-7	-0.7297604140225239	0.700819964510731	YES	P01116	KRAS	R
146	A	146	175.277	144.87	250.899	1.75	0.778867924528302	0	1	62.861206542374006	7.025148500233256e-9	-0.9745590687081765	0.6178368847229396	YES	P01116	KRAS	R
147	K	147	174.458	145.532	247.232	-0.35	0.782509505703422	0	2	56.324662707132276	3.8013159490378864e-8	-1.0788399167304357	-0.037762820879503334	NO	P01116	KRAS	R
148	T	148	176.643	148.716	246.926	-0.05	0.780228136882129	0	0	50.16271337885768	1.995434249231733e-7	-0.8772374945934698	0.17288373478218613	YES	P01116	KRAS	R
149	R	149	179.352	147.515	249.356	-0.65	0.827514690632561	0	0	24.99066745427577	1.0879598848035428e-6	-1.3841052825751956	-0.25210493014929253	NO	P01116	KRAS	R
150	Q	150	178.942	150.749	251.422	-0.95	0.827514690632561	0	0	14.674181590514092	1.8467078061891926e-5	-0.35990543141503517	0.24217536493405753	YES	P01116	KRAS	R
152	V	152	181.088	146.653	254.873	0.55	0.862893081761006	0	0	10.96018900329981	5.399470246036678e-5	-0.8959945412545091	0.18688204390377625	YES	P01116	KRAS	R
154	D	154	183.969	149.815	258.186	-0.65	0.859649122807018	1	0	1.1927464489638657	1	0.1032410084632567	0.20841790409083807	NO	P01116	KRAS	R
155	A	155	181.791	147.245	260.016	0.55	0.853932584269663	0	0	3.472752490861394	0.02453307299113223	-0.299065523949748	0.33518845405684	YES	P01116	KRAS	R
156	F	156	184.459	144.549	260.201	1.75	0.812075983717775	0	0	4.071242680330075	0.009458468561843701	-1.2198387524322627	0.2778710531941126	YES	P01116	KRAS	R
157	Y	157	187.402	146.903	260.725	-0.95	0.857142857142857	0	0	1.1973345433913667	0.7282074419457011	-1.0320406812410383	-0.20507061150074946	NO	P01116	KRAS	R
158	T	158	185.602	148.677	263.565	-0.65	0.862155388471178	1	0	0	0.21092059957273243	0.10316923066948502	0.3543618137513733	NO	P01116	KRAS	R
159	L	159	185.135	145.276	265.238	0.55	0.894554883318928	0	0	1.0710701649083383	1	-0.5885499773801082	0.2755380016738476	NO	P01116	KRAS	R
160	V	160	188.872	144.526	264.96	0.85	0.966292134831461	1	0	1.6324564712262555	0.48795118478669636	-1.3378496480142326	-0.151725703767122	NO	P01116	KRAS	R
161	R	161	189.608	147.961	266.488	0.85	0.966292134831461	0	0	0	0.3425514706969854	-0.4364924946850276	-0.12276055386579911	NO	P01116	KRAS	R
162	E	162	187.234	147.024	269.324	-0.65	0.967105263157895	0	0	0	0.12673520411632516	-0.0957598905352638	-0.12976936243288495	NO	P01116	KRAS	R
163	I	163	189.154	143.775	269.959	1.15	0.967105263157895	0	0	0.8842382920899179	1	-0.6384226817141027	-0.1291567043413565	NO	P01116	KRAS	R
164	R	164	192.545	145.532	269.948	0.85	0.991902834008097	1	0	0	0.5780944259058285	-0.7566930375392041	-0.33305515204100283	NO	P01116	KRAS	R
169	K	169	193.322	146.888	279.11	-0.65	0.920681265206813	0	0	0	1	0.8110008605192851	-0.7510046672427676	NO	P01116	KRAS	R
565	E	565	176.497	120.546	205.737	-0.4	1.07240143369176	1	0	0	1	1.3835752122214109	-1.2899395684239905	NO	Q07889	SOS1	S
566	Q	566	175.126	121.436	209.196	-0.4	1.06545934729296	0	0	0	0.5880648312637753	1.0720951494753803	-1.2026834415660783	NO	Q07889	SOS1	S
567	M	567	171.34	120.776	209.033	-0.4	1.06766917293233	1	0	0	0.35124557978589077	0.962882200817775	-0.8320122735072742	NO	Q07889	SOS1	S
568	R	568	169.14	123.651	207.736	-0.4	1.03304926210767	0	0	0	0.5780944259058285	1.1490623129731403	-1.0391698593029317	NO	Q07889	SOS1	S
569	L	569	166.607	124.271	210.53	-0.4	1.04609929078014	1	0	0	0.20431513618339212	1.1415717077765868	-1.1144007720392493	NO	Q07889	SOS1	S
570	P	570	163.577	126.6	210.23	-0.4	1.0394581861013	0	0	0	0.20431513618339212	1.1912238555797017	-1.2020418523980052	NO	Q07889	SOS1	S
571	S	571	163.955	130.373	210.739	-0.4	1.02855477855478	0	0	0	0.5880648312637753	1.3314260412926995	-1.2899395684239905	NO	Q07889	SOS1	S
572	A	572	163.758	131.791	214.3	-0.4	1.06527777777778	0	0	0	0.5880648312637753	1.3473379399609613	-1.2899395684239905	NO	Q07889	SOS1	S
573	D	573	160.6	133.687	213.182	-0.4	1.0622685185185201	0	0	0	0.5780944259058285	1.5351896340957758	-1.2899395684239905	NO	Q07889	SOS1	S
574	V	574	158.566	130.416	213.078	-0.4	1.04804318488529	1	0	0	0.5880648312637753	1.1511349692865076	-1.2899395684239905	NO	Q07889	SOS1	S
575	Y	575	160.555	128.348	215.645	-0.4	1.05494505494506	0	0	0	0.35124557978589077	0.9977939197363	-1.2899395684239905	NO	Q07889	SOS1	S
576	R	576	162.54	130.025	218.464	-0.4	1.07417840375587	0	0	0	0.21092059957273243	0.9034465628159957	-1.2899395684239905	NO	Q07889	SOS1	S
577	F	577	165.016	127.144	219.148	-0.4	1.06309944472489	0	0	0	0.12673520411632516	0.7193464910768943	-1.2899395684239905	NO	Q07889	SOS1	S
578	A	578	166.648	127.356	215.682	-0.4	1.05935613682093	0	0	0	0.21092059957273243	0.9639255038420265	-1.2899395684239905	NO	Q07889	SOS1	S
579	E	579	168.474	130.598	216.601	-0.4	0.981443823080834	0	0	0	0.35124557978589077	1.2588711407557422	-1.2899395684239905	NO	Q07889	SOS1	S
580	P	580	172.277	130.062	216.389	-0.4	0.930212014134276	0	0	0	0.35124557978589077	1.3127561290275125	-1.2899395684239905	NO	Q07889	SOS1	S
581	D	581	174.478	129.826	219.501	-0.4	0.932862190812721	0	0	0	0.35124557978589077	0.8563053877193186	-1.2899395684239905	NO	Q07889	SOS1	S
582	S	582	176.249	133.114	220.248	-0.4	0.932862190812721	0	0	0	0.35124557978589077	0.5931432904794242	-0.9973749077827553	NO	Q07889	SOS1	S
583	E	583	178	134.982	223.055	-0.4	0.938829787234043	1	0	0	0.21092059957273243	0.4303764945924489	-0.7153089789827125	NO	Q07889	SOS1	S
584	E	584	174.642	136.803	223.634	-0.4	0.945535714285714	2	0	0	0.21092059957273243	0.3997318425400803	-0.3734154942412648	NO	Q07889	SOS1	S
585	N	585	172.543	133.678	224.32	-0.4	0.906298003072197	1	0	0	0.12673520411632516	0.37053745678533256	-0.5458470956166381	NO	Q07889	SOS1	S
586	I	586	174.744	130.866	225.678	-0.4	0.912127440904419	0	0	0	0.07599448777919215	0.3511979541247812	-0.5970232669052753	NO	Q07889	SOS1	S
587	I	587	178.144	130.583	227.388	-0.4	0.914696813977389	0	0	0	0.04303099524563972	0.34896810230403147	-0.5164396673953211	NO	Q07889	SOS1	S
588	F	588	180.165	127.679	228.752	-0.4	0.918737060041408	1	0	0	0.07257962889293681	0.5383343734483355	-0.7430204464845273	NO	Q07889	SOS1	S
589	E	589	182.615	126.886	231.543	-0.4	0.993006993006993	0	0	0	0.21092059957273243	0.3674738246014051	-0.5515987538057151	NO	Q07889	SOS1	S
590	E	590	186.098	126.012	230.158	-0.4	0.91542031975245	2	0	0	0.35124557978589077	0.9414335476735113	-1.2899395684239905	NO	Q07889	SOS1	S
591	N	591	184.942	121.571	230.94	-0.4	0.909558067831449	1	0	0	0.20431513618339212	0.9805019077215518	-1.2899395684239905	NO	Q07889	SOS1	S
592	M	592	184.1	119.376	230.105	-0.4	0.937184115523466	0	0	0	0.20431513618339212	0.9768407682605348	-1.2899395684239905	NO	Q07889	SOS1	S
593	Q	593	181.411	117.215	231.777	-0.4	0.937184115523466	0	0	0.6313054843117021	0.7375957859199429	0.6672996629840486	-1.2899395684239905	NO	Q07889	SOS1	S
594	P	594	182.828	114.357	233.885	-0.4	0.944	0	0	1.0165298726955463	0.9999999999999999	0.7127347722586153	-1.2899395684239905	NO	Q07889	SOS1	S
595	K	595	182.449	110.846	232.344	-0.4	0.924444444444444	0	0	0.8868692153940254	1	0.7780084813534448	-1.2899395684239905	NO	Q07889	SOS1	S
596	A	596	180.48	112.224	229.333	-0.4	0.922984356197353	1	0	1.0165298726955463	0.9999999999999999	0.6377662013707663	-1.2899395684239905	NO	Q07889	SOS1	S
597	G	597	182.673	114.671	227.315	-0.4	0.915674603174603	0	0	0.5846724883412441	1	0.7350881774041871	-1.2899395684239905	NO	Q07889	SOS1	S
598	I	598	179.777	117.155	226.982	-0.4	0.917066346922462	1	0	0.5749633310834025	0.7390867189544887	0.632425854191036	-1.2899395684239905	NO	Q07889	SOS1	S
599	P	599	180.194	120.939	227.417	-0.4	0.868799697084438	0	0	0.6988056247633447	1	0.6966820904077317	-1.2899395684239905	NO	Q07889	SOS1	S
600	I	600	179.301	122.438	230.804	-0.4	0.845878136200717	2	0	0.5749633310834025	0.7390867189544887	0.46027175703916184	-1.0555456590213632	NO	Q07889	SOS1	S
601	I	601	176.78	125.236	230.396	-0.4	0.775388291517324	0	0	0.4864608536253784	0.5311170934921786	0.15071016358267755	-0.5487480170697372	NO	Q07889	SOS1	S
602	K	602	177.586	128.308	232.508	-0.4	0.824731182795699	0	0	0.25815591185638953	0.3121597781553685	0.2017070475021494	-0.4271771162299808	NO	Q07889	SOS1	S
603	A	603	174.731	130.555	231.402	-0.4	0.779867819013727	0	0	0	0.04303099524563972	0.18627700829262814	-0.47897085997986455	NO	Q07889	SOS1	S
604	G	604	172.13	131.132	228.729	-0.4	0.724489795918367	0	0	0	0.07599448777919215	0.25768471142139004	-0.528587088977501	NO	Q07889	SOS1	S
605	T	605	168.676	132.489	227.926	-0.4	0.731757451181912	1	0	0	0.21092059957273243	0.3567892464012056	-0.41664505508135574	NO	Q07889	SOS1	S
606	V	606	165.789	130.267	229.009	-0.4	0.709420289855073	0	0	0	0.21092059957273243	0.16781334281862478	-0.20292712041650604	NO	Q07889	SOS1	S
607	I	607	165.24	129.329	225.289	-0.4	0.706859205776173	1	0	0	0.35124557978589077	0.5034329007019465	-0.701187155368873	NO	Q07889	SOS1	S
608	K	608	168.85	128.137	224.967	-0.4	0.737060041407867	0	0	0	0.12192095116440095	0.5099885774736491	-0.7315305489647905	NO	Q07889	SOS1	S
609	L	609	168.657	126.25	228.265	-0.4	0.742440041710115	0	0	0.5749633310834025	0.7390867189544887	0.15207371643847958	-0.5258068692491852	NO	Q07889	SOS1	S
610	I	610	165.578	124.444	226.989	-0.4	0.784615384615385	1	0	0.6988056247633447	1	0.18831064666560343	-0.5791184529125437	NO	Q07889	SOS1	S
611	E	611	167.254	123.748	223.646	-0.4	0.785294117647059	0	0	0.5749633310834025	0.7390867189544887	0.3169833702929854	-0.9959425226633366	NO	Q07889	SOS1	S
612	R	612	170.146	122.068	225.492	-0.4	0.761208576998051	0	0	0.4864608536253784	0.5311170934921786	0.2961210975748017	-1.0071395819504987	NO	Q07889	SOS1	S
613	L	613	167.82	120.263	227.901	-0.4	0.769761482357579	0	0	0.5749633310834025	0.7390867189544887	-0.07294113391561075	-0.8382607941006798	NO	Q07889	SOS1	S
614	T	614	166.387	118.612	224.796	-0.4	0.737976782752902	0	0	0.5749633310834025	0.7390867189544887	-0.012489699765686485	-0.8182702263375669	NO	Q07889	SOS1	S
615	Y	615	169.475	118.716	222.541	-0.4	0.733168112350269	0	0	0.6313054843117021	0.7375957859199429	0.11034393353494547	-0.8801779530814416	NO	Q07889	SOS1	S
616	H	616	169.475	116.867	219.225	-0.4	0.742332713754647	0	0	0.43324669186909154	0.6869767667726542	0.2780943580136424	-0.8685438028337199	NO	Q07889	SOS1	S
617	M	617	173.158	115.752	219.109	-0.4	0.742332713754647	2	0	0.5846724883412441	1	0.2506344564620695	-0.9070858139484983	NO	Q07889	SOS1	S
618	Y	618	173.254	113.835	222.46	-0.4	0.736854243542435	0	0	1.1927464489638657	1	0.17255175804957318	-1.0988626489142843	NO	Q07889	SOS1	S
619	A	619	171.429	113.145	225.718	-0.4	0.734778597785978	0	0	0.8842382920899179	1	-0.009684092062456158	-0.7823712487929975	NO	Q07889	SOS1	S
620	D	620	172.456	115.07	228.839	-0.4	0.694117647058824	0	1	0.7812537999856768	1	0.19428100379251553	-0.8616787987353401	NO	Q07889	SOS1	S
621	P	621	171.286	113.213	231.968	-0.4	0.704477611940298	0	0	1.8078639037237079	0.6144286820628937	0.08698986527999292	-0.8068229248651085	NO	Q07889	SOS1	S
622	N	622	173.193	115.487	234.379	-0.4	0.70185873605948	1	0	1.0165298726955463	0.9999999999999999	0.07268618260134697	-1.0639168700714572	NO	Q07889	SOS1	S
623	F	623	171.896	118.687	232.877	-0.4	0.706467661691542	1	1	0.6988056247633447	1	-0.002717663320931606	-0.9478511601066428	NO	Q07889	SOS1	S
624	V	624	168.334	117.246	232.936	-0.4	0.703841387856258	0	0	1.0165298726955463	0.9999999999999999	-0.2204964541346067	-0.6386888222907144	NO	Q07889	SOS1	S
625	R	625	168.592	116.392	236.66	-0.4	0.656826568265683	0	0	1.4390448484727976	0.6496274037171186	-0.3849999443031893	-0.7798140905317177	NO	Q07889	SOS1	S
626	T	626	170.219	119.686	237.589	-0.4	0.60237556561086	0	0	0.7812537999856768	1	-0.3524020595183599	-0.7043825210294713	NO	Q07889	SOS1	S
627	F	627	167.711	121.685	235.563	-0.4	0.65018315018315	0	0	0.8842382920899179	1	-0.2772880776696325	-0.26119716521683983	NO	Q07889	SOS1	S
628	L	628	164.613	119.918	236.96	-0.4	0.647810218978102	0	0	0.6313054843117021	0.7375957859199429	-0.1446065417629245	-0.46782911637820856	NO	Q07889	SOS1	S
629	T	629	165.882	120.287	240.53	-0.4	0.728786496350365	0	0	0.7812537999856768	1	-0.21829413483191346	-0.34179909584588186	NO	Q07889	SOS1	S
630	T	630	166.626	124.026	240.219	-0.4	0.774545454545455	0	0	0.5846724883412441	1	-0.2380831052794677	0.02698635796241212	NO	Q07889	SOS1	S
631	Y	631	164.575	125.687	237.438	-0.4	0.777372262773723	1	0	0.49817346515648725	1	-0.1587062108073323	-0.15521509516770138	NO	Q07889	SOS1	S
632	R	632	161.875	127.274	239.591	-0.4	0.777372262773723	0	0	0	1	-0.035296907270542126	0.24987443495093214	NO	Q07889	SOS1	S
633	S	633	163.957	130.323	240.598	0.97	0.700197238658777	0	0	0	1	-0.04836562339759657	0.4033059017157905	NO	Q07889	SOS1	S
634	F	634	164.099	131.394	236.892	1.65	0.753649635036496	0	0	0	0.5880648312637753	-0.0709429636414472	0.07998162324523235	NO	Q07889	SOS1	S
635	C	635	161.058	129.763	235.222	1.65	0.822163238221632	0	0	0	0.3425514706969854	0.16176917133435326	-0.2807198070453433	NO	Q07889	SOS1	S
636	K	636	157.608	128.784	236.511	0.97	0.799550814149354	0	0	0	1	0.21185048512238164	-0.5143595677767268	NO	Q07889	SOS1	S
637	P	637	156.374	125.211	236.045	0.28	0.835949764521193	0	0	0.28151520707704286	0.30548467830718656	0.05303952384395497	-0.8086377056548003	NO	Q07889	SOS1	S
638	Q	638	153.581	126.328	233.703	0.97	0.809116809116809	1	0	0	0.21092059957273243	0.25727394458744646	-0.8953622300591666	NO	Q07889	SOS1	S
639	E	639	156.149	128.264	231.607	-0.4	0.706730769230769	0	0	0	0.21092059957273243	0.30672659927180507	-0.6586158270402722	NO	Q07889	SOS1	S
640	L	640	158.5	125.208	231.445	0.28	0.75	0	0	0	0.21092059957273243	0.10740790964693507	-0.5237654491689532	NO	Q07889	SOS1	S
641	L	641	155.687	122.94	230.165	-0.4	0.790405904059041	0	0	0	0.07257962889293681	0.18021650061984287	-0.6577359333240579	NO	Q07889	SOS1	S
642	S	642	154.705	125.587	227.577	-0.4	0.790405904059041	1	0	0	0.20431513618339212	0.26842634626764333	-0.6947679819021182	NO	Q07889	SOS1	S
643	L	643	158.345	125.816	226.403	-0.4	0.793333333333333	0	0	0	0.35124557978589077	0.33679926549610817	-0.599678118635232	NO	Q07889	SOS1	S
644	I	644	158.899	122.052	226.042	-0.4	0.778482396676143	2	0	0	0.12192095116440095	0.144744951087329	-0.7367613877115495	NO	Q07889	SOS1	S
645	I	645	155.588	121.726	224.124	-0.4	0.772737139136097	1	0	0	0.12673520411632516	0.2801223377333155	-0.6971111771246452	NO	Q07889	SOS1	S
646	E	646	156.748	124.544	221.848	-0.4	0.770566529194704	0	0	0	0.12192095116440095	0.4755676685415009	-1.1685311566194294	NO	Q07889	SOS1	S
647	R	647	160.101	122.728	221.513	-0.4	0.731456043956044	0	0	0	0.07599448777919215	0.26159486733649523	-0.90174435388894425	NO	Q07889	SOS1	S
648	F	648	158.323	119.468	220.548	-0.4	0.780882352941176	0	0	0	0.04303099524563972	0.2858500555165619	-0.8182702263375669	NO	Q07889	SOS1	S
649	E	649	156.109	121.061	217.844	-0.4	0.769050802139037	0	0	0	0.07599448777919215	0.5455513688162394	-1.2055577610390447	NO	Q07889	SOS1	S
650	I	650	158.786	121.442	215.171	-0.4	0.757046568627451	0	0	0	0.12673520411632516	0.6721870663849023	-1.1392577695223016	NO	Q07889	SOS1	S
651	P	651	157.674	122.752	211.762	-0.4	0.784195493494129	2	0	0	0.35124557978589077	0.9692976487272762	-1.121175953654099	NO	Q07889	SOS1	S
652	E	652	159.4	121.51	208.598	-0.4	0.829197080291971	1	0	0	0.12192095116440095	0.9771250401793831	-1.079293012762301	NO	Q07889	SOS1	S
653	P	653	161.559	123.974	206.572	-0.4	0.844055944055944	0	0	0	0.21092059957273243	1.066754612878877	-1.1141441363720201	NO	Q07889	SOS1	S
654	E	654	160.159	125.551	203.361	-0.4	0.797304884896126	0	0	0	0.35124557978589077	1.0167778843038762	-1.1493032227824143	NO	Q07889	SOS1	S
655	P	655	158.857	123.214	200.53	-0.4	0.833594976452119	1	0	0	0.3425514706969854	0.8082165849129683	-1.0268880095141077	NO	Q07889	SOS1	S
656	T	656	161.109	120.462	199.06	-0.4	0.883140756302521	1	0	0	0.5780944259058285	0.7981414232353665	-0.9665786277152568	NO	Q07889	SOS1	S
657	E	657	160.526	121.537	195.379	-0.4	0.882391418105704	0	0	0	1	0.8117461613037954	-0.8695703455026366	NO	Q07889	SOS1	S
658	A	658	158.391	118.387	194.753	-0.4	0.864468864468864	0	0	0	1	0.8271522028793172	-0.7644780397722981	NO	Q07889	SOS1	S
671	S	671	163.026	113.999	200.034	0.28	0.937164339419978	1	0	0	0.5780944259058285	0.8207399940482937	-0.8043059212057456	NO	Q07889	SOS1	S
672	A	672	166.806	114.007	200.699	0.28	0.918421052631579	0	0	0	1	0.8982727942720814	-0.4797605081867235	NO	Q07889	SOS1	S
673	E	673	166.811	116.805	203.306	-0.4	0.87468671679198	0	0	0	0.35124557978589077	0.9440389074049367	-0.7636031454521988	NO	Q07889	SOS1	S
674	L	674	163.426	115.868	204.895	0.97	0.877987421383648	0	0	0	0.21092059957273243	0.8176275157001275	-0.8267635162088138	NO	Q07889	SOS1	S
675	K	675	164.026	112.222	205.863	-0.4	0.921052631578947	0	0	0	0.5880648312637753	0.7298157069400524	-0.5662269868377768	NO	Q07889	SOS1	S
676	R	676	167.441	113.311	207.233	-0.4	0.868913857677903	0	0	0	0.35124557978589077	0.8705509264326079	-0.7109695031550196	NO	Q07889	SOS1	S
677	F	677	165.88	116.202	209.196	-0.4	0.829417773237998	0	0	0	0.12192095116440095	0.7759833043039588	-0.861072853409938	NO	Q07889	SOS1	S
678	R	678	163.023	114.017	210.572	0.97	0.829417773237998	0	0	0	0.21092059957273243	0.6087904892274453	-0.8267635162088138	NO	Q07889	SOS1	S
679	K	679	165.483	111.307	211.699	2.34	0.790582403965304	0	0	0	0.3425514706969854	0.4282143096763216	-0.763323179269767	NO	Q07889	SOS1	S
680	E	680	168.408	113.451	212.986	0.28	0.760988410233982	0	0	0	0.35124557978589077	0.48857148124882444	-0.8775372092592285	NO	Q07889	SOS1	S
681	Y	681	166.54	116.518	214.364	-0.4	0.770479704797048	0	0	0	0.12192095116440095	0.5252001506109208	-0.9387764304320984	NO	Q07889	SOS1	S
682	I	682	162.778	116.105	214.912	-0.4	0.800925925925926	1	0	0	0.12192095116440095	0.4831657328158963	-0.856074328649527	NO	Q07889	SOS1	S
683	Q	683	162.757	112.577	216.31	-0.4	0.726890756302521	0	0	0	0.20431513618339212	0.3417463530938485	-0.7460375252963969	NO	Q07889	SOS1	S
684	P	684	165.75	112.93	218.687	-0.4	0.633699633699634	1	0	0	0.3425514706969854	0.12949256301523293	-0.7085270395634594	NO	Q07889	SOS1	S
685	V	685	164.412	116.253	220.002	-0.4	0.633699633699634	0	0	0	0.12192095116440095	0.11573291516003392	-0.6273796001146666	NO	Q07889	SOS1	S
686	Q	686	160.913	114.867	220.5	-0.4	0.530442804428044	1	0	0	0.21092059957273243	0.2798041351533279	-0.6061789177361532	NO	Q07889	SOS1	S
687	L	687	162.336	111.859	222.378	-0.4	0.582818641212802	0	0	0.3826632206545286	0.6945627890064802	0.2776292211206502	-0.48380164901006045	NO	Q07889	SOS1	S
688	R	688	164.363	114.209	224.61	1.65	0.58710407239819	0	0	0.34221837488085644	0.4620476243983079	-0.06087934482997643	-0.6189539511957667	NO	Q07889	SOS1	S
689	V	689	161.237	116.208	225.505	0.97	0.58756741413568	0	0	0.6313054843117021	0.7375957859199429	0.15928833702280587	-0.7506465709629129	NO	Q07889	SOS1	S
690	L	690	159.425	113.001	226.394	0.97	0.58756741413568	1	0	0.527317667367662	0.5304243960241125	0.42927035098365013	-0.7221825076924164	NO	Q07889	SOS1	S
691	N	691	162.472	112.107	228.51	0.97	0.58756741413568	0	0	1.1973345433913667	0.7282074419457011	0.05547273595312423	-0.6189539511957667	NO	Q07889	SOS1	S
692	V	692	162.163	115.433	230.338	3.71	0.546031746031746	0	0	0.881482201141745	1	-0.06829223206709871	-0.7506465709629129	NO	Q07889	SOS1	S
693	C	693	158.428	114.843	230.931	0.97	0.59726368159204	0	0	0.5749633310834025	0.7390867189544887	0.17634118579518632	-0.7391061044894158	NO	Q07889	SOS1	S
694	R	694	159.177	111.354	232.31	2.34	0.637037037037037	0	0	1.5574576817121615	0.46008573814276804	0.32112828682736644	-0.5518553894729442	NO	Q07889	SOS1	S
695	H	695	161.93	112.609	234.674	-0.4	0.630514705882353	0	0	1.354968519607125	0.7090079676460598	-0.05552825267625655	-0.49913509097644093	NO	Q07889	SOS1	S
696	W	696	159.758	115.585	235.775	-0.4	0.630514705882353	0	0	0.967671092315896	1	0.025339938030695373	-0.6876523196753422	NO	Q07889	SOS1	S
697	V	697	156.766	113.41	236.655	-0.4	0.627737226277372	2	0	1.354968519607125	0.7090079676460598	0.41844226614024854	-0.7627797155038699	NO	Q07889	SOS1	S
698	E	698	158.953	110.697	238.298	-0.4	0.592975651799181	0	0	1.5574576817121615	0.46008573814276804	0.430883213550549	-0.7219850956407017	NO	Q07889	SOS1	S
699	H	699	161.331	112.814	240.404	-0.4	0.632352941176471	1	0	1.354968519607125	0.7090079676460598	0.05492482053760629	-0.6261086425245794	NO	Q07889	SOS1	S
700	H	700	159.613	116.229	240.839	-0.4	0.599088343824615	0	0	0.8842382920899179	1	0.06329329713409323	-0.6311878901051564	NO	Q07889	SOS1	S
701	F	701	155.947	115.259	241.032	-0.4	0.603050108932462	0	0	1.1973345433913667	0.7282074419457011	0.36797417086779394	-0.9839636245275541	NO	Q07889	SOS1	S
702	Y	702	155.295	117.933	243.692	-0.4	0.60479302832244	2	1	0.49817346515648725	1	0.17177716199769852	-0.8848500383053569	NO	Q07889	SOS1	S
703	D	703	154.964	120.501	240.868	-0.4	0.60704132954297	0	0	0.34221837488085644	0.4620476243983079	0.04979230214556653	-0.9267558517659051	NO	Q07889	SOS1	S
704	F	704	151.86	118.568	239.792	-0.4	0.644981412639405	0	0	0.3826632206545286	0.6945627890064802	0.19469269415920615	-1.0948964613298335	NO	Q07889	SOS1	S
705	E	705	150.444	117.928	243.359	-0.4	0.678927802778321	0	0	0.49817346515648725	1	0.36108513406177606	-1.2348304356716246	NO	Q07889	SOS1	S
706	R	706	150.519	121.698	243.901	-0.4	0.671439628482972	0	0	0.7056475226253177	1	-0.19444719410785186	-0.9608043252026007	NO	Q07889	SOS1	S
707	D	707	149.082	122.775	240.524	-0.4	0.738583591331269	0	0	0.5846724883412441	1	0.09782480888201746	-0.9801652218626825	NO	Q07889	SOS1	S
708	A	708	146.305	120.469	239.278	-0.4	0.771695052716951	1	0	0.5846724883412441	1	0.2155351606420937	-1.1145718624840686	NO	Q07889	SOS1	S
709	Y	709	146.055	122.441	236.004	-0.4	0.761131167268352	1	0	0	0.5780944259058285	0.2563127025073977	-1.104256115075838	NO	Q07889	SOS1	S
710	L	710	149.753	121.758	235.295	-0.4	0.761131167268352	0	0	0.3826632206545286	0.6945627890064802	0.1401771841349669	-0.9779846573698857	NO	Q07889	SOS1	S
711	L	711	148.924	118.057	235.516	-0.4	0.802445709466582	0	0	0.7812537999856768	1	0.5114100989504043	-1.1144007720392493	NO	Q07889	SOS1	S
712	Q	712	145.837	118.544	233.31	-0.4	0.808239541303886	0	0	0	0.5880648312637753	0.5211872869280454	-1.1727426137226769	NO	Q07889	SOS1	S
713	R	713	148.028	120.18	230.624	-0.4	0.777877697841727	1	0	0	0.12192095116440095	0.4028078431050525	-1.0268880095141077	NO	Q07889	SOS1	S
714	M	714	150.715	117.464	230.816	-0.4	0.782942238267148	0	0	0.22076674678170582	0.20386554923495032	0.3884678717638254	-0.7043825210294713	NO	Q07889	SOS1	S
715	E	715	148.059	114.751	230.388	-0.4	0.826762246117085	0	0	0.6313054843117021	0.7375957859199429	0.8429991863455233	-1.0555456590213632	NO	Q07889	SOS1	S
716	E	716	146.446	116.436	227.354	-0.4	0.912709832134292	0	0	0	0.3425514706969854	0.7688577243157748	-1.2899395684239905	NO	Q07889	SOS1	S
717	F	717	149.92	117.068	225.825	-0.4	0.91798561151079106	0	0	0.30911302026517956	0.4702145060442697	0.5995007832337993	-1.0465305086597239	NO	Q07889	SOS1	S
718	I	718	150.925	113.415	226.322	-0.4	0.888376856118792	0	0	0.4864608536253784	0.5311170934921786	0.7719396305079955	-0.917666888784524	NO	Q07889	SOS1	S
719	G	719	147.643	112.375	224.56	-0.4	0.890937019969278	1	0	0.43324669186909154	0.6869767667726542	1.0748431094056647	-1.1789108744964303	NO	Q07889	SOS1	S
720	T	720	148.635	114.556	221.559	-0.4	0.891572456320658	1	0	0	0.35124557978589077	0.8680795386328339	-1.1727426137226769	NO	Q07889	SOS1	S
721	V	721	151.8	112.514	220.897	-0.4	0.916004813477738	1	0	0.7812537999856768	1	0.8606398356708304	-1.1336769621555725	NO	Q07889	SOS1	S
722	R	722	151.324	110.398	217.796	-0.4	0.919323671497584	1	0	0.5846724883412441	1	1.081915299927777	-1.2899395684239905	NO	Q07889	SOS1	S
723	G	723	154.487	108.631	216.5	-0.4	0.990683229813665	0	0	0.49817346515648725	1	0.8745149719088946	-1.0555456590213632	NO	Q07889	SOS1	S
724	K	724	155.106	104.87	216.75	-0.4	0.974171813587872	0	0	1.1883669375257144	1	1.2778062162727524	-1.2899395684239905	NO	Q07889	SOS1	S
725	A	725	158.614	105.397	218.216	-0.4	1.03616456536165	0	0	0.49817346515648725	1	0.8333326841936975	-0.917666888784524	NO	Q07889	SOS1	S
726	M	726	156.935	107.612	220.85	-0.4	1.03537190082645	0	0	0.6988056247633447	1	0.7057736704322666	-0.9251220968551627	NO	Q07889	SOS1	S
727	K	727	154.282	104.996	221.896	-0.4	1.05839416058394	0	0	0.8842382920899179	1	1.1469790431803204	-1.1789108744964303	NO	Q07889	SOS1	S
728	K	728	156.493	103.307	224.552	-0.4	1.08257918552036	0	1	1.4390448484727976	0.6496274037171186	1.1423763378012328	-0.8458247927137497	NO	Q07889	SOS1	S
730	V	730	153.903	107.885	226.3	-0.4	1.16124751161248	0	0	1.1973345433913667	0.7282074419457011	0.8843342619870965	-0.6774909664364809	NO	Q07889	SOS1	S
731	E	731	152.76	104.59	227.875	-0.4	1.05676328502415	1	0	1.5574576817121615	0.46008573814276804	1.3822120566486789	-0.9885759706206128	NO	Q07889	SOS1	S
732	S	732	155.485	104.811	230.556	-0.4	1.08612686952037	0	0	1.827051502950268	0.4148599787966092	1.0329990230259167	-0.787666905418361	NO	Q07889	SOS1	S
733	I	733	154.733	108.457	231.477	-0.4	1.09316770186335	1	1	1.1973345433913667	0.7282074419457011	0.7646019682920068	-0.714609063526633	NO	Q07889	SOS1	S
734	T	734	151.003	107.672	231.799	-0.4	1.00857142857143	0	0	1.354968519607125	0.7090079676460598	1.136908146886403	-0.9774143558871542	NO	Q07889	SOS1	S
735	K	735	151.935	104.695	234.021	-0.4	1.07138904261206	0	0	1.827051502950268	0.4148599787966092	1.421550523400956	-1.06788218056887	NO	Q07889	SOS1	S
736	I	736	154.116	106.872	236.268	-0.4	1.08448540706605	1	1	1.0165298726955463	0.9999999999999999	0.9201225008530138	-1.0147815008643848	NO	Q07889	SOS1	S
737	I	737	151.367	109.535	236.497	-0.4	1.10531400966184	0	0	1.1973345433913667	0.7282074419457011	0.7421026652748278	-1.078985049961626	NO	Q07889	SOS1	S
738	Q	738	148.875	106.871	237.622	-0.4	1.10114702815433	0	0	1.0165298726955463	0.9999999999999999	1.3238939536677192	-1.2899395684239905	NO	Q07889	SOS1	S
739	R	739	151.243	105.437	240.269	-0.4	1.10518053375196	0	0	1.1927464489638657	1	1.4015691693596115	-1.2899395684239905	NO	Q07889	SOS1	S
740	K	740	151.9	108.985	241.607	-0.4	1.11654501216545	0	0	1.1973345433913667	0.7282074419457011	0.7485684708855573	-1.2899395684239905	NO	Q07889	SOS1	S
741	K	741	148.203	109.767	242.226	-0.4	1.11654501216545	0	0	0.8842382920899179	1	0.9335824124105028	-1.2899395684239905	NO	Q07889	SOS1	S
742	I	742	148.074	106.807	244.748	-0.4	1.04	1	0	1.1883669375257144	1	1.7088088012720712	-1.2899395684239905	NO	Q07889	SOS1	S
743	A	743	148.169	107.057	248.58	-0.4	1.03328804347826	1	0	0	1	1.9159470504628913	-1.2899395684239905	NO	Q07889	SOS1	S
752	I	752	161.745	97.521	257.138	-0.4	0.85439229843562	2	0	0	0.3425514706969854	0.7460451758358169	-1.1403576366675694	NO	Q07889	SOS1	S
753	T	753	163.518	94.048	257.242	-0.4	0.809424282728482	1	0	0	0.5780944259058285	0.7795074062928891	-1.2899395684239905	NO	Q07889	SOS1	S
754	F	754	167.251	93.31	256.942	-0.4	0.806512684589171	0	0	0	0.5780944259058285	0.75942805506458	-1.2899395684239905	NO	Q07889	SOS1	S
755	Q	755	170.183	91.923	254.859	-0.4	0.800751879699248	1	0	0	0.5780944259058285	0.6932844873799119	-1.2899395684239905	NO	Q07889	SOS1	S
756	S	756	171.39	89.738	257.757	-0.4	0.873119686069326	0	0	0	1	0.7177799785821912	-1.2899395684239905	NO	Q07889	SOS1	S
757	S	757	170.465	89.736	261.496	-0.4	0.873935018050542	0	0	0.7056475226253177	1	0.716040996846839	-1.2899395684239905	NO	Q07889	SOS1	S
758	P	758	170.585	93.025	263.432	-0.4	0.859903381642512	0	0	0.49817346515648725	1	0.7962564924649871	-1.237585892309243	NO	Q07889	SOS1	S
759	P	759	172.204	92.892	266.882	-0.4	0.844969850841003	0	0	0.7056475226253177	1	0.8772023278665702	-1.0512683979008774	NO	Q07889	SOS1	S
760	T	760	170.245	91.958	270.03	-0.4	0.841897233201581	0	0	0.7056475226253177	1	0.9273125499415078	-0.9900424601476364	NO	Q07889	SOS1	S
761	V	761	168.454	94.898	271.682	-0.4	0.826808228268082	2	0	0.49817346515648725	1	0.9689628771295477	-0.4067817303592768	NO	Q07889	SOS1	S
762	E	762	170.166	96.042	274.932	-0.4	0.868613138686131	0	0	0.7056475226253177	1	0.897144335184525	-0.4847074219532221	NO	Q07889	SOS1	S
763	W	763	168.42	96.562	278.286	-0.4	0.820591625048022	0	0	0	0.5880648312637753	0.7647681591243375	-0.7289339998610603	NO	Q07889	SOS1	S
764	H	764	169.897	97.928	281.526	-0.4	0.817607655502392	0	0	0	0.20431513618339212	0.6363364044804157	-0.7987389013473902	NO	Q07889	SOS1	S
765	I	765	167.736	98.784	284.582	-0.4	0.819904306220096	0	0	0	0.3425514706969854	0.4728338220607437	-1.1636748201472467	NO	Q07889	SOS1	S
766	S	766	164.391	99.468	282.858	-0.4	0.829675665177704	0	0	0	0.35124557978589077	0.5665456005894256	-1.037410071870503	NO	Q07889	SOS1	S
767	R	767	162.784	96.187	281.766	-0.4	0.803497942386832	0	0	0	0.35124557978589077	0.5248263153623641	-1.237585892309243	NO	Q07889	SOS1	S
768	P	768	160.951	95.785	278.413	-0.4	0.738929889298893	0	0	0	0.20431513618339212	0.6317775219735581	-1.1902182805863764	NO	Q07889	SOS1	S
769	G	769	157.404	97.19	278.429	-0.4	0.738929889298893	0	0	0	0.20431513618339212	0.7365799719037528	-1.1667544481539966	NO	Q07889	SOS1	S
770	H	770	157.964	99.404	281.515	-0.4	0.7375	0	0	0	0.3425514706969854	0.6025808892902893	-1.2317688171853822	NO	Q07889	SOS1	S
771	I	771	158.014	102.765	279.707	-0.4	0.704477611940298	3	0	0	0.12673520411632516	0.8498611049499694	-1.1471568153837703	NO	Q07889	SOS1	S
772	E	772	157.196	104.585	282.995	-0.4	0.661048689138577	2	0	0	0.35124557978589077	0.6127212964354362	-1.2244974732805562	NO	Q07889	SOS1	S
773	T	773	160.772	103.977	284.296	-0.4	0.709090909090909	0	0	0	0.5880648312637753	0.49886594739137563	-1.2423453174105838	NO	Q07889	SOS1	S
774	F	774	162.597	104.88	281.053	-0.4	0.703759398496241	0	0	0	0.12192095116440095	0.8222320974613708	-0.7636531394133473	NO	Q07889	SOS1	S
775	D	775	165.15	107.668	281.543	-0.4	0.800760456273764	0	0	0	0.07257962889293681	0.7395037735906931	-0.13844740902518116	NO	Q07889	SOS1	S
776	L	776	168.745	108.643	280.624	-0.4	0.89058524173028	0	0	0	0.07257962889293681	0.7291981568285687	0.9926513803884545	NO	Q07889	SOS1	S
777	L	777	170.386	106.312	283.174	-0.4	0.832438878950507	0	0	0	0.07599448777919215	0.6462187452377665	0.5536027471166355	NO	Q07889	SOS1	S
778	T	778	167.81	103.47	283.276	-0.4	0.830769230769231	0	0	0	0.07257962889293681	0.596629793530748	-0.5467528685597999	NO	Q07889	SOS1	S
779	L	779	167.908	102.594	279.555	-0.4	0.867857142857143	0	0	0	0.04303099524563972	0.7897483313056871	-0.10505269282698748	NO	Q07889	SOS1	S
780	H	780	171.043	101.037	278.138	0.28	0.928381962864722	0	0	0	0.21092059957273243	0.7640446887769603	0.04845011667161796	NO	Q07889	SOS1	S
781	P	781	173.279	103.77	276.702	0.97	0.928381962864722	0	0	0	0.12673520411632516	0.7861366700909842	0.6629952651246919	NO	Q07889	SOS1	S
782	I	782	173.914	101.576	273.592	0.28	0.93020493020493	1	0	0	0.07257962889293681	0.7676021780893486	0.8428906084458109	NO	Q07889	SOS1	S
783	E	783	170.158	101.309	272.905	1.65	0.93020493020493	0	0	0	0.12673520411632516	0.8889780164191345	0.11471298354357774	NO	Q07889	SOS1	S
784	I	784	169.598	105.009	273.523	4.39	1.01556420233463	1	0	0	0.07599448777919215	0.8803315800018806	0.7165847269262361	NO	Q07889	SOS1	S
785	A	785	172.189	105.671	270.833	5.08	1.02352941176471	0	0	0	0.0253791028043149	0.7325297904647815	1.5272505734028243	NO	Q07889	SOS1	S
786	R	786	170.749	102.998	268.488	0.28	1.02865612648221	0	0	0	0.04303099524563972	0.8648693989181387	0.8168681690825426	NO	Q07889	SOS1	S
787	Q	787	167.122	104.155	268.752	0.97	0.872799137621272	0	0	0	0.04303099524563972	1.0387739182816227	0.6222662952408147	NO	Q07889	SOS1	S
788	L	788	168.096	107.846	268.427	4.39	0.859683794466403	0	0	0	0.0453945937226462	0.7322680474833843	1.4227540375216179	NO	Q07889	SOS1	S
789	T	789	170.211	106.896	265.386	2.34	0.851377952755905	0	0	0	0.07599448777919215	0.7742089159249006	1.8242487081793808	NO	Q07889	SOS1	S
790	L	790	167.159	105.158	263.862	0.28	0.851377952755905	1	0	0	0.12673520411632516	1.0013563552582265	0.9277978106473125	NO	Q07889	SOS1	S
791	L	791	164.875	108.196	264.442	0.28	0.852272727272727	1	0	0	0.07599448777919215	0.8478730152926135	1.0108667239872755	NO	Q07889	SOS1	S
792	E	792	167.444	110.687	263.21	2.34	0.849802371541502	0	0	0	0.12192095116440095	0.46172334666161197	2.2074039392413924	NO	Q07889	SOS1	S
793	S	793	168.208	108.582	260.163	0.97	0.848917322834646	0	0	0	0.5880648312637753	0.6859864509254034	1.6861359465988912	NO	Q07889	SOS1	S
794	D	794	164.514	108.52	259.133	0.28	0.843137254901961	1	0	0	0.20431513618339212	0.5218321194154347	1.706442243768398	NO	Q07889	SOS1	S
795	L	795	164.295	112.259	259.774	1.65	0.843996062992126	0	0	0	0.3425514706969854	0.20915130332136614	1.8368762868163768	NO	Q07889	SOS1	S
796	Y	796	167.379	112.889	257.592	2.34	0.968379446640316	0	0	0	0.5880648312637753	0.2671720455932319	1.561720852948153	NO	Q07889	SOS1	S
797	R	797	165.975	110.619	254.829	0.97	1.0048828125	0	0	0	0.5880648312637753	0.38599412669393984	1.3267508089241038	NO	Q07889	SOS1	S
798	A	798	162.614	112.431	254.593	1.65	0.95703125	0	0	0	0.5780944259058285	-0.0426086760576904	1.2809338916107804	NO	Q07889	SOS1	S
799	V	799	164.132	115.814	253.628	3.71	0.95703125	0	0	0	1	-0.08008757548616609	1.292477529494146	NO	Q07889	SOS1	S
800	Q	800	163.617	116.495	249.892	-0.4	0.95146166574738	0	0	0.8868692153940254	1	-0.2753594920946257	0.8175525308618203	NO	Q07889	SOS1	S
801	P	801	165.372	118.999	247.577	0.28	0.839007782101167	0	0	0.7056475226253177	1	-0.17754128690961582	0.22263157181429893	NO	Q07889	SOS1	S
802	S	802	162.109	120.988	247.25	0.97	0.84228515625	1	0	0.7056475226253177	1	-0.33257095676789566	0.2750713913697945	NO	Q07889	SOS1	S
803	E	803	162.54	121.989	250.941	2.34	0.83984375	0	0	0.8868692153940254	1	-0.41404326375421224	0.5539877006174794	NO	Q07889	SOS1	S
804	L	804	166.093	123.314	250.272	3.02	0.835755813953488	0	0	1.4390448484727976	0.6496274037171186	-0.25069274938856806	0.22421086822801686	NO	Q07889	SOS1	S
805	V	805	166.391	124.819	246.793	1.65	0.835755813953488	0	0	0	0.35124557978589077	-0.10073469743376028	-0.1877192190314296	NO	Q07889	SOS1	S
806	G	806	165.663	128.558	246.885	-0.4	0.767857142857143	0	0	1.8078639037237079	0.6144286820628937	-0.18467249230959412	-0.05412884400108832	NO	Q07889	SOS1	S
807	S	807	166.649	128.642	250.577	-0.4	0.568681318681319	0	0	5.4032163466000664	0.0019211663471994493	-0.3736282937056158	0.23490402102923158	YES	Q07889	SOS1	S
808	V	808	162.961	128.189	251.378	2.34	0.572531715388858	0	0	2.7683433331185965	0.17995231049203772	-0.5575825372571849	0.47366073677475423	NO	Q07889	SOS1	S
809	W	809	163.5	127.012	254.995	0.28	0.572531715388858	0	0	7.234098920677327	3.009474252425125e-4	-0.6774105625100143	0.530786449080141	YES	Q07889	SOS1	S
810	T	810	164.693	130.562	255.892	-0.4	0.441890166028097	0	0	13.91514627604856	3.1657870667963424e-6	-1.1547408597791744	0.4322461559756495	YES	Q07889	SOS1	S
811	K	811	161.642	132.347	254.416	-0.4	0.442748091603053	0	0	7.938990208321652	0.004115743988341079	-1.2807595484408054	0.26463098581660843	YES	Q07889	SOS1	S
812	E	812	158.238	133.248	255.841	0.97	0.442748091603053	1	0	3.5841743643776	0.39167862266857956	-1.3806803466739577	0.18117504095420484	NO	Q07889	SOS1	S
813	D	813	156.557	130.111	254.391	0.97	0.447435897435897	0	0	0	1	-1.0558589980995847	0.225814841148199	NO	Q07889	SOS1	S
814	K	814	159.183	127.771	255.853	-0.4	0.44233206590621	0	0	3.7727893954929277	0.07195215536541469	-1.0644767624153832	0.7512378744498069	NO	Q07889	SOS1	S
815	E	815	156.589	125.691	257.748	-0.4	0.568712656165128	0	0	1.7895477545277039	0.5265281890720963	-1.248490283271415	0.7717002916502115	NO	Q07889	SOS1	S
816	I	816	154.673	125.185	254.502	-0.4	0.492452830188679	0	0	0	1	-1.0913787713965	0.8187951877768246	NO	Q07889	SOS1	S
817	N	817	157.704	124.446	252.268	0.97	0.43734335839599	0	0	0.7056475226253177	1	-0.6440369495146017	0.7791142109257204	NO	Q07889	SOS1	S
818	S	818	160.22	122.734	254.572	2.34	0.37068507700478	0	0	1.1883669375257144	1	-0.5871423925230762	0.9299589531081894	NO	Q07889	SOS1	S
819	P	819	158.153	120.704	257.088	0.97	0.369312169312169	0	0	0	1	-0.6443883955189812	1.4765929243062872	NO	Q07889	SOS1	S
820	N	820	160.458	117.638	257.154	0.97	0.369312169312169	0	0	0	1	-0.2908957871071611	1.5199358369938776	NO	Q07889	SOS1	S
821	L	821	163.712	119.627	257.496	5.08	0.369312169312169	0	0	5.486925255168016	0.0031938045206960255	-0.31272566955550235	0.9100696888979304	YES	Q07889	SOS1	S
822	L	822	162.194	121.617	260.353	0.97	0.369312169312169	0	0	8.30905918892671	7.61026434858843e-4	-0.6401841073378524	1.0114581177012316	YES	Q07889	SOS1	S
823	K	823	160.937	118.479	262.156	1.65	0.480769230769231	1	0	0.7056475226253177	1	-0.4556348955533422	1.327744237313378	NO	Q07889	SOS1	S
824	M	824	164.454	117.107	261.878	2.34	0.512408759124088	0	0	0.5846724883412441	1	-0.05588797028724738	1.8562627496482407	NO	Q07889	SOS1	S
825	I	825	166.121	120.22	263.279	1.65	0.512408759124088	0	0	8.30905918892671	7.61026434858843e-4	-0.5541002674959336	1.2554585243771665	YES	Q07889	SOS1	S
826	R	826	163.567	120.464	266.117	1.65	0.578512396694215	0	0	3.9143821736068447	0.026095364487415073	-0.4859927922040356	0.8141417600586457	YES	Q07889	SOS1	S
827	H	827	164.343	116.91	267.152	1.65	0.574335411880538	0	0	0.43324669186909154	0.6869767667726542	-0.05557465604632414	1.045445003361309	NO	Q07889	SOS1	S
828	T	828	168.035	117.663	267.256	2.34	0.507636363636364	0	0	0.43324669186909154	0.6869767667726542	0.019922894170059602	1.6537261380278563	NO	Q07889	SOS1	S
829	T	829	167.368	120.781	269.282	3.71	0.576859504132231	0	0	3.9143821736068447	0.026095364487415073	-0.26932580208045576	0.5882386915899857	YES	Q07889	SOS1	S
830	N	830	165.057	118.912	271.627	0.97	0.533759124087591	1	0	0.49817346515648725	1	0.004647614287961228	0.6793114514477161	NO	Q07889	SOS1	S
831	L	831	167.727	116.34	272.382	2.34	0.533759124087591	0	0	0	0.12673520411632516	0.22546007769572987	1.334548066630616	NO	Q07889	SOS1	S
832	T	832	170.477	118.831	272.963	3.71	0.586080586080586	0	0	0	0.20431513618339212	-0.10068568920296722	1.4172000984618258	NO	Q07889	SOS1	S
833	L	833	168.118	120.557	275.418	-0.4	0.585600530856005	0	0	0.43324669186909154	0.6869767667726542	0.13971580932043598	1.1964934246447536	NO	Q07889	SOS1	S
834	W	834	167.111	117.264	277.063	0.28	0.711111111111111	0	0	0	0.12192095116440095	0.3296874068695462	1.444851144412155	NO	Q07889	SOS1	S
835	F	835	170.808	116.454	277.638	0.28	0.653703703703704	0	0	0	0.04303099524563972	0.31223327059673184	1.9319538625507118	NO	Q07889	SOS1	S
836	E	836	171.371	119.873	279.203	0.97	0.705982905982906	0	0	0.34221837488085644	0.4620476243983079	0.24878644032228955	1.9464695004876647	NO	Q07889	SOS1	S
837	K	837	168.326	119.436	281.397	1.65	0.747089947089947	0	0	0.34221837488085644	0.4620476243983079	0.5843295789455568	1.343952805769956	NO	Q07889	SOS1	S
838	C	838	169.301	115.968	282.645	2.34	0.807549327995425	1	0	0	0.12673520411632516	0.5089123614151794	1.753759444913773	NO	Q07889	SOS1	S
839	I	839	172.664	117.496	283.613	5.76	0.790298507462687	1	0	0.30911302026517956	0.4702145060442697	0.46116800338645697	1.9184728822444845	NO	Q07889	SOS1	S
840	V	840	171.663	120.63	285.478	4.39	0.785130111524164	0	0	0.34221837488085644	0.4620476243983079	0.49406597879027464	1.6068355254250828	NO	Q07889	SOS1	S
841	E	841	168.579	119.101	287.206	0.28	0.823970037453184	1	0	0.34221837488085644	0.4620476243983079	0.5319541445926828	0.7263368822809438	NO	Q07889	SOS1	S
842	T	842	170.852	116.441	288.699	-0.4	0.846708943800569	0	0	0.34221837488085644	0.4620476243983079	0.5961870198684607	0.878480857505165	NO	Q07889	SOS1	S
843	E	843	171.884	118.606	291.673	0.97	0.863468634686347	0	0	0.43324669186909154	0.6869767667726542	0.6324491426931133	0.84853545505094	NO	Q07889	SOS1	S
844	N	844	174.021	116.053	293.536	0.97	0.863468634686347	1	0	0.3826632206545286	0.6945627890064802	0.6373251652897552	0.6287786664956898	NO	Q07889	SOS1	S
845	L	845	177.603	116.251	292.179	0.28	0.870646766169154	0	0	0.6313054843117021	0.7375957859199429	0.6408308040466809	0.7528803427200735	NO	Q07889	SOS1	S
846	E	846	178.326	112.507	292.124	0.28	0.841898097528975	0	1	0.5749633310834025	0.7390867189544887	0.6471883699063001	0.12668931468093825	NO	Q07889	SOS1	S
847	E	847	175.044	111.846	290.322	-0.4	0.883928571428571	0	0	0.28151520707704286	0.30548467830718656	0.6051836848518852	0.3954968449843891	NO	Q07889	SOS1	S
848	R	848	175.684	114.655	287.83	5.76	0.907563025210084	0	0	0.4864608536253784	0.5311170934921786	0.5558714329042546	1.142966556908387	NO	Q07889	SOS1	S
849	V	849	179.109	113.183	287.061	1.65	0.940478468899521	1	0	0.808497666380285	0.9999999999999999	0.7095762768646762	1.6538224968515967	NO	Q07889	SOS1	S
850	A	850	177.373	109.871	286.285	0.97	0.940478468899521	0	0	0.527317667367662	0.5304243960241125	0.7120025175605547	0.7267768291390511	NO	Q07889	SOS1	S
851	V	851	174.908	111.692	284.007	1.65	0.947368421052632	1	0	0.20557226026384554	0.12781618963335323	0.584515836617356	1.2796719952567952	NO	Q07889	SOS1	S
852	V	852	177.616	113.562	282.023	1.65	0.947368421052632	1	0	0.6440764390501412	0.7709671340965701	0.5861560533732086	1.753759444913773	NO	Q07889	SOS1	S
853	S	853	179.649	110.341	281.856	0.97	0.894160583941606	0	0	0.881482201141745	1	0.7415325115489124	1.068175591030177	NO	Q07889	SOS1	S
854	R	854	176.649	108.403	280.503	3.02	0.870813397129187	1	0	0.28151520707704286	0.30548467830718656	0.7516152172069951	1.2800475596478622	NO	Q07889	SOS1	S
855	I	855	176.004	111.107	277.877	4.39	0.856447688564477	0	0	0	0.07599448777919215	0.582641797734044	1.80410371835745	NO	Q07889	SOS1	S
856	I	856	179.636	110.757	276.726	3.02	0.878985785631963	1	0	0.25815591185638953	0.3121597781553685	0.7166532298079389	1.5121942977176508	NO	Q07889	SOS1	S
857	E	857	179.076	106.971	276.394	0.97	0.816657027183343	1	0	0.28151520707704286	0.30548467830718656	0.8329317028064538	1.3439122843488147	NO	Q07889	SOS1	S
858	I	858	176.068	107.64	274.151	3.71	0.772363636363636	1	0	0	0.07599448777919215	0.6834960697171159	1.6553046707585886	NO	Q07889	SOS1	S
859	L	859	178.319	109.96	272.083	2.34	0.771739130434783	0	0	0	0.07257962889293681	0.6396870310095636	2.162519999143017	NO	Q07889	SOS1	S
860	Q	860	180.87	107.166	271.721	0.97	0.775824175824176	0	0	0	0.12673520411632516	0.7525616854666253	1.87113649482016	NO	Q07889	SOS1	S
861	V	861	178.167	104.9	270.227	0.97	0.818022917071276	0	0	0	0.12673520411632516	0.7264181584869869	2.1189369031651397	NO	Q07889	SOS1	S
862	F	862	176.908	107.672	267.941	1.65	0.782222222222222	0	0	0	0.07257962889293681	0.694533898247273	2.556515812006566	NO	Q07889	SOS1	S
863	Q	863	180.483	107.968	266.758	1.65	0.782222222222222	1	0	0	0.12673520411632516	0.6601217765862905	2.4538345308341434	NO	Q07889	SOS1	S
864	E	864	180.595	104.133	266.133	1.65	0.782899628252788	2	0	0	0.21092059957273243	0.756657259109752	2.114826087500021	NO	Q07889	SOS1	S
865	L	865	177.348	104.396	264.13	3.02	0.758919771338459	0	0	0	0.12192095116440095	0.773505019473845	2.08225309896709	NO	Q07889	SOS1	S
866	N	866	178.504	107.477	262.17	0.97	0.805659592176446	0	0	0	0.20431513618339212	0.7492681662788955	2.3692573201516933	NO	Q07889	SOS1	S
867	N	867	175.488	109.39	263.501	3.02	0.774802458296752	0	0	0	0.12673520411632516	0.6705025460011621	2.374467801880286	NO	Q07889	SOS1	S
868	F	868	177.126	112.811	263.25	4.39	0.774108900065602	0	0	0	0.35124557978589077	0.6246818746047976	2.5662446368460707	NO	Q07889	SOS1	S
869	N	869	173.83	114.565	263.97	-0.4	0.776295648370873	0	0	0	0.3425514706969854	0.33533901501299235	2.5465925662070386	NO	Q07889	SOS1	S
870	G	870	173.86	112.62	267.256	0.28	0.785977859778598	0	0	0	0.07599448777919215	0.36664799368429857	2.6456993250999954	NO	Q07889	SOS1	S
871	V	871	177.503	113.456	267.862	3.71	0.780882352941176	1	0	0	0.21092059957273243	0.49652141995736226	2.9021185105418263	NO	Q07889	SOS1	S
872	L	872	176.781	117.158	267.384	3.71	0.738880167451596	0	0	0.49817346515648725	1	0.22524452222967128	2.1990223275563547	NO	Q07889	SOS1	S
873	E	873	173.668	117.141	269.574	2.34	0.687104622871046	0	0	0	0.3425514706969854	0.05860763221014537	2.226610661783489	NO	Q07889	SOS1	S
874	V	874	175.928	115.95	272.439	0.97	0.648897058823529	0	0	0	0.12673520411632516	0.18890818347207736	2.4571506716255147	NO	Q07889	SOS1	S
875	V	875	178.732	118.351	271.564	-0.4	0.684057971014493	1	0	0.43324669186909154	0.6869767667726542	0.11532802099520627	1.9007516185692799	NO	Q07889	SOS1	S
876	S	876	176.263	121.263	271.481	1.65	0.724090909090909	0	0	1.8078639037237079	0.6144286820628937	-0.26369059452270593	1.6503719332585998	NO	Q07889	SOS1	S
877	A	877	174.908	120.38	274.943	3.02	0.722045454545455	0	0	0.43324669186909154	0.6869767667726542	-0.13462910543776394	1.9713864907240954	NO	Q07889	SOS1	S
878	M	878	178.402	120.127	276.396	3.71	0.722045454545455	0	0	0	0.21092059957273243	0.15256569641332499	2.2631812443636434	NO	Q07889	SOS1	S
879	N	879	179.389	123.515	274.933	2.34	0.731428571428571	0	0	2.421256215416424	0.30245644760665963	-0.2584658194111244	1.7434940182246075	NO	Q07889	SOS1	S
880	S	880	176.133	125.11	276.115	0.97	0.635379061371841	0	0	2.421256215416424	0.30245644760665963	-0.38430607536174316	1.621408765099881	NO	Q07889	SOS1	S
881	S	881	176.591	127.887	278.62	3.02	0.638181818181818	0	0	5.5792697015459956	0.07156284984368023	-0.3178289512623167	0.8862025718456189	NO	Q07889	SOS1	S
882	P	882	174.831	126.095	281.558	2.34	0.634057971014493	0	0	0.5846724883412441	1	0.06065499929801966	1.1623975431414515	NO	Q07889	SOS1	S
883	V	883	176.804	122.868	281.057	5.76	0.634545454545455	1	0	0	0.12673520411632516	0.20023796883629028	1.5833533618736153	NO	Q07889	SOS1	S
884	Y	884	180.272	124.137	279.972	1.65	0.696748506967485	0	0	0.49817346515648725	1	-0.05115098343731689	1.613968487352481	NO	Q07889	SOS1	S
885	R	885	180.792	126.126	283.192	3.02	0.696198347107438	0	0	0.3826632206545286	0.6945627890064802	0.12703216753098268	1.3617107226819425	NO	Q07889	SOS1	S
886	L	886	180.45	123.035	285.474	7.13	0.76304347826087	0	0	0.34221837488085644	0.4620476243983079	0.45035977939911837	1.6000713424816857	NO	Q07889	SOS1	S
887	D	887	184.164	122.688	286.281	1.65	0.709651257096513	0	0	0.49817346515648725	1	0.41517513465873296	1.5334633881642676	NO	Q07889	SOS1	S
888	H	888	183.588	120.521	289.428	-0.4	0.798357664233577	1	0	0.6988056247633447	1	0.5357130701350783	0.9724464135716827	NO	Q07889	SOS1	S
889	T	889	181.636	117.982	287.347	0.97	0.913134484563056	0	0	1.1973345433913667	0.7282074419457011	0.6230274085435947	1.7059610518923436	NO	Q07889	SOS1	S
890	F	890	184.181	117.88	284.51	-0.4	0.913134484563056	1	0	1.1973345433913667	0.7282074419457011	0.7077235634690241	1.9051744885789743	NO	Q07889	SOS1	S
891	E	891	187.033	117.419	287.006	-0.4	0.846060606060606	1	1	2.2040644701972596	0.3771153843859889	0.7099446948531951	1.2900187942306922	NO	Q07889	SOS1	S
892	Q	892	185.278	113.019	286.888	-0.4	0.721038961038961	0	0	1.354968519607125	0.7090079676460598	0.8505449121620746	1.2988727247500982	NO	Q07889	SOS1	S
893	I	893	185.004	112.709	284.464	-0.4	0.835748792270531	0	0	1.1973345433913667	0.7282074419457011	0.8707166672933861	1.3611953691108332	NO	Q07889	SOS1	S
894	P	894	187.409	109.769	283.823	1.65	0.895445134575569	0	1	1.0165298726955463	0.9999999999999999	0.9650613815638366	0.7110487289617214	NO	Q07889	SOS1	S
895	S	895	190.207	110.788	281.456	0.28	0.934782608695652	0	0	2.421256215416424	0.30245644760665963	0.9707514916343605	0.2539806056265987	NO	Q07889	SOS1	S
896	R	896	189.161	108.295	278.769	1.65	0.932065217391304	0	0	1.7895477545277039	0.5265281890720963	0.9271074309398804	0.55302531686537	NO	Q07889	SOS1	S
897	Q	897	185.764	110.009	278.417	0.97	0.938868613138686	0	0	0.8842382920899179	1	0.9051129834907609	1.0428786466890174	NO	Q07889	SOS1	S
898	K	898	187.305	113.48	278.526	-0.4	0.967272727272727	0	0	1.0165298726955463	0.9999999999999999	0.9045542575988195	1.1680598221485712	NO	Q07889	SOS1	S
899	K	899	189.366	112.394	275.502	-0.4	0.943014705882353	0	0	1.1883669375257144	1	0.966276929338371	0.8165259881929037	NO	Q07889	SOS1	S
900	I	900	186.278	111.026	273.73	-0.4	0.94649446494465	0	0	0.43324669186909154	0.6869767667726542	0.7372224877731975	1.4344692768576397	NO	Q07889	SOS1	S
901	L	901	184.459	114.328	274.267	3.02	0.945054945054945	0	0	0.3826632206545286	0.6945627890064802	0.6806889819021399	1.8709563996150864	NO	Q07889	SOS1	S
902	E	902	187.477	116.408	273.268	0.28	0.940217391304348	0	0	0	0.5880648312637753	0.7680428025929138	1.388053619112229	NO	Q07889	SOS1	S
903	E	903	187.914	114.452	269.998	0.97	0.933453237410072	0	0	0	0.5880648312637753	0.7940695788231655	1.7334517529852056	NO	Q07889	SOS1	S
904	A	904	184.225	114.936	269.177	2.34	1.03717026378897	0	0	0	0.20431513618339212	0.5855205956280101	1.9266508417839396	NO	Q07889	SOS1	S
905	H	905	184.403	118.664	269.874	0.28	0.894141829393628	0	0	0.43324669186909154	0.6869767667726542	0.4733730145905872	1.9635968434129047	NO	Q07889	SOS1	S
906	E	906	187.389	118.938	267.495	1.65	0.831541218637993	0	0	0	0.3425514706969854	0.6291080039117107	1.6114253556274505	NO	Q07889	SOS1	S
907	L	907	185.208	117.741	264.624	1.65	0.828571428571429	0	0	0	0.3425514706969854	0.7150842628226013	1.9838149894656218	NO	Q07889	SOS1	S
908	S	908	183.496	121.162	264.886	3.71	0.834532374100719	0	0	0.5846724883412441	1	0.40641126909154324	1.4962438839684054	NO	Q07889	SOS1	S
909	E	909	186.673	123.262	265.145	0.28	0.894141829393628	1	0	1.827051502950268	0.4148599787966092	0.040044683381085966	1.2796250497079118	NO	Q07889	SOS1	S
910	D	910	188.056	125.381	262.286	0.28	0.887755102040816	1	0	2.2040644701972596	0.3771153843859889	-0.7831195576310302	1.1107704459287295	NO	Q07889	SOS1	S
911	H	911	184.734	125.449	260.38	2.34	0.894791129448169	0	0	4.680554320898159	0.009466679130704979	-1.1388827905424344	0.5420113694801189	YES	Q07889	SOS1	S
912	Y	912	184.121	121.677	260.596	3.71	0.942238267148014	0	0	2.7683433331185965	0.17995231049203772	-0.005613771377584089	1.4591783611728801	NO	Q07889	SOS1	S
913	K	913	187.487	120.824	258.985	0.97	0.838164251207729	1	0	1.1883669375257144	1	0.10026456531116286	1.543318197785867	NO	Q07889	SOS1	S
914	K	914	187.828	117.45	260.7	0.97	0.841212121212121	0	0	0	1	0.7966921041646696	2.1877303581982717	NO	Q07889	SOS1	S
915	Y	915	184.112	116.612	260.429	4.39	0.841212121212121	0	0	0	0.3425514706969854	0.7401234135466327	2.3281100681726197	NO	Q07889	SOS1	S
916	L	916	184.207	117.251	256.644	0.97	0.841212121212121	0	0	0.7056475226253177	1	0.29547671234261924	1.7808048959986917	NO	Q07889	SOS1	S
917	A	917	187.337	115.046	256.156	0.97	0.838164251207729	0	0	0	1	0.729259336731421	2.3645523329191587	NO	Q07889	SOS1	S
918	K	918	185.805	112.291	258.282	1.65	0.841212121212121	0	0	0	1	0.7815927728710805	2.7821685550466	NO	Q07889	SOS1	S
919	L	919	182.463	112.398	256.4	3.71	0.841212121212121	0	0	0	0.5880648312637753	0.6284174937543578	1.9075638551359353	NO	Q07889	SOS1	S
920	R	920	184.168	112.182	252.961	2.34	0.846715328467153	0	0	0	1	0.6430704929419624	1.696444145899262	NO	Q07889	SOS1	S
921	S	921	186.029	109.038	254.097	-0.4	0.886496350364963	0	0	0	1	0.8593890058111092	1.7103287935365319	NO	Q07889	SOS1	S
922	I	922	183.129	106.942	255.397	0.97	0.882608695652174	1	0	0	0.3425514706969854	0.7159544102230269	2.542097553611328	NO	Q07889	SOS1	S
923	N	923	180.427	105.056	253.531	0.97	1.01527272727273	0	0	0	1	0.698705651985609	1.570448254035806	NO	Q07889	SOS1	S
924	P	924	176.723	104.602	254.346	0.97	1.01449275362319	1	0	0	1	0.5709738503216092	1.2128997762283316	NO	Q07889	SOS1	S
925	P	925	174.903	104.117	256.549	2.34	0.986312399355878	0	0	0	0.35124557978589077	0.7367547245315574	1.54438013847785	NO	Q07889	SOS1	S
926	C	926	175.367	107.408	258.337	1.65	0.951818181818182	0	0	0	0.21092059957273243	0.6371737500462193	1.3307487524419146	NO	Q07889	SOS1	S
927	V	927	173.475	110.491	259.572	3.71	0.958029197080292	1	0	0	0.12192095116440095	0.5326027757443478	1.650030889182548	NO	Q07889	SOS1	S
928	P	928	175.19	113.727	258.475	7.13	0.964285714285714	0	0	0	0.35124557978589077	0.5099171031145683	1.8467315479963349	NO	Q07889	SOS1	S
929	F	929	174.895	116.987	260.304	0.28	0.919117647058824	0	0	3.841820286750783	0.043240874096799824	0.3310490740462483	2.163405458604417	NO	Q07889	SOS1	S
930	F	930	172.547	118.997	258.086	0.28	0.922509225092251	0	0	6.61633036847	0.001645952344200315	0.11944004072215576	1.3446446349113956	NO	Q07889	SOS1	S
931	G	931	173.569	122.531	259.175	0.28	0.922509225092251	0	0	9.868350057775773	3.582069255865029e-5	-0.2756323875490942	1.3237959962790835	YES	Q07889	SOS1	S
932	I	932	176.592	122.648	256.881	0.28	0.930170575692964	0	0	8.182557427214922	8.491823564825453e-5	-0.18208199401411856	0.8424828528212238	YES	Q07889	SOS1	S
933	Y	933	174.506	121.903	253.831	0.28	0.929368029739777	1	0	8.182557427214922	8.491823564825453e-5	-0.29609212057779677	0.13567156303395883	YES	Q07889	SOS1	S
934	L	934	171.988	124.584	254.738	0.28	0.929368029739777	0	0	11.077266955876366	9.040214509775375e-6	-0.4272025719204205	0.36572710758580723	YES	Q07889	SOS1	S
935	T	935	174.617	127.278	255.095	0.28	0.935501066098081	0	0	11.077266955876366	9.040214509775375e-6	-0.6860832161629158	-0.27615932187769004	NO	Q07889	SOS1	S
936	N	936	176.373	126.237	251.892	0.97	0.937334041423261	1	0	9.18685980502725	2.2762835353968503e-5	-0.9026842867062004	-0.21707416157251308	NO	Q07889	SOS1	S
937	I	937	173.12	126.308	249.861	0.28	0.933052187664734	0	0	6.977035953517125	1.8259100753927643e-4	-0.5645813836506348	-0.36705539292297706	NO	Q07889	SOS1	S
938	L	938	172.127	129.701	251.283	-0.4	0.864468864468864	1	0	10.252217418148257	5.811362546435844e-6	-1.0441103990584302	-0.14080860637047266	NO	Q07889	SOS1	S
939	K	939	175.517	131.279	250.664	-0.4	0.971715328467153	0	0	13.884273046562079	7.338950581502732e-8	-1.410504996271672	-0.2113186372794105	NO	Q07889	SOS1	S
940	T	940	175.688	129.841	247.166	-0.4	0.919480519480519	0	0	3.33765692775186	0.04034852336459522	-1.0631731969356533	-0.6235850584634927	NO	Q07889	SOS1	S
941	E	941	172.324	131.378	246.346	0.28	0.804545454545455	0	0	3.9143821736068447	0.026095364487415073	-0.8433873457374498	-0.19117229030145638	NO	Q07889	SOS1	S
942	E	942	173.082	134.702	248.089	-0.4	0.801630434782609	0	0	25.534107267391132	8.085977202438743e-9	-1.4535543026150044	-0.2095034093892531	NO	Q07889	SOS1	S
943	G	943	176.704	135.11	246.936	0.28	0.730848861283644	0	0	18.625565563781606	9.416949459569232e-7	-1.7294507017402685	-0.3977028986906325	NO	Q07889	SOS1	S
944	N	944	176.125	134.625	243.187	-0.4	0.920229405630865	0	0	7.0899212436053585	0.0026337314842327904	-1.225110493819075	-0.3478533645409696	NO	Q07889	SOS1	S
945	P	945	173.997	136.686	240.764	-0.4	0.920229405630865	0	0	2.421256215416424	0.30245644760665963	-0.6585756607889509	0.00625386227411407	NO	Q07889	SOS1	S
946	E	946	170.782	135.279	239.309	0.28	0.8	0	0	0	0.5880648312637753	-0.2289997459873176	-6.019762647219465e-4	NO	Q07889	SOS1	S
947	V	947	171.786	136.556	235.846	-0.4	0.855757575757576	0	0	0	0.5880648312637753	-0.34860718948423136	0.20477988199495234	NO	Q07889	SOS1	S
948	L	948	174.984	137.419	233.998	-0.4	0.855757575757576	0	0	0	0.21092059957273243	-0.283225710054978	-0.05755739537806102	NO	Q07889	SOS1	S
949	K	949	175.041	140.083	231.278	-0.4	0.770802919708029	0	0	0	0.20431513618339212	0.21065355827033153	-0.035357778055184495	NO	Q07889	SOS1	S
950	R	950	176.84	139.836	227.926	-0.4	0.771428571428571	0	0	0	0.20431513618339212	0.20224532302079126	-0.02498236465149152	NO	Q07889	SOS1	S
951	H	951	176.619	142.51	225.197	0.28	0.774264705882353	1	0	0	0.35124557978589077	0.30418615129489063	-0.3174878016772124	NO	Q07889	SOS1	S
952	G	952	173.645	144.012	227.076	4.39	0.64051094890511	0	0	0	0.35124557978589077	0.21122041435389857	-0.23645015444831427	NO	Q07889	SOS1	S
953	K	953	171.696	140.714	227.158	-0.4	0.580623755806238	0	0	0	0.20431513618339212	0.22722865039009904	-0.11882547363495212	NO	Q07889	SOS1	S
954	E	954	170.481	138.971	230.305	-0.4	0.510948905109489	2	0	0	0.20431513618339212	0.20024090129827943	-0.007207555177750597	NO	Q07889	SOS1	S
955	L	955	171.519	135.278	230.66	2.34	0.507636363636364	0	0	0	0.12673520411632516	0.1799933622738398	-0.17020607284478895	NO	Q07889	SOS1	S
956	I	956	170.327	132.951	233.412	5.08	0.503971119133574	0	0	0	0.12673520411632516	0.047847735187166895	-0.3190463178749603	NO	Q07889	SOS1	S
957	N	957	173.328	132.056	235.632	2.34	0.504347826086957	0	0	0	0.21092059957273243	-0.11579163571804618	-0.38266494906702947	NO	Q07889	SOS1	S
958	F	958	173.083	128.284	235.429	3.71	0.506181818181818	0	0	0.34221837488085644	0.4620476243983079	0.00587775335260265	-0.42032961001800295	NO	Q07889	SOS1	S
959	S	959	176.393	127.487	237.17	-0.4	0.504727272727273	1	0	0.43324669186909154	0.6869767667726542	-0.35871333097883856	-0.41224558650028453	NO	Q07889	SOS1	S
960	K	960	174.897	128.889	240.361	2.34	0.504727272727273	0	0	1.1927464489638657	1	-0.40310221676791474	-0.3777830826152268	NO	Q07889	SOS1	S
961	R	961	172.12	126.311	240.161	-0.4	0.503649635036496	0	0	0.5846724883412441	1	-0.12951980368276328	-0.39842674288025315	NO	Q07889	SOS1	S
962	R	962	174.555	123.478	239.366	-0.4	0.509225092250923	1	0	0.43324669186909154	0.6869767667726542	-0.2729405333520839	-0.43320416599066547	NO	Q07889	SOS1	S
963	K	963	176.395	124.249	242.63	-0.4	0.512592592592593	1	0	1.1927464489638657	1	-0.6978008006971358	-0.552640392690351	NO	Q07889	SOS1	S
964	V	964	173.125	124.001	244.594	-0.4	0.509225092250923	0	0	0.8842382920899179	1	-0.30894067218583443	-0.46063974089206783	NO	Q07889	SOS1	S
965	A	965	172.252	120.734	242.847	-0.4	0.513857677902622	0	0	0.3826632206545286	0.6945627890064802	-0.20139026270120328	-0.500357165582294	NO	Q07889	SOS1	S
966	E	966	175.721	119.386	243.715	-0.4	0.51003717472119	0	0	0.49817346515648725	1	-0.5735763242992096	-0.736633069877935	NO	Q07889	SOS1	S
967	I	967	174.949	120.029	247.414	-0.4	0.568360181743081	0	0	1.4390448484727976	0.6496274037171186	-0.3215479631451358	-0.5363106004864926	NO	Q07889	SOS1	S
968	T	968	171.459	118.437	247.263	-0.4	0.564609053497942	0	0	0	0.3425514706969854	-0.005963687066534123	-0.3581321229531087	NO	Q07889	SOS1	S
969	G	969	173.039	115.466	245.464	-0.4	0.560457516339869	0	0	0	0.5780944259058285	-0.243397549282498	-0.7243540402612785	NO	Q07889	SOS1	S
970	E	970	175.644	115.069	248.209	-0.4	0.472527472527473	0	0	0	1	-0.0537760682331239	0.12869776772881866	NO	Q07889	SOS1	S
971	I	971	172.698	115.11	250.726	0.28	0.470454545454546	0	0	0	0.5780944259058285	0.41123254860509667	0.6562920097811011	NO	Q07889	SOS1	S
972	Q	972	170.831	112.43	248.738	-0.4	0.538060479666319	0	0	0	1	0.3042002156121144	0.6543717289144214	NO	Q07889	SOS1	S
973	Q	973	173.805	110.017	248.585	-0.4	0.622743682310469	0	0	0	1	0.3139176149566821	0.8619505012924639	NO	Q07889	SOS1	S
974	Y	974	173.519	109.299	252.349	0.28	0.75	0	0	0	0.5780944259058285	0.4997602970436574	1.0149695178778468	NO	Q07889	SOS1	S
975	Q	975	169.703	108.88	252.165	0.28	0.693943040513438	0	0	0	1	0.5304362207445377	0.8548013648482231	NO	Q07889	SOS1	S
976	N	976	169.537	105.477	250.403	-0.4	0.749458483754513	0	0	0	1	0.4683572560303288	0.31513321890348844	NO	Q07889	SOS1	S
977	Q	977	171.15	103.101	252.899	-0.4	0.826762246117085	0	0	0	0.35124557978589077	0.6993149467164901	0.09869269643775799	NO	Q07889	SOS1	S
978	P	978	169.262	102.171	256.094	-0.4	0.833333333333333	0	0	0	0.21092059957273243	0.74491052532050706	0.3253253211163034	NO	Q07889	SOS1	S
979	Y	979	170.855	101.015	259.367	-0.4	0.833333333333333	0	0	0	0.21092059957273243	0.7933649370239376	0.3486791668341564	NO	Q07889	SOS1	S
980	C	980	170.855	97.336	260.291	-0.4	0.9375	0	0	0	0.20431513618339212	0.8309160498313618	-0.3174878016772124	NO	Q07889	SOS1	S
981	L	981	169.249	97.895	263.737	-0.4	0.871223021582734	0	0	0	0.21092059957273243	0.8624932386597891	0.11437080265393902	NO	Q07889	SOS1	S
982	R	982	165.936	96.657	265.172	-0.4	0.902550686723349	0	0	0	0.21092059957273243	0.9459127463384576	-0.5103374415300944	NO	Q07889	SOS1	S
983	V	983	163.408	99.321	266.202	-0.4	0.989928057553957	0	0	0	0.07599448777919215	1.0544212980857632	0.0173094234067197	NO	Q07889	SOS1	S
984	E	984	162.212	99.103	269.803	0.28	1.01242642249837	0	0	0	0.07599448777919215	1.0830971816628299	-0.04211992420757172	NO	Q07889	SOS1	S
985	S	985	158.823	100.764	269.653	-0.4	1.03956043956044	1	0	0	0.07599448777919215	1.0785429711799586	-0.48850304190551885	NO	Q07889	SOS1	S
986	D	986	158.664	101.832	273.324	-0.4	1.0530612244898	0	0	0	0.07599448777919215	0.9653533207312001	-0.6586158270402722	NO	Q07889	SOS1	S
987	I	987	162.154	103.393	273.359	-0.4	1.05236400610066	0	0	0	0.01487672115498458	0.9693085326613365	-0.23723258026303728	NO	Q07889	SOS1	S
988	K	988	161.376	105.019	270.016	-0.4	1.05	1	0	0	0.04303099524563972	1.2129036717065396	0.347966289980742	NO	Q07889	SOS1	S
989	R	989	158.625	107.482	272.47	-0.4	1.05	2	0	0	0.04303099524563972	1.178337785850671	-0.33315513996329993	NO	Q07889	SOS1	S
990	F	990	159.938	107.766	274.518	0.28	1.04189803129732	0	0	0	0.04303099524563972	0.9758810198520035	-0.31808003783235667	NO	Q07889	SOS1	S
991	F	991	162.387	109.842	272.4	-0.4	1.04124748490946	1	0	0	0.0453945937226462	0.902052220423585	0.4446156177307018	NO	Q07889	SOS1	S
992	E	992	159.708	110.998	269.911	-0.4	1.03822937625755	1	0	0	0.07257962889293681	0.7414062809367157	0.5214976251462685	NO	Q07889	SOS1	S
993	N	993	157.601	112.392	272.808	0.28	1.04492680464412	1	0	0	0.07599448777919215	1.0976250889896881	-0.5702791289519213	NO	Q07889	SOS1	S
994	L	994	160.495	114.021	274.686	-0.4	1.05541433655313	0	0	0	0.21092059957273243	0.6137317946668963	0.3485365914634735	NO	Q07889	SOS1	S
995	N	995	159.57	117.597	275.563	-0.4	1.05471124620061	0	0	0	0.12673520411632516	0.6815062719161391	0.24602489994249477	NO	Q07889	SOS1	S
996	P	996	162.147	119.101	277.937	-0.4	1.06950354609929	1	0	0.28151520707704286	0.30548467830718656	0.7577463231518764	0.09005236080753502	NO	Q07889	SOS1	S
997	M	997	160.826	122.647	277.484	-0.4	1.07022538552788	1	0	0.34221837488085644	0.4620476243983079	0.8428372404621197	0.026601404461568348	NO	Q07889	SOS1	S
998	G	998	157.214	121.664	278.372	-0.4	1.07714285714286	0	0	0	0.20431513618339212	1.268779283646815	-0.8299201349157324	NO	Q07889	SOS1	S
999	N	999	154.882	124.676	278.195	-0.4	1.08177458033573	1	0	0	0.3425514706969854	1.8266321636373752	-1.2899395684239905	NO	Q07889	SOS1	S
1000	S	1000	157.746	127.246	278.566	-0.4	1.090625	2	0	0.49817346515648725	1	1.6284477297237943	-1.1503297654513307	NO	Q07889	SOS1	S
1001	M	1001	159.101	129.65	275.968	-0.4	1.08721624850657	1	0	0.49817346515648725	1	1.685847043343325	-1.209395451324379	NO	Q07889	SOS1	S
1002	E	1002	162.756	129.414	274.859	-0.4	1.08256227758007	0	0	0.3826632206545286	0.6945627890064802	0.7961688067249936	-0.890357834548198	NO	Q07889	SOS1	S
1003	K	1003	164.184	132.41	276.764	-0.4	1.07797408716137	1	0	0.49817346515648725	1	0.15719143790920054	-1.5128459765315982	NO	Q07889	SOS1	S
1004	E	1004	162.374	131.359	279.976	-0.4	1.06612821807168	0	0	0.43324669186909154	0.6869767667726542	1.240973008048779	-1.2697295096296946	NO	Q07889	SOS1	S
1005	F	1005	163.6	127.749	279.623	-0.4	1.00141843971631	0	0	0.43324669186909154	0.6869767667726542	1.0550536586825618	-0.7798761798060473	NO	Q07889	SOS1	S
1006	T	1006	167.221	128.533	278.834	-0.4	0.953189726594863	0	0	0.3826632206545286	0.6945627890064802	0.24577098633349895	0.10997133407286776	NO	Q07889	SOS1	S
1007	D	1007	167.286	131.109	281.686	0.28	0.934859154929577	0	0	0.49817346515648725	1	0.5783386884328517	-0.3012506604236756	NO	Q07889	SOS1	S
1008	Y	1008	165.997	128.32	283.946	-0.4	0.938162544169611	0	1	0.3826632206545286	0.6945627890064802	0.9698733698475394	-0.1529409083319476	NO	Q07889	SOS1	S
1009	L	1009	168.784	125.96	282.811	0.28	0.859982332155477	0	0	0.30911302026517956	0.4702145060442697	0.6842605955334863	0.6057914431595928	NO	Q07889	SOS1	S
1010	F	1010	171.389	128.667	283.419	-0.4	0.857553003533569	0	0	0.5846724883412441	1	0.34160046062903243	1.0318112335397598	NO	Q07889	SOS1	S
1011	N	1011	170.021	129.65	286.856	-0.4	0.881724931965669	1	0	0.7056475226253177	1	0.6010364677430919	0.4820783866598704	NO	Q07889	SOS1	S
1012	K	1012	170.034	125.928	287.714	-0.4	0.916014234875445	0	0	0.5846724883412441	1	0.5506695407379119	1.4412342323769372	NO	Q07889	SOS1	S
1013	S	1013	173.715	125.768	286.661	1.65	0.892857142857143	0	0	0.43324669186909154	0.6869767667726542	0.49875642363418626	1.4021685808098328	NO	Q07889	SOS1	S
1014	L	1014	174.424	128.727	288.983	-0.4	0.899280575539568	0	0	0.5846724883412441	1	0.4327193877602935	0.8190746458536622	NO	Q07889	SOS1	S
1015	E	1015	172.625	127.026	291.897	-0.4	0.950361010830325	1	0	0.7056475226253177	1	0.6104325224430205	0.2704052883292644	NO	Q07889	SOS1	S
1016	I	1016	174.423	123.69	291.626	-0.4	0.806982872200264	0	0	0.43324669186909154	0.6869767667726542	0.5595113919506942	0.9071550409629707	NO	Q07889	SOS1	S
1017	E	1017	177.923	125.201	291.065	0.97	0.760869565217391	0	0	0	0.07257962889293681	0.5565066856008796	0.9375113741723617	NO	Q07889	SOS1	S
1018	P	1018	178.03	128.901	292.075	0.28	0.769230769230769	0	0	0	0.35124557978589077	0.5547407062144986	0.13003673642740562	NO	Q07889	SOS1	S
1019	R	1019	180.553	131.411	290.671	-0.4	0.815195753151958	0	0	0	0.3425514706969854	0.47307603413005656	0.12425802941245158	NO	Q07889	SOS1	S
1020	N	1020	183.884	131.832	292.499	-0.4	0.860294117647059	2	0	0	0.5780944259058285	0.46226323415042064	0.4926912585600546	NO	Q07889	SOS1	S
1021	P	1021	184.522	132.719	295.237	-0.4	0.866666666666667	1	0	0	1	0.5597339184696585	-0.8953622300591666	NO	Q07889	SOS1	S
1022	K	1022	181.205	131.278	296.529	-0.4	0.876404494382023	0	0	0	0.5780944259058285	0.6402360530279351	-1.0268880095141077	NO	Q07889	SOS1	S
1023	P	1023	181.786	127.74	297.896	-0.4	0.815850815850816	0	0	0	0.3425514706969854	0.620589454296301	-1.0644668036440912	NO	Q07889	SOS1	S
1024	L	1024	180.236	124.57	296.507	-0.4	0.815094339622642	0	0	0	0.35124557978589077	0.6268434406325685	0.002804278954865017	NO	Q07889	SOS1	S
1025	P	1025	177.04	123.439	298.255	-0.4	0.820512820512821	0	0	0	0.5780944259058285	0.609585387201083	-0.79448176851453	NO	Q07889	SOS1	S
1026	R	1026	176.042	119.791	298.656	-0.4	0.824427480916031	1	0	0.8868692153940254	1	0.5957665438059141	-0.2923021799216064	NO	Q07889	SOS1	S
1027	F	1027	172.699	118.513	297.42	-0.4	0.824427480916031	0	0	0.8868692153940254	1	0.5917019102194574	-0.23687788056036285	NO	Q07889	SOS1	S
1028	P	1028	170.872	115.264	298.218	-0.4	0.771428571428571	0	0	1.1883669375257144	1	0.5126755617500609	-0.2990239686050697	NO	Q07889	SOS1	S
1029	K	1029	170.603	112.308	295.812	-0.4	0.724102564102564	0	0	0.5846724883412441	1	0.522960277343473	-0.2923021799216064	NO	Q07889	SOS1	S
1030	K	1030	167.516	111.987	293.515	-0.4	0.715842839036755	0	0	0.5846724883412441	1	0.4822690207960472	-0.11968092585904926	NO	Q07889	SOS1	S
1031	Y	1031	168.233	108.491	292.048	-0.4	0.718575063613232	0	0	0.5846724883412441	1	0.5304488174581784	-0.3740849785905582	NO	Q07889	SOS1	S
1032	S	1032	167.335	105.393	294.071	-0.4	0.718575063613232	0	0	0	1	0.3155272969166777	-1.2899395684239905	NO	Q07889	SOS1	S
1033	Y	1033	168.861	102.939	291.521	-0.4	0.762931034482759	0	0	0	1	0.3750814334609651	-1.2899395684239905	NO	Q07889	SOS1	S
1034	P	1034	172.597	102.232	290.905	-0.4	0.762931034482759	2	0	0.8868692153940254	1	0.5008863806411991	-0.9576639150641387	NO	Q07889	SOS1	S
1035	L	1035	174.583	104.809	288.895	-0.4	0.825699745547074	1	0	0.49817346515648725	1	0.6423547878433078	-0.1590317281675195	NO	Q07889	SOS1	S
1036	K	1036	177.178	102.387	287.438	-0.4	0.80316742081448	0	0	0.5846724883412441	1	0.6883537407287236	-0.33745462062207404	NO	Q07889	SOS1	S
1037	S	1037	177.099	102.184	283.659	-0.4	0.816923076923077	0	0	0	0.12673520411632516	0.7557608306240254	0.1846889754747271	NO	Q07889	SOS1	S
1038	P	1038	176.809	98.819	281.932	-0.4	0.816923076923077	0	0	0	0.20431513618339212	0.7281369015189595	-0.3174878016772124	NO	Q07889	SOS1	S
1039	G	1039	179.301	100.237	279.464	-0.4	0.811494252873563	0	0	0	0.35124557978589077	0.7547176264099802	0.2905695193258409	NO	Q07889	SOS1	S
1040	V	1040	179.263	100.477	275.744	-0.4	0.897338403041825	0	0	0	0.12192095116440095	0.7885225952659909	1.1332144015536794	NO	Q07889	SOS1	S
1041	R	1041	180.107	96.937	274.614	-0.4	0.900763358778626	0	0	0.49817346515648725	1	0.727597016809718	-0.2365668070243275	NO	Q07889	SOS1	S
1042	P	1042	177.346	94.464	273.542	-0.4	0.862846279196089	1	0	0.7056475226253177	1	0.8218908210671598	-0.7891333949453847	NO	Q07889	SOS1	S
1043	S	1043	176.22	91.882	276.104	-0.4	0.865290602933189	0	0	0.7056475226253177	1	0.7774302381566212	-0.9982303600068524	NO	Q07889	SOS1	S
1044	N	1044	175.601	88.953	273.721	-0.4	0.890566037735849	0	0	0.8868692153940254	1	0.7401678493761966	-1.2899395684239905	NO	Q07889	SOS1	S
1045	P	1045	177.418	87.805	270.517	-0.4	0.885534591194969	0	1	0.8868692153940254	1	0.7641489935632362	-1.2899395684239905	NO	Q07889	SOS1	S
1046	R	1046	176.469	88.648	266.909	-0.4	0.823970037453184	1	0	0.8868692153940254	1	0.7660855702049176	-1.2899395684239905	NO	Q07889	SOS1	S
