Uniprot_position	aminoacid	Position_in_structure	x	y	z	paraz	mtr	gscount	pscount	OR	pvalue	mtr3dscore	paraz3dscore	HotSpot3D	Uniprot	gene	chain
15	K	145	-21.025	-37.019	32.872	-0.68	0.40174672489083	1	0	0	1	-0.12316153025566785	-1.89954899757456	NO	P84077	ARF1	A
16	K	146	-20.358	-33.146	33.076	-0.04	0.346892655367232	0	0	0	1	0.03852508670830565	-1.3540617276294367	NO	P84077	ARF1	A
17	E	147	-19.244	-31.012	36.123	-0.68	0.326446280991736	0	0	0	1	0.07679650070482903	-1.1419956405960179	NO	P84077	ARF1	A
18	M	148	-21.118	-32.259	39.191	-1	0.325301204819277	0	0	0	1	-0.18334240195469115	-0.6801490118467137	NO	P84077	ARF1	A
19	R	149	-21.391	-32.058	43.008	-0.36	0.327755905511811	0	0	0	1	-0.46303499085847644	-0.6223983998389343	NO	P84077	ARF1	A
20	I	150	-21.824	-34.688	45.758	0.93	0.309502262443439	0	0	0	1	-0.6409858992444438	0.005732435730397861	NO	P84077	ARF1	A
21	L	151	-23.407	-32.938	48.763	0.93	0.308437981934347	0	0	0	1	-0.6631786038931083	0.8233222377972881	NO	P84077	ARF1	A
22	M	152	-22.319	-34.289	52.155	-0.04	0.262043795620438	0	0	0	1	-0.9512464486354528	1.491000140670381	NO	P84077	ARF1	A
23	V	153	-24.459	-32.762	54.922	0.93	0.20157215047726	0	0	0	1	-0.9188419043716497	1.761255708510447	NO	P84077	ARF1	A
24	G	154	-25.822	-33.701	58.364	1.57	0.188550420168067	0	0	8.792010308348729	0.1671642963777794	-0.9291086166351972	1.383732849434999	NO	P84077	ARF1	A
25	L	155	-25.811	-32.259	61.891	1.57	0.189246178176067	0	0	13.008392136137925	0.12750545334815	-0.8547647057801026	1.3112051170656704	NO	P84077	ARF1	A
26	D	156	-22.541	-31.022	63.499	1.57	0.102279202279202	0	0	24.970308403177267	0.08644688644688643	-0.9435157101587398	1.8776272940470495	NO	P84077	ARF1	A
27	A	157	-20.381	-33.864	64.967	0.29	0.110802469135802	0	0	68.28357071052956	0.0014652014652014652	-0.9999444703630028	2.2699367439783042	YES	P84077	ARF1	A
28	A	158	-21.886	-36.511	62.613	-0.68	0.111629353233831	0	0	24.822124788017238	0.013999109504727467	-0.967867973771514	1.8674638367949445	YES	P84077	ARF1	A
29	G	159	-18.334	-37.412	61.268	1.57	0.102659422362025	0	0	18.863094879123604	0.020677824048610582	-0.9647718567212098	1.68232843916581	YES	P84077	ARF1	A
30	K	160	-18.396	-35.631	57.866	1.57	0.103428406799193	0	0	24.822124788017238	0.013999109504727467	-1.090592847799898	1.5945631916023755	YES	P84077	ARF1	A
31	T	161	-14.899	-34.075	58.107	0.93	0	0	0	24.970308403177267	0.08644688644688643	-1.4220383560882266	1.361878036035683	NO	P84077	ARF1	A
32	T	162	-13.696	-37.599	59.131	0.93	0	0	0	24.822124788017238	0.013999109504727467	-1.2787581913777348	1.1640020252122074	YES	P84077	ARF1	A
33	I	163	-15.426	-39.115	56.006	0.93	0	0	0	18.863094879123604	0.020677824048610582	-1.0462081305147442	0.8042716644363656	YES	P84077	ARF1	A
34	L	164	-14.109	-36.281	53.708	1.57	0	0	0	24.970308403177267	0.08644688644688643	-1.266678777643793	0.5184342775322021	NO	P84077	ARF1	A
35	Y	165	-10.496	-36.863	54.973	0.93	0	0	1	13.008392136137925	0.12750545334815	-1.485258867530721	0.6474424282522553	NO	P84077	ARF1	A
36	K	166	-10.78	-40.715	54.728	0.29	0	0	0	13.008392136137925	0.12750545334815	-1.22396302100783	0.4085605289987785	NO	P84077	ARF1	A
37	L	167	-11.726	-40.483	51.003	0.61	0	0	0	8.792010308348729	0.1671642963777794	-1.1324776916484318	-0.07307893454031143	NO	P84077	ARF1	A
38	K	168	-8.108	-39.37	50.309	-1	0	0	0	68.28357071052956	0.04395604395604399	-1.5989680229640126	-0.03738201977063722	NO	P84077	ARF1	A
39	L	169	-9.391	-37.798	47.003	-0.36	0	0	0	68.28357071052956	0.04395604395604399	-1.6590782130851955	-0.5824939974763763	NO	P84077	ARF1	A
40	G	170	-7.606	-34.476	47.517	-1	0	0	0	68.28357071052956	0.04395604395604399	-1.4737828562586497	-0.39620555265021945	NO	P84077	ARF1	A
41	E	171	-6.963	-31.308	49.511	-0.04	0	0	0	6.611256604043427	0.2054555930960425	-0.9773775231618194	-0.34613715271353357	NO	P84077	ARF1	A
42	I	172	-9.734	-30.22	51.883	-1.32	0	0	0	5.275776255820992	0.24241114690552892	-1.245515455300163	0.017714616911826953	NO	P84077	ARF1	A
43	V	173	-10.544	-26.57	51.122	0.61	0	0	0	3.227105324706931	0.3455757725420648	-0.7175903787666252	0.08547099859252728	NO	P84077	ARF1	A
44	T	174	-12.399	-24.551	53.777	-0.36	0	0	0	0	1	-0.9813400627898358	0.5870821905508062	NO	P84077	ARF1	A
45	T	175	-14.473	-21.556	52.529	-0.36	0	0	0	3.719953854985548	0.3124403686201439	-0.7818780074292964	0.6433318744302929	NO	P84077	ARF1	A
46	I	176	-16.846	-19.107	54.255	-0.36	0	0	0	8.792010308348729	0.1671642963777794	-0.9676052746849891	0.9371263685803793	NO	P84077	ARF1	A
47	P	177	-19.044	-17.76	51.402	1.57	0	0	0	5.275776255820992	0.24241114690552892	-0.6895390803856067	0.9707081252508764	NO	P84077	ARF1	A
48	T	178	-21.197	-16.031	54.085	1.57	0	0	1	24.970308403177267	0.08644688644688643	-1.0527750349850586	0.7962354424230732	NO	P84077	ARF1	A
49	I	179	-21.247	-15.467	57.877	-0.36	0	0	0	24.970308403177267	0.08644688644688643	-1.4932402151071893	0.7901373680718102	NO	P84077	ARF1	A
50	G	180	-22.047	-18.678	59.813	1.57	0.101424501424501	0	0	24.970308403177267	0.08644688644688643	-1.2319077195216361	1.3148621467733475	NO	P84077	ARF1	A
51	F	181	-21.728	-20.833	56.639	-0.36	0.109876543209877	0	0	13.008392136137925	0.12750545334815	-1.059425338821621	1.2129371897593801	NO	P84077	ARF1	A
52	N	182	-18.555	-23.013	56.799	1.57	0.10906862745098	0	0	13.008392136137925	0.12750545334815	-1.2559479028750322	1.2206444781755594	NO	P84077	ARF1	A
53	V	183	-17.917	-25.077	53.601	0.29	0.108363858363858	0	0	13.008392136137925	0.12750545334815	-1.0459556709193747	1.2569788378518352	NO	P84077	ARF1	A
54	E	184	-15.317	-27.896	53.31	1.57	0.108363858363858	0	0	13.008392136137925	0.12750545334815	-1.3612157669267633	0.6632974215655392	NO	P84077	ARF1	A
55	T	185	-14.762	-29.059	49.705	-0.68	0.118649732620321	0	0	5.275776255820992	0.24241114690552892	-1.044059213381579	0.459424628759374	NO	P84077	ARF1	A
56	V	186	-12.676	-31.73	47.81	0.93	0.119318181818182	0	0	8.792010308348729	0.1671642963777794	-1.2423053383854699	-0.24896138724501954	NO	P84077	ARF1	A
57	E	187	-12.238	-31.993	44.054	-1	0.120538720538721	0	0	0	1	-0.9203867530649114	-0.7953619632565764	NO	P84077	ARF1	A
58	Y	188	-11.072	-34.69	41.637	-0.04	0.131365313653137	0	0	0	1	-0.92831935523657	-1.4189917002457417	NO	P84077	ARF1	A
59	K	189	-11.607	-34.215	37.88	-0.68	0.132222222222222	0	0	0	1	-0.45593199918257044	-1.463033348338197	NO	P84077	ARF1	A
60	N	190	-15.361	-33.282	37.555	-0.68	0.261538461538462	0	0	0	1	-0.24606599132142037	-0.7922531410382855	NO	P84077	ARF1	A
61	I	191	-16.495	-34.808	40.933	-0.04	0.26007326007326	0	0	0	1	-0.47986263331296664	-1.0194458687509884	NO	P84077	ARF1	A
62	S	192	-16.811	-32.323	43.768	-1	0.236230922362309	0	0	0	1	-0.6619324929735256	-0.2825520232800514	NO	P84077	ARF1	A
63	F	193	-17.552	-33.219	47.397	0.29	0.235567352355674	0	0	5.275776255820992	0.24241114690552892	-1.0233984734012298	0.1915806437641169	NO	P84077	ARF1	A
64	T	194	-19.113	-30.333	49.322	-1	0.350790513833992	0	0	0	1	-0.784711859796611	0.7055774037342962	NO	P84077	ARF1	A
65	V	195	-19.603	-30.54	53.123	0.29	0.350790513833992	1	0	24.970308403177267	0.08644688644688643	-1.1582378810195437	1.2978746539376864	NO	P84077	ARF1	A
66	W	196	-21.438	-28.281	55.614	1.57	0.348539547095504	0	0	0	1	-1.0464839160468116	1.5618825554149862	NO	P84077	ARF1	A
67	D	197	-23.393	-28.617	58.871	1.57	0.427536231884058	0	0	0	1	-0.9302807547004165	1.766981122762466	NO	P84077	ARF1	A
68	V	198	-27.237	-28.399	59.003	0.93	0.468099173553719	0	0	8.792010308348729	0.1671642963777794	-0.8698307099491763	1.206531131855023	NO	P84077	ARF1	A
69	G	199	-29.661	-27.893	61.95	0.61	0.427536231884058	0	0	13.008392136137925	0.12750545334815	-0.918227764370289	0.681266413987261	NO	P84077	ARF1	A
75	R	205	-29.897	-21.093	54.042	-0.04	0.464355788096795	1	0	8.792010308348729	0.1671642963777794	-0.6364013441325036	0.9090498179214392	NO	P84077	ARF1	A
76	P	206	-30.317	-19.182	50.63	-0.68	0.507142857142857	0	0	8.792010308348729	0.1671642963777794	-0.4256225373983465	-0.09069559377729344	NO	P84077	ARF1	A
77	L	207	-26.638	-19.62	49.512	-0.36	0.561904761904762	0	0	4.372531386137558	0.278062387051151	-0.47230465407591066	0.4994624906616059	NO	P84077	ARF1	A
78	W	208	-27.146	-23.442	49.808	1.57	0.561904761904762	0	0	5.275776255820992	0.24241114690552892	-0.41410590362643923	0.34482737069254105	NO	P84077	ARF1	A
79	R	209	-29.299	-23.328	46.612	-0.68	0.565079365079365	1	0	0	1	-0.04968397622595131	-0.7922531410382855	NO	P84077	ARF1	A
80	H	210	-26.272	-22.335	44.506	-1	0.568697729988053	0	0	0	1	0.04963839595786657	-0.6793856232797778	NO	P84077	ARF1	A
81	Y	211	-24.574	-25.639	45.478	1.57	0.479838709677419	0	0	0	1	-0.2631945109428496	-0.2762387950958305	NO	P84077	ARF1	A
82	F	212	-27.796	-27.63	44.69	-0.36	0.478494623655914	1	0	0	1	-0.4052673413488085	-0.6533276481584084	NO	P84077	ARF1	A
83	Q	213	-27.617	-26.751	40.924	-1.32	0.550799381124291	0	0	0	1	-0.19446882537400342	-0.8102978265227134	NO	P84077	ARF1	A
84	N	214	-24.916	-29.369	40.099	-0.68	0.554805194805195	0	0	0	1	-0.24869109666965655	-0.653799522959399	NO	P84077	ARF1	A
85	T	215	-25.836	-31.851	42.963	1.57	0.482336956521739	0	0	0	1	-0.47644412324687674	-0.6059828764590192	NO	P84077	ARF1	A
86	Q	216	-26.263	-35.397	41.573	0.29	0.425992779783394	0	0	0	1	-0.4856602196759492	-0.7543336910862366	NO	P84077	ARF1	A
87	G	217	-25.844	-37.087	44.948	0.29	0.429951690821256	0	0	0	1	-0.4700328079405243	-0.44042631749328987	NO	P84077	ARF1	A
88	L	218	-26.775	-36.209	48.534	0.93	0.428399518652226	0	0	0	1	-0.6019551308904646	0.13295938436178323	NO	P84077	ARF1	A
89	I	219	-24.947	-37.942	51.415	0.93	0.512230215827338	0	0	0	1	-0.7617317566684264	1.2404866462257242	NO	P84077	ARF1	A
90	F	220	-26.699	-37.542	54.727	-0.04	0.506761565836299	0	0	0	1	-0.8503909602739903	1.2248014704700005	NO	P84077	ARF1	A
91	V	221	-24.447	-38.379	57.66	1.57	0.423809523809524	0	0	6.611256604043427	0.2054555930960425	-0.9051585069572217	1.7613905298821584	NO	P84077	ARF1	A
92	V	222	-26.229	-39.341	60.933	0.93	0.426523297491039	0	0	24.822124788017238	0.013999109504727467	-1.0000101702740054	1.1600872120484338	YES	P84077	ARF1	A
93	D	223	-24.544	-40.031	64.308	1.57	0.48021582733813	0	0	24.822124788017238	0.013999109504727467	-1.0915959106001143	0.9880025285262063	YES	P84077	ARF1	A
94	S	224	-26.155	-43.47	65.033	0.29	0.479838709677419	0	0	36.08775205376934	0.00852892425926134	-1.0997238143850034	0.7943413435715446	YES	P84077	ARF1	A
95	N	225	-25.359	-43.015	68.771	-0.36	0.364567332309268	0	0	36.08775205376934	0.00852892425926134	-1.1586411902879172	0.7309089447750601	YES	P84077	ARF1	A
96	D	226	-26.978	-39.54	69.153	-0.36	0.363265306122449	0	0	67.28357071052956	0.004329752644359383	-1.1862680063335007	0.7196707311238819	YES	P84077	ARF1	A
97	R	227	-30.502	-40.739	70.135	-1	0.283552369573875	0	0	24.970308403177267	0.08644688644688643	-1.083967015457971	-0.15612889951465547	NO	P84077	ARF1	A
98	E	228	-31.425	-37.205	71.351	0.29	0.157801418439716	0	0	24.970308403177267	0.08644688644688643	-0.9423905258426308	-0.12152474744201211	NO	P84077	ARF1	A
99	R	229	-30.868	-35.42	67.98	1.57	0.141557928034796	0	1	24.970308403177267	0.08644688644688643	-0.9452227915783834	0.34196955708298626	NO	P84077	ARF1	A
100	V	230	-32.091	-38.263	65.645	0.61	0.159252669039146	0	0	13.008392136137925	0.12750545334815	-1.0413671347821416	0.3545512614541727	NO	P84077	ARF1	A
101	N	231	-35.481	-36.417	65.069	-1	0.183307731694828	0	0	24.970308403177267	0.08644688644688643	-0.9536579689445881	-0.22722470286390462	NO	P84077	ARF1	A
102	E	232	-33.593	-33.115	64.368	-0.68	0.287769784172662	0	0	24.970308403177267	0.08644688644688643	-0.9141723264069787	0.37308210917890844	NO	P84077	ARF1	A
103	A	233	-31.561	-35.005	61.658	-0.04	0.289855072463768	0	0	13.008392136137925	0.12750545334815	-0.9448831435834262	0.6220450778522728	NO	P84077	ARF1	A
104	R	234	-34.835	-36.413	60.189	-1	0.289610910549539	1	0	24.970308403177267	0.08644688644688643	-0.9488226741288885	0.2999964457525508	NO	P84077	ARF1	A
105	E	235	-36.34	-32.907	60.057	-1.32	0.291717171717172	0	0	24.970308403177267	0.08644688644688643	-0.9275600341253621	-0.13113383429854783	NO	P84077	ARF1	A
106	E	236	-33.192	-31.641	58.242	0.61	0.325812274368231	0	0	13.008392136137925	0.12750545334815	-0.8205906487212662	0.4407402932049991	NO	P84077	ARF1	A
107	L	237	-33.105	-34.564	55.747	0.61	0.289610910549539	0	0	0	1	-0.8709073363517559	0.40961752855299743	NO	P84077	ARF1	A
108	M	238	-36.837	-33.99	54.919	-1.32	0.287769784172662	0	0	0	1	-0.9137148542290812	-0.5046870858463722	NO	P84077	ARF1	A
109	R	239	-36.155	-30.192	54.642	0.61	0.256227758007117	0	0	0	1	-0.7526128243991832	-0.5613120619652432	NO	P84077	ARF1	A
110	M	240	-33.394	-31.134	52.1	0.61	0.257142857142857	0	0	0	1	-0.6148726299053549	-0.04224978087559279	NO	P84077	ARF1	A
111	L	241	-35.519	-33.703	50.15	-0.36	0.258992805755396	0	0	0	1	-0.8334119444506383	-0.8903267669559328	NO	P84077	ARF1	A
112	A	242	-38.267	-30.988	49.884	-1	0.257142857142857	0	0	0	1	-0.9173924177077487	-1.1886279738703822	NO	P84077	ARF1	A
113	E	243	-35.774	-28.895	47.767	-1.64	0.257142857142857	0	0	0	1	-0.48069589374322585	-0.7237942851063367	NO	P84077	ARF1	A
114	D	244	-36.747	-28.562	44.102	-1	0.256227758007117	0	0	0	1	-0.6570029101563346	-1.3467633973741153	NO	P84077	ARF1	A
115	E	245	-33.118	-28.626	42.759	-1.32	0.232934325461016	0	0	0	1	-0.4497501249654266	-0.8265914955403174	NO	P84077	ARF1	A
116	L	246	-32.421	-31.84	44.799	-0.04	0.258064516129032	0	0	0	1	-0.5469166881330857	-0.43990324220069615	NO	P84077	ARF1	A
117	R	247	-35.445	-33.786	43.377	0.29	0.259927797833935	1	0	0	1	-0.7374775067590607	-1.093151260743254	NO	P84077	ARF1	A
118	D	248	-33.374	-36.034	41.074	-1	0.258992805755396	0	0	0	1	-0.5506013303127234	-1.4204145842610365	NO	P84077	ARF1	A
119	A	249	-30.425	-36.427	43.498	-0.04	0.259712230215827	0	0	0	1	-0.5308532520333945	-0.7899215243745672	NO	P84077	ARF1	A
120	V	250	-29.548	-39.925	44.624	-0.68	0.144284572342126	0	0	0	1	-0.49037231862947517	-0.3254256749619465	NO	P84077	ARF1	A
121	L	251	-29.506	-40.17	48.457	0.93	0.128928571428571	0	0	0	1	-0.6038196942735445	0.2648601505788691	NO	P84077	ARF1	A
122	L	252	-26.863	-42.115	50.448	0.93	0.117302052785924	0	0	0	1	-0.5393730083421413	0.671854084623502	NO	P84077	ARF1	A
123	V	253	-27.339	-42.177	54.185	0.93	0.118477190679357	0	0	0	1	-0.7448979881537605	1.1004773534674828	NO	P84077	ARF1	A
124	F	254	-24.265	-42.956	56.25	0.29	0.118477190679357	0	0	8.792010308348729	0.1671642963777794	-0.721032199776365	1.2199838534541727	NO	P84077	ARF1	A
125	A	255	-25.478	-44.377	59.61	1.57	0.118906455862978	1	0	13.008392136137925	0.12750545334815	-0.9700667936213356	1.1095350594553546	NO	P84077	ARF1	A
126	N	256	-22.058	-43.561	61.104	1.57	0.118805382343288	0	0	8.792010308348729	0.1671642963777794	-0.890160454060422	1.2571836827266838	NO	P84077	ARF1	A
127	K	257	-20.418	-44.329	64.51	1.57	0.119774386197744	0	1	8.792010308348729	0.1671642963777794	-0.9476218428525293	0.9266664771584212	NO	P84077	ARF1	A
128	Q	258	-21.715	-47.963	64.434	1.57	0.146927146927147	0	0	8.792010308348729	0.1671642963777794	-0.9185743243295651	0.582623485000889	NO	P84077	ARF1	A
129	D	259	-18.496	-48.844	66.37	1.57	0.148559670781893	0	0	8.792010308348729	0.1671642963777794	-0.8331136131435388	0.5178450916045437	NO	P84077	ARF1	A
130	L	260	-19.982	-47.242	69.541	-0.04	0.166512915129151	0	0	8.792010308348729	0.1671642963777794	-0.9298266378428085	0.5284041451223623	NO	P84077	ARF1	A
131	P	261	-21.622	-49.679	72.034	-1	0.149111937216026	0	0	68.28357071052956	0.04395604395604399	-1.2285197098258662	0.1955751188236652	YES	P84077	ARF1	A
132	N	262	-25.065	-48.081	72.532	-1	0.132720588235294	0	0	68.28357071052956	0.04395604395604399	-1.1123720751975137	0.22577510608706305	YES	P84077	ARF1	A
133	A	263	-25.363	-46.999	68.825	0.29	0	0	0	13.008392136137925	0.12750545334815	-1.1133488697168799	0.4090077211178711	NO	P84077	ARF1	A
134	M	264	-28.66	-47.575	66.964	0.93	0.131617647058824	0	0	24.970308403177267	0.08644688644688643	-1.1954985713746258	0.29170740586685184	NO	P84077	ARF1	A
135	N	265	-28.513	-50.219	64.199	-1	0.120093928212009	0	0	24.970308403177267	0.08644688644688643	-1.1191525480893103	0.4083418394358366	NO	P84077	ARF1	A
136	A	266	-29.108	-49.331	60.485	-0.36	0.110086100861009	0	0	24.970308403177267	0.08644688644688643	-1.082721156800742	0.9076830081530526	NO	P84077	ARF1	A
137	A	267	-32.646	-50.885	60.646	-1.64	0.110086100861009	0	0	0	1	-1.1975801717785168	0.20752928044876015	NO	P84077	ARF1	A
138	E	268	-33.478	-48.578	63.626	0.93	0.119652406417112	0	0	0	1	-1.2410763921551	-0.1695701817246905	NO	P84077	ARF1	A
139	I	269	-32.135	-45.417	61.853	0.61	0.119758470311976	0	0	13.008392136137925	0.12750545334815	-1.0468418297244309	0.3614653266385797	NO	P84077	ARF1	A
140	T	270	-33.966	-46.332	58.582	-0.04	0.131734317343173	0	0	0	1	-1.099084433679095	0.07049683824109249	NO	P84077	ARF1	A
141	D	271	-37.187	-46.226	60.634	-0.68	0.131734317343173	0	0	0	1	-1.3087898440860934	-0.48222584531922	NO	P84077	ARF1	A
142	K	272	-36.376	-43.063	62.727	-0.68	0.118881118881119	0	0	13.008392136137925	0.12750545334815	-1.1526671998117877	-0.7324887139107956	NO	P84077	ARF1	A
143	L	273	-35.489	-41.209	59.445	0.61	0.118447246184472	0	0	13.008392136137925	0.12750545334815	-1.0375491493279596	-0.172487225948996	NO	P84077	ARF1	A
144	G	274	-38.585	-42.558	57.635	-0.68	0.198996655518395	0	0	0	1	-1.1446249841296037	-0.8471549414133037	NO	P84077	ARF1	A
145	L	275	-36.642	-43.769	54.579	0.61	0.200449185850646	0	0	0	1	-1.0889264092068411	-0.6217120364920389	NO	P84077	ARF1	A
146	H	276	-39.221	-46.446	53.581	-1	0.200449185850646	0	0	0	1	-1.10581656645781	-0.7967527521437066	NO	P84077	ARF1	A
147	S	277	-41.889	-43.723	53.189	-1	0.261029411764706	0	0	0	1	-1.118482242314977	-1.3502867292215115	NO	P84077	ARF1	A
148	L	278	-39.787	-42.202	50.339	1.25	0.261029411764706	0	0	0	1	-1.0442235725661864	-0.9652368916131892	NO	P84077	ARF1	A
149	R	279	-40.867	-42.803	46.741	-1	0.246527777777778	1	0	0	1	-1.0306962066724485	-1.1758818027753892	NO	P84077	ARF1	A
150	H	280	-39.366	-41.609	43.416	-1.32	0.249297752808989	0	0	0	1	-1.01321935617735	-1.063135183658704	NO	P84077	ARF1	A
151	R	281	-35.805	-41.563	44.932	-0.36	0.247444237918216	0	0	0	1	-0.842341941563147	-0.6977043957472192	NO	P84077	ARF1	A
152	N	282	-32.901	-44.038	44.878	-0.68	0.261481481481482	0	0	0	1	-0.585123933798855	-0.34802465191749593	NO	P84077	ARF1	A
153	W	283	-31.788	-44.258	48.474	0.29	0.41315543071161	0	0	0	1	-0.7189962427295472	-0.201625494910165	NO	P84077	ARF1	A
154	Y	284	-29.428	-46.522	50.409	0.61	0.41315543071161	0	0	0	1	-0.671661502979773	0.3557766137599709	NO	P84077	ARF1	A
155	I	285	-28.496	-46.703	54.063	0.93	0.414708646616541	0	0	0	1	-0.7725129693650123	0.610725601632019	NO	P84077	ARF1	A
156	Q	286	-24.927	-47.692	54.917	1.57	0.415094339622642	0	0	6.611256604043427	0.2054555930960425	-0.5926879587960672	0.7987076347276393	NO	P84077	ARF1	A
157	A	287	-23.75	-48.601	58.402	-0.04	0.415094339622642	0	0	8.792010308348729	0.1671642963777794	-0.7896538709606673	0.936546090108891	NO	P84077	ARF1	A
158	T	288	-20.273	-47.152	58.804	0.29	0.392156862745098	0	0	6.611256604043427	0.2054555930960425	-0.8238148128736398	1.017798810518963	NO	P84077	ARF1	A
159	C	289	-17.442	-46.265	61.116	-0.36	0.391786903440622	1	0	6.611256604043427	0.2054555930960425	-0.7955123842850669	1.0511842276743626	NO	P84077	ARF1	A
160	A	290	-15.704	-43.227	59.667	1.57	0.419463753723932	0	0	24.822124788017238	0.013999109504727467	-0.9612386662335212	1.3548771298973494	YES	P84077	ARF1	A
161	T	291	-12.717	-43.404	62.071	-0.68	0.416699643846458	0	0	36.08775205376934	0.00852892425926134	-1.1736816174922402	1.4694797898979315	YES	P84077	ARF1	A
162	S	292	-11.836	-46.92	60.781	-1	0.441860465116279	1	0	36.08775205376934	0.00852892425926134	-0.9868466712993074	1.1361788887982438	YES	P84077	ARF1	A
163	G	293	-13.249	-46.374	57.293	-0.68	0.469650808530584	0	0	24.822124788017238	0.013999109504727467	-0.9296960521882508	1.02340623520978	YES	P84077	ARF1	A
164	D	294	-15.44	-49.525	57.581	-0.68	0.495426829268293	0	0	6.611256604043427	0.2054555930960425	-0.7089932792244901	0.8683112934359181	NO	P84077	ARF1	A
165	G	295	-18.389	-49.216	55.201	1.57	0.438888888888889	0	0	5.275776255820992	0.24241114690552892	-0.6986712373285557	0.7883149550472948	NO	P84077	ARF1	A
166	L	296	-17.238	-45.883	53.663	1.57	0.466565349544073	0	0	15.171320062220925	0.028503706031795934	-0.8138804725511974	1.1658007231523198	YES	P84077	ARF1	A
167	Y	297	-16.055	-47.39	50.348	-1.32	0.504913588614029	0	0	0	1	-0.4967735390403244	-0.06708927039973753	NO	P84077	ARF1	A
168	E	298	-19.02	-49.872	50.134	-0.68	0.50189720593308	1	0	0	1	-0.2665577202905209	-0.0158247920201197	NO	P84077	ARF1	A
169	G	299	-21.502	-46.958	50.592	-0.68	0.497529992942837	0	0	0	1	-0.4355758472177841	0.6147715329400341	NO	P84077	ARF1	A
170	L	300	-19.586	-44.853	48.039	0.61	0.495283018867925	0	0	0	1	-0.5277965481712413	0.33713755912084253	NO	P84077	ARF1	A
171	D	301	-19.424	-47.649	45.427	-0.04	0.497737556561086	1	0	0	1	-0.11020874348820836	-0.25218163678296246	NO	P84077	ARF1	A
172	W	302	-23.224	-47.807	45.543	-0.04	0.497852401405701	0	0	0	1	-0.25012299306325997	-0.12495020896031418	NO	P84077	ARF1	A
173	L	303	-23.459	-44.013	44.91	0.93	0.542328042328042	0	0	0	1	-0.30410499789554696	-0.02818486745251839	NO	P84077	ARF1	A
174	S	304	-20.719	-44.059	42.198	-1.32	0.547161172161172	0	0	0	1	-0.16631381734802508	-0.7356185101920285	NO	P84077	ARF1	A
175	N	305	-22.614	-46.908	40.453	-1.32	0.527272727272727	1	0	0	1	-0.05655018677405486	-1.4901837290446045	NO	P84077	ARF1	A
176	Q	306	-26.003	-45.1	40.728	-1	0.527810650887574	0	0	0	1	-0.28578727234684426	-0.7723837120779042	NO	P84077	ARF1	A
177	L	307	-24.362	-41.914	39.359	-0.36	0.589849108367627	0	0	0	1	-0.3421114628042479	-0.6299611070871336	NO	P84077	ARF1	A
178	R	308	-22.994	-43.99	36.379	-1	0.565934065934066	0	0	0	1	0.0024390980658403464	-1.4729741774790654	NO	P84077	ARF1	A
179	N	309	-26.772	-44.253	35.464	-1	0.656666666666667	0	0	0	1	-0.1538971095592909	-1.686764920647869	NO	P84077	ARF1	A
5	R	5	15.738	-8.363	39.82	NA	0.901567944250871	0	0	0	1	1.6551773651146109	Inf	NO	Q8N6T3	ARFGAP1	A
6	T	6	13.224	-11.289	40.395	NA	0.907563025210084	0	0	0	0.9999999999999999	1.4101591070011181	Inf	NO	Q8N6T3	ARFGAP1	A
7	R	7	13.524	-11.464	44.202	NA	0.913149350649351	0	0	0	0.9999999999999999	1.371940475449361	Inf	NO	Q8N6T3	ARFGAP1	A
8	K	8	13.284	-7.671	44.868	NA	0.932608695652174	0	0	0	1	1.7393396557107756	Inf	NO	Q8N6T3	ARFGAP1	A
9	V	9	10.225	-7.528	42.589	NA	0.928125	1	0	0	1	1.6503040990647038	Inf	NO	Q8N6T3	ARFGAP1	A
10	L	10	8.436	-10.583	44.068	NA	0.933333333333333	1	0	0	0.5811200035919137	1.3101485349421105	Inf	NO	Q8N6T3	ARFGAP1	A
11	K	11	9.082	-9.421	47.681	NA	0.895265423242468	0	0	0	0.9999999999999999	1.5111499439798106	Inf	NO	Q8N6T3	ARFGAP1	A
12	E	12	7.543	-6.024	46.712	NA	0.858704974271012	2	0	0	0.9999999999999999	1.805815082910425	Inf	NO	Q8N6T3	ARFGAP1	A
13	V	13	4.488	-7.638	44.983	NA	0.880733944954129	0	0	0	1	1.5519688987009257	Inf	NO	Q8N6T3	ARFGAP1	A
14	R	14	3.48	-10.012	47.872	NA	0.907964601769912	2	0	0	0.5698907833739294	1.3916554739302778	Inf	NO	Q8N6T3	ARFGAP1	A
15	V	15	3.175	-7.023	50.256	NA	0.912413793103448	1	0	0	1	1.6688868029218222	Inf	NO	Q8N6T3	ARFGAP1	A
16	Q	16	0.384	-5.704	47.847	NA	0.916638655462185	0	0	0	0.5811200035919137	1.592136180696684	Inf	NO	Q8N6T3	ARFGAP1	A
17	D	17	-3.302	-7.033	47.68	NA	0.914754098360656	2	0	0	0.5698907833739294	1.5600447472174392	Inf	NO	Q8N6T3	ARFGAP1	A
18	E	18	-4.18	-10.23	49.659	NA	0.883384615384616	1	0	0	0.5687204181586205	1.415997866409993	Inf	NO	Q8N6T3	ARFGAP1	A
19	N	19	-1.01	-11.935	48.231	NA	0.850843060959793	0	0	0	0.3077551661821324	1.3254306031595433	Inf	NO	Q8N6T3	ARFGAP1	A
20	N	20	0.211	-13.113	51.709	NA	0.829691142191142	1	0	0	0.5698907833739294	1.314934828359486	Inf	NO	Q8N6T3	ARFGAP1	A
21	V	21	-2.525	-15.877	51.609	NA	0.799234659013257	0	0	0	0.5811200035919137	1.15200349752635	Inf	NO	Q8N6T3	ARFGAP1	A
22	C	22	-3.297	-18.624	49.05	NA	0.797228883559819	0	0	0	0.5698907833739294	0.8185170316469692	-0.0158247920201197	NO	Q8N6T3	ARFGAP1	A
23	F	23	-5.779	-17.437	46.422	NA	0.81691593604951	1	0	0	0.5687204181586205	0.8476568559153506	-0.0158247920201197	NO	Q8N6T3	ARFGAP1	A
24	E	24	-7.722	-20.74	46.619	NA	0.833208395802099	0	0	0	0.5723003588172128	0.4576033049241544	-1.29303258670132	NO	Q8N6T3	ARFGAP1	A
25	C	25	-7.411	-22.115	50.179	NA	0.827835179882983	0	0	0	1	-0.058846848850713784	-0.27214718391820886	NO	Q8N6T3	ARFGAP1	A
26	G	26	-6.374	-19.059	52.267	NA	0.815217391304348	1	0	0	1	0.3923905818516034	-1.2921517537394709	NO	Q8N6T3	ARFGAP1	A
27	A	27	-3.178	-20.845	53.514	NA	0.787106446776612	3	0	0	1	0.3321556507323939	-1.1230318250644429	NO	Q8N6T3	ARFGAP1	A
28	F	28	-0.709	-18.301	54.866	NA	0.725194805194805	1	0	0	0.9999999999999999	1.0953280654523931	Inf	NO	Q8N6T3	ARFGAP1	A
29	N	29	2.526	-17.303	53.061	NA	0.72463768115942	1	0	0	1	1.0744383350330515	Inf	NO	Q8N6T3	ARFGAP1	A
30	P	30	2.195	-18.979	49.593	NA	0.682831661092531	0	0	0	0.5811200035919137	0.9212768892913711	Inf	NO	Q8N6T3	ARFGAP1	A
31	Q	31	5.613	-19.705	47.978	NA	0.657541599570585	0	0	0	0.5811200035919137	0.7776979463988094	Inf	NO	Q8N6T3	ARFGAP1	A
32	W	32	4.077	-20.489	44.511	NA	0.661818181818182	0	0	0	0.5687204181586205	0.6710754998236291	Inf	NO	Q8N6T3	ARFGAP1	A
33	V	33	2.285	-18.408	41.859	NA	0.618545552852122	0	0	0	0.5723003588172128	0.8000255847734401	Inf	NO	Q8N6T3	ARFGAP1	A
34	S	34	0.114	-18.587	38.711	NA	0.616642335766423	0	0	0	1	0.650726263283364	Inf	NO	Q8N6T3	ARFGAP1	A
35	V	35	1.881	-15.977	36.535	NA	0.617931034482759	0	0	0	1	0.8673157952617734	Inf	NO	Q8N6T3	ARFGAP1	A
36	T	36	-1.221	-16.165	34.188	NA	0.597333333333333	0	0	0	0.5723003588172128	0.8588537899504977	Inf	NO	Q8N6T3	ARFGAP1	A
37	Y	37	-3.337	-14.158	36.76	NA	0.596859903381643	0	0	0	0.5719636169074371	1.0178574796631485	Inf	NO	Q8N6T3	ARFGAP1	A
38	G	38	-0.506	-12.79	39.006	NA	0.577606358111267	1	0	0	0.5687204181586205	1.1765906369969634	Inf	NO	Q8N6T3	ARFGAP1	A
39	I	39	-1.999	-14.837	41.875	NA	0.539824046920821	1	0	0	0.575076608784474	1.0697353968354228	Inf	NO	Q8N6T3	ARFGAP1	A
40	W	40	-0.24	-16.43	44.894	NA	0.543778801843318	1	0	0	0.2981737363759836	1.0314714285351283	Inf	NO	Q8N6T3	ARFGAP1	A
41	I	41	-0.956	-20.078	45.772	NA	0.530673431734317	0	0	0	0.5723003588172128	0.7132832673802371	Inf	NO	Q8N6T3	ARFGAP1	A
42	C	42	0.268	-22.657	48.327	NA	0.505654088798953	0	0	0	1	0.5005520114378579	0.40697502966745	NO	Q8N6T3	ARFGAP1	A
43	L	43	2.267	-25.746	47.292	NA	0.455128205128205	0	0	0	1	0.47722420272407967	-0.451837108135426	NO	Q8N6T3	ARFGAP1	A
44	E	44	-0.86	-28.032	47.486	NA	0.419188191881919	0	0	0	1	0.11747926899948889	-1.5022304151404822	NO	Q8N6T3	ARFGAP1	A
45	C	45	-2.943	-25.668	45.318	NA	0.402714932126697	0	0	0	1	0.10570176135227537	-1.1476951479962179	NO	Q8N6T3	ARFGAP1	A
46	S	46	0.021	-25.248	42.939	NA	0.436274509803922	1	0	0	1	0.35759165691718275	-0.451837108135426	NO	Q8N6T3	ARFGAP1	A
47	G	47	-0.286	-28.993	42.21	NA	0.432234432234432	0	0	0	1	0.04121094473504643	-1.7202365731981355	NO	Q8N6T3	ARFGAP1	A
48	R	48	-4.012	-28.7	41.427	NA	0.429440389294404	0	0	0	1	-0.19054164003487703	-0.8680306826091275	NO	Q8N6T3	ARFGAP1	A
49	H	49	-3.143	-25.631	39.278	NA	0.477155988104893	0	0	0	0.9999999999999999	0.35783310085357245	Inf	NO	Q8N6T3	ARFGAP1	A
50	R	50	-0.401	-27.455	37.262	NA	0.497323189630882	2	0	0	1	0.23762893015474462	Inf	NO	Q8N6T3	ARFGAP1	A
51	G	51	-3.097	-29.991	36.303	NA	0.475804271424709	1	0	0	1	-0.03484499751997387	-1.2974367515105656	NO	Q8N6T3	ARFGAP1	A
52	L	52	-5.253	-27.229	34.697	NA	0.497323189630882	0	0	0	0.9999999999999999	0.19717491441861307	-1.2974367515105656	NO	Q8N6T3	ARFGAP1	A
53	G	53	-2.786	-26.86	31.797	NA	0.518681318681319	0	0	0	1	0.2148947034396609	Inf	NO	Q8N6T3	ARFGAP1	A
54	V	54	0.036	-24.417	30.928	NA	0.504125674389083	0	0	0	1	0.2282278927080569	Inf	NO	Q8N6T3	ARFGAP1	A
55	H	55	-2.377	-22.419	28.664	NA	0.466776859504132	0	0	0	0.9999999999999999	0.40463754870886315	Inf	NO	Q8N6T3	ARFGAP1	A
56	L	56	-4.886	-22.035	31.556	NA	0.42512077294686	0	0	0	1	0.6612463303083065	Inf	NO	Q8N6T3	ARFGAP1	A
57	S	57	-2.315	-21.661	34.402	NA	0.446376811594203	0	0	0	1	0.3966736067489815	Inf	NO	Q8N6T3	ARFGAP1	A
58	F	58	1.468	-21.127	34.257	NA	0.47254004576659	0	0	0	1	0.42096449932871516	Inf	NO	Q8N6T3	ARFGAP1	A
59	V	59	2.717	-22.215	37.716	NA	0.540045766590389	0	0	0	1	0.3223477614630342	Inf	NO	Q8N6T3	ARFGAP1	A
60	R	60	6.106	-21.006	39.043	NA	0.608561113976276	2	0	0	1	0.5398438315493387	Inf	NO	Q8N6T3	ARFGAP1	A
61	S	61	8.045	-21.218	42.385	NA	0.614216701173223	1	0	0	1	0.6259131267554806	Inf	NO	Q8N6T3	ARFGAP1	A
62	V	62	8.774	-18.042	44.401	NA	0.609267734553776	0	0	0	1	0.9355993069016404	Inf	NO	Q8N6T3	ARFGAP1	A
63	T	63	11.657	-20.062	46.18	NA	0.6087782633479	0	0	0	1	0.8927119386616904	Inf	NO	Q8N6T3	ARFGAP1	A
64	M	64	13.6	-21.094	42.969	NA	0.643115942028986	1	0	0	1	0.9423107452005068	Inf	NO	Q8N6T3	ARFGAP1	A
65	D	65	12.556	-21.113	39.186	NA	0.643115942028986	1	0	0	1	0.8866019828286105	Inf	NO	Q8N6T3	ARFGAP1	A
66	K	66	13.535	-19.508	35.77	NA	0.642599277978339	0	0	0	1	1.0350553167873011	Inf	NO	Q8N6T3	ARFGAP1	A
67	W	67	12.05	-15.917	35.649	NA	0.687364620938628	0	0	0	1	1.1385867025004284	Inf	NO	Q8N6T3	ARFGAP1	A
68	K	68	11.481	-13.593	32.656	NA	0.75327972915785	0	0	0	1	1.3567911167685311	Inf	NO	Q8N6T3	ARFGAP1	A
69	D	69	10.819	-9.795	32.89	NA	0.784772182254197	0	0	0	1	1.4801955316406126	Inf	NO	Q8N6T3	ARFGAP1	A
70	I	70	7.413	-10.293	31.221	NA	0.831599065619028	0	0	0	1	1.2473233646883954	Inf	NO	Q8N6T3	ARFGAP1	A
71	E	71	6.522	-12.949	33.898	NA	0.826280152348709	0	0	0	1	1.0916601255634595	Inf	NO	Q8N6T3	ARFGAP1	A
72	L	72	7.364	-10.394	36.644	NA	0.871651785714286	0	0	0	1	1.2998591921830054	Inf	NO	Q8N6T3	ARFGAP1	A
73	E	73	5.409	-7.728	34.709	NA	0.866741071428571	0	0	0	1	1.3495676648607857	Inf	NO	Q8N6T3	ARFGAP1	A
74	K	74	2.438	-10.185	34.704	NA	0.860593971631206	1	0	0	1	1.1588760808723821	Inf	NO	Q8N6T3	ARFGAP1	A
75	M	75	2.784	-10.545	38.531	NA	0.860593971631206	2	0	0	0.5698907833739294	1.2405573761926372	Inf	NO	Q8N6T3	ARFGAP1	A
76	K	76	2.671	-6.717	38.842	NA	0.918623962040332	0	0	0	0.5811200035919137	1.3909150653136007	Inf	NO	Q8N6T3	ARFGAP1	A
77	A	77	-0.412	-6.492	36.516	NA	0.91016548463357	0	0	0	0.5811200035919137	1.3241408147122655	Inf	NO	Q8N6T3	ARFGAP1	A
78	G	78	-2.225	-9.347	38.288	NA	0.859375	0	0	0	0.5687204181586204	1.3090103642787325	Inf	NO	Q8N6T3	ARFGAP1	A
79	G	79	-2.993	-9.852	41.986	NA	0.906674660271783	0	0	0	0.5687204181586205	1.3671100759040642	Inf	NO	Q8N6T3	ARFGAP1	A
80	N	80	-5.054	-11.89	44.482	NA	0.88045540796964	0	0	0	0.5723003588172128	1.3637307230534312	Inf	NO	Q8N6T3	ARFGAP1	A
81	A	81	-7.56	-9.088	45.346	NA	0.874789915966387	2	0	0	0.5811200035919137	1.5043773414987003	Inf	NO	Q8N6T3	ARFGAP1	A
82	K	82	-7.512	-7.863	41.675	NA	0.941595143395437	0	0	0	0.5723003588172128	1.4150413363943888	Inf	NO	Q8N6T3	ARFGAP1	A
83	F	83	-8.504	-11.306	40.253	NA	0.884143930407276	2	0	0	0.3143395929912786	1.2619794370702084	Inf	NO	Q8N6T3	ARFGAP1	A
84	R	84	-11.035	-11.819	43.118	NA	0.877895563407931	2	0	0	0.5687204181586204	1.3658737847692566	Inf	NO	Q8N6T3	ARFGAP1	A
85	E	85	-12.636	-8.32	42.604	NA	0.881008668242711	0	0	0	1	1.5898138040400058	Inf	NO	Q8N6T3	ARFGAP1	A
86	F	86	-12.645	-8.785	38.785	NA	0.884722222222222	0	0	0	0.5698907833739294	1.3853502783320777	Inf	NO	Q8N6T3	ARFGAP1	A
87	L	87	-14.323	-12.241	38.921	NA	0.843614412375024	0	0	0	0.5687204181586205	1.3390938445641858	Inf	NO	Q8N6T3	ARFGAP1	A
88	E	88	-16.928	-10.824	41.396	NA	0.851571374479364	1	0	0	0.5811200035919137	1.444941270152471	Inf	NO	Q8N6T3	ARFGAP1	A
89	S	89	-17.779	-8.09	38.83	NA	0.876895306859206	0	0	0	1	1.4512848256724378	Inf	NO	Q8N6T3	ARFGAP1	A
90	Q	90	-18.751	-10.613	36.074	NA	0.863349282296651	0	0	0	0.5760194861318457	1.3618680898461624	Inf	NO	Q8N6T3	ARFGAP1	A
91	E	91	-22.076	-11.994	34.731	NA	0.813512361466326	2	0	0	1	1.3010460580727004	Inf	NO	Q8N6T3	ARFGAP1	A
92	D	92	-20.755	-15.606	34.327	NA	0.796338672768879	1	0	0	0.5723003588172128	1.3109696941070683	Inf	NO	Q8N6T3	ARFGAP1	A
93	Y	93	-19.381	-15.581	37.964	NA	0.774922918807811	1	0	0	0.5687204181586204	1.272786624022786	-2.988636038260845	NO	Q8N6T3	ARFGAP1	A
94	D	94	-20.277	-18.524	40.215	NA	0.707538317172349	2	0	0	0.5723003588172128	0.945975636608885	-0.4430287785169349	NO	Q8N6T3	ARFGAP1	A
95	P	95	-18.905	-18.559	43.841	NA	0.755956678700361	0	0	1.47209378401811	0.5694844481361335	0.5382484891192049	0.6606549226799919	NO	Q8N6T3	ARFGAP1	A
96	C	96	-19.635	-22.351	43.864	NA	0.764233576642336	1	0	0	0.9999999999999999	-0.021416962256603996	-0.5235620778859958	NO	Q8N6T3	ARFGAP1	A
97	W	97	-17.264	-22.947	40.914	NA	0.747863247863248	1	0	0	1	0.3502159229724425	-1.5352616512098234	NO	Q8N6T3	ARFGAP1	A
98	S	98	-14.908	-25.896	41.087	NA	0.750612745098039	2	0	0	1	0.004987198440781105	-1.0794305934529125	NO	Q8N6T3	ARFGAP1	A
99	L	99	-11.254	-25.024	40.277	NA	0.701871657754011	0	0	0	1	0.06238293431536113	-1.1388868183777268	NO	Q8N6T3	ARFGAP1	A
100	Q	100	-11.748	-26.67	36.774	NA	0.730507587650445	0	0	0	1	0.3032384853161654	-1.8611698470939917	NO	Q8N6T3	ARFGAP1	A
101	E	101	-14.772	-24.517	35.799	NA	0.735898787559304	1	0	0	0.5760194861318457	0.5970899581677114	-2.0373364394638123	NO	Q8N6T3	ARFGAP1	A
102	K	102	-13.429	-21.357	37.551	NA	0.733790195044808	1	0	0	0.5698234349919743	1.0900391238588854	-2.143036394885705	NO	Q8N6T3	ARFGAP1	A
103	Y	103	-10.47	-21.489	35.146	NA	0.733790195044808	0	0	0	0.5719636169074371	0.8576970418168126	Inf	NO	Q8N6T3	ARFGAP1	A
104	N	104	-12.492	-22.683	32.121	NA	0.732275132275132	1	0	0	0.5698907833739294	1.0302010699926112	-2.143036394885705	NO	Q8N6T3	ARFGAP1	A
105	S	105	-14.783	-19.608	32.58	NA	0.728991596638655	0	0	0	0.5687204181586205	1.2920850589904755	Inf	NO	Q8N6T3	ARFGAP1	A
106	R	106	-14.981	-16.487	30.305	NA	0.672463768115942	0	0	0	0.5698907833739294	1.3035450669321387	Inf	NO	Q8N6T3	ARFGAP1	A
107	A	107	-14.296	-14.241	33.385	NA	0.644981412639405	2	0	0	0.5719636169074371	1.3367809697835267	Inf	NO	Q8N6T3	ARFGAP1	A
108	A	108	-10.924	-16.132	33.711	NA	0.697294776119403	2	0	0	0.5719636169074371	1.1850877452596333	Inf	NO	Q8N6T3	ARFGAP1	A
109	A	109	-10.185	-15.763	29.924	NA	0.733716160787531	2	0	0	0.5723003588172128	1.171587226523718	Inf	NO	Q8N6T3	ARFGAP1	A
110	L	110	-10.772	-11.99	30.216	NA	0.708061749571183	1	0	0	0.5811200035919137	1.2930055194073151	Inf	NO	Q8N6T3	ARFGAP1	A
111	F	111	-8.448	-11.475	33.223	NA	0.738636363636364	0	0	0	0.5687204181586205	1.2050239497315387	Inf	NO	Q8N6T3	ARFGAP1	A
112	R	112	-5.772	-13.673	31.467	NA	0.707859848484848	1	0	0	0.5723003588172128	1.0454669554866016	Inf	NO	Q8N6T3	ARFGAP1	A
113	D	113	-5.936	-11.137	28.553	NA	0.653409090909091	0	0	0	0.5687204181586204	1.1691419988897238	Inf	NO	Q8N6T3	ARFGAP1	A
114	K	114	-6.015	-8.048	30.859	NA	0.676981132075472	0	0	0	0.5687204181586205	1.3216291089755747	Inf	NO	Q8N6T3	ARFGAP1	A
115	V	115	-2.867	-9.42	32.653	NA	0.655893536121673	1	0	0	0.5723003588172128	1.245747117586661	Inf	NO	Q8N6T3	ARFGAP1	A
116	V	116	-1.193	-10.038	29.228	NA	0.702743074416078	0	0	0	1	1.204389115286208	Inf	NO	Q8N6T3	ARFGAP1	A
117	A	117	-2.158	-6.519	28.007	NA	0.707470010905125	1	0	0	0.9999999999999999	1.3078063256629218	Inf	NO	Q8N6T3	ARFGAP1	A
118	L	118	-1.119	-4.507	31.125	NA	0.73579304495335	0	0	0	0.9999999999999999	1.2963994840404112	Inf	NO	Q8N6T3	ARFGAP1	A
119	A	119	2.224	-6.453	31.418	NA	0.756815703380589	0	0	0	1	1.218723047395279	Inf	NO	Q8N6T3	ARFGAP1	A
120	E	120	2.946	-5.376	27.785	NA	0.73510773130545	1	0	0	0.9999999999999999	1.3490983881948344	Inf	NO	Q8N6T3	ARFGAP1	A
121	G	121	2.195	-1.769	28.833	NA	0.740033927056828	0	0	0	1	1.337261326421653	Inf	NO	Q8N6T3	ARFGAP1	A
122	R	122	-0.953	-1.768	26.638	NA	0.807692307692308	2	0	0	1	1.2711599413766672	Inf	NO	Q8N6T3	ARFGAP1	A
123	E	123	-4.29	-0.102	27.548	NA	0.82280750137893	1	0	0	0.9999999999999999	1.3413679078747118	Inf	NO	Q8N6T3	ARFGAP1	A
124	W	124	-7.04	-2.748	28.023	NA	0.876172090457805	0	0	0	1	1.3248194439068617	Inf	NO	Q8N6T3	ARFGAP1	A
125	S	125	-10.675	-2.691	26.869	NA	0.939940828402367	1	0	0	0.9999999999999999	1.3732233231245836	Inf	NO	Q8N6T3	ARFGAP1	A
126	L	126	-13.269	-4.781	28.793	NA	0.92843300110742	1	0	0	1	1.3732197174825713	Inf	NO	Q8N6T3	ARFGAP1	A
127	E	127	-15.409	-4.399	25.58	NA	0.923901098901099	0	0	0	1	1.5398027639434415	Inf	NO	Q8N6T3	ARFGAP1	A
128	S	128	-12.652	-6.069	23.376	NA	0.970992748187047	1	0	0	0.9999999999999999	1.479449673694746	Inf	NO	Q8N6T3	ARFGAP1	A
134	W	134	-14.568	-17.234	24.382	NA	0.989338235294118	1	0	0	1	1.4094342557510322	Inf	NO	Q8N6T3	ARFGAP1	A
135	T	135	-16.296	-20.686	24.38	NA	1.02016129032258	0	0	0	1	1.5197001813006135	Inf	NO	Q8N6T3	ARFGAP1	A
136	P	136	-15.768	-22.513	27.75	NA	0.970588235294118	0	0	0	1	1.3217957360652055	Inf	NO	Q8N6T3	ARFGAP1	A
137	P	137	-15.155	-26.323	27.513	NA	1.04166666666667	2	0	0	1	1.1585732271786473	-1.2974367515105656	NO	Q8N6T3	ARFGAP1	A
138	Q	138	-17.236	-29.095	29.24	NA	1.02142857142857	0	0	0	1	0.6998614296612302	-2.0021031209898488	NO	Q8N6T3	ARFGAP1	A
