Uniprot_position	aminoacid	Position_in_structure	x	y	z	paraz	mtr	gscount	pscount	OR	pvalue	mtr3dscore	paraz3dscore	HotSpot3D	Uniprot	gene	chain
2	S	2	43.953	155.545	347.673	-0.65	0.34280303030303	0	0	0	0.284090909090909	-0.6904786442853424	-5.6543114971353345	NO	P68400	CSNK2A1	A
3	G	3	40.916	153.199	347.777	0.49	0.302737520128824	0	0	0	0.284090909090909	-0.20289474882276645	-4.563531457820703	NO	P68400	CSNK2A1	A
4	P	4	37.187	153.845	348.443	0.49	0.298850574712644	0	0	0	0.1451525413789565	0.10860228698766053	-2.080786123059324	NO	P68400	CSNK2A1	A
5	V	5	35.907	157.047	350.11	-0.36	0.296296296296296	2	0	0	0.1451525413789565	0.03868310504088119	-2.739375902711555	NO	P68400	CSNK2A1	A
6	P	6	34.678	156.367	353.734	-0.65	0.39811320754717	0	0	0	0.07359883303279528	-0.1009073860985617	-1.3453716714234254	NO	P68400	CSNK2A1	A
7	S	7	30.957	156.68	354.58	0.49	0.39578313253012	0	0	0	0.07359883303279528	-0.04600107882474738	-0.7620469803795002	NO	P68400	CSNK2A1	A
8	R	8	28.922	156.718	357.806	0.49	0.398823529411765	0	0	0	0.1451525413789565	-0.0011983533154486163	-0.48533233006553883	NO	P68400	CSNK2A1	A
9	A	9	25.167	156.49	358.633	0.49	0.396067415730337	0	0	1.120456815443766	1	-0.5040135490157883	-0.033903833052101304	NO	P68400	CSNK2A1	A
10	R	10	23.252	159.849	358.633	0.49	0.397826086956522	0	0	3.4944569568368467	0.5492424242424243	-0.9425932968782853	-0.14865726890959233	NO	P68400	CSNK2A1	A
11	V	11	21.292	158.696	361.749	0.49	0.363157894736842	0	0	3.4944569568368467	0.5492424242424243	-0.6144716098607712	-0.5441766104974097	NO	P68400	CSNK2A1	A
12	Y	12	22.146	156.711	364.961	0.49	0.361329026303646	0	0	0	1	0.16177096600521926	-0.9222307901148026	NO	P68400	CSNK2A1	A
13	T	13	25.792	156.9	363.87	-0.65	0.40422322775264	0	0	0	0.284090909090909	0.08653979278059115	-0.9668970189685178	NO	P68400	CSNK2A1	A
14	D	14	27.384	156.609	367.299	-0.08	0.406330511593669	0	0	0	0.284090909090909	0.14127789794848006	-1.499557755123838	NO	P68400	CSNK2A1	A
16	N	16	27.145	151.684	369.85	0.49	0.402472527472527	0	0	0	1	0.2021216843935108	-1.5567661089381977	NO	P68400	CSNK2A1	A
17	T	17	30.221	153.943	370.301	-0.08	0.40053050397878	0	0	0	0.5227272727272727	0.077888956923266	-2.655533638547438	NO	P68400	CSNK2A1	A
18	H	18	28.654	155.47	373.398	-1.22	0.431944444444444	0	0	0	1	-0.24538344867757095	-3.5124836616402564	NO	P68400	CSNK2A1	A
19	R	19	27.414	152.234	374.92	0.49	0.430894308943089	0	0	0	1	-0.19636779945499802	-2.909259091813323	NO	P68400	CSNK2A1	A
20	P	20	29.523	149.864	377.085	-0.65	0.536890645586298	0	0	0	1	-0.6377085450107584	-2.6235211376847754	NO	P68400	CSNK2A1	A
22	E	22	28.473	144.564	377.364	0.49	0.434343434343434	0	0	1.683175810132247	1	-0.49104976193765987	-1.5611696384686273	NO	P68400	CSNK2A1	A
23	Y	23	25.868	145.856	374.817	0.49	0.435994930291508	0	0	1.7189455448024162	0.6257861635220127	-0.1543554207455215	-1.3134711023819605	NO	P68400	CSNK2A1	A
24	W	24	27.675	145.097	371.49	0.49	0.389433962264151	0	0	1.7189455448024162	0.6257861635220127	-0.0033134499455632284	-0.954766926049047	NO	P68400	CSNK2A1	A
25	D	25	30.451	142.57	372.42	0.49	0.388636363636364	0	0	1.7189455448024162	0.6257861635220127	-0.05279601319313013	-0.08763856934861261	NO	P68400	CSNK2A1	A
26	Y	26	28.47	139.467	371.576	0.49	0.388636363636364	0	0	1.7189455448024162	0.6257861635220127	-0.11265804020544233	-0.22609491567228307	NO	P68400	CSNK2A1	A
27	E	27	31.567	137.17	371.745	0.49	0.390458015267176	0	1	1.7189455448024162	0.6257861635220127	-0.5898211863167817	-0.12038982023118326	NO	P68400	CSNK2A1	A
28	S	28	31.747	137.834	375.553	-0.36	0.437179487179487	1	0	1.7189455448024162	0.6257861635220127	-0.6188865014355521	-0.6194565003465414	NO	P68400	CSNK2A1	A
29	H	29	27.995	137.294	376.127	0.49	0.435897435897436	0	0	1.7189455448024162	0.6257861635220127	-0.4213305568441324	-0.8400261491475255	NO	P68400	CSNK2A1	A
30	V	30	27.124	134.451	378.557	0.49	0.433333333333333	0	0	1.7189455448024162	0.6257861635220127	-0.42614720497674685	-2.5708851987663586	NO	P68400	CSNK2A1	A
31	V	31	24.363	132.288	377.13	-0.65	0.485209923664122	0	0	1.7189455448024162	0.6257861635220127	-0.7427640533025172	-1.1497148479691093	NO	P68400	CSNK2A1	A
32	E	32	22.163	130.371	379.669	-0.93	0.481939163498099	0	0	0	0.5227272727272727	-0.704595400852622	-1.5798999290060454	NO	P68400	CSNK2A1	A
33	W	33	20.009	127.358	378.51	0.49	0.430925221799746	0	0	0	0.5227272727272727	-0.9804175789339639	-1.6484270773173395	NO	P68400	CSNK2A1	A
34	G	34	16.372	126.722	379.418	0.49	0.481132075471698	0	0	0	1	-1.0966519347239236	-1.4749993805442976	NO	P68400	CSNK2A1	A
35	N	35	14.798	123.285	379.649	0.49	0.481534090909091	1	0	0	1	-1.3335664107488436	-0.6472577692116631	NO	P68400	CSNK2A1	A
36	Q	36	14.379	121.657	376.196	0.49	0.481534090909091	0	0	0	0.5227272727272727	-1.5745154382318964	0.7836115434152743	NO	P68400	CSNK2A1	A
37	D	37	11.939	119.214	377.967	0.49	0.368278109722977	0	0	0	0.5227272727272727	-1.3828768679563392	0.5026226965575613	NO	P68400	CSNK2A1	A
38	D	38	9.493	122.15	378.448	0.49	0.319811320754717	0	0	0	0.5227272727272727	-1.6909211535985345	0.4815493786819917	NO	P68400	CSNK2A1	A
39	Y	39	8.8	121.928	374.66	0.49	0.321022727272727	0	0	0	0.5227272727272727	-1.8760100479618056	0.26737931900617584	NO	P68400	CSNK2A1	A
40	Q	40	7.102	119.321	372.501	0.49	0.321969696969697	0	0	0	0.284090909090909	-2.0861430110843986	1.0990094313788028	NO	P68400	CSNK2A1	A
41	L	41	7.665	119.747	368.734	0.49	0.319548872180451	0	0	0	0.5227272727272727	-1.9784286268617282	1.1203787228200401	NO	P68400	CSNK2A1	A
42	V	42	4.349	119.817	366.734	0.49	0.420987654320988	0	0	0	0.5227272727272727	-2.183556063368503	1.0259039606587792	NO	P68400	CSNK2A1	A
43	R	43	5.204	120.257	363.059	0.49	0.420987654320988	1	0	1.7189455448024162	0.6257861635220127	-1.9409625878478283	1.0259039606587792	NO	P68400	CSNK2A1	A
44	K	44	7.918	121.424	360.666	0.49	0.360569319978914	0	0	7.700834091805119	0.060166248845494125	-1.7701938643938542	1.3768102201148906	NO	P68400	CSNK2A1	A
45	L	45	7.309	124.962	359.428	0.49	0.364021164021164	0	0	7.700834091805119	0.060166248845494125	-2.0094807635895995	0.65465530935014	NO	P68400	CSNK2A1	A
46	G	46	10.332	125.252	357.117	0.49	0.366737739872068	0	0	12.95818966235069	0.008690680388793596	-1.5346283672950025	1.3768102201148906	YES	P68400	CSNK2A1	A
47	R	47	14.09	124.97	356.541	0.49	0.368869936034115	0	2	12.95818966235069	0.008690680388793596	-1.3608258778184188	1.3768102201148906	YES	P68400	CSNK2A1	A
48	G	48	16.958	127.449	356.193	0.49	0.368869936034115	0	0	35.616905090123666	1.4325297344165244e-4	-0.9226280963743517	1.3768102201148906	YES	P68400	CSNK2A1	A
49	K	49	20.584	126.817	355.082	0.49	0.366895097522404	0	0	35.616905090123666	1.4325297344165244e-4	-1.3941967064612546	1.3768102201148906	YES	P68400	CSNK2A1	A
50	Y	50	21.607	125.861	358.662	0.49	0.369622942113648	0	2	35.616905090123666	1.4325297344165244e-4	-1.420785007207669	1.3768102201148906	YES	P68400	CSNK2A1	A
51	S	51	18.213	125.868	360.447	0.49	0.214197530864198	0	2	35.616905090123666	3.8797680307114246e-5	-1.45653482110835	1.3768102201148906	YES	P68400	CSNK2A1	A
52	E	52	14.98	123.9	360.82	0.49	0.214197530864198	0	0	12.95818966235069	0.008690680388793596	-1.8096972296646603	1.3768102201148906	YES	P68400	CSNK2A1	A
53	V	53	11.919	125.712	362.176	0.49	0.215613382899628	0	0	16.112617788587865	0.0030083124422747025	-1.7471179738906595	1.033970771220989	YES	P68400	CSNK2A1	A
54	F	54	9.144	123.947	364.064	0.49	0.216232961586121	0	0	3.782896976752818	0.18327689082406068	-2.0432437514338337	0.6009174908730448	NO	P68400	CSNK2A1	A
55	E	55	5.875	124.895	365.685	0.49	0.183974696889826	0	0	0	0.5227272727272727	-2.234959534525086	0.6009174908730448	NO	P68400	CSNK2A1	A
56	A	56	5.972	123.595	369.301	0.49	0.184126984126984	0	0	0	0.5227272727272727	-2.162724679938088	0.6494107864506603	NO	P68400	CSNK2A1	A
57	I	57	3.993	123.661	372.465	0.49	0.161111111111111	1	0	0	0.5227272727272727	-2.2580462737396907	0.7379808759768423	NO	P68400	CSNK2A1	A
58	N	58	5.323	124.913	375.799	0.49	0.161710037174721	0	0	0	0.5227272727272727	-2.0484624437788255	0.3073816198676952	NO	P68400	CSNK2A1	A
59	I	59	4.004	122.03	378.01	0.49	0.161847014925373	0	0	0	0.5227272727272727	-2.1108837273720416	1.0064091684667733	NO	P68400	CSNK2A1	A
60	T	60	4.315	124.166	381.216	0.49	0.186034115138593	0	0	0	0.5227272727272727	-2.1832975587407617	0.9323289581371502	NO	P68400	CSNK2A1	A
61	N	61	1.609	126.68	380.078	0.49	0.186034115138593	0	0	0	1	-2.6172185285953358	0.821208642642715	NO	P68400	CSNK2A1	A
62	N	62	-0.028	124.939	376.994	0.49	0.184656084656085	0	0	0	1	-2.642044050544335	0.8639472255251895	NO	P68400	CSNK2A1	A
63	E	63	1.046	127.858	374.747	0.49	0.183447548761202	0	0	0	1	-2.5312099404010646	-0.36658119591308963	NO	P68400	CSNK2A1	A
64	K	64	2.244	127.512	371.174	-0.08	0.212287104622871	0	0	0	0.5227272727272727	-2.377190931882069	0.020839118759794727	NO	P68400	CSNK2A1	A
65	V	65	5.798	128.74	370.397	0.49	0.213064713064713	0	0	0	0.2855917667238421	-2.095498939899538	-0.1437835708615907	NO	P68400	CSNK2A1	A
66	V	66	8.176	128.517	367.435	0.49	0.212121212121212	0	0	0.818703199933371	1	-1.740086224207794	-0.4137114627509066	NO	P68400	CSNK2A1	A
67	V	67	11.493	126.606	367.865	0.49	0.36101083032491	0	0	1.80321013273443	0.45608772778584095	-1.8011066921615893	-0.3263689416355023	NO	P68400	CSNK2A1	A
68	K	68	14.356	127.331	365.437	0.49	0.3584229390681	0	0	6.761532145095026	0.004010318186123584	-1.3332265621557935	0.29416920256812923	YES	P68400	CSNK2A1	A
69	I	69	16.935	124.538	365.654	0.49	0.357398873527906	0	0	35.616905090123666	0.0016712846901526187	-1.6454075539896356	0.7117593093361655	YES	P68400	CSNK2A1	A
70	L	70	20.341	125.762	364.409	0.49	0.359979370809696	0	0	23.92761432044126	2.988246866207523e-4	-1.2127863741482243	0.5212673399171344	YES	P68400	CSNK2A1	A
71	K	71	23.055	123.606	362.798	0.49	0.362042289840124	0	0	35.616905090123666	5.013854070457848e-4	-1.5247050605934103	1.1101214629282463	YES	P68400	CSNK2A1	A
72	P	72	26.007	125.097	364.774	0.49	0.364675324675325	0	0	35.616905090123666	0.005327219949861461	-1.3914151642882566	1.0869311362163638	YES	P68400	CSNK2A1	A
73	V	73	28.409	125.537	361.805	0.49	0.255072463768116	0	1	35.616905090123666	0.005327219949861461	-1.3867049493510533	0.9323289581371502	YES	P68400	CSNK2A1	A
74	K	74	29.695	128.897	363.235	0.49	0.423586040914561	0	0	35.616905090123666	0.005327219949861461	-1.0047084675439109	1.3768102201148906	YES	P68400	CSNK2A1	A
75	K	75	29.356	129.434	367.047	0.49	0.42512077294686	0	0	12.95818966235069	0.008690680388793596	-0.9125999875449946	0.37672738066497385	YES	P68400	CSNK2A1	A
76	K	76	30.239	133.181	366.871	0.49	0.366753246753247	0	0	3.782896976752818	0.18327689082406068	-0.3469459067833585	-0.049094580214703525	NO	P68400	CSNK2A1	A
77	K	77	27.189	133.747	364.505	0.49	0.429440389294404	0	0	16.112617788587865	0.0030083124422747025	-0.23086030201524213	1.0869311362163638	YES	P68400	CSNK2A1	A
78	I	78	24.811	132.035	366.971	0.49	0.431013431013431	0	0	28.818577552758235	8.527593747428612e-5	-0.58258031768934615	0.33077537049810257	YES	P68400	CSNK2A1	A
79	K	79	26.139	134.201	369.839	0.49	0.431013431013431	0	0	3.782896976752818	0.18327689082406068	-0.37508980627455446	-0.5372239223729879	NO	P68400	CSNK2A1	A
80	R	80	25.619	137.303	367.665	0.49	0.431013431013431	0	1	3.782896976752818	0.18327689082406068	0.06967669022640922	0.4108747102141978	NO	P68400	CSNK2A1	A
81	E	81	21.953	136.418	366.832	0.49	0.431013431013431	0	0	3.0330310629233783	0.151665703492279	0.05264194913720424	0.43806099609982396	NO	P68400	CSNK2A1	A
82	I	82	21.23	135.663	370.539	-0.08	0.470588235294118	1	0	1.8531158825308818	0.4759963708177278	-0.3045448490305501	-0.692237057863364	NO	P68400	CSNK2A1	A
83	K	83	22.779	138.932	371.744	0.49	0.470588235294118	0	0	1.4028087516826089	0.7150459603289792	-0.023553204782180343	-0.480928800535109	NO	P68400	CSNK2A1	A
84	I	84	20.905	140.982	369.127	0.49	0.473666554847367	0	0	3.0330310629233783	0.151665703492279	0.4380923540626342	0.5051145121009002	NO	P68400	CSNK2A1	A
85	L	85	17.586	139.257	369.928	0.49	0.476767676767677	0	0	2.381452482601	0.2721888174718364	0.3366569765027092	-0.28707029347283586	NO	P68400	CSNK2A1	A
86	E	86	18.05	139.891	373.668	0.49	0.583747927031509	0	0	0.818703199933371	1	-0.1822216314411458	-1.5474086086860348	NO	P68400	CSNK2A1	A
87	N	87	18.951	143.568	372.979	0.49	0.586466165413534	0	0	0.818703199933371	1	0.39530457266439833	0.3000096396270206	NO	P68400	CSNK2A1	A
88	L	88	15.889	144.106	370.761	0.49	0.659774436090226	0	0	0.6365271143245821	0.699725850669247	0.9371849702650719	0.08365567137848114	NO	P68400	CSNK2A1	A
89	R	89	13.396	142.062	372.821	0.49	0.664150943396226	1	0	0.6365271143245821	0.699725850669247	0.6207241051839162	-0.6882932838107283	NO	P68400	CSNK2A1	A
90	G	90	10.159	144.079	373.293	0.49	0.666666666666667	0	0	0	0.2855917667238421	0.8147774864078611	-0.6175070211273403	NO	P68400	CSNK2A1	A
91	G	91	10.8	146.459	370.405	0.49	0.664772727272727	0	0	0	0.2855917667238421	1.3813977254760232	-0.16467084821016864	NO	P68400	CSNK2A1	A
92	P	92	7.742	147.237	368.16	-0.36	0.669201520912548	1	0	0	0.5227272727272727	1.7634000656629616	0.13401721787449716	NO	P68400	CSNK2A1	A
93	N	93	7.09	144.391	365.702	0.49	0.531320754716981	0	0	0.39327164745707743	0.6401790033865505	1.3522269919634642	0.10735522267072424	NO	P68400	CSNK2A1	A
94	I	94	10.371	142.636	366.534	0.49	0.479835953520164	0	0	1.285618727395533	1	1.210510131049879	0.41643519423500774	NO	P68400	CSNK2A1	A
95	I	95	9.988	138.873	367.032	0.49	0.47940074906367	0	0	1.285618727395533	1	0.4082023793333831	-0.23862310044432308	NO	P68400	CSNK2A1	A
96	T	96	10.301	138.058	370.796	-0.93	0.48257006151743	0	0	1	1	-0.02551937645917038	-1.0405440116938744	NO	P68400	CSNK2A1	A
97	L	97	12.93	135.532	371.813	0.49	0.482124616956078	2	0	1.285618727395533	1	-0.34731014892190376	-0.5372239223729879	NO	P68400	CSNK2A1	A
98	A	98	11.217	133.594	374.672	-0.65	0.397388059701493	0	0	0	0.1451525413789565	-1.1884530635543797	-1.03113273270463	NO	P68400	CSNK2A1	A
99	D	99	14.015	131.04	375.539	0.49	0.398876404494382	0	0	0	0.1451525413789565	-1.0815953734459356	-1.3953492295883867	NO	P68400	CSNK2A1	A
100	I	100	17.228	129.339	374.317	-0.93	0.442786069651741	0	0	0	0.2855917667238421	-0.961981948270645	-0.9333226546378406	NO	P68400	CSNK2A1	A
101	V	101	17.534	125.58	374.733	0.49	0.439506172839506	0	0	0	0.2855917667238421	-1.0955380261930407	-1.1481014858566672	NO	P68400	CSNK2A1	A
102	K	102	19.935	122.803	373.779	0.49	0.439506172839506	0	0	0	1	-1.1458841074137647	-0.4583891827877589	NO	P68400	CSNK2A1	A
103	D	103	19.612	119.125	372.785	0.49	0.438271604938272	0	0	0	1	-1.208393135159393	0.36477622545161403	NO	P68400	CSNK2A1	A
104	P	104	22.32	117.428	374.924	0.49	0.439900867410161	0	0	0	1	-1.0802180091479343	0.9323289581371502	NO	P68400	CSNK2A1	A
105	V	105	22.436	114.242	372.74	0.49	0.329291044776119	0	0	0	1	-1.2119570382834284	0.636008116818656	NO	P68400	CSNK2A1	A
106	S	106	22.783	115.824	369.232	0.49	0.328066914498141	0	0	0	1	-1.4368894769377625	0.8639472255251895	NO	P68400	CSNK2A1	A
107	R	107	24.688	118.867	370.716	-0.08	0.377398720682303	0	0	35.616905090123666	0.37500000000000006	-1.4284793305663952	0.9323289581371502	NO	P68400	CSNK2A1	A
108	T	108	22.355	121.328	368.919	0.49	0.221383647798742	0	0	35.616905090123666	0.005327219949861461	-1.3465079166736282	0.4815493786819917	YES	P68400	CSNK2A1	A
109	P	109	21.194	124.827	370.053	0.49	0.222012578616352	0	0	4.9957026352542355	0.08989275923238187	-1.1461341188228207	-0.33427554028062245	NO	P68400	CSNK2A1	A
110	A	110	17.673	126.115	369.471	0.49	0.189406099518459	0	0	1.80321013273443	0.45608772778584095	-1.3085736699648005	-0.409102937767431	NO	P68400	CSNK2A1	A
111	L	111	16.005	129.505	369.875	0.49	0.18816631130064	0	0	2.381452482601	0.2721888174718364	-1.0733392066612226	-0.4311198557785512	NO	P68400	CSNK2A1	A
112	V	112	12.358	129.657	371.113	0.49	0.290534979423868	0	0	0.30548464419424753	0.39324302531849725	-1.4743432225862543	-0.48898403748101665	NO	P68400	CSNK2A1	A
113	F	113	10.162	132.497	369.838	0.49	0.186083289404323	0	0	1	1	-1.1032649100514202	-0.6362835841333258	NO	P68400	CSNK2A1	A
114	E	114	6.642	133.789	370.484	0.49	0.188336008560728	0	0	0.39327164745707743	0.6401790033865505	-1.2842099733580552	-0.4583891827877589	NO	P68400	CSNK2A1	A
115	H	115	4.215	132.112	368.086	-0.36	0.187633262260128	0	0	0.5388491202103879	1	-1.257255910990146	-0.339989221310169	NO	P68400	CSNK2A1	A
116	V	116	3.065	133.948	364.94	-0.08	0.187265917602996	0	0	0.827794671963269	1	-0.5732237612834471	-0.7733506834152017	NO	P68400	CSNK2A1	A
117	N	117	0.348	133.239	361.525	0.49	0.185185185185185	0	0	0	0.5227272727272727	-0.5837319442053289	-0.9771859370698542	NO	P68400	CSNK2A1	A
118	N	118	1.479	133.275	359.371	0.49	0.183447548761202	0	0	0.827794671963269	1	0.1440030835859891	-0.40278580998395824	NO	P68400	CSNK2A1	A
119	T	119	-1.201	134.235	356.837	0.49	0.318933823529412	0	0	0	0.5227272727272727	0.285062889295718	-0.4362054537416835	NO	P68400	CSNK2A1	A
120	D	120	-0.497	132.512	353.484	0.49	0.320110701107011	0	0	0	1	0.17221654318739937	-0.020658567543657247	NO	P68400	CSNK2A1	A
121	F	121	0.371	135.449	351.229	0.49	0.322490706319703	0	0	0	0.5227272727272727	0.2101454503952346	0.5463320727354277	NO	P68400	CSNK2A1	A
122	K	122	-0.791	133.68	347.959	0.49	0.42716049382716	0	0	0	1	0.013280246160797168	0.09915153183879381	NO	P68400	CSNK2A1	A
123	Q	123	-4.444	134.484	349.004	0.49	0.42998760842627	0	0	0	1	0.06379782564975266	-0.13315004784776907	NO	P68400	CSNK2A1	A
124	L	124	-3.511	137.795	350.789	0.49	0.559076262083781	0	0	0	0.5227272727272727	0.2287048036878096	-0.020658567543657247	NO	P68400	CSNK2A1	A
125	Y	125	-1.611	139.266	347.712	0.49	0.647388059701493	0	0	0	0.5227272727272727	0.44683421188790845	0.514707187623951	NO	P68400	CSNK2A1	A
126	Q	126	-4.853	139.28	345.648	0.49	0.64365671641791	0	0	0	0.284090909090909	0.13343484375757464	0.5858786511820687	NO	P68400	CSNK2A1	A
127	T	127	-6.968	140.823	348.452	-0.93	0.638376383763838	1	0	0	0.284090909090909	0.16252955486726683	0.21297112625212253	NO	P68400	CSNK2A1	A
128	L	128	-4.583	143.567	349.827	0.49	0.540779220779221	0	0	0	0.2855917667238421	0.363438854080164	0.40694430856258335	NO	P68400	CSNK2A1	A
129	T	129	-5.77	147.129	349.179	0.49	0.536874677668901	0	0	0	0.2855917667238421	0.2571225589025575	-0.20505291775075257	NO	P68400	CSNK2A1	A
130	D	130	-3.696	150.322	348.829	0.49	0.531122448979592	0	0	0	0.1451525413789565	0.43591542965537705	-0.0619054436551647	NO	P68400	CSNK2A1	A
131	Y	131	-4.537	151.055	352.56	-0.08	0.531490015360983	0	0	0	0.2855917667238421	0.6077201767972638	-0.0073200255175475916	NO	P68400	CSNK2A1	A
132	D	132	-3.317	147.535	353.657	0.49	0.531122448979592	0	0	0	0.1451525413789565	1.1044819209532544	-0.04770209505813153	NO	P68400	CSNK2A1	A
133	I	133	0.045	148.029	351.891	0.49	0.525492175668854	0	0	0	0.03768600372373958	0.9066867190292149	0.1778805003065114	NO	P68400	CSNK2A1	A
134	R	134	0.519	151.427	353.595	0.49	0.525492175668854	1	0	0	0.2855917667238421	0.7119416846194032	0.49954457147461284	NO	P68400	CSNK2A1	A
135	F	135	-0.524	149.927	357.019	0.49	0.527355623100304	0	0	0	0.2855917667238421	1.4407670694674048	0.4612272213041179	NO	P68400	CSNK2A1	A
136	Y	136	1.936	146.979	356.875	0.49	0.527355623100304	0	0	0	0.07359883303279528	1.402306001348156	0.9279031134232891	NO	P68400	CSNK2A1	A
137	M	137	4.777	149.062	355.338	0.49	0.527355623100304	1	0	0	0.1451525413789565	1.1126481335085041	0.9248854920274748	NO	P68400	CSNK2A1	A
138	Y	138	4.378	151.403	358.373	0.49	0.527707168276563	0	0	0	0.1451525413789565	1.3664534370272177	0.24098206450695203	NO	P68400	CSNK2A1	A
139	E	139	4.588	148.383	360.783	0.49	0.620071684587814	0	0	0	0.1451525413789565	1.4951268881892796	0.8086762762335683	NO	P68400	CSNK2A1	A
140	I	140	7.905	147.265	359.105	0.21	0.615658362989324	0	0	0.30548464419424753	0.39324302531849725	1.1457228396495465	0.5473954250368098	NO	P68400	CSNK2A1	A
141	L	141	9.234	150.851	359.423	0.49	0.738790035587189	0	0	0	0.2855917667238421	0.9689981182765951	0.5078994824140441	NO	P68400	CSNK2A1	A
142	K	142	8.452	150.855	363.183	0.49	0.744086021505376	0	0	0	0.284090909090909	1.088857701623188	0.7353686705714622	NO	P68400	CSNK2A1	A
143	A	143	10.599	147.667	363.527	0.49	0.823250296559905	0	0	0.39327164745707743	0.6401790033865505	1.1222139658588062	0.5026226965575613	NO	P68400	CSNK2A1	A
144	L	144	13.45	149.123	361.45	0.49	0.825622775800712	0	0	1.758675302420347	0.6613449443638124	0.8895253981394198	0.24434001914289602	NO	P68400	CSNK2A1	A
145	D	145	13.514	152.556	363.093	0.49	0.822143698468787	0	0	0	0.5227272727272727	0.43454415466814156	0.4540567230265985	NO	P68400	CSNK2A1	A
146	Y	146	13.665	150.693	366.431	0.49	0.821052631578947	0	0	0	0.5227272727272727	0.9356213007642596	0.26950602360894005	NO	P68400	CSNK2A1	A
147	C	147	16.494	148.291	365.53	0.49	0.615789473684211	0	0	0.827794671963269	1	1.0329008958364225	0.5463320727354277	NO	P68400	CSNK2A1	A
148	H	148	18.49	151.099	363.803	0.49	0.611498257839721	0	0	0	1	0.6920509253086067	0.37672738066497385	NO	P68400	CSNK2A1	A
149	S	149	17.995	153.298	366.945	0.49	0.611111111111111	0	0	0	1	0.5662264886733831	-0.23434002491478073	NO	P68400	CSNK2A1	A
150	M	150	19.465	150.286	368.887	-0.65	0.404844290657439	0	0	0	1	0.7361729480373889	-0.3376175046563949	NO	P68400	CSNK2A1	A
151	G	151	22.552	150.28	366.614	0.49	0.409090909090909	0	0	0	1	0.6458190906286504	-0.441522215248594	NO	P68400	CSNK2A1	A
152	I	152	21.533	147.175	364.654	0.49	0.413145539906103	0	0	10.174398959025764	0.02360689624840567	0.8086384892491996	0.601552205037436	NO	P68400	CSNK2A1	A
153	M	153	21.183	146.563	360.881	0.49	0.417556346381969	0	0	3.782896976752818	0.18327689082406068	0.9172345114890392	0.34637120425170714	NO	P68400	CSNK2A1	A
154	H	154	18.934	143.585	359.996	0.49	0.626334519572954	0	0	16.112617788587865	0.0030083124422747025	1.142167032697565	0.65465530935014	NO	P68400	CSNK2A1	A
155	R	155	20.665	142.898	356.596	0.49	0.619298245614035	0	0	5.606306559474737	0.010262588080122498	1.2007502693788663	0.9905413143570009	NO	P68400	CSNK2A1	A
156	D	156	18.055	140.334	355.47	0.49	0.617957746478873	0	2	7.661002601927828	0.005338140701972231	1.2043397223219225	0.9397164583362256	NO	P68400	CSNK2A1	A
157	V	157	14.839	142.304	354.923	0.49	0.621478873239437	0	0	9.686443014599758	0.0036991778461067898	1.3594872640236673	0.9143756146300932	NO	P68400	CSNK2A1	A
158	K	158	12.69	140.276	352.447	0.49	0.501067615658363	0	0	6.317910883225391	0.013006213993245565	1.2725933149005626	0.8535289560136721	NO	P68400	CSNK2A1	A
159	P	159	9.083	138.953	352.365	0.49	0.629893238434164	0	0	4.147215587479503	0.06631073329186536	1.1157431018756312	0.8086762762335676	NO	P68400	CSNK2A1	A
160	H	160	10.042	135.577	353.908	0.49	0.629893238434164	0	0	16.112617788587865	0.0030083124422747025	0.5660564165673496	1.3768102201148906	NO	P68400	CSNK2A1	A
161	N	161	11.377	137.511	356.977	0.49	0.627659574468085	0	0	16.112617788587865	0.0030083124422747025	1.1033807753019047	0.7353686705714622	NO	P68400	CSNK2A1	A
162	V	162	8.146	139.522	357.487	0.49	0.621908127208481	0	0	4.9957026352542355	0.08989275923238187	0.8555006262201612	0.678075826285617	NO	P68400	CSNK2A1	A
163	M	163	5.383	137.472	359.17	0.49	0.621478873239437	0	0	1.7189455448024162	0.6257861635220127	0.4137925937424945	0.02801428533046392	NO	P68400	CSNK2A1	A
164	I	164	1.837	138.786	359.083	0.49	0.621478873239437	0	0	0.5388491202103879	1	0.4970018278444415	-0.1404416064858183	NO	P68400	CSNK2A1	A
165	D	165	-1.185	137.452	361.014	0.49	0.619298245614035	0	0	0	0.5227272727272727	0.26719733784728505	-0.8881301818290992	NO	P68400	CSNK2A1	A
166	H	166	-3.719	139.402	358.871	0.49	0.619718309859155	0	0	0	0.284090909090909	0.34153771396487703	-0.7961093095941051	NO	P68400	CSNK2A1	A
167	E	167	-6.757	138.49	361.096	-0.36	0.619298245614035	0	0	0	0.5227272727272727	0.07998623695897507	-1.472214410231154	NO	P68400	CSNK2A1	A
168	H	168	-5.114	140.359	364.008	-0.93	0.619718309859155	1	0	0	0.5227272727272727	0.42416897524977226	-1.472214410231154	NO	P68400	CSNK2A1	A
169	R	169	-3.317	142.957	361.835	-0.08	0.619718309859155	1	0	0	0.5227272727272727	0.4461937704474025	-0.5225395334491394	NO	P68400	CSNK2A1	A
170	K	170	-0.063	141.769	363.519	0.49	0.748936170212766	0	0	0	0.2855917667238421	0.4956857642563859	-0.874838278061822	NO	P68400	CSNK2A1	A
171	L	171	3.374	141.911	361.842	0.49	0.76028880866426	0	0	0.39327164745707743	0.6401790033865505	0.766080291475502	-0.8990675197861724	NO	P68400	CSNK2A1	A
172	R	172	6.753	140.653	363.075	0.49	0.759712230215827	0	0	0.6713422813337512	0.7271716641447673	0.7794540456616587	-0.24443110264357593	NO	P68400	CSNK2A1	A
173	L	173	10.234	141.079	361.512	0.49	0.847172081829121	0	0	4.147215587479503	0.06631073329186536	1.1747442250736444	0.5658268649274336	NO	P68400	CSNK2A1	A
174	I	174	12.025	137.723	361.999	0.49	0.734098018769552	0	1	4.147215587479503	0.06631073329186536	0.6252849782836963	0.4644539455290017	NO	P68400	CSNK2A1	A
175	D	175	15.382	135.915	361.347	0.49	0.722222222222222	0	1	6.317910883225391	0.013006213993245565	0.24437241126956052	0.7477080072160969	NO	P68400	CSNK2A1	A
176	W	176	18.007	138.118	362.912	0.49	0.648148148148148	0	1	3.773070017054567	0.0797855301861027	0.6101015335542425	0.822601127799287	NO	P68400	CSNK2A1	A
177	G	177	20.767	135.581	361.981	0.49	0.648148148148148	0	1	34.616905090123666	2.263497105798967e-5	0.23712294691257652	1.1966151139076984	NO	P68400	CSNK2A1	A
178	L	178	22.447	138.018	359.507	0.49	0.715457154571546	0	0	6.317910883225391	0.013006213993245565	0.6962869148787663	1.1684596285628246	NO	P68400	CSNK2A1	A
179	A	179	21.919	141.103	361.7	0.49	0.720164609053498	0	0	5.158568765947575	0.030228529666506354	0.8331916087650787	0.8889649325783462	NO	P68400	CSNK2A1	A
180	E	180	24.992	143.036	362.85	0.49	0.720164609053498	0	0	3.2565597040065812	0.13606561153730967	0.4876893816315548	0.911655411068418	NO	P68400	CSNK2A1	A
181	F	181	25.952	145.892	365.185	0.49	0.720776538620405	0	0	2.697692562821766	0.3523222060957909	0.4834393459674498	0.40111964504180114	NO	P68400	CSNK2A1	A
182	Y	182	26.655	149.133	363.326	0.49	0.72890559732665	0	0	0	0.2855917667238421	0.44522340485277084	0.20712268859452068	NO	P68400	CSNK2A1	A
183	H	183	30.072	150.719	364.153	0.49	0.787218045112782	0	0	0	0.2855917667238421	0.23958796287016734	-0.7325262950601771	NO	P68400	CSNK2A1	A
184	P	184	30.979	153.766	361.994	0.49	0.737220109843684	0	0	0	0.2855917667238421	0.20423639013597894	-0.9668970189685178	NO	P68400	CSNK2A1	A
185	G	185	33.848	153.099	359.593	0.21	0.660984848484848	2	0	0	0.07359883303279528	0.23615636263972295	-1.1575127648459116	NO	P68400	CSNK2A1	A
186	Q	186	33.326	148.797	358.519	0.49	0.58863443596268	0	0	0	0.1451525413789565	0.7415710720759319	0.5858786511820687	NO	P68400	CSNK2A1	A
187	E	187	34.04	147.295	356.725	0.49	0.530268199233717	0	0	0	0.03768600372373958	0.6582600005882907	0.27048076321854025	NO	P68400	CSNK2A1	A
188	Y	188	31.359	144.624	356.646	0.49	0.527756653992396	1	0	0.30548464419424753	0.39324302531849725	1.146081605735982	1.2555092909201857	NO	P68400	CSNK2A1	A
189	N	189	31.03	141.415	354.635	0.49	0.587484035759898	0	0	0.5388491202103879	1	0.9389345997437836	1.3768102201148906	NO	P68400	CSNK2A1	A
190	V	190	28.936	142.124	351.474	0.49	0.584706379383185	1	0	1.80321013273443	0.45608772778584095	0.8947144431479401	1.3768102201148906	NO	P68400	CSNK2A1	A
191	R	191	27.674	138.482	351.347	0.49	0.585241730279898	0	1	3.2565597040065812	0.13606561153730967	0.9203102917161349	1.3768102201148906	NO	P68400	CSNK2A1	A
192	V	192	24.434	139.308	353.209	0.49	0.578616352201258	0	0	5.158568765947575	0.030228529666506354	1.004742873967207	0.8734901307940041	NO	P68400	CSNK2A1	A
193	A	193	20.721	139.709	352.165	0.49	0.574282147315855	0	0	9.686443014599758	0.0036991778461067898	1.1200099732718327	0.9279031134232891	NO	P68400	CSNK2A1	A
194	S	194	19.113	138.283	348.234	0.49	0.567901234567901	0	0	2.360339738910446	0.2976694440485829	1.235938812354892	0.47899600673168763	NO	P68400	CSNK2A1	A
195	R	195	19.925	138.259	345.854	0.49	0.634191176470588	0	0	3.0330310629233783	0.151665703492279	1.3496409767161288	0.3701700414731175	NO	P68400	CSNK2A1	A
196	Y	196	16.764	140.193	344.839	0.49	0.632841328413284	0	0	2.381452482601	0.2721888174718364	1.3454631438453888	0.37965159949377514	NO	P68400	CSNK2A1	A
197	F	197	16.958	142.43	347.917	0.49	0.634191176470588	0	1	4.147215587479503	0.06631073329186536	1.1139558313899738	0.9905413143570009	NO	P68400	CSNK2A1	A
198	K	198	20.709	143.231	347.829	0.49	0.632352941176471	1	1	2.360339738910446	0.2976694440485829	0.9315514039908296	1.0157327647325154	NO	P68400	CSNK2A1	A
199	G	199	21.485	146.932	347.753	0.49	0.634191176470588	0	0	3.773070017054567	0.0797855301861027	0.40943383322926663	1.0378395477151097	NO	P68400	CSNK2A1	A
200	P	200	23.867	148.328	345.095	0.49	0.63003663003663	0	0	0.818703199933371	1	0.5254560733314861	0.8118760293593075	NO	P68400	CSNK2A1	A
201	E	201	26.528	148.806	347.839	0.49	0.557575757575758	0	0	0.8086118681574294	1	0.2489617278501089	0.7867678431035037	NO	P68400	CSNK2A1	A
202	L	202	26.729	145.024	348.239	0.49	0.563725490196078	0	0	0.8086118681574294	1	0.5172407543386018	0.950923990689525	NO	P68400	CSNK2A1	A
203	L	203	26.836	144.365	344.462	0.49	0.566993464052288	0	0	1	1	0.8458343579638414	0.8918178289966886	NO	P68400	CSNK2A1	A
204	V	204	29.74	146.799	343.827	0.49	0.425245098039216	0	0	0.818703199933371	1	0.5483501262751428	-0.15010620616710613	NO	P68400	CSNK2A1	A
205	D	205	31.57	145.425	346.957	0.49	0.473181818181818	0	0	0.6365271143245821	0.699725850669247	0.6395591047463982	0.34425846815208083	NO	P68400	CSNK2A1	A
206	Y	206	31.398	148.718	348.942	0.49	0.538819875776398	0	0	0.1730609083394357	0.13155021079549384	0.08937104916129562	-0.15010620616710613	NO	P68400	CSNK2A1	A
207	Q	207	31.998	147.403	352.486	0.49	0.558363417569194	0	0	0.1730609083394357	0.13155021079549384	0.2450753848602588	0.5202970921951355	NO	P68400	CSNK2A1	A
208	M	208	31.368	150.524	354.621	0.49	0.564040404040404	0	0	0	0.019577068633672368	0.2574212424385924	0.5202970921951355	NO	P68400	CSNK2A1	A
209	Y	209	27.585	150.248	354.456	0.49	0.563607085346216	0	0	0.1730609083394357	0.13155021079549384	0.27973999338165706	0.4904470017850101	NO	P68400	CSNK2A1	A
210	D	210	25.035	150.981	357.168	0.49	0.634545454545455	1	0	0.6365271143245821	0.699725850669247	0.13455476873453232	0.580914138884726	NO	P68400	CSNK2A1	A
211	Y	211	21.312	150.892	358.183	0.49	0.634545454545455	0	0	3.782896976752818	0.18327689082406068	0.1994744251097025	0.15460610554666734	NO	P68400	CSNK2A1	A
212	S	212	20.419	152.347	354.72	0.49	0.627240143369176	0	0	2.697692562821766	0.3523222060957909	-0.45671552542859595	0.4267374904309984	NO	P68400	CSNK2A1	A
213	L	213	20.95	148.826	353.297	0.49	0.566159818828858	0	0	3.0330310629233783	0.151665703492279	0.025902248034348724	0.8661966246242675	NO	P68400	CSNK2A1	A
214	D	214	17.649	147.81	355.017	0.49	0.49469964664311	0	0	4.147215587479503	0.06631073329186536	0.6338421874184808	0.9537317512670972	NO	P68400	CSNK2A1	A
215	M	215	15.895	150.783	353.373	0.49	0.495035460992908	0	0	1.9096457255141062	0.33449467933261784	-0.2667190216509167	0.4662887495000145	NO	P68400	CSNK2A1	A
216	W	216	16.915	149.541	349.884	0.49	0.48951048951049	0	0	3.0330310629233783	0.151665703492279	-0.2911920934618314	0.61651332462665	NO	P68400	CSNK2A1	A
217	S	217	15.564	146.057	350.709	-0.93	0.54320987654321	0	0	7.910759669585621	0.010111272375423318	0.6266763848646604	0.9537317512670972	NO	P68400	CSNK2A1	A
218	L	218	12.288	147.604	351.985	0.49	0.611111111111111	0	0	3.0330310629233783	0.151665703492279	0.5042817993450431	0.7554137189946942	NO	P68400	CSNK2A1	A
219	G	219	12.051	149.638	348.718	0.49	0.611498257839721	0	0	1.8531158825308818	0.4759963708177278	-0.18418145879962095	0.5122585663824428	NO	P68400	CSNK2A1	A
220	C	220	12.337	146.32	346.723	0.49	0.607266435986159	0	0	1	1	0.6111817968081646	0.5858786511820687	NO	P68400	CSNK2A1	A
221	M	221	9.453	144.85	348.772	0.49	0.603448275862069	1	0	2.381452482601	0.2721888174718364	0.9120740849315735	0.678075826285617	NO	P68400	CSNK2A1	A
222	L	222	7.295	147.99	348.291	0.49	0.67281814686659	0	0	0.6365271143245821	0.699725850669247	0.37647504632521145	0.5473954250368098	NO	P68400	CSNK2A1	A
223	A	223	7.937	148.015	344.48	0.49	0.670498084291188	0	0	0.6365271143245821	0.699725850669247	0.10554770169857623	0.012174766674459029	NO	P68400	CSNK2A1	A
224	S	224	5.519	144.254	344.617	0.49	0.668193967163039	0	0	0.5388491202103879	1	0.7360684897593711	0.5212673399171344	NO	P68400	CSNK2A1	A
225	M	225	3.749	144.858	346.214	0.49	0.665905631659056	1	0	0.2467456213464577	0.2368690533784873	0.44312379318119804	0.37965159949377514	NO	P68400	CSNK2A1	A
226	I	226	2.468	148.044	344.481	0.49	0.603448275862069	0	0	0.2467456213464577	0.2368690533784873	0.025680240351484983	0.44922080558362054	NO	P68400	CSNK2A1	A
227	F	227	3.472	146.829	340.972	0.49	0.670103092783505	0	0	0.39327164745707743	0.6401790033865505	0.19128816371393254	0.33077537049810257	NO	P68400	CSNK2A1	A
228	R	228	2.539	143.125	341.524	0.49	0.674329501915709	0	0	0.30548464419424753	0.39324302531849725	0.5132625646209639	0.04726539262006951	NO	P68400	CSNK2A1	A
229	K	229	5.955	142.118	340.143	-0.08	0.683760683760684	0	0	0.5388491202103879	1	1.1520776069863576	0.7706994083270624	NO	P68400	CSNK2A1	A
230	E	230	7.717	139.487	342.247	0.49	0.687645687645688	0	0	1.7189455448024162	0.6257861635220127	1.535571267564692	1.0737548142209767	NO	P68400	CSNK2A1	A
231	P	231	10.677	140.055	342.587	0.49	0.692488262910798	0	1	1.758675302420347	0.6613449443638124	1.5056121538159528	0.0014190192581791782	NO	P68400	CSNK2A1	A
232	F	232	10.958	143.601	341.285	0.49	0.692007797270955	0	0	1.285618727395533	1	1.2805213513058595	0.23270960334652824	NO	P68400	CSNK2A1	A
233	F	233	14.679	143.26	340.32	0.49	0.747368421052632	0	0	1	1	1.3196687848309876	-0.061589311889889184	NO	P68400	CSNK2A1	A
234	H	234	15.01	139.692	339.002	0.49	0.747887323943662	0	0	1.285618727395533	1	1.5376821706057318	0.020839118759794727	NO	P68400	CSNK2A1	A
235	G	235	18.76	139.045	338.805	0.49	0.748936170212766	0	0	1.758675302420347	0.6613449443638124	1.5093568053928583	0.6847450972986718	NO	P68400	CSNK2A1	A
236	H	236	20.069	135.55	337.989	-0.93	0.683274021352313	0	0	0.827794671963269	1	1.6212622707282633	0.3387125358905621	NO	P68400	CSNK2A1	A
237	D	237	23.378	136.034	339.867	0.49	0.628571428571429	1	0	0.39327164745707743	0.6401790033865505	1.4096133440495413	0.04921487183927057	NO	P68400	CSNK2A1	A
238	N	238	25	138.839	341.928	0.49	0.720942140296979	0	0	1	1	1.1615001172815307	0.5722069787357269	NO	P68400	CSNK2A1	A
239	Y	239	26.506	140.624	338.893	0.49	0.717844433146924	0	0	0.30548464419424753	0.39324302531849725	1.1333786488085156	0.5202970921951355	NO	P68400	CSNK2A1	A
240	D	240	23.277	140.358	336.837	0.49	0.713272543059777	0	0	0.30548464419424753	0.39324302531849725	1.251181800261476	0.42852782848944765	NO	P68400	CSNK2A1	A
241	Q	241	21.373	141.723	339.89	0.49	0.624555160142349	0	0	1	1	1.3056488461372038	0.44106019489859427	NO	P68400	CSNK2A1	A
242	L	242	23.15	145.106	339.448	0.49	0.537244897959184	1	0	0.6365271143245821	0.699725850669247	1.044748515066935	0.4039725414601435	NO	P68400	CSNK2A1	A
243	V	243	22.317	145.057	335.7	0.49	0.533434650455927	0	0	0	0.1451525413789565	1.2273848733867172	-0.13315004784776907	NO	P68400	CSNK2A1	A
244	R	244	18.592	144.492	336.578	0.49	0.618374558303887	0	0	1	1	1.4343578159594916	0.1681331042105081	NO	P68400	CSNK2A1	A
245	I	245	18.783	147.554	338.857	0.49	0.621428571428571	0	0	1.285618727395533	1	0.9782038603011387	0.8639472255251895	NO	P68400	CSNK2A1	A
246	A	246	20.59	149.597	336.174	0.49	0.623655913978495	0	0	0	0.2855917667238421	0.9271791245855812	0.5450324199226272	NO	P68400	CSNK2A1	A
247	K	247	17.765	148.7	333.646	0.49	0.536485097636177	0	0	0	0.2855917667238421	1.2263691624835262	0.3073816198676952	NO	P68400	CSNK2A1	A
248	V	248	15.442	150.749	335.926	-0.65	0.630434782608696	1	0	0	0.2855917667238421	0.5136854794786179	0.024359011794462843	NO	P68400	CSNK2A1	A
249	L	249	17.63	153.392	337.653	0.49	0.623655913978495	0	0	0	0.2855917667238421	0.11474982600602544	-0.13669455551904294	NO	P68400	CSNK2A1	A
250	G	250	19.858	153.879	334.59	0.49	0.623214285714286	0	0	0	0.284090909090909	0.6346466383725767	-0.4730289501043615	NO	P68400	CSNK2A1	A
251	T	251	23.652	153.683	334.196	0.49	0.622775800711744	0	0	0	0.2855917667238421	0.8826504271383931	-0.5943298792990664	NO	P68400	CSNK2A1	A
252	E	252	24.327	157.465	334.477	0.49	0.620567375886525	0	0	0	0.5227272727272727	0.9017846782146847	-1.7972963995108413	NO	P68400	CSNK2A1	A
253	D	253	23.425	157.586	338.209	-0.08	0.534183673469388	0	0	0	0.5227272727272727	0.4731194662816765	-1.3089723041838055	NO	P68400	CSNK2A1	A
254	L	254	25.353	154.293	338.768	0.49	0.538026721479959	0	0	0	0.2855917667238421	0.4698564465242575	-1.118523180461899	NO	P68400	CSNK2A1	A
255	Y	255	28.576	155.972	337.529	0.49	0.630434782608696	0	0	0	1	0.5737043991695719	-1.8218352987735063	NO	P68400	CSNK2A1	A
256	D	256	27.786	159.037	339.696	-1.22	0.625448028673835	0	0	0	1	0.270954090225143	-2.32070203230228	NO	P68400	CSNK2A1	A
257	Y	257	27.539	156.682	342.718	0.49	0.69995988768552	0	0	0	0.284090909090909	-0.16809841126592448	-1.7267606968524918	NO	P68400	CSNK2A1	A
258	I	258	30.796	154.745	341.975	0.21	0.566544566544567	0	0	0	0.284090909090909	-0.016091422620358856	-1.5933606188529064	NO	P68400	CSNK2A1	A
259	D	259	32.571	158.113	341.406	-0.93	0.566993464052288	0	0	0	0.284090909090909	-0.10923756946577438	-2.7814289544400252	NO	P68400	CSNK2A1	A
260	K	260	31.302	159.641	344.701	0.49	0.57283950617284	0	0	0	0.284090909090909	-0.49144000531917215	-3.0095180230864975	NO	P68400	CSNK2A1	A
261	Y	261	32.772	156.77	346.73	0.49	0.514498141263941	0	0	0	0.284090909090909	-0.37951955507864066	-2.0620711225549977	NO	P68400	CSNK2A1	A
262	N	262	35.773	156.022	344.435	-1.22	0.514498141263941	0	0	0	0.284090909090909	0.00683528371952461	-3.535877412270664	NO	P68400	CSNK2A1	A
263	I	263	34.526	152.428	343.975	0.49	0.586346738763096	1	0	0	0.284090909090909	0.20289793891730923	-2.3077055041742756	NO	P68400	CSNK2A1	A
264	E	264	36.447	150.214	341.544	-0.08	0.512177121771218	0	0	0	0.2855917667238421	0.23852746346066042	-1.9470518486221615	NO	P68400	CSNK2A1	A
265	L	265	33.806	148.303	339.432	0.49	0.514074074074074	0	0	0	0.284090909090909	0.6319876599525693	-0.7961093095941044	NO	P68400	CSNK2A1	A
266	D	266	34.675	144.589	339.153	0.49	0.569085690856909	0	0	0	0.2855917667238421	0.74693945034655	0.3302476919124541	NO	P68400	CSNK2A1	A
267	P	267	35.877	143.556	335.628	0.49	0.635531135531136	0	0	0	0.5227272727272727	0.7369830005643992	-0.0073200255175475916	NO	P68400	CSNK2A1	A
268	R	268	32.931	141.07	335.494	-0.36	0.564916564916565	0	0	0	0.2855917667238421	0.8955146713175505	0.4540567230265985	NO	P68400	CSNK2A1	A
269	F	269	30.666	144.14	334.881	0.49	0.560808080808081	0	0	0	0.2855917667238421	0.9798075284563145	0.22237948248391687	NO	P68400	CSNK2A1	A
270	N	270	32.558	145.095	331.672	0.49	0.55515443241075	1	0	0	0.5227272727272727	0.9733820441552739	-0.39331691091926946	NO	P68400	CSNK2A1	A
271	D	271	30.556	143.093	329.093	0.49	0.563701531443467	0	0	0	0.5227272727272727	1.0895962352083843	-0.15278116725790095	NO	P68400	CSNK2A1	A
272	I	272	27.163	142.883	330.904	0.49	0.563701531443467	1	0	0	0.2855917667238421	1.1341985235604388	0.47296076394005915	NO	P68400	CSNK2A1	A
273	L	273	26.35	146.374	332.254	0.49	0.62410071942446	0	0	0	0.284090909090909	1.0470436724168333	0.6120145264284949	NO	P68400	CSNK2A1	A
274	G	274	25.714	148.175	328.945	0.49	0.62410071942446	0	0	0	0.284090909090909	1.0369873203959452	0.8796930192187334	NO	P68400	CSNK2A1	A
275	R	275	23.989	151.603	328.799	-0.36	0.625448028673835	0	0	0	0.2855917667238421	1.0248372214102837	0.0157192743457329	NO	P68400	CSNK2A1	A
276	H	276	20.492	152.149	330.159	0.49	0.625	0	0	0	0.2855917667238421	1.0262346847842976	0.0157192743457329	NO	P68400	CSNK2A1	A
277	S	277	18.285	155.199	330.489	0.49	0.629496402877698	0	0	0	0.5227272727272727	1.0282395610347725	-0.3846015920569608	NO	P68400	CSNK2A1	A
278	R	278	16.698	156.202	333.834	0.49	0.631294964028777	1	0	0	0.284090909090909	0.32963231736880044	-0.6840678116114758	NO	P68400	CSNK2A1	A
279	K	279	13.088	154.869	333.698	0.49	0.524193548387097	0	0	0	0.284090909090909	0.5829036390838088	-0.37772107716566494	NO	P68400	CSNK2A1	A
280	R	280	10.023	156.791	334.971	0.49	0.524193548387097	0	0	0	0.284090909090909	-0.1462218441911778	-0.5841365239045537	NO	P68400	CSNK2A1	A
281	W	281	8.323	154.84	337.814	0.49	0.488753124132186	0	0	0	0.2855917667238421	-0.8085295759738774	-0.2877451132025592	NO	P68400	CSNK2A1	A
282	E	282	4.924	155.421	336.036	0.49	0.488006617038875	0	0	0	0.284090909090909	-0.8101910762668273	-0.504861026243966	NO	P68400	CSNK2A1	A
283	R	283	6.158	152.953	333.31	-0.65	0.488378527946873	0	0	0	0.284090909090909	-0.22269552404253212	-1.3280921965259656	NO	P68400	CSNK2A1	A
284	F	284	5.531	150.006	335.785	0.49	0.491917502787068	0	0	0	0.284090909090909	0.050985934876263704	-0.6210160837219018	NO	P68400	CSNK2A1	A
285	V	285	1.832	150.882	336.203	-0.08	0.496911847276811	0	0	0	0.284090909090909	-0.34928009476488703	-0.08763856934861261	NO	P68400	CSNK2A1	A
286	H	286	-0.575	148.424	334.5	0.49	0.400112707805016	1	0	0	0.5227272727272727	-0.26836275164238865	-0.7767909408608501	NO	P68400	CSNK2A1	A
287	S	287	-4.268	147.406	334.655	0.49	0.400794777178541	0	0	0	0.5227272727272727	-0.45563932900428983	-0.7620469803795002	NO	P68400	CSNK2A1	A
288	E	288	-3.473	144.7	337.245	0.49	0.323260073260073	0	0	0	0.284090909090909	0.10361099097006811	0.08365567137848114	NO	P68400	CSNK2A1	A
289	N	289	-1.745	147.049	339.709	0.49	0.350082644628099	0	0	0	0.2855917667238421	0.14949187837958602	-0.6701429600457571	NO	P68400	CSNK2A1	A
290	Q	290	-3.14	150.593	339.072	-0.36	0.321167883211679	0	0	0	0.284090909090909	-0.6133834300450901	0.0157192743457329	NO	P68400	CSNK2A1	A
291	H	291	-5.465	150.355	342.158	0.49	0.324074074074074	1	0	0	0.2855917667238421	-0.3025365344994871	-0.3573786853131365	NO	P68400	CSNK2A1	A
292	L	292	-2.354	150.146	344.458	0.49	0.327715355805243	0	0	0	0.1451525413789565	-0.03657500884552874	0.1681331042105081	NO	P68400	CSNK2A1	A
293	V	293	-0.325	152.957	342.834	0.49	0.328947368421053	0	0	0	0.2855917667238421	-0.3882960755840925	0.0075877567469277915	NO	P68400	CSNK2A1	A
294	S	294	-0.627	156.696	343.566	0.49	0.239917976760082	0	0	0	0.5227272727272727	-0.7098101672073637	-0.0073200255175475916	NO	P68400	CSNK2A1	A
295	P	295	1.621	159.781	343.085	0.49	0.239917976760082	0	0	0	0.5227272727272727	-1.151246301671503	-0.020658567543656598	NO	P68400	CSNK2A1	A
296	E	296	2.488	159.546	346.878	0.49	0.239917976760082	0	0	0	0.5227272727272727	-0.4661173048033424	0.5482815519546287	NO	P68400	CSNK2A1	A
297	A	297	3.505	155.843	346.488	0.49	0.240137221269297	0	0	0	0.1451525413789565	-0.22725148382953803	0.4540567230265985	NO	P68400	CSNK2A1	A
298	L	298	5.778	156.574	343.5	0.49	0.240137221269297	0	0	0	1	-0.6870510126655652	0.0014190192581791782	NO	P68400	CSNK2A1	A
299	D	299	7.397	159.604	345.219	0.49	0.26	0	0	0	1	-0.9551036067439242	0.9791164593979651	NO	P68400	CSNK2A1	A
300	F	300	8.071	157.415	348.323	-0.36	0.26	0	0	0.818703199933371	1	-0.8277727873490925	0.8535289560136727	NO	P68400	CSNK2A1	A
301	L	301	9.49	154.539	346.2	0.49	0.256934306569343	0	0	0.818703199933371	1	-0.5217333976974828	0.44106019489859427	NO	P68400	CSNK2A1	A
302	D	302	11.756	157.008	344.323	0.49	0.144078144078144	1	0	1.120456815443766	1	-1.0159791500019433	0.3052255138188095	NO	P68400	CSNK2A1	A
303	K	303	13.205	158.169	347.688	0.49	0.144199346405229	0	0	3.4944569568368467	0.5492424242424243	-1.2720277735496368	0.7919664543547057	NO	P68400	CSNK2A1	A
304	L	304	14.086	154.556	348.801	0.49	0.257664233576642	0	0	1.7189455448024162	0.6257861635220127	-1.1170097198305515	0.36308102613056975	NO	P68400	CSNK2A1	A
305	L	305	15.341	153.074	345.532	0.49	0.234625668449198	0	0	1.80321013273443	0.45608772778584095	-0.5135163006559558	0.031669558866465	NO	P68400	CSNK2A1	A
306	R	306	18.477	155.214	345.065	0.49	0.234625668449198	0	0	1.120456815443766	1	-0.6617534520477814	-0.8088344816403151	NO	P68400	CSNK2A1	A
307	Y	307	21.967	153.988	344.323	0.49	0.13	0	0	1	1	-0.20194653748983557	-0.24715130620525114	NO	P68400	CSNK2A1	A
308	D	308	23.516	156.388	346.852	0.49	0.130970149253731	0	0	3.4944569568368467	0.5492424242424243	-0.5092478941270673	-0.2373585733832204	NO	P68400	CSNK2A1	A
309	H	309	22.924	154.8	350.248	0.49	0.145522388059701	0	0	3.4944569568368467	0.5492424242424243	-0.6455270312899196	0.5706742186616623	NO	P68400	CSNK2A1	A
310	Q	310	23.336	158.203	351.962	0.49	0.163712686567164	0	0	3.4944569568368467	0.5492424242424243	-1.0756114420055654	0.6009174908730448	NO	P68400	CSNK2A1	A
311	S	311	19.166	159.108	350.081	-0.36	0.145522388059701	0	0	3.4944569568368467	0.5492424242424243	-1.5910002057966905	0.6666427902632373	NO	P68400	CSNK2A1	A
312	R	312	17.862	157.123	350.767	0.49	0.164943609022556	0	2	1.7189455448024162	0.6257861635220127	-1.3325558765906118	0.06888688941484034	NO	P68400	CSNK2A1	A
313	L	313	15.236	158.057	353.353	0.49	0.165719696969697	0	0	1.7189455448024162	0.6257861635220127	-1.1766100860402886	0.6392572488506575	NO	P68400	CSNK2A1	A
314	T	314	16.066	156.875	356.88	0.49	0.163857677902622	0	0	1.7189455448024162	0.6257861635220127	-0.3882099710501365	0.32716956682950565	NO	P68400	CSNK2A1	A
315	A	315	13.298	154.768	358.55	0.49	0.293501048218029	0	0	1.7189455448024162	0.6257861635220127	0.023374400369000427	0.24421034203297148	NO	P68400	CSNK2A1	A
316	R	316	12.191	157.852	360.589	-0.08	0.29404309252218	0	0	3.4944569568368467	0.5492424242424243	0.512284900590255	1.033970771220989	NO	P68400	CSNK2A1	A
317	E	317	12.095	160.14	357.492	0.49	0.333015267175573	0	0	3.4944569568368467	0.5492424242424243	-0.1914031804176779	0.3555830291336443	NO	P68400	CSNK2A1	A
318	A	318	10.139	157.382	355.646	0.49	0.440656565656566	0	0	0.818703199933371	1	-0.19054980140597358	0.5706742186616623	NO	P68400	CSNK2A1	A
319	M	319	7.514	157.354	358.475	0.49	0.436953807740325	1	0	0	0.284090909090909	0.9183578832290281	0.4146478957997472	NO	P68400	CSNK2A1	A
320	E	320	6.949	161.125	357.938	0.49	0.528301886792453	0	0	0	1	0.8256963757195652	0.16990535804614534	NO	P68400	CSNK2A1	A
321	H	321	6.278	160.734	354.175	0.49	0.665399239543726	0	0	0	0.2855917667238421	-0.3439381497872248	0.4612272213041179	NO	P68400	CSNK2A1	A
322	P	322	2.776	161.699	352.768	0.49	0.723140495867769	0	0	0	0.5227272727272727	-0.07074192782618671	0.4299203136460196	NO	P68400	CSNK2A1	A
323	Y	323	2.314	158.048	351.704	0.49	0.815850815850816	0	0	0	0.284090909090909	-0.14462268066847536	0.4917466545978106	NO	P68400	CSNK2A1	A
324	F	324	1.567	157.346	355.431	0.49	0.85795763172189	0	0	0	0.284090909090909	0.6147061790140916	0.23132312028114857	NO	P68400	CSNK2A1	A
325	Y	325	-0.803	160.29	356.077	0.49	0.797727272727273	0	0	0	0.5227272727272727	1.1216469217245766	0.4540567230265985	NO	P68400	CSNK2A1	A
326	T	326	-3.773	157.799	356.031	-0.36	0.745047169811321	0	0	0	0.5227272727272727	1.2730394550164528	0.5026226965575613	NO	P68400	CSNK2A1	A
327	V	327	-2.274	155.476	358.722	0.49	0.769735403455062	0	0	0	0.284090909090909	1.3593269849654945	0.5858786511820687	NO	P68400	CSNK2A1	A
328	V	328	-2.401	155.819	362.561	0.49	0.76839591925331	0	0	0	0.5227272727272727	1.4980548713820236	0.26950602360894005	NO	P68400	CSNK2A1	A
329	K	329	1.12	156.66	363.864	0.49	0.789591078066914	0	0	0	0.284090909090909	1.3672169892106067	0.4540567230265985	NO	P68400	CSNK2A1	A
