Uniprot_position	aminoacid	Position_in_structure	x	y	z	paraz	mtr	gscount	pscount	OR	pvalue	mtr3dscore	paraz3dscore	HotSpot3D	Uniprot	gene	chain
2	S	2	53.474	35.032	55.35	-0.65	0.34280303030303	0	0	0	0.5467332123411979	-0.5690799712630958	-6.523695439895127	NO	P68400	CSNK2A1	A
3	G	3	52.969	31.308	54.835	0.49	0.302737520128824	0	0	0	0.5467332123411979	-0.2643358102953805	-4.272247716921825	NO	P68400	CSNK2A1	A
4	P	4	50.073	29.589	53.031	0.49	0.298850574712644	0	0	0	0.14789913655612405	0.04401541260146884	-2.1961964521132926	NO	P68400	CSNK2A1	A
5	V	5	46.592	29.619	54.578	-0.36	0.296296296296296	2	0	0	0.14789913655612405	0.009343937262706032	-2.7037061724882534	NO	P68400	CSNK2A1	A
6	P	6	45.761	26.221	56.135	-0.65	0.39811320754717	0	0	0	0.07737945146773004	-0.12829880009288874	-1.3287038251468668	NO	P68400	CSNK2A1	A
7	S	7	42.946	23.987	54.898	0.49	0.39578313253012	0	0	0	0.07737945146773004	-0.20427890860474823	-1.0187483252520444	NO	P68400	CSNK2A1	A
8	R	8	40.646	21.252	56.191	0.49	0.398823529411765	0	0	0	0.14789913655612405	-0.15548595831782838	-0.7869285422098032	NO	P68400	CSNK2A1	A
9	A	9	38.416	18.742	54.403	0.49	0.396067415730337	0	0	1.1892770170448412	0.9999999999999999	-0.49405602189699543	-0.0351128045823225	NO	P68400	CSNK2A1	A
10	R	10	34.713	19.613	54.21	0.49	0.397826086956522	0	0	3.6983948261863118	0.5467332123411979	-0.958240379979076	-0.1483020188817203	NO	P68400	CSNK2A1	A
11	V	11	33.866	15.999	54.963	0.49	0.363157894736842	0	0	3.6983948261863118	0.5467332123411979	-0.5202644047959645	-0.4030870070537236	NO	P68400	CSNK2A1	A
12	Y	12	35.453	13.019	56.76	0.49	0.361329026303646	0	0	0	1	0.09816939536995617	-0.8357407605533513	NO	P68400	CSNK2A1	A
13	T	13	37.805	15.475	58.44	-0.65	0.40422322775264	0	0	0	0.5467332123411979	0.1678979564249808	-0.8728253679961767	NO	P68400	CSNK2A1	A
14	D	14	38.554	13.66	61.706	-0.08	0.406330511593669	0	0	0	0.5467332123411979	0.06893587017296272	-1.357433402454352	NO	P68400	CSNK2A1	A
15	V	15	37.664	10.045	60.888	0.49	0.404112017015243	0	0	0	1	-0.019905186840928603	-1.6577828922026447	NO	P68400	CSNK2A1	A
16	N	16	41.23	8.785	61.369	0.49	0.402472527472527	0	0	0	1	0.09012279238131748	-1.3228768385677472	NO	P68400	CSNK2A1	A
17	T	17	41.632	10.485	64.748	-0.08	0.40053050397878	0	0	0	1	-0.12513881138404065	-2.2606137887454594	NO	P68400	CSNK2A1	A
18	H	18	38.605	8.607	66.095	-1.22	0.431944444444444	0	0	0	1	-0.5123598065623914	-3.164860133559682	NO	P68400	CSNK2A1	A
19	R	19	40.037	5.266	65.006	0.49	0.430894308943089	0	0	0	1	-0.23899528799765052	-2.12521861412087	NO	P68400	CSNK2A1	A
20	P	20	42.643	3.206	66.893	-0.65	0.536890645586298	0	0	0	1	-0.7004443795901185	-1.9317969360857423	NO	P68400	CSNK2A1	A
21	R	21	46.264	4.228	66.277	0.49	0.38953488372093	1	0	0.8769618921966202	1	-0.5191340577765589	-1.7226809552275888	NO	P68400	CSNK2A1	A
22	E	22	47.057	0.971	64.459	0.49	0.434343434343434	0	0	1.8217872944099633	0.6154099983501073	-0.5418724294749669	-1.2365147637951122	NO	P68400	CSNK2A1	A
23	Y	23	44.452	1.808	61.808	0.49	0.435994930291508	0	0	1.1892770170448412	0.9999999999999999	-0.24573383513722025	-1.0227267505715814	NO	P68400	CSNK2A1	A
24	W	24	46.507	4.635	60.313	0.49	0.389433962264151	0	0	1.1892770170448412	0.9999999999999999	-0.0693643120149198	-0.7996862810950491	NO	P68400	CSNK2A1	A
25	D	25	49.923	4.224	61.951	0.49	0.388636363636364	0	0	1.8217872944099633	0.6154099983501073	-0.11214013392287875	0.1749384076217798	NO	P68400	CSNK2A1	A
26	Y	26	50.977	1.818	59.207	0.49	0.388636363636364	0	0	1.1892770170448412	0.9999999999999999	-0.255786022807275	-0.2246841012896789	NO	P68400	CSNK2A1	A
27	E	27	54.701	1.864	60.037	0.49	0.390458015267176	0	1	1.1892770170448412	0.9999999999999999	-0.6296695939726342	0.013833882682282195	NO	P68400	CSNK2A1	A
28	S	28	54.079	-0.413	63.022	-0.36	0.437179487179487	1	0	1.8217872944099633	0.6154099983501073	-0.6874808412064477	-0.07859669192900244	NO	P68400	CSNK2A1	A
29	H	29	52.02	-2.88	60.987	0.49	0.435897435897436	0	0	1.1892770170448412	0.9999999999999999	-0.48189880451406	-0.5569194527424799	NO	P68400	CSNK2A1	A
30	V	30	53.382	-6.424	60.964	0.49	0.433333333333333	0	0	1.8217872944099633	0.6154099983501073	-0.5819782826606055	-2.1048584374855936	NO	P68400	CSNK2A1	A
31	V	31	53.303	-8.168	57.586	-0.65	0.485209923664122	0	0	1.8217872944099633	0.6154099983501073	-0.6730093021908915	-1.2395509304863372	NO	P68400	CSNK2A1	A
32	E	32	52.926	-11.939	57.203	-0.93	0.481939163498099	0	0	0	0.5299455535390198	-0.8163946371973876	-1.7315885325055222	NO	P68400	CSNK2A1	A
33	W	33	54.584	-12.991	53.938	0.49	0.430925221799746	0	0	0	0.5299455535390198	-0.9861749520177461	-1.2119614157704188	NO	P68400	CSNK2A1	A
34	G	34	53.281	-16.05	52.12	0.49	0.481132075471698	0	0	0	1	-1.0839459296713447	-1.6276282366557007	NO	P68400	CSNK2A1	A
35	N	35	55.087	-18.187	49.564	0.49	0.481534090909091	1	0	0	1	-1.4149963026481722	-0.1568071781385507	NO	P68400	CSNK2A1	A
36	Q	36	55.081	-17.175	45.892	0.49	0.481534090909091	0	0	0	0.5299455535390198	-1.5554701427471433	0.6157427995744328	NO	P68400	CSNK2A1	A
37	D	37	55.39	-20.885	45.024	0.49	0.368278109722977	0	0	0	0.5299455535390198	-1.445166274735324	0.35813278533547754	NO	P68400	CSNK2A1	A
38	D	38	51.663	-21.06	45.786	0.49	0.319811320754717	0	0	0	0.5299455535390198	-1.6520812119292971	0.5060200157319147	NO	P68400	CSNK2A1	A
39	Y	39	51.17	-19.113	42.557	0.49	0.321022727272727	0	0	0	0.5299455535390198	-1.8222815173646623	0.3245954012132703	NO	P68400	CSNK2A1	A
40	Q	40	52.305	-19.913	39.035	0.49	0.321969696969697	0	0	0	0.5467332123411979	-1.9572163076728355	1.093318108383657	NO	P68400	CSNK2A1	A
41	L	41	52.708	-16.973	36.684	0.49	0.319548872180451	0	0	0	0.5299455535390198	-1.9256482809065698	1.1128035515042323	NO	P68400	CSNK2A1	A
42	V	42	50.848	-17.505	33.415	0.49	0.420987654320988	0	0	0	0.5299455535390198	-2.1818875692812214	1.010248587711728	NO	P68400	CSNK2A1	A
43	R	43	51.676	-12.927	31.998	0.49	0.420987654320988	1	0	1.8217872944099633	0.6154099983501073	-1.9099331040876681	1.027554737851713	NO	P68400	CSNK2A1	A
44	K	44	52.683	-10.716	31.777	0.49	0.360569319978914	0	0	8.150984170692702	0.05276907001044938	-1.7663349019485706	1.3563715905114306	NO	P68400	CSNK2A1	A
45	L	45	49.776	-8.256	31.835	0.49	0.364021164021164	0	0	8.150984170692702	0.05276907001044938	-1.981121955010766	0.7010453718773272	NO	P68400	CSNK2A1	A
46	G	46	52.021	-5.215	31.478	0.49	0.366737739872068	0	0	13.716925491233374	0.00706428683006432	-1.5472075636638418	1.3563715905114306	YES	P68400	CSNK2A1	A
47	R	47	55.015	-3.348	32.85	0.49	0.368869936034115	0	2	13.716925491233374	0.00706428683006432	-1.5443260665976415	1.3563715905114306	YES	P68400	CSNK2A1	A
48	G	48	53.531	-1.109	35.534	0.49	0.368869936034115	0	0	45.04246464069696	1.0616145944708068e-4	-0.9543047415117447	1.3563715905114306	YES	P68400	CSNK2A1	A
49	K	49	54.825	2.175	36.936	0.49	0.366895097522404	0	0	45.04246464069696	1.5490906837686207e-6	-0.5205408519942575	1.3563715905114306	YES	P68400	CSNK2A1	A
50	Y	50	56.562	0.669	39.966	0.49	0.369622942113648	0	2	45.04246464069696	6.759668438263111e-6	-0.906055605646384	1.3563715905114306	YES	P68400	CSNK2A1	A
51	S	51	55.837	-3.023	39.393	0.49	0.214197530864198	0	2	45.04246464069696	2.7601979456241056e-5	-1.465010702644302	1.3563715905114306	YES	P68400	CSNK2A1	A
52	E	52	55.655	-5.986	37.022	0.49	0.214197530864198	0	0	13.716925491233374	0.00706428683006432	-1.8173746045716532	1.3563715905114306	YES	P68400	CSNK2A1	A
53	V	53	52.098	-7.272	36.696	0.49	0.215613382899628	0	0	17.05597956240653	0.002350718030613932	-1.7515392494807889	1.0182054383508017	YES	P68400	CSNK2A1	A
54	F	54	51.387	-10.928	35.94	0.49	0.216232961586121	0	0	4.009481791938458	0.17585937102767565	-2.0431954796079337	0.8102664083163446	NO	P68400	CSNK2A1	A
55	E	55	48.314	-13.07	35.501	0.49	0.183974696889826	0	0	0	0.5299455535390198	-2.232573790253849	0.5910551732098661	NO	P68400	CSNK2A1	A
56	A	56	48.704	-16.162	37.657	0.49	0.184126984126984	0	0	0	0.5299455535390198	-2.1129106168641307	0.8102664083163446	NO	P68400	CSNK2A1	A
57	I	57	46.851	-19.18	38.975	0.49	0.161111111111111	1	0	0	0.5299455535390198	-2.255338392313588	0.7262502264401774	NO	P68400	CSNK2A1	A
58	N	58	46.563	-20.361	42.575	0.49	0.161710037174721	0	0	0	0.5299455535390198	-2.1202351892671683	0.26245197672471704	NO	P68400	CSNK2A1	A
59	I	59	47.737	-23.974	42.395	0.49	0.161847014925373	0	0	0	0.5299455535390198	-2.1102292552017454	0.9910195320006335	NO	P68400	CSNK2A1	A
60	T	60	45.918	-24.679	45.666	0.49	0.186034115138593	0	0	0	0.5299455535390198	-2.181632671656813	0.9179491202984744	NO	P68400	CSNK2A1	A
61	N	61	42.34	-24.081	44.516	0.49	0.186034115138593	0	0	0	1	-2.699172869766122	0.7585227674937628	NO	P68400	CSNK2A1	A
62	N	62	43.057	-23.594	40.804	0.49	0.184656084656085	0	0	0	1	-2.6339781170284713	0.8504995094964807	NO	P68400	CSNK2A1	A
63	E	63	41.774	-20.012	40.654	0.49	0.183447548761202	0	0	0	1	-2.5060241137612205	-0.12041988810063303	NO	P68400	CSNK2A1	A
64	K	64	43.029	-17.155	38.487	-0.08	0.212287104622871	0	0	0	0.5299455535390198	-2.3728205843608343	0.01888393771751876	NO	P68400	CSNK2A1	A
65	V	65	44.745	-14.249	40.244	0.49	0.213064713064713	0	0	0	0.28576142550734207	-2.0950591369217393	-0.14349475495394654	NO	P68400	CSNK2A1	A
66	V	66	46.845	-11.201	39.443	0.49	0.212121212121212	0	0	0.4180407423945779	0.6438981466204697	-1.8474949089873216	-0.456219924150169	NO	P68400	CSNK2A1	A
67	V	67	50.357	-11.031	40.876	0.49	0.36101083032491	0	0	0.8704736907994038	1	-1.7732147474369877	0.2363963456798735	NO	P68400	CSNK2A1	A
68	K	68	51.88	-7.574	41.234	0.49	0.3584229390681	0	0	9.809143496403513	9.464471182427945e-4	-1.363137533849666	0.4414262885370237	YES	P68400	CSNK2A1	A
69	I	69	55.609	-7.911	41.835	0.49	0.357398873527906	0	0	17.05597956240653	0.002350718030613932	-1.6218691358025021	0.7521744189575643	YES	P68400	CSNK2A1	A
70	L	70	56.651	-4.738	43.644	0.49	0.359979370809696	0	0	25.33031434877941	2.1518277861804183e-4	-1.2246633609886874	0.5124907455902517	YES	P68400	CSNK2A1	A
71	K	71	59.619	-2.749	42.374	0.49	0.362042289840124	0	0	45.04246464069696	1.0616145944708068e-4	-1.49202855063722	1.0823575466283328	YES	P68400	CSNK2A1	A
72	P	72	62.129	-1.775	45.109	0.49	0.364675324675325	0	0	45.04246464069696	0.004440961337513067	-1.542965591243747	1.010248587711728	YES	P68400	CSNK2A1	A
73	V	73	60.589	1.003	47.19	0.49	0.255072463768116	0	1	45.04246464069696	3.8673103084293603e-4	-1.057961151014713	1.3563715905114306	YES	P68400	CSNK2A1	A
74	K	74	60.796	1.98	50.884	0.49	0.423586040914561	0	0	45.04246464069696	0.0013406675735888505	-0.9194738509008286	1.3563715905114306	YES	P68400	CSNK2A1	A
75	K	75	59.352	-0.726	53.148	0.49	0.42512077294686	0	0	4.009481791938458	0.17585937102767565	-0.8658074447591202	0.013833882682282195	NO	P68400	CSNK2A1	A
76	K	76	57.33	2.063	54.742	0.49	0.366753246753247	0	0	4.009481791938458	0.17585937102767565	-0.49805759491087204	-0.0500964843572014	NO	P68400	CSNK2A1	A
77	K	77	55.464	2.676	51.471	0.49	0.429440389294404	0	0	17.05597956240653	0.002350718030613932	-0.2908381533475818	1.1128035515042323	YES	P68400	CSNK2A1	A
78	I	78	54.858	-1.049	50.989	0.49	0.431013431013431	0	0	30.508143510163976	5.886544598320765e-5	-0.5829934956979375	0.3245954012132703	YES	P68400	CSNK2A1	A
79	K	79	53.329	-1.318	54.462	0.49	0.431013431013431	0	0	5.295807262193135	0.08637908964074081	-0.40134494862311343	-0.37424342348708167	NO	P68400	CSNK2A1	A
80	R	80	51.22	1.72	53.604	0.49	0.431013431013431	0	1	5.295807262193135	0.08637908964074081	-0.04783921251191513	0.4613464519586648	NO	P68400	CSNK2A1	A
81	E	81	49.724	0.167	50.464	0.49	0.431013431013431	0	0	5.477916744854036	0.026803221091479174	-0.018930375022481544	0.3803670871212785	YES	P68400	CSNK2A1	A
82	I	82	49.065	-3.113	52.269	-0.08	0.470588235294118	1	0	2.5331091257829965	0.2616256496303066	-0.28231355992599066	-0.551329610965999	NO	P68400	CSNK2A1	A
83	K	83	47.467	-1.528	55.34	0.49	0.470588235294118	0	0	1.4949643503207888	0.7096441619538562	0.03396004908162818	-0.5315720611233098	NO	P68400	CSNK2A1	A
84	I	84	45.273	0.656	53.134	0.49	0.473666554847367	0	0	3.226225392379395	0.145553764798363	0.373029111599203	0.47558703867153734	NO	P68400	CSNK2A1	A
85	L	85	44.276	-2.376	51.051	0.49	0.476767676767677	0	0	2.5331091257829965	0.2616256496303066	0.3031600775575315	-0.2848283144304915	NO	P68400	CSNK2A1	A
86	E	86	43.426	-4.352	54.189	0.49	0.583747927031509	0	0	0.8704736907994038	1	-0.1427032652910498	-1.270317419624089	NO	P68400	CSNK2A1	A
87	N	87	41.432	-1.458	55.664	0.49	0.586466165413534	0	0	0.8704736907994038	1	0.30806866770492786	0.35325585091599687	NO	P68400	CSNK2A1	A
88	L	88	39.342	-1.129	52.487	0.49	0.659774436090226	0	0	0.67807633030429	1	0.9490191388702326	0.04440058942303484	NO	P68400	CSNK2A1	A
89	R	89	38.776	-4.821	51.742	0.49	0.664150943396226	1	0	0.325333082325518	0.40201764243814714	0.594131973216987	-0.8314676370619971	NO	P68400	CSNK2A1	A
90	G	90	35.11	-5.653	51.273	0.49	0.666666666666667	0	0	0	0.28576142550734207	0.8252370445793914	-0.7142940929043332	NO	P68400	CSNK2A1	A
91	G	91	34.397	-2.094	50.2	0.49	0.664772727272727	0	0	0	0.28576142550734207	1.2967056522339162	-0.22041097779832472	NO	P68400	CSNK2A1	A
92	P	92	32.293	-1.256	47.112	-0.36	0.669201520912548	1	0	0	0.5299455535390198	1.709995333255725	0.13051928892915113	NO	P68400	CSNK2A1	A
93	N	93	34.254	-1.402	43.841	0.49	0.531320754716981	0	0	0.4180407423945779	0.6438981466204697	1.3056013153285895	0.06627676189435801	NO	P68400	CSNK2A1	A
94	I	94	37.557	-1.641	45.73	0.49	0.479835953520164	0	0	1.3671911636010954	0.6955561731012884	1.1648200606758778	0.4090875828490872	NO	P68400	CSNK2A1	A
95	I	95	40.101	-4.193	44.487	0.49	0.47940074906367	0	0	1.0654720072291448	1	0.35817659728597057	-0.3681710901046305	NO	P68400	CSNK2A1	A
96	T	96	40.542	-7.175	46.806	-0.93	0.48257006151743	0	0	1.0654720072291448	1	-0.01647487161748808	-1.1025439085447888	NO	P68400	CSNK2A1	A
97	L	97	43.994	-8.049	48.137	0.49	0.482124616956078	2	0	1.3671911636010954	0.6955561731012884	-0.261879154810529	-0.47604430666346437	NO	P68400	CSNK2A1	A
98	A	98	44.068	-11.846	48.068	-0.65	0.397388059701493	0	0	0	0.28576142550734207	-1.2635077095856775	-1.1946831338271164	NO	P68400	CSNK2A1	A
99	D	99	47.553	-12.475	49.445	0.49	0.398876404494382	0	0	0	0.14789913655612405	-1.1015111900449146	-1.2897945921830687	NO	P68400	CSNK2A1	A
100	I	100	51.007	-11.046	50.172	-0.93	0.442786069651741	0	0	0	0.28576142550734207	-0.9773584948986078	-0.922271511253277	NO	P68400	CSNK2A1	A
101	V	101	54.07	-13.074	49.181	0.49	0.439506172839506	0	0	0	0.28576142550734207	-1.1381177244773528	-0.9734456111295773	NO	P68400	CSNK2A1	A
102	K	102	57.818	-13.039	48.598	0.49	0.439506172839506	0	0	0	1	-1.1533126894385102	-0.5878995980547989	NO	P68400	CSNK2A1	A
103	D	103	59.707	-15.015	45.975	0.49	0.438271604938272	0	0	0	1	-1.256225892734504	0.4379918897495535	NO	P68400	CSNK2A1	A
104	P	104	61.614	-17.816	47.778	0.49	0.439900867410161	0	0	0	1	-1.15792561378217	0.9695282344411752	NO	P68400	CSNK2A1	A
105	V	105	64.849	-16.789	46.035	0.49	0.329291044776119	0	0	0	1	-1.0685745462439387	0.8083435027452353	NO	P68400	CSNK2A1	A
106	S	106	64.83	-13.08	45.165	0.49	0.328066914498141	0	0	0	1	-1.2206039011508834	0.9453505246867838	NO	P68400	CSNK2A1	A
107	R	107	62.89	-12.306	48.373	-0.08	0.377398720682303	0	0	0	1	-1.1275246193242736	1.010248587711728	NO	P68400	CSNK2A1	A
108	T	108	61.064	-9.63	46.357	0.49	0.221383647798742	0	0	5.808245237451563	0.13009404388714746	-1.2948320023249693	0.47331418593270247	NO	P68400	CSNK2A1	A
109	P	109	57.692	-8.453	47.758	0.49	0.222012578616352	0	0	2.859286913659161	0.34121157124786905	-1.142765277067107	-0.33139009933092795	NO	P68400	CSNK2A1	A
110	A	110	54.626	-9.275	45.655	0.49	0.189406099518459	0	0	2.5331091257829965	0.2616256496303066	-1.3297298916273714	-0.0844005837442412	NO	P68400	CSNK2A1	A
111	L	111	50.951	-8.41	46.031	0.49	0.18816631130064	0	0	3.226225392379395	0.145553764798363	-1.0329436094792512	-0.42691431521747103	NO	P68400	CSNK2A1	A
112	V	112	48.266	-10.851	44.919	0.49	0.290534979423868	0	0	0.325333082325518	0.40201764243814714	-1.5346265988394892	-0.3655903484170888	NO	P68400	CSNK2A1	A
113	F	113	44.911	-9.47	43.77	0.49	0.186083289404323	0	0	1.0654720072291448	1	-1.116670087274809	-0.6292814255500203	NO	P68400	CSNK2A1	A
114	E	114	41.553	-10.811	42.646	0.49	0.188336008560728	0	0	0.4180407423945779	0.6438981466204697	-1.2427447178523874	-0.28410722484132583	NO	P68400	CSNK2A1	A
115	H	115	41.27	-11.162	38.88	-0.36	0.187633262260128	0	0	0.571792576653229	1	-1.2685123991996294	-0.3370258963043179	NO	P68400	CSNK2A1	A
116	V	116	39.272	-8.786	36.693	-0.08	0.187265917602996	0	0	0.8769618921966202	1	-0.3392534655599312	-1.0472603733753914	NO	P68400	CSNK2A1	A
117	N	117	38.461	-9.388	33.034	0.49	0.185185185185185	0	0	0	0.5299455535390198	-0.5603094372044035	-1.0664894290864864	NO	P68400	CSNK2A1	A
118	N	118	39.561	-5.898	32.043	0.49	0.183447548761202	0	0	0.8769618921966202	1	-0.01063922681452708	-0.2819439560738276	NO	P68400	CSNK2A1	A
119	T	119	39.212	-4.126	28.725	0.49	0.318933823529412	0	0	0	0.5467332123411979	0.36170676529282564	-0.633835675586858	NO	P68400	CSNK2A1	A
120	D	120	41.646	-1.241	28.259	0.49	0.320110701107011	0	0	0	1	-0.11654834622482146	0.3127582941911158	NO	P68400	CSNK2A1	A
121	F	121	40.045	2.203	28.039	0.49	0.322490706319703	0	0	0.571792576653229	1	0.6022159265290623	0.7495880547391129	NO	P68400	CSNK2A1	A
122	K	122	41.798	2.732	24.696	0.49	0.42716049382716	0	0	0.8769618921966202	1	0.492073710052371	0.14797724740369733	NO	P68400	CSNK2A1	A
123	Q	123	39.369	0.142	23.327	0.49	0.42998760842627	0	0	0	1	-0.0039975936274579925	0.1861462000933892	NO	P68400	CSNK2A1	A
124	L	124	36.459	0.44	25.757	0.49	0.559076262083781	0	0	0	0.5299455535390198	0.37785280223132833	0.26512267890681307	NO	P68400	CSNK2A1	A
125	Y	125	35.808	4.168	26.186	0.49	0.647388059701493	0	0	0	0.5467332123411979	0.6550997655242126	0.5910551732098661	NO	P68400	CSNK2A1	A
126	Q	126	35.31	4.653	22.436	0.49	0.64365671641791	0	0	0	0.5299455535390198	0.3091908339490272	0.39972606888447504	NO	P68400	CSNK2A1	A
127	T	127	32.333	2.285	22.615	-0.93	0.638376383763838	1	0	0	0.5299455535390198	0.17245818766738213	0.2630624229377674	NO	P68400	CSNK2A1	A
128	L	128	30.605	3.526	25.767	0.49	0.540779220779221	0	0	0	0.07737945146773004	0.2715378855008438	0.26245197672471704	NO	P68400	CSNK2A1	A
129	T	129	27.127	5.022	25.558	0.49	0.536874677668901	0	0	0	0.28576142550734207	0.26883917300119753	-0.13300617911153126	NO	P68400	CSNK2A1	A
130	D	130	25.833	8.016	27.513	0.49	0.531122448979592	0	0	0	0.14789913655612405	0.40296924542148843	-0.06273272096734925	NO	P68400	CSNK2A1	A
131	Y	131	24.4	5.617	30.085	-0.08	0.531490015360983	0	0	0	0.041305587995996464	0.7023968582760469	-0.34433155904760127	NO	P68400	CSNK2A1	A
132	D	132	27.616	3.589	30.301	0.49	0.531122448979592	0	0	0	0.14789913655612405	1.0647806319793467	-0.3384375956112505	NO	P68400	CSNK2A1	A
133	I	133	29.55	6.689	31.322	0.49	0.525492175668854	0	0	0	0.041305587995996464	0.7638560803392463	0.4707956193842642	NO	P68400	CSNK2A1	A
134	R	134	26.986	7.639	33.969	0.49	0.525492175668854	1	0	0	0.14789913655612405	0.5798453156371525	0.3278918107637435	NO	P68400	CSNK2A1	A
135	F	135	26.912	4.061	35.258	0.49	0.527355623100304	0	0	0	0.14789913655612405	1.4666744679437234	0.29939381852094155	NO	P68400	CSNK2A1	A
136	Y	136	30.665	3.572	35.54	0.49	0.527355623100304	0	0	0	0.041305587995996464	1.2965624664379505	0.5162097717497597	NO	P68400	CSNK2A1	A
137	M	137	31.171	7.073	36.921	0.49	0.527355623100304	1	0	0	0.07737945146773004	1.0188419227690084	0.7870243322829344	NO	P68400	CSNK2A1	A
138	Y	138	28.705	6.12	39.638	0.49	0.527707168276563	0	0	0	0.14789913655612405	1.3147213582491455	0.23602608144923581	NO	P68400	CSNK2A1	A
139	E	139	30.668	2.941	40.395	0.49	0.620071684587814	0	0	0	0.14789913655612405	1.3488049076275535	0.6288723161083527	NO	P68400	CSNK2A1	A
140	I	140	33.907	4.895	40.839	0.21	0.615658362989324	0	0	0.325333082325518	0.40201764243814714	1.1009367684730569	0.5382626748030429	NO	P68400	CSNK2A1	A
141	L	141	32.106	7.345	43.112	0.49	0.738790035587189	0	0	0	0.28576142550734207	0.8624053726413903	0.4564517832322042	NO	P68400	CSNK2A1	A
142	K	142	30.986	4.408	45.266	0.49	0.744086021505376	0	0	0	0.5467332123411979	0.986266786826298	0.7025836963342152	NO	P68400	CSNK2A1	A
143	A	143	34.654	3.507	45.622	0.49	0.823250296559905	0	0	0.4180407423945779	0.6438981466204697	1.1121218539342619	0.5162097717497597	NO	P68400	CSNK2A1	A
144	L	144	35.825	7.07	46.208	0.49	0.825622775800712	0	0	2.6184784859143213	0.2410430658727067	0.8424469245160886	0.28790492969495823	NO	P68400	CSNK2A1	A
145	D	145	33.112	7.83	48.761	0.49	0.822143698468787	0	0	0	0.5299455535390198	0.4793603275886539	0.4707956193842642	NO	P68400	CSNK2A1	A
146	Y	146	34.017	4.682	50.67	0.49	0.821052631578947	0	0	0	0.5299455535390198	0.893766848095705	0.2641612261212585	NO	P68400	CSNK2A1	A
147	C	147	37.786	5.183	50.823	0.49	0.615789473684211	0	0	0.8769618921966202	1	0.9449251108440714	0.5571932751039875	NO	P68400	CSNK2A1	A
148	H	148	37.298	8.866	51.659	0.49	0.611498257839721	0	0	0	1	0.6170285503453639	0.3939808022390871	NO	P68400	CSNK2A1	A
149	S	149	34.919	7.845	54.451	0.49	0.611111111111111	0	0	0	0.5299455535390198	0.5122737992584513	-0.136502371059003	NO	P68400	CSNK2A1	A
150	M	150	37.624	5.422	55.573	-0.65	0.404844290657439	0	0	0	1	0.6542477265480641	-0.287712672787156	NO	P68400	CSNK2A1	A
151	G	151	40.01	8.38	55.814	0.49	0.409090909090909	0	0	0	1	0.5652541849974385	-0.3844235118047197	NO	P68400	CSNK2A1	A
152	I	152	41.959	7.575	52.671	0.49	0.413145539906103	0	0	10.769630554204506	0.019942430157134143	0.7318697566280795	0.609060561739346	NO	P68400	CSNK2A1	A
153	M	153	42.913	9.601	49.607	0.49	0.417556346381969	0	0	4.009481791938458	0.17585937102767565	0.8756366159691219	0.33997864578214554	NO	P68400	CSNK2A1	A
154	H	154	43.684	7.572	46.483	0.49	0.626334519572954	0	0	17.05597956240653	0.002350718030613932	1.0974305769095507	0.6440604833004486	NO	P68400	CSNK2A1	A
155	R	155	45.805	10.333	44.912	0.49	0.619298245614035	0	0	5.964393311536988	0.00822722047065135	1.1551963816871123	0.9753679750264869	NO	P68400	CSNK2A1	A
156	D	156	46.173	8.505	41.589	0.49	0.617957746478873	0	2	8.135700051673634	0.0049165709717197865	1.097781059601605	0.9467927038651164	NO	P68400	CSNK2A1	A
157	V	157	42.735	8.377	39.987	0.49	0.621478873239437	0	0	10.268117361274756	0.0028124553823968253	1.311718464847382	0.9002405015505826	NO	P68400	CSNK2A1	A
158	K	158	43.06	7.743	36.245	0.49	0.501067615658363	0	0	4.916570422845263	0.019986738694886586	1.1073912032568816	0.8402232530031021	NO	P68400	CSNK2A1	A
159	P	159	41.596	5.352	33.62	0.49	0.629893238434164	0	0	4.40374243146585	0.05928330478547924	0.9035682389852175	0.8534578257597261	NO	P68400	CSNK2A1	A
160	H	160	44.606	3.022	33.9	0.49	0.629893238434164	0	0	10.769630554204506	0.019942430157134143	0.5235700773319029	1.3563715905114306	NO	P68400	CSNK2A1	A
161	N	161	43.752	2.509	37.579	0.49	0.627659574468085	0	0	17.05597956240653	0.002350718030613932	0.775525104855285	0.7794999191785934	NO	P68400	CSNK2A1	A
162	V	162	40.142	1.55	36.865	0.49	0.621908127208481	0	0	5.295807262193135	0.08637908964074081	0.8350797787060429	1.1049147081355786	NO	P68400	CSNK2A1	A
163	M	163	39.584	-2.059	35.8	0.49	0.621478873239437	0	0	1.8217872944099633	0.6154099983501073	0.38654784969511474	0.06627676189435801	NO	P68400	CSNK2A1	A
164	I	164	36.265	-2.572	34.039	0.49	0.621478873239437	0	0	0.571792576653229	1	0.432203226711624	-0.05930267319185699	NO	P68400	CSNK2A1	A
165	D	165	34.597	-5.894	33.286	0.49	0.619298245614035	0	0	0	0.5299455535390198	0.23466963295616855	-0.8776950639230126	NO	P68400	CSNK2A1	A
166	H	166	32.09	-4.536	30.777	0.49	0.619718309859155	0	0	0	0.5467332123411979	0.31178582852729836	-0.7075470558127206	NO	P68400	CSNK2A1	A
167	E	167	30.515	-7.95	30.172	-0.36	0.619298245614035	0	0	0	0.5299455535390198	0.19272538754401858	-1.4538175512671057	NO	P68400	CSNK2A1	A
168	H	168	29.557	-8.205	33.849	-0.93	0.619718309859155	1	0	0	0.5299455535390198	0.384876376152191	-1.26647160848187	NO	P68400	CSNK2A1	A
169	R	169	29.382	-4.43	34.284	-0.08	0.619718309859155	1	0	0	0.5467332123411979	0.40680059870808494	-0.5569194527424799	NO	P68400	CSNK2A1	A
170	K	170	31.657	-4.583	37.324	0.49	0.748936170212766	0	0	0	0.28576142550734207	0.551742951318284	-0.7879996567189093	NO	P68400	CSNK2A1	A
171	L	171	34.288	-1.995	38.199	0.49	0.76028880866426	0	0	0.4180407423945779	0.6438981466204697	0.7265915023966667	-0.8884833133609249	NO	P68400	CSNK2A1	A
172	R	172	37.382	-2.09	40.399	0.49	0.759712230215827	0	0	0.7183078043552026	0.7333466793453781	0.7397786480244056	-0.24277034490424867	NO	P68400	CSNK2A1	A
173	L	173	39.565	0.795	41.552	0.49	0.847172081829121	0	0	2.515619952234078	0.18135629850864593	1.083051024252471	0.5738326276599293	NO	P68400	CSNK2A1	A
174	I	174	43.152	-0.484	41.677	0.49	0.734098018769552	0	1	4.40374243146585	0.05928330478547924	0.5029496008995247	0.47840104682438045	NO	P68400	CSNK2A1	A
175	D	175	46.743	0.619	42.38	0.49	0.722222222222222	0	1	9.809143496403513	9.464471182427945e-4	0.21428593853500497	0.7521744189575643	NO	P68400	CSNK2A1	A
176	W	176	46.684	2.063	45.885	0.49	0.648148148148148	0	1	8.135700051673634	0.0049165709717197865	0.5677527175674592	0.8224299040219675	NO	P68400	CSNK2A1	A
177	G	177	50.446	2.548	46.026	0.49	0.648148148148148	0	1	44.04246464069696	3.5108900788465535e-6	0.10475616460256275	1.1877475635064472	NO	P68400	CSNK2A1	A
178	L	178	50.118	6.333	46.147	0.49	0.715457154571546	0	0	11.801081604785338	2.902517313918595e-4	0.5182863043834961	1.1629499124763025	NO	P68400	CSNK2A1	A
179	A	179	47.167	6.301	48.537	0.49	0.720164609053498	0	0	5.477916744854036	0.026803221091479174	0.7929505154716391	0.8751761963752592	NO	P68400	CSNK2A1	A
180	E	180	47.598	7.971	51.92	0.49	0.720164609053498	0	0	3.45804422856555	0.12383438908111033	0.45208507596997316	0.8975573774978718	NO	P68400	CSNK2A1	A
181	F	181	45.666	8.462	55.167	0.49	0.720776538620405	0	0	1.8671713533027914	0.6573359524083765	0.3620119522382839	0.4595983559849292	NO	P68400	CSNK2A1	A
182	Y	182	44.147	11.92	55.514	0.49	0.72890559732665	0	0	0	0.28576142550734207	0.3771630939017057	0.23298991475801023	NO	P68400	CSNK2A1	A
183	H	183	45.001	13.833	58.685	0.49	0.787218045112782	0	0	0	0.28576142550734207	0.12951499466076605	-0.5941757481827257	NO	P68400	CSNK2A1	A
184	P	184	43.797	17.417	59.245	0.49	0.737220109843684	0	0	0	0.28576142550734207	0.162830688260212	-0.2246841012896789	NO	P68400	CSNK2A1	A
185	G	185	46.73	19.815	59.101	0.21	0.660984848484848	2	0	0	0.07737945146773004	0.24923636887765394	-1.0604170957040353	NO	P68400	CSNK2A1	A
186	Q	186	49.167	17.404	57.483	0.49	0.58863443596268	0	0	0	0.28576142550734207	0.7442295589483844	-0.12041988810063303	NO	P68400	CSNK2A1	A
187	E	187	51.171	18.74	54.557	0.49	0.530268199233717	0	0	0	0.041305587995996464	0.6202756648417485	0.26512267890681307	NO	P68400	CSNK2A1	A
188	Y	188	51.423	16.096	51.863	0.49	0.527756653992396	1	0	0.325333082325518	0.40201764243814714	1.0289421654860238	1.240997256244863	NO	P68400	CSNK2A1	A
189	N	189	53.754	15.532	48.945	0.49	0.587484035759898	0	0	0.571792576653229	1	0.8269135241626852	1.3563715905114306	NO	P68400	CSNK2A1	A
190	V	190	52.468	17.311	45.849	0.49	0.584706379383185	1	0	1.9178696824737869	0.44284789848601785	0.8516756984044715	1.3563715905114306	NO	P68400	CSNK2A1	A
191	R	191	54.394	14.974	43.574	0.49	0.585241730279898	0	1	3.45804422856555	0.12383438908111033	0.8966698345403491	1.3563715905114306	NO	P68400	CSNK2A1	A
192	V	192	51.588	12.424	43.27	0.49	0.578616352201258	0	0	5.477916744854036	0.026803221091479174	0.9716519948808361	0.8745140768098842	NO	P68400	CSNK2A1	A
193	A	193	49.08	11.332	40.594	0.49	0.574282147315855	0	0	10.268117361274756	0.0028124553823968253	1.0140949828675518	0.9135836049478474	NO	P68400	CSNK2A1	A
194	S	194	49.733	11.443	36.844	0.49	0.567901234567901	0	0	3.226225392379395	0.145553764798363	1.1013328060037384	0.8745140768098842	NO	P68400	CSNK2A1	A
195	R	195	50.474	14.733	35.077	0.49	0.634191176470588	0	0	3.226225392379395	0.145553764798363	1.3020095661485058	0.36345307742945604	NO	P68400	CSNK2A1	A
196	Y	196	47.222	14.966	33.09	0.49	0.632841328413284	0	0	2.5331091257829965	0.2616256496303066	1.2978900280062666	0.37280539088894304	NO	P68400	CSNK2A1	A
197	F	197	45.222	14.259	36.246	0.49	0.634191176470588	0	1	4.40374243146585	0.05928330478547924	1.0828905787522607	0.98402714810569	NO	P68400	CSNK2A1	A
198	K	198	47.134	16.362	38.772	0.49	0.632352941176471	1	1	2.515619952234078	0.18135629850864593	0.8846536587326685	1.0002160369059396	NO	P68400	CSNK2A1	A
199	G	199	44.934	18.82	40.636	0.49	0.634191176470588	0	0	4.013762527488245	0.07747260900361612	0.30579531667386345	0.9923014690480398	NO	P68400	CSNK2A1	A
200	P	200	45.816	22.546	40.588	0.49	0.63003663003663	0	0	1.3671911636010954	0.6955561731012884	0.49934141337646704	0.8107471347091219	NO	P68400	CSNK2A1	A
201	E	201	46.866	22.301	44.246	0.49	0.557575757575758	0	0	0.8633224129899455	1	0.16754474225188495	0.7473024305460625	NO	P68400	CSNK2A1	A
202	L	202	49.645	19.92	43.192	0.49	0.563725490196078	0	0	0.8633224129899455	1	0.4812241082837869	0.9362906811305951	NO	P68400	CSNK2A1	A
203	L	203	50.724	22.166	40.327	0.49	0.566993464052288	0	0	1.0654720072291448	1	0.8052327331645216	0.8779902045281023	NO	P68400	CSNK2A1	A
204	V	204	51.04	25.274	42.495	0.49	0.425245098039216	0	0	0.67807633030429	1	0.5372987316663731	0.3475857447447768	NO	P68400	CSNK2A1	A
205	D	205	52.597	23.228	45.311	0.49	0.473181818181818	0	0	0.67807633030429	1	0.6030228371803971	0.3718439381033884	NO	P68400	CSNK2A1	A
206	Y	206	49.883	23.53	47.961	0.49	0.538819875776398	0	0	0.4568190362343577	0.4646564236024222	0.05200048858164885	-0.06242089844230472	NO	P68400	CSNK2A1	A
207	Q	207	50.606	20.699	50.378	0.49	0.558363417569194	0	0	0.18550234085564937	0.13541984502502244	0.21174120827633633	0.3324243738956444	NO	P68400	CSNK2A1	A
208	M	208	47.585	20.746	52.697	0.49	0.564040404040404	0	0	0	0.0413469350907285	0.22502994674460752	0.5115337234626944	NO	P68400	CSNK2A1	A
209	Y	209	45.121	19.009	50.373	0.49	0.563607085346216	0	0	0	0.041305587995996464	0.14137895107568607	0.48209052418033044	NO	P68400	CSNK2A1	A
210	D	210	42.548	16.272	51.001	0.49	0.634545454545455	1	0	0.67807633030429	1	0.1253603230658254	0.5880276197574814	NO	P68400	CSNK2A1	A
211	Y	211	40.083	13.847	49.41	0.49	0.634545454545455	0	0	4.009481791938458	0.17585937102767565	0.23219031277765578	0.3081834898343175	NO	P68400	CSNK2A1	A
212	S	212	38.95	16.556	46.98	0.49	0.627240143369176	0	0	2.859286913659161	0.34121157124786905	-0.4791422269697535	0.4192494468768625	NO	P68400	CSNK2A1	A
213	L	213	42.126	15.853	44.997	0.49	0.566159818828858	0	0	3.226225392379395	0.145553764798363	-0.003258584082191519	0.8527182466939149	NO	P68400	CSNK2A1	A
214	D	214	40.532	12.647	43.703	0.49	0.49469964664311	0	0	4.40374243146585	0.05928330478547924	0.5363811037370314	0.9299881812654203	NO	P68400	CSNK2A1	A
215	M	215	37.459	14.594	42.601	0.49	0.495035460992908	0	0	2.039449189705973	0.320439655768218	-0.2917968092806046	0.45826157671089585	NO	P68400	CSNK2A1	A
216	W	216	39.549	16.73	40.262	0.49	0.48951048951049	0	0	3.226225392379395	0.145553764798363	-0.24532080589310942	0.6217431764059399	NO	P68400	CSNK2A1	A
217	S	217	41.08	13.613	38.722	-0.93	0.54320987654321	0	0	8.386354046604426	0.008007000589954393	0.6303562038681256	0.9205129943932866	NO	P68400	CSNK2A1	A
218	L	218	37.566	12.25	38.304	0.49	0.611111111111111	0	0	2.515619952234078	0.18135629850864593	0.2736849889922433	0.7679624857519366	NO	P68400	CSNK2A1	A
219	G	219	36.65	15.477	36.534	0.49	0.611498257839721	0	0	1.974876149171244	0.4709259510820995	-0.1124910567402498	0.7167964766424151	NO	P68400	CSNK2A1	A
220	C	220	39.562	15.115	34.112	0.49	0.607266435986159	0	0	1.974876149171244	0.4709259510820995	0.6518261338664603	0.796383968095652	NO	P68400	CSNK2A1	A
221	M	221	38.378	11.592	33.382	0.49	0.603448275862069	1	0	2.5331091257829965	0.2616256496303066	0.8229895034462115	0.70162224354866	NO	P68400	CSNK2A1	A
222	L	222	34.769	12.638	32.852	0.49	0.67281814686659	0	0	0.67807633030429	1	0.311171405684545	0.5738326276599293	NO	P68400	CSNK2A1	A
223	A	223	35.812	15.461	30.529	0.49	0.670498084291188	0	0	0.67807633030429	1	0.07861425197757714	-0.025084253996153376	NO	P68400	CSNK2A1	A
224	S	224	37.94	13.15	28.386	0.49	0.668193967163039	0	0	1.8217872944099633	0.6154099983501073	0.7989268784916934	0.4613464519586648	NO	P68400	CSNK2A1	A
225	M	225	35.054	10.678	28.105	0.49	0.665905631659056	1	0	0.26330637634389525	0.4034131068853529	0.38233641927594203	0.2630624229377674	NO	P68400	CSNK2A1	A
226	I	226	32.087	12.919	27.228	0.49	0.603448275862069	0	0	0.2188854907289102	0.2366292635100635	0.04881648004457988	0.06042267305207997	NO	P68400	CSNK2A1	A
227	F	227	34.141	15.165	24.934	0.49	0.670103092783505	0	0	0.4180407423945779	0.6438981466204697	0.19486876145971496	0.35325585091599687	NO	P68400	CSNK2A1	A
228	R	228	36.181	12.272	23.534	0.49	0.674329501915709	0	0	0.325333082325518	0.40201764243814714	0.4080428544617687	0.12691384098332095	NO	P68400	CSNK2A1	A
229	K	229	39.409	14.208	24.045	-0.08	0.683760683760684	0	0	0.571792576653229	1	1.0480235348152498	0.8083435027452353	NO	P68400	CSNK2A1	A
230	E	230	42.139	12.172	25.736	0.49	0.687645687645688	0	0	1.8217872944099633	0.6154099983501073	1.3533764100973904	1.0823575466283328	NO	P68400	CSNK2A1	A
231	P	231	43.635	13.644	27.728	0.49	0.692488262910798	0	1	1.8671713533027914	0.6573359524083765	1.2894415197598859	0.0872539135791886	NO	P68400	CSNK2A1	A
232	F	232	41.529	16.77	28.276	0.49	0.692007797270955	0	0	1.3671911636010954	0.6955561731012884	1.2902244297562502	0.15263270299691	NO	P68400	CSNK2A1	A
233	F	233	44.287	18.919	29.794	0.49	0.747368421052632	0	0	1.0654720072291448	1	1.2948581502106291	-0.025084253996153376	NO	P68400	CSNK2A1	A
234	H	234	47.229	18.062	27.544	0.49	0.747887323943662	0	0	1.3671911636010954	0.6955561731012884	1.4874269570560565	0.01888393771751876	NO	P68400	CSNK2A1	A
235	G	235	50.285	19.699	29.143	0.49	0.748936170212766	0	0	1.8671713533027914	0.6573359524083765	1.4594968253352492	0.6737401127675733	NO	P68400	CSNK2A1	A
236	H	236	53.898	18.909	28.23	-0.93	0.683274021352313	0	0	0.8769618921966202	1	1.6275246115711102	0.2641612261212585	NO	P68400	CSNK2A1	A
237	D	237	55.117	19.415	31.807	0.49	0.628571428571429	1	0	0.571792576653229	1	1.484957789914408	0.39265656310833735	NO	P68400	CSNK2A1	A
238	N	238	53.803	20.244	35.28	0.49	0.720942140296979	0	0	1.3671911636010954	0.6955561731012884	1.1306082339834043	0.5379349068079677	NO	P68400	CSNK2A1	A
239	Y	239	53.99	23.976	34.585	0.49	0.717844433146924	0	0	0.325333082325518	0.40201764243814714	1.1233193280818	0.5115337234626944	NO	P68400	CSNK2A1	A
240	D	240	52.352	23.823	31.154	0.49	0.713272543059777	0	0	0.325333082325518	0.40201764243814714	1.2049242242002633	0.42101538056461574	NO	P68400	CSNK2A1	A
241	Q	241	49.679	21.579	32.659	0.49	0.624555160142349	0	0	1.0654720072291448	1	1.2586312727879703	0.4333769163788907	NO	P68400	CSNK2A1	A
242	L	242	48.464	24.528	34.713	0.49	0.537244897959184	1	0	0.549202974206931	0.6975460020352667	1.005524466146787	0.41964187658525176	NO	P68400	CSNK2A1	A
243	V	243	48.524	26.653	31.569	0.49	0.533434650455927	0	0	0	0.14789913655612405	1.1814593439712746	-0.13300617911153126	NO	P68400	CSNK2A1	A
244	R	244	46.371	24.08	29.78	0.49	0.618374558303887	0	0	0.8633224129899455	1	1.3556729269835386	0.4613464519586648	NO	P68400	CSNK2A1	A
245	I	245	43.907	24.212	32.683	0.49	0.621428571428571	0	0	1.3671911636010954	0.6955561731012884	0.9488414129874998	0.8504995094964807	NO	P68400	CSNK2A1	A
246	A	246	44.007	28.012	32.849	0.49	0.623655913978495	0	0	0	0.28576142550734207	0.8726837036919332	0.5124907455902517	NO	P68400	CSNK2A1	A
247	K	247	43.098	28.191	29.162	0.49	0.536485097636177	0	0	0	0.28576142550734207	1.1804578056291144	0.30152053435995674	NO	P68400	CSNK2A1	A
248	V	248	39.86	26.414	30.062	-0.65	0.630434782608696	1	0	0	0.28576142550734207	0.5007117004885719	0.06278056994688624	NO	P68400	CSNK2A1	A
249	L	249	38.901	27.464	33.594	0.49	0.623655913978495	0	0	0	0.28576142550734207	0.04794619176587156	0.4333769163788907	NO	P68400	CSNK2A1	A
250	G	250	40.267	30.981	33.064	0.49	0.623214285714286	0	0	0	0.5467332123411979	0.5969917879314417	-0.4682521402968772	NO	P68400	CSNK2A1	A
251	T	251	43.021	32.842	34.909	0.49	0.622775800711744	0	0	0	0.14789913655612405	0.7191591299376233	-0.4538119298778174	NO	P68400	CSNK2A1	A
252	E	252	40.728	34.962	37.08	0.49	0.620567375886525	0	0	0	0.5299455535390198	0.8604023594935473	-1.774468298449514	NO	P68400	CSNK2A1	A
253	D	253	39.558	32.089	39.291	-0.08	0.534183673469388	0	0	0	0.5299455535390198	0.2998718241725773	-1.6699859467885314	NO	P68400	CSNK2A1	A
254	L	254	43.133	30.807	39.314	0.49	0.538026721479959	0	0	0	0.14789913655612405	0.37406611155594766	-0.456219924150169	NO	P68400	CSNK2A1	A
255	Y	255	44.651	33.949	40.817	0.49	0.630434782608696	0	0	0	0.5467332123411979	0.5377661088425324	-1.4722888116792407	NO	P68400	CSNK2A1	A
256	D	256	41.72	34.31	43.227	-1.22	0.625448028673835	0	0	0	1	0.17990855012628312	-2.505275244646034	NO	P68400	CSNK2A1	A
257	Y	257	42.489	30.752	44.315	0.49	0.69995988768552	0	0	0	0.5467332123411979	-0.1945522859447717	-1.7048940786948263	NO	P68400	CSNK2A1	A
258	I	258	46.126	31.714	44.819	0.21	0.566544566544567	0	0	0	0.5467332123411979	0.020535438959261028	-1.6818192118415127	NO	P68400	CSNK2A1	A
259	D	259	45.14	34.811	46.806	-0.93	0.566993464052288	0	0	0	0.5467332123411979	-0.1755272605784718	-3.4028196979844774	NO	P68400	CSNK2A1	A
260	K	260	42.673	32.915	49.006	0.49	0.57283950617284	0	0	0	0.5467332123411979	-0.5133821843362885	-2.9701659444848496	NO	P68400	CSNK2A1	A
261	Y	261	45.261	30.457	50.309	0.49	0.514498141263941	0	0	0	0.5467332123411979	-0.4030233983514421	-2.035633836925653	NO	P68400	CSNK2A1	A
262	N	262	48.156	32.922	50.054	-1.22	0.514498141263941	0	0	0	0.5467332123411979	-0.04425400592100153	-3.7316365506441946	NO	P68400	CSNK2A1	A
263	I	263	50.023	30.556	47.744	0.49	0.586346738763096	1	0	0	0.5467332123411979	0.12530315584324808	-2.152599541320035	NO	P68400	CSNK2A1	A
264	E	264	53.541	31.603	46.773	-0.08	0.512177121771218	0	0	0	0.28576142550734207	0.22271626825187532	-1.7910402482805299	NO	P68400	CSNK2A1	A
265	L	265	53.507	30.996	43.035	0.49	0.514074074074074	0	0	0	0.5467332123411979	0.5111906995162625	-0.633835675586858	NO	P68400	CSNK2A1	A
266	D	266	56.644	29.7	41.324	0.49	0.569085690856909	0	0	0	0.28576142550734207	0.7077177399593262	0.3240749154947743	NO	P68400	CSNK2A1	A
267	P	267	58.444	32.556	39.505	0.49	0.635531135531136	0	0	0	0.5467332123411979	0.7118437018467455	0.09612886236892428	NO	P68400	CSNK2A1	A
268	R	268	58.264	30.486	36.303	-0.36	0.564916564916565	0	0	0	0.5467332123411979	0.8518690644070664	0.4461962868529538	NO	P68400	CSNK2A1	A
269	F	269	54.455	30.591	36.2	0.49	0.560808080808081	0	0	0	0.5467332123411979	0.8722519737622538	0.3087726353709981	NO	P68400	CSNK2A1	A
270	N	270	54.052	34.376	35.935	0.49	0.55515443241075	1	0	0	0.5467332123411979	0.833802970654095	0.04687289658588995	NO	P68400	CSNK2A1	A
271	D	271	55.018	34.617	32.258	0.49	0.563701531443467	0	0	0	0.5299455535390198	0.9848456348843615	-0.044602468439745954	NO	P68400	CSNK2A1	A
272	I	272	53.527	31.412	30.853	0.49	0.563701531443467	1	0	0	0.5467332123411979	1.0269364875578963	0.3756897492456069	NO	P68400	CSNK2A1	A
273	L	273	50.105	31.752	32.503	0.49	0.62410071942446	0	0	0	0.28576142550734207	0.966651485284829	0.22649879976297657	NO	P68400	CSNK2A1	A
274	G	274	49.149	35.128	31.06	0.49	0.62410071942446	0	0	0	0.5467332123411979	0.9786049821079893	0.42238888454397977	NO	P68400	CSNK2A1	A
275	R	275	45.488	36.118	30.911	-0.36	0.625448028673835	0	0	0	0.28576142550734207	0.9721873546481733	-0.0500964843572014	NO	P68400	CSNK2A1	A
276	H	276	42.703	33.778	29.805	0.49	0.625	0	0	0	0.28576142550734207	0.9831158726299953	0.013833882682282195	NO	P68400	CSNK2A1	A
277	S	277	38.911	33.823	29.987	0.49	0.629496402877698	0	0	0	0.5299455535390198	0.9990596195773422	-0.28450783016863973	NO	P68400	CSNK2A1	A
278	R	278	36.78	31.018	31.409	0.49	0.631294964028777	1	0	0	0.5467332123411979	0.3815206022820934	-0.5840149403353856	NO	P68400	CSNK2A1	A
279	K	279	35.551	29.058	28.393	0.49	0.524193548387097	0	0	0	0.5467332123411979	0.5601488642337104	-0.287712672787156	NO	P68400	CSNK2A1	A
280	R	280	32.019	27.71	27.995	0.49	0.524193548387097	0	0	0	0.5467332123411979	-0.2966865859432172	-0.47038870204255423	NO	P68400	CSNK2A1	A
281	W	281	31.742	23.935	27.702	0.49	0.488753124132186	0	0	0	0.28576142550734207	-0.7616259194719512	-0.6626792591535	NO	P68400	CSNK2A1	A
282	E	282	29.812	24.187	24.424	0.49	0.488006617038875	0	0	0	0.5467332123411979	-0.8071963356412548	-0.6764142989471389	NO	P68400	CSNK2A1	A
283	R	283	33.141	25.094	22.812	-0.65	0.488378527946873	0	0	0	0.5467332123411979	-0.24838758656548118	-1.3116598894029423	NO	P68400	CSNK2A1	A
284	F	284	34.284	21.501	23.323	0.49	0.491917502787068	0	0	0	0.5467332123411979	0.12235664972668793	-0.6963301066479156	NO	P68400	CSNK2A1	A
285	V	285	31.016	20.043	22.076	-0.08	0.496911847276811	0	0	0	0.5467332123411979	-0.3476632056205671	-0.03255789508224681	NO	P68400	CSNK2A1	A
286	H	286	30.993	18.999	18.43	0.49	0.400112707805016	1	0	0	0.5299455535390198	-0.29341760374627973	-0.7678735051024296	NO	P68400	CSNK2A1	A
287	S	287	29.443	16.522	15.992	0.49	0.400794777178541	0	0	0	0.5299455535390198	-0.5561254587163827	-0.753330521791517	NO	P68400	CSNK2A1	A
288	E	288	31.143	13.39	17.328	0.49	0.323260073260073	0	0	0	0.5467332123411979	-0.1118840095978802	-0.07859669192900244	NO	P68400	CSNK2A1	A
289	N	289	30.583	13.883	21.067	0.49	0.350082644628099	0	0	0	0.28576142550734207	0.06507466418945063	-0.7434412931400973	NO	P68400	CSNK2A1	A
290	Q	290	27.195	15.61	21.341	-0.36	0.321167883211679	0	0	0	0.5467332123411979	-0.608011290212674	0.07220508737050585	NO	P68400	CSNK2A1	A
291	H	291	25.445	12.307	22.094	0.49	0.324074074074074	1	0	0	0.5467332123411979	-0.49127778269172734	0.2630624229377674	NO	P68400	CSNK2A1	A
292	L	292	27.428	12.09	25.337	0.49	0.327715355805243	0	0	0	0.14789913655612405	-0.06486407446494655	0.16417013642356676	NO	P68400	CSNK2A1	A
293	V	293	27.075	15.748	26.3	0.49	0.328947368421053	0	0	0	0.28576142550734207	-0.41167745706967634	0.005813207038081927	NO	P68400	CSNK2A1	A
294	S	294	23.998	16.951	28.173	0.49	0.239917976760082	0	0	0	0.5299455535390198	-0.7597542919546029	-0.06825062391053277	NO	P68400	CSNK2A1	A
295	P	295	23.13	19.999	30.301	0.49	0.239917976760082	0	0	0	0.5299455535390198	-1.0912376971138125	0.04687289658588995	NO	P68400	CSNK2A1	A
296	E	296	23.288	17.747	33.382	0.49	0.239917976760082	0	0	0	0.5299455535390198	-0.5074048927381115	0.50360477201941	NO	P68400	CSNK2A1	A
297	A	297	26.69	16.343	32.396	0.49	0.240137221269297	0	0	0	0.14789913655612405	-0.307357282551968	0.4201912781769976	NO	P68400	CSNK2A1	A
298	L	298	28.117	19.828	31.901	0.49	0.240137221269297	0	0	0	1	-0.7062637645088731	-2.714434506216364e-4	NO	P68400	CSNK2A1	A
299	D	299	26.675	20.963	35.221	0.49	0.26	0	0	0	1	-0.804681549002197	0.9640988540051015	NO	P68400	CSNK2A1	A
300	F	300	28.154	17.947	37.003	-0.36	0.26	0	0	0.8704736907994038	1	-0.8304136533069	1.0839599679375904	NO	P68400	CSNK2A1	A
301	L	301	31.52	18.323	35.263	0.49	0.256934306569343	0	0	0.67807633030429	1	-0.4615516742834922	0.6671617516032514	NO	P68400	CSNK2A1	A
302	D	302	31.606	22.031	36.087	0.49	0.144078144078144	1	0	1.1892770170448412	0.9999999999999999	-0.9635973996758103	0.3324243738956444	NO	P68400	CSNK2A1	A
303	K	303	31.277	21.294	39.794	0.49	0.144199346405229	0	0	3.6983948261863118	0.5467332123411979	-1.3206099166776675	0.7620189594412345	NO	P68400	CSNK2A1	A
304	L	304	34.18	18.821	39.748	0.49	0.257664233576642	0	0	1.1892770170448412	0.9999999999999999	-1.1141304636466125	0.38348531237172623	NO	P68400	CSNK2A1	A
305	L	305	36.717	20.98	37.938	0.49	0.234625668449198	0	0	1.4949643503207888	0.7096441619538562	-0.47158864801348527	0.08987605753979194	NO	P68400	CSNK2A1	A
306	R	306	37.43	23.799	40.388	0.49	0.234625668449198	0	0	1.1892770170448412	0.9999999999999999	-0.5360847484755646	-0.7395954819978782	NO	P68400	CSNK2A1	A
307	Y	307	40.747	25.34	41.412	0.49	0.13	0	0	1.3671911636010954	0.6955561731012884	-0.2428268643853215	-0.2454534689569595	NO	P68400	CSNK2A1	A
308	D	308	39.517	25.712	44.983	0.49	0.130970149253731	0	0	1.8217872944099633	0.6154099983501073	-0.4917719511871569	-0.1915673942316828	NO	P68400	CSNK2A1	A
309	H	309	39.495	22.143	46.28	0.49	0.145522388059701	0	0	3.6983948261863118	0.5467332123411979	-0.6653191814230727	0.5612241516472491	NO	P68400	CSNK2A1	A
310	Q	310	37.057	23.149	49.023	0.49	0.163712686567164	0	0	3.6983948261863118	0.5467332123411979	-1.08940247751044	0.5910551732098661	NO	P68400	CSNK2A1	A
311	S	311	34.508	24.138	46.382	-0.36	0.145522388059701	0	0	3.6983948261863118	0.5467332123411979	-1.6711814593880021	0.7010453718773272	NO	P68400	CSNK2A1	A
312	R	312	34.558	20.841	44.488	0.49	0.164943609022556	0	2	1.8217872944099633	0.6154099983501073	-1.342761678670082	0.06627676189435801	NO	P68400	CSNK2A1	A
313	L	313	31.768	18.324	45.019	0.49	0.165719696969697	0	0	1.8217872944099633	0.6154099983501073	-1.1889918529805468	0.6288723161083527	NO	P68400	CSNK2A1	A
314	T	314	32.286	15.574	47.548	0.49	0.163857677902622	0	0	1.8217872944099633	0.6154099983501073	-0.3998901746676246	0.6485344586597871	NO	P68400	CSNK2A1	A
315	A	315	31.875	12.019	46.309	0.49	0.293501048218029	0	0	1.8217872944099633	0.6154099983501073	0.09232096426554642	0.8402232530031027	NO	P68400	CSNK2A1	A
316	R	316	28.51	11.707	48.054	-0.08	0.29404309252218	0	0	3.6983948261863118	0.5467332123411979	0.42101148074274575	1.0182054383508017	NO	P68400	CSNK2A1	A
317	E	317	27.315	15.054	46.694	0.49	0.333015267175573	0	0	3.6983948261863118	0.5467332123411979	-0.2175318756955035	0.34906490287639924	NO	P68400	CSNK2A1	A
318	A	318	28.345	13.881	43.23	0.49	0.440656565656566	0	0	0.8704736907994038	1	-0.13123433542574475	0.8115483453637509	NO	P68400	CSNK2A1	A
319	M	319	26.313	10.681	43.572	0.49	0.436953807740325	1	0	0	0.5467332123411979	0.7143400210228493	0.4073246473509561	NO	P68400	CSNK2A1	A
320	E	320	23.251	12.799	44.343	0.49	0.528301886792453	0	0	0	1	0.7853757430622974	0.16591823239730297	NO	P68400	CSNK2A1	A
321	H	321	23.568	14.791	41.12	0.49	0.665399239543726	0	0	0	0.28576142550734207	-0.37485592154285724	0.4532690429765748	NO	P68400	CSNK2A1	A
322	P	322	20.772	14.687	38.469	0.49	0.723140495867769	0	0	0	0.5299455535390198	0.14501665348451614	0.50360477201941	NO	P68400	CSNK2A1	A
323	Y	323	23.373	13.248	36.077	0.49	0.815850815850816	0	0	0	0.5467332123411979	0.008215584035511238	0.5379349068079677	NO	P68400	CSNK2A1	A
324	F	324	22.937	9.916	37.898	0.49	0.85795763172189	0	0	0	0.28576142550734207	0.7046905052567584	0.0872539135791886	NO	P68400	CSNK2A1	A
325	Y	325	19.146	9.993	38.436	0.49	0.797727272727273	0	0	0	0.5467332123411979	1.2987546523012152	-0.20392893004595775	NO	P68400	CSNK2A1	A
326	T	326	18.444	7.234	35.907	-0.36	0.745047169811321	0	0	0	0.5467332123411979	1.4706748402790077	-0.20392893004595775	NO	P68400	CSNK2A1	A
327	V	327	21.307	5.084	37.214	0.49	0.769735403455062	0	0	0	0.28576142550734207	1.4761280976655629	-0.00889136497628459	NO	P68400	CSNK2A1	A
328	V	328	20.101	5.297	40.817	0.49	0.76839591925331	0	0	0	0.28576142550734207	1.6719561018982272	-0.13300617911153126	NO	P68400	CSNK2A1	A
329	K	329	16.558	4.405	39.756	0.49	0.789591078066914	0	0	0	1	2.345460818109496	-0.6582417847586322	NO	P68400	CSNK2A1	A
330	D	330	17.661	1.301	37.834	-0.08	0.751991502920871	1	0	0	0.5299455535390198	2.1332605390230652	-1.3741543204639992	NO	P68400	CSNK2A1	A
331	Q	331	19.687	0.082	40.82	0.49	0.774069104327407	0	0	0	1	2.2048742078733485	-0.8261262326978038	NO	P68400	CSNK2A1	A
332	A	332	16.445	-0.474	42.734	-0.36	0.787334593572779	0	0	0	1	2.645656703083247	-1.9173751443024214	NO	P68400	CSNK2A1	A
