Uniprot_position	aminoacid	Position_in_structure	x	y	z	paraz	mtr	gscount	pscount	OR	pvalue	mtr3dscore	paraz3dscore	HotSpot3D	Uniprot
116	K	116	51.716	32.289	34.175	0.23	0.417569193742479	0	0	0	1	-1.0260880560142054	-0.8756167741010281	NO	Q92900
117	D	117	51.16	30.341	30.935	0.86	0.366060093101989	0	0	0	1	-0.8058300885484332	-0.6956645228251296	NO	Q92900
118	L	118	53.062	27.485	29.25	-0.39	0.34572342126299	0	0	0	1	-0.3846472064424368	-0.4097299332558383	NO	Q92900
119	P	119	56.703	28.226	28.163	2.11	0.347974328118732	0	0	0	1	-0.03496778749459057	0.07936180666442334	NO	Q92900
120	I	120	57.219	29.488	24.58	1.48	0.415770609318996	0	0	0	1	0.4483657449184953	-0.31374203359581243	NO	Q92900
121	H	121	58.838	26.144	23.626	-0.39	0.483333333333333	0	0	0	1	0.33120419934034234	-0.10658608985393285	NO	Q92900
122	A	122	55.734	24.142	24.647	-0.08	0.43583839229642	0	0	0	1	0.6221486125949889	-0.18329685539241056	NO	Q92900
123	C	123	54.319	21.61	22.15	-0.39	0.434582373874817	0	0	0	1	1.308884852346001	-0.5323987633365705	NO	Q92900
124	S	124	51.432	23.351	20.299	0.23	0.459805653710247	0	0	0	1	1.518089922228157	-0.21741289102073358	NO	Q92900
125	Y	125	49.447	20.076	20.261	-0.71	0.505214851898206	0	0	0	1	1.8017056600745238	-0.2240351363409809	NO	Q92900
126	C	126	49.833	18.607	23.8	0.54	0.505214851898206	0	0	0	1	1.1103923629528902	-0.29684917632055186	NO	Q92900
127	G	127	51.714	21.176	25.983	0.86	0.508823529411765	0	0	0	1	0.4997163524620123	-0.1717837812516407	NO	Q92900
128	I	128	54.924	19.142	26.71	0.23	0.54413082437276	0	0	0	1	0.542054538435675	-0.38159824649766333	NO	Q92900
129	H	129	57.772	21.609	27.416	-0.39	0.447722567287785	0	0	0	1	0.1407626029745907	-0.39807189405215254	NO	Q92900
130	D	130	60.963	19.632	28.236	0.23	0.481810608164399	1	0	0	1	-0.022718525900828377	-0.53132751777006	NO	Q92900
131	P	131	63.722	21.426	26.141	-0.08	0.48494983277592	0	0	0	1	-0.23318627478495577	-0.22791855180655804	NO	Q92900
132	A	132	65.267	18.039	25.272	-0.39	0.488489612577204	0	0	0	1	-0.1577444794862669	-0.49811550442865543	NO	Q92900
133	C	133	62.036	16.717	23.718	1.17	0.529197080291971	0	0	0	1	0.4111269495369989	-0.542285769617545	NO	Q92900
134	V	134	60.925	19.7	21.571	0.54	0.528381642512077	0	0	0	1	0.29928270793923245	-0.25179742562680885	NO	Q92900
135	V	135	61.533	20.711	17.952	0.54	0.690647482014389	1	0	0	1	0.31940478727957333	-0.6011074508495279	NO	Q92900
136	Y	136	60.937	24.194	16.463	-0.39	0.688172043010753	1	0	0	1	0.5566740570750387	-0.659811182048962	NO	Q92900
137	C	137	59.363	24.203	12.974	1.17	0.761870503597122	0	0	0	1	0.700039580758553	-0.7558041607606749	NO	Q92900
138	N	138	60.915	27.12	11.036	-1.33	0.761870503597122	0	0	0	1	0.3711345085375263	-0.9037822049502687	NO	Q92900
139	T	139	58.033	27.676	8.52	-1.33	0.756428571428571	0	0	0	1	0.867461203266255	-1.1859775861932005	NO	Q92900
140	S	140	55.189	27.524	11.059	-1.33	0.756428571428571	1	0	0	1	1.3617909733610625	-0.7346487927005786	NO	Q92900
141	K	141	57.124	29.26	13.881	-1.33	0.759139784946237	0	0	0	1	1.2454951798638674	-0.7999456498860682	NO	Q92900
142	K	142	55.78	26.778	16.43	-1.33	0.761870503597122	0	0	0	1	1.0439100502061425	-0.4393591020970395	NO	Q92900
143	W	143	57.179	24.068	18.715	0.86	0.84652278177458	0	0	0	1	1.0719369532957177	-0.39205058167330137	NO	Q92900
144	F	144	56.207	20.373	18.745	-0.39	0.84652278177458	0	0	0	1	1.0037124339429089	-0.8059649438577127	NO	Q92900
145	C	145	57.384	17.38	20.833	-0.08	0.953068592057762	0	0	0	1	1.0065817025528114	-0.7763581220364542	NO	Q92900
146	N	146	58.92	13.981	19.969	0.86	0.906988694758479	1	0	0	1	1.0039634988106794	-0.5902808414333277	NO	Q92900
147	G	147	56.218	12.094	21.913	-0.39	0.793615107913669	0	0	0	1	1.140252092854691	-0.673278768047983	NO	Q92900
148	R	148	53.3	10.39	20.182	-0.39	0.845878136200717	0	0	0	1	1.385812880555695	-0.613910632007596	NO	Q92900
149	G	149	50.616	10.494	22.963	-0.08	0.955035971223022	0	0	0	1	1.4057749485170743	-0.6668092230078658	NO	Q92900
150	N	150	47.339	9.215	21.462	0.23	0.965454545454545	1	0	0	1	1.6834635189030234	-0.6573346850194128	NO	Q92900
151	T	151	48.729	8.845	17.897	-0.08	0.919480519480519	0	0	0	1	2.1882527390037225	-0.4900059466722851	NO	Q92900
152	S	152	50.991	6.246	16.218	-0.08	0.852657004830918	0	0	0	1	2.89849608775683	-0.7906482963890687	NO	Q92900
153	G	153	53.78	8.749	15.336	-0.39	0.84652278177458	0	0	0	1	2.269003850397546	-0.7174678798825417	NO	Q92900
154	S	154	55.287	11.913	16.844	0.54	0.851985559566787	0	0	0	1	1.4503005431642388	-0.7741015199626523	NO	Q92900
155	H	155	53.759	15.373	17.159	-0.39	0.851985559566787	0	0	0	1	1.6781715045795915	-0.4336424860955061	NO	Q92900
156	I	156	56.503	16.998	15.019	0.54	0.769565217391304	0	0	0	1	1.1297891396936626	-0.5836879511467421	NO	Q92900
157	V	157	56.234	14.318	12.283	0.86	0.773913043478261	0	0	0	1	1.367607048731623	-0.29352885609748347	NO	Q92900
158	N	158	52.406	14.545	12.188	-0.39	0.644927536231884	0	0	0	1	2.0380679392824677	-0.37196177842704564	NO	Q92900
159	H	159	52.716	18.38	11.957	0.23	0.64963503649635	0	0	0	1	1.7872821731371429	-0.4871139561369381	NO	Q92900
160	L	160	55.488	18.381	9.282	-0.39	0.64963503649635	0	0	0	1	1.3565351894911744	-0.7565161202626973	NO	Q92900
161	V	161	53.415	16.125	6.966	0.86	0.562994201370585	0	0	0	1	0.9241904539902225	-0.16665767283707889	NO	Q92900
162	R	162	50.166	18.136	7.106	0.54	0.525461254612546	0	0	0	1	1.5011090123168578	-0.09882031419872025	NO	Q92900
163	A	163	51.552	21.69	7.4	-0.08	0.525461254612546	1	0	0	1	1.6654477538091548	-0.5872121506817535	NO	Q92900
164	K	164	53.966	20.696	4.545	0.23	0.439506172839506	0	0	0	1	0.896867963735563	-0.7156755342830446	NO	Q92900
165	C	165	57.161	21.611	6.362	0.23	0.376719576719577	0	0	0	1	0.7376028015733581	-1.0669304631444954	NO	Q92900
166	K	166	60.677	20.209	6.453	-0.08	0.219753086419753	0	0	0	1	0.014919514383867488	-0.5591253483269668	NO	Q92900
167	E	167	62.958	22.727	8.229	-0.08	0.221393034825871	0	0	0	1	-0.1259947798430318	-0.6986798807160483	NO	Q92900
168	V	168	63.847	22.35	11.888	0.54	0.219753086419753	0	0	0	1	0.06523105742767515	-0.6005969893197759	NO	Q92900
169	T	169	65.828	24.121	14.646	0.86	0.219753086419753	0	0	0	1	-0.10316024834013371	-0.7220489043706683	NO	Q92900
170	L	170	66.601	22.422	18.006	1.17	0.217948717948718	0	0	0	1	-0.020654861443121175	-0.2930711678461833	NO	Q92900
171	H	171	66.36	24.14	21.421	0.54	0.219557195571956	0	0	0	1	-0.24670400661255834	-0.20539474210621073	NO	Q92900
172	K	172	69.136	26.11	23.236	0.23	0.373626373626374	0	0	0	1	-0.6882800698398853	0.06722102357730331	NO	Q92900
173	D	173	69.313	23.763	26.242	0.86	0.373626373626374	0	0	0	1	-0.7575396098810223	-0.09060915655525746	NO	Q92900
174	G	174	69.058	20.643	23.976	-0.39	0.373626373626374	0	0	0	1	-0.7915194145848717	-0.06520344379887665	NO	Q92900
175	P	175	71.7	17.869	23.411	0.23	0.329335793357934	0	0	0	1	-0.8167611610777267	0.0846963931724004	NO	Q92900
176	L	176	73.273	19.714	20.444	-0.08	0.439114391143911	0	0	0	1	-1.4796934266463124	-0.09060915655525746	NO	Q92900
177	G	177	72.311	23.334	21.374	1.17	0.39520295202952	0	0	0	1	-1.186916595419444	0.034845602011649775	NO	Q92900
178	E	178	70.344	25.803	19.23	0.86	0.439114391143911	0	0	0	1	-1.0051980745477636	0.11848210772292136	NO	Q92900
179	T	179	71.248	24.738	15.682	0.23	0.294919454770756	0	0	0	1	-1.13731718663033	-0.05727018077634052	NO	Q92900
180	V	180	69.302	24.317	12.429	-0.71	0.295190713101161	0	0	0	1	-1.1781486227150255	-0.042201675271996704	NO	Q92900
181	L	181	69.363	20.681	11.216	0.54	0.295190713101161	0	0	0	1	-1.2192180296310824	-0.15535999968656444	NO	Q92900
182	E	182	71.14	20.535	7.867	-0.08	0.293004115226337	0	0	0	1	-1.7165182281465743	-0.05120975703498666	NO	Q92900
183	C	183	73.361	18.284	5.743	1.17	0.265168539325843	0	0	0	1	-1.1795333994337216	-0.004709852562515553	NO	Q92900
184	Y	184	77.096	18.984	6.362	0.54	0.265168539325843	0	0	0	1	-1.0024544009482559	0.0820078747731546	NO	Q92900
185	N	185	77.848	18.597	2.595	0.86	0.266917293233083	0	0	0	1	-0.593110619915936	-0.00967060264112379	NO	Q92900
186	C	186	75.235	20.839	1.002	0.54	0.244253859348199	0	0	0	1	-1.0196048057056906	-0.05976666214706863	NO	Q92900
187	G	187	73.128	22.648	3.654	0.23	0.3393536121673	1	0	0	1	-1.6471399761490297	-0.5560058415615262	NO	Q92900
188	C	188	69.898	20.813	2.751	-0.39	0.342911877394636	0	0	0	1	-1.5209007128536882	-0.3803276726171309	NO	Q92900
189	R	189	67.437	21.102	5.636	-0.08	0.371616932685635	1	0	0	1	-1.299350379831308	-0.49311565484203845	NO	Q92900
190	N	190	64.847	18.517	4.566	-0.08	0.3393536121673	0	0	0	1	-0.9833673905219635	-0.2587674334112363	NO	Q92900
191	V	191	64.581	16.242	7.662	0.23	0.335849056603774	1	0	0	1	-0.5739781392992345	-0.23640232097751115	NO	Q92900
192	F	192	62.881	13.406	5.682	-0.39	0.338403041825095	0	0	0	1	-0.6209281249507167	-0.22753021026000034	NO	Q92900
193	L	193	65.975	13.236	3.441	-0.71	0.338403041825095	0	0	0	1	-0.8182417128240673	-0.07684029910779569	NO	Q92900
194	L	194	68.433	13.624	6.377	0.86	0.340996168582376	0	0	0	1	-0.96598085057205	0.03951232944453681	NO	Q92900
195	G	195	70.112	10.826	8.329	0.86	0.338403041825095	0	0	0	1	-0.5153909327279496	-0.024910384414145347	NO	Q92900
196	F	196	73.285	9.778	10.134	1.17	0.336174242424242	0	0	0	1	-0.39503914628395637	0.07801283076585439	NO	Q92900
197	I	197	76.186	7.547	9.185	0.23	0.332397003745318	0	0	0	1	-0.09817888450394396	0.13479245267834525	NO	Q92900
198	P	198	79.088	6.569	11.605	-0.08	0.329925650557621	0	0	0	1	0.07984382610420021	-0.23286990652516887	NO	Q92900
199	A	199	82.785	7.276	11.181	-0.08	0.408725602755454	0	0	0	1	0.07993785610080459	0.19420870930167525	NO	Q92900
200	K	200	86.258	5.922	11.891	0.23	0.471322357939458	0	0	0	1	-0.12032177307597673	-0.29502397105173067	NO	Q92900
201	A	201	87.241	8.102	14.809	-0.08	0.467843964153927	0	0	0	1	-0.22701552043016004	-0.2681119018752812	NO	Q92900
202	D	202	86.611	7.315	18.5	0.54	0.464416535845107	1	0	0	1	-0.6879368811159874	-0.8330517667301132	NO	Q92900
203	S	203	83.055	8.679	18.678	-0.08	0.399775407074677	0	0	0	1	-0.76411035085793	-0.6145513955594163	NO	Q92900
204	V	204	82.142	10.602	15.501	-0.39	0.398652442448063	0	0	0	1	-0.48208818719508006	-0.08143612044498894	NO	Q92900
205	V	205	78.973	10.732	13.356	-0.39	0.397993311036789	0	0	0	1	-0.19765691539474955	0.10032714042134819	NO	Q92900
206	V	206	77.831	13.065	10.472	0.54	0.431159420289855	0	0	0	1	-0.3783955965156134	0.25688703491609	NO	Q92900
207	L	207	74.326	14.272	9.369	0.23	0.355341738553417	0	0	0	1	-0.7274478059116966	0.10758912734197745	NO	Q92900
208	L	208	73.304	13.997	5.688	-1.33	0.388363636363636	0	0	0	1	-0.5901079097267564	0.0822242677174842	NO	Q92900
209	C	209	71.065	13.701	2.707	-1.33	0.387272727272727	0	0	0	1	-0.7561436604332671	0.03254440783173813	NO	Q92900
210	R	210	70.321	10.091	1.68	0.86	0.427536231884058	0	0	0	1	-0.30150759046888687	0.05591343148635819	NO	Q92900
211	Q	211	70.945	10.961	-1.989	0.54	0.516788321167883	0	0	0	1	-0.45160678518949615	-0.09724162138988786	NO	Q92900
212	P	212	73.495	11.922	-3.314	-0.08	0.54029304029304	0	0	0	1	-0.45027546257621986	-0.45179745339707916	NO	Q92900
213	C	213	75.346	12.862	-0.112	0.86	0.542279411764706	0	0	0	1	-0.43179555166556804	0.14938952610483802	NO	Q92900
214	A	214	74.755	9.344	1.18	-0.08	0.587745587745588	1	0	0	1	-0.11917290441233676	0.178286705892809	NO	Q92900
215	S	215	76.015	7.862	-2.15	-0.08	0.583471074380165	1	0	0	1	0.39365327488137625	-0.24151050593607792	NO	Q92900
216	Q	216	79.7	6.687	-2.097	0.54	0.534848484848485	0	0	0	1	0.6998186969787363	0.32474694630886053	NO	Q92900
217	S	217	80.381	8.711	-5.295	-0.08	0.494104435710275	0	0	0	1	0.6896573177503098	-0.08335841110044954	NO	Q92900
218	S	218	80.72	11.867	-3.169	-0.39	0.426666666666667	0	0	0	1	0.10930475669403833	-0.1329413049913004	NO	Q92900
219	L	219	79.952	10.633	0.338	0.86	0.428223844282238	0	0	0	1	-0.032855625283109105	0.1763575253066835	NO	Q92900
220	K	220	83.38	9.446	1.495	-0.08	0.494104435710275	0	0	0	1	0.2599484531226646	-0.16665767283707889	NO	Q92900
221	D	221	85.386	12.587	0.624	0.23	0.533759124087591	0	0	0	1	0.2562193540882559	0.2674596335211237	NO	Q92900
222	I	222	84.31	14.613	3.631	1.48	0.535714285714286	1	0	0	1	-0.29171016736400124	0.0846963931724004	NO	Q92900
223	N	223	84.795	11.937	6.449	1.17	0.588728614558873	0	0	0	1	-0.2524419701113961	-0.16665767283707889	NO	Q92900
224	W	224	81.826	9.569	6.379	0.23	0.583941605839416	0	0	0	1	-0.024967095450350155	0.048204814942638494	NO	Q92900
225	D	225	80.457	6.004	5.403	0.54	0.581818181818182	0	0	0	1	0.1556554360281178	-0.028686811275788458	NO	Q92900
226	S	226	77.428	5.23	3.081	-0.39	0.64	1	0	0	1	0.1924701062310345	-0.08077468710117451	NO	Q92900
227	S	227	77.037	1.571	3.678	-0.08	0.711111111111111	1	0	0	1	0.49656172235273605	0.045862238516629066	NO	Q92900
228	Q	228	76.034	2.251	7.277	0.23	0.703971119133574	0	0	0	1	0.28681963680747463	0.1953737339413483	NO	Q92900
229	W	229	73.085	4.729	6.86	2.11	0.696933492632418	0	0	0	1	0.02758126004494374	0.00535419788431606	NO	Q92900
230	Q	230	70.385	5.635	9.482	-0.39	0.627240143369176	0	0	0	1	-0.11764390212795375	-0.1919322351588767	NO	Q92900
231	P	231	67.221	7.805	8.853	1.17	0.536098310291859	0	0	0	1	-0.3377694863744019	-0.07860792269902382	NO	Q92900
232	L	232	66.858	10.996	10.989	1.48	0.473826714801444	0	0	0	1	-0.7572859446532202	-0.019190518268167162	NO	Q92900
233	I	233	63.092	10.322	11.165	0.23	0.47554347826087	0	0	0	1	0.20244801360352485	-0.052388172762472124	NO	Q92900
234	Q	234	62.72	6.629	12.037	-0.08	0.478636363636364	0	0	0	1	0.2660398453003313	0.2517609265015282	NO	Q92900
235	D	235	59.467	4.813	13.061	-0.08	0.478636363636364	1	0	0	1	1.4352540927215462	-0.3010493967320051	NO	Q92900
236	R	236	57.492	8.063	12.591	0.54	0.479014598540146	0	0	0	1	1.6198873822172175	-0.3172371075148318	NO	Q92900
237	C	237	59.593	10.159	15.035	-1.33	0.480383211678832	0	0	0	1	1.234182084312504	-0.533073251285855	NO	Q92900
238	F	238	63.064	11.766	15.461	0.54	0.483915441176471	0	0	0	1	0.48538465806722614	-0.32786440544745993	NO	Q92900
239	L	239	66.093	9.807	16.734	-0.08	0.4875	0	0	0	1	0.03499817672798212	-0.050325945239372526	NO	Q92900
240	S	240	65.885	9.47	20.557	0.54	0.484317343173432	0	0	0	1	0.07914967343235832	-0.4863986851953713	NO	Q92900
241	W	241	69.519	10.494	21.127	1.48	0.484317343173432	0	0	0	1	-0.6115876069669521	-0.6132698684557759	NO	Q92900
242	L	242	69.109	13.713	19.093	0.86	0.37037037037037	0	0	0	1	-0.7246033756527228	0.04159048150449427	NO	Q92900
243	V	243	65.623	14.702	20.33	-1.33	0.215252152521525	0	0	0	1	-0.04554397051568258	-0.26739994237325876	NO	Q92900
244	K	244	64.48	12.869	23.463	-1.33	0.215432098765432	0	0	0	1	0.030343259510262757	-0.685786626285913	NO	Q92900
245	I	245	61.164	10.994	23.705	-1.33	0.218283582089552	0	0	0	1	1.0570896076624214	-0.7156755342830446	NO	Q92900
246	P	246	59.09	12.23	26.744	-1.33	0.218476903870162	0	0	0	1	0.7445814386441755	-0.6745570175886986	NO	Q92900
247	S	247	58.415	9.692	29.49	-0.08	0.262406015037594	0	0	0	1	0.7648317378293876	-0.6663006805064212	NO	Q92900
248	E	248	55.017	7.997	29.897	0.23	0.657894736842105	0	0	0	1	0.8309566717076575	-0.7337334161979782	NO	Q92900
249	Q	249	54.15	10.171	32.93	0.54	0.656015037593985	0	0	0	1	0.20212701543022438	-0.494087847817214	NO	Q92900
250	E	250	54.736	13.409	30.93	0.86	0.657894736842105	0	0	0	1	0.5470337195043643	-0.4913480312508103	NO	Q92900
251	Q	251	52.661	12.112	27.968	0.23	0.43859649122807	0	0	0	1	1.0028332842542798	-0.533589036188249	NO	Q92900
252	L	252	49.845	10.954	30.336	1.79	0.435323383084577	1	0	0	1	0.48239052898524903	-0.3403872745483367	NO	Q92900
253	R	253	49.863	14.482	31.882	-0.39	0.433705080545229	1	0	0	1	0.02266851496283041	-0.36724792131543477	NO	Q92900
254	A	254	49.808	16.351	28.575	-0.39	0.435323383084577	1	0	0	1	0.303204719264558	-0.6016736110057611	NO	Q92900
255	R	255	46.697	17.251	26.526	-0.08	0.438202247191011	0	0	0	1	0.3554019383644986	-0.21741289102073358	NO	Q92900
256	Q	256	45.221	13.955	25.115	0.54	0.331132075471698	0	0	0	1	0.866606195834062	-0.28359702104427	NO	Q92900
257	I	257	44.87	15.299	21.546	-0.08	0.531818181818182	0	0	0	1	1.2393620211328344	-0.3336121760613487	NO	Q92900
258	T	258	43.466	12.695	19.09	0.23	0.569805194805195	1	0	0	1	1.8533416203497606	-0.466748602939551	NO	Q92900
259	A	259	44.636	12.205	15.458	-0.08	0.569805194805195	0	0	0	1	2.1554150126445726	-0.3353920748164048	NO	Q92900
260	Q	260	41.186	13.341	14.237	-0.08	0.569805194805195	0	0	0	1	1.687130524710162	-0.312965350502697	NO	Q92900
261	Q	261	41.515	16.501	16.408	-0.71	0.587002096436059	0	0	0	1	1.513788785895761	-0.6155766172423287	NO	Q92900
262	I	262	45.015	17.15	14.889	1.48	0.588679245283019	0	0	0	1	1.8198868314407186	-0.2264317584568799	NO	Q92900
263	N	263	43.466	16.995	11.365	0.86	0.733082706766917	2	0	0	1	1.6555688427987982	-0.2681119018752812	NO	Q92900
264	K	264	40.914	19.725	12.149	0.86	0.659774436090226	0	0	0	1	1.5183913846599901	-0.6684704618459182	NO	Q92900
265	L	265	43.346	21.96	14.163	0.54	0.664150943396226	0	0	0	1	1.5619494865584447	-0.5735425282429218	NO	Q92900
266	E	266	45.951	21.898	11.398	0.54	0.661654135338346	0	0	0	1	1.6687189627854833	-0.5470851944903449	NO	Q92900
267	E	267	43.117	22.56	8.904	0.23	0.657303370786517	0	0	0	1	1.6741396672452458	-0.2046855966733662	NO	Q92900
268	L	268	42.148	25.782	10.782	-1.33	0.652985074626866	0	0	0	1	1.8378561487405924	-0.27995631904529145	NO	Q92900
269	W	269	45.821	26.884	11.163	1.79	0.657303370786517	0	0	0	1	1.853426276265543	-0.6583204750991363	NO	Q92900
270	K	270	46.025	27.161	7.339	-0.08	0.707865168539326	0	0	0	1	1.8646785039591327	-0.4012483287534836	NO	Q92900
271	E	271	44.156	30.517	7.318	-0.08	0.656716417910448	0	0	0	1	2.016270704843992	-0.5350967151337084	NO	Q92900
272	N	272	43.899	31.181	11.093	-0.39	0.705118601747815	1	0	0	1	2.154630500696623	-0.6145513955594163	NO	Q92900
273	P	273	47.321	30.329	12.683	0.23	0.702487562189055	1	0	0	1	2.1056747849960176	-1.1036900563804979	NO	Q92900
274	S	274	46.164	31.839	16.03	-0.08	0.702487562189055	0	0	0	1	2.1116864005261076	-0.9793594443957312	NO	Q92900
275	A	275	43.338	29.308	16.646	-0.39	0.743679775280899	0	0	0	1	1.8179381107887997	-0.5560058415615262	NO	Q92900
276	T	276	43.087	26.613	19.389	-0.08	0.69596827495043	1	0	0	1	1.3203492656268228	-0.48742390687828363	NO	Q92900
277	L	277	41.108	23.344	19.861	1.48	0.657303370786517	0	0	0	1	1.0489617482189995	-0.49665090202449486	NO	Q92900
278	E	278	38.23	25.026	21.658	-0.39	0.654850746268657	1	0	0	1	0.6254044799440698	-0.965476234106293	NO	Q92900
279	D	279	37.026	26.426	18.252	0.23	0.616330114135206	0	0	0	1	1.3879912300811352	-1.163044995917529	NO	Q92900
280	L	280	36.85	22.824	16.849	-1.33	0.612818261633011	0	0	0	1	1.4582282663937651	-0.9345988600511879	NO	Q92900
281	E	281	34.377	21.672	19.526	-1.33	0.5787728026534	0	0	0	1	0.7065244403414536	-0.7431923067248482	NO	Q92900
282	K	282	32.034	24.596	18.593	-1.33	0.579275905118602	0	0	0	1	0.761350995074012	-0.9339720261417985	NO	Q92900
283	P	283	31.067	23.108	15.063	-1.33	0.547210723437808	1	0	0	1	1.0987043044804763	-1.5325519774671925	NO	Q92900
284	G	284	28.953	20.581	17.051	-0.39	0.519850187265918	0	0	0	1	0.8176644050870991	-1.7333245570375295	NO	Q92900
285	V	285	28.569	21.71	20.681	-0.08	0.521348314606742	1	0	0	1	0.5562124911767014	-1.3595458184757314	NO	Q92900
286	D	286	25.785	24.351	20.956	-1.02	0.515555555555556	0	0	0	1	0.6292828998078567	-1.549474707169111	NO	Q92900
287	E	287	25.367	27.409	23.265	0.86	0.546272745059675	1	0	0	1	0.30616638112572014	-1.8477466198625696	NO	Q92900
288	E	288	23.979	25.332	26.195	0.23	0.50787728026534	0	0	0	1	-0.09998521032235914	-1.0220770145170797	NO	Q92900
289	P	289	26.968	24.427	28.438	0.54	0.489738805970149	0	0	0	1	-0.4104654781116755	-0.5341813386311081	NO	Q92900
290	Q	290	28.677	21.008	28.306	1.17	0.49438202247191	1	0	0	1	-0.4654771602291677	-0.13340425402709827	NO	Q92900
291	H	291	27.684	18.807	31.278	-0.39	0.49438202247191	0	0	0	1	-0.5505142700465339	0.36241416331241394	NO	Q92900
292	V	292	30.119	17.763	34.066	1.48	0.41627358490566	0	0	0	1	-0.542505440179923	1.041982576783821	NO	Q92900
293	L	293	31.765	14.364	33.509	1.48	0.444444444444444	1	0	0	1	-0.5309894473895962	1.1839803567496956	NO	Q92900
294	L	294	32.808	11.598	35.925	0.23	0.392156862745098	0	0	0	1	-0.3642628670663355	1.2141877813355062	NO	Q92900
295	R	295	36.066	11.047	34.04	0.86	0.467049977885891	1	0	0	1	-0.38015344938268414	0.2538113698673528	NO	Q92900
296	Y	296	38.142	13.571	32.12	-0.08	0.43859649122807	0	0	0	1	-0.5443329387205346	0.24236306107483144	NO	Q92900
297	E	297	40.918	12.894	29.574	-0.39	0.48114689709348	0	0	0	1	-0.0550525079808341	-0.05692691458786538	NO	Q92900
298	D	298	42.757	16.001	30.663	0.54	0.476218323586745	0	0	0	1	-0.48425613480691454	-0.20461805901309532	NO	Q92900
299	A	299	43.04	18.858	33.114	-0.08	0.430864197530864	0	0	0	1	-0.6550094372542841	-0.2993553339756628	NO	Q92900
300	Y	300	42.66	20.91	29.861	0.86	0.435705368289638	0	0	0	1	-0.5379667360015797	-0.650434154461349	NO	Q92900
301	Q	301	39.262	19.184	29.21	-0.08	0.359355638166047	0	0	0	1	-0.5678847341123802	-0.253549093879367	NO	Q92900
302	Y	302	38.446	19.762	32.915	0.23	0.359355638166047	0	0	0	1	-0.7385060719687905	-0.4689968961038326	NO	Q92900
303	Q	303	39.16	23.516	32.432	0.86	0.306409130816506	0	0	0	1	-0.7929268392605296	-0.8642661054687841	NO	Q92900
304	N	304	37.08	23.539	29.199	1.48	0.304395364093593	0	0	0	1	-0.41665430364597966	-0.8863859094257377	NO	Q92900
305	I	305	34.072	22.012	31.053	0.86	0.323420074349442	0	0	0	1	-0.5241375906262703	-0.4356917749324086	NO	Q92900
306	F	306	34.305	23.801	34.458	0.54	0.257037037037037	0	0	0	1	-0.6875733830800304	-0.6552026274051275	NO	Q92900
307	G	307	35.55	27.216	33.137	0.86	0.275396825396825	0	0	0	1	-0.6773037472032686	-1.4962420428640464	NO	Q92900
308	P	308	32.315	28.19	31.299	-1.33	0.428044280442804	1	0	0	1	-0.5390797869012504	-1.055086045974485	NO	Q92900
309	L	309	30.289	27.026	34.349	-1.33	0.429274292742927	0	0	0	1	-0.5183194865610146	-0.7747422835144726	NO	Q92900
310	V	310	32.35	29.345	36.633	-1.33	0.429274292742927	1	0	0	1	-0.5590649431949052	-1.5450621230027302	NO	Q92900
311	K	311	31.731	32.156	34.119	-1.33	0.405092592592593	0	0	0	1	-0.5537253654384993	-1.8598753585220242	NO	Q92900
312	L	312	27.962	31.436	34.068	-1.33	0.487918215613383	1	0	0	1	-0.3298640659846584	-0.9339720261417985	NO	Q92900
313	E	313	27.957	31.767	37.893	-1.33	0.483333333333333	0	0	0	1	-0.27273928002855136	-1.5072265608952502	NO	Q92900
314	A	314	30.095	34.955	37.77	-1.33	0.511764705882353	0	0	0	1	-0.2979433506922746	-2.175893313691292	NO	Q92900
315	D	315	28.046	36.777	35.081	-1.33	0.548319327731092	1	0	0	1	-0.08490701065256856	-2.0344834263930354	NO	Q92900
316	Y	316	24.939	35.716	37.058	-1.33	0.546310832025118	0	0	0	1	0.46090811742832394	-1.59611277576844	NO	Q92900
317	D	317	26.343	36.806	40.515	0.23	0.549450549450549	1	0	0	1	0.5964458261964652	-1.3453879952355132	NO	Q92900
318	K	318	27.162	40.187	38.995	-0.39	0.549009384775808	0	0	0	1	0.3387508708751507	-1.642138974663113	NO	Q92900
319	K	319	23.6	40.774	37.715	-0.08	0.512820512820513	0	0	0	1	0.923109236148069	-1.318878691720208	NO	Q92900
320	L	320	22.45	39.299	41.027	2.11	0.557253649635037	0	0	0	1	1.1395029839385376	-1.1590402237186528	NO	Q92900
321	K	321	24.392	41.984	42.997	0.54	0.558850364963504	0	0	0	1	1.1634987834478243	-0.9595540255212879	NO	Q92900
322	E	322	23.493	44.845	40.607	-0.39	0.560447080291971	0	0	0	1	0.853247828423956	-0.4832784452908554	NO	Q92900
323	S	323	19.675	44.401	40.89	0.23	0.601216545012165	2	0	0	1	1.2833380363971096	-0.8682937620802255	NO	Q92900
324	Q	324	19.62	44.807	44.671	0.86	0.644688644688645	0	0	0	1	1.37754436934602	-0.18823004574835986	NO	Q92900
325	T	325	19.948	48.606	44.902	-0.71	0.601709401709402	0	0	0	1	0.9545090033669347	0.007721550908282318	NO	Q92900
326	Q	326	17.887	50.101	47.742	0.23	0.554621848739496	0	0	0	1	0.7342083450660439	0.09193618914751193	NO	Q92900
327	D	327	17.03	53.741	47.074	-0.08	0.557142857142857	1	0	0	1	0.5439582815644097	-0.2639255800033891	NO	Q92900
328	N	328	15.217	55.533	49.946	0.86	0.5	0	0	0	1	0.5143117796876914	-0.2403454812964048	NO	Q92900
329	I	329	17.231	54.406	52.982	-1.33	0.553505535055351	0	0	0	1	0.49709300628959335	-0.07949173449463795	NO	Q92900
330	T	330	17.395	55.978	56.455	-1.33	0.593891402714932	1	0	0	1	0.5419536061433196	-0.019739744169727236	NO	Q92900
331	V	331	20.726	55.671	58.321	-1.33	0.638686131386861	0	0	0	1	0.5770429554522298	-0.13381854080629232	NO	Q92900
332	R	332	21.594	55.755	62.031	-0.39	0.692307692307692	0	0	0	1	0.7052872932327826	-0.32543888097813073	NO	Q92900
333	W	333	25.224	56.864	62.53	0.86	0.747262773722628	0	0	0	1	0.729066752678595	-0.5184843267531841	NO	Q92900
334	D	334	27.561	55.609	65.245	0.54	0.746666666666667	0	0	0	1	1.0838902047911159	-0.06913346025004068	NO	Q92900
335	L	335	31.247	55.422	66.296	-1.33	0.684782608695652	1	0	0	1	1.158269023097318	0.06722102357730331	NO	Q92900
336	G	336	33.042	52.153	67.18	-1.33	0.684782608695652	0	0	0	1	0.9913181455692482	0.11983108362149018	NO	Q92900
337	L	337	35.469	51.722	70.116	2.11	0.687272727272727	0	0	0	1	1.2926589579655106	-0.28228636832463777	NO	Q92900
338	N	338	38.177	51.317	67.447	0.54	0.692307692307692	0	0	0	1	1.1213737282991774	-0.3571068396280903	NO	Q92900
339	K	339	36.958	54.811	66.398	1.48	0.586080586080586	1	0	0	1	1.12191117092501	-0.21471493922359583	NO	Q92900
340	K	340	35.677	53.815	62.978	-1.33	0.538766788766789	0	0	0	1	1.0001048017096827	-0.3998244097494386	NO	Q92900
341	R	341	32.486	55.135	61.439	0.54	0.531818181818182	0	0	0	1	0.8916524166103055	-0.6971722017705889	NO	Q92900
342	I	342	29.486	52.785	61.616	1.48	0.582750582750583	0	0	0	1	0.6817518979262301	-0.5336727961296635	NO	Q92900
343	A	343	26.261	53.188	59.631	0.86	0.584893048128342	0	0	0	1	0.6225932603514625	-0.6492136524578819	NO	Q92900
344	Y	344	23.117	51.221	60.617	0.86	0.638686131386861	1	0	0	1	0.49282251342302846	-0.3941287337332589	NO	Q92900
345	F	345	20.133	50.773	58.293	1.17	0.635869565217391	0	0	0	1	0.42601438028683003	0.14045114378532905	NO	Q92900
346	T	346	17.113	48.502	57.663	0.54	0.638181818181818	1	0	0	1	0.10154336564541487	-0.1080588125335196	NO	Q92900
347	L	347	16.215	46.943	54.289	0.23	0.642335766423358	0	0	0	1	0.10158791727413932	-0.04335645793681558	NO	Q92900
348	P	348	13.158	44.93	53.019	0.86	0.64	0	0	0	1	-0.0699375541464156	-0.08325506214047863	NO	Q92900
349	K	349	12.954	41.35	54.404	-0.08	0.64051094890511	0	0	0	1	-0.6975499458691331	0.031036728886278862	NO	Q92900
350	T	350	14.22	38.99	51.735	0.54	0.701298701298701	0	0	0	1	-0.13205179740995737	0.11136251270269652	NO	Q92900
351	D	351	15.646	35.419	51.422	1.17	0.580165289256198	0	0	0	1	0.006420516362194123	-0.19228821490988798	NO	Q92900
352	S	352	18.533	34.127	49.26	-0.08	0.634057971014493	0	0	0	1	1.0923083767213524	-0.04115955433057487	NO	Q92900
353	G	353	21.326	31.544	48.934	2.11	0.682831661092531	0	0	0	1	1.0067195276082033	0.45012578848320745	NO	Q92900
354	N	354	18.432	29.507	47.759	0.23	0.782608695652174	0	0	0	1	0.7037992811236953	0.279192533692967	NO	Q92900
355	E	355	18.942	25.742	47.098	-0.39	0.692307692307692	0	0	0	1	0.48916840812090623	0.4626636727006422	NO	Q92900
356	D	356	15.884	24.803	45.023	-0.39	0.75	1	0	0	1	0.4953873033705084	-0.05324252416489914	NO	Q92900
357	L	357	14.113	28.103	44.131	-1.33	0.745726495726496	0	0	0	1	1.0678483026850583	-0.8450364183474915	NO	Q92900
358	V	358	13.866	30.498	41.194	-1.33	0.808228268082283	1	0	0	1	1.4484219899685888	-1.29702282947994	NO	Q92900
359	I	359	15.492	33.901	40.866	-1.33	0.814171122994652	1	0	0	1	1.8889680038496555	-1.0327564070474167	NO	Q92900
360	I	360	13.305	35.903	38.465	-1.33	0.767032967032967	0	0	0	1	1.9039980347830858	-1.7884302224940687	NO	Q92900
361	W	361	11.643	38.303	40.932	-1.33	0.818850267379679	0	0	0	1	1.9201758287837827	-1.0288615697716468	NO	Q92900
362	L	362	13.612	38.848	44.124	-1.33	0.774264705882353	0	0	0	1	2.07090412528492	-0.7098970120702659	NO	Q92900
363	R	363	17.252	38.295	44.716	0.23	0.824220060382422	0	0	0	1	1.6393951233282833	-0.7695407911526378	NO	Q92900
364	D	364	19.055	39.531	47.955	0.23	0.827272727272727	0	0	0	1	1.404784555335377	-0.37000587060590917	NO	Q92900
365	M	365	22.159	37.332	47.153	-0.39	0.824220060382422	0	0	0	1	1.5302724990845338	-0.26349564832990974	NO	Q92900
366	R	366	22.551	36.532	50.864	-0.39	0.907407407407407	0	0	0	1	1.3829941766445535	0.22453952319661374	NO	Q92900
367	L	367	24.18	38.901	53.306	0.23	0.756172839506173	1	0	0	1	1.122334153543178	-0.03450019027415741	NO	Q92900
368	M	368	27.411	37.884	55.03	0.23	0.740115972588297	1	0	0	1	1.2421683698687038	0.4269029639990563	NO	Q92900
369	Q	369	29.708	39.731	57.4	-0.08	0.740115972588297	1	0	0	1	0.8237450654027503	-0.21471493922359583	NO	Q92900
370	G	370	32.568	41.354	55.415	0.54	0.739495798319328	0	0	0	1	0.46586999243150357	-0.5350967151337084	NO	Q92900
371	D	371	30.434	41.872	52.28	-0.71	0.831932773109244	0	0	0	1	0.5564189129181121	-0.4095070589769442	NO	Q92900
372	E	372	31.262	45.193	50.555	0.86	0.779335793357934	0	0	0	1	0.5039993754206776	-0.7113066918842703	NO	Q92900
373	I	373	28.496	47.864	50.454	0.54	0.683174740484429	0	0	0	1	0.6125297903667597	-0.2791198910988595	NO	Q92900
374	C	374	28.582	51.211	48.665	0.23	0.607266435986159	0	0	0	1	0.41670332722605435	-0.4109487769685398	NO	Q92900
375	L	375	26.61	53.833	50.586	-0.71	0.535294117647059	0	0	0	1	0.38638450506721544	-0.5549603852401355	NO	Q92900
376	R	376	25.659	56.96	48.614	0.54	0.534838289559366	2	0	0	1	0.2668034735362762	-0.9353854751531667	NO	Q92900
377	Y	377	24.031	60.111	49.924	0.23	0.505125051250513	0	0	0	1	0.19615438953143033	-0.8878935883711971	NO	Q92900
378	K	378	21.456	61.466	47.44	1.48	0.503267973856209	2	0	0	1	0.09324494316489844	-0.6145513955594163	NO	Q92900
379	G	379	19.343	63.939	49.438	-0.08	0.476780185758514	0	0	0	1	0.09819654355255882	-0.4380668058580743	NO	Q92900
380	D	380	19.503	67.728	49.187	-0.08	0.475033738191633	0	0	0	1	-0.10400119188798798	-0.24766849331720736	NO	Q92900
381	L	381	20.363	68.555	52.851	-0.08	0.473684210526316	0	0	0	1	-0.034305830127215955	-0.27502209704196995	NO	Q92900
382	A	382	24.063	68.199	51.859	-0.39	0.502849002849003	0	0	0	1	0.09144405088336464	-0.3736243000750116	NO	Q92900
383	P	383	25.939	67.507	48.53	0.23	0.503852392538524	1	0	0	1	0.12652187271896062	-0.603696107152109	NO	Q92900
384	L	384	26.561	64.123	46.853	0.23	0.431515151515151	0	0	0	1	0.10902546121260645	-0.6940060759851242	NO	Q92900
385	W	385	28.744	61.647	48.799	-0.08	0.381064834693001	0	0	0	1	0.18636550195758161	-0.6675211825098882	NO	Q92900
386	K	386	29.838	58.015	48.39	-1.33	0.464052287581699	1	0	0	1	0.24864867592800735	-0.42386016253771724	NO	Q92900
387	G	387	31.478	55.645	50.928	-1.33	0.484405458089669	0	0	0	1	0.3051351049667064	-0.4357783646015735	NO	Q92900
388	I	388	32.552	51.993	50.947	-1.33	0.480843653250774	0	0	0	1	0.4897832289850444	-0.3620905561422476	NO	Q92900
389	G	389	31.955	49.929	54.093	-1.33	0.499033561764189	0	0	0	1	0.42090034589021846	-0.5051944160487645	NO	Q92900
390	H	390	32.036	46.289	55.115	-1.33	0.502292768959436	0	0	0	1	0.4863770026487485	-0.42304524273847927	NO	Q92900
391	V	391	29.198	44.444	56.89	1.17	0.47946127946128	0	0	0	1	0.5566364391248596	-0.15652668154478613	NO	Q92900
392	I	392	29.649	43.918	60.668	0.86	0.442786069651741	0	0	0	1	0.47799427910179093	-0.08875913246579152	NO	Q92900
393	K	393	25.999	43.149	61.5	0.23	0.445692883895131	0	0	0	1	0.2683789318041017	-0.0011270886168540653	NO	Q92900
394	V	394	23.141	41.367	59.648	-0.08	0.383458646616541	0	0	0	1	0.2172050870653819	-0.1890843971507868	NO	Q92900
395	P	395	19.438	41.15	60.804	0.54	0.408466819221968	0	0	0	1	-0.7144820177367072	0.37834732596112375	NO	Q92900
396	D	396	19.555	39.116	64.036	-0.08	0.406936980947728	0	0	0	1	-1.7922176048100327	0.13323908649211438	NO	Q92900
397	N	397	18.322	38.753	67.652	0.23	0.388526119402985	0	0	0	1	-2.4928048529197406	-0.1338185408062924	NO	Q92900
398	Y	398	19.37	42.369	68.413	1.17	0.423063973063973	1	0	0	1	-2.072870751275174	-0.3419183702516109	NO	Q92900
399	G	399	17.113	43.707	65.616	-0.08	0.398523985239852	0	0	0	1	-1.7591784259180343	0.45069336458971493	NO	Q92900
400	D	400	16.632	44.029	61.876	0.23	0.395604395604396	0	0	0	1	-1.441408785535432	0.31023653360097386	NO	Q92900
401	E	401	19.406	46.609	61.249	0.23	0.377100840336134	1	0	0	1	0.17394703764965638	-0.04628566274513667	NO	Q92900
402	I	402	22.383	45.887	58.987	1.48	0.329963235294118	1	0	0	1	0.720302165276403	-0.24242363335636233	NO	Q92900
403	A	403	25.573	47.644	60.101	-0.39	0.374348279457768	0	0	0	1	0.7820901328952486	-0.1740811530106059	NO	Q92900
404	I	404	28.606	48.532	57.954	-0.08	0.455253623188406	1	0	0	1	0.8202459197499596	-0.4261669113242701	NO	Q92900
405	E	405	32	49.78	59.146	0.54	0.477484324529736	0	0	0	1	0.8865751976479498	-0.191525401157721	NO	Q92900
406	L	406	33.326	52.433	56.715	1.17	0.504011231448055	0	0	0	1	0.9799606575045356	-0.7496703558201736	NO	Q92900
407	R	407	36.874	52.046	55.26	0.23	0.504011231448055	0	0	0	1	0.7186367760396412	-0.5792382042591017	NO	Q92900
408	S	408	37.47	55.792	55.669	0.23	0.534100596760443	0	0	0	1	0.6731732376948169	-0.9954606823645471	NO	Q92900
409	S	409	36.168	57.877	58.572	0.23	0.536042780748663	0	0	0	1	0.9925174240633662	-0.7743151078132592	NO	Q92900
410	V	410	36.812	61.099	56.636	1.17	0.569545454545454	1	0	0	1	0.6251026615344559	-0.9336516443658884	NO	Q92900
411	G	411	33.887	63.207	55.347	-0.39	0.569545454545454	0	0	0	1	0.3246326330842491	-0.6940060759851242	NO	Q92900
412	A	412	31.109	60.811	56.366	-0.39	0.56543321299639	0	0	0	1	0.5756693094445061	-0.8602842176824727	NO	Q92900
413	P	413	27.756	62.772	56.519	-0.39	0.532172435761308	0	0	0	1	0.5152929803156556	-0.3521878467050259	NO	Q92900
414	V	414	27.014	62.018	60.225	0.23	0.48252688172043	0	0	0	1	0.8105034279240146	-0.48434824182954656	NO	Q92900
415	E	415	24.526	64.886	60.601	0.54	0.511428571428572	0	0	0	1	0.830394291623738	-0.781790682584495	NO	Q92900
416	V	416	22.238	63.652	57.785	-0.08	0.507801418439716	0	0	0	1	0.44991044831476545	-0.7174678798825417	NO	Q92900
417	T	417	19.925	60.668	58.173	0.23	0.456632653061225	0	0	0	1	0.6639268014345859	-0.2507875539927344	NO	Q92900
418	H	418	17.377	60.294	55.26	-0.39	0.428057553956834	1	0	0	1	0.5556045131702958	-0.32441365929521837	NO	Q92900
419	N	419	17.883	59.732	51.473	0.23	0.493520816101461	1	0	0	1	0.3004721095858554	-0.5488612655061429	NO	Q92900
420	F	420	20.778	57.249	51.306	1.17	0.466601498859563	0	0	0	1	0.4298448178726336	-0.5887823100159435	NO	Q92900
421	Q	421	21.155	54.644	48.546	1.48	0.427718040621266	0	0	0	1	0.39964117217913475	-0.600826653675267	NO	Q92900
422	V	422	22.616	51.184	49.292	0.54	0.397343663530714	0	0	0	1	0.5811043609899829	-0.4298765950453346	NO	Q92900
423	D	423	24.442	49.266	46.544	0.54	0.39877811718967	0	0	0	1	0.6986322925905726	-0.523108235777072	NO	Q92900
424	F	424	25.955	45.797	46.99	0.23	0.367639528929852	0	0	0	1	1.0730871767474397	-0.5465265514634745	NO	Q92900
425	V	425	29.485	45.78	45.525	-0.71	0.427718040621266	0	0	0	1	0.7452652329392523	-0.8844161998357022	NO	Q92900
426	W	426	30.319	42.893	43.204	2.11	0.397343663530714	0	0	0	1	0.6845282732881091	-1.2734534848465526	NO	Q92900
427	K	427	33.912	41.643	43.039	-1.33	0.367934224049332	0	0	0	1	0.363529917783063	-1.55332825020803	NO	Q92900
428	S	428	35.205	39.14	40.457	-1.33	0.458269329237071	0	0	0	1	-0.20343223025810012	-2.936212497500043	NO	Q92900
429	T	429	37.915	37.895	42.891	-1.33	0.430806257521059	0	0	0	1	-0.062430956688215196	-2.335642295748541	NO	Q92900
430	S	430	36.488	34.473	43.876	-1.33	0.433939393939394	0	0	0	1	-6.096424001141804e-4	-1.759756053550114	NO	Q92900
431	F	431	35.646	33.616	40.235	-1.33	0.431515151515151	0	0	0	1	-0.3324095676424348	-2.3232039444485015	NO	Q92900
432	D	432	39.06	34.873	39.044	-1.33	0.429951690821256	0	0	0	1	-0.4144431408138239	-2.904936066788818	NO	Q92900
433	R	433	40.763	32.587	41.605	-1.33	0.452685421994885	0	0	0	1	-0.5102553952425911	-1.879923490863066	NO	Q92900
434	M	434	38.557	29.644	40.473	-1.33	0.424460431654676	1	0	0	1	-0.5392864315333189	-1.5141834223150124	NO	Q92900
435	Q	435	39.383	30.311	36.766	-1.33	0.361495135688684	0	0	0	1	-0.7883693495101509	-1.9070234333823095	NO	Q92900
436	S	436	43.092	30.705	37.668	-1.33	0.365136668385766	0	0	0	1	-0.7894410758105285	-1.5184089981702593	NO	Q92900
437	A	437	43.073	27.393	39.618	-1.33	0.364105208870552	0	0	0	1	-0.7858212358691983	-0.7047464936156348	NO	Q92900
438	L	438	41.596	25.58	36.587	-1.33	0.364105208870552	0	0	0	1	-0.9952947477227287	-0.7926836629654389	NO	Q92900
439	K	439	44.344	27.163	34.45	-1.33	0.364105208870552	0	0	0	1	-1.102411012126691	-0.8827109419961806	NO	Q92900
440	T	440	47.227	26.074	36.816	-1.33	0.398550724637681	1	0	0	1	-0.9756834289868844	-0.7863536957565482	NO	Q92900
441	F	441	45.744	22.54	37.052	-1.33	0.401459854014599	0	0	0	1	-0.9565089036856639	-0.49720808772172986	NO	Q92900
442	A	442	45.999	22.309	33.228	-0.08	0.377844568484328	0	0	0	1	-0.8366380575512844	-0.6451766073694907	NO	Q92900
443	V	443	49.242	24.295	32.702	1.48	0.375106564364876	1	0	0	1	-0.7545127860747718	-0.681671377612585	NO	Q92900
444	D	444	51.525	23.588	35.675	-0.08	0.401459854014599	0	0	0	1	-0.6728449324254296	-0.7561601405116861	NO	Q92900
445	E	445	52.709	19.987	36.241	-0.08	0.455074337427279	0	0	0	1	-0.47210157263120245	-0.33774154117307903	NO	Q92900
446	T	446	54.126	20.743	39.757	-0.08	0.473300038417211	0	0	0	1	-0.6470251646661891	-0.260849914954652	NO	Q92900
447	S	447	50.741	22.084	41.017	0.86	0.474644640799078	0	0	0	1	-0.8408114978116107	-0.36849819166044984	NO	Q92900
448	V	448	49.437	18.703	42.243	0.86	0.450912408759124	1	0	0	1	-0.6359641240151936	-0.11283353448418	NO	Q92900
449	S	449	51.248	15.28	42.318	0.23	0.465085638998683	0	0	0	1	-0.43662962778980163	-0.1080588125335196	NO	Q92900
450	G	450	50.996	12.691	39.476	0.23	0.427878787878788	0	0	0	1	-0.17129266578711366	-0.060931686786741705	NO	Q92900
451	Y	451	48.858	10.457	41.724	0.54	0.446482213438735	0	0	0	1	-0.22034545089377136	0.13323908649211438	NO	Q92900
452	I	452	46.508	13.339	42.751	-0.08	0.467153284671533	0	0	0	1	-0.35496573253106223	0.1546277439794469	NO	Q92900
453	Y	453	46.18	14.488	39.085	-0.39	0.517647058823529	0	0	0	1	-0.37699335274835893	0.035033831206798975	NO	Q92900
454	H	454	45.226	11.044	37.715	-0.08	0.515750915750916	0	0	0	1	0.03546273382690927	-0.1326972045906069	NO	Q92900
455	K	455	42.961	10.167	40.684	-0.39	0.533333333333333	1	0	0	1	-0.33238405351707334	0.322141009598755	NO	Q92900
456	L	456	41.012	13.51	40.567	0.86	0.499911488759072	0	0	0	1	-0.41235771138453703	0.9969106860364664	NO	Q92900
457	L	457	40.361	13.183	36.8	-0.08	0.500355366027008	0	0	0	1	-0.3626735559666648	0.6237699371582989	NO	Q92900
458	G	458	38.943	9.653	37.261	-0.39	0.562899786780384	0	0	0	1	-0.3321450653429138	0.5209765461996257	NO	Q92900
459	H	459	41.716	7.619	35.718	0.23	0.501776830135039	0	0	0	1	-0.2585669385476417	0.021874679910025875	NO	Q92900
460	E	460	42.711	4.148	36.855	-0.08	0.482124616956078	1	0	0	1	-0.16416847374966131	0.028775210468089757	NO	Q92900
461	V	461	45.701	4.537	39.213	1.48	0.473754646840149	1	0	0	1	0.04486225756317362	-0.014796711055685453	NO	Q92900
462	E	462	47.366	1.696	41.153	-0.08	0.477303370786517	0	0	0	1	-0.18171881435428217	-0.3648366856500485	NO	Q92900
463	D	463	47.276	2.319	44.937	0.23	0.493494423791822	0	0	0	1	-0.37336460301895497	-0.0011270886168540653	NO	Q92900
464	V	464	50.268	4.124	46.492	-0.71	0.435424354243542	1	0	0	1	-0.7434916346823687	0.19304368466200203	NO	Q92900
465	I	465	51.306	3.917	50.147	0.54	0.404918501572777	0	0	0	1	-1.0075847690510493	0.26585772464157315	NO	Q92900
466	I	466	52.627	7.249	51.51	-0.08	0.389921520033044	1	0	0	1	-0.756449549841541	0.4227054984132196	NO	Q92900
467	K	467	55.882	6.494	53.337	-0.39	0.389921520033044	0	0	0	1	-0.9725227533347564	0.11688019884337084	NO	Q92900
468	C	468	55.483	7.856	56.873	0.23	0.387379972565158	0	0	0	1	-0.21489028325643997	0.24663481808696638	NO	Q92900
469	Q	469	56.291	7.172	60.502	0.86	0.387379972565158	0	0	0	1	-0.13575243757621064	0.22100427601415734	NO	Q92900
470	L	470	52.976	6.61	62.316	0.86	0.420238095238095	1	0	0	1	-0.4650930362302316	0.19420870930167525	NO	Q92900
471	P	471	52.568	8.274	65.755	0.54	0.399659381209197	0	0	0	1	0.025762778244304348	0.31795458733304355	NO	Q92900
472	K	472	52.779	6.057	68.874	0.23	0.401930173147885	0	0	0	1	-0.7503881918658604	0.1557628961924617	NO	Q92900
473	R	473	49.411	7.505	69.922	-0.39	0.419555555555556	1	0	0	1	-0.44768730205279406	-0.0011270886168540653	NO	Q92900
474	F	474	46.763	8.637	67.405	0.54	0.407206176722905	0	0	0	1	-0.37761846998308146	0.09431616805427281	NO	Q92900
475	T	475	45.036	10.871	70.054	0.54	0.407577497129736	0	0	0	1	-0.26062437401036526	-0.0576245200676696	NO	Q92900
476	A	476	46.475	14.395	69.761	-0.39	0.35796600403342	1	0	0	1	0.424915918224154	-0.1830536813689494	NO	Q92900
477	Q	477	47.466	16.339	72.902	0.86	0.37089552238806	1	0	0	1	0.1613071830226281	-0.3796419056051494	NO	Q92900
478	G	478	44.724	18.792	74.018	-0.08	0.358974358974359	0	0	0	1	0.20719928923467884	-0.45564203470800047	NO	Q92900
479	L	479	42.001	16.817	72.188	-0.08	0.370557620817844	0	0	0	1	0.4843090769170839	-0.1347476479564317	NO	Q92900
480	P	480	39.66	13.989	73.424	-1.33	0.349133703824779	0	0	0	1	-0.1453556105671226	-0.24888899532067452	NO	Q92900
481	D	481	40.536	10.311	73.092	-1.33	0.350114416475973	0	0	0	1	-0.709522052888709	-0.13512536120803095	NO	Q92900
482	L	482	39.669	8.962	69.66	-0.08	0.317460317460317	0	0	0	1	-0.5218880855862135	0.21699950381528088	NO	Q92900
483	N	483	37.276	6.047	69.204	0.54	0.319548872180451	0	0	0	1	-0.8327511551813636	0.41067028735294403	NO	Q92900
484	H	484	38.175	3.045	66.978	1.48	0.321969696969697	0	0	0	1	-1.2063468589107729	0.5529808209572072	NO	Q92900
485	S	485	36.675	4.384	63.692	0.54	0.321969696969697	1	0	0	1	-1.1040324100190442	0.7786895190466568	NO	Q92900
486	Q	486	38.321	7.772	64.288	1.17	0.301647655259823	0	0	0	1	-0.6765758207363173	0.35627658139842705	NO	Q92900
487	V	487	41.693	5.988	65.007	0.23	0.320610687022901	0	0	0	1	-0.8679967850135435	0.37556421154412684	NO	Q92900
488	Y	488	41.118	3.957	61.801	-0.39	0.304810557684121	0	0	0	1	-1.412115530527129	0.8417091427339233	NO	Q92900
489	A	489	40.356	7.159	59.852	2.11	0.228607918263091	0	0	0	1	-0.777581315983059	0.9622665322777653	NO	Q92900
490	V	490	43.503	8.975	61.114	-0.08	0.243665158371041	1	0	0	1	-0.3678070253519613	0.7067030482938881	NO	Q92900
491	K	491	45.969	6.103	60.431	0.23	0.27509578544061303	0	0	0	1	-0.627308707539958	0.5722934703061867	NO	Q92900
492	T	492	44.612	5.1	56.973	-0.08	0.294745484400657	1	0	0	1	-1.2003958665800325	0.6682130445948937	NO	Q92900
493	V	493	44.599	8.765	55.898	0.86	0.297021511307226	0	0	0	1	-0.44463467323780953	0.8568858198205143	NO	Q92900
494	L	494	48.269	9.344	56.842	0.86	0.277220077220077	0	0	0	1	-0.11934213251766566	0.7259259548484946	NO	Q92900
495	Q	495	49.329	6.36	54.675	0.86	0.322358575276863	0	0	0	1	-0.7455212862872319	0.6677080092831142	NO	Q92900
496	R	496	47.651	7.35	51.328	-0.08	0.347868217054264	0	0	0	1	-0.8879320394085491	0.5190779875275657	NO	Q92900
497	P	497	48.033	10.379	48.949	0.23	0.496954595791805	0	0	0	1	-0.4649790098628402	0.6453321392195509	NO	Q92900
498	L	498	44.251	10.834	48.6	1.79	0.464332036316472	0	0	0	1	-0.5799190032764454	0.9654821143615633	NO	Q92900
499	S	499	41.435	9.939	50.998	0.86	0.460746460746461	0	0	0	1	-0.6577013426297017	1.1335707856297526	NO	Q92900
500	L	500	37.838	10.926	51.633	1.48	0.462532299741602	0	0	0	1	-0.5547490261530277	1.7765340794329707	NO	Q92900
501	I	501	36.337	10.946	55.17	-0.08	0.370025839793282	0	0	0	1	-0.4009413110818023	1.5225900647550668	NO	Q92900
502	Q	502	32.575	10.98	55.727	-0.39	0.350980392156863	0	0	0	1	-0.17521810886127026	1.7129402482988305	NO	Q92900
503	G	503	31.769	12.521	59.144	0.23	0.41015625	0	0	0	1	-0.05553550142662397	1.7230889390706223	NO	Q92900
504	P	504	28.023	12.198	59.961	-0.71	0.413385826771654	0	0	0	1	0.08948873112026755	1.6415907036666566	NO	Q92900
505	P	505	26.34	14.446	62.592	0.54	0.439222440944882	0	0	0	1	0.05657006737045615	2.0457874344587115	NO	Q92900
506	G	506	27.815	14.09	66.109	2.11	0.439222440944882	0	0	0	1	0.1337323918432931	1.5698115525957312	NO	Q92900
507	T	507	30.646	11.697	65.093	0.86	0.530632411067194	1	0	0	1	-0.19907519119732947	1.27995035639074	NO	Q92900
508	G	508	33.559	14.018	65.972	2.11	0.47167325428195	0	0	0	1	-0.28404533210268057	0.6889259671895421	NO	Q92900
509	K	509	34.469	15.091	62.384	0.54	0.571428571428572	0	0	0	1	0.025787309285640683	1.2086742344942627	NO	Q92900
510	T	510	36.212	18.367	63.46	0.86	0.676691729323308	0	0	0	1	0.8247339811553211	1.1419562536757717	NO	Q92900
511	V	511	38.248	16.541	66.193	-0.71	0.709486166007905	0	0	0	1	0.22084561984856588	0.6473464636642975	NO	Q92900
512	T	512	39.304	13.836	63.677	0.23	0.714285714285714	1	0	0	1	-0.1811344566462699	0.7690616118263499	NO	Q92900
513	S	513	40.332	16.515	61.139	0.23	0.714285714285714	0	0	0	1	0.6019730111985269	1.1354826733666448	NO	Q92900
514	A	514	42.278	18.475	63.797	-0.39	0.708661417322835	0	0	0	1	0.9241523713468667	0.6656157201343135	NO	Q92900
515	T	515	44.091	15.257	64.884	0.54	0.700389105058366	0	0	0	1	0.29311065652089824	0.23769393131738178	NO	Q92900
516	I	516	45.011	14.491	61.22	0.86	0.702334630350195	0	0	0	1	0.34001521259643824	0.8022856264201277	NO	Q92900
517	V	517	46.4	18.063	60.817	0.54	0.704280155642023	0	0	0	1	0.9745334686742699	0.5261063056885569	NO	Q92900
518	Y	518	48.403	17.637	64.056	0.54	0.704280155642023	1	0	0	1	0.9419788997196369	-0.04304991324757269	NO	Q92900
519	H	519	50.194	14.481	62.829	0.54	0.729304029304029	0	0	0	1	0.5696048952036771	0.514023716468163	NO	Q92900
520	L	520	50.798	16.004	59.349	0.54	0.766602316602317	0	0	0	1	0.6331017810133626	0.5351274311855607	NO	Q92900
521	A	521	52.364	19.152	60.911	0.23	0.730097444383159	0	0	0	1	1.2402665818773555	0.2865045502002248	NO	Q92900
522	R	522	54.721	17.002	63.029	-0.08	0.699612403100775	2	0	0	1	1.1002051748106436	0.06447489406950238	NO	Q92900
523	Q	523	56.052	15.38	59.827	0.23	0.699612403100775	0	0	0	1	1.183354964572126	-0.17160902755568969	NO	Q92900
524	G	524	57.846	18.744	59.396	0.54	0.66188637617209	1	0	0	1	1.448295215724211	0.015959939431685242	NO	Q92900
525	N	525	57.105	19.453	55.73	0.23	0.692307692307692	2	0	0	1	0.9752465383477824	0.13082273909131092	NO	Q92900
526	G	526	56.399	23.207	56.206	-1.33	0.687022900763359	0	0	0	1	1.1496602496691268	0.1533396449419416	NO	Q92900
527	P	527	52.95	24.665	57.03	-1.33	0.682509505703422	1	0	0	1	1.1512718053290798	0.42035293658044964	NO	Q92900
528	V	528	49.914	22.345	56.713	-0.08	0.642361887720868	0	0	0	1	0.8691192656206777	0.4992024514294384	NO	Q92900
529	L	529	47.127	23.933	54.632	0.54	0.682509505703422	0	0	0	1	0.756136418569831	0.751151804151733	NO	Q92900
530	V	530	43.647	23.601	56.137	1.48	0.730223123732252	0	0	0	1	1.1337244364356693	0.9196738673322103	NO	Q92900
531	C	531	40.566	24.833	54.299	0.54	0.725415356982488	0	0	0	1	1.0869465436871408	1.1664327619073953	NO	Q92900
532	A	532	36.785	24.812	54.267	0.86	0.806017063313875	0	0	0	1	1.1985736179856419	1.6055988786282438	NO	Q92900
533	P	533	34.245	26.679	52.045	-0.71	0.837362171331637	0	0	0	1	1.0382742575043877	1.8333983773217783	NO	Q92900
534	S	534	32.564	28.697	54.805	1.48	0.805188995750392	0	0	0	1	1.3826138723024357	1.4921406193548203	NO	Q92900
535	N	535	34.105	31.005	57.411	0.86	0.836501901140685	0	0	0	1	1.0926979128391316	0.6685529722085916	NO	Q92900
536	I	536	32.347	29.323	60.402	0.23	0.787280701754386	0	0	0	1	1.0917028718976998	1.1693343327080905	NO	Q92900
537	A	537	33.64	25.885	59.279	-0.08	0.780010863661054	0	0	0	1	1.300618271370022	1.6704114302315065	NO	Q92900
538	V	538	37.219	27.286	59.039	0.86	0.739669421487603	0	0	0	1	1.1344923636118638	0.6511516342795606	NO	Q92900
539	D	539	36.854	29.008	62.459	1.17	0.738209159261791	0	0	0	1	0.9238299237250438	0.2978959022325843	NO	Q92900
540	Q	540	35.604	25.773	64.162	0.86	0.714285714285714	0	0	0	1	1.268667621000652	0.9350996565426972	NO	Q92900
541	L	541	38.532	23.878	62.606	1.48	0.639295607439652	0	0	0	1	1.4615274589191518	0.8500204960510116	NO	Q92900
542	T	542	41.051	26.624	63.618	-1.33	0.599832915622389	0	0	0	1	1.0881820636508388	0.1792153487215339	NO	Q92900
543	E	543	39.776	26.494	67.23	0.23	0.551580333625988	0	0	0	1	0.6298732219287105	-0.3451291680058299	NO	Q92900
544	K	544	40.198	22.686	67.464	-0.39	0.551060572928056	0	0	0	1	0.9956815077540861	0.3107111732689888	NO	Q92900
545	I	545	43.702	22.816	65.868	1.48	0.551060572928056	1	0	0	1	1.1563205437910968	0.13190762976105933	NO	Q92900
546	H	546	44.642	25.593	68.383	0.23	0.52434456928839	0	0	0	1	0.44961420567377247	-0.17840500462044975	NO	Q92900
547	Q	547	43.921	23.166	71.278	0.54	0.52434456928839	1	0	0	1	0.676576438846674	-0.3910530686845218	NO	Q92900
548	T	548	46.826	20.907	70.14	0.54	0.539325842696629	1	0	0	1	0.905246642923526	-0.2958783224541576	NO	Q92900
549	G	549	49.356	23.699	70.882	0.23	0.535315985130112	0	0	0	1	0.7661259529703789	-0.23500578503123626	NO	Q92900
550	L	550	50.487	24.186	67.269	1.17	0.535315985130112	2	0	0	1	0.9516630366232008	-0.10978990761303391	NO	Q92900
551	K	551	51.19	27.614	65.757	-1.33	0.486650895572829	0	0	0	1	0.7324292406965128	-0.33485810518988807	NO	Q92900
552	V	552	48.034	28.414	63.779	-1.33	0.491658154579503	1	0	0	1	0.747248582700717	-0.05788043177807398	NO	Q92900
553	V	553	47.603	31.341	61.374	-1.33	0.511240927597805	1	0	0	1	0.49586112020680567	-0.2826656786724383	NO	Q92900
554	R	554	44.022	32.112	60.338	-1.33	0.507467931822175	0	0	0	1	0.4566987207879291	-0.18417642100918508	NO	Q92900
555	L	555	44.022	33.918	56.967	-1.33	0.507936507936508	0	0	0	1	0.4753234043210053	-0.11609307081300466	NO	Q92900
556	C	556	41.123	36.064	55.747	-1.33	0.509824747742963	1	0	0	1	0.35395011281769956	-0.17462614264817664	NO	Q92900
557	A	557	40.4	38.779	53.174	-1.33	0.486650895572829	0	0	0	1	0.5625084407884604	-0.784193545903821	NO	Q92900
558	K	558	41.076	42.453	54.064	0.23	0.506062203479178	0	0	0	1	0.20276414634406936	-1.701286379446518	NO	Q92900
559	S	559	37.279	43.097	53.976	0.54	0.500521376433785	0	0	0	1	0.48500382554159344	-1.0788303576782996	NO	Q92900
560	R	560	36.922	40.49	56.767	0.86	0.477770404777704	0	0	0	1	0.2756777301761119	-0.9580006593350571	NO	Q92900
561	E	561	39.54	42.264	59.007	0.23	0.417685950413223	0	0	0	1	-0.2762750496852762	-1.4865201131122912	NO	Q92900
562	A	562	36.817	44.059	61.072	-1.33	0.411697621375041	0	0	0	1	0.28084128483291165	-0.6372527328239044	NO	Q92900
563	I	563	35.005	40.812	62.062	1.79	0.369687660010241	1	0	0	1	0.12327285574482479	-0.779413656505162	NO	Q92900
564	D	564	35.341	39.336	65.553	-0.39	0.340501792114695	1	0	0	1	-0.06579718665066106	-0.2776262697659452	NO	Q92900
565	S	565	35.091	35.536	65.999	0.23	0.343910317309519	0	0	0	1	0.3721941388133459	-0.46461272443348367	NO	Q92900
566	P	566	36.483	33.171	68.752	-0.39	0.289610910549539	0	0	0	1	0.3721869998031727	-0.13141567748696653	NO	Q92900
567	V	567	39.632	32.683	66.588	0.54	0.36231884057971	0	0	0	1	0.262394598118188	-0.7329324617582029	NO	Q92900
568	S	568	40.212	36.393	65.655	-0.39	0.387505367110348	0	0	0	1	-0.08611671611636551	-1.2262669996971247	NO	Q92900
569	F	569	43.291	36.384	67.931	-0.08	0.349090909090909	0	0	0	1	-0.834704811955595	-1.9903988940278037	NO	Q92900
570	L	570	44.877	33.832	65.519	0.86	0.346859903381642	0	0	0	1	-0.26066907175441767	-0.9558647808289896	NO	Q92900
571	A	571	44.067	35.985	62.467	-0.39	0.346859903381642	0	0	0	1	-0.3242867909275493	-1.1866520741424849	NO	Q92900
572	L	572	47.162	37.057	60.445	-1.33	0.300167224080268	1	0	0	1	-0.15228308930137993	-1.0164908707319802	NO	Q92900
573	H	573	46.381	40.82	60.625	-1.33	0.298007747648035	0	0	0	1	-0.5663679071041389	-1.5284869183749994	NO	Q92900
574	N	574	45.93	40.635	64.428	-1.33	0.296112489660877	0	0	0	1	-0.8712838530585774	-1.6774865903789098	NO	Q92900
575	Q	575	49.15	38.585	64.857	-1.33	0.296112489660877	0	0	0	1	-0.7707905979969885	-1.9481939347479116	NO	Q92900
576	I	576	51.092	41.2	62.763	-1.33	0.296112489660877	0	0	0	1	-0.6582649844888685	-1.8102161832559567	NO	Q92900
577	R	577	49.804	44.001	65.043	-1.33	0.32078853046595	0	0	0	1	-1.2377337839598228	-1.82028532478456	NO	Q92900
578	N	578	51.42	42.225	68.052	-1.33	0.297177642501384	0	0	0	1	-1.6243421615370253	-2.2080720977043327	NO	Q92900
579	M	579	54.91	41.732	66.514	-1.33	0.235836627140975	0	0	0	1	-1.1300444944799435	-1.9020589590168555	NO	Q92900
580	D	580	57.05	43.645	69.069	-1.33	0.237558062375581	0	0	0	1	-1.9770149272534283	-2.6496164361404517	NO	Q92900
581	S	581	60.141	42.492	67.109	-1.33	0.217761557177616	0	0	0	1	-1.3984594719374905	-2.4349606462806763	NO	Q92900
582	M	582	59.027	44.962	64.371	-1.33	0.261090909090909	1	0	0	1	-0.9231598542555682	-1.631080981594911	NO	Q92900
583	P	583	58.582	48.391	66.128	-1.33	0.259420289855072	1	0	0	1	-1.3077893024904774	-2.0304364986973287	NO	Q92900
584	E	584	58.777	50.518	62.929	0.86	0.215579710144928	0	0	0	1	-0.8019512394564083	-1.6255597778677642	NO	Q92900
585	L	585	55.784	48.642	61.434	0.23	0.217948717948718	0	0	0	1	-0.5320335133952473	-1.2544605959772146	NO	Q92900
586	Q	586	53.855	49.127	64.717	0.86	0.371533228676086	0	0	0	1	-1.1062628540654786	-1.9506912696165442	NO	Q92900
587	K	587	54.522	52.918	64.653	0.23	0.348039215686275	0	0	0	1	-0.7737272260084228	-1.3343036179494803	NO	Q92900
588	L	588	53.341	53.117	60.999	-0.08	0.372899159663866	0	0	0	1	0.05543323226398471	-0.9332539290578622	NO	Q92900
589	Q	589	50.237	51.053	61.905	0.23	0.371848739495798	0	0	0	1	-0.408453147167558	-1.3868850633533945	NO	Q92900
590	Q	590	49.428	53.503	64.778	0.23	0.434194341943419	0	0	0	1	-0.20197703171720915	-0.7053567446173682	NO	Q92900
591	L	591	49.595	56.521	62.377	1.17	0.458044982698962	0	0	0	1	0.06259651482832325	-0.13242740941089318	NO	Q92900
592	K	592	47.348	54.592	59.954	0.23	0.534385813148789	0	0	0	1	0.2946940516396992	-0.27879129440561834	NO	Q92900
593	D	593	44.555	53.963	62.498	-0.08	0.574684574684575	0	0	0	1	0.36109647036109166	-0.45436050760436003	NO	Q92900
594	E	594	43.715	57.708	62.696	-0.08	0.613003095975232	0	0	0	1	0.5801885882204018	-0.17498759901074182	NO	Q92900
595	T	595	42.701	58.176	59.033	-0.39	0.61578947368421	0	0	0	1	0.6860954717566953	-0.2065597667458838	NO	Q92900
596	G	596	42.504	54.781	57.286	-0.39	0.65	0	0	0	1	0.6453409901630046	0.004816225486985737	NO	Q92900
597	E	597	45.25	55.856	54.835	0.54	0.654850746268657	0	0	0	1	0.658194305009603	-0.09882031419872025	NO	Q92900
598	L	598	48.953	57.007	54.795	-0.39	0.593796992481203	0	0	0	1	0.6706626016713519	-0.24766849331720736	NO	Q92900
599	S	599	51.3	59.255	52.745	-0.39	0.563402889245586	1	0	0	1	0.7998478947573546	-0.18267676163258453	NO	Q92900
600	S	600	52.786	57.659	49.555	1.48	0.565520945220193	0	0	0	1	0.9458862883438313	-0.060931686786741705	NO	Q92900
601	A	601	56.26	57.334	51.166	0.54	0.543904958677686	2	0	0	1	0.7921741678672377	-0.4414466575599832	NO	Q92900
602	D	602	54.782	55.915	54.422	-0.08	0.543904958677686	0	0	0	1	0.20457285494649471	-0.3521878467050259	NO	Q92900
603	E	603	52.259	53.533	52.676	1.17	0.550156739811912	0	0	0	1	0.5813598017788367	-0.5149584320765013	NO	Q92900
604	K	604	55.186	52.233	50.562	-0.08	0.548056904927134	0	0	0	1	0.6626483502018298	-0.6519418334068082	NO	Q92900
605	R	605	57.266	51.699	53.74	-0.08	0.548056904927134	2	0	0	1	0.1842022690699027	-0.32333961753216733	NO	Q92900
606	Y	606	54.315	50.13	55.636	0.54	0.576416337285902	0	0	0	1	0.04370880356506263	-0.5342423637312814	NO	Q92900
607	R	607	53.556	47.764	52.705	-0.39	0.58026120019838	1	0	0	1	0.4959504940430362	-0.3083221363590722	NO	Q92900
608	A	608	57.238	46.742	52.495	-1.33	0.58026120019838	1	0	0	1	0.49633648423684884	-0.4453898178788769	NO	Q92900
609	L	609	57.448	46.004	56.259	-1.33	0.604338842975207	1	0	0	1	-0.29486505880206737	-1.2010161693587276	NO	Q92900
610	K	610	54.008	44.341	56.361	-0.08	0.608365019011407	0	0	0	1	-0.3150219300179983	-1.1928094963891782	NO	Q92900
611	R	611	55.042	41.91	53.589	0.23	0.585794888815134	1	0	0	1	0.38215445883668364	-0.6145513955594163	NO	Q92900
612	T	612	58.113	40.914	55.68	1.17	0.583567531823442	0	0	0	1	0.2569801285448204	-0.8591399970542223	NO	Q92900
613	A	613	55.757	40.39	58.664	-0.71	0.58300395256917	0	0	0	1	-0.48292855242814225	-1.4763990425496134	NO	Q92900
614	E	614	53.256	38.337	56.556	1.48	0.614156835530881	1	0	0	1	0.025248415813480987	-1.201102467480185	NO	Q92900
615	R	615	56.145	36.166	55.299	-0.08	0.64521992002908	0	0	0	1	0.5862762036813082	-0.16902571205032757	NO	Q92900
616	E	616	57.614	35.495	58.787	0.23	0.618251480320446	0	0	0	1	0.20574388871745378	-1.1164440103306037	NO	Q92900
617	L	617	54.317	34.325	60.319	1.79	0.572696108086308	0	0	0	1	0.05237275303735638	-1.104017080840757	NO	Q92900
618	L	618	53.116	32.356	57.26	1.48	0.604512558535547	1	0	0	1	0.3874401722589595	-0.42920210709605017	NO	Q92900
619	M	619	56.47	30.544	56.684	0.86	0.574123989218329	0	0	0	1	0.7929439604339522	-0.028466333494516983	NO	Q92900
620	N	620	56.953	29.79	60.422	0.86	0.569823434991974	0	0	0	1	1.1760604622676298	0.0393617387155544	NO	Q92900
621	A	621	53.373	28.537	61.044	1.17	0.543406953859611	1	0	0	1	0.9067587890733391	-0.2318019672721352	NO	Q92900
622	D	622	52.664	24.835	61.694	0.23	0.586534489880215	0	0	0	1	1.3309212796181462	0.09211926444803209	NO	Q92900
623	V	623	49.17	25.337	60.203	1.48	0.547477417933466	0	0	0	1	1.167217668261957	0.1429982784012604	NO	Q92900
624	I	624	47.635	27.92	57.839	1.48	0.549019607843137	0	0	0	1	0.8663477602500068	0.5229320616318474	NO	Q92900
625	C	625	43.819	27.925	58.049	1.48	0.551609322974473	0	0	0	1	1.0825334782357179	0.41008997319280494	NO	Q92900
626	C	626	41.753	29.706	55.394	1.17	0.547477417933466	0	0	0	1	1.025389473581175	0.5280135951906304	NO	Q92900
627	T	627	38.567	29.711	53.269	2.11	0.546468401486989	0	0	0	1	1.1361153986391606	0.7635174165552814	NO	Q92900
628	C	628	38.923	27.578	50.015	1.17	0.540915997395268	0	0	0	1	0.6626269648120933	0.6508498253602251	NO	Q92900
629	V	629	38.703	30.756	47.839	0.54	0.613660848954967	0	0	0	1	0.3744056280835739	-0.38070321169512084	NO	Q92900
630	G	630	41.117	32.378	50.385	-0.08	0.61025641025641	0	0	0	1	0.6730835890999954	-0.17370607190710144	NO	Q92900
631	A	631	43.82	29.835	49.522	1.48	0.572115384615385	0	0	0	1	0.2276637857205294	-0.02972928774158307	NO	Q92900
632	G	632	44.264	31.773	46.235	0.86	0.572115384615385	0	0	0	1	-0.20318488931604678	-0.8945650677048548	NO	Q92900
633	D	633	45.196	34.925	48.182	-0.71	0.572115384615385	0	0	0	1	-0.05307335938437584	-0.8197788074424085	NO	Q92900
634	P	634	48.355	36.62	46.663	-0.39	0.534993559467583	1	0	0	1	0.34129421484355077	-0.7902371112221255	NO	Q92900
635	R	635	50.049	36.223	50.083	0.23	0.508547008547009	0	0	0	1	0.6244253577882019	0.03701359899149268	NO	Q92900
636	L	636	49.77	32.429	49.713	1.48	0.536496350364963	0	0	0	1	0.2827934934813619	0.11701750531876075	NO	Q92900
637	A	637	51.089	32.555	46.15	0.23	0.45985401459854	1	0	0	1	-0.1896429587997541	-0.037351588079757456	NO	Q92900
638	K	638	54.844	31.668	46.081	0.54	0.428057553956834	0	0	0	1	0.06606080552880778	0.488701048774607	NO	Q92900
639	M	639	54.256	29.05	48.826	1.17	0.471420486700623	1	0	0	1	0.2850112091198075	0.2817581535200749	NO	Q92900
640	Q	640	53.872	25.29	48.375	-0.39	0.452717391304348	1	0	0	1	0.09955388383912815	0.5889265735109318	NO	Q92900
641	F	641	51.668	23.072	50.541	0.54	0.456021897810219	0	0	0	1	0.40574436290201443	0.8605175574893674	NO	Q92900
642	R	642	52.307	19.339	50.178	-0.08	0.521167883211679	1	0	0	1	0.26692071103222015	0.5715396308334569	NO	Q92900
643	S	643	49.773	18.328	52.864	0.23	0.552631578947369	0	0	0	1	0.43149654990459313	0.7167098663159316	NO	Q92900
644	I	644	46.259	19.718	52.419	1.48	0.552631578947369	1	0	0	1	0.34318256546713105	1.1954774856223558	NO	Q92900
645	L	645	43.084	18.993	54.422	1.48	0.526937269372694	0	0	0	1	0.8082859683328041	1.5402781779800174	NO	Q92900
646	I	646	39.744	20.36	53.193	1.17	0.526937269372694	1	0	0	1	0.8100292846818204	1.9222919554885363	NO	Q92900
647	D	647	36.849	19.969	55.642	1.48	0.554670809865993	0	0	0	1	1.219239067705645	1.6395562007361637	NO	Q92900
648	E	648	33.21	20.62	54.643	2.11	0.528888888888889	0	0	0	1	0.9736847987610057	1.862928185535534	NO	Q92900
649	S	649	34.494	19.754	51.144	0.86	0.53037037037037	0	0	0	1	0.4686934432049223	2.1082490882324207	NO	Q92900
650	T	650	30.956	18.669	50.257	0.86	0.628070175438596	0	0	0	1	0.5224894196144342	1.8607338335014263	NO	Q92900
651	Q	651	29.891	22.36	50.507	1.17	0.596666666666667	0	0	0	1	0.8065049357001112	2.034947639985231	NO	Q92900
652	A	652	32.397	23.371	47.779	0.86	0.596666666666667	0	0	0	1	0.5544774054348207	1.870512733699937	NO	Q92900
653	T	653	32.009	23.444	43.992	0.54	0.554179566563468	0	0	0	1	0.12094036069806686	0.8886798970108318	NO	Q92900
654	E	654	34.809	21.54	42.166	2.11	0.554179566563468	1	0	0	1	-0.32145193723044224	0.895198969668481	NO	Q92900
655	P	655	36.559	24.812	40.96	0.23	0.481781376518219	0	0	0	1	-0.5075111989736517	-0.4432975287300762	NO	Q92900
656	E	656	36.301	26.211	44.525	-0.71	0.434676434676435	0	0	0	1	0.043466934602895343	0.25090657509910114	NO	Q92900
657	C	657	37.722	23.004	46.054	0.86	0.411798727588201	1	0	0	1	0.2960690838028297	1.3593018798359693	NO	Q92900
658	M	658	40.606	23.046	43.523	1.17	0.343165606323501	0	0	0	1	-0.2163009227901337	0.31465433358788253	NO	Q92900
659	V	659	41.831	26.554	44.607	0.86	0.328125	0	0	0	1	-0.04770291480416749	-0.13280864173005405	NO	Q92900
660	P	660	43.926	25.159	47.569	1.17	0.279397378203874	0	0	0	1	0.12484243212425788	0.6230240748228466	NO	Q92900
661	V	661	44.68	21.863	45.717	1.48	0.281225451688924	0	0	0	1	-0.20752573443904737	0.6851399618108943	NO	Q92900
662	V	662	46.834	23.493	42.992	0.23	0.29574555968608	0	0	0	1	-0.5146639794197981	-0.2314532524140017	NO	Q92900
663	L	663	49.326	24.894	45.552	0.23	0.311111111111111	0	0	0	1	-0.4368896598972795	0.05144838230172847	NO	Q92900
664	G	664	51.575	21.77	45.47	-0.08	0.309094855654439	0	0	0	1	-0.2806836731128372	-0.04946539164890615	NO	Q92900
665	A	665	49.359	18.923	46.749	0.86	0.327490774907749	1	0	0	1	-0.2543562531194397	0.7537039207165932	NO	Q92900
666	K	666	51.132	15.586	47.406	0.54	0.35	0	0	0	1	-0.3487398402422313	0.4615370554666727	NO	Q92900
667	Q	667	48.798	14.422	50.182	0.54	0.351291512915129	0	0	0	1	-0.21331214205047447	0.6854052883333873	NO	Q92900
668	L	668	45.143	15.547	50.071	0.86	0.439506172839506	0	0	0	1	-0.11682557605952845	1.1786049543088941	NO	Q92900
669	I	669	42.339	14.737	52.53	2.11	0.473977695167286	0	0	0	1	0.05686140973808986	1.5025313796546078	NO	Q92900
670	L	670	38.748	15.652	51.734	1.48	0.477528089887641	0	0	0	1	0.0900027755490574	1.9023678359904281	NO	Q92900
671	V	671	36.472	15.606	54.799	1.48	0.536842105263158	0	0	0	1	0.48422987591993916	1.689986128540054	NO	Q92900
672	G	672	32.736	16.218	54.594	2.11	0.59220532319391594	0	0	0	1	0.41468412016960193	1.8715043915777538	NO	Q92900
673	D	673	29.348	14.625	54.426	2.11	0.537878787878788	0	0	0	1	0.14984627089990216	2.1636828626691127	NO	Q92900
674	H	674	27.355	14.448	51.168	-0.39	0.504752851711027	0	0	0	1	0.0806962377712795	1.7638378817627578	NO	Q92900
675	C	675	24.151	13.861	53.14	-0.08	0.526929601357082	0	0	0	1	0.3428032970984296	1.5926266184559972	NO	Q92900
676	Q	676	24.64	17.352	54.68	2.11	0.495414673046252	0	0	0	1	0.26397441926074633	2.1294938703587047	NO	Q92900
677	L	677	25.06	20.839	53.102	2.11	0.52293771043771	0	0	0	1	0.5268393898874709	1.8419797783262	NO	Q92900
678	G	678	25.977	21.141	49.387	-0.39	0.526404731727926	0	0	0	1	0.6983913214008983	1.9920747332452595	NO	Q92900
679	P	679	27.297	23.958	47.219	2.11	0.534534534534535	0	0	0	1	0.7002574140654367	1.7908749779737088	NO	Q92900
680	V	680	24.886	26.823	46.511	0.54	0.534534534534535	0	0	0	1	0.885425756314742	0.6460440987215732	NO	Q92900
681	V	681	24.872	27.743	42.807	0.86	0.404269816034522	0	0	0	1	0.6427788143607823	-0.41335164028786564	NO	Q92900
682	M	682	22.624	30.609	41.72	0.23	0.431201550387597	0	0	0	1	1.0494816027490712	-1.018030086821373	NO	Q92900
683	C	683	22.709	30.196	37.907	0.54	0.431201550387597	1	0	0	1	0.7407096104026792	-1.1720503215106783	NO	Q92900
684	K	684	20.184	27.51	36.934	-0.39	0.42953667953668	0	0	0	1	0.6383371182641825	-1.0244502128571544	NO	Q92900
685	K	685	22.033	26.63	33.685	-0.39	0.431201550387597	1	0	0	1	-0.08225099572140872	-1.0270059649156968	NO	Q92900
686	A	686	25.284	26.068	35.664	0.54	0.431201550387597	1	0	0	1	-0.3042570078647716	-0.4408667810424988	NO	Q92900
687	A	687	23.379	24.038	38.304	0.54	0.406976744186047	1	0	0	1	0.24727979664083372	-0.35296452979814136	NO	Q92900
688	K	688	21.798	21.692	35.724	1.48	0.435311284046693	0	0	0	1	-0.1715075088761319	0.13190762976105933	NO	Q92900
689	A	689	25.143	21.256	33.946	0.23	0.435311284046693	0	0	0	1	-0.4619474167944688	-0.10296577578614854	NO	Q92900
690	G	690	26.515	19.838	37.243	0.86	0.463035019455253	1	0	0	1	-0.3258526855555688	0.9418632718119107	NO	Q92900
691	L	691	28.204	22.738	39.091	1.48	0.463035019455253	0	0	0	1	-0.2744305606955651	0.4916878057099207	NO	Q92900
692	S	692	26.369	21.938	42.389	0.54	0.459948320413437	0	0	0	1	0.041180801851305134	0.7507021455188768	NO	Q92900
693	Q	693	28.043	18.519	42.545	0.54	0.484268125854993	0	0	0	1	-0.10482982884156965	1.580134965375057	NO	Q92900
694	S	694	30.973	18.658	44.987	1.48	0.489965397923876	0	0	0	1	0.15974966224851245	1.921820760230304	NO	Q92900
695	L	695	34.449	17.171	44.283	2.11	0.488051470588235	0	0	0	1	-0.0900094167706488	1.8708311255269285	NO	Q92900
696	F	696	33.816	14.744	47.169	2.11	0.487525749599451	0	0	0	1	-0.14103058013756287	1.8810289195670196	NO	Q92900
697	E	697	30.441	13.731	45.604	0.86	0.463541666666667	0	0	0	1	-0.11793398131192212	1.8921156191613047	NO	Q92900
698	R	698	31.945	13.094	42.142	2.11	0.461738002594034	0	0	0	1	-0.23229564884466383	1.3736019861974473	NO	Q92900
699	L	699	34.719	10.958	43.704	1.17	0.407415884641794	0	0	0	1	-0.3005768391995986	1.3933948779252272	NO	Q92900
700	V	700	32.04	8.933	45.634	1.48	0.404269816034522	0	0	0	1	-0.4186945335341996	1.4714085785661968	NO	Q92900
701	V	701	30.018	8.292	42.384	-0.08	0.381810381810382	0	0	0	1	-0.6057473278977824	1.3865194523776827	NO	Q92900
702	L	702	33.332	7.389	40.691	1.17	0.378884631758195	0	0	0	1	-0.5073393084797512	0.9619599468462722	NO	Q92900
703	G	703	33.771	4.548	43.253	0.86	0.324669402644779	0	0	0	1	-0.5672973539017453	0.9656389720241874	NO	Q92900
704	I	704	36.08	6.041	45.897	-0.08	0.326848249027237	0	0	0	1	-0.566601342329458	1.2329360482220981	NO	Q92900
705	R	705	34.828	4.811	49.294	-0.08	0.326493388052896	1	0	0	1	-0.9507677595640379	1.4283377052333186	NO	Q92900
706	P	706	34.926	7.452	52.089	0.23	0.278294573643411	0	0	0	1	-0.8691648120219042	1.6257233399400441	NO	Q92900
707	I	707	36.142	6.299	55.494	1.48	0.318639053254438	0	0	0	1	-0.9924702546597328	1.184216582943915	NO	Q92900
708	R	708	32.99	6.715	57.598	-0.39	0.316863905325444	1	0	0	1	-0.6618418452169815	1.1138014915503376	NO	Q92900
709	L	709	33.043	7.999	61.183	2.11	0.316863905325444	0	0	0	1	-0.3565500409604314	1.0283663513076409	NO	Q92900
710	Q	710	30.733	5.577	62.88	0.54	0.343269230769231	0	0	0	1	-0.5149008928036499	0.7592456595431464	NO	Q92900
711	V	711	29.739	6.524	66.462	-0.08	0.343269230769231	0	0	0	1	-0.3163624431623668	0.7173047725149135	NO	Q92900
712	Q	712	27.565	9.566	67.256	2.11	0.373040752351097	0	0	0	1	-0.17398333718280984	1.068948042922922	NO	Q92900
713	Y	713	27.895	11.189	70.72	-0.08	0.339015151515151	0	0	0	1	-0.011784802518962708	1.1289468118660886	NO	Q92900
714	R	714	25.392	14.023	70.312	2.11	0.338679245283019	0	0	0	1	0.09486300478889369	1.0799737941299188	NO	Q92900
715	M	715	21.844	12.761	70.207	1.17	0.338345864661654	0	0	0	1	0.054066749496410986	0.9887814029951917	NO	Q92900
716	H	716	19.391	10.796	72.307	-0.08	0.416425679583574	1	0	0	1	0.09081933870698908	0.7550893554232315	NO	Q92900
717	P	717	18.798	7.436	70.437	0.86	0.41958041958042	1	0	0	1	0.19173609788769866	0.2238521140222471	NO	Q92900
718	A	718	15.222	8.47	69.482	-0.08	0.457541191381496	0	0	0	1	0.14485662700808605	-0.21956396069682999	NO	Q92900
719	L	719	16.503	11.629	67.7	1.79	0.457541191381496	0	0	0	1	0.026636877087994316	0.9181550203945624	NO	Q92900
720	S	720	19.298	9.854	65.768	0.86	0.493506493506494	0	0	0	1	0.22245815849351697	0.8088351865970594	NO	Q92900
721	A	721	17.048	7.001	64.543	-0.08	0.452380952380952	0	0	0	1	0.3441949902450059	0.5892297304601799	NO	Q92900
722	F	722	15.294	8.792	61.621	1.17	0.521978021978022	0	0	0	1	0.5288704563166627	0.7654591242880698	NO	Q92900
723	P	723	18.458	10.533	60.153	-0.39	0.516647531572905	0	0	0	1	0.4940972038690427	1.4696717103304933	NO	Q92900
724	S	724	20.448	7.267	60.628	1.48	0.513297111810123	0	0	0	1	0.24447597652395026	0.9791722463614431	NO	Q92900
725	N	725	17.825	5.147	58.822	-0.39	0.515701526937482	0	0	0	1	0.7322823855485776	0.6695387622883151	NO	Q92900
726	I	726	17.304	7.622	55.937	-0.08	0.568253968253968	0	0	0	1	0.9425041923490616	0.7643717679577082	NO	Q92900
727	F	727	20.782	9.038	55.233	0.86	0.564075630252101	0	0	0	1	0.543412641520785	0.9457299484177224	NO	Q92900
728	Y	728	23.311	6.577	56.667	0.86	0.605240912933221	0	0	0	1	0.12432610474669176	0.559504193734359	NO	Q92900
729	E	729	21.508	3.249	55.975	0.23	0.601347557551937	0	0	0	1	0.6198596492297076	-0.03209732695483162	NO	Q92900
730	G	730	20.95	2.582	59.708	-1.33	0.60024154589372	0	0	0	1	0.4550491909868889	0.12118005952005913	NO	Q92900
731	S	731	24.728	2.428	60.282	0.23	0.647272727272727	1	0	0	1	0.21995185945909332	0.40285907453075454	NO	Q92900
732	L	732	25.166	5.131	62.96	2.11	0.643115942028986	0	0	0	1	-0.0650055570952369	0.5753088281971053	NO	Q92900
733	Q	733	26.102	3.715	66.345	-0.08	0.597482517482518	0	0	0	1	-0.08786809434979327	0.33344794446260967	NO	Q92900
734	N	734	24.894	5.603	69.443	0.23	0.596500971952236	0	0	0	1	0.07118208626174777	0.5080663472296182	NO	Q92900
735	G	735	27.839	6.499	71.75	-0.39	0.590570719602978	0	0	0	1	-0.08979889401191278	0.8617678278343825	NO	Q92900
736	V	736	25.412	7.827	74.354	-1.33	0.646739130434783	0	0	0	1	0.2102167280584723	0.5736805349360091	NO	Q92900
737	T	737	22.455	6.029	75.982	-1.33	0.644404332129964	1	0	0	1	0.15692272669535542	0.15925797011148105	NO	Q92900
738	A	738	18.915	7.263	76.622	-1.33	0.590570719602978	0	0	0	1	0.16627082873536156	-0.4207844974889802	NO	Q92900
739	A	739	19.947	7.903	80.292	0.23	0.586367369285519	1	0	0	1	0.3427835345754785	-1.0220770145170797	NO	Q92900
740	D	740	22.924	10.118	79.202	0.54	0.583082398029017	0	0	0	1	0.3458795860184047	-0.2659760233692139	NO	Q92900
741	R	741	20.373	12.187	77.27	0.23	0.54531490015361	1	0	0	1	0.16287539806334053	-0.022043967779721237	NO	Q92900
742	V	742	17.708	12.756	79.904	0.86	0.54531490015361	0	0	0	1	0.2628047128781491	-1.133752947834319	NO	Q92900
743	K	743	18.278	16.267	81.294	0.23	0.509352517985612	0	0	0	1	-0.24780039785946192	-0.6583204750991364	NO	Q92900
744	K	744	18.623	16.206	85.132	-0.08	0.54573484069887	0	0	0	1	0.09246142287009153	-0.7639408407837888	NO	Q92900
745	G	745	15.774	18.061	86.955	0.54	0.506093189964158	1	0	0	1	-0.23681371079082897	-1.2677030427148326	NO	Q92900
746	F	746	14.218	19.188	83.677	-0.39	0.506474820143885	1	0	0	1	-0.4710339195160123	-0.6905515246622674	NO	Q92900
747	D	747	10.494	18.875	84.465	-1.33	0.505035971223022	0	0	0	1	-0.5274113699418714	-1.1690757116993666	NO	Q92900
748	F	748	9.136	19.143	80.899	-1.33	0.543063434760186	0	0	0	1	-0.42419510142451455	-1.1476666706738436	NO	Q92900
749	Q	749	6.403	16.665	79.915	-1.33	0.546157813305828	0	0	0	1	0.05968501031198197	-1.7351186949826263	NO	Q92900
750	W	750	7.027	15.188	76.441	-1.33	0.54573484069887	0	0	0	1	0.14186559705465837	-1.5878906478516663	NO	Q92900
751	P	751	3.883	13.566	74.79	-1.33	0.509747292418773	0	0	0	1	0.8283936719807647	-2.198188178987106	NO	Q92900
752	Q	752	5.664	10.218	74.874	-1.33	0.509747292418773	0	0	0	1	0.5052659145122816	-2.3676804733395524	NO	Q92900
753	P	753	7.92	10.563	77.992	-1.33	0.45513151108819	0	0	0	1	0.19236882005850445	-2.5349534847620956	NO	Q92900
754	D	754	10.672	8.269	76.644	-1.33	0.458074534161491	1	0	0	1	0.15390881520964808	-1.6387478567888643	NO	Q92900
755	K	755	10.986	9.951	73.217	-0.39	0.428223844282238	0	0	0	1	0.029018457184835984	-1.191155913029642	NO	Q92900
756	P	756	12.03	13.601	73.56	0.23	0.460491889063318	0	0	0	1	0.015876459478089217	-0.5114896369087527	NO	Q92900
757	M	757	10.68	14.835	70.259	1.48	0.393846153846154	0	0	0	1	-0.0526182340860464	-0.13199818980680314	NO	Q92900
758	F	758	7.385	15.78	68.687	0.54	0.364389233954451	0	0	0	1	0.23342966340940458	-0.4238368620449239	NO	Q92900
759	F	759	5.751	17.276	65.628	0.86	0.364389233954451	0	0	0	1	0.27436874020131585	0.0766931804302978	NO	Q92900
760	Y	760	3.346	19.971	66.818	-0.39	0.362042289840124	0	0	0	1	0.014792164388144157	0.04799811702269653	NO	Q92900
761	V	761	0.571	20.516	64.289	-0.08	0.255272727272727	0	0	0	1	0.2346316062748022	0.403469325532488	NO	Q92900
762	T	762	-0.416	24.105	63.495	-0.39	0.182337662337662	1	0	0	1	-0.5828018099487973	0.9679515021360197	NO	Q92900
763	Q	763	-2.599	24.976	60.478	0.54	0.168953068592058	0	0	0	1	-0.8598313535651093	1.2936899257280159	NO	Q92900
764	G	764	-2.789	28.806	60.613	0.86	0.159420289855072	0	0	0	1	-1.2317954807776201	1.1318743096786006	NO	Q92900
765	Q	765	-2.183	30.909	57.489	0.23	0.159420289855072	0	0	0	1	-1.4384679272339125	1.3331469276951742	NO	Q92900
766	E	766	1.161	31.938	56.069	-0.08	0.158273381294964	0	0	0	1	-1.7739697715209866	1.3658351552662928	NO	Q92900
767	E	767	1.588	35.553	54.955	1.17	0.317689530685921	0	0	0	1	-2.1149133644115325	1.0555347259048187	NO	Q92900
768	I	768	4.131	37.607	52.978	-0.39	0.304761904761905	0	0	0	1	-1.7261625550874349	0.8935497000046656	NO	Q92900
769	A	769	6.162	40.205	54.927	-0.39	0.322344322344322	0	0	0	1	-2.0018926990039	0.46876618271797765	NO	Q92900
770	S	770	4.78	43.798	54.999	-0.08	0.368393511250654	0	0	0	1	-1.4489879136271777	0.09000372764202243	NO	Q92900
771	S	771	8.197	45.061	53.924	0.54	0.370798319327731	1	0	0	1	-1.2662283335467004	-0.13397873169424745	NO	Q92900
772	G	772	9.878	42.506	51.618	0.54	0.372166578808645	0	0	0	1	-0.5230734031490045	0.05144838230172847	NO	Q92900
773	T	773	9.044	39.227	49.888	-0.08	0.372166578808645	0	0	0	1	-0.3861781036128441	0.06722102357730331	NO	Q92900
774	S	774	9.832	36.632	52.619	0.23	0.390774907749077	0	0	0	1	-1.2731535416378703	0.4569560309785461	NO	Q92900
775	Y	775	7.136	34.539	54.376	1.17	0.39368029739777	0	0	0	1	-1.9914442807622619	1.0162437976245555	NO	Q92900
776	L	776	6.035	34.453	58.026	-1.33	0.396268656716418	0	0	0	1	-2.2429464132423726	1.22388138378612	NO	Q92900
777	N	777	3.365	32.596	60.039	2.11	0.39368029739777	0	0	0	1	-2.5172847274629837	1.3277179388503204	NO	Q92900
778	R	778	1.951	34.457	63.083	-0.08	0.349228333992877	0	0	0	1	-2.493926631149906	1.1648112958717125	NO	Q92900
779	T	779	0.024	31.469	64.496	-0.39	0.331766917293233	0	0	0	1	-2.044630386302943	1.2846717720357308	NO	Q92900
780	E	780	3.118	29.289	64.256	2.11	0.316262353998203	0	0	0	1	-2.0416752418430324	1.534232313270977	NO	Q92900
781	A	781	5.376	31.982	65.807	2.11	0.302460697197539	0	0	0	1	-2.601732032424027	1.4697481281661309	NO	Q92900
782	A	782	2.978	32.358	68.766	-0.71	0.316863587540279	2	0	0	1	-2.38490968922229	0.953541704288634	NO	Q92900
783	N	783	3.278	28.59	69.283	0.54	0.331460674157303	0	0	0	1	-1.3970304036536656	0.9940768423183426	NO	Q92900
784	V	784	7.13	28.753	68.983	0.86	0.332397003745318	1	0	0	1	-2.2638637537984905	1.4356690959864102	NO	Q92900
785	E	785	7.36	31.249	71.924	-0.08	0.332397003745318	1	0	0	1	-2.3233984736970745	0.6086662248653936	NO	Q92900
786	K	786	5.164	29.018	74.139	-0.39	0.334586466165414	1	0	0	1	-1.5920947411595174	0.048204814942638494	NO	Q92900
787	I	787	7.481	26.059	73.448	1.79	0.267924528301887	0	0	0	1	-1.2932196031629863	0.5323215919229106	NO	Q92900
788	T	788	10.625	28.216	74.126	0.23	0.267924528301887	1	0	0	1	-1.936314660811942	0.6000091002822905	NO	Q92900
789	T	789	9.05	29.692	77.303	0.23	0.283094098883573	0	0	0	1	-1.9775602339908316	-0.5094661730608995	NO	Q92900
790	K	790	8.113	26.178	78.543	-0.08	0.267169811320755	0	0	0	1	-1.3493279386733776	-0.7621100877785882	NO	Q92900
791	L	791	11.678	24.889	77.835	1.17	0.269201520912548	0	0	0	1	-1.4508503509465505	-0.19515478869434688	NO	Q92900
792	L	792	13.247	27.87	79.696	1.17	0.298821548821549	0	0	0	1	-2.0329304507796078	-0.41645210908699576	NO	Q92900
793	K	793	10.769	27.524	82.624	-0.08	0.297138047138047	0	0	0	1	-1.6740512356285253	-0.9000533468226193	NO	Q92900
794	A	794	11.504	23.765	82.837	0.23	0.315813017222098	0	0	0	1	-1.1200904611515794	-0.7822483708357953	NO	Q92900
795	G	795	15.249	24.477	83.368	-0.08	0.357921419518378	0	0	0	1	-1.4974757083967603	-0.019434618668860575	NO	Q92900
796	A	796	16.869	24.997	79.954	0.23	0.335227272727273	0	0	0	1	-1.5777491901484388	0.042391435944269536	NO	Q92900
797	K	797	19.229	27.945	79.444	-0.71	0.312541620421754	0	0	0	1	-2.0006141254995122	-0.043844658738202404	NO	Q92900
798	P	798	18.815	30.26	76.393	0.86	0.101792943898207	1	0	0	1	-2.205398755402523	-0.029513602955556592	NO	Q92900
799	D	799	22.156	29.282	74.794	0.86	0.0942534908700322	1	0	0	1	-2.0555220111048302	0.60443718542338	NO	Q92900
800	Q	800	21.053	25.61	74.996	0.54	0.0935501066098081	0	0	0	1	-1.6013013193436025	0.9882118353935737	NO	Q92900
801	I	801	18.022	26.34	72.746	2.11	0	0	0	0	1	-1.5884799383021289	1.1638420736924888	NO	Q92900
802	G	802	18.07	27.07	68.993	0.86	0	0	0	0	1	-1.4768878986463594	1.665206860973865	NO	Q92900
803	I	803	15.248	27.875	66.584	1.48	0	1	0	0	1	-2.004163440238689	1.9023678359904281	NO	Q92900
804	I	804	15.637	26.956	62.903	1.79	0	0	0	0	1	-1.5357504202525005	2.884944659539093	NO	Q92900
805	T	805	13.37	28.54	60.265	2.11	0	0	0	0	1	-1.9281601975466582	2.354746903575507	NO	Q92900
806	P	806	14.051	28.821	56.5	0.23	0	0	0	0	1	-1.3004432240511754	1.9588800555851096	NO	Q92900
807	Y	807	12.609	32.334	56.156	2.11	0	0	0	0	1	-1.7530906440946237	1.5843050138869033	NO	Q92900
808	E	808	13.957	35.803	57.121	0.23	0	0	0	0	1	-1.3435461406949074	1.0685597013763644	NO	Q92900
809	G	809	10.308	37.002	57.512	1.17	0	0	0	0	1	-2.1127317148150957	1.0205521616512967	NO	Q92900
810	Q	810	9.674	34.36	60.167	2.11	0	0	0	0	1	-2.3235699036393602	1.2261672738260585	NO	Q92900
811	R	811	13.132	34.864	61.819	0.23	0	0	0	0	1	-2.3035330052795517	1.4877226220125401	NO	Q92900
812	S	812	12.51	38.651	62.113	-0.39	0	0	0	0	1	-1.9988660629480526	0.7558282539334387	NO	Q92900
813	Y	813	8.924	38.125	63.348	-0.08	0	0	0	0	1	-2.379515805185978	0.7458201375050083	NO	Q92900
814	L	814	10.113	35.531	65.96	1.79	0	0	0	0	1	-2.540777884201727	0.9648471818228533	NO	Q92900
815	V	815	12.649	37.968	67.498	-0.08	0	0	0	0	1	-2.6737808416900486	0.07801283076585439	NO	Q92900
816	Q	816	10.117	40.836	67.597	-0.08	0.129520295202952	0	0	0	1	-2.6861867200960843	0.09559769515791326	NO	Q92900
817	Y	817	7.238	38.664	68.911	0.86	0.129520295202952	0	0	0	1	-2.6977234985108067	0.049031606622406486	NO	Q92900
818	M	818	9.293	37.071	71.741	1.48	0.161764705882353	0	0	0	1	-2.4676237101975786	-0.3017238846812896	NO	Q92900
819	Q	819	10.674	40.493	72.753	0.54	0.143790849673203	0	0	0	1	-2.555732540643947	-1.0225516541850945	NO	Q92900
820	F	820	7.136	41.978	72.861	-0.39	0.258823529411765	0	0	0	1	-2.8768454385910496	-1.1873265620917692	NO	Q92900
821	S	821	4.868	39.127	74.051	-0.39	0.287581699346405	0	0	0	1	-2.7332479528451183	-0.5700474543239026	NO	Q92900
822	G	822	7.163	36.68	75.915	0.23	0.288888888888889	0	0	0	1	-2.4569817703228516	-0.5753101518341501	NO	Q92900
823	S	823	6.375	36.301	79.637	0.23	0.288888888888889	1	0	0	1	-2.338041600619489	-1.293760760488855	NO	Q92900
824	L	824	10.026	35.856	80.707	-1.33	0.259259259259259	0	0	0	1	-2.2981466819114207	-1.1152789856909306	NO	Q92900
825	H	825	12.831	38.456	80.897	-1.33	0.258518518518519	0	0	0	1	-2.318238118054376	-1.3780567655283158	NO	Q92900
826	T	826	13.522	39.987	77.46	-1.33	0.256617647058824	0	0	0	1	-2.4248064307167847	-1.0418824333915229	NO	Q92900
827	K	827	17.256	39.174	77.278	-1.33	0.283049472830495	0	0	0	1	-2.3231278457808355	-1.0483178075916222	NO	Q92900
828	L	828	16.607	35.417	77.769	-1.33	0.283636363636364	0	0	0	1	-2.3966275957149823	-0.43743551171834993	NO	Q92900
829	Y	829	14.796	35.423	74.396	-1.33	0.284444444444444	0	0	0	1	-2.544916906678063	-0.012874420400224847	NO	Q92900
830	Q	830	17.699	37.444	72.837	-0.08	0.367049009384776	0	0	0	1	-2.7278195833836056	-0.28747260704318267	NO	Q92900
831	E	831	20.144	34.624	73.706	-0.39	0.369440083725798	1	0	0	1	-2.5639955875934315	-0.07177537766369944	NO	Q92900
832	V	832	17.844	31.978	72.052	0.86	0.367049009384776	0	0	0	1	-2.4023210389176657	0.6459316840633592	NO	Q92900
833	E	833	19.48	31.755	68.624	0.54	0.367049009384776	0	0	0	1	-2.2869140965589554	0.9420318937992317	NO	Q92900
834	I	834	17.061	32.076	65.643	1.48	0.432234432234432	0	0	0	1	-2.6520701877495605	1.5053792176626977	NO	Q92900
835	A	835	18.415	31.492	62.137	-0.39	0.430656934306569	1	0	0	1	-2.5019111461588284	2.15967000002135	NO	Q92900
836	S	836	18.33	29.408	58.952	0.54	0.427536231884058	0	0	0	1	-1.394256378610367	2.33256662678173	NO	Q92900
837	V	837	20.077	26.004	58.814	2.11	0.427536231884058	0	0	0	1	-0.8923780002901149	2.5026920880957766	NO	Q92900
838	D	838	23.496	27.32	57.603	2.11	0.426858513189448	0	0	0	1	0.47324453367568414	2.0616818896114144	NO	Q92900
839	A	839	24.201	29.107	60.887	-0.08	0.385869565217391	0	0	0	1	-0.44261491782849555	2.327127784962566	NO	Q92900
840	F	840	23.935	25.817	62.847	1.48	0.431515151515151	0	0	0	1	-0.5133812375802183	2.671736401858336	NO	Q92900
841	Q	841	26.401	23.899	60.608	2.11	0.51970802919708	0	0	0	1	0.6791393106523628	2.271447641838878	NO	Q92900
842	G	842	28.969	22.02	62.786	2.11	0.523529411764706	0	0	0	1	0.8500763733327323	2.4567761768268817	NO	Q92900
843	R	843	27.22	23.316	65.909	-0.39	0.51970802919708	0	0	0	1	-0.17742662577267562	2.58678097764374	NO	Q92900
844	E	844	24.791	21.901	68.472	1.17	0.471528471528472	0	0	0	1	-1.0832705223101051	2.464841732024618	NO	Q92900
845	K	845	22.229	22.785	71.145	0.54	0.466403162055336	0	0	0	1	-1.2671512086008943	2.364169896984628	NO	Q92900
846	D	846	20.451	20.78	73.85	1.48	0.466403162055336	0	0	0	1	-1.147405785349747	1.5773448538130772	NO	Q92900
847	F	847	17.021	21.679	72.366	0.86	0.394648829431438	0	0	0	1	-1.1961331220290872	1.6726745525634676	NO	Q92900
848	I	848	16.01	22.556	68.785	2.11	0.395763656633222	0	0	0	1	-1.269637683916636	2.287262231628483	NO	Q92900
849	I	849	12.69	23.984	67.565	1.79	0.367494824016563	1	0	0	1	-1.4308879764246867	2.2016453144916532	NO	Q92900
850	L	850	11.904	23.889	63.815	2.11	0.463636363636364	0	0	0	1	-1.5324324294180578	2.594293892948299	NO	Q92900
851	S	851	9.484	26.529	62.471	2.11	0.370600414078675	0	0	0	1	-1.8870007715804762	1.9600840196210496	NO	Q92900
852	C	852	8.307	25.371	59.03	1.17	0.372987012987013	0	0	0	1	-1.4156466758585136	1.7968079738238962	NO	Q92900
853	V	853	6.163	28.465	58.214	2.11	0.372987012987013	0	0	0	1	-1.873339406903742	1.4543459605577265	NO	Q92900
854	R	854	4.288	27.241	55.148	2.11	0.40574809805579	0	0	0	1	-1.3686806063201309	1.1250633964005112	NO	Q92900
855	A	855	0.632	26.225	55.197	0.86	0.441176470588235	0	0	0	1	-0.836029417910565	0.7670124904743008	NO	Q92900
856	N	856	-0.077	26.196	51.424	0.86	0.406108597285068	1	0	0	1	-0.5989658060420795	0.8361372857615735	NO	Q92900
857	E	857	1.525	23.844	48.812	-0.08	0.409116809116809	0	0	0	1	-0.12290687732834263	0.3876027994874159	NO	Q92900
858	H	858	4.925	25.212	47.918	-1.33	0.407607152994607	0	0	0	1	0.12739678107225302	0.39038872797359075	NO	Q92900
859	Q	859	8.37	24.766	46.368	-1.33	0.40835001429797	0	0	0	1	0.6415847224044646	-0.062046058181211713	NO	Q92900
860	G	860	9.834	26.074	49.69	-1.33	0.473977695167286	0	0	0	1	-0.10755459896149414	0.5437889152435957	NO	Q92900
861	I	861	13.336	27.1	50.759	1.48	0.477528089887641	0	0	0	1	-0.2925302179693184	0.86897641779236	NO	Q92900
862	G	862	16.088	25.655	52.993	2.11	0.419007490636704	0	0	0	1	-0.42459984527089417	1.5117320870653594	NO	Q92900
863	F	863	14.993	22.503	54.883	0.86	0.417053903345725	0	0	0	1	-0.23502058820761693	2.1871366481783214	NO	Q92900
864	L	864	11.53	22.561	53.229	1.79	0.417053903345725	0	0	0	1	0.06370281554485849	1.4700660263623828	NO	Q92900
865	N	865	12.744	21.042	49.972	0.54	0.358208955223881	1	0	0	1	0.6254894261125798	0.5393190727248497	NO	Q92900
866	D	866	16.375	20.041	50.416	-0.39	0.419377323420074	0	0	0	1	0.5619710503586285	1.0428903251488995	NO	Q92900
867	P	867	16.651	16.625	52.203	-0.71	0.477197620621282	0	0	0	1	0.7094603709607823	1.349524810310869	NO	Q92900
868	R	868	20.283	17.46	53.141	0.54	0.526315789473684	0	0	0	1	0.43632541095275473	1.7236863426828457	NO	Q92900
869	R	869	19.255	20.698	54.885	2.11	0.528301886792453	0	0	0	1	-0.024484211371283485	2.0570262776687924	NO	Q92900
870	L	870	16.495	18.762	56.751	1.48	0.563632297025274	0	0	0	1	-0.17868988558190288	2.4968649734023005	NO	Q92900
871	N	871	19.167	16.21	57.846	0.86	0.562640323304894	0	0	0	1	0.27497998389888195	1.9782592459328432	NO	Q92900
872	V	872	21.265	19.093	59.306	2.11	0.52788339670469	0	0	0	1	-0.08593737582588921	2.2919520754971248	NO	Q92900
873	A	873	18.147	20.559	61.019	2.11	0.52788339670469	0	0	0	1	-0.6639100349751449	2.4246855635933313	NO	Q92900
874	L	874	17.137	17.287	62.767	1.48	0.500100060036022	0	0	0	1	-0.3367606422486485	2.2704224201559655	NO	Q92900
875	T	875	20.7	16.563	64	1.48	0.525883838383838	1	0	0	1	-0.30465391790630314	2.223262222741997	NO	Q92900
876	R	876	21.62	19.739	65.908	2.11	0.520964360587002	0	0	0	1	-0.7176174993949633	2.5026920880957766	NO	Q92900
877	A	877	19.899	18.742	69.174	1.79	0.520964360587002	0	0	0	1	-0.7505303242352819	2.308672952944624	NO	Q92900
878	R	878	21.271	16.621	72.001	1.48	0.535338345864662	0	0	0	1	-0.3993967552108219	1.2792758684414554	NO	Q92900
879	Y	879	18.214	16.313	74.249	-0.08	0.477745470811899	0	0	0	1	-0.39057941808689817	0.704489501478509	NO	Q92900
880	G	880	15.127	17.306	72.216	-0.08	0.512931034482759	0	0	0	1	-0.7255992056719249	1.02591236323684	NO	Q92900
881	V	881	13.675	18.209	68.804	1.17	0.452471482889734	1	0	0	1	-0.8459209652543508	1.6599761381018632	NO	Q92900
882	I	882	10.295	19.92	68.381	0.86	0.48391494002181	1	0	0	1	-0.9090166654919379	1.357689013987338	NO	Q92900
883	I	883	8.935	20.55	64.867	1.17	0.481188658669575	1	0	0	1	-0.6888096476043172	1.7972826134919115	NO	Q92900
884	V	884	6.139	23.144	64.488	0.86	0.481663929939792	0	0	0	1	-1.1937294507747296	1.7563957963757637	NO	Q92900
885	G	885	4.204	23.329	61.19	1.79	0.503326996197719	0	0	0	1	-0.7736539083143159	1.3404032995661415	NO	Q92900
886	N	886	1.409	22.148	58.879	0.86	0.50381679389313	0	0	0	1	-0.19707715454901867	1.1016434139004156	NO	Q92900
887	P	887	1.574	18.412	57.845	0.54	0.632860040567951	1	0	0	1	0.3825884809715054	0.7113570151439508	NO	Q92900
888	K	888	-0.635	18.742	54.697	-0.08	0.632860040567951	0	0	0	1	0.19352944727092067	0.7380726030482174	NO	Q92900
889	A	889	1.631	21.44	53.239	1.17	0.637746990688167	0	0	0	1	-0.34974332745397535	0.6399310671352426	NO	Q92900
890	L	890	4.747	19.409	54.131	1.17	0.677606177606178	0	0	0	1	0.12098069017482634	0.9578823606074163	NO	Q92900
891	S	891	3.575	15.949	52.877	-0.39	0.586685823754789	0	0	0	1	0.8660362304429353	0.7907909420942961	NO	Q92900
892	K	892	4.158	17.112	49.276	0.54	0.591216216216216	0	0	0	1	0.7660720300679019	0.6674028837822477	NO	Q92900
893	Q	893	7.69	15.828	49.687	0.54	0.720720720720721	0	0	0	1	0.8198178340122174	0.298963841485618	NO	Q92900
894	P	894	8.776	12.103	49.856	0.86	0.720720720720721	0	0	0	1	1.0653979659106845	0.6657695649246668	NO	Q92900
895	L	895	11.092	12.764	52.839	0.86	0.712468193384224	0	0	0	1	0.8268829865005399	0.8456300791218733	NO	Q92900
896	W	896	8.638	14.899	54.871	1.48	0.757575757575757	0	0	0	1	0.7101549785748241	0.7615071779613354	NO	Q92900
897	N	897	5.96	12.192	54.173	0.86	0.718631178707224	0	0	0	1	1.0911960880491292	0.41090329228087863	NO	Q92900
898	H	898	8.395	9.568	55.653	0.54	0.622813688212928	1	0	0	1	1.1535140101066714	-0.2065597667458839	NO	Q92900
899	L	899	9.138	11.902	58.607	1.48	0.532319391634981	0	0	0	1	0.8066394500707397	-0.060931686786741705	NO	Q92900
900	L	900	5.419	12.569	59.309	0.54	0.49811320754717	1	0	0	1	0.9404409088758022	-0.132697204590607	NO	Q92900
901	N	901	4.572	8.84	59.043	-0.39	0.49811320754717	0	0	0	1	1.3198643469717912	-0.599173070315731	NO	Q92900
902	Y	902	7.505	7.907	61.363	0.23	0.492537313432836	2	0	0	1	0.5269032664637151	-0.613526173876504	NO	Q92900
903	Y	903	6.499	10.593	63.931	-1.33	0.523880597014925	0	0	0	1	0.5169212487200727	-0.49884780563073566	NO	Q92900
904	K	904	2.885	9.335	63.798	-1.33	0.521933085501859	0	0	0	1	0.9267401595735545	-0.795379288942062	NO	Q92900
905	E	905	4.003	5.649	64.269	-1.33	0.555086979441223	0	0	0	1	0.9967889851370094	-1.293760760488855	NO	Q92900
906	Q	906	6.041	6.761	67.284	-1.33	0.551470588235294	0	0	0	1	0.34377140508542786	-1.2304438287756565	NO	Q92900
907	K	907	2.886	8.468	68.736	-1.33	0.555555555555555	0	0	0	1	0.7510050334424144	-1.7057054384245887	NO	Q92900
908	V	908	4.523	11.851	68.531	-1.33	0.557620817843866	1	0	0	1	0.4621291603965004	-1.1916908958812569	NO	Q92900
909	L	909	2.473	13.801	65.97	-1.33	0.557620817843866	0	0	0	1	0.5921331000151895	-0.843375179509439	NO	Q92900
910	V	910	0.369	15.986	68.278	0.86	0.652985074626866	0	0	0	1	0.8295696459031473	-1.2883498682734844	NO	Q92900
911	E	911	-2.26	18.735	68.56	0.86	0.650557620817844	0	0	0	1	0.7554964346587391	-0.986194255615147	NO	Q92900
912	G	912	-4.062	20.841	71.194	-0.08	0.644688644688645	0	0	0	1	0.8075133077718052	-1.2924792333852144	NO	Q92900
913	P	913	-2.817	23.123	73.975	-1.33	0.687067474048443	1	0	0	1	0.5865822379298024	-1.3560279009363263	NO	Q92900
914	L	914	0.75	22.483	75.36	-1.33	0.68901384083045	0	0	0	1	-0.056361935091745356	-1.3178534700372955	NO	Q92900
915	N	915	-0.735	21.474	78.774	-1.33	0.683984542722198	0	0	0	1	0.9401786820595388	-2.1338017769251705	NO	Q92900
916	N	916	-3.115	18.882	77.233	-1.33	0.689051094890511	0	0	0	1	1.825516921998451	-2.2868456868022315	NO	Q92900
917	L	917	-1.617	17.529	73.987	-1.33	0.696078431372549	0	0	0	1	1.054896229005538	-2.133510520765252	NO	Q92900
918	R	918	-3.469	14.815	72.047	0.23	0.701234567901235	1	0	0	1	1.23859536471418	-1.9661353141988782	NO	Q92900
919	E	919	-2.415	12.624	69.093	0.86	0.779192273924495	0	0	0	1	1.109914214354494	-1.9661353141988782	NO	Q92900
920	S	920	-3.334	14.069	65.667	0.23	0.758399689260051	0	0	0	1	0.8046319246848235	-1.3631603821013842	NO	Q92900
921	L	921	-5.951	12.124	63.676	0.86	0.774545454545455	0	0	0	1	1.481094050283718	-1.2319270777382034	NO	Q92900
922	M	922	-4.296	13.065	60.364	-0.39	0.821283979178716	0	0	0	1	1.3027140833330881	-1.0160066229735196	NO	Q92900
