Uniprot_position	aminoacid	Position_in_structure	x	y	z	paraz	mtr	gscount	pscount	OR	pvalue	mtr3dscore	paraz3dscore	HotSpot3D	Uniprot
15	S	15	62.893	47.664	851.503	NA	0.293293293293293	0	0	0	1	0.5517768546606956	Inf	NO	P63241
16	A	16	59.031	48.124	851.675	NA	0.295643661282428	0	0	0	1	0.3569943712078942	Inf	NO	P63241
17	T	17	58.977	49.762	848.224	NA	0.296614210777301	0	0	0	1	-0.14628766832981469	Inf	NO	P63241
18	F	18	61.546	50.005	845.422	NA	0.29537037037037	0	0	0	1	-0.15708093771715956	Inf	NO	P63241
19	P	19	61.566	52.787	842.759	NA	0.294197031039136	0	0	0	1	-0.074537357681619107	Inf	NO	P63241
20	M	20	61.049	51.847	839.128	NA	0.293963254593176	1	0	0	1	-0.19017561983327497	Inf	NO	P63241
21	Q	21	60.768	54.065	836.03	NA	0.331730769230769	0	0	0	1	0.12357948371691868	Inf	NO	P63241
22	C	22	57.027	54.454	835.1	NA	0.330524344569288	0	0	0	1	-0.04252279090180942	Inf	NO	P63241
23	S	23	57.584	53.257	831.477	NA	0.326851851851852	0	0	0	1	0.21153331572819348	Inf	NO	P63241
24	A	24	58.942	49.894	832.791	NA	0.18816631130064	0	0	0	1	-0.20460230410718425	Inf	NO	P63241
25	L	25	55.778	49.213	834.857	NA	0.189581095596133	0	0	0	1	-0.5161860155206598	Inf	NO	P63241
26	R	26	54.291	45.887	833.856	NA	0.222012578616352	0	0	0	1	-0.5316764334753549	Inf	NO	P63241
27	K	27	50.558	45.793	832.969	NA	0.19047619047619	0	0	0	1	-0.6778299888021198	Inf	NO	P63241
28	N	28	50.394	42.627	835.124	NA	0.191930207197383	0	0	0	1	-1.0174518940009143	Inf	NO	P63241
29	G	29	52.425	44.151	838.031	NA	0.169061302681992	0	0	0	1	-0.8536771897976085	Inf	NO	P63241
30	F	30	51.847	46.342	841.047	NA	0.191930207197383	0	0	0	1	-0.6364644458660401	Inf	NO	P63241
31	V	31	52.547	49.988	841.868	NA	0.166509433962264	0	0	0	1	-0.3351075107647601	Inf	NO	P63241
32	V	32	51.968	52.419	844.795	NA	0.149133924799324	0	0	0	1	-0.18074416576576205	Inf	NO	P63241
33	L	33	49.147	54.845	843.889	NA	0.148008385744235	0	0	0	1	-0.2311116809984632	Inf	NO	P63241
34	K	34	48.162	57.649	846.291	NA	0.166509433962264	0	0	0	1	-0.2427297464085508	Inf	NO	P63241
35	G	35	49.953	55.867	849.183	NA	0.165413533834586	0	0	0	1	-0.12533565479583544	Inf	NO	P63241
36	R	36	48.274	52.452	848.628	NA	0	0	0	0	1	0.2148969859087208	Inf	NO	P63241
37	P	37	49.816	49.334	847.032	NA	0	0	0	0	1	0.19048886779790355	Inf	NO	P63241
38	C	38	47.731	48.482	844.023	NA	0	0	0	0	1	-0.32196024695498016	Inf	NO	P63241
39	K	39	47.538	45.89	841.279	NA	0	0	0	0	1	-0.4532367939827514	Inf	NO	P63241
40	I	40	47.678	47.664	837.891	NA	0	0	0	0	1	-0.5155709972741657	Inf	NO	P63241
41	V	41	44.426	47.031	835.948	NA	0	0	0	0	1	-0.34557748157797896	Inf	NO	P63241
42	E	42	44.954	49.538	833.13	NA	0	0	0	0	1	-0.36291306470799994	Inf	NO	P63241
43	M	43	48.024	51.348	831.838	NA	0.133834586466165	0	0	0	1	-0.15075299188888855	Inf	NO	P63241
44	S	44	47.707	53.615	828.762	NA	0.241077441077441	0	0	0	1	0.14080343974646037	Inf	NO	P63241
45	T	45	50.26	55.967	827.198	NA	0.220987654320988	0	0	0	1	0.29525750802473816	Inf	NO	P63241
46	S	46	49.603	59.339	825.526	NA	0.306556911722963	0	0	0	1	0.5814071189580132	Inf	NO	P63241
47	K	47	51.604	62.351	824.355	NA	0.304581447963801	0	0	0	1	0.6600762856446566	Inf	NO	P63241
48	T	48	50.587	66.034	824.333	NA	0.282825630252101	0	0	0	1	0.6237646015334546	Inf	NO	P63241
49	G	49	51.777	67.08	820.873	NA	0.283333333333333	0	0	0	1	0.6813122646424719	Inf	NO	P63241
50	K	50	52.77	64.949	817.905	NA	0.281497100685293	0	0	0	1	0.7045137498783832	Inf	NO	P63241
51	H	51	56.434	65.381	818.974	NA	0.281497100685293	0	0	0	1	0.7045137498783832	Inf	NO	P63241
52	G	52	55.45	65.503	822.688	NA	0.261764705882353	0	0	0	1	0.5730333854126761	Inf	NO	P63241
53	H	53	57.044	63.133	825.199	NA	0.26007326007326	0	0	0	1	0.5430925923879468	Inf	NO	P63241
54	A	54	55.132	60.159	826.592	NA	0.26007326007326	0	0	0	1	0.605486061804721	Inf	NO	P63241
55	K	55	52.948	60.232	829.697	NA	0.262222222222222	0	0	0	1	0.5841714116110374	Inf	NO	P63241
56	V	56	51.353	57.214	831.323	NA	0.262222222222222	0	0	0	1	0.252105455135441	Inf	NO	P63241
57	H	57	47.87	56.951	832.797	NA	0.243131868131868	0	0	0	1	0.1447757681943628	Inf	NO	P63241
58	L	58	47.913	54.292	835.528	NA	0.241363636363636	0	0	0	1	-0.17931796426762225	Inf	NO	P63241
59	V	59	44.972	52.875	837.347	NA	0.226162667232958	1	0	0	1	-0.42413363146972227	Inf	NO	P63241
60	G	60	45.07	50.112	839.937	NA	0.240107913669065	0	0	0	1	-0.3570801287178638	Inf	NO	P63241
61	I	61	43.047	48.383	842.614	NA	0.285599679101484	1	0	0	1	-0.413490335710956	Inf	NO	P63241
62	D	62	44.151	48.538	846.283	NA	0.302399660225101	0	0	0	1	-0.1862333141008567	Inf	NO	P63241
63	I	63	45.566	45.097	847.044	NA	0.321043165467626	0	0	0	1	0.24257337420672723	Inf	NO	P63241
64	F	64	43.838	45.076	850.455	NA	0.323369565217391	0	0	0	1	1.0547195655020005	Inf	NO	P63241
65	T	65	40.805	47.419	850.397	NA	0.32129963898917	0	0	0	1	0.4925651503910788	Inf	NO	P63241
66	G	66	39.808	46.82	846.75	NA	0.30131189166314	0	0	0	1	-0.45302591586859026	Inf	NO	P63241
67	K	67	39.32	50.564	846.09	NA	0.317615658362989	0	0	0	1	-0.23106588030322092	Inf	NO	P63241
68	K	68	40.213	52.037	842.677	NA	0.317375886524823	0	0	0	1	-0.3844340485430466	Inf	NO	P63241
69	Y	69	43.109	54.531	842.683	NA	0.315140845070423	0	0	0	1	-0.37135576522238867	Inf	NO	P63241
70	E	70	44.395	56.121	839.466	NA	0.357894736842105	0	0	0	1	-0.4359436122155358	Inf	NO	P63241
71	D	71	47.085	58.658	838.594	NA	0.361433619384149	0	0	0	1	-0.15026446090881831	Inf	NO	P63241
72	I	72	48.584	60.277	835.468	NA	0.362715298885512	0	0	0	1	0.24797037394673271	Inf	NO	P63241
73	C	73	52.338	60.838	835.474	NA	0.362715298885512	0	0	0	1	0.40087414296779655	Inf	NO	P63241
74	P	74	54.917	61.357	832.674	NA	0.294004927456885	0	0	0	1	0.5038667256361179	Inf	NO	P63241
75	S	75	57.048	58.374	831.544	NA	0.210992907801418	0	0	0	1	0.32164007217804985	Inf	NO	P63241
76	T	76	60.75	58.499	832.625	NA	0.230003212335368	1	0	0	1	0.3089192059335814	Inf	NO	P63241
77	H	77	59.508	59.56	836.1	NA	0.126501766784452	0	0	0	1	0.3119211629545138	Inf	NO	P63241
78	N	78	60.107	57.062	838.925	NA	0.126690391459075	0	0	0	1	0.09998605444864613	Inf	NO	P63241
79	M	79	57.121	55.455	840.634	NA	0.140767101621194	0	0	0	1	-0.03741934561304661	Inf	NO	P63241
80	D	80	57.217	53.496	843.901	NA	0.140979689366786	0	0	0	1	-0.4114211946651873	Inf	NO	P63241
81	V	81	56.573	49.755	843.553	NA	0.141486810551559	0	0	0	1	-0.44804944007345	Inf	NO	P63241
82	P	82	55.508	47.773	846.651	NA	0.141997593261131	0	0	0	1	-0.09230744316860082	Inf	NO	P63241
83	N	83	57.413	44.674	847.633	NA	0.142109500805153	0	0	0	1	0.22842274204208052	Inf	NO	P63241
84	I	84	54.707	41.998	847.74	NA	0.141596470116326	0	0	0	1	0.394215595467406	Inf	NO	P63241
85	K	85	55.053	38.79	849.786	NA	0.127436823104693	0	0	0	1	1.2391200578098789	Inf	NO	P63241
86	R	86	52.528	35.957	849.988	NA	0.115851657367903	0	0	0	1	1.3050054718704263	Inf	NO	P63241
87	N	87	53.046	32.995	852.311	NA	0.115107913669065	0	0	0	1	0.4360155844759808	Inf	NO	P63241
88	D	88	51.247	29.749	853.131	NA	0.115851657367903	0	0	0	1	0.20987959350645255	Inf	NO	P63241
89	F	89	50.616	28.735	856.736	NA	0.128832116788321	0	0	0	1	-0.7695275701328732	Inf	NO	P63241
90	Q	90	48.592	25.766	857.957	NA	0.128727272727273	0	0	0	1	-0.521627745817961	Inf	NO	P63241
91	L	91	45.733	26.75	860.272	NA	0.128623188405797	0	0	0	1	-0.3162498024525574	Inf	NO	P63241
92	I	92	46.118	25.134	863.734	NA	0	0	0	0	1	-0.6134049092008528	Inf	NO	P63241
93	G	93	43.889	27.368	865.877	NA	0	0	0	0	1	-0.7438090848566383	Inf	NO	P63241
94	I	94	41.367	30.182	866.219	NA	0	0	0	0	1	-1.0241026046522532	Inf	NO	P63241
95	Q	95	41.875	32.073	869.489	NA	0	0	0	0	1	-2.1330824620495514	Inf	NO	P63241
96	D	96	39.078	34.586	870.255	NA	0	0	0	0	1	-2.3867521861276675	Inf	NO	P63241
97	G	97	39.2	35.751	866.573	NA	0	0	0	0	1	-1.5160465223235091	Inf	NO	P63241
98	Y	98	43.011	35.552	866.192	NA	0	0	0	0	1	-1.5842230096857914	Inf	NO	P63241
99	L	99	44.202	32.968	863.656	NA	0	0	0	0	1	-0.8413752383864384	Inf	NO	P63241
100	S	100	46.9	30.655	865.02	NA	0	0	0	0	1	-1.4923486258830643	Inf	NO	P63241
101	L	101	48.933	29.832	861.97	NA	0	0	0	0	1	-1.3776118935716775	Inf	NO	P63241
102	L	102	51.795	27.371	861.583	NA	0	0	0	0	1	-1.4249243866289525	Inf	NO	P63241
103	Q	103	54.769	27.84	859.255	NA	0	0	0	0	1	-1.496043035219165	Inf	NO	P63241
104	D	104	56.527	24.876	857.611	NA	0	0	0	0	1	-2.0184303859963406	Inf	NO	P63241
105	S	105	59.595	25.917	859.72	NA	0	0	0	0	1	-2.50265021607634	Inf	NO	P63241
106	G	106	57.654	25.038	862.953	NA	0	0	0	0	1	-2.6269358943484526	Inf	NO	P63241
107	E	107	56.894	28.633	863.995	NA	0	0	0	0	1	-2.5718082627644865	Inf	NO	P63241
108	V	108	53.407	29.661	865.165	NA	0	0	0	0	1	-2.654667610182214	Inf	NO	P63241
109	R	109	52.052	33.194	864.642	NA	0	0	0	0	1	-2.42081033034096	Inf	NO	P63241
110	E	110	48.855	34.259	866.486	NA	0	0	0	0	1	-2.630019935816189	Inf	NO	P63241
111	D	111	48.976	38.041	865.626	NA	0	0	0	0	1	-1.3671080767563417	Inf	NO	P63241
112	L	112	46.8	37.853	862.483	NA	0	0	0	0	1	-0.7602557013582377	Inf	NO	P63241
113	R	113	43.079	38.412	862.933	NA	0.100347021399653	1	0	0	1	-0.8288971146756546	Inf	NO	P63241
114	L	114	40.281	36.516	861.185	NA	0.109119496855346	0	0	0	1	-0.2417212072556596	Inf	NO	P63241
115	P	115	39.251	38.204	857.851	NA	0.109355638166047	0	0	0	1	0.6966811171369002	Inf	NO	P63241
116	E	116	35.698	39.547	857.525	NA	0.305727119595733	0	0	0	1	0.9038340548185432	Inf	NO	P63241
117	G	117	33.225	38.433	854.827	NA	0.334532374100719	0	0	0	1	1.1786481028540752	Inf	NO	P63241
118	D	118	32.563	34.966	853.404	NA	0.337765957446809	0	0	0	1	1.150553949093194	Inf	NO	P63241
119	L	119	36.234	33.976	853.682	NA	0.33859649122807	0	0	0	1	1.571758147813205	Inf	NO	P63241
120	G	120	36.175	34.226	857.536	NA	0.337412587412587	0	0	0	1	0.6987424149520058	Inf	NO	P63241
121	K	121	32.893	32.289	857.465	NA	0.380952380952381	0	0	0	1	1.1372956749662944	Inf	NO	P63241
122	E	122	34.625	29.551	855.366	NA	0.379647749510763	0	0	0	1	1.6722971103184863	Inf	NO	P63241
123	I	123	37.568	29.574	857.851	NA	0.35221843003413	0	0	0	1	0.7337472842480139	Inf	NO	P63241
124	E	124	35.235	29.119	860.873	NA	0.35221843003413	0	0	0	1	0.3550246392530487	Inf	NO	P63241
125	Q	125	33.09	26.466	859.114	NA	0.354639175257732	0	0	0	1	2.0391338348491805	Inf	NO	P63241
126	K	126	36.051	24.415	857.826	NA	0.44636678200692	1	0	0	1	1.46963153738273	Inf	NO	P63241
127	Y	127	37.869	24.817	861.192	NA	0.44636678200692	0	0	0	1	0.7733362963920253	Inf	NO	P63241
128	D	128	34.881	23.482	863.291	NA	0.449074074074074	1	0	0	1	1.3688342652768153	Inf	NO	P63241
129	C	129	34.557	20.612	860.758	NA	0.479485912011864	0	0	0	1	2.6021948044556944	Inf	NO	P63241
130	G	130	38.213	19.62	861.48	NA	0.474559686888454	0	0	0	1	1.285667358656751	Inf	NO	P63241
131	E	131	39.608	19.925	857.945	NA	0.477417771232204	1	0	0	1	1.4643487271874789	Inf	NO	P63241
132	E	132	43.293	20.621	857.291	NA	0.475782778864971	0	0	0	1	0.9485567222128284	Inf	NO	P63241
133	I	133	43.187	24.216	856.025	NA	0.444063926940639	0	0	0	1	0.5779722993480297	Inf	NO	P63241
134	L	134	46.002	26.039	854.302	NA	0.41382252559727	0	0	0	1	0.2239128517964154	Inf	NO	P63241
135	I	135	45.832	29.834	854.644	NA	0.440185830429733	0	0	0	1	0.21304023624906934	Inf	NO	P63241
136	T	136	47.681	32.171	852.313	NA	0.411476868327402	1	0	0	1	0.34950920585686474	Inf	NO	P63241
137	V	137	48.546	35.512	853.931	NA	0.41286496350365	0	0	0	1	0.08378951760276501	Inf	NO	P63241
138	L	138	49.472	38.582	851.894	NA	0.411245353159851	0	0	0	1	0.9617323336410074	Inf	NO	P63241
139	S	139	52.069	40.972	853.387	NA	0.440613026819923	0	0	0	1	0.9931977042042511	Inf	NO	P63241
140	A	140	52.573	44.127	851.306	NA	0.470588235294118	0	0	0	1	0.5344632298553146	Inf	NO	P63241
141	M	141	53.984	47.29	852.938	NA	0.469018932874355	1	0	0	1	0.4878158960525857	Inf	NO	P63241
142	T	142	52.954	47.718	856.609	NA	0.506993006993007	0	0	0	1	0.9878086317455864	Inf	NO	P63241
143	E	143	49.8	45.536	856.521	NA	0.551418439716312	0	0	0	1	0.7146809972330216	Inf	NO	P63241
144	E	144	49.219	41.773	856.515	NA	0.481658692185008	0	0	0	1	0.9634378962328215	Inf	NO	P63241
145	A	145	45.989	39.914	855.797	NA	0.483751542575072	0	0	0	1	0.7945393230127672	Inf	NO	P63241
146	A	146	44.752	36.352	855.079	NA	0.485981308411215	0	0	0	1	0.39540589777359125	Inf	NO	P63241
147	V	147	43.626	36.259	851.393	NA	0.298443370907139	0	0	0	1	0.9849050202496308	Inf	NO	P63241
148	A	148	43.371	32.596	850.242	NA	0.299613045881703	0	0	0	1	1.029911630760861	Inf	NO	P63241
149	I	149	42.284	29.149	851.399	NA	0.301669545192861	0	0	0	1	1.3781505031802672	Inf	NO	P63241
150	K	150	43.458	25.794	850.037	NA	0.341397849462366	0	0	0	1	1.4876719126897444	Inf	NO	P63241
