Uniprot_position	aminoacid	Position_in_structure	x	y	z	paraz	mtr	gscount	pscount	OR	pvalue	mtr3dscore	paraz3dscore	HotSpot3D	Uniprot
2	T	2	34.708	19.618	2.349	-1.55	0	0	0	1.1529199026474028	0.9999999999999999	-0.8672439573217344	-0.7541094678351942	NO	P01116
3	E	3	32.126	18.035	4.652	-0.95	0	0	0	0.5166340303058922	0.4915156744319817	-0.8572267415594516	-0.34094772280079727	NO	P01116
4	Y	4	28.66	16.957	3.498	0.55	0	0	0	0.4249463343086034	0.3184976627900338	-0.4058818136308594	0.2717760772272567	NO	P01116
5	K	5	25.791	16.144	5.876	1.15	0	0	2	0.6653284749946843	0.7406355934502754	-0.5494294977842604	0.9061254231386536	NO	P01116
6	L	6	23.603	13.557	4.167	0.55	0	1	0	0.6777593085652621	0.5499264709872421	-0.28314409126276474	0.7820719041179259	NO	P01116
7	V	7	20.327	12.119	5.42	0.85	0	0	0	0.9939243621424358	1	-0.6297080787971407	1.0387621045564914	NO	P01116
8	V	8	18.886	8.865	4.081	0.85	0	0	0	3.3401888986725545	0.03619425258007111	-0.7881698465122837	1.4153226737251718	YES	P01116
9	V	9	15.081	8.917	4.349	1.15	0	0	0	2.747601186842775	0.07142381262465161	-0.7455601762417793	1.0553103483628756	NO	P01116
10	G	10	12.262	6.628	3.273	1.75	0	0	0	6.064086017590683	0.0031058728200731257	-0.6569729125260232	0.894873106581467	YES	P01116
11	A	11	9.765	4.047	4.508	-0.35	0	0	0	7.455510844134234	0.0021365864723167246	-0.8716597369236153	0.432165542528718	YES	P01116
13	G	13	12.162	-1.864	4.795	1.75	0	0	2	9.386480895496547	4.154114916311207e-4	-0.9345829491362382	1.3876542448077598	YES	P01116
14	V	14	13.222	-0.145	1.565	1.75	0	0	1	11.546460079213169	5.673354880343254e-4	-0.4059939541932882	1.5145241139900394	YES	P01116
15	G	15	16.936	-0.74	2.143	1.75	0	0	1	26.679801698218615	4.2395283873718053e-5	-0.555325622204776	1.3890959478666494	YES	P01116
16	K	16	18.159	2.522	3.71	1.75	0	0	0	20.643485395489478	4.844392540259603e-6	-0.7566097004784591	1.3622802709713038	YES	P01116
17	S	17	20.459	0.607	6.056	1.15	0	0	0	37.712183925477035	1.9144821200970683e-6	-1.3736303272651729	0.5889507501829554	YES	P01116
18	A	18	21.621	-1.883	3.439	0.55	0	0	0	29.920181926846976	1.567089081009857e-5	-0.8876372339896998	0.5912886470352086	YES	P01116
19	L	19	22.52	0.96	1.064	1.75	0	0	1	11.546460079213169	5.673354880343254e-4	-0.43571559913291547	1.3140967142712254	YES	P01116
20	T	20	24.426	2.819	3.758	0.55	0	0	0	18.824342369407994	6.796716225412773e-4	-0.9680561590581119	0.959099628558316	YES	P01116
21	I	21	26.237	-0.287	4.986	-0.65	0	0	0	38.712183925477035	0.0011827199958594702	-1.3714448404572679	0.05040489786228246	YES	P01116
22	Q	22	27.223	-1.138	1.41	0.25	0	0	3	38.712183925477035	0.0011827199958594702	-0.6333033354795262	0.30472929000187476	YES	P01116
23	L	23	28.696	2.334	0.999	0.85	0	0	1	11.29841767467066	0.007802058244291059	-0.5987251759017476	-0.02150751646684378	NO	P01116
24	I	24	30.619	2.21	4.284	-0.35	0	0	0	38.712183925477035	0.0057962714600499725	-1.2821383204460168	0.028177974173507016	YES	P01116
25	Q	25	31.442	-1.462	4.877	-0.65	0	0	0	38.712183925477035	0.01254430491942702	-1.3311977560409214	-0.3534677756806274	NO	P01116
26	N	26	31.221	-2.925	1.35	-0.95	0	0	1	38.712183925477035	0.002639305377426836	-0.8143374883750848	-0.9043501023931565	NO	P01116
27	H	27	29.003	-5.9	2.242	-1.25	0	0	0	38.712183925477035	0.002639305377426836	-0.7802972285465898	-0.7950841863510021	NO	P01116
28	F	28	25.3	-6.738	2.019	-0.65	0	0	0	12.942959454200741	0.003775033949048305	-0.8115299093654158	-0.21285795103022664	NO	P01116
29	V	29	23.271	-7.186	5.191	-0.95	0	0	0	38.712183925477035	0.0011827199958594702	-1.160077759373981	-0.18236038632294796	NO	P01116
30	D	30	20.432	-9.598	4.462	-0.35	0	0	0	38.712183925477035	0.0011827199958594702	-1.299235187624547	0.008877284135634938	YES	P01116
31	E	31	19.896	-9.098	8.18	-0.65	0	0	0	38.712183925477035	0.01254430491942702	-1.635507336569751	-0.9866247356034693	NO	P01116
32	Y	32	17.795	-6.219	9.5	-0.35	0	0	0	38.712183925477035	0.0057962714600499725	-1.8037233486221385	-0.15903871919385246	NO	P01116
33	D	33	17.01	-3.866	12.382	1.15	0	0	0	11.29841767467066	0.007802058244291059	-1.6675002087916038	-0.10306671808402333	NO	P01116
34	P	34	14.413	-1.243	11.371	-1.55	0	0	2	11.546460079213169	5.673354880343254e-4	-1.618571586241314	0.5312826278273738	YES	P01116
35	T	35	14.273	0.479	14.771	-0.05	0	0	0	9.137045611929294	0.002929847647002613	-1.5415171523172857	-0.043596466904829885	NO	P01116
36	I	36	17.671	2.094	15.369	-0.95	0	0	1	7.072055426312568	0.05978053913506651	-1.571721769711729	-0.22993658726630278	NO	P01116
37	E	37	19.263	5.134	13.735	-0.35	0	0	0	8.0984331006424	0.006307256342505572	-1.3266668645041875	0.41234212546898674	YES	P01116
38	D	38	22.94	4.828	12.848	-0.05	0	0	0	38.712183925477035	0.056483090327617044	-1.6747085739303256	0.10378632949578011	NO	P01116
39	S	39	25.308	7.435	11.488	0.25	0	0	0	7.072055426312568	0.05978053913506651	-1.5658794627950414	0.6898699643052231	NO	P01116
40	Y	40	28.522	6.837	9.584	1.75	0	0	0	9.780892322336875	0.015748573811533186	-1.6869970057526087	0.4255577368421408	YES	P01116
41	R	41	31.468	8.845	8.355	-0.95	0	0	0	3.664816439497662	0.36271226276514484	-1.6609137397532219	0.015873784274363558	NO	P01116
42	K	42	33.391	8.182	5.158	1.15	0	0	0	4.749659829583075	0.05150789386412275	-1.4043924750345607	-0.6280454871141451	NO	P01116
43	Q	43	36.279	9.942	3.429	-1.25	0	0	0	2.670525362322878	0.6176273576590868	-1.3528277527683066	-1.054590736951119	NO	P01116
44	V	44	35.931	9.837	-0.352	0.25	0	0	0	1.300986296487909	1	-1.0181707942792204	-0.9248374616510605	NO	P01116
45	V	45	37.265	11.697	-3.374	-0.65	0.157258064516129	0	0	0.8460405315161714	1	-0.6506848151468343	-0.7374160639954205	NO	P01116
46	I	46	34.556	12.91	-5.733	1.15	0.180883864337102	0	0	0.30569682794511227	0.23264353913312705	-0.2701530513870822	-0.6822552513074729	NO	P01116
47	D	47	35.453	14.752	-8.943	1.75	0.210274790919952	0	0	0.19407279787424273	0.17137163463652008	0.03232622706445311	-0.6154258051663056	NO	P01116
48	G	48	38.983	15.316	-7.673	-0.65	0.211031175059952	0	0	0.8507118609925846	1	-1.2442394649687067	-1.3717654099068175	NO	P01116
49	E	49	37.74	16.792	-4.398	-0.95	0.211031175059952	0	0	0.2679689724778448	0.3262958206374389	-0.49881684815654564	-1.4114122440262797	NO	P01116
50	T	50	38.173	15.295	-0.922	-0.95	0.209677419354839	1	1	0.8460405315161714	1	-1.009035375504019	-1.110562738060948	NO	P01116
51	C	51	34.825	14.83	0.815	0.25	0.179989685404848	0	0	0.8357622060395697	0.9999999999999999	-0.6390642761525616	-0.40755440412149396	NO	P01116
52	L	52	33.961	13.856	4.346	-0.65	0.17921146953405	0	0	1.1529199026474028	0.9999999999999999	-1.0672920963290469	-0.49232654398419884	NO	P01116
53	L	53	30.537	12.242	4.194	1.45	0.179591836734694	0	1	0.8300905673619695	1	-0.9142971086288414	0.075344035453557	NO	P01116
54	D	54	28.537	12.251	7.399	-0.35	0.180883864337102	0	0	0.8300905673619695	1	-1.1318721228393067	0.3726952913495244	NO	P01116
55	I	55	25.503	10.067	6.807	1.15	0.158273381294964	0	0	1.467886997730898	0.7558923232473178	-1.0754218238292377	0.8484573007830721	NO	P01116
56	L	56	22.427	9.586	8.965	0.25	0.157258064516129	0	0	2.221888938975459	0.34940945079753893	-1.1906768791074565	0.7427324097978393	NO	P01116
57	D	57	20.525	6.346	8.331	1.75	0.157823741007194	0	0	8.592244452369517	2.728737649720171e-4	-1.3363562364467767	0.8484573007830725	YES	P01116
58	T	58	17.016	7.09	9.638	0.25	0.157706093189964	0	1	7.640978375700437	6.402418734307485e-4	-1.2395440240990943	1.199018781418318	YES	P01116
59	A	59	14.541	4.659	11.223	0.25	0.254151624548737	0	1	12.954952895947802	2.3643512495683734e-4	-1.4105817711421627	0.6017658884841957	YES	P01116
60	G	60	10.83	5.537	11.106	-0.35	0.34434270765206	1	2	10.28079678788155	0.0013127201462910271	-1.2764299756798274	-0.020325499052102094	NO	P01116
61	Q	61	8.711	8.086	9.209	0.25	0.346304774362328	1	5	5.2278175702770895	0.018753140354280246	-0.8698557259983525	-0.6886199604637745	NO	P01116
65	S	65	9.124	14.704	16.456	-0.65	0.507142857142857	0	0	4.749659829583075	0.05150789386412275	0.08034529360025314	-1.213178073428968	NO	P01116
66	A	66	11.883	16.502	18.364	-0.65	0.559495665878645	0	0	38.712183925477035	0.49513568868407576	0.20040743531458044	-1.3400479426112477	NO	P01116
67	M	67	14.514	14.166	16.939	-0.05	0.561486753657572	0	0	4.056142133261786	0.06589882676410079	-0.16535548496067373	-1.2448955407245381	NO	P01116
68	R	68	13.319	14.193	13.342	-0.65	0.505714285714286	0	0	2.9387162569749625	0.1371229533358316	-0.38670641227766483	-0.40755440412149396	NO	P01116
69	D	69	13.173	17.962	13.047	-0.35	0.506093189964158	0	0	2.2192383097227113	0.3191481064428229	-0.050609953548292556	-0.8733480666907198	NO	P01116
70	Q	70	16.753	18.431	14.299	-0.35	0.505714285714286	0	0	0.8460405315161714	1	-0.04046437311551723	-0.40041797397999074	NO	P01116
71	Y	71	18.296	15.936	11.886	0.55	0.502491103202847	0	1	1.3331441100614916	0.7414486480162619	-0.5975768912153803	0.18239048757610526	NO	P01116
72	M	72	16.312	17.403	8.981	0.85	0.502127659574468	0	1	1.0763461685630493	1	-0.3727424666902773	-0.3673789455471055	NO	P01116
73	R	73	17.599	20.868	9.889	-0.35	0.454866688082236	0	0	0.8357622060395697	0.9999999999999999	-0.12373885405533559	-0.40755440412149396	NO	P01116
74	T	74	21.132	19.433	10.119	-0.05	0.498245614035088	1	0	0.8357622060395697	0.9999999999999999	-0.4422253021620245	0.24294201604946594	NO	P01116
75	G	75	21.059	17.642	6.76	1.15	0.498245614035088	1	0	1.0281175066249424	1	-0.32505339820897705	0.7397116986268327	NO	P01116
76	E	76	22.371	19.408	3.653	-0.65	0.414319248826291	0	0	0.45841222636396833	0.23040695838060665	9.542845864670767e-4	0.6245692963437556	NO	P01116
77	G	77	21.065	16.852	1.166	1.45	0.413145539906103	1	0	0.38915702429619003	0.14043584323461808	0.1619566413264847	0.5992486291750234	NO	P01116
78	F	78	18.57	14.011	1.253	0.25	0.413427561837456	0	0	0.45841222636396833	0.23040695838060665	0.04047603978270053	0.6736875830319731	NO	P01116
79	L	79	18.633	10.59	-0.321	1.15	0.410798122065728	0	0	0.581284965617531	0.3938719204917777	0.1835745625475083	1.3608163878653547	NO	P01116
80	C	80	14.944	9.765	-0.768	0.55	0.409356725146199	0	0	0.7946286863760226	0.787577756006249	-0.0036613538001616795	1.2029466411453236	NO	P01116
81	V	81	14.762	6	-1.039	1.75	0.406759906759907	0	0	1.1292173123744949	1	-0.08939296342678915	1.609676515876749	NO	P01116
82	F	82	11.873	3.777	-2.09	1.15	0.524812030075188	0	0	0.4982696338689089	0.2620477043929647	0.2776566798153891	1.1079638513831893	NO	P01116
83	A	83	11.844	0.086	-3.004	0.85	0.528169014084507	0	0	0.9458732031320563	1	0.4002537854056645	1.596083315607219	NO	P01116
84	I	84	10.768	-0.836	-6.544	1.15	0.528169014084507	0	0	0.581284965617531	0.3938719204917777	1.0214984378656198	1.0863383054998463	NO	P01116
85	N	85	8.431	-3.523	-5.158	-0.05	0.527472527472528	0	0	1.6081855986525373	0.5259891880298135	0.7905382463585107	0.7386660678368688	NO	P01116
86	N	86	6.891	-1.264	-2.514	0.55	0.531187122736419	0	0	1.8394602387308718	0.4880683230721983	0.31044234114787184	0.8824403014568972	NO	P01116
87	T	87	4.224	1.063	-3.897	-0.95	0.527819548872181	0	0	0.14953576291345436	0.08621015651642436	0.4304243489997692	0.0699376489827214	NO	P01116
88	K	88	3.515	2.793	-0.598	-0.65	0.529678068410463	0	0	1.300986296487909	1	-0.2751203963975838	-0.05775605051892352	NO	P01116
89	S	89	7.218	3.577	-0.179	1.75	0.465106007067138	0	0	1.5854615562321308	0.5638754810873956	-0.19779682518000738	0.7295167984246852	NO	P01116
90	F	90	7.214	5.327	-3.58	0.85	0.416370106761566	0	0	0.20145419857088842	0.0680474815915192	0.374118641035045	-0.26165405456187263	NO	P01116
91	E	91	4.088	7.261	-2.651	-0.65	0.248763250883392	0	0	0	0.016895374163073976	0.1329163892849644	-0.725217038112509	NO	P01116
92	D	92	5.713	8.181	0.683	-0.95	0.25017667844523	0	0	2.627134072045552	0.20095320267882838	-0.5155393585626458	-0.5597982471402293	NO	P01116
93	I	93	8.34	10.19	-1.223	-0.05	0.211469534050179	0	0	0.8240131374809861	0.9999999999999999	-0.09637660867035393	0.26697040036429154	NO	P01116
94	H	94	5.847	13.029	-1.689	-1.55	0.212230215827338	0	0	0	0.016895374163073976	-0.08048600237591533	-0.5422316498688368	NO	P01116
95	H	95	5.295	13.204	2.062	-1.55	0.212394705174489	1	0	2.298176250814127	0.4368328119818229	-0.650796229471593	-1.2924717416678928	NO	P01116
96	Y	96	9.003	13.109	2.962	-1.55	0.210872162485066	0	0	2.627134072045552	0.20095320267882838	-0.4474444723040475	-0.3625732686841404	NO	P01116
97	R	97	9.72	15.865	0.445	-1.55	0.361495135688684	0	0	1.0281175066249424	1	0.013632064990204267	-0.4116691025814598	NO	P01116
98	E	98	6.935	18.053	1.832	-0.65	0.359183673469388	0	0	0.41482931173648196	0.5903150260633074	-0.12217359950353247	-2.1420467585135143	NO	P01116
99	Q	99	8.18	17.498	5.381	-0.05	0.419047619047619	0	0	2.847636597440455	0.26957639148018386	-0.30752844828706555	-1.5832151918772832	NO	P01116
100	I	100	11.743	18.401	4.389	1.45	0.417857142857143	0	0	0.9939243621424358	1	-0.2548097509735896	-0.7202714870788962	NO	P01116
101	K	101	10.745	21.583	2.565	-0.35	0.420549581839904	0	0	0.19407279787424273	0.17137163463652008	-0.03897620464178182	-1.3971393837432735	NO	P01116
102	R	102	8.699	22.638	5.596	-0.35	0.420549581839904	0	0	0.41482931173648196	0.5903150260633074	-0.06436093953086357	-2.111839646803448	NO	P01116
103	V	103	11.28	21.873	8.292	0.25	0.422382671480144	0	0	0.8460405315161714	1	0.054254357334211106	-1.592408660658608	NO	P01116
104	K	104	14.049	23.569	6.342	0.25	0.506859205776173	0	0	0.39645265424569537	0.4010761651235259	0.08276656171486199	-0.9404078546870676	NO	P01116
105	D	105	11.642	26.302	5.193	-0.05	0.508695652173913	0	0	0.8507118609925846	1	0.05205024284286521	-1.6492932487430536	NO	P01116
106	S	106	12.796	26.09	1.566	-0.95	0.508695652173913	0	0	0.8507118609925846	1	0.07065048472866786	-1.3344507425002647	NO	P01116
107	E	107	11.51	25.099	-1.87	-0.95	0.512408759124088	0	0	0	0.09201480698043364	0.32799393195069765	-1.390422743610094	NO	P01116
108	D	108	15.088	24.349	-2.892	-0.95	0.509090909090909	1	0	0	0.016895374163073976	0.6072738637509066	-1.0978418287178051	NO	P01116
109	V	109	16.655	21.417	-1.037	-0.05	0.636363636363636	0	0	0.06998421462218297	0.003847003640853188	0.3755978377740414	-0.48367632563086155	NO	P01116
110	P	110	19.288	19.075	-2.54	1.75	0.635379061371841	0	0	0.1060758630341658	0.0036368051786888097	0.6008917930877491	0.11442448622845565	NO	P01116
111	M	111	17.694	15.657	-3.062	0.55	0.635869565217391	0	0	0	1.9448156035769057e-5	0.6504999000329567	0.36109133989992565	NO	P01116
112	V	112	18.173	12.495	-5.076	1.15	0.635379061371841	1	0	0	6.48271867858966e-6	0.8485190845843761	0.6493011107876338	NO	P01116
113	L	113	15.409	9.97	-5.723	1.15	0.696748506967485	0	0	0.03922591817437932	1.0102122875562254e-4	0.8446693162774636	0.29340162311059986	NO	P01116
114	V	114	16.651	6.406	-5.235	1.15	0.699300699300699	0	0	0.41314650295985766	0.15409689081565814	0.719680212721258	1.757691363256075	NO	P01116
115	G	115	14.775	3.331	-6.426	1.45	0.792506386602328	0	0	0.43022083100307873	0.166070690507529	0.9105204583230208	1.2647490590374266	NO	P01116
116	N	116	16.285	0.412	-4.498	1.75	0.792506386602328	0	1	1.2509160794863343	0.7858075706396347	0.5679481747056154	1.799981319650168	NO	P01116
117	K	117	16.063	-3.412	-4.855	1.75	0.858548585485855	1	1	4.056142133261786	0.06589882676410079	0.7673589414827378	1.4465581126423894	NO	P01116
118	C	118	16.352	-3.348	-8.651	0.25	0.861728395061728	0	0	1.467886997730898	0.7558923232473178	1.3212927975119013	0.8791516239723335	NO	P01116
119	D	119	17.653	-6.914	-8.477	1.75	0.864197530864198	0	1	5.8580384264089655	0.11222950222134571	1.5124998434089665	1.0863383054998463	NO	P01116
120	L	120	14.097	-8.147	-7.744	1.75	0.948969246367016	0	0	2.847636597440455	0.26957639148018386	1.5243668854445651	1.165631973738771	NO	P01116
121	P	121	11.497	-9.461	-10.267	-0.95	0.975	0	0	0.5469843632798035	0.6543524137031296	1.7095274448482638	-0.10306671808402333	NO	P01116
122	S	122	8.023	-8.048	-11.05	-0.65	0.902564102564103	0	0	0.39645265424569537	0.4010761651235259	1.6506601492745379	-0.3069647221269724	NO	P01116
123	R	123	8.601	-4.531	-9.771	-0.35	0.952521525215252	0	0	0.2596848726497797	0.09321721841971177	1.4184000763930626	0.22789815804366215	NO	P01116
124	T	124	5.379	-2.708	-8.917	-0.65	0.999148453022992	1	0	0.08245020066998922	0.008805218955840863	1.2108584697035598	-0.2220072204424103	NO	P01116
125	V	125	6.855	0.769	-9.394	-0.35	1.00746268656716	0	0	0.1687416714941553	0.03458886530113165	1.329122473107308	-0.20150023727717117	NO	P01116
126	D	126	7.891	1.37	-13.011	-0.65	1.01503759398496	1	0	0.09849465689182076	0.019498301634303376	1.4722911603591053	-0.5788287275175712	NO	P01116
127	T	127	11.119	3.097	-13.991	-0.95	1.00835494093921	1	0	0.06998421462218297	0.003847003640853188	1.5655948434826816	0.17886632454326415	NO	P01116
128	K	128	9.109	5.576	-16.049	-0.65	0.989661654135338	1	0	0	0.0011082524405646122	1.9115337026588899	-0.8307027325118024	NO	P01116
129	Q	129	6.895	6.68	-13.172	-0.35	0.917832167832168	0	0	0	4.231509318519415e-4	1.5329204849809974	-1.1905227396464184	NO	P01116
130	A	130	9.968	7.275	-10.968	1.45	0.911756168359942	3	0	0.051822078399397044	6.657703340665901e-4	1.215728417614313	-0.15592916357663975	NO	P01116
131	Q	131	11.826	9.081	-13.771	-0.65	0.909143686502177	0	0	0	1.9448156035769057e-5	1.7455251106636491	-0.5391818933981088	NO	P01116
132	D	132	8.775	11.297	-14.358	-0.95	0.919553728714034	0	0	0	1.5672256735257178e-4	1.9129462594035622	-1.6360776373698995	NO	P01116
133	L	133	8.52	12.148	-10.656	-0.65	0.913424978063761	0	0	0	5.618356188111042e-5	1.315772093381721	-1.31077028049226	NO	P01116
134	A	134	12.213	13.05	-10.472	1.45	0.903123192596877	0	0	0	5.618356188111042e-5	1.3151114393556653	-0.7021744336670095	NO	P01116
135	R	135	11.77	15.228	-13.56	-1.25	0.903123192596877	0	0	0	4.231509318519415e-4	1.7700948159290557	-1.1140609881303123	NO	P01116
136	S	136	8.849	17.037	-11.915	-0.95	0.895624821275379	1	0	0	0.0028210062123462843	1.6254756538533686	-1.5620702136802365	NO	P01116
137	Y	137	10.982	17.662	-8.811	-0.05	0.897147796024201	0	0	0	4.231509318519415e-4	0.9992159639477175	-1.2924717416678928	NO	P01116
138	G	138	14.001	18.724	-10.869	-0.95	0.903123192596877	2	0	0	0.0069911893088581934	1.4289892896276934	-1.2048313715090813	NO	P01116
139	I	139	16.205	16.104	-9.181	0.55	0.935309973045822	0	0	0	1.9448156035769057e-5	1.2940445715756344	-0.22584401084106798	NO	P01116
140	P	140	18.248	13.066	-10.273	-0.95	0.913424978063761	0	0	0	1.9448156035769057e-5	1.5272701491382943	0.24294201604946594	NO	P01116
141	F	141	16.825	9.542	-10.209	0.55	0.912587412587413	1	0	0.03922591817437932	1.0102122875562254e-4	1.5186491427770628	0.14880728691020786	NO	P01116
142	I	142	19.162	6.613	-9.574	0.55	0.952315608919383	1	0	0.12281664897441422	0.007986071524372194	1.3680974868634657	1.2233000960943525	NO	P01116
143	E	143	18.311	2.915	-9.476	1.75	1.04360902255639	0	0	0.2500789549775318	0.023696186486616273	1.3631497210717036	1.2741390986972994	NO	P01116
144	T	144	20.193	0.775	-6.957	0.55	0.920075757575757	0	0	2.9206733434500607	0.09417393100195184	0.6552932746869007	1.9585686561280173	NO	P01116
145	S	145	20.625	-2.674	-5.526	1.75	0.949571183533448	0	0	5.2278175702770895	0.018753140354280246	0.33946761528737124	1.5201213141010221	NO	P01116
146	A	146	22.184	-2.788	-2.071	1.75	0.778867924528302	0	1	9.137045611929294	0.002929847647002613	-0.06195389582312929	0.9256078969074315	YES	P01116
147	K	147	22.327	-6.56	-2.628	-0.35	0.782509505703422	0	2	18.824342369407994	6.796716225412773e-4	-0.2989405715351799	0.7172126085255418	YES	P01116
148	T	148	24.62	-6.399	-5.68	-0.05	0.780228136882129	0	0	14.73307387818845	0.0017827476366121609	0.2960549065536526	0.6002336436873082	NO	P01116
149	R	149	25.965	-2.947	-4.777	-0.65	0.827514690632561	0	0	8.0984331006424	0.006307256342505572	0.02231936257828789	0.23676328865422513	NO	P01116
150	Q	150	24.853	-1.586	-8.157	-0.95	0.827514690632561	0	0	4.6161904546715355	0.03585051637045551	0.7839385088694522	0.9626401830471237	NO	P01116
152	V	152	25.262	2.645	-4.476	0.55	0.862893081761006	0	0	3.3444890732848522	0.08057398341276706	0.2098406349829991	0.7198729739091405	NO	P01116
154	D	154	26.484	6.701	-7.744	-0.65	0.859649122807018	1	0	0.376877835851149	0.2804316988637194	1.2400382513180734	0.9216514560805411	NO	P01116
155	A	155	23.483	7.559	-5.535	0.55	0.853932584269663	0	0	0.6847767974052203	0.5639688896371735	0.7587441568978147	1.2741390986972994	NO	P01116
156	F	156	25.595	9.089	-2.771	1.75	0.812075983717775	0	0	0.8104532232537086	0.7765667489314737	0.05894067178691215	1.0104188359093864	NO	P01116
157	Y	157	28.06	10.856	-5.088	-0.95	0.857142857142857	0	0	0.22044422357440518	0.05039604678889893	0.21940366304600514	0.24294201604946594	NO	P01116
158	T	158	25.198	12.284	-7.124	-0.65	0.862155388471178	1	0	0	4.231509318519415e-4	1.1501324748418722	1.2222703081951454	NO	P01116
159	L	159	23.729	13.785	-3.96	0.55	0.894554883318928	0	0	0.1890008425258383	0.026182227172902892	0.599019240364894	1.0599070827535382	NO	P01116
160	V	160	27.076	15.447	-3.189	0.85	0.966292134831461	1	0	0.30220834202581537	0.0705494988815442	0.002029941426559293	0.17981880103862666	NO	P01116
161	R	161	27.072	16.899	-6.702	0.85	0.966292134831461	0	0	0	0.0028210062123462843	0.6527153087754323	0.37269529134952456	NO	P01116
162	E	162	23.532	18.206	-6.094	-0.65	0.967105263157895	0	0	0	1.9448156035769057e-5	1.063434717936667	0.1348142866327506	NO	P01116
163	I	163	24.634	19.861	-2.859	1.15	0.967105263157895	0	0	0.22044422357440518	0.05039604678889893	0.48526654299038674	0.19223383949542003	NO	P01116
164	R	164	27.517	21.528	-4.698	0.85	0.991902834008097	1	0	0.24496520117381054	0.12858856022751303	0.4120468352601173	-0.18580793711594473	NO	P01116
170	K	169	23.169	28.58	-6.916	-0.65	0.895522388059701	1	0	0	0.03987308302485456	1.5299213222213488	-1.1497431388378285	NO	P01116
172	S	171	25.625	32.477	-3.707	-0.65	0.862745098039216	1	0	0	0.09201480698043364	1.8723387145329367	-2.196419559591634	NO	P01116
173	K	172	24.358	33.76	-7.058	-0.95	0.881644223954642	0	0	0	0.20788530465949814	1.7879023258319322	-3.195519779402084	NO	P01116
176	K	175	17.833	37.818	-7.276	-0.65	0.916666666666666	0	0	0	0.20788530465949814	1.7879023258319322	-3.195519779402084	NO	P01116
