Uniprot_position	aminoacid	Position_in_structure	x	y	z	paraz	mtr	gscount	pscount	OR	pvalue	mtr3dscore	paraz3dscore	HotSpot3D	Uniprot
40	L	40	-52.538	-4.671	-58.341	-0.63	0.498999142121819	1	0	1.0707042721514148	1	-0.172956604230582	-0.49923815056194903	NO	Q02750
41	E	41	-55.17	-2.322	-56.829	-0.89	0.499425947187141	0	0	2.6392797392085217	0.23538854159191724	-0.9690609373805337	-1.1311977419155272	NO	Q02750
42	L	42	-58.723	-3.684	-56.865	0.41	0.499855949294152	0	1	4.0028816865173	0.17990883366708202	-0.7443171229751746	-1.8618046841145421	NO	Q02750
43	D	43	-60.617	-5.717	-54.255	-0.63	0.501735106998265	0	0	3.3958329495214996	0.12398231709145602	-0.7282892997486285	-1.6783822661363086	NO	Q02750
44	E	44	-63.729	-4.715	-52.289	-0.63	0.462814339218834	1	0	2.92107927503025	0.34004331329763465	-0.6572467743709928	-1.8500342615704843	NO	Q02750
45	Q	45	-62.564	-7.163	-49.579	-0.63	0.431960049937578	0	0	5.151500838939206	0.04907658759927775	-0.8362145196894867	-2.0311176853252193	NO	Q02750
46	Q	46	-58.891	-5.981	-49.527	-0.63	0.428748451053284	0	1	4.688124614006797	0.008147479742378465	-0.9806897511289681	-1.6982577603444762	NO	Q02750
47	R	47	-60.13	-2.411	-49.074	-0.11	0.425584255842558	0	0	4.427419011342256	0.022433703227456976	-0.9329255707448534	-1.9988954878629799	NO	Q02750
48	K	48	-62.669	-3.409	-46.36	-0.11	0.463903743315508	0	0	5.9777402507972095	0.014842892238961208	-0.9667343209423541	-2.2583207935674885	NO	Q02750
49	R	49	-60.175	-5.416	-44.258	-0.63	0.460872460872461	1	1	8.634093486094898	5.797178359805679e-5	-1.2568825769260037	-2.1737208815320734	NO	Q02750
50	L	50	-57.527	-2.637	-44.435	0.67	0.461229946524064	0	0	10.934749660079166	1.8879491055681554e-5	-1.1730487502697389	-1.6546452473391253	NO	Q02750
51	E	51	-60.279	-0.179	-43.562	-1.41	0.422466422466423	0	0	8.683298117266776	1.7106320254094224e-4	-1.224040813121712	-2.447847827623945	NO	Q02750
52	A	52	-61.447	-2.424	-40.678	-1.41	0.345388188453882	0	0	17.78950848609796	1.3150430818720997e-5	-1.2900709588151131	-2.703389896014673	NO	Q02750
53	F	53	-57.829	-2.63	-39.476	-1.41	0.377454545454545	0	2	11.023109536118186	1.6549583351351492e-6	-1.1735086908349628	-1.8522139694490136	NO	Q02750
54	L	54	-57.555	1.203	-39.407	-1.41	0.37992700729927	0	0	15.218775402097831	4.858773703103623e-7	-1.329409085345834	-1.9653844025022507	NO	Q02750
55	T	55	-60.858	1.257	-37.419	-1.41	0.382417582417582	0	1	15.764705153918786	4.2523127133233106e-5	-1.4216162100212841	-2.7985918430621997	NO	Q02750
56	Q	56	-59.472	-1.328	-34.943	-1.41	0.285130718954248	0	1	7.70544576091393	2.66465472744514e-4	-1.0482558486694882	-1.6287503177421983	NO	Q02750
57	K	57	-56.286	0.764	-34.884	-1.41	0.2870028700287	0	3	7.935282306975535	7.178372115364052e-5	-1.1297614856324945	-1.210254842643473	NO	Q02750
58	Q	58	-57.019	4.025	-33.109	-1.41	0.319343065693431	0	0	15.764705153918786	4.2523127133233106e-5	-1.572987071314599	-2.3797032760530845	NO	Q02750
59	K	59	-59.144	2.101	-30.501	-1.41	0.321428571428571	0	0	13.896764329148343	1.3215181188723052e-4	-1.4234384270608869	-2.0560166560914954	NO	Q02750
60	V	60	-55.776	1.321	-28.882	-1.41	0.184873949579832	0	1	9.760110853036432	5.815882805998205e-5	-1.3929418974640386	-1.0849567962067288	NO	Q02750
61	G	61	-55.267	5.074	-28.346	-1.41	0.184196755625327	0	0	13.896764329148343	1.3215181188723052e-4	-1.6600313267150133	-1.6675927121375889	NO	Q02750
62	E	62	-51.864	5.573	-26.749	0.41	0.185399159663866	0	0	9.070314847787838	0.0031141765271903493	-1.8939945823608115	-0.7612701762451399	NO	Q02750
63	L	63	-49.868	2.445	-25.998	0.15	0.161040145985401	0	0	2.8253882343673653	0.08432010714588921	-1.433628389912067	-0.7090626568964965	NO	Q02750
64	K	64	-48.245	2.048	-22.559	-0.11	0.143264143264143	0	0	1.955019162323335	0.44555108333668025	-1.6960428418168993	-0.3566619012931539	NO	Q02750
65	D	65	-46.186	-0.845	-21.108	-0.63	0	0	0	1.1259379745293023	0.9999999999999999	-1.3794086817783826	-0.4375835562835511	NO	Q02750
66	D	66	-48.855	-1.517	-18.492	0.41	0	0	0	1.8990388105641403	0.6099360478594976	-1.985070819832921	-0.7803105656546453	NO	Q02750
67	D	67	-51.551	-2.029	-21.164	1.45	0	0	2	1.955019162323335	0.44555108333668025	-1.602426494381945	-0.6965328522528222	NO	Q02750
68	F	68	-50.107	-5.367	-22.318	0.67	0	0	0	1.955019162323335	0.44555108333668025	-1.5206009175013837	-0.41446308342915195	NO	Q02750
69	E	69	-50.508	-8.873	-20.929	-0.63	0.185610010427529	0	0	1.4266883223679023	0.6929206000018536	-1.5148795056640179	-0.38129023107284005	NO	Q02750
70	K	70	-47.853	-11.222	-22.397	-0.89	0.162408759124088	0	0	1.2520342791119552	0.9999999999999999	-1.3519292439642916	-0.04353027980857341	NO	Q02750
71	I	71	-49.865	-14.288	-23.594	-0.11	0.185610010427529	0	0	0.4530404917625599	0.6552465069465255	-0.9947890544281951	-0.3081089082989156	NO	Q02750
72	S	72	-47.047	-16.358	-25.155	-0.37	0.1875	0	0	0	0.2948843942075532	-1.0562955476456661	0.005356028927044138	NO	Q02750
73	E	73	-43.809	-16.09	-27.153	0.41	0.291666666666667	0	0	0	0.2948843942075532	-0.8113524782863336	0.11730779222202976	NO	Q02750
74	L	74	-43.861	-16.157	-31.047	0.93	0.392307692307692	0	0	0	0.1597107169312019	-0.5964683758334451	0.32539204791162263	NO	Q02750
75	G	75	-40.308	-16.272	-32.435	1.45	0.435897435897436	0	0	0	0.1597107169312019	-0.4424762008519783	0.5223146960163332	NO	Q02750
76	A	76	-36.963	-14.397	-32.743	-0.63	0.434676434676435	0	0	0.9292266383018246	0.9999999999999999	-0.36336343402884463	0.768884754482371	NO	Q02750
77	G	77	-34.709	-12.683	-35.272	1.45	0.355644355644356	0	0	18.78950848609796	0.1199314677327242	-0.7275926567998461	1.5304310930829093	NO	Q02750
78	N	78	-31.542	-10.595	-35.081	0.41	0.405336361055918	0	0	18.78950848609796	0.1199314677327242	-0.8476561016641716	1.2660302329879691	NO	Q02750
79	G	79	-33.867	-7.764	-34.002	0.15	0.406471757025263	0	0	4.0028816865173	0.17990883366708202	-0.8555806280630495	1.0969307902010184	NO	Q02750
80	G	80	-35.628	-8.751	-30.802	1.45	0.406108597285068	0	0	1.926183112121202	0.419125543132758	-0.726661185682903	0.7575670404977002	NO	Q02750
81	V	81	-37.98	-11.271	-29.322	-0.11	0.473115445440169	0	0	0.9271433363697349	1	-0.6387350067661357	0.5756962975092489	NO	Q02750
82	V	82	-41.666	-11.167	-30.209	1.45	0.505776275007044	0	0	0.24749785657993034	0.2556574067505252	-0.6312902861212133	0.5905974718297313	NO	Q02750
83	F	83	-44.586	-12.074	-27.905	-0.37	0.507185122569738	0	0	0.18637031606352616	0.15910875739749333	-0.7256604507265497	0.35140257987282175	NO	Q02750
84	K	84	-48.274	-12.519	-28.505	1.45	0.502097902097902	1	0	0.24749785657993034	0.2556574067505252	-0.7327632559598274	0.1874664684698619	NO	Q02750
85	V	85	-49.931	-10.086	-26.127	0.41	0.505334081976418	0	0	0.7810590575942428	1	-1.0852580770214122	0.1471406604212546	NO	Q02750
86	S	86	-53.396	-8.976	-25.088	-0.89	0.509049773755656	0	0	1.2677698210960715	0.7367972731898788	-1.283905505154349	-0.2757402463027567	NO	Q02750
87	H	87	-54.065	-5.25	-25.023	0.41	0.510928186204939	0	0	3.2544048020122607	0.04844575715594347	-1.462019817391259	-0.6337572653511807	NO	Q02750
88	K	88	-56.453	-4.475	-22.189	-0.63	0.516647531572905	0	0	4.0028816865173	0.17990883366708202	-1.91428753981148	-0.9160768205745955	NO	Q02750
89	P	89	-57.786	-0.976	-23.225	-0.37	0.516647531572905	1	0	9.070314847787838	0.0031141765271903493	-2.004233359706932	-1.438069472528462	NO	Q02750
90	S	90	-59.329	-2.615	-26.283	0.93	0.479744136460554	0	0	10.563498659036652	0.0011320036912846356	-1.535151402722964	-1.4410120781644764	NO	Q02750
91	G	91	-59.133	-6.41	-25.891	1.45	0.481076759061834	0	0	9.070314847787838	0.0031141765271903493	-1.3096002250030225	-1.0468760173877183	NO	Q02750
92	L	92	-56.934	-6.709	-28.976	-0.63	0.449004975124378	0	1	4.217371652934647	0.007009343997698593	-1.1346961678672185	-0.7828492842425792	NO	Q02750
93	V	93	-54.502	-9.562	-29.552	0.93	0.556730557391496	1	0	2.805226276480938	0.05772665596239634	-1.0120336602278592	-0.3512671242937941	NO	Q02750
94	M	94	-51.173	-8.265	-30.748	0.93	0.591526217228465	0	0	3.1818682147977344	0.022061982209230297	-1.072001528030426	0.11268369765114998	YES	Q02750
95	A	95	-47.685	-9.218	-31.742	1.45	0.630961298377029	0	0	0.9200850679141405	1	-0.8556378791304216	0.47821273433948086	NO	Q02750
96	R	96	-45.22	-7.062	-29.8	-0.37	0.587686567164179	1	0	2.4351737519972785	0.10187778224794014	-1.0086077202842485	0.44519813452078216	NO	Q02750
97	K	97	-41.602	-6.89	-30.866	1.45	0.587686567164179	0	0	1.7049170820693318	0.36956284681366197	-0.6849796446817279	0.9057159165570428	NO	Q02750
98	L	98	-39.162	-5.795	-28.194	-0.37	0.589887640449438	0	0	1.2677698210960715	0.7367972731898788	-0.6587473687808494	0.3971872004594939	NO	Q02750
99	I	99	-35.935	-4.135	-29.19	0.93	0.589887640449438	0	1	2.5155229099855343	0.27110971741041523	-0.5228449583521373	0.49301547610601676	NO	Q02750
100	H	100	-33.498	-3.956	-26.301	-0.37	0.535820895522388	0	0	2.6392797392085217	0.23538854159191724	-0.362859336692235	0.35691996544034876	NO	Q02750
101	L	101	-31.286	-1.002	-27.348	-0.63	0.614240777809551	0	0	3.3958329495214996	0.12398231709145602	-0.36173690016735055	0.17896238650042764	NO	Q02750
102	E	102	-30.918	2.028	-25.032	0.15	0.609707635537894	0	1	2.5155229099855343	0.27110971741041523	-0.05865856542756521	-0.4375835562835511	NO	Q02750
103	I	103	-31.38	5.527	-26.494	0.41	0.609707635537894	0	0	2.5155229099855343	0.27110971741041523	-0.06342712978521559	-0.2610272181226844	NO	Q02750
104	K	104	-30.163	8.791	-24.881	-0.11	0.5545229244114	0	0	1.926183112121202	0.419125543132758	0.2394776167715122	-0.5300654477011479	NO	Q02750
105	P	105	-33.468	10.499	-23.791	-1.15	0.484396200814111	0	0	1.4266883223679023	0.6929206000018536	0.15030870353246734	-0.3566619012931539	NO	Q02750
106	A	106	-32.534	13.555	-25.895	-0.63	0.482595471443055	1	0	1.2520342791119552	0.9999999999999999	0.060220153506000636	-0.38778561475099893	NO	Q02750
107	I	107	-33.045	12.04	-29.38	-0.11	0.552973977695167	0	0	1.926183112121202	0.419125543132758	-0.29854465110559764	-0.028716246858386155	NO	Q02750
108	R	108	-35.63	9.414	-28.266	0.41	0.729315628192033	2	0	1.955019162323335	0.44555108333668025	-0.21609367664978238	-0.07505454192657163	NO	Q02750
109	N	109	-38.94	10.986	-29.313	0.15	0.667910447761194	0	0	0.4530404917625599	0.6552465069465255	-0.10391973454716195	-0.016790950333485554	NO	Q02750
110	Q	110	-37.283	11.92	-32.637	0.67	0.664179104477612	0	0	1.2520342791119552	0.9999999999999999	-0.36366321629008946	0.29422967145569334	NO	Q02750
111	I	111	-36.203	8.312	-33.385	1.19	0.603799185888738	0	1	1.955019162323335	0.44555108333668025	-0.5341680821005498	0.37685374555528545	NO	Q02750
112	I	112	-39.723	6.983	-32.494	0.93	0.53134328358209	0	0	2.430955570454941	0.21131425081850827	-0.3750007538037177	0.3214057594884504	NO	Q02750
113	R	113	-41.453	9.535	-34.805	-0.37	0.477692049647769	0	0	4.0028816865173	0.17990883366708202	-0.25428498188364823	0.5658449655973745	NO	Q02750
114	E	114	-39.141	8.399	-37.622	0.93	0.475008386447501	0	0	4.201169634203201	0.0624155666383129	-0.5858157926076745	0.5464237683996791	NO	Q02750
115	L	115	-39.958	4.771	-36.785	1.45	0.546296296296296	0	0	4.427419011342256	0.022433703227456976	-0.6432887215043422	0.9160150362830932	YES	Q02750
116	Q	116	-43.643	5.59	-36.774	0.41	0.542279411764706	0	0	6.960465134820728	0.003343993667585213	-0.575675143373794	0.8092093502351616	YES	Q02750
117	V	117	-43.561	7.384	-40.133	0.93	0.466123949579832	0	0	7.676792672730696	0.008199475113100192	-0.7162431052579338	0.2714442779180246	YES	Q02750
118	L	118	-41.616	4.395	-41.529	0.93	0.466123949579832	0	0	4.427419011342256	0.022433703227456976	-0.896088735790436	0.8787420315602437	YES	Q02750
119	H	119	-43.901	1.71	-40.084	0.15	0.462721584984359	0	2	3.8526753833462584	0.020404770005087242	-0.9393639540019048	0.8952437023818149	YES	Q02750
120	E	120	-47.392	3.281	-40.851	-0.37	0.43030303030303	0	1	4.991693596286662	0.00512069594591375	-0.9342050496807301	0.27675932914892093	YES	Q02750
121	C	121	-47.936	1.44	-44.109	-0.89	0.431873479318735	0	1	6.8554676268395465	6.351774862151479e-4	-1.1650935367823334	0.30787653817344146	YES	Q02750
122	N	122	-51.266	0.518	-45.574	0.67	0.377237851662404	1	1	15.218775402097831	4.858773703103623e-7	-1.2519013924225602	-0.7054621383207281	NO	Q02750
123	S	123	-50.936	-2.587	-47.741	0.41	0.399055755395684	1	0	10.934749660079166	1.8879491055681554e-5	-1.2064785984847228	-0.4555661462814172	NO	Q02750
124	P	124	-52.565	-5.913	-47.539	-0.37	0.272867420349435	0	2	6.8554676268395465	6.351774862151479e-4	-1.140367905682669	-0.17199453477660642	NO	Q02750
125	Y	125	-49.053	-7.331	-48.245	0.93	0.272657450076805	0	0	2.8253882343673653	0.08432010714588921	-1.209416350274241	0.6016208551720765	NO	Q02750
126	I	126	-47.427	-5.699	-45.204	0.15	0.335697399527187	0	0	4.400093331635358	0.010254128707266826	-1.185454826351477	0.8912351993482348	YES	Q02750
127	V	127	-48.442	-6.683	-41.665	0.93	0.357142857142857	0	0	3.585378165561031	0.008199277482122446	-0.9755872326246677	0.7924255995704866	YES	Q02750
128	G	128	-50.584	-4.053	-39.941	0.15	0.358662613981763	0	1	7.0343865262429945	4.3855793234691114e-5	-1.019125260749811	-0.04575238475110144	NO	Q02750
129	F	129	-48.922	-1.526	-37.607	0.67	0.357395254921757	0	1	7.202165516656361	4.148079002973891e-5	-0.8707348892946677	0.073500580497905	YES	Q02750
130	Y	130	-50.516	-0.515	-34.284	0.93	0.419928825622776	1	2	7.202165516656361	4.148079002973891e-5	-0.9758777567148109	-0.6300458708553066	NO	Q02750
131	G	131	-47.855	1.755	-32.88	1.45	0.424133811230585	0	0	6.074504819285275	0.0015163238300293324	-0.9382591577974119	-0.10514864929597337	NO	Q02750
132	A	132	-44.461	2.118	-31.263	0.41	0.447478991596639	0	0	3.2043836369796592	0.031609737975209454	-0.7555744002293682	0.29497037310320273	YES	Q02750
133	F	133	-43.222	3.385	-27.863	0.67	0.446218487394958	0	0	2.0534260302901304	0.2354908266762724	-0.7713656301753896	0.4727850623584176	NO	Q02750
134	Y	134	-40.241	3.329	-25.514	0.41	0.493428912783752	0	0	1.5431581803308578	0.7160862389490823	-0.4108070791840071	0.019385789544574292	NO	Q02750
135	S	135	-40.517	2.109	-21.965	-0.63	0.527712890210236	1	0	1.9857105099421921	0.3134393673853636	-0.8004786630713439	-0.23042411950813427	NO	Q02750
136	D	136	-37.773	0.747	-19.716	0.41	0.522454142947502	0	0	5.891456406963799	0.12152263770066327	-0.7589089617356625	-0.6893398162536758	NO	Q02750
137	G	137	-34.751	0.788	-22.078	0.41	0.522454142947502	0	0	1.926183112121202	0.419125543132758	-0.2699218426177065	-0.6893398162536758	NO	Q02750
138	E	138	-36.896	-0.877	-24.79	0.41	0.475806451612903	0	1	1.2677698210960715	0.7367972731898788	-0.459341887765436	-0.1832583548851598	NO	Q02750
139	I	139	-38.534	0.012	-28.132	0.67	0.421744324970131	0	0	2.018442501365028	0.33469942812118125	-0.5144011214267762	0.40225199821138213	NO	Q02750
140	S	140	-41.801	-1.858	-28.546	-0.11	0.453842186694172	0	0	2.018442501365028	0.33469942812118125	-0.7033794397079294	0.4823678899230699	NO	Q02750
141	I	141	-43.194	-2.164	-32.066	1.45	0.45513151108819	2	0	3.2544048020122607	0.04844575715594347	-0.7337824207267901	0.6806065854019379	YES	Q02750
142	C	142	-46.804	-3.398	-31.893	0.93	0.549689440993789	0	0	5.169691158803119	0.0010074078149193363	-0.9722580922066348	0.44519813452078216	YES	Q02750
143	M	143	-48.344	-5.366	-34.805	0.41	0.55012987012987	1	0	5.060613700710149	7.344577670844178e-4	-0.7666561455652343	0.12886802864922944	YES	Q02750
144	E	144	-51.266	-7.371	-36.135	1.45	0.546583850931677	0	0	2.564735558213365	0.053999895422229695	-0.7207625052212017	0.27618693901636276	NO	Q02750
145	H	145	-50.766	-10.988	-35.018	-0.11	0.544610624033007	1	0	1.3800714440231572	0.6152213226510231	-0.808695130514482	0.39475346647482024	NO	Q02750
146	M	146	-50.244	-13.41	-37.843	1.45	0.490523968784838	0	0	0.7147559288982069	0.7657467019856687	-0.8099056755387665	0.8032151535692063	NO	Q02750
147	D	147	-51.526	-16.68	-36.482	-0.11	0.492700729927007	1	0	0.2724589859232683	0.12999176267950324	0.03822845369222882	0.1173077922220299	NO	Q02750
148	G	148	-49.61	-18.626	-39.072	-1.41	0.578512396694215	0	0	0.3024145324229522	0.13348707246023608	0.2887589430378124	-0.07015550119201776	NO	Q02750
149	G	149	-46.202	-17.398	-37.949	0.41	0.53030303030303	1	0	0.33833063280161874	0.2075817034693367	-0.10871707539640293	0.36392616933562133	NO	Q02750
150	S	150	-43.312	-17.183	-40.352	0.41	0.587412587412588	0	0	0.3821793439327598	0.3210524900880852	-0.33434256293438647	0.8221697754588487	NO	Q02750
151	L	151	-42.331	-19.294	-43.337	0.15	0.63768115942029	0	0	0	0.007574925173973594	0.09695180229803745	0.6413718435884119	NO	Q02750
152	D	152	-39.071	-20.658	-41.829	0.93	0.695652173913044	0	0	0	0.09296828415230077	0.2661353915121934	0.38634602180049327	NO	Q02750
153	Q	153	-41.429	-21.88	-39.024	-0.37	0.85024154589372	0	0	0	0.09296828415230077	0.2429955859499361	0.06360862946342528	NO	Q02750
154	V	154	-44.016	-23.3	-41.488	0.15	0.853333333333333	0	0	0	0.007574925173973594	0.525040444711963	-0.11389693632196217	NO	Q02750
155	L	155	-41.05	-24.826	-43.383	-0.37	0.767391304347826	0	0	0	0.007574925173973594	0.652690574213661	0.26527881849018486	NO	Q02750
156	K	156	-40.026	-26.791	-40.236	0.93	0.772992700729927	0	0	0	0.09296828415230077	0.9367603450675358	-0.15611693022999548	NO	Q02750
157	K	157	-43.542	-28.247	-39.9	-1.15	0.651291512915129	1	0	0	0.09296828415230077	1.300089264923317	-1.0568101336013733	NO	Q02750
158	A	158	-43.939	-29.035	-43.655	-1.41	0.651291512915129	0	0	0	0.013626311577893369	1.2772693135601372	-0.5152683450743324	NO	Q02750
159	G	159	-40.444	-30.213	-44.548	-1.41	0.711111111111111	0	0	0	0.09296828415230077	1.2121313057581478	-0.37873144356326216	NO	Q02750
160	R	160	-41.149	-28.888	-48.047	-1.41	0.716417910447761	0	0	0.21312762140749741	0.1559741829750199	1.0015131500391619	-0.10273532873707983	NO	Q02750
161	I	161	-43.666	-26.361	-49.263	0.93	0.599250936329588	0	0	0.21312762140749741	0.1559741829750199	0.8474581772405451	0.3430724095061633	NO	Q02750
162	P	162	-45.391	-27.379	-52.51	1.45	0.597548518896834	0	0	0.21312762140749741	0.1559741829750199	0.9317351878834897	0.27243870685799876	NO	Q02750
163	E	163	-45.167	-25.347	-55.786	1.45	0.584269662921348	0	0	0.24749785657993034	0.2556574067505252	0.91795232747431	0.44519813452078216	NO	Q02750
164	Q	164	-48.738	-23.946	-55.79	-0.37	0.586466165413534	0	1	0.2932713672377868	0.416711615876537	1.123842446037055	0.29332171459745604	NO	Q02750
165	I	165	-48.322	-22.586	-52.251	0.93	0.43984962406015	1	0	0.6729269391580608	0.7431650810965752	0.7902575857902023	0.22682582153234188	NO	Q02750
166	L	166	-44.953	-21.025	-53.192	1.45	0.441509433962264	0	0	0.14740991886018856	0.05268742149399644	0.6351666896109404	0.7852325635713401	NO	Q02750
167	G	167	-46.741	-19.523	-56.214	1.45	0.441509433962264	0	0	0.21312762140749741	0.1559741829750199	0.9242822123358496	0.7030264378668099	NO	Q02750
168	K	168	-49.071	-17.617	-53.906	0.41	0.397358490566038	0	0	0.7810590575942428	1	0.3959820101766207	0.5422245906272044	NO	Q02750
169	V	169	-46.16	-16.648	-51.58	0.67	0.479835953520164	0	0	0.7810590575942428	1	-0.17648603252593983	1.245586867516711	NO	Q02750
170	S	170	-44.252	-15.481	-54.68	0.41	0.476255088195387	0	0	0.24749785657993034	0.2556574067505252	0.3100021418995862	1.2841537839376662	NO	Q02750
171	I	171	-47.245	-13.241	-55.63	0.93	0.476255088195387	0	0	0.6729269391580608	0.7431650810965752	0.2863533964651876	0.41422333835220904	NO	Q02750
172	A	172	-47.685	-11.641	-52.186	0.67	0.471380471380471	0	0	1.2677698210960715	0.7367972731898788	-0.663096149365229	0.7492673835756082	NO	Q02750
173	V	173	-43.944	-10.934	-51.885	0.15	0.391791044776119	0	0	1.955019162323335	0.44555108333668025	-0.5469226775274185	1.377876181761882	NO	Q02750
174	I	174	-43.777	-9.347	-55.344	0.93	0.3585291113381	1	0	0	0.013626311577893369	0.20138339418840417	0.8130238390225877	NO	Q02750
175	K	175	-46.929	-7.343	-54.517	0.93	0.391449814126394	0	0	0.6008091022357815	0.7099805666684174	-0.26138000686568297	0.28825916726667855	NO	Q02750
176	G	176	-45.363	-6.372	-51.2	1.19	0.388560885608856	0	0	2.4564151535034804	0.18599669494279025	-0.8895701007714687	0.7030264378668099	NO	Q02750
177	L	177	-42.006	-5.133	-52.62	1.45	0.392565055762082	0	0	0.6729269391580608	0.7431650810965752	-0.36789995096495276	0.6557579155867047	NO	Q02750
178	T	178	-43.819	-3.154	-55.345	-0.63	0.395149253731343	0	0	0	0.02523638364354993	-0.17700376868431258	0.11458773659210052	NO	Q02750
179	Y	179	-45.811	-1.22	-52.73	0.67	0.392222222222222	0	0	1.5431581803308578	0.7160862389490823	-1.0425455272442385	0.0941873193676307	NO	Q02750
180	L	180	-42.594	-0.378	-50.886	1.45	0.391881918819188	0	0	3.748045502139855	0.046922195146492776	-0.90110067351788	0.5982136275935331	YES	Q02750
181	R	181	-41.003	0.778	-54.215	0.15	0.29110291102911	0	0	0	0.1597107169312019	-0.25398021290838163	0.371632993620421	NO	Q02750
182	E	182	-44.083	3.043	-54.661	0.15	0.262962962962963	0	0	1.2520342791119552	0.9999999999999999	-0.9236693656069321	-0.018694989274436087	NO	Q02750
183	K	183	-43.426	4.396	-51.11	-1.15	0.301447629860914	0	0	3.3958329495214996	0.12398231709145602	-1.166396222042183	0.17742102164346782	NO	Q02750
184	H	184	-39.582	4.535	-50.977	-0.11	0.374275171323142	1	0	1.8734413973280246	1	-0.805628317768354	0.44829561413763963	NO	Q02750
185	K	185	-39.459	2.316	-47.91	-0.37	0.374275171323142	0	0	8.077993360207323	0.04938959915409014	-0.8867765616430606	0.6346283723392119	YES	Q02750
186	I	186	-37.493	-0.391	-49.726	0.93	0.438271604938272	0	0	4.0028816865173	0.17990883366708202	-0.6644796059184651	0.6413718435884119	NO	Q02750
187	M	187	-34.023	0.298	-48.35	0.93	0.409007352941176	0	0	1.2520342791119552	0.9999999999999999	-0.5947439286078645	0.7276882755781688	NO	Q02750
188	H	188	-35.113	-1.016	-44.963	1.45	0.432727272727273	0	0	5.151500838939206	0.04907658759927775	-0.8106048022347266	1.1269017735307951	YES	Q02750
189	R	189	-36.63	-4.314	-46.151	1.45	0.432367149758454	0	0	4.0028816865173	0.17990883366708202	-0.6942038429704908	1.213218205520552	NO	Q02750
190	D	190	-34.912	-7.605	-46.816	1.45	0.345893719806763	0	0	3.8278144070587237	0.2790484645266353	-0.48923403462219833	1.5584839334795804	NO	Q02750
191	V	191	-36.547	-10.894	-47.78	0.93	0.348418491484185	0	0	0.9292266383018246	0.9999999999999999	-0.3213599014207806	1.8045383966211135	NO	Q02750
192	K	192	-36.082	-14.256	-46.168	1.45	0.371948051948052	0	0	0.9292266383018246	0.9999999999999999	-0.06031805979118174	1.6758996681715292	NO	Q02750
193	P	193	-38.326	-17	-44.942	1.45	0.347151515151515	0	0	0	0.08882247121669001	-0.01113016578555032	1.423614508495585	NO	Q02750
194	S	194	-38.47	-15.577	-41.398	1.45	0.344927536231884	0	0	0	0.2948843942075532	-0.32855134403510816	1.2102755998845376	NO	Q02750
195	N	195	-39.767	-12.2	-42.748	1.45	0.346181818181818	0	0	0	0.5408338092518563	-0.7141618903639312	1.5211354773301662	NO	Q02750
196	I	196	-42.778	-13.637	-44.529	0.67	0.371948051948052	0	0	0.7315487860716473	1	-0.6022563647843907	1.245586867516711	NO	Q02750
197	L	197	-45.724	-14.091	-42.234	1.45	0.344645006016847	0	0	1.187462643900298	0.764700928333819	-0.719486801518241	0.768884754482371	NO	Q02750
198	V	198	-48.866	-16.027	-43.026	0.93	0.343405275779376	1	0	0.8072145852687461	1	-0.3698723462209304	0.6012246659187575	NO	Q02750
199	N	199	-52.288	-16.484	-41.444	0.67	0.364006100660905	1	0	0.4369320706932837	0.4876176424802967	-0.030249381279289944	0.2704809248824246	NO	Q02750
200	S	200	-55.307	-18.716	-41.255	-0.63	0.295647413085136	0	0	0.3024145324229522	0.13348707246023608	0.4654530488172628	-0.6118763516474836	NO	Q02750
201	R	201	-57.333	-16.407	-43.467	-0.89	0.271629778672032	1	0	0.6729269391580608	0.7431650810965752	0.02870192340224097	-0.20217510540239558	NO	Q02750
202	G	202	-54.936	-17.338	-46.254	1.45	0.339222614840989	0	0	1.0707042721514148	1	-0.08522690734625787	0.13785932364816247	NO	Q02750
203	E	203	-53.022	-14.044	-46.238	-0.37	0.338967136150235	0	2	1.0180118269650502	1	-0.5439431167140473	0.17479653553567112	NO	Q02750
204	I	204	-49.291	-13.637	-46.7	0.93	0.341107184923439	0	0	1.0390076178927967	1	-0.8712235239180512	0.746635785039335	NO	Q02750
205	K	205	-47.376	-10.464	-45.766	1.45	0.368073207930859	0	0	1.2856018535536495	0.7710108210421704	-1.1048560849459563	0.9474940733195267	NO	Q02750
206	L	206	-43.855	-9.144	-45.423	0.93	0.345714285714286	0	0	2.4564151535034804	0.18599669494279025	-1.081553525699719	1.321582856551171	NO	Q02750
207	C	207	-43.207	-8.043	-41.85	1.45	0.345714285714286	0	0	2.4260098926727784	0.1433929580508789	-1.015930873576988	1.518922235484275	NO	Q02750
208	D	208	-41.99	-5.231	-39.674	1.45	0.349458483754513	0	0	3.3444823264138135	0.039787780733480875	-0.8993118862040654	1.3497295191565266	YES	Q02750
209	F	209	-38.773	-3.334	-40.458	1.45	0.350060606060606	0	0	6.960465134820728	0.003343993667585213	-0.9704984333508055	1.3782194337448743	YES	Q02750
210	G	210	-35.37	-4.209	-39.049	1.45	0.347242206235012	0	0	3.3958329495214996	0.12398231709145602	-0.9670956811289573	1.524153534392745	NO	Q02750
211	V	211	-35.13	-1.262	-36.647	0.93	0.375064935064935	0	1	5.059828161828851	0.030577306864259475	-0.8036621744659853	1.2887450835115895	YES	Q02750
212	S	212	-31.359	-1.953	-36.558	1.45	0.375064935064935	0	0	8.077993360207323	0.04938959915409014	-0.9348375754269564	1.1538756585275942	YES	Q02750
213	G	213	-30.974	-0.307	-39.962	0.41	0.403916083916084	0	0	3.8278144070587237	0.2790484645266353	-1.0282409566857849	1.1538756585275942	NO	Q02750
214	Q	214	-32.897	2.836	-39.132	0.15	0.392727272727273	0	0	10.39975080011924	0.019027478337292812	-0.8486992445155468	0.9824609699995486	YES	Q02750
215	L	215	-30.64	3.321	-36.046	1.45	0.290909090909091	0	1	3.3958329495214996	0.12398231709145602	-0.6851988838913007	0.9051164968904472	NO	Q02750
216	I	216	-27.406	2.52	-37.9	0.93	0.357332448573324	0	0	5.891456406963799	0.12152263770066327	-1.0466279366172475	0.5144359141917103	NO	Q02750
217	D	217	-28.472	5.218	-40.433	0.67	0.292226292226292	1	0	5.891456406963799	0.12152263770066327	-0.9661973582527843	0.8571629235628045	NO	Q02750
219	M	219	-25.882	7.411	-36.132	-0.11	0.32518115942029	0	0	3.8278144070587237	0.2790484645266353	-1.0809095322351463	0.6054066635926797	NO	Q02750
220	A	220	-23.981	7.404	-39.414	1.45	0.325729927007299	0	0	1.8734413973280246	1	-1.088828324616732	0.5525166930107207	NO	Q02750
221	N	221	-25.516	10.722	-40.534	0.15	0.372262773722628	0	0	1.8734413973280246	1	-1.1816394514025788	0.8976237510580031	NO	Q02750
223	F	223	-29.676	12.724	-37.193	-0.37	0.323636363636364	0	0	0.9271433363697349	1	-0.8235649925179993	0.5334763036012157	NO	Q02750
224	V	224	-30.688	16.162	-35.691	0.67	0.372899159663866	0	0	0.6122269466129886	1	-0.5469586750441672	0.16932885614442802	NO	Q02750
225	G	225	-30.101	18.294	-38.829	1.45	0.371533228676086	0	0	0	1	-0.8269061104825247	0.15093757091933774	NO	Q02750
226	T	226	-31.428	15.568	-41.104	0.67	0.37257980115123	0	0	1.8734413973280246	1	-0.9205413453682013	0.7184400864364093	NO	Q02750
227	R	227	-28.447	15.636	-43.367	-0.37	0.430656934306569	0	0	0	1	-1.1602805690749902	0.6953196135820099	NO	Q02750
228	S	228	-26.446	12.929	-45.071	0.15	0.516363636363637	0	0	0	0.5408338092518563	-0.9156236448805299	1.0594670610387975	NO	Q02750
229	Y	229	-23.18	13.265	-46.968	1.45	0.514492753623189	0	0	0	0.5408338092518563	-0.8015130247977305	1.3319032995064681	NO	Q02750
230	M	230	-23.075	9.754	-48.416	1.45	0.518681318681319	0	0	0	0.5408338092518563	-0.5215792297663194	0.900321139557683	NO	Q02750
231	S	231	-22.824	9.081	-52.171	0.67	0.520588235294118	1	0	0	1	-0.1785704754835553	1.09257137444396	NO	Q02750
232	P	232	-25.765	7.418	-53.878	1.45	0.57843137254902	0	0	0	1	-0.1515018962294104	0.749267383575608	NO	Q02750
233	E	233	-23.469	4.418	-54.669	1.45	0.493494423791822	0	0	0	1	-0.14515604113177213	0.8571629235628042	NO	Q02750
234	R	234	-22.483	3.984	-51.015	1.45	0.493494423791822	0	0	0	1	-0.06987299394542272	0.90696086509535645	NO	Q02750
235	L	235	-26.17	4.424	-50.024	1.19	0.493494423791822	0	0	0	0.5408338092518563	-0.3345042443253428	0.9593797509190957	NO	Q02750
236	Q	236	-27.558	2.038	-52.738	0.15	0.488051470588235	0	0	0.9292266383018246	0.9999999999999999	0.10392061993130788	0.8931281035585364	NO	Q02750
237	G	237	-24.993	-0.532	-51.678	-0.37	0.55983131259884	0	0	0.9292266383018246	0.9999999999999999	0.3834438830982785	0.4763551353726999	NO	Q02750
238	T	238	-25.236	-0.671	-47.912	-0.63	0.563993627190653	0	0	0.9292266383018246	0.9999999999999999	-0.38505232960962127	1.0837435575359167	NO	Q02750
239	H	239	-29.049	-0.896	-47.863	-0.89	0.563993627190653	0	0	0.9292266383018246	0.9999999999999999	-0.3339212508410373	1.0314557189267368	NO	Q02750
240	Y	240	-31.613	-3.285	-49.315	1.45	0.662921348314607	0	0	0.9292266383018246	0.9999999999999999	-0.31293394151633125	1.0513748955397577	NO	Q02750
241	S	241	-32.988	-2.692	-52.807	-0.11	0.732417811069496	0	0	0.6122269466129886	1	0.12889783375273112	0.45534505050703883	NO	Q02750
242	V	242	-35.626	-4.338	-54.993	0.93	0.724528301886792	0	0	0.21312762140749741	0.1559741829750199	0.24397505491775479	0.5251766466791234	NO	Q02750
243	Q	243	-32.954	-6.092	-57.048	0.15	0.712550607287449	1	0	0.18637031606352616	0.15910875739749333	1.0103802582624752	0.5334763036012157	NO	Q02750
244	S	244	-31.186	-7.63	-54.12	0.67	0.666666666666667	0	1	0.2932713672377868	0.416711615876537	0.9777037674940621	0.8211977435670723	NO	Q02750
245	D	245	-34.66	-8.453	-52.64	1.45	0.711111111111111	0	0	0.35725773215526246	0.6622822925190456	0.3241472709520722	1.1721012564984044	NO	Q02750
246	I	246	-35.554	-10.456	-55.812	0.93	0.711111111111111	0	0	0.14740991886018856	0.05268742149399644	1.0519328480168544	0.7445762731413822	NO	Q02750
247	W	247	-32.352	-12.499	-55.274	1.45	0.661654135338346	0	0	0.16494819588418494	0.09168354439464751	1.3060737757563912	0.8401267856700891	NO	Q02750
248	S	248	-33.452	-13.12	-51.67	1.45	0.664150943396226	0	0	0.24749785657993034	0.2556574067505252	0.5522130025371885	1.391245846499426	NO	Q02750
249	M	249	-36.902	-14.153	-52.794	0.93	0.615789473684211	0	0	0.21312762140749741	0.1559741829750199	0.34731894336946983	1.418219731496225	NO	Q02750
250	G	250	-35.672	-16.665	-55.351	1.45	0.615230961298377	0	0	0.1006101906835127	0.009108302135107169	0.8819091326692997	1.2089962061297488	NO	Q02750
251	L	251	-33.111	-18.024	-52.904	1.19	0.669201520912548	0	0	0.3821793439327598	0.3210524900880852	0.8808084032240022	1.1297411298462476	NO	Q02750
252	S	252	-35.907	-18.381	-50.314	0.93	0.703218645948946	0	0	0	0.048024846456993904	0.4626085290003007	1.330850660091959	NO	Q02750
253	L	253	-38.176	-20.042	-52.901	0.67	0.740740740740741	0	0	0.16494819588418494	0.09168354439464751	0.5203554561711263	1.2347973135179915	NO	Q02750
254	V	254	-35.475	-22.69	-53.551	0.15	0.698456667985754	0	0	0	0.007265771961395888	0.842086213186263	0.9804721121196003	NO	Q02750
255	E	255	-34.932	-23.274	-49.76	1.45	0.66044776119403	1	0	0.18637031606352616	0.15910875739749333	0.745979571327042	0.7133022035798761	NO	Q02750
256	M	256	-38.665	-23.74	-49.117	0.93	0.66044776119403	1	0	0	0.09296828415230077	0.5838501229928416	0.7575670404977002	NO	Q02750
257	A	257	-39.081	-25.934	-52.227	1.45	0.66044776119403	1	0	0.18637031606352616	0.15910875739749333	0.7191753821797242	0.4409944121836188	NO	Q02750
258	V	258	-36.234	-28.366	-51.436	0.15	0.656133828996283	1	0	0	0.007574925173973594	0.9873263384177062	-0.33260411197168444	NO	Q02750
259	G	259	-36.612	-28.257	-47.653	0.41	0.656133828996283	0	0	0	0.048024846456993904	1.0801447711546357	-0.498274797526349	NO	Q02750
260	R	260	-33.04	-27.017	-47.083	0.67	0.695346795434592	1	0	0.21312762140749741	0.1559741829750199	0.9889056508081494	-0.25899783492543305	NO	Q02750
261	Y	261	-30.814	-23.924	-47.33	0.93	0.699933906146728	0	0	0.18637031606352616	0.15910875739749333	0.8887666707792407	0.49999148084656847	NO	Q02750
262	P	262	-29.474	-24.634	-50.827	1.45	0.694729936584299	0	0	0.16494819588418494	0.09168354439464751	0.9841280304061796	0.024825900804433074	NO	Q02750
263	I	263	-26.298	-22.465	-51.15	0.41	0.656133828996283	0	0	0.18637031606352616	0.15910875739749333	0.9294396871085729	-0.032975281331565014	NO	Q02750
264	P	264	-23.908	-25.259	-50.512	-0.63	0.66044776119403	0	1	0.21312762140749741	0.1559741829750199	0.9107885094186571	-0.6965328522528222	NO	Q02750
265	P	265	-25.872	-27.185	-53.255	-0.63	0.654981549815498	0	0	0.16494819588418494	0.09168354439464751	0.9871775404266843	-0.786169147011416	NO	Q02750
266	P	266	-27.301	-30.7	-52.86	-1.41	0.659851301115242	1	0	0.16494819588418494	0.09168354439464751	1.0532850558022384	-1.3546956461747195	NO	Q02750
267	D	267	-25.219	-33.213	-54.863	-1.41	0.697172034564022	1	0	0.2932713672377868	0.416711615876537	1.0540023729866443	-2.4606249310434816	NO	Q02750
268	A	268	-26.587	-36.291	-56.726	-1.41	0.700374531835206	1	0	0	0.1597107169312019	1.1458495982985	-3.1195584073938587	NO	Q02750
269	K	269	-26.987	-38.124	-53.364	-1.41	0.732057416267943	0	0	0	0.2948843942075532	1.1493705469901274	-3.6205019859058414	NO	Q02750
270	E	270	-29.403	-35.771	-51.509	-1.41	0.740407881092292	0	0	0.2932713672377868	0.416711615876537	1.1092131826893732	-2.3437380960573524	NO	Q02750
271	L	271	-31.446	-34.815	-54.687	-1.41	0.707637017070979	0	0	0	0.013626311577893369	1.0729346884278592	-1.8449166865513287	NO	Q02750
272	E	272	-32.412	-38.537	-54.834	-1.41	0.672932330827068	0	0	0	0.09296828415230077	1.1261332903986478	-2.9866156884810633	NO	Q02750
273	L	273	-32.865	-39.037	-51.036	-1.41	0.672932330827068	0	0	0	0.1597107169312019	1.1275871899556404	-3.1764703405739185	NO	Q02750
274	M	274	-35.366	-36.14	-50.874	-1.41	0.670411985018727	0	0	0	0.09296828415230077	1.1353008799025572	-2.584136930765667	NO	Q02750
275	F	275	-37.348	-37.043	-54.056	0.15	0.7071992976295	1	0	0	0.09296828415230077	1.1145369510325378	-2.2093418971259324	NO	Q02750
276	G	276	-37.236	-40.23	-56.247	-0.37	0.711830799735625	0	0	0	0.2948843942075532	1.1616054149450143	-2.9772785744437105	NO	Q02750
309	A	309	-18.158	-23.293	-42.868	-1.41	0.71593200806684	0	0	1.8734413973280246	1	0.8784464074456941	-1.0202194722144111	NO	Q02750
310	I	310	-18.995	-19.604	-42.085	-1.41	0.662313432835821	0	0	1.8734413973280246	1	0.8364630189338225	-0.7906962326052844	NO	Q02750
311	F	311	-16.944	-17.504	-44.565	0.67	0.606837606837607	1	0	0	1	0.7869842271634545	-0.5023208802758689	NO	Q02750
312	E	312	-16.974	-20.37	-47.162	0.41	0.713260619977038	0	0	1.8734413973280246	1	0.7701984119034492	-0.7150292305363416	NO	Q02750
313	L	313	-20.665	-19.485	-47.681	0.15	0.70185873605948	0	0	1.8734413973280246	1	0.8224481321935675	-0.47566433510256156	NO	Q02750
314	L	314	-20.26	-15.816	-48.621	1.45	0.614716735402648	0	0	1.8734413973280246	1	0.7701984119034492	-0.7150292305363416	NO	Q02750
315	D	315	-17.259	-16.946	-50.744	-0.11	0.610726643598616	0	0	0.9292266383018246	0.9999999999999999	0.7829764111022622	-0.7396910682477007	NO	Q02750
316	Y	316	-19.364	-19.653	-52.463	-0.37	0.646520146520147	0	0	0.4530404917625599	0.6552465069465255	0.7980431885824638	-0.4035112804981207	NO	Q02750
317	I	317	-22.25	-17.173	-53.107	0.93	0.599030303030303	0	0	0.4530404917625599	0.6552465069465255	0.975312935055166	0.2907113386300239	NO	Q02750
318	V	318	-20.019	-14.827	-55.139	0.93	0.599030303030303	0	0	0	0.1597107169312019	1.1007833000044358	0.3176852236268229	NO	Q02750
319	N	319	-17.622	-17.396	-56.711	-0.11	0.641818181818182	0	0	1.8734413973280246	1	0.8597698219261314	-0.021415044904365476	NO	Q02750
320	E	320	-19.383	-20.63	-57.859	-0.37	0.599238256453661	0	0	0.6122269466129886	1	0.8506356482402294	0.007485546163633566	NO	Q02750
321	P	321	-22.674	-20.704	-59.987	-0.11	0.669684965100924	1	0	0.35725773215526246	0.6622822925190456	1.1269584262050139	-0.32968801629635486	NO	Q02750
322	P	322	-26.223	-19.926	-58.506	0.41	0.634408602150538	0	0	0.2932713672377868	0.416711615876537	1.152826183930733	0.30938556670473094	NO	Q02750
323	P	323	-28.573	-22.523	-57.02	1.45	0.63898916967509	2	0	0.16494819588418494	0.09168354439464751	1.0992073105697306	0.2837751967737041	NO	Q02750
324	K	324	-31.543	-23.904	-59.021	-0.37	0.639492753623188	1	0	0.10980856580914666	0.01677645729463258	1.1463218504901622	0.061818657371471776	NO	Q02750
325	L	325	-34.595	-26.12	-58.502	1.45	0.677109974424552	0	0	0	0.0018829736599678443	1.0507881262269707	0.2797759798475378	NO	Q02750
326	P	326	-34.11	-29.841	-59.159	0.41	0.707434052757794	0	0	0	0.001006932079556962	1.0811467016364933	-0.9805417575094422	NO	Q02750
327	S	327	-35.359	-30.964	-62.567	0.15	0.674143038510368	1	0	0	0.02523638364354993	1.0820977379296655	-1.1190290719921592	NO	Q02750
328	G	328	-38.427	-33.096	-63.197	-0.89	0.669829222011385	1	0	0	0.2948843942075532	1.0840438016761147	-0.8260075002374578	NO	Q02750
329	V	329	-40.074	-32.489	-59.855	-0.89	0.675191815856778	0	0	0	0.08882247121669001	0.9841965997133427	-0.4375835562835511	NO	Q02750
330	F	330	-40.807	-28.759	-60.371	1.45	0.7085346215781	0	0	0.18637031606352616	0.15910875739749333	0.8798081433146849	0.47353433694166197	NO	Q02750
331	S	331	-42.555	-27.246	-63.332	0.93	0.668820064601938	0	0	0.24749785657993034	0.2556574067505252	1.0883940866153323	0.29422967145569323	NO	Q02750
332	L	332	-40.557	-25.401	-66.014	-0.89	0.702	0	0	0	0.09296828415230077	1.2356614951782723	0.08648049508283082	NO	Q02750
333	E	333	-42.488	-22.201	-65.248	-0.37	0.668571428571429	0	0	0.18637031606352616	0.15910875739749333	1.3304902746771796	-0.05395496966240879	NO	Q02750
334	F	334	-41.249	-22.391	-61.635	1.45	0.635869565217391	1	0	0.16494819588418494	0.09168354439464751	1.0296536438905146	0.43125947624492433	NO	Q02750
335	Q	335	-37.67	-23.401	-62.685	0.15	0.695652173913044	0	0	0	0.013626311577893369	1.147030999673572	0.5669611263558625	NO	Q02750
336	D	336	-37.495	-20.333	-64.979	-0.63	0.741275571600481	2	0	0	0.048024846456993904	1.5265129224146803	0.545464696933126	NO	Q02750
337	F	337	-38.89	-18.01	-62.392	1.45	0.692238267148014	0	0	0	0.003640052219035069	1.4148213530014953	0.4657279412836738	NO	Q02750
338	V	338	-36.232	-18.866	-59.715	0.15	0.713093525179856	0	0	0	0.007265771961395888	1.1860836813666276	1.1191949492459952	NO	Q02750
339	N	339	-33.523	-18.56	-62.423	-0.37	0.742805755395684	0	0	0	0.007574925173973594	1.5192785636757027	0.7394586981222265	NO	Q02750
340	K	340	-34.684	-15.029	-63.378	-0.63	0.719737253675321	1	0	0	0.0018829736599678443	1.7403912226942289	0.46873897960889777	NO	Q02750
341	C	341	-34.559	-14.128	-59.663	1.45	0.777291210509853	0	0	0.1006101906835127	0.009108302135107169	1.5402639180891862	0.6143979585916127	NO	Q02750
342	L	342	-31.021	-15.55	-59.308	0.93	0.845878136200717	0	0	0.12041794755363473	0.031200985436350307	1.5029507877605053	0.5597211646791823	NO	Q02750
343	I	343	-28.783	-14.241	-62.154	-0.37	0.825151940158953	0	0	0.12041794755363473	0.031200985436350307	1.614765575495632	0.41069862016750946	NO	Q02750
344	K	344	-25.599	-12.862	-60.562	1.45	0.843488649940263	0	0	0.18637031606352616	0.15910875739749333	1.5559872800002834	0.5085773328349396	NO	Q02750
345	N	345	-25.813	-9.435	-62.28	0.41	0.931578947368421	1	0	0.24749785657993034	0.2556574067505252	1.8805287023308443	0.20978968363962658	NO	Q02750
346	P	346	-28.57	-7.286	-60.64	-1.15	0.928263719797715	0	0	0.24749785657993034	0.2556574067505252	1.9115857596991153	0.33309887219642237	NO	Q02750
347	A	347	-29.185	-5.453	-63.964	-0.37	0.922359089212393	1	0	0.24749785657993034	0.2556574067505252	2.1401458032990863	0.24787046245863711	NO	Q02750
348	E	348	-29.829	-8.68	-65.935	0.41	0.939501779359431	0	0	0.21312762140749741	0.1559741829750199	2.1602690430652793	-0.006001396334766006	NO	Q02750
349	R	349	-31.872	-10.245	-63.049	1.45	0.938829787234043	1	0	0.14740991886018856	0.05268742149399644	1.9655882144542869	0.2791511022028242	NO	Q02750
350	A	350	-35.565	-9.429	-63.33	0.15	0.915863602668643	1	0	0.1006101906835127	0.009108302135107169	1.8483757836748722	0.23002009738722587	NO	Q02750
351	D	351	-37.559	-6.672	-61.669	-0.63	0.915863602668643	1	0	0.13279007421632877	0.030550500514977433	1.4216380688202075	0.2907113386300239	NO	Q02750
352	L	352	-41.143	-6.603	-60.391	-0.37	0.904058313632782	0	0	0.13279007421632877	0.030550500514977433	0.6824172911867898	0.49751112360548344	NO	Q02750
353	K	353	-42.579	-5.515	-63.772	-0.89	0.900863761287789	1	0	0	0.007574925173973594	1.1868528245071057	0.015577711662673363	NO	Q02750
354	Q	354	-41.096	-8.551	-65.606	-0.11	0.851032174074763	1	0	0	0.013626311577893369	1.8737468367390466	0.08648049508283082	NO	Q02750
355	L	355	-41.885	-10.994	-62.778	1.45	0.876868327402135	0	0	0	0.001006932079556962	1.2182729217543307	0.19180709364176063	NO	Q02750
356	M	356	-45.422	-9.648	-62.373	0.15	0.835112692763938	1	0	0	0.013626311577893369	1.0354526984100045	0.09817360779080289	NO	Q02750
357	V	357	-46.042	-11.047	-65.96	-0.89	0.781020651988394	2	0	0	0.013626311577893369	1.7860418659807875	-0.37592896200515324	NO	Q02750
358	H	358	-43.852	-14.17	-65.897	1.45	0.786659790269899	0	0	0	0.003640052219035069	1.5694842310407362	-0.24337158430659783	NO	Q02750
359	A	359	-45.504	-17.444	-66.88	0.15	0.783830078794108	0	0	0	0.02523638364354993	1.6845313039282517	-0.2124102554407067	NO	Q02750
360	F	360	-45.143	-18.732	-63.272	1.45	0.811594202898551	0	0	0.16494819588418494	0.09168354439464751	1.2448711345548518	-0.006001396334766006	NO	Q02750
361	I	361	-46.944	-15.775	-61.789	0.67	0.794632034632035	0	0	0.13279007421632877	0.030550500514977433	0.998385611456148	0.09554734718259532	NO	Q02750
362	K	362	-49.85	-15.645	-64.316	-0.37	0.855072463768116	0	0	0.24749785657993034	0.2556574067505252	1.4456530029782297	-0.025618767241528957	NO	Q02750
363	R	363	-50.357	-19.421	-63.691	-0.11	0.830035971223022	1	0	0.2932713672377868	0.416711615876537	1.3542580793237047	0.06592896365669824	NO	Q02750
364	S	364	-50.165	-18.947	-59.887	-0.63	0.85439229843562	0	0	0.24749785657993034	0.2556574067505252	1.154149493218506	0.27675932914892093	NO	Q02750
365	D	365	-52.532	-16.006	-59.964	-0.11	0.914696813977389	0	0	0.21312762140749741	0.1559741829750199	0.9185286252368711	-0.08899796555568622	NO	Q02750
366	A	366	-55.079	-17.981	-61.979	-0.63	0.902898550724638	0	0	0.9292266383018246	0.9999999999999999	1.610048043956089	-0.5670582042681868	NO	Q02750
367	E	367	-54.86	-21.214	-59.794	-0.89	0.859903381642512	1	0	0.4530404917625599	0.6552465069465255	1.3624177437573783	-0.13093307421467745	NO	Q02750
368	E	368	-57.349	-21.664	-56.983	-0.63	0.910485933503836	0	0	0.4530404917625599	0.6552465069465255	1.4134180881146023	-0.5238999882733081	NO	Q02750
369	V	369	-55.274	-22.808	-54.055	0.15	0.8860559566787	0	0	1.1259379745293023	0.9999999999999999	1.063404525748565	0.06905637061284879	NO	Q02750
370	D	370	-56.564	-23.726	-50.593	-0.37	0.861612515042118	1	0	0.9249335045001208	1	0.8380963245283172	-0.5057281078544119	NO	Q02750
371	F	371	-53.65	-22.056	-48.796	0.41	0.861612515042118	0	0	0.6729269391580608	0.7431650810965752	0.4233964294700128	-0.01344246805802081	NO	Q02750
372	A	372	-55.473	-21.608	-45.444	0.67	0.836883116883117	0	0	0.33833063280161874	0.2075817034693367	0.6802420048827623	-0.8359670885439682	NO	Q02750
373	G	373	-56.491	-25.267	-45.516	0.41	0.803356643356644	0	0	0.4369320706932837	0.4876176424802967	0.9304533882664652	-1.0233022019283309	NO	Q02750
374	W	374	-52.949	-26.338	-46.213	0.93	0.748400852878465	0	0	0.16494819588418494	0.09168354439464751	0.8052846548497657	-0.6293978495941221	NO	Q02750
375	L	375	-51.434	-23.923	-43.659	0.41	0.788505747126437	1	0	0.2724589859232683	0.12999176267950324	0.6215922592036716	-0.5600595746473955	NO	Q02750
376	C	376	-53.741	-24.945	-40.838	0.15	0.818627450980392	0	0	0	0.007574925173973594	0.8856340820422175	-1.1928523361939252	NO	Q02750
377	S	377	-53.126	-28.624	-41.55	-0.89	0.77714012434242	1	0	0	0.08882247121669001	1.5791185424280503	-1.6603996761384425	NO	Q02750
378	T	378	-49.387	-27.957	-41.728	-0.11	0.80462962962963	0	0	0	0.048024846456993904	1.2011170149804424	-1.1543182147699262	NO	Q02750
379	I	379	-49.141	-26.361	-38.313	0.93	0.778397565922921	1	0	0	0.02523638364354993	1.0854263950547351	-1.2841485623369373	NO	Q02750
380	G	380	-52.254	-27.615	-36.443	-1.41	0.7756376887038	1	0	0	0.09296828415230077	1.278919643796381	-1.6244344961427104	NO	Q02750
381	L	381	-54.969	-24.938	-36.024	-1.41	0.779816513761468	0	0	0	0.048024846456993904	0.911451343640092	-1.3515222479398021	NO	Q02750
382	N	382	-58.668	-25.306	-34.906	-1.41	0.829383886255924	0	0	0	0.1597107169312019	1.4406459727628804	-1.516538956155514	NO	Q02750
