Uniprot_position	aminoacid	Position_in_structure	x	y	z	paraz	mtr	gscount	pscount	OR	pvalue	mtr3dscore	paraz3dscore	HotSpot3D	Uniprot
1	M	1	-29.775	22.932	12.454	0.4	0.758823529411765	0	0	0	1	1.6051141465202095	-0.7398274933369193	NO	P49336
2	D	2	-33.124	21.173	11.923	0.4	0.756338028169014	0	0	0	1	1.6238932413032883	-0.5409509538424191	NO	P49336
3	Y	3	-35.137	21.136	15.146	0.4	0.717162032598274	2	0	0	1	1.6503207455990478	-1.8137608066072208	NO	P49336
4	D	4	-36.652	17.643	14.76	0.4	0.790322580645161	0	0	0	1	1.674848695728432	-2.8551506861420584	NO	P49336
5	F	5	-33.216	16.244	13.916	0.4	0.787037037037037	0	0	0	1	1.6936286354906007	-2.5297163487874217	NO	P49336
6	K	6	-31.669	17.81	17.05	0.4	0.784023668639053	0	0	0	1	1.631685228679366	-2.018319532944421	NO	P49336
7	V	7	-34.381	16.757	19.534	-1.92	0.789285714285714	0	0	0	1	1.7118100658165263	-2.2543488325642675	NO	P49336
8	K	8	-34.512	13.197	18.148	0.4	0.794198895027624	0	0	0	1	1.7305500363718531	-2.5297163487874217	NO	P49336
9	L	9	-30.735	12.767	18.553	0.4	0.804054054054054	0	0	0	1	1.6023969681539316	-1.4768405514635967	NO	P49336
10	S	10	-30.746	14.272	22.064	-1.92	0.808246073298429	0	0	0	1	1.472405084430622	-2.319141189322657	NO	P49336
11	S	11	-33.603	11.969	23.104	-1.92	0.812182741116751	0	0	0	1	1.8310924864655234	-2.5297163487874217	NO	P49336
12	E	12	-31.726	8.883	21.854	0.4	0.809729064039409	1	0	0	1	1.8391321609327	-2.8551506861420584	NO	P49336
13	R	13	-28.152	9.891	22.805	0.4	0.813397129186603	0	0	0	1	1.2642427860667163	-1.8137608066072208	NO	P49336
14	E	14	-26.316	7.692	25.311	0.4	0.809331797235023	1	0	0	1	1.106544599585888	-0.45721346352894526	NO	P49336
15	R	15	-24.857	9.668	28.196	0.4	0.812780269058296	1	0	0	1	0.7829617568005529	-0.5409509538424191	NO	P49336
16	V	16	-22.026	8.344	30.348	0.4	0.810589519650655	0	0	0	1	0.06976703836849003	0.731173117751712	NO	P49336
17	E	17	-23.677	9.645	33.548	0.4	0.717984934086629	0	0	0	1	-0.07963690779166609	0.615213756165577	NO	P49336
18	D	18	-26.799	7.542	32.81	0.4	0.648760330578512	1	0	0	1	-0.10884861229098793	0.4873174014749868	NO	P49336
19	L	19	-24.986	4.27	32.029	0.4	0.574743418116912	1	0	0	1	-0.43377437640575867	0.6341201738154902	NO	P49336
20	F	20	-22.132	4.369	34.532	0.4	0.574652777777778	0	0	0	1	-0.6270940756377176	0.060408189956051996	NO	P49336
21	E	21	-21.587	4.953	38.239	0.4	0.572877059569075	0	0	0	1	-0.6994224479221804	0.25284075120890526	NO	P49336
22	Y	22	-18.168	6.541	38.803	0.4	0.642066420664207	0	0	3.218099517383718	0.35294317634270556	-0.6160049393928074	0.34142081908720273	NO	P49336
23	E	23	-18.863	8.405	42.065	0.4	0.574969021065675	1	0	6.468229811802458	0.2263352723426758	-0.9409109398839354	0.4873174014749868	NO	P49336
24	G	24	-15.299	8.902	43.272	0.4	0.574485596707819	0	0	12.633363994708036	0.15600211528291902	-0.8323324911098583	0.4122848733898407	NO	P49336
25	C	25	-13.046	6.011	42.215	0.4	0.574485596707819	0	0	12.633363994708036	0.15600211528291902	-0.8403245319256798	-0.012899452425987407	NO	P49336
26	K	26	-10.747	8.474	40.389	0.4	0.574485596707819	0	0	12.633363994708036	0.15600211528291902	-0.6806387517777166	1.050061362113583	NO	P49336
27	V	27	-7.838	6.073	39.776	0.4	0.574485596707819	0	1	12.633363994708036	0.15600211528291902	-0.5332861841843625	1.050061362113583	NO	P49336
33	G	33	-7.275	13.873	31.703	0.4	0.551705756929638	0	0	16.30020452360622	0.029640850056915462	-0.241788380504684	1.050061362113583	YES	P49336
34	H	34	-8.778	11.754	34.485	0.4	0.511111111111111	0	0	12.633363994708036	0.15600211528291902	-0.30258988844533835	1.050061362113583	NO	P49336
35	V	35	-9.486	8.012	34.588	0.4	0.319444444444444	0	0	16.30020452360622	0.029640850056915462	-0.43018939735504313	1.050061362113583	YES	P49336
36	Y	36	-12.295	6.495	36.687	0.4	0.318518518518519	0	0	31.3779570669161	0.015335801163405618	-0.3701196971877426	0.4122848733898407	YES	P49336
37	K	37	-13.141	2.956	37.764	0.4	0.254814814814815	0	0	16.30020452360622	0.029640850056915462	-0.6288451438889774	0.3667294099095735	YES	P49336
38	A	38	-16.76	2.455	36.735	0.4	0.256505576208179	0	0	8.256739563662169	0.06914632386143596	-0.6432560354886082	0.20594542115568876	NO	P49336
39	K	39	-19.655	0.035	37.177	-1.15	0.257462686567164	0	0	3.218099517383718	0.35294317634270556	-0.8461658855108809	0.09339662902796962	NO	P49336
40	R	40	-22.729	-0.298	34.958	0.4	0.256505576208179	1	0	0	1	-0.9460210736550372	-0.09793631758915304	NO	P49336
41	K	41	-25.866	1.258	36.513	0.4	0.255555555555556	0	0	0	1	-0.885174286651353	-0.316602542294436	NO	P49336
42	D	42	-28.131	-1.251	34.716	0.4	0.257462686567164	0	0	0	1	-1.336844003375357	-0.316602542294436	NO	P49336
43	G	43	-26.738	-4.052	36.901	0.4	0.258955223880597	0	0	0	1	-1.7303878518378204	-0.9999344944984455	NO	P49336
44	K	44	-26.837	-6.71	34.163	0.4	0.258955223880597	0	0	0	1	-2.043363490879307	-0.8632681040576435	NO	P49336
45	D	45	-23.014	-6.614	34.248	0.4	0.258208955223881	0	0	0	1	-1.650848647540069	-0.8632681040576435	NO	P49336
46	D	46	-20.644	-7.186	37.207	-1.15	0.430348258706468	0	0	0	1	-1.5897589350703698	-0.743685012421942	NO	P49336
47	K	47	-17.429	-6.499	35.237	0.4	0.431592039800995	0	0	6.468229811802458	0.2263352723426758	-1.256354044477362	-0.05378256067750937	NO	P49336
48	D	48	-15.305	-3.445	36.069	-1.15	0.431592039800995	0	0	12.633363994708036	0.15600211528291902	-0.9814430878637683	0.025063433807568713	NO	P49336
49	Y	49	-14.788	-0.732	33.452	0.4	0.51685393258427	0	0	16.30020452360622	0.029640850056915462	-0.607697741605587	-0.2535462995886116	NO	P49336
50	A	50	-12.424	2.216	33.142	0.4	0.514498141263941	0	0	16.30020452360622	0.029640850056915462	-0.29041160825508444	0.12082787585479726	YES	P49336
51	L	51	-13.646	5.594	31.899	0.4	0.51685393258427	0	0	8.256739563662169	0.06914632386143596	-0.22320737693167397	0.5717289955707762	NO	P49336
52	K	52	-11.29	8.293	30.589	0.4	0.513432835820896	0	0	16.30020452360622	0.029640850056915462	-0.09404571491170671	1.050061362113583	YES	P49336
53	Q	53	-12.46	11.861	30.059	0.4	0.516417910447761	0	0	6.468229811802458	0.2263352723426758	0.020152507827243447	1.050061362113583	NO	P49336
54	I	54	-10.279	13.466	27.366	0.4	0.641263940520446	0	0	4.320189752379043	0.2919000797712627	-0.0956981003238468	1.050061362113583	NO	P49336
55	E	55	-8.4	16.556	28.532	0.4	0.641263940520446	0	0	11.004048634236199	0.047727693485491114	-0.17036799514988724	1.050061362113583	YES	P49336
56	G	56	-9.507	19.82	26.917	0.4	0.641263940520446	0	0	12.633363994708036	0.15600211528291902	0.07299213680378736	1.050061362113583	NO	P49336
57	T	57	-12.667	20.809	25.076	0.4	0.640221402214022	0	0	0	1	0.24334247058963007	0.33410581993338206	NO	P49336
58	G	58	-13.761	19.122	21.849	0.4	0.644444444444445	0	0	4.320189752379043	0.2919000797712627	0.2071139531292856	0.3681989409895822	NO	P49336
59	I	59	-11.292	16.926	20.006	0.4	0.513653136531365	0	0	6.468229811802458	0.2263352723426758	0.1773498981462904	1.050061362113583	NO	P49336
60	S	60	-7.596	17.729	19.747	0.4	0.517037037037037	0	0	16.30020452360622	0.029640850056915462	0.07197026935760002	1.050061362113583	NO	P49336
61	M	61	-5.157	16.238	17.265	0.4	0.556027615507169	1	0	16.30020452360622	0.029640850056915462	-0.0014479307205029941	1.050061362113583	YES	P49336
62	S	62	-4.02	13.575	19.746	0.4	0.486524163568773	0	1	11.004048634236199	0.047727693485491114	-0.10326560826764165	1.050061362113583	YES	P49336
63	A	63	-7.625	12.876	20.74	0.4	0.577114427860697	0	0	11.004048634236199	0.047727693485491114	0.02730690871713119	1.050061362113583	NO	P49336
64	C	64	-8.681	12.397	17.099	0.4	0.577114427860697	0	0	12.633363994708036	0.15600211528291902	0.15199251748867737	1.050061362113583	NO	P49336
65	R	65	-5.736	10.088	16.575	0.4	0.576621230896324	0	0	12.633363994708036	0.15600211528291902	0.03882414018579089	1.050061362113583	NO	P49336
66	E	66	-6.337	8.046	19.736	0.4	0.58312447786132	0	0	6.468229811802458	0.2263352723426758	0.12736626849517646	0.6161489123074005	NO	P49336
67	I	67	-9.984	7.551	18.72	0.4	0.587542087542088	0	0	6.468229811802458	0.2263352723426758	0.30320076930921874	0.5727576673267825	NO	P49336
68	A	68	-9.176	6.874	15.044	0.4	0.660377358490566	0	0	12.633363994708036	0.15600211528291902	0.2731140938883726	1.050061362113583	NO	P49336
69	L	69	-6.569	4.222	15.855	0.4	0.665399239543726	0	0	6.468229811802458	0.2263352723426758	0.3247373228561441	0.4772969283694222	NO	P49336
70	L	70	-8.299	2.484	18.783	0.4	0.664150943396226	0	0	16.30020452360622	0.029640850056915462	0.28805801319913027	0.5727576673267825	NO	P49336
71	R	71	-11.464	2.256	16.69	0.4	0.661654135338346	0	0	6.468229811802458	0.2263352723426758	0.5531120493150321	0.42749132543514723	NO	P49336
72	E	72	-9.558	0.186	14.102	0.4	0.658582089552239	0	0	0	1	0.6201879222590995	0.2964239492923189	NO	P49336
73	L	73	-7.063	-1.708	16.28	0.4	0.662921348314607	0	0	0	1	0.4697780907448507	0.5562989192306856	NO	P49336
74	K	74	-8.084	-5.246	17.286	0.4	0.661048689138577	1	0	0	1	0.5586794292373503	0.33410581993338206	NO	P49336
75	H	75	-5.666	-7.621	19.007	0.4	0.663533834586466	0	0	0	1	0.5456627529924516	0.4993263296672746	NO	P49336
76	P	76	-5.747	-9.495	22.333	0.4	0.670454545454545	2	0	0	1	0.38780661268675964	-0.38390706575883105	NO	P49336
77	N	77	-2.684	-7.638	23.703	0.4	0.664794007490637	0	0	0	0.572925491291766	0.45023664427948107	-0.11261574156675264	NO	P49336
78	V	78	-3.818	-4.124	22.758	0.4	0.659851301115242	1	0	1.3266405279530724	1	0.2905358266180306	0.6732426557029509	NO	P49336
79	I	79	-6.434	-2.509	25.021	0.4	0.715782358905035	0	0	2.0924959637486515	0.4624076765854809	0.1467199847260977	0.6829046738160441	NO	P49336
80	S	80	-9.89	-2.486	23.393	-1.92	0.718453188602442	0	0	3.218099517383718	0.35294317634270556	0.2551411197646116	0.6161489123074005	NO	P49336
81	L	81	-11.929	0.691	23.084	0.4	0.713754646840149	0	0	3.218099517383718	0.35294317634270556	0.3025153109135222	0.6025891482509573	NO	P49336
82	Q	82	-15.415	-0.515	24.094	0.4	0.656716417910448	0	0	12.633363994708036	0.15600211528291902	0.4053260331017077	0.42749132543514723	NO	P49336
83	K	83	-17.253	2.79	23.513	0.4	0.651291512915129	0	0	3.218099517383718	0.35294317634270556	0.5420690551153695	0.4534317436300821	NO	P49336
84	V	84	-16.908	6.553	22.923	0.4	0.651291512915129	0	0	4.320189752379043	0.2919000797712627	0.579166471327786	0.5727576673267825	NO	P49336
85	F	85	-19.403	8.894	24.662	0.4	0.649446494464945	0	0	2.0924959637486515	0.4624076765854809	0.602475142750335	1.050061362113583	NO	P49336
86	L	86	-19.809	12.399	23.274	0.4	0.646520146520147	1	0	0	1	0.7002476842356435	0.027267730427581675	NO	P49336
87	S	87	-21.039	14.858	25.882	0.4	0.648351648351648	0	0	0	1	0.7340231106877363	-0.1431978748534186	NO	P49336
88	H	88	-22.675	17.617	23.816	0.4	0.648351648351648	1	0	0	1	0.98758235407434	-0.45721346352894526	NO	P49336
89	A	89	-23.525	20.165	26.541	-1.92	0.594609769792252	0	0	0	1	0.794447561314687	-1.1528787676716508	NO	P49336
90	D	90	-19.898	20.504	27.781	0.4	0.582540203478832	0	0	0	1	0.5054083698230962	0.09545397253998164	NO	P49336
91	R	91	-18.242	19.173	24.583	0.4	0.578364288041707	0	0	0	1	0.3226727731287506	0.2545552041355819	NO	P49336
92	K	92	-16.319	16.517	26.519	0.4	0.631672597864769	0	0	0	1	0.36651670724376034	0.4993263296672746	NO	P49336
93	V	93	-15.228	13.144	25.13	0.4	0.706349206349206	0	0	0	1	0.32372093765766347	0.6025891482509573	NO	P49336
94	W	94	-15.233	9.895	27.139	0.4	0.635714285714286	0	0	3.218099517383718	0.35294317634270556	0.2826903298911524	1.050061362113583	NO	P49336
95	L	95	-13.457	6.624	26.318	0.4	0.635714285714286	0	0	4.320189752379043	0.2919000797712627	0.15534184701568127	0.6732426557029509	NO	P49336
96	L	96	-14.682	3.332	27.787	0.4	0.640287769784173	0	0	3.218099517383718	0.35294317634270556	-0.06714521860358709	0.12082787585479726	NO	P49336
97	F	97	-12.396	0.311	28.319	0.4	0.565079365079365	0	1	6.468229811802458	0.2263352723426758	-0.3518930507190408	0.06616708254545701	NO	P49336
98	D	98	-12.479	-2.916	30.279	0.4	0.565511748307447	0	0	4.320189752379043	0.2919000797712627	-0.5801331955516471	-0.14491232778009525	NO	P49336
99	Y	99	-10.72	-2.368	33.607	0.4	0.632142857142857	0	0	31.3779570669161	0.015335801163405618	-0.5291534761872037	-0.14491232778009525	NO	P49336
100	A	100	-7.277	-3.95	33.908	0.4	0.634408602150538	0	0	8.256739563662169	0.06914632386143596	-0.4642858415530971	0.43760602430691237	NO	P49336
101	E	101	-6.762	-4.879	37.558	0.4	0.634408602150538	0	0	4.320189752379043	0.2919000797712627	-0.36895857155209805	0.731173117751712	NO	P49336
102	H	102	-2.967	-4.797	37.348	0.4	0.630357142857143	0	0	0	1	-8.422109047643308e-4	1.050061362113583	NO	P49336
103	D	103	-0.154	-2.916	35.646	0.4	0.633093525179856	0	0	0	1	0.01708649934643838	1.050061362113583	NO	P49336
104	L	104	3.54	-3.758	35.293	0.4	0.637184115523466	0	0	2.0924959637486515	0.4624076765854809	0.3254548793055884	1.050061362113583	NO	P49336
105	W	105	4.771	-0.781	37.394	0.4	0.730848861283644	0	0	3.218099517383718	0.35294317634270556	0.22433497441630648	1.050061362113583	NO	P49336
106	H	106	2.918	-2.038	40.514	0.4	0.736787022501308	0	0	0	1	0.4981017647565596	1.050061362113583	NO	P49336
107	I	107	3.834	-5.663	39.722	0.4	0.726147498710676	1	0	0	1	0.6205977838109586	1.050061362113583	NO	P49336
108	I	108	7.554	-4.801	39.586	0.4	0.635379061371841	1	0	2.0924959637486515	0.4624076765854809	0.5811579234402198	1.050061362113583	NO	P49336
109	K	109	7.364	-2.534	42.651	0.4	0.635869565217391	0	0	0	1	0.6726159971772988	1.050061362113583	NO	P49336
110	F	110	5.74	-5.403	44.595	0.4	0.727841501564129	0	0	0	1	0.8812281954149395	1.050061362113583	NO	P49336
111	H	111	8.603	-7.765	43.698	0.4	0.804889298892989	0	0	0	1	0.8351161359631852	1.050061362113583	NO	P49336
112	R	112	11.264	-5.106	44.349	0.4	0.85997521685254	0	0	0	1	0.7203060953520345	1.050061362113583	NO	P49336
113	A	113	9.658	-4.657	47.792	0.4	0.968283582089552	0	0	0	1	1.2057242670212303	1.050061362113583	NO	P49336
114	S	114	9.193	-8.364	48.681	0.4	0.855018587360595	1	0	0	1	1.2955450726073356	1.050061362113583	NO	P49336
115	K	115	12.826	-8.962	47.662	0.4	0.85997521685254	0	0	0	1	1.126494349152911	1.050061362113583	NO	P49336
123	L	123	9.492	-12.327	39.62	0.4	0.77910447761194	0	0	0	1	0.8185670270587952	0.6025891482509573	NO	P49336
124	P	124	8.908	-15.974	38.53	0.4	0.784962406015038	0	0	0	1	0.8126128735860709	0.4772969283694222	NO	P49336
125	R	125	10.668	-16.824	35.258	0.4	0.77910447761194	1	0	0	1	0.8317846443349383	0.09545397253998164	NO	P49336
126	G	126	7.582	-18.275	33.507	-1.92	0.793532338308458	1	0	0	1	1.0957189086101022	-1.4989872492693739	NO	P49336
127	M	127	5.747	-15.002	34.17	0.4	0.757419865453107	1	0	0	0.572925491291766	0.7997832827281087	-0.17905443320562905	NO	P49336
128	V	128	8.64	-12.856	32.869	0.4	0.80020964360587	0	0	1.1718502155028796	1	0.804831933764722	0.2964239492923189	NO	P49336
129	K	129	8.737	-14.8	29.605	0.4	0.82390185991294	0	0	0.9384708512134254	0.9999999999999999	0.8919981132501447	-0.9984649634184369	NO	P49336
130	S	130	4.951	-14.637	29.13	0.4	0.80020964360587	0	0	0	0.5751971642104269	0.9770599769564854	-0.8882898494740067	NO	P49336
131	L	131	4.887	-10.896	29.826	0.4	0.80020964360587	0	0	0.9384708512134254	0.9999999999999999	0.6054456009818584	-0.0687833222912799	NO	P49336
132	L	132	7.646	-10.376	27.255	0.4	0.80397127165188	1	0	1.044701014601379	0.9999999999999999	0.5720134239769085	-0.2880348580990684	NO	P49336
133	Y	133	6.003	-12.581	24.63	0.4	0.758771929824562	1	0	1.044701014601379	0.9999999999999999	0.9108337517208497	-1.04842902013873	NO	P49336
134	Q	134	2.638	-10.792	24.889	0.4	0.720833333333333	1	0	0	0.5743490729874599	0.6562003066763064	0.06886676407705652	NO	P49336
135	I	135	4.156	-7.301	24.866	0.4	0.720833333333333	0	0	0.9384708512134254	0.9999999999999999	0.5194605293586424	0.25284075120890526	NO	P49336
136	L	136	6.037	-8.351	21.713	0.4	0.689175769612711	0	0	0.8483507394106024	0.9999999999999999	0.645073753915436	0.8374691992056689	NO	P49336
137	D	137	2.858	-9.837	20.231	0.4	0.686584883260784	1	0	0	0.5751971642104269	0.6654326326237321	-0.07542655916360914	NO	P49336
138	G	138	0.914	-6.588	20.77	0.4	0.69041424854913	0	0	0	0.572925491291766	0.46240446385211426	0.4529174077520791	NO	P49336
139	I	139	3.721	-4.35	19.496	0.4	0.695058256327843	0	0	0	0.5743490729874599	0.48402817880921795	0.8374691992056689	NO	P49336
140	H	140	4.278	-6.642	16.492	0.4	0.691786283891547	0	0	0	0.5751971642104269	0.6787338579627231	0.7843211584786902	NO	P49336
141	Y	141	0.617	-6.123	15.567	0.4	0.65719696969697	2	0	0	0.5816335708132991	0.6017235170458021	0.708395386011578	NO	P49336
142	L	142	0.916	-2.343	15.994	0.4	0.614428412874584	0	0	0	1	0.5497504393723547	1.050061362113583	NO	P49336
143	H	143	4.135	-2.225	13.934	0.4	0.575047348484849	0	0	0	1	0.7402106866234301	1.050061362113583	NO	P49336
144	A	144	2.652	-4.353	11.129	0.4	0.576179245283019	1	0	0	1	0.623606331486217	1.050061362113583	NO	P49336
145	N	145	-0.085	-1.703	10.884	0.4	0.610526315789474	0	0	0	1	0.6371773175008844	1.050061362113583	NO	P49336
146	W	146	2.557	1.066	10.946	0.4	0.572877358490566	0	0	0	1	0.9555089515723357	1.050061362113583	NO	P49336
147	V	147	1.449	2.277	14.367	0.4	0.654716981132076	0	0	0	1	0.7827008991355359	1.050061362113583	NO	P49336
148	L	148	4.187	3.328	16.758	0.4	0.6095126247798	0	0	0	1	0.6990939767894766	1.050061362113583	NO	P49336
149	H	149	3.628	3.41	20.515	0.4	0.6095126247798	0	0	0	1	0.44180657315291444	1.050061362113583	NO	P49336
150	R	150	6.338	6.009	21.312	0.4	0.550254452926209	0	0	3.218099517383718	0.35294317634270556	0.8494194336940648	1.050061362113583	NO	P49336
151	D	151	6.088	5.722	25.135	0.4	0.547169811320755	0	0	6.565106963003449	0.09347176835983051	0.6819672073906163	1.050061362113583	NO	P49336
152	L	152	6.487	2.099	26.252	0.4	0.654135338345865	0	0	2.545853161234174	0.4097025468389594	0.4990879317541049	1.050061362113583	NO	P49336
153	K	153	7.192	1.635	29.959	0.4	0.578273440726972	0	0	2.0924959637486515	0.4624076765854809	0.2986156723901586	1.050061362113583	NO	P49336
154	P	154	5.845	-0.545	32.808	0.4	0.57516339869281	0	0	1.7659068921447418	0.511279705986801	0.12129751025973709	1.050061362113583	NO	P49336
155	A	155	2.985	1.864	33.697	0.4	0.578925789257893	0	0	3.218099517383718	0.35294317634270556	0.0632720464230362	1.050061362113583	NO	P49336
156	N	156	1.668	1.464	30.133	0.4	0.576797385620915	0	0	4.320189752379043	0.2919000797712627	0.004164164007161038	1.050061362113583	NO	P49336
157	I	157	1.696	-2.354	30.327	0.4	0.431013431013431	1	0	1.7659068921447418	0.511279705986801	0.21360796760768888	1.050061362113583	NO	P49336
158	L	158	-1.644	-3.376	31.864	0.4	0.436183395291202	0	0	1.7659068921447418	0.511279705986801	0.10929983954634934	0.6920835910234825	NO	P49336
159	V	159	-2.538	-6.923	32.919	0.4	0.559701492537313	0	0	0	1	0.19414806119629766	0.382620850658504	NO	P49336
160	M	160	-6.055	-8.29	33.379	0.4	0.433705080545229	0	0	1.7659068921447418	0.511279705986801	-0.11003934042455932	0.015829218237244157	NO	P49336
161	G	161	-7.049	-9.902	36.684	0.4	0.433705080545229	0	0	0	1	-0.28276484334596785	0.720176971394406	NO	P49336
162	E	162	-9.62	-12.583	37.536	0.4	0.436953807740325	0	0	0	1	-0.24841022156992337	0.6514510566612441	NO	P49336
163	G	163	-12.161	-13.081	34.767	0.4	0.435323383084577	0	0	0	1	-0.47888785429751507	-0.012899452425987407	NO	P49336
164	P	164	-12.171	-14.437	31.209	0.4	0.43734335839599	1	0	0	1	-0.39849024972571045	-0.9999344944984457	NO	P49336
165	E	165	-8.871	-12.672	30.352	0.4	0.521348314606742	0	0	0	1	-0.12194632584972052	-0.05378256067750937	NO	P49336
166	R	166	-6.88	-13.627	33.498	0.4	0.52528301886792494	1	0	0	1	-0.10748998125198639	-0.012899452425987407	NO	P49336
167	G	167	-3.203	-12.683	33.101	0.4	0.529277566539924	0	0	0	0.572925491291766	0.22478978540516498	0.29479973073020405	NO	P49336
168	R	168	-3.552	-11.222	29.591	0.4	0.529277566539924	0	0	0	0.5743490729874599	0.33678808758075957	0.3500627769289879	NO	P49336
169	V	169	-1.299	-8.26	28.831	0.4	0.526792452830189	0	0	0	0.572925491291766	0.4415585289622252	0.04961827290027087	NO	P49336
170	K	170	-3.027	-5.143	27.449	0.4	0.44106463878327	0	0	1.044701014601379	0.9999999999999999	0.23021220908199708	0.09408241019864036	NO	P49336
171	I	171	-0.755	-2.52	25.931	0.4	0.438993710691824	0	0	0	0.5751971642104269	0.2974386072891511	0.7318588989223824	NO	P49336
172	A	172	-2.067	0.979	26.603	0.4	0.44233206590621	0	0	2.545853161234174	0.4097025468389594	0.0685718129240271	0.6829046738160441	NO	P49336
173	D	173	-0.848	4.522	25.954	0.4	0.443599493029151	0	0	8.256739563662169	0.06914632386143596	-0.1641863180644492	0.5727576673267825	NO	P49336
174	M	174	-2.212	6.511	28.865	0.4	0.446564885496183	1	0	23.57095309876955	0.004890432733601379	-0.35123752734465963	1.050061362113583	YES	P49336
175	G	175	-0.22	9.704	28.124	0.4	0.446564885496183	0	0	16.30020452360622	0.029640850056915462	-0.23437426258966665	1.050061362113583	YES	P49336
176	F	176	-0.918	9.843	24.362	0.4	0.446564885496183	0	0	11.004048634236199	0.047727693485491114	-0.1563864046687433	1.050061362113583	YES	P49336
177	A	177	-1.793	13.573	24.511	0.4	0.53587786259542	0	0	11.004048634236199	0.047727693485491114	-0.2665217231459487	1.050061362113583	YES	P49336
178	R	178	1.624	14.609	25.894	0.4	0.532824427480916	1	1	11.004048634236199	0.047727693485491114	-0.2419921784491252	1.050061362113583	YES	P49336
195	V	195	9.076	12.998	33.134	0.4	0.908854166666667	0	0	12.633363994708036	0.15600211528291902	0.3068266062378747	1.050061362113583	NO	P49336
196	T	196	11.145	9.781	33.02	0.4	0.901808785529716	0	0	0	1	-0.39121071740656077	1.050061362113583	NO	P49336
197	F	197	13.71	9.034	30.255	0.4	0.905317769130999	0	0	0	1	-0.6942512431363542	0.7511036330243287	NO	P49336
198	W	198	14.646	5.567	31.545	0.4	0.896640826873385	0	0	4.320189752379043	0.2919000797712627	-0.5085975357743776	1.050061362113583	NO	P49336
199	Y	199	13.059	3.821	28.522	0.4	0.669230769230769	0	0	3.218099517383718	0.35294317634270556	0.19599716100570436	1.050061362113583	NO	P49336
200	R	200	14.151	6.288	25.787	0.4	0.801526717557252	0	0	2.545853161234174	0.4097025468389594	0.5360715624077675	0.8275811916285567	NO	P49336
201	A	201	16.481	4.952	23.044	0.4	1.00961538461538	1	0	0	1	0.8448326641539073	0.8222840447122466	NO	P49336
202	P	202	19.913	6.642	22.768	0.4	1.01061776061776	0	0	0	1	-0.5316652194867969	0.5192667360144684	NO	P49336
203	E	203	19.222	8.008	19.259	0.4	1.00477099236641	0	0	0	1	0.5275921513461448	-0.45883768209106013	NO	P49336
204	L	204	16.391	10.107	20.758	0.4	0.997159090909091	0	0	0	1	0.9010074059458071	0.3865680794896899	NO	P49336
205	L	205	18.798	11.37	23.452	0.4	1	0	0	0	1	-0.018243699757020875	0.36761112855757877	NO	P49336
206	L	206	21.211	12.356	20.659	0.4	1.06666666666667	0	0	0	1	0.06245249157816419	-1.0407139819686848	NO	P49336
207	G	207	18.494	14.389	18.877	0.4	1.07072243346008	0	0	0	1	0.6961322796958116	-0.8975571625911782	NO	P49336
208	A	208	16.87	11.97	16.39	0.4	1.07680608365019	1	0	0	1	1.1885183099361027	-0.23656961886012026	NO	P49336
209	R	209	13.944	13.712	14.704	0.4	1.07680608365019	0	0	0	1	1.9378054616959368	1.050061362113583	NO	P49336
210	H	210	11.497	10.824	14.106	0.4	1.08725868725869	0	0	0	1	2.4735617694314844	1.050061362113583	NO	P49336
211	Y	211	10.009	8.027	16.189	0.4	1.08307692307692	0	0	0	1	2.083758267909648	1.050061362113583	NO	P49336
212	T	212	10.671	4.559	14.808	0.4	0.909560723514212	0	0	0	1	1.5821274528330094	0.1654036519483919	NO	P49336
213	K	213	9.834	0.889	15.355	0.4	0.906048906048906	0	0	0	1	0.8994789050067369	0.36761112855757844	NO	P49336
214	A	214	13.361	0.423	16.746	0.4	0.770662287903667	0	0	0	1	1.1364401529904198	0.4214887785751579	NO	P49336
215	I	215	12.74	3.029	19.467	0.4	0.764801738185769	1	0	0	1	1.286028318700162	0.48135283415024605	NO	P49336
216	D	216	9.807	0.895	20.692	0.4	0.664772727272727	0	0	3.218099517383718	0.35294317634270556	1.0139475193883916	1.050061362113583	NO	P49336
217	I	217	12.033	-2.22	20.612	0.4	0.66793893129771	0	0	1.519372777926288	0.5565315850620969	0.6954188183158693	0.394131842401499	NO	P49336
218	W	218	14.634	-0.518	22.84	0.4	0.668582375478927	0	0	2.0924959637486515	0.4624076765854809	0.6623901634099223	0.5524414001456631	NO	P49336
219	A	219	11.939	0.322	25.41	0.4	0.670498084291188	0	0	1.7659068921447418	0.511279705986801	0.6655305987011609	1.050061362113583	NO	P49336
220	I	220	10.795	-3.332	25.355	0.4	0.594845796366709	0	0	1.1718502155028796	1	0.4405491049125618	1.050061362113583	NO	P49336
221	G	221	14.396	-4.359	26.038	0.4	0.589807852965748	1	0	1.3266405279530724	1	0.33376044633764157	0.11486456132722597	NO	P49336
222	C	222	14.483	-1.964	29.003	0.4	0.585934248855597	0	0	2.545853161234174	0.4097025468389594	-0.08693221459672965	1.050061362113583	NO	P49336
223	I	223	11.26	-3.544	30.312	0.4	0.585934248855597	0	1	2.0924959637486515	0.4624076765854809	0.22232218887675698	1.050061362113583	NO	P49336
224	F	224	12.613	-7.096	29.859	0.4	0.493936567164179	0	0	1.1718502155028796	1	0.29744042297730694	0.15383109469332426	NO	P49336
225	A	225	15.786	-6.264	31.795	0.4	0.488468634686347	0	0	2.0924959637486515	0.4624076765854809	-0.00608091763853175	0.09408241019864036	NO	P49336
226	E	226	13.674	-4.733	34.54	0.4	0.488468634686347	0	0	2.545853161234174	0.4097025468389594	0.23461586507860213	1.050061362113583	NO	P49336
227	L	227	11.482	-7.854	34.684	0.4	0.48570110701107	0	0	1.519372777926288	0.5565315850620969	0.5006941972199511	0.31574798551850497	NO	P49336
228	L	228	14.659	-9.981	34.985	0.4	0.481751824817518	0	0	1.7659068921447418	0.511279705986801	0.3846888825689696	0.23182645676478192	NO	P49336
229	T	229	16.239	-7.937	37.798	0.4	0.478260869565217	0	0	4.320189752379043	0.2919000797712627	0.29034204120137624	0.5881545607070018	NO	P49336
230	S	230	13.319	-5.953	39.341	0.4	0.544610624033007	0	0	2.545853161234174	0.4097025468389594	0.44595363659610127	1.050061362113583	NO	P49336
231	E	231	15.237	-2.658	38.847	0.4	0.423913043478261	0	0	4.320189752379043	0.2919000797712627	0.2593612696574644	1.050061362113583	NO	P49336
232	P	232	15.084	-0.183	35.933	0.4	0.427878787878788	1	0	4.320189752379043	0.2919000797712627	-0.42903541969549897	1.050061362113583	NO	P49336
233	I	233	18.269	-0.869	33.953	0.4	0.424789410348977	0	0	6.468229811802458	0.2263352723426758	-0.9420288764190204	0.7843211584786902	NO	P49336
234	F	234	18.827	2.786	32.964	0.4	0.426328502415459	0	0	4.320189752379043	0.2919000797712627	-1.1940313650885936	0.7767285812319793	NO	P49336
235	H	235	17.584	4.265	36.244	0.4	0.364105208870552	0	0	12.633363994708036	0.15600211528291902	-1.7503916643813726	0.6957410906003928	NO	P49336
236	C	236	18.676	7.881	36.468	0.4	0.362795477903392	0	0	0	1	-2.0960556655691165	0.66739546887933765	NO	P49336
237	R	237	18.108	10.987	38.621	0.4	0.211630695443645	0	0	0	1	-1.9907781407221206	1.050061362113583	NO	P49336
238	Q	238	15.569	13.501	37.272	0.4	0.212394705174489	0	0	0	1	-1.4325076143628317	1.050061362113583	NO	P49336
245	N	245	16.244	19.775	24.69	0.4	0.254676258992806	0	0	0	1	0.3774922075303259	0.31416541358618794	NO	P49336
246	P	246	16.489	16.164	23.444	0.4	0.252857142857143	0	0	0	1	0.6219285503642704	0.6341201738154902	NO	P49336
247	Y	247	20.05	15.911	24.828	-1.15	0.315178571428571	0	0	0	1	-0.22021134846914295	-0.5432368910779881	NO	P49336
248	H	248	20.102	14.396	28.325	0.4	0	0	0	0	1	-0.6848215910971679	0.720176971394406	NO	P49336
249	H	249	23.618	13.966	29.691	0.4	0	0	0	0	1	-1.6110371068079943	0.16540365194839227	NO	P49336
250	D	250	23.014	11.984	32.883	0.4	0	0	0	0	1	-2.1247652174794354	0.21817898551739745	NO	P49336
251	Q	251	20.726	9.521	31.082	0.4	0	0	0	0	1	-1.3621711487798855	0.390292580675229	NO	P49336
252	L	252	23.356	8.786	28.383	0.4	0	0	0	0	1	-1.452225107247713	0.19230737479778093	NO	P49336
253	D	253	25.973	8.438	31.128	0.4	0	0	0	0	1	-2.3222815938331434	-0.22549161533390147	NO	P49336
254	R	254	23.781	5.837	32.823	0.4	0	0	0	0	1	-1.8444329906896981	0.18036615021757071	NO	P49336
255	I	255	23.325	4.016	29.492	0.4	0	0	0	0	1	-1.399715976385303	0.29479973073020405	NO	P49336
256	F	256	27.117	3.954	28.967	0.4	0	0	0	0	1	-2.1462740932299464	-0.45238721408723287	NO	P49336
257	N	257	27.818	2.799	32.571	-1.15	0	0	0	0	1	-2.168522798983187	-0.6462515465002413	NO	P49336
258	V	258	25.669	-0.244	31.787	0.4	0	0	0	0	1	-1.6758127642894396	-0.3166025422944362	NO	P49336
259	M	259	26.321	-0.867	28.083	0.4	0	0	0	0	1	-1.7217041153488752	-0.399430657713104	NO	P49336
260	G	260	29.825	0.536	27.638	0.4	0	0	0	0	1	-2.025741363666363	-0.7027953101207022	NO	P49336
261	F	261	30.563	3.318	25.128	0.4	0	0	0	0	1	-2.3294444628093287	-0.9177271970226691	NO	P49336
262	P	262	29.807	2.25	21.546	0.4	0	0	0	0	1	-2.307328857870372	-1.1990991773419672	NO	P49336
263	A	263	32.75	1.636	19.228	0.4	0	0	0	0	1	-2.90641150347356	-0.542910328615764	NO	P49336
264	D	264	32.474	3.203	15.775	0.4	0	0	0	0	1	-3.223030305697673	0.3667294099095735	NO	P49336
265	K	265	31.93	-0.268	14.294	0.4	0	1	0	0	1	-3.1479299669117746	0.3667294099095735	NO	P49336
266	D	266	28.958	-0.789	16.696	0.4	0	0	0	0	1	-2.5964061843766553	-0.6225589131522314	NO	P49336
267	W	267	27.115	2.363	15.533	0.4	0	0	0	0	1	-1.5529390163121957	-1.0269610878394737	NO	P49336
268	E	268	28.637	3.732	12.331	0.4	0	0	0	0	1	-2.1146909354005006	-1.6039117683819897	NO	P49336
269	D	269	26.001	6.419	11.67	0.4	0	1	0	0	1	-1.237528692309292	-1.1213711992009765	NO	P49336
270	I	270	26.095	7.8	15.236	0.4	0	0	0	0	1	-0.6918807019319666	-1.570065149313404	NO	P49336
271	K	271	28.045	10.67	13.603	-1.15	0.612280701754386	0	0	0	1	-1.2309464239747068	-1.3390287912104353	NO	P49336
272	K	272	24.883	11.655	11.694	0.4	0.611888111888112	0	0	0	1	-0.050468045305062346	-1.3398860176737737	NO	P49336
273	M	273	23.013	12.338	14.982	0.4	0.609756097560976	0	0	0	1	0.2965155268651036	-1.5232005998338236	NO	P49336
274	P	274	22.434	16.081	15.625	0.4	0.48951048951049	0	0	0	1	0.2656552601747057	-1.9910664110969882	NO	P49336
275	E	275	24.023	15.958	19.13	0.4	0.487804878048781	0	0	0	1	-0.050733454600039446	-1.3393961739804374	NO	P49336
276	H	276	26.988	13.766	18.133	-1.92	0.486713286713287	0	0	0	1	-0.18984005019262057	-1.5232005998338236	NO	P49336
277	S	277	29.397	16.702	18.545	-2.7	0.485017421602788	0	0	0	1	-0.24656013769306953	-2.885515756158921	NO	P49336
278	T	278	27.976	17.392	22.016	0.4	0.485314685314685	0	0	0	1	-0.8260570502752759	-1.9910664110969882	NO	P49336
279	L	279	28.493	13.725	22.928	0.4	0.482229965156795	0	0	0	1	-1.0700904668477493	-1.1800990049075029	NO	P49336
280	M	280	32.147	13.858	21.849	-1.92	0.518481518481519	0	0	0	1	-1.1259353952985203	-1.967736726295703	NO	P49336
281	K	281	32.65	17.032	23.897	0.4	0.514880952380952	0	0	0	1	-0.9360504465805112	-2.930898333629776	NO	P49336
282	D	282	31.016	15.655	27.072	0.4	0.518481518481519	0	0	0	1	-1.8073815033146405	-2.1353921756517744	NO	P49336
283	F	283	32.117	11.997	27.018	0.4	0.515181682429069	0	0	0	1	-2.2804862091721843	-1.537048104241597	NO	P49336
284	R	284	35.313	9.941	26.779	0.4	0.515181682429069	0	0	0	1	-2.052320533981534	-1.4642289720401171	NO	P49336
285	R	285	35.345	6.227	25.836	0.4	0.515181682429069	0	0	0	1	-2.2052070730720863	-1.9910664110969882	NO	P49336
286	N	286	37.908	5.508	28.58	-0.37	0.514880952380952	1	0	0	1	-2.1542049110618127	-2.455651982354987	NO	P49336
287	T	287	35.364	6.358	31.295	0.4	0.515181682429069	0	0	0	1	-2.3402527888243267	-1.8713664249435589	NO	P49336
288	Y	288	33.355	3.227	30.42	0.4	0.51998001998002	0	0	0	1	-2.4480753429623636	-1.1410094781792735	NO	P49336
289	T	289	36.121	0.745	29.576	-2.7	0.519661523145844	1	0	0	1	-2.2139629347628857	-1.8713664249435589	NO	P49336
290	N	290	35.157	-1.856	32.209	0.4	0.519661523145844	0	0	0	1	-1.5357610055669655	-1.8713664249435589	NO	P49336
291	C	291	31.393	-1.55	31.413	-2.7	0.51998001998002	0	0	0	1	-1.7271129547227546	-1.0533666445675594	NO	P49336
292	S	292	29.183	-3.974	29.446	0.4	0.610526315789474	0	0	0	1	-1.4404288187369625	-0.7896785092049043	NO	P49336
293	L	293	25.701	-5.495	29.525	0.4	0.610526315789474	0	0	0	1	-1.1083547346949465	-0.460461900653175	NO	P49336
294	I	294	27.36	-8.829	30.402	0.4	0.700656234225139	1	0	0	1	-0.6115740466028659	-1.0758602669655577	NO	P49336
295	K	295	28.948	-7.31	33.53	0.4	0.703140830800405	1	0	0	1	-0.7428100715767326	-1.1241766676264475	NO	P49336
296	Y	296	25.781	-5.446	34.523	0.4	0.707676664972039	0	0	0	1	-1.1985572187665237	0.06040818995605183	NO	P49336
297	M	297	23.509	-8.484	34.179	0.4	0.712749615975422	0	0	0	1	-0.4051627841638943	-0.8921994971953136	NO	P49336
298	E	298	26.103	-10.702	35.94	0.4	0.704225352112676	0	0	0	1	-0.14612845834663596	0.13895209250823673	NO	P49336
299	K	299	25.859	-8.728	39.198	0.4	0.699300699300699	0	0	0	1	-0.10202760911828525	-0.14576955424343374	NO	P49336
300	H	300	22.052	-9.096	39.051	0.4	0.545102593883082	0	0	0	1	-0.16933503124157856	1.050061362113583	NO	P49336
301	K	301	22.264	-12.91	38.836	0.4	0.548927875243665	0	0	0	1	0.06882810864329206	1.050061362113583	NO	P49336
302	V	302	21.238	-13.159	35.162	0.4	0.463157894736842	0	0	0	1	0.06365771966031793	-0.5432368910779881	NO	P49336
303	K	303	23.462	-15.642	33.303	0.4	0.535332994407728	0	0	0	1	0.1490103998389433	-0.9984649634184369	NO	P49336
304	P	304	25.254	-14.363	30.168	0.4	0.470089285714286	0	0	0	1	0.21218132142161336	-0.9053501304397087	NO	P49336
305	D	305	24.948	-17.783	28.436	0.4	0.538775510204082	0	0	0	1	0.11102826435263935	-1.4804711576612652	NO	P49336
306	S	306	21.151	-17.902	28.989	0.4	0.631294964028777	0	0	0	1	0.15091610300854374	-1.100891279695038	NO	P49336
307	K	307	18.739	-17.596	26.067	0.4	0.631768953068592	1	0	0	1	0.36822103824273206	-1.6522146160553164	NO	P49336
308	A	308	17.153	-14.747	28.072	-1.92	0.627697841726619	0	0	0	0.5816335708132991	0.4013473925610371	-1.074145814038881	NO	P49336
309	F	309	20.354	-12.729	28.043	0.4	0.561151079136691	0	0	0	1	0.14567933813347556	-0.2942840390168051	NO	P49336
310	H	310	21.029	-13.266	24.347	-4.25	0.567777418311226	1	0	0	1	0.06548469813985955	-0.5432368910779881	NO	P49336
311	L	311	17.525	-12.071	23.458	0.4	0.555555555555555	0	0	0	1	0.3369168487058387	-0.4106525314149879	NO	P49336
312	L	312	17.908	-9.075	25.769	0.4	0.555160142348754	0	0	2.545853161234174	0.4097025468389594	-0.015618705660791385	-0.025414958790727443	NO	P49336
313	Q	313	21.18	-8.189	24.079	0.4	0.559139784946237	0	0	0	1	-0.06510658696534699	-0.17905443320562905	NO	P49336
314	K	314	19.578	-8.239	20.62	0.4	0.555953803265631	0	0	0	1	0.2717541438427557	-0.9773571533601314	NO	P49336
315	L	315	16.885	-5.835	21.947	0.4	0.553968253968254	0	0	1.519372777926288	0.5565315850620969	0.5163045802026583	-0.8150961584105318	NO	P49336
316	L	316	19.294	-3.469	23.749	0.4	0.556354916067146	0	0	1.519372777926288	0.5565315850620969	-0.13870234663769418	-0.14506818713706596	NO	P49336
317	T	317	21.485	-2.762	20.746	0.4	0.555953803265631	0	0	0	1	-0.35294174827414004	-0.4106525314149879	NO	P49336
318	M	318	22.719	0.83	20.613	0.4	0.684761281883584	1	0	0	1	-0.9788017075205047	0.4945786138703234	NO	P49336
319	D	319	22.527	1.183	16.846	0.4	0.689202494256646	0	0	0	1	-0.5855314425876431	0.06616708254545683	NO	P49336
320	P	320	18.84	1.123	15.954	0.4	0.693675889328063	0	0	0	1	0.45082720362640744	0.27955303390519104	NO	P49336
321	I	321	19.389	-0.557	12.544	-3.47	0.64051094890511	1	0	0	1	-0.25755982919245074	0.05482143817774325	NO	P49336
322	K	322	21.11	-3.389	14.419	0.4	0.644688644688645	0	0	0	1	-0.6905535003817389	-0.03565491854369683	NO	P49336
323	R	323	18.159	-3.94	16.788	0.4	0.596082883905762	0	0	0	1	0.33853969767489633	0.303631419161703	NO	P49336
324	I	324	16.049	-7.056	16.345	0.4	0.595588235294118	0	0	0	1	0.5444619281112034	-0.8333431075192863	NO	P49336
325	T	325	12.445	-6.51	15.15	0.4	0.595588235294118	1	0	0	1	0.6401772373485561	0.06616708254545683	NO	P49336
326	S	326	9.42	-7.496	17.233	0.4	0.595588235294118	0	0	0	0.5816335708132991	0.7154431298125955	0.7767285812319793	NO	P49336
327	E	327	8.682	-10.427	14.912	0.4	0.65	0	0	0	1	0.7483449362431387	0.6821133878498854	NO	P49336
328	Q	328	12.301	-11.664	14.969	0.4	0.654275092936803	0	0	0	1	0.5961259871522714	0.5945067273109098	NO	P49336
329	A	329	12.173	-11.472	18.776	0.4	0.606666666666667	0	0	0	0.5816335708132991	0.587812186011353	-0.8882898494740067	NO	P49336
330	M	330	8.983	-13.626	18.934	-1.15	0.650557620817844	0	0	0	1	0.926017287468724	0.09339662902796962	NO	P49336
331	Q	331	10.814	-16.289	16.907	0.4	0.746268656716418	0	0	0	1	0.7488401198897475	-0.460461900653175	NO	P49336
332	D	332	13.753	-16.345	19.386	0.4	0.698507462686567	0	0	0	1	0.6336448381724503	-1.5113313103414463	NO	P49336
333	P	333	14.588	-19.812	20.831	0.4	0.689420544337138	2	0	0	1	0.835909047198005	-2.209892948283727	NO	P49336
334	Y	334	14.115	-18.268	24.29	0.4	0.655430711610487	0	0	0	1	0.8894495877029155	-1.8178754936312451	NO	P49336
335	F	335	10.361	-18.8	23.714	0.4	0.737359550561798	0	0	0	0.5816335708132991	1.1592930079110406	-0.9977301978784325	NO	P49336
336	L	336	10.869	-22.476	22.771	-2.7	0.738016917293233	0	0	0	1	1.136723153889054	-1.816846821875239	NO	P49336
337	E	337	12.939	-23.221	25.885	0.4	0.695131086142322	0	0	0	1	1.1277224078905443	-1.760027834881729	NO	P49336
338	D	338	11.181	-24.621	28.941	0.4	0.689962825278811	1	0	0	1	1.2286039328365082	-1.9356584096939362	NO	P49336
339	P	339	8.998	-23.026	30.278	0.4	0.696352201257862	0	0	0	0.5816335708132991	1.1929580125491288	-1.1213711992009765	NO	P49336
340	L	340	6.856	-21.961	27.326	0.4	0.751765344921238	0	0	0	0.5751971642104269	1.2928717833167531	-1.4360325378018046	NO	P49336
341	P	341	5.022	-18.63	27.497	0.4	0.762310606060606	0	0	0	0.5743490729874599	1.139086458302246	-1.1232415114846237	NO	P49336
342	T	342	1.361	-18.85	28.543	0.4	0.76010101010101	1	0	0	0.5751971642104269	1.0211898742688332	-1.1696653342394416	NO	P49336
343	S	343	-1.725	-16.839	27.571	-4.25	0.76010101010101	0	0	0	0.5743490729874599	0.685189940578104	-0.38390706575883105	NO	P49336
344	D	344	-2.278	-16.23	31.298	0.4	0.698380566801619	0	0	0	0.572925491291766	0.41070666791805016	-0.21520489777384105	NO	P49336
345	V	345	1.03	-14.663	32.502	0.4	0.646067415730337	1	0	0	0.572925491291766	0.6220381869354358	8.161709874263208e-4	NO	P49336
346	F	346	0.089	-15.798	36.044	0.4	0.641263940520446	0	0	0	1	0.5599730684791194	-0.2535462995886116	NO	P49336
347	A	347	-0.329	-19.408	34.819	0.4	0.636029411764706	0	0	0	1	0.7100248094117926	-0.5432368910779881	NO	P49336
348	G	348	0.797	-22.05	37.331	0.4	0.640740740740741	1	0	0	1	0.8955267445794197	-1.2140993134744391	NO	P49336
349	C	349	0.551	-19.556	40.194	0.4	0.533517835178352	0	0	0	1	0.6500348651695658	0.207760724254523	NO	P49336
350	Q	350	-1.716	-17.321	42.289	0.4	0.530024509803922	1	0	0	1	0.14027479780065696	1.050061362113583	NO	P49336
351	I	351	-1.986	-13.51	42.205	0.4	0.532407407407407	0	0	0	1	0.26050755002728954	1.050061362113583	NO	P49336
352	P	352	-0.626	-11.808	45.381	0.4	0.580342167058034	0	0	0	1	0.48392279401490157	1.050061362113583	NO	P49336
353	Y	353	-0.877	-8.172	44.159	0.4	0.580808080808081	0	0	0	1	0.5241118027015486	1.050061362113583	NO	P49336
