Uniprot_position	aminoacid	Position_in_structure	x	y	z	paraz	mtr	gscount	pscount	OR	pvalue	mtr3dscore	paraz3dscore	HotSpot3D	Uniprot
11	L	11	56.688	153.575	154.059	NA	0.402854877081681	0	0	0	1	-0.5647324585908443	Inf	NO	P62195
12	E	12	58.485	150.674	155.789	NA	0.40107156525067	0	0	0	1	-0.6277855990423304	Inf	NO	P62195
13	E	13	59.031	149.119	152.337	NA	0.375866851595007	0	0	0	1	-0.6798291341871834	Inf	NO	P62195
14	G	14	61.128	151.222	152.563	NA	0.375586854460094	0	0	0	1	-0.7228081647963025	Inf	NO	P62195
15	K	15	63.166	153.658	154.641	NA	0.377038486627528	2	0	0	1	-0.7489089033528551	Inf	NO	P62195
16	A	16	64.304	150.514	156.459	NA	0.375078665827565	0	0	0	1	-0.7489089033528551	Inf	NO	P62195
17	G	17	64.753	148.666	153.166	NA	0.373252279635258	0	0	0	1	-0.7716541365767523	Inf	NO	P62195
18	S	18	66.361	151.631	151.426	NA	0.236664162283997	0	0	0	1	-0.7903139939306715	Inf	NO	P62195
19	G	19	68.258	152.124	154.676	NA	0.235636363636364	0	0	0	1	-0.8130372281284333	Inf	NO	P62195
20	L	20	69.626	148.629	154.133	NA	0.234877962504422	0	0	0	1	-0.8464806132638022	Inf	NO	P62195
21	R	21	70.545	149.823	150.634	NA	0.233962264150943	0	0	0	1	-0.8727607870014759	Inf	NO	P62195
22	Q	22	72.372	152.784	152.178	NA	0.234820530023482	0	0	0	1	-0.8787333114990956	Inf	NO	P62195
23	Y	23	74.232	150.34	154.427	NA	0.259259259259259	0	0	0	1	-0.9993849160914872	Inf	NO	P62195
24	Y	24	75.526	148.15	151.588	NA	0.25830258302583	0	0	0	1	-1.163682464805411	Inf	NO	P62195
25	L	25	76.873	151.246	149.829	NA	0.261194029850746	0	0	0	1	-1.291077976099406	Inf	NO	P62195
26	S	26	78.521	152.408	153.064	NA	0.259259259259259	0	0	0	1	-1.3718543131886192	Inf	NO	P62195
27	K	27	79.699	148.81	153.538	NA	0.288065843621399	0	0	0	1	-1.3718543131886192	Inf	NO	P62195
28	I	28	81.237	148.852	150.059	NA	0.324074074074074	1	0	0	1	-1.5324465357155113	Inf	NO	P62195
29	E	29	82.365	152.438	150.712	NA	0.325	0	0	0	1	-1.5376518820641507	Inf	NO	P62195
30	E	30	83.984	151.352	153.984	NA	0.326208178438662	0	0	0	1	-1.508338588565558	Inf	NO	P62195
31	L	31	85.552	148.473	152.057	NA	0	0	0	0	1	-1.527886156507367	Inf	NO	P62195
32	Q	32	86.527	151.074	149.453	NA	0	0	0	0	1	-1.475460588051609	Inf	NO	P62195
33	L	33	87.753	153.325	152.283	NA	0	0	0	0	1	-1.500967989274371	Inf	NO	P62195
34	I	34	89.789	150.368	153.56	NA	0	0	0	0	1	-1.440126839273538	Inf	NO	P62195
35	V	35	91.313	149.76	150.116	NA	0	0	0	0	1	-1.3650145874950612	Inf	NO	P62195
36	N	36	91.709	153.542	149.903	NA	0	1	0	0	1	-1.3650145874950612	Inf	NO	P62195
37	D	37	93.816	153.416	153.071	NA	0.218711276332094	0	0	0	1	-1.3252090486083858	Inf	NO	P62195
38	K	38	95.407	150.287	151.602	NA	0.263432835820896	1	0	0	1	-1.2083802338355505	Inf	NO	P62195
39	S	39	96.344	152.497	148.638	NA	0.264661654135338	1	0	0	1	-0.9109533344403274	Inf	NO	P62195
40	Q	40	97.371	155.45	150.833	NA	0.331766917293233	0	0	0	1	-0.9109533344403274	Inf	NO	P62195
41	N	41	100.434	153.693	152.237	NA	0.439450686641698	0	0	0	1	-0.6455899897271105	Inf	NO	P62195
42	L	42	100.793	152.068	148.812	NA	0.436567164179104	0	0	0	1	-0.45828624026702547	Inf	NO	P62195
43	R	43	100.98	155.56	147.314	NA	0.330827067669173	1	0	0	1	-0.4541364228377781	Inf	NO	P62195
44	R	44	103.707	156.21	149.892	NA	0.440699126092385	0	0	0	1	-0.19774828723285504	Inf	NO	P62195
45	L	45	105.515	153.031	148.822	NA	0.667293233082707	0	0	0	1	-0.12536150456744885	Inf	NO	P62195
46	Q	46	105.017	154.237	145.246	NA	0.667293233082707	0	0	0	1	-0.0817885862501998	Inf	NO	P62195
47	A	47	106.22	157.755	146.071	NA	0.530337078651685	0	0	0	1	-0.06013079778365348	Inf	NO	P62195
48	Q	48	109.157	156.287	148.023	NA	0.441947565543071	0	0	0	1	0.04510304643125718	Inf	NO	P62195
49	R	49	110.494	154.341	145.04	NA	0.440699126092385	0	0	0	1	0.030603000715122366	Inf	NO	P62195
50	N	50	109.513	157.315	142.865	NA	0.443609022556391	0	0	0	1	-0.0012410306120596375	Inf	NO	P62195
51	E	51	111.633	159.486	145.158	NA	0.382749326145553	0	0	0	1	-0.05094736604391615	Inf	NO	P62195
52	L	52	114.353	156.848	144.818	NA	0.380592991913747	1	0	0	1	-0.06389754708561109	Inf	NO	P62195
53	N	53	113.733	157.102	141.071	NA	0.383116883116883	0	0	0	1	-0.18242204209776414	Inf	NO	P62195
54	A	54	114.668	160.762	141.528	NA	0.500943396226415	0	0	0	1	-0.29766403338689656	Inf	NO	P62195
55	K	55	117.6	159.728	143.744	NA	0.444025157232704	0	0	0	1	-0.28871487787307276	Inf	NO	P62195
56	V	56	119.24	157.528	141.095	NA	0.399622641509434	0	0	0	1	-0.35079540949833593	Inf	NO	P62195
57	R	57	118.939	160.486	138.727	NA	0.366055997234704	0	0	0	1	-0.35736517876998714	Inf	NO	P62195
58	L	58	120.23	162.822	141.449	NA	0.290934065934066	1	0	0	1	-0.364407038098518	Inf	NO	P62195
59	L	59	123.385	160.754	142.006	NA	0.29288472145615	0	0	0	1	-0.3384849132902601	Inf	NO	P62195
60	R	60	123.788	160.32	138.235	NA	0.340384615384615	2	0	0	1	-0.3344162361322356	Inf	NO	P62195
61	E	61	123.419	164.09	137.85	NA	0.320036060401172	0	0	0	1	-0.3307508160110135	Inf	NO	P62195
62	E	62	125.761	164.556	140.813	NA	0.42995951417004	1	0	0	1	-0.343799024845013	Inf	NO	P62195
63	L	63	128.182	162.058	139.269	NA	0.427102238354507	0	0	0	1	-0.3848354245020872	Inf	NO	P62195
64	Q	64	128.237	164.216	136.127	NA	0.422653592155293	0	0	0	1	-0.41774382845986674	Inf	NO	P62195
65	L	65	129.548	167.193	138.115	NA	0.424266773804741	0	0	0	1	-0.4217414309350224	Inf	NO	P62195
66	L	66	132.239	164.811	139.412	NA	0.421452871723034	0	0	0	1	-0.35465369802884666	Inf	NO	P62195
67	Q	67	132.618	163.009	136.063	NA	0.424266773804741	0	0	0	1	-0.35880754040282936	Inf	NO	P62195
68	E	68	134.905	164.83	133.623	NA	0.392529635428316	0	0	0	1	-0.27656643102418144	Inf	NO	P62195
69	Q	69	138.171	165.436	135.495	NA	0.373197625106022	1	0	0	1	-0.32590361885051156	Inf	NO	P62195
70	G	70	136.863	164.325	138.895	NA	0.371778622729193	1	0	0	1	-0.3394804711013345	Inf	NO	P62195
71	S	71	136.407	166.403	142.028	NA	0.374627501064283	1	0	0	1	-0.36413060916671436	Inf	NO	P62195
72	Y	72	139.78	166.894	143.712	NA	0.374627501064283	1	0	0	1	-0.07327701681175504	Inf	NO	P62195
73	V	73	140.834	167.997	147.204	NA	0.373197625106022	2	0	0	1	-0.15877909727260692	Inf	NO	P62195
74	G	74	142.861	171.188	147.447	NA	0.39553752535497	0	0	0	1	0.1558930951553248	Inf	NO	P62195
75	E	75	145.014	172.608	150.233	NA	0.392529635428316	1	0	0	1	0.26363469862532685	Inf	NO	P62195
76	V	76	145.207	176.354	150.867	NA	0.33587786259542	0	0	0	1	0.3248152399894691	Inf	NO	P62195
77	V	77	148.693	177.39	151.97	NA	0.395150426582847	1	0	0	1	0.7570571681996906	Inf	NO	P62195
78	R	78	147.9	181.114	152.206	NA	0.416666666666667	0	0	0	1	0.7045153557209899	Inf	NO	P62195
79	A	79	145.248	183.667	151.258	NA	0.442767295597484	0	0	0	1	0.7941147649674927	Inf	NO	P62195
80	M	80	145.948	186.617	148.963	NA	0.440699126092385	0	0	0	1	0.7861336139698717	Inf	NO	P62195
81	D	81	144.517	190.141	148.907	NA	0.490706319702602	0	0	0	1	0.7454209348049846	Inf	NO	P62195
82	K	82	144.251	189.911	145.094	NA	0.538344226579521	0	0	0	1	0.8495205918715418	Inf	NO	P62195
83	K	83	141.024	187.79	145.34	NA	0.509876543209877	0	0	0	1	1.0612308140576008	Inf	NO	P62195
84	K	84	142.977	184.666	144.301	NA	0.54598033545402	0	0	0	1	0.7384887337247167	Inf	NO	P62195
85	V	85	143.312	181.734	146.708	NA	0.479082321187584	0	0	0	1	0.7092392361148855	Inf	NO	P62195
86	L	86	146.347	179.452	146.63	NA	0.541571319603356	0	0	0	1	0.6642761028914812	Inf	NO	P62195
87	V	87	145.396	175.784	146.188	NA	0.565511748307447	0	0	0	1	0.5345042572991135	Inf	NO	P62195
88	K	88	147.846	172.907	146.649	NA	0.673987126088603	0	0	0	1	0.6207287816069937	Inf	NO	P62195
89	V	89	147.304	169.397	145.29	NA	0.805505415162455	0	0	0	1	0.7155294261780312	Inf	NO	P62195
90	H	90	149.13	166.612	147.122	NA	0.839300937766411	0	0	0	1	0.8797298207733423	Inf	NO	P62195
91	P	91	150.931	164.971	144.149	NA	0.858513189448441	1	0	0	1	1.193687505396775	Inf	NO	P62195
92	E	92	151.186	168.211	142.154	NA	0.879704301075269	1	0	0	1	1.1488134673149621	Inf	NO	P62195
93	G	93	152.545	171.625	143.135	NA	0.860911270983213	0	0	0	1	1.1635683839473527	Inf	NO	P62195
94	K	94	150.798	174.698	144.512	NA	0.807104316546763	0	0	0	1	1.083544211759909	Inf	NO	P62195
95	F	95	148.198	176.179	142.161	NA	0.807104316546763	0	0	0	1	0.8113161423792168	Inf	NO	P62195
96	V	96	145.967	179.24	142.643	NA	0.843989769820972	1	0	0	1	0.5730777225410213	Inf	NO	P62195
97	V	97	142.377	180.192	141.823	NA	0.840942875345084	1	0	0	1	0.4706054575535271	Inf	NO	P62195
98	D	98	140.234	183.327	142.061	NA	0.834914611005693	0	0	0	1	0.7932636973938896	Inf	NO	P62195
99	V	99	136.583	183.714	143.151	NA	0.826032540675845	1	0	0	1	0.6631853579365291	Inf	NO	P62195
100	D	100	135.029	181.295	144.178	NA	0.820215410107705	0	0	0	1	0.5592217906093956	Inf	NO	P62195
101	K	101	132.167	183.453	145.458	NA	0.77856860419138	1	0	0	1	0.7760860666882553	Inf	NO	P62195
102	N	102	130.883	180.722	147.795	NA	0.784149741138989	0	0	0	1	0.6160061366014051	Inf	NO	P62195
103	I	103	133.846	180.953	150.198	NA	0.792017649418372	2	0	0	1	0.6176603213775568	Inf	NO	P62195
104	D	104	134.622	184.593	150.948	NA	0.749716016660356	0	0	0	1	0.8335591237802553	Inf	NO	P62195
105	I	105	138.174	185.931	150.811	NA	0.712230215827338	1	0	0	1	0.8652580311892014	Inf	NO	P62195
106	N	106	138.278	186.752	154.527	NA	0.675883256528418	0	0	0	1	0.897537433893903	Inf	NO	P62195
107	D	107	136.745	183.343	155.288	NA	0.68019869818431	1	0	0	1	0.7302200381814129	Inf	NO	P62195
108	V	108	139.729	181.618	153.657	NA	0.649280575539568	1	0	0	1	0.46628810119119585	Inf	NO	P62195
109	T	109	142.32	180.659	156.267	NA	0.617852875917392	0	0	0	1	0.12238256002599217	Inf	NO	P62195
110	P	110	145.766	179.147	155.609	NA	0.613945578231293	0	0	0	1	0.2101925976624394	Inf	NO	P62195
111	N	111	146.651	175.491	156.181	NA	0.618362452894827	1	0	0	1	-0.3051626256904631	Inf	NO	P62195
112	C	112	143.166	174.111	155.521	NA	0.552551020408163	0	0	0	1	-0.32511600909737404	Inf	NO	P62195
113	R	113	141.549	171.554	153.222	NA	0.546312016600641	0	0	0	1	-0.27566224045442483	Inf	NO	P62195
114	V	114	139.141	172.427	150.406	NA	0.575539568345324	0	0	0	1	-0.09788501942234513	Inf	NO	P62195
115	A	115	137.42	170.472	147.65	NA	0.536631981312381	0	0	0	1	-0.26484572573791587	Inf	NO	P62195
116	L	116	138.889	171.253	144.224	NA	0.541478129713424	0	0	0	1	-0.018286493528029815	Inf	NO	P62195
117	R	117	136.448	171.478	141.321	NA	0.46583044982699	0	0	0	1	-0.2285832528652171	Inf	NO	P62195
118	N	118	137.208	169.878	137.957	NA	0.435151515151515	0	0	0	1	-0.4713807952622196	Inf	NO	P62195
119	D	119	136.349	172.877	135.755	NA	0.306052855924979	0	0	0	1	-0.2739046389623174	Inf	NO	P62195
120	S	120	137.729	176.197	137.031	NA	0.306052855924979	0	0	0	1	0.2504079381730912	Inf	NO	P62195
121	Y	121	139.708	174.582	139.894	NA	0.244090909090909	0	0	0	1	0.21619120905202435	Inf	NO	P62195
122	T	122	137.605	176.598	142.343	NA	0.244090909090909	0	0	0	1	0.2598359306927556	Inf	NO	P62195
123	L	123	136.724	175.584	145.918	NA	0.187336473050759	0	0	0	1	0.24493735033488934	Inf	NO	P62195
124	H	124	133.781	173.175	146.007	NA	0.101244343891403	0	0	0	1	-0.05763644044382346	Inf	NO	P62195
125	K	125	133.621	172.553	149.773	NA	0.10968137254902	0	0	0	1	-0.213934104510358	Inf	NO	P62195
126	I	126	135.608	173.057	152.986	NA	0.110285006195787	0	0	0	1	-0.2233115780189466	Inf	NO	P62195
127	L	127	137.149	170.306	155.112	NA	0	0	0	0	1	-0.6340116869344932	Inf	NO	P62195
128	P	128	139.079	170.514	158.398	NA	0	0	0	0	1	-0.6556230564628893	Inf	NO	P62195
129	N	129	142.643	169.378	158.999	NA	0	0	0	0	1	-0.8614997218449605	Inf	NO	P62195
130	K	130	143.885	167.576	162.111	NA	0.109355638166047	0	0	0	1	-1.3455324467709628	Inf	NO	P62195
131	V	131	147.393	168.575	163.185	NA	0.118855218855219	0	0	0	1	-1.1626745230790583	Inf	NO	P62195
132	D	132	147.309	167.109	166.721	NA	0.119742198100407	0	0	0	1	-1.3428247269541276	Inf	NO	P62195
133	P	133	146.075	163.551	165.917	NA	0.110588972431078	0	0	0	1	-1.386239457084386	Inf	NO	P62195
134	L	134	149.252	163.032	163.877	NA	0.110588972431078	0	0	0	1	-1.3540779891815409	Inf	NO	P62195
135	V	135	151.288	164.369	166.818	NA	0.119742198100407	0	0	0	1	-1.172017749039302	Inf	NO	P62195
136	S	136	149.317	162.352	169.377	NA	0.237918215613383	0	0	0	1	-1.2005782768141755	Inf	NO	P62195
137	L	137	149.762	159.298	167.131	NA	0.259040590405904	0	0	0	1	-1.1830586864540107	Inf	NO	P62195
138	M	138	153.501	159.25	167.871	NA	0.259040590405904	0	0	0	1	-1.072188584114871	Inf	NO	P62195
139	M	139	152.56	160.107	171.458	NA	0.259259259259259	0	0	0	1	-0.927805825063654	Inf	NO	P62195
140	V	140	149.99	157.345	172.032	NA	0.259479553903346	0	0	0	1	-1.1735290873785877	Inf	NO	P62195
141	E	141	152.421	154.972	170.318	NA	0.26044776119403	0	0	0	1	-1.0864199073834915	Inf	NO	P62195
142	K	142	155.067	155.865	172.91	NA	0.354849611355188	0	0	0	1	-0.817277673963009	Inf	NO	P62195
143	V	143	152.815	156.219	175.975	NA	0.387777777777778	0	0	0	1	-0.9531465110265707	Inf	NO	P62195
144	P	144	149.975	154.269	177.633	NA	0.351224421335122	0	0	0	1	-1.0816903615938642	Inf	NO	P62195
145	D	145	147.276	155.654	179.952	NA	0.352525252525253	1	0	0	1	-1.015220125125192	Inf	NO	P62195
146	S	146	148.111	154.332	183.456	NA	0.352525252525253	0	0	0	1	-0.8853351192412869	Inf	NO	P62195
147	T	147	145.438	155.673	185.802	NA	0.390671641791045	0	0	0	1	-0.7593752832344696	Inf	NO	P62195
148	Y	148	146.597	156.537	189.324	NA	0.432465923172243	0	0	0	1	-0.6050786542330662	Inf	NO	P62195
149	E	149	145.992	152.992	190.594	NA	0.486524163568773	0	0	0	1	-0.30917281171248245	Inf	NO	P62195
150	M	150	148.229	151.447	187.912	NA	0.486940298507463	0	0	0	1	-0.4445572570471033	Inf	NO	P62195
151	I	151	151.577	152.494	189.447	NA	0.486524163568773	1	0	0	1	-0.4155442574059908	Inf	NO	P62195
152	G	152	152.858	152.209	193.008	NA	0.486524163568773	0	0	0	1	-0.19013958202519807	Inf	NO	P62195
153	G	153	155.302	154.494	194.764	NA	0.486940298507463	0	0	0	1	-0.1823378246751988	Inf	NO	P62195
154	L	154	153.739	157.413	192.858	NA	0.486940298507463	0	0	0	1	-0.4729822542836707	Inf	NO	P62195
155	D	155	151.395	158.378	195.72	NA	0.484317343173432	0	0	0	1	-0.17775682783200966	Inf	NO	P62195
156	K	156	153.989	160.838	197.025	NA	0.427696078431373	0	0	0	1	-0.06197333301395358	Inf	NO	P62195
157	Q	157	154.706	162.063	193.487	NA	0.349369608493696	1	0	0	1	-0.5337159710477614	Inf	NO	P62195
158	I	158	151.182	163.204	192.585	NA	0.349369608493696	0	0	0	1	-0.5828016200406341	Inf	NO	P62195
159	K	159	150.87	164.43	196.178	NA	0.353237168735324	0	0	0	1	-0.43313119720729587	Inf	NO	P62195
160	E	160	153.076	167.504	195.712	NA	0.326208178438662	0	0	0	1	-0.5333013557653512	Inf	NO	P62195
161	I	161	153.163	167.455	191.88	NA	0.237242311591754	0	0	0	1	-0.7257382941677426	Inf	NO	P62195
162	K	162	149.413	168.004	191.373	NA	0.237242311591754	0	0	0	1	-0.8468469635110973	Inf	NO	P62195
163	E	163	149.575	171.797	191.746	NA	0.238805970149254	0	0	0	1	-1.1494963001549734	Inf	NO	P62195
164	V	164	152.443	171.872	189.257	NA	0.260966542750929	0	0	0	1	-0.8070478820514733	Inf	NO	P62195
165	I	165	149.612	171.133	186.804	NA	0.261194029850746	0	0	0	1	-0.903384253109291	Inf	NO	P62195
166	E	166	146.223	172.562	187.752	NA	0.263157894736842	0	0	0	1	-1.1365352594884546	Inf	NO	P62195
167	L	167	147.257	175.524	189.934	NA	0.146483562213899	0	0	0	1	-1.371851307070063	Inf	NO	P62195
168	P	168	148.514	177.793	187.087	NA	0.14703425229741	0	0	0	1	-1.1266374427614207	Inf	NO	P62195
169	V	169	145.319	176.984	185.151	NA	0.132330827067669	0	0	0	1	-1.1506367949177738	Inf	NO	P62195
170	K	170	142.383	177.506	187.516	NA	0.133333333333333	0	0	0	1	-1.282939315853991	Inf	NO	P62195
171	H	171	144.177	179.399	190.332	NA	0.134865900383142	0	0	0	1	-1.4343156870582148	Inf	NO	P62195
172	P	172	146.082	182.459	189.086	NA	0.135384615384615	0	0	0	1	-1.5399574674126977	Inf	NO	P62195
173	E	173	145.113	184.313	192.277	NA	0	0	0	0	1	-1.8430429046810373	Inf	NO	P62195
174	L	174	146.987	182.353	194.958	NA	0.112707535121328	0	0	0	1	-1.8036764420445104	Inf	NO	P62195
175	F	175	150.187	182.798	192.947	NA	0.122484385843164	0	0	0	1	-1.6703288103491065	Inf	NO	P62195
176	E	176	149.908	186.487	193.84	NA	0.122605363984674	0	0	0	1	-1.855972499942631	Inf	NO	P62195
177	A	177	148.917	185.689	197.43	NA	0.113141025641026	0	0	0	1	-1.890116016861611	Inf	NO	P62195
178	L	178	152.63	184.984	197.88	NA	0.114341085271318	0	0	0	1	-1.8990202801005545	Inf	NO	P62195
179	G	179	153.343	187.409	195.03	NA	0.105656988925471	0	0	0	1	-1.8990202801005545	Inf	NO	P62195
180	I	180	154.997	184.725	192.914	NA	0.106370192307692	0	0	0	1	-1.7249003184756189	Inf	NO	P62195
181	A	181	154.954	183.152	189.445	NA	0.116469816272966	0	0	0	1	-1.0742294822125602	Inf	NO	P62195
182	Q	182	154.85	179.638	187.983	NA	0.116930171277997	0	0	0	1	-0.9692336644331073	Inf	NO	P62195
183	P	183	157.687	177.08	188.033	NA	0.108669108669109	0	0	0	1	-0.4236427775265669	Inf	NO	P62195
184	K	184	159.427	176.104	184.811	NA	0.109408519767086	0	0	0	1	-0.2298472858817181	Inf	NO	P62195
185	G	185	159.583	172.329	185.271	NA	0.108543630282761	0	0	0	1	-0.04870294430327515	Inf	NO	P62195
186	V	186	160.843	169.345	187.241	NA	0.108116293155663	0	0	0	1	-0.006880266859456165	Inf	NO	P62195
187	L	187	162.923	166.171	186.836	NA	0.117918313570487	0	0	0	1	0.09311219133849598	Inf	NO	P62195
188	L	188	163.609	162.795	188.445	NA	0.13984375	0	0	0	1	-0.03415360821657914	Inf	NO	P62195
189	Y	189	167.015	161.265	189.196	NA	0.138910505836576	1	0	0	1	-0.017971849037741537	Inf	NO	P62195
190	G	190	168.23	157.868	190.345	NA	0.138910505836576	0	0	0	1	0.0199519056652278	Inf	NO	P62195
191	P	191	169.319	154.325	189.513	NA	0.154177433247201	0	0	0	1	0.005179083136808709	Inf	NO	P62195
192	P	192	166.675	151.993	188.045	NA	0.126636009904492	0	0	0	1	-0.15660905158176022	Inf	NO	P62195
193	G	193	164.292	151.423	189.413	NA	0.126636009904492	0	0	0	1	-0.32696264219614163	Inf	NO	P62195
194	T	194	161.092	151.646	187.39	NA	0.127485795454545	0	0	0	1	-0.3353741537663127	Inf	NO	P62195
195	G	195	159.193	154.571	185.919	NA	0.127485795454545	0	0	0	1	-0.46641880467949093	Inf	NO	P62195
196	K	196	161.282	155.031	182.778	NA	0.128489620615605	0	0	0	1	-0.44149646666747067	Inf	NO	P62195
197	T	197	158.065	154.08	180.988	NA	0.129356809198706	0	0	0	1	-0.5930655574353161	Inf	NO	P62195
198	L	198	155.782	154.621	183.991	NA	0.128489620615605	0	0	0	1	-0.6135178787812394	Inf	NO	P62195
199	L	199	156.649	158.264	184.74	NA	0.117782152230971	0	0	0	1	-0.5254235668571395	Inf	NO	P62195
200	A	200	155.953	159.211	181.126	NA	0.128489620615605	0	0	0	1	-0.7465977414710391	Inf	NO	P62195
201	R	201	152.983	156.832	181.366	NA	0.11745406824147	0	0	0	1	-0.9194736298742411	Inf	NO	P62195
202	A	202	151.462	158.889	184.193	NA	0.233333333333333	0	0	0	1	-0.7953815186175763	Inf	NO	P62195
203	V	203	152.028	162.356	182.689	NA	0.233072916666667	0	0	0	1	-0.7287266509026845	Inf	NO	P62195
204	A	204	149.412	161.858	179.958	NA	0.253272019808985	0	0	0	1	-0.9410489798607637	Inf	NO	P62195
205	H	205	146.619	160.685	182.269	NA	0.140234375	0	0	0	1	-0.9521266775281715	Inf	NO	P62195
206	H	206	147.41	163.008	185.189	NA	0.139147286821705	0	0	0	1	-0.9465616437654749	Inf	NO	P62195
207	T	207	148.214	166.322	183.495	NA	0.139147286821705	1	0	0	1	-0.8947324444316739	Inf	NO	P62195
208	D	208	145.916	165.693	180.496	NA	0.154011154011154	0	0	0	1	-1.098234712481424	Inf	NO	P62195
209	C	209	148.496	167.299	178.225	NA	0.152991452991453	0	0	0	1	-0.8608706020038738	Inf	NO	P62195
210	T	210	150.349	166.707	174.991	NA	0.304182509505703	0	0	0	1	-0.8940106154776085	Inf	NO	P62195
211	F	211	153.088	164.082	175.231	NA	0.303872053872054	0	0	0	1	-0.8847091355941034	Inf	NO	P62195
212	I	212	155.53	165.87	172.884	NA	0.272452830188679	0	0	0	1	-0.7521783900470327	Inf	NO	P62195
213	R	213	158.807	164.162	173.562	NA	0.270676691729323	0	0	0	1	-0.498143174626601	Inf	NO	P62195
214	V	214	162.551	164.339	173	NA	0.30188679245283	0	0	0	1	-0.14852794667272307	Inf	NO	P62195
215	S	215	163.865	162.785	169.797	NA	0.299625468164794	0	0	0	1	-0.32577467381185643	Inf	NO	P62195
216	G	216	162.311	160.659	168.95	NA	0.299625468164794	0	0	0	1	-0.5265715833640153	Inf	NO	P62195
217	S	217	164.13	159.683	165.769	NA	0.268401486988848	1	0	0	1	-0.5566168527236955	Inf	NO	P62195
218	E	218	163.301	160.782	162.625	NA	0.244001351808043	0	0	0	1	-0.9080503503617585	Inf	NO	P62195
219	L	219	159.701	162.172	162.513	NA	0.244001351808043	0	0	0	1	-1.014231629889268	Inf	NO	P62195
220	V	220	160.06	164.516	165.468	NA	0.243097643097643	0	0	0	1	-0.9609379063139476	Inf	NO	P62195
221	Q	221	161.642	167.103	163.153	NA	0.241310160427808	0	0	0	1	-0.8612826783614439	Inf	NO	P62195
222	K	222	159.72	166.268	159.969	NA	0.24042624042624	0	0	0	1	-0.973739141117418	Inf	NO	P62195
223	F	223	156.08	166.961	160.835	NA	0.293854293854294	0	0	0	1	-1.1277232232484642	Inf	NO	P62195
224	I	224	156.566	170.274	162.663	NA	0.293854293854294	0	0	0	1	-0.970909117311332	Inf	NO	P62195
225	G	225	158.152	172.764	160.276	NA	0.292781832927818	1	0	0	1	-0.830310753631566	Inf	NO	P62195
226	E	226	161.134	171.697	158.224	NA	0.293854293854294	0	0	0	1	-0.8564408753799532	Inf	NO	P62195
227	G	227	162.906	170.561	161.392	NA	0.396703296703297	1	0	0	1	-0.7719715949900297	Inf	NO	P62195
228	A	228	162.558	170.654	165.154	NA	0.392391304347826	0	0	0	1	-0.7567328313946566	Inf	NO	P62195
229	R	229	164.954	173.024	166.912	NA	0.356719367588933	1	0	0	1	-0.5413829273246393	Inf	NO	P62195
230	M	230	163.314	172.009	170.239	NA	0.392391304347826	0	0	0	1	-0.25096328594749634	Inf	NO	P62195
231	V	231	163.554	175.634	171.417	NA	0.390974729241877	0	0	0	1	-0.1259291785288504	Inf	NO	P62195
232	R	232	160.518	176.931	169.492	NA	0.434416365824308	1	0	0	1	-0.48136578598709767	Inf	NO	P62195
233	E	233	158.434	174.332	167.634	NA	0.326992753623188	1	0	0	1	-0.7612189761663134	Inf	NO	P62195
234	L	234	158.092	172.04	170.66	NA	0.289610910549539	0	0	0	1	-0.48891918922191335	Inf	NO	P62195
235	F	235	157.374	175.209	172.66	NA	0.325812274368231	0	0	0	1	-0.2544893712987821	Inf	NO	P62195
236	V	236	154.966	176.628	170.06	NA	0.289610910549539	0	0	0	1	-0.6139079900034962	Inf	NO	P62195
237	M	237	153.077	173.322	169.968	NA	0.289855072463768	0	0	0	1	-0.8528704852651156	Inf	NO	P62195
238	A	238	153.014	173.544	173.77	NA	0.290909090909091	0	0	0	1	-0.5344173267323292	Inf	NO	P62195
239	R	239	151.028	176.788	173.47	NA	0.264468864468864	0	0	0	1	-0.5238859468460642	Inf	NO	P62195
240	E	240	148.289	175.17	171.36	NA	0.261818181818182	1	0	0	1	-0.794929736003871	Inf	NO	P62195
241	H	241	147.353	173.05	174.392	NA	0.145454545454545	0	0	0	1	-0.8223893914474115	Inf	NO	P62195
242	A	242	146.725	175.365	177.341	NA	0.263503649635037	1	0	0	1	-0.7905360652609067	Inf	NO	P62195
243	P	243	147.536	172.853	180.288	NA	0.29466829466829503	0	0	0	1	-0.877579812715098	Inf	NO	P62195
244	S	244	150.499	171.351	178.422	NA	0.401111111111111	1	0	0	1	-0.7566602760121321	Inf	NO	P62195
245	I	245	153.822	170.251	179.913	NA	0.402602230483271	0	0	0	1	-0.7437811350372387	Inf	NO	P62195
246	I	246	156.943	168.897	178.173	NA	0.399630996309963	0	0	0	1	-0.48537045779064225	Inf	NO	P62195
247	F	247	158.497	165.463	178.688	NA	0.55453431372549	0	0	0	1	-0.4791746935595199	Inf	NO	P62195
248	M	248	161.794	164.056	177.409	NA	0.601065601065601	0	0	0	1	-0.21151458504612314	Inf	NO	P62195
249	D	249	162.129	160.278	177.122	NA	0.661172161172161	0	0	0	1	-0.3537012080086735	Inf	NO	P62195
250	E	250	164.447	158.677	177.095	NA	0.658759124087591	0	0	0	1	-1.375078494655247e-4	Inf	NO	P62195
251	I	251	167.732	160.334	176.047	NA	0.666051660516605	0	0	0	1	0.45510781927324434	Inf	NO	P62195
252	D	252	169.097	158.445	179.062	NA	0.60550150956055	0	0	0	1	0.364985666837227	Inf	NO	P62195
253	S	253	170.762	155.072	178.416	NA	0.601065601065601	0	0	0	1	0.5196731632151805	Inf	NO	P62195
254	I	254	174.215	153.537	177.986	NA	0.607178799060718	1	0	0	1	0.8598502686885945	Inf	NO	P62195
255	G	255	175.398	154.153	174.459	NA	0.601065601065601	0	0	0	1	0.7593291710703588	Inf	NO	P62195
256	S	256	176.918	156.822	175.363	NA	0.664206642066421	0	0	0	1	0.7538612710130204	Inf	NO	P62195
257	S	257	177.875	155.587	178.813	NA	0.60382422006038206	2	0	0	1	0.8279078021745031	Inf	NO	P62195
258	R	258	181.006	157.689	178.146	NA	0.533333333333333	3	0	0	1	0.7904018854508646	Inf	NO	P62195
259	L	259	179.021	160.861	179.094	NA	0.481717544448172	1	0	0	1	0.8516664338660849	Inf	NO	P62195
260	E	260	179.738	162.327	175.633	NA	0.527941176470588	0	0	0	1	0.6101582026383886	Inf	NO	P62195
261	G	261	176.536	161.467	173.767	NA	0.527472527472528	0	0	0	1	0.6272974951990483	Inf	NO	P62195
262	G	262	174.564	160.887	176.954	NA	0.531365313653137	1	0	0	1	0.7986385224997271	Inf	NO	P62195
263	S	263	174.95	164.338	178.489	NA	0.527472527472528	0	0	0	1	0.8330290124504783	Inf	NO	P62195
264	G	264	175.712	165.986	175.138	NA	0.524087591240876	0	0	0	1	0.6564760505513103	Inf	NO	P62195
265	G	265	172.408	165.172	173.48	NA	0.524087591240876	0	0	0	1	0.4254028238183208	Inf	NO	P62195
266	D	266	170.607	166.022	176.704	NA	0.478188478188478	0	0	0	1	0.623653810213387	Inf	NO	P62195
267	S	267	172.512	169.328	176.897	NA	0.524542124542125	0	0	0	1	0.5942324558123472	Inf	NO	P62195
268	E	268	170.061	170.808	174.387	NA	0.524542124542125	0	0	0	1	0.26196483022522704	Inf	NO	P62195
269	V	269	167.254	169.861	176.77	NA	0.528413284132841	0	0	0	1	0.3225215944987581	Inf	NO	P62195
270	Q	270	169.497	170.93	179.654	NA	0.587654320987654	0	0	0	1	0.39938453365196236	Inf	NO	P62195
271	R	271	169.812	174.28	177.881	NA	0.59149111937216	0	0	0	1	0.49576003360917825	Inf	NO	P62195
272	T	272	166.075	174.208	177.116	NA	0.59149111937216	1	0	0	1	0.17468277945200048	Inf	NO	P62195
273	M	273	165.175	174.045	180.81	NA	0.589300411522634	0	0	0	1	0.1144191258989846	Inf	NO	P62195
274	L	274	167.725	176.759	181.619	NA	0.589300411522634	0	0	0	1	0.11295057719310134	Inf	NO	P62195
275	E	275	166.344	179.145	178.993	NA	0.49907063197026	0	0	0	1	0.05540888322890834	Inf	NO	P62195
276	L	276	162.823	178.501	180.313	NA	0.587125871258713	0	0	0	1	-0.13848791550683523	Inf	NO	P62195
277	L	277	163.888	179.826	183.724	NA	0.584967320261438	0	0	0	1	-0.1226042693998961	Inf	NO	P62195
278	N	278	164.927	183.078	182.049	NA	0.374348279457768	0	0	0	1	-0.19026420734481947	Inf	NO	P62195
279	Q	279	161.661	183.377	180.106	NA	0.370293965961836	0	0	0	1	-0.28104743020762013	Inf	NO	P62195
280	L	280	159.262	183.53	183.055	NA	0.32168458781362	0	0	0	1	-0.3969621759495367	Inf	NO	P62195
281	D	281	161.755	185.828	184.802	NA	0.324909747292419	0	0	0	1	-0.5767047463957599	Inf	NO	P62195
282	G	282	162.489	188.572	182.278	NA	0.32258064516129	0	0	0	1	-0.3802884463408168	Inf	NO	P62195
283	F	283	159.78	188.325	179.618	NA	0.36896197327852	0	0	0	1	-0.18110568311116246	Inf	NO	P62195
284	E	284	156.93	186.033	178.551	NA	0.36896197327852	0	0	0	1	-0.27018397928728904	Inf	NO	P62195
285	A	285	153.138	185.987	178.104	NA	0.369989722507708	0	0	0	1	-0.49182859010793983	Inf	NO	P62195
286	T	286	152.67	182.247	178.669	NA	0.485611510791367	0	0	0	1	-0.700541001599206	Inf	NO	P62195
287	K	287	152.084	180.132	181.78	NA	0.489130434782609	0	0	0	1	-0.8411124643443612	Inf	NO	P62195
288	N	288	151.892	176.364	182.341	NA	0.583941605839416	1	0	0	1	-0.8729853153494318	Inf	NO	P62195
289	I	289	155.05	175.81	180.271	NA	0.587708587708588	0	0	0	1	-0.5520123547646318	Inf	NO	P62195
290	K	290	157.144	173.257	182.165	NA	0.661172161172161	0	0	0	1	-0.3625199326506736	Inf	NO	P62195
291	V	291	159.42	170.251	181.636	NA	0.663003663003663	1	0	0	1	-0.21725704003186638	Inf	NO	P62195
292	I	292	159.764	166.769	183.145	NA	0.658181818181818	0	0	0	1	-0.3032692763602966	Inf	NO	P62195
293	M	293	162.73	164.414	182.714	NA	0.583434343434343	0	0	0	1	0.002643793816106723	Inf	NO	P62195
294	A	294	163.174	160.652	183.051	NA	0.586080586080586	0	0	0	1	-0.2333648797454656	Inf	NO	P62195
295	T	295	166.444	159.24	184.404	NA	0.581818181818182	0	0	0	1	-0.00519983256916557	Inf	NO	P62195
296	N	296	167.782	155.794	183.478	NA	0.654545454545455	0	0	0	1	0.015389515166683358	Inf	NO	P62195
297	R	297	171.558	155.533	184.061	NA	0.744713769984528	0	0	0	1	0.2914733691633247	Inf	NO	P62195
298	I	298	173.925	158.121	185.564	NA	0.744713769984528	0	0	0	1	0.49491290118855785	Inf	NO	P62195
299	D	299	172.584	161.663	184.958	NA	0.75012987012987	0	0	0	1	0.45605341087325946	Inf	NO	P62195
300	I	300	171.971	161.919	188.718	NA	0.754953076120959	0	0	0	1	0.3554578271374005	Inf	NO	P62195
301	L	301	174.745	164.481	189.204	NA	0.749482401656315	1	0	0	1	0.4557047214243364	Inf	NO	P62195
302	D	302	174.208	165.964	185.728	NA	0.75012987012987	0	0	0	1	0.4589337497399886	Inf	NO	P62195
303	S	303	170.593	166.813	186.576	NA	0.745341614906832	1	0	0	1	0.46885001971148604	Inf	NO	P62195
304	A	304	171.563	167.866	190.107	NA	0.563086548488008	0	0	0	1	0.33351401880085885	Inf	NO	P62195
305	L	305	173.981	170.519	188.809	NA	0.568802521008403	0	0	0	1	0.7457547930069096	Inf	NO	P62195
306	L	306	171.281	172.327	186.823	NA	0.666051660516605	0	0	0	1	0.4644317577553159	Inf	NO	P62195
307	R	307	168.252	171.326	188.95	NA	0.495879120879121	0	0	0	1	0.33848461687009007	Inf	NO	P62195
308	P	308	169.1	170.454	192.554	NA	0.497252747252747	0	0	0	1	0.3014667842794352	Inf	NO	P62195
309	G	309	165.405	170.525	193.294	NA	0.499538745387454	0	0	0	1	-0.04077551577188983	Inf	NO	P62195
310	R	310	165.546	173.984	191.709	NA	0.498154981549816	0	0	0	1	-0.04616920911409009	Inf	NO	P62195
311	I	311	163.038	174.996	190.923	NA	0.570901423299947	0	0	0	1	-0.020134253536093192	Inf	NO	P62195
312	D	312	160.26	172.513	191.811	NA	0.566718995290424	0	0	0	1	-0.43815714159043007	Inf	NO	P62195
313	R	313	159.295	169.641	194.124	NA	0.568802521008403	0	0	0	1	-0.47915916508682155	Inf	NO	P62195
314	K	314	162.215	167.249	194.625	NA	0.505130597014925	0	0	0	1	-0.22401520188720594	Inf	NO	P62195
315	I	315	161.412	163.755	193.316	NA	0.594795539033457	0	0	0	1	-0.1460043315709986	Inf	NO	P62195
316	E	316	164.097	161.071	193.334	NA	0.588235294117647	0	0	0	1	-0.17535511891796285	Inf	NO	P62195
317	F	317	163.695	158.273	190.783	NA	0.496323529411765	0	0	0	1	-0.2683326503556594	Inf	NO	P62195
318	P	318	162.554	155.49	193.115	NA	0.5	0	0	0	1	-0.3088358905640404	Inf	NO	P62195
319	P	319	164.644	152.352	193.485	NA	0.446096654275093	0	0	0	1	-0.2678043984984304	Inf	NO	P62195
320	P	320	162.718	149.135	194.181	NA	0.451127819548872	0	0	0	1	-0.10610272238171573	Inf	NO	P62195
321	N	321	161.521	149.304	197.78	NA	0.452830188679245	1	0	0	1	0.057032109753101905	Inf	NO	P62195
322	E	322	159.532	147.145	200.185	NA	0.385232744783307	0	0	0	1	0.3199918042367437	Inf	NO	P62195
323	E	323	156.399	149.308	200.136	NA	0.385232744783307	0	0	0	1	0.2168974133554506	Inf	NO	P62195
324	A	324	157.153	149.892	196.446	NA	0.450686641697878	0	0	0	1	0.05190050764889261	Inf	NO	P62195
325	R	325	157.12	146.18	195.608	NA	0.674157303370787	0	0	0	1	0.22874393685615366	Inf	NO	P62195
326	L	326	153.942	145.6	197.632	NA	0.533828996282528	0	0	0	1	0.2570488173253617	Inf	NO	P62195
327	D	327	151.619	147.894	195.679	NA	0.531851851851852	0	0	0	1	0.18265242743705634	Inf	NO	P62195
328	I	328	153.164	147.324	192.243	NA	0.483501683501684	0	0	0	1	0.08395707713636656	Inf	NO	P62195
329	L	329	152.64	143.56	192.563	NA	0.440344403444034	0	0	0	1	0.3594974609687801	Inf	NO	P62195
330	K	330	149.033	143.73	193.789	NA	0.440344403444034	1	0	0	1	0.36234688787062835	Inf	NO	P62195
331	I	331	147.982	145.938	190.868	NA	0.435523114355231	0	0	0	1	0.2094421126632347	Inf	NO	P62195
332	H	332	149.589	143.852	188.119	NA	0.437118437118437	0	0	0	1	0.3367287839587939	Inf	NO	P62195
333	S	333	148.137	140.676	189.687	NA	0.440740740740741	0	0	0	1	0.6089942261078852	Inf	NO	P62195
334	R	334	144.537	141.817	189.13	NA	0.441975308641975	1	0	0	1	0.22623931395071692	Inf	NO	P62195
335	K	335	144.695	140.654	185.492	NA	0.486210418794688	0	0	0	1	0.44812895648760953	Inf	NO	P62195
336	M	336	145.746	137.095	186.417	NA	0.488038277511962	0	0	0	1	0.6245282206631462	Inf	NO	P62195
337	N	337	144.174	134.156	188.227	NA	0.491252144082333	0	0	0	1	0.7460545110969313	Inf	NO	P62195
338	L	338	146.29	133.459	191.311	NA	0.540909090909091	0	0	0	1	0.8851766502469262	Inf	NO	P62195
339	T	339	145.887	131.177	194.308	NA	0.614669421487603	0	0	0	1	1.074053268807634	Inf	NO	P62195
340	R	340	144.732	132.652	197.615	NA	0.610634648370497	2	0	0	1	1.0042402961674255	Inf	NO	P62195
341	G	341	147.265	130.712	199.696	NA	0.610634648370497	0	0	0	1	1.2594160651147168	Inf	NO	P62195
342	I	342	150.094	132.951	198.483	NA	0.615278257863809	0	0	0	1	1.1123625357353208	Inf	NO	P62195
343	N	343	151.786	135.525	200.725	NA	0.615278257863809	1	0	0	1	0.8807144623230317	Inf	NO	P62195
344	L	344	152.627	138.74	198.878	NA	0.619361554476058	0	0	0	1	0.6230513764750797	Inf	NO	P62195
345	R	345	154.836	139.955	201.744	NA	0.67680608365019	0	0	0	1	0.5050529650478385	Inf	NO	P62195
346	K	346	157.558	137.31	201.48	NA	0.490358126721763	0	0	0	1	0.8835656168918485	Inf	NO	P62195
347	I	347	157.769	137.284	197.675	NA	0.559748427672956	0	0	0	1	1.171871061527728	Inf	NO	P62195
348	A	348	158.575	141.01	197.623	NA	0.557644110275689	0	0	0	1	0.7145053466822484	Inf	NO	P62195
349	E	349	161.386	140.715	200.184	NA	0.513788098693759	0	0	0	1	0.6688401670036719	Inf	NO	P62195
350	L	350	163.008	137.769	198.354	NA	0.515239477503628	0	0	0	1	1.348048169360684	Inf	NO	P62195
351	M	351	163.75	140.096	195.38	NA	0.5206200643463	0	0	0	1	1.1755346150324446	Inf	NO	P62195
352	P	352	166.373	142.597	196.577	NA	0.525147928994083	1	0	0	1	0.8116046883961542	Inf	NO	P62195
353	G	353	167.366	145.205	194.036	NA	0.630828630828631	0	0	0	1	0.6221703358616338	Inf	NO	P62195
354	A	354	166.163	144.699	190.447	NA	0.633273703041145	1	0	0	1	0.9081130780915572	Inf	NO	P62195
355	S	355	163.129	146.986	189.879	NA	0.549416342412451	0	0	0	1	0.11394186213058512	Inf	NO	P62195
356	G	356	159.345	147.132	189.751	NA	0.36875	0	0	0	1	-0.04030276002041174	Inf	NO	P62195
357	A	357	159.58	146.299	186.063	NA	0.495798319327731	0	0	0	1	0.07384898218175227	Inf	NO	P62195
358	E	358	161.347	143.117	187.169	NA	0.499717673630717	0	0	0	1	0.7657070279751037	Inf	NO	P62195
359	V	359	158.29	142.307	189.3	NA	0.597300337457818	0	0	0	1	0.6614935397951238	Inf	NO	P62195
360	K	360	156.31	142.355	186.054	NA	0.638914027149321	0	0	0	1	0.8171760020234031	Inf	NO	P62195
361	G	361	159.002	140.104	184.597	NA	0.632146064052679	0	0	0	1	1.4040792024649356	Inf	NO	P62195
362	V	362	158.584	137.761	187.557	NA	0.67953667953668	1	0	0	1	1.3903303629879753	Inf	NO	P62195
363	C	363	154.843	137.596	186.837	NA	0.676923076923077	0	0	0	1	1.1041983738148715	Inf	NO	P62195
364	T	364	155.615	136.719	183.21	NA	0.677606177606178	0	0	0	1	1.2869154034999282	Inf	NO	P62195
365	E	365	158.241	134.089	184.038	NA	0.667300380228137	0	0	0	1	1.6909400188123638	Inf	NO	P62195
366	A	366	156.048	132.634	186.791	NA	0.669201520912548	0	0	0	1	1.5249573460876382	Inf	NO	P62195
367	G	367	153.229	132.514	184.235	NA	0.673664122137405	0	0	0	1	1.1966056715741193	Inf	NO	P62195
368	M	368	155.261	130.653	181.617	NA	0.62422634836428	1	0	0	1	1.391906290385169	Inf	NO	P62195
369	Y	369	156.007	127.622	183.803	NA	0.620082207868467	0	0	0	1	1.5037808539825652	Inf	NO	P62195
370	A	370	152.445	127.58	185.133	NA	0.563537675606641	0	0	0	1	1.2425485999045216	Inf	NO	P62195
371	L	371	151.471	127.597	181.453	NA	0.557133838383838	0	0	0	1	1.0621251279016837	Inf	NO	P62195
372	R	372	153.728	124.571	180.921	NA	0.559796437659033	0	0	0	1	1.054772150470594	Inf	NO	P62195
373	E	373	152.044	122.598	183.717	NA	0.556083650190114	0	0	0	1	1.0912118745566246	Inf	NO	P62195
374	R	374	148.631	123.445	182.165	NA	0.551378446115288	1	0	0	1	0.943100223304145	Inf	NO	P62195
375	R	375	146.901	124.907	185.208	NA	0.606199770378875	0	0	0	1	0.9118455745177996	Inf	NO	P62195
376	V	376	144.64	127.918	185.654	NA	0.694710947109471	0	0	0	1	0.8692218883134097	Inf	NO	P62195
377	H	377	146.58	129.287	188.649	NA	0.776470588235294	1	0	0	1	1.0243362755779408	Inf	NO	P62195
378	V	378	150.201	129.884	189.652	NA	0.734098018769552	0	0	0	1	1.2000935644842472	Inf	NO	P62195
379	T	379	151.97	128.512	192.725	NA	0.767391304347826	0	0	0	1	1.2799416438225073	Inf	NO	P62195
380	Q	380	154.255	130.677	194.851	NA	0.852657004830918	0	0	0	1	1.3816365011754856	Inf	NO	P62195
381	E	381	156.945	128.024	194.373	NA	0.855072463768116	0	0	0	1	1.6614528887050461	Inf	NO	P62195
382	D	382	156.865	128.905	190.669	NA	0.849578820697954	0	0	0	1	1.6123468642602838	Inf	NO	P62195
383	F	383	157.377	132.566	191.586	NA	0.870503597122302	0	0	0	1	1.5220669533885363	Inf	NO	P62195
384	E	384	160.631	131.443	193.202	NA	0.874320652173913	0	0	0	1	1.7559328313513212	Inf	NO	P62195
385	M	385	161.443	129.794	189.87	NA	0.86620036101083	0	0	0	1	1.9200663725918217	Inf	NO	P62195
386	A	386	160.8	133.174	188.242	NA	0.989943269726663	0	0	0	1	1.8002573898726153	Inf	NO	P62195
387	V	387	163.32	134.763	190.615	NA	1.15006150061501	0	0	0	1	1.8485419783208392	Inf	NO	P62195
388	A	388	165.959	132.106	189.91	NA	1.13550600343053	0	0	0	1	2.433811040140889	Inf	NO	P62195
389	K	389	165.809	133.014	186.206	NA	1.14346590909091	0	0	0	1	2.2034936798408653	Inf	NO	P62195
390	V	390	166.602	136.709	186.762	NA	1.134	1	0	0	1	1.9645280535980483	Inf	NO	P62195
391	M	391	169.304	136.246	189.416	NA	1.12868852459016	1	0	0	1	2.4067539106638787	Inf	NO	P62195
392	Q	392	171.87	134.91	186.928	NA	1.118410041841	1	0	0	1	3.2592776723554273	Inf	NO	P62195
393	K	393	172.135	138.226	185.033	NA	1.09314420803782	0	0	0	1	3.370780102695905	Inf	NO	P62195
394	D	394	173.286	140.401	187.951	NA	1.09551656920078	1	0	0	1	2.9861628402023888	Inf	NO	P62195
395	S	395	176.41	142.533	187.295	NA	1.0842052815147	1	0	0	1	3.0798623455966534	Inf	NO	P62195
396	E	396	179.73	140.685	186.821	NA	1.07153729071537	0	0	0	1	3.408646896590892	Inf	NO	P62195
397	K	397	182.332	138.804	188.875	NA	1.0641627543036	0	0	0	1	3.3834484703007646	Inf	NO	P62195
398	N	398	184.756	137.589	190.106	NA	1.06666666666667	1	0	0	1	3.3239792797924963	Inf	NO	P62195
399	M	399	187.555	139.258	188.128	NA	1.05862646566164	1	0	0	1	3.3239792797924963	Inf	NO	P62195
400	S	400	188.8	142.801	188.893	NA	1.05008635578584	0	0	0	1	3.3069896204083187	Inf	NO	P62195
401	I	401	187.251	143.452	192.343	NA	1.05137395459976	0	0	0	1	3.3239792797924963	Inf	NO	P62195
402	K	402	188.091	140.336	194.393	NA	1.05276225946617	0	0	0	1	3.3069896204083187	Inf	NO	P62195
