Uniprot_position	aminoacid	Position_in_structure	x	y	z	paraz	mtr	gscount	pscount	OR	pvalue	mtr3dscore	paraz3dscore	HotSpot3D	Uniprot
39	E	39	9.98	65.949	13.448	-0.37	0.540582403965304	0	0	0.21312762140749741	0.1559741829750199	-0.017549252673020807	-0.5115884493818907	NO	Q02750
40	L	40	10.995	66.277	17.092	-0.63	0.498999142121819	1	0	1.631581434015227	0.5096787911843709	-0.8288327512274355	-0.3524977660134874	NO	Q02750
41	E	41	13.419	69.106	16.333	-0.89	0.499425947187141	0	0	2.5155229099855343	0.27110971741041523	-1.0098891814602824	-1.24651823668158	NO	Q02750
42	L	42	13.418	72.071	18.712	0.41	0.499855949294152	0	1	2.4564151535034804	0.18599669494279025	-0.8829341087382485	-1.1213753936429331	NO	Q02750
43	D	43	12.824	75.8	18.331	-0.63	0.501735106998265	0	0	2.5155229099855343	0.27110971741041523	-0.7289989880634827	-1.7220610402284378	NO	Q02750
44	E	44	14.794	78.662	19.894	-0.63	0.462814339218834	1	0	5.151500838939206	0.04907658759927775	-0.7844700605753051	-1.8277372187944063	NO	Q02750
45	Q	45	11.919	80.008	21.988	-0.63	0.431960049937578	0	0	5.059828161828851	0.030577306864259475	-1.027222760759462	-1.9937997851123563	NO	Q02750
46	Q	46	10.715	76.453	22.577	-0.63	0.428748451053284	0	1	3.8526753833462584	0.020404770005087242	-1.0759054830690646	-1.5409018769724918	NO	Q02750
47	R	47	14.108	75.042	23.56	-0.11	0.425584255842558	0	0	3.4947646671564487	0.0578527767938875	-0.9746364021808197	-1.8221753146593553	NO	Q02750
48	K	48	14.53	78.094	25.784	-0.11	0.463903743315508	0	0	5.156010397721657	0.010381355003951133	-0.9970494531248982	-2.0577383133203373	NO	Q02750
49	R	49	11.222	77.316	27.489	-0.63	0.460872460872461	1	1	6.8554676268395465	6.351774862151479e-4	-1.197034625878398	-1.9526272480087326	NO	Q02750
50	L	50	12.183	73.656	27.91	0.67	0.461229946524064	0	0	13.64517359213391	1.7275514562659117e-6	-1.1905469962465804	-1.746447850666738	NO	Q02750
51	E	51	15.306	74.665	29.83	-1.41	0.422466422466423	0	0	9.760110853036432	5.815882805998205e-5	-1.1539794843607145	-2.295731723872266	NO	Q02750
52	A	52	13.398	77.122	32.02	-1.41	0.345388188453882	0	0	17.78950848609796	1.3150430818720997e-5	-1.306977777371069	-2.6731466473221537	NO	Q02750
53	F	53	11.193	74.375	33.447	-1.41	0.377454545454545	0	2	13.748224554567082	1.2318013715433522e-7	-1.168558375792231	-1.7899957264494173	NO	Q02750
54	L	54	14.316	72.295	34.068	-1.41	0.37992700729927	0	0	15.218775402097831	4.858773703103623e-7	-1.3016848377073875	-2.091927665209327	NO	Q02750
55	T	55	15.877	75.221	35.928	-1.41	0.382417582417582	0	1	13.896764329148343	1.3215181188723052e-4	-1.5023103808037686	-3.201527540151995	NO	Q02750
56	Q	56	12.841	75.558	38.198	-1.41	0.285130718954248	0	1	13.172565470058224	1.693977070979013e-5	-1.185657119020395	-1.7797025921735115	NO	Q02750
57	K	57	12.29	71.814	38.609	-1.41	0.2870028700287	0	3	18.411263185882373	4.1924179955991456e-7	-1.2437686946455107	-1.359742713716546	NO	Q02750
58	Q	58	15.854	71.671	39.944	-1.41	0.319343065693431	0	0	35.96089345482983	2.3051275641317808e-6	-1.666061341843113	-2.2856673259136024	NO	Q02750
59	K	59	15.354	74.23	42.727	-1.41	0.321428571428571	0	0	13.896764329148343	1.3215181188723052e-4	-1.5389098197365194	-2.2856673259136024	NO	Q02750
60	V	60	11.978	72.832	43.852	-1.41	0.184873949579832	0	1	13.172565470058224	1.693977070979013e-5	-1.4900835196797344	-1.1819383497801548	NO	Q02750
61	G	61	13.421	69.656	45.365	-1.41	0.184196755625327	0	0	13.896764329148343	1.3215181188723052e-4	-1.761423401764369	-1.6219467657975204	NO	Q02750
62	E	62	11.537	66.907	47.203	0.41	0.185399159663866	0	0	9.070314847787838	0.0031141765271903493	-2.0842204920220135	-0.7392725795649316	NO	Q02750
63	L	63	7.756	67.309	47.06	0.15	0.161040145985401	0	0	2.8253882343673653	0.08432010714588921	-1.47656709397149	-0.617574528764768	NO	Q02750
64	K	64	6.053	67.119	50.456	-0.11	0.143264143264143	0	0	1.631581434015227	0.5096787911843709	-1.5620867447979259	-0.40697970696305324	NO	Q02750
65	D	65	2.325	67.164	51.184	-0.63	0	0	0	1.1259379745293023	0.9999999999999999	-1.381797504877887	-0.3407224204018509	NO	Q02750
66	D	66	2.695	69.914	53.767	0.41	0	0	0	1.8990388105641403	0.6099360478594976	-1.8615801894900121	-0.7542897207295693	NO	Q02750
67	D	67	4.458	72.176	51.271	1.45	0	0	2	2.6392797392085217	0.23538854159191724	-1.7277095651531205	-0.7020561862438732	NO	Q02750
68	F	68	1.293	72.699	49.236	0.67	0	0	0	1.955019162323335	0.44555108333668025	-1.5419795513593058	-0.43130200202982383	NO	Q02750
69	E	69	-1.559	75.154	49.685	-0.63	0.185610010427529	0	0	1.4266883223679023	0.6929206000018536	-1.4932057823453213	-0.32185167422935657	NO	Q02750
70	K	70	-4.848	74.719	47.812	-0.89	0.162408759124088	0	0	1.2520342791119552	0.9999999999999999	-1.3700359882377544	-0.06799911484806295	NO	Q02750
71	I	71	-5.551	77.725	45.565	-0.11	0.185610010427529	0	0	0.4530404917625599	0.6552465069465255	-0.981639568088268	-0.18220815255289838	NO	Q02750
72	S	72	-8.631	76.245	43.893	-0.37	0.1875	0	0	0	0.2948843942075532	-1.068667595680478	-0.020118374902841567	NO	Q02750
73	E	73	-10.119	73.233	42.119	0.41	0.291666666666667	0	0	0	0.2948843942075532	-0.8241415998040584	0.06983937893363498	NO	Q02750
74	L	74	-9.311	72.808	38.421	0.93	0.392307692307692	0	0	0	0.1597107169312019	-0.5999207060368401	0.29333465099395944	NO	Q02750
75	G	75	-11.324	69.854	37.167	1.45	0.435897435897436	0	0	0	0.2948843942075532	-0.51730671622679	0.765393624478203	NO	Q02750
76	A	76	-12.675	66.429	38.044	-0.63	0.434676434676435	0	0	1.8734413973280246	1	-0.7108112985343206	0.8475386701651095	NO	Q02750
77	G	77	-10.53	63.824	36.32	1.45	0.355644355644356	0	0	1.8734413973280246	1	-0.8760019808542862	0.8934243792792801	NO	Q02750
78	N	78	-11.818	60.254	36.563	0.41	0.405336361055918	0	0	36.96089345482983	0.34951456310679613	-1.0511688722597623	1.017065508201463	NO	Q02750
79	G	79	-9.835	58.484	39.267	0.15	0.406471757025263	0	0	5.891456406963799	0.12152263770066327	-0.9975194086763894	0.7267110975760713	NO	Q02750
80	G	80	-8.97	61.537	41.355	1.45	0.406108597285068	0	0	1.926183112121202	0.419125543132758	-0.8052622508107818	0.486206691184557	NO	Q02750
81	V	81	-9.149	65.337	41.399	-0.11	0.473115445440169	0	0	0.9271433363697349	1	-0.6454743016560047	0.4727518992185982	NO	Q02750
82	V	82	-7.052	68.211	40.062	1.45	0.505776275007044	0	0	0.24749785657993034	0.2556574067505252	-0.6837885523480277	0.6358386940247319	NO	Q02750
83	F	83	-6.347	71.294	42.163	-0.37	0.507185122569738	0	0	0.18637031606352616	0.15910875739749333	-0.7543517379636829	0.3914625310909301	NO	Q02750
84	K	84	-4.5	74.535	41.534	1.45	0.502097902097902	1	0	0.18637031606352616	0.15910875739749333	-0.7375365574142231	0.2435158810985744	NO	Q02750
85	V	85	-2.04	74.46	44.411	0.41	0.505334081976418	0	0	0.7810590575942428	1	-1.0638546708835053	0.12246862201391966	NO	Q02750
86	S	86	0.821	76.651	45.556	-0.89	0.509049773755656	0	0	1.2677698210960715	0.7367972731898788	-1.3852338995276239	-0.3060002474444613	NO	Q02750
87	H	87	4.182	75.145	46.508	0.41	0.510928186204939	0	0	2.8253882343673653	0.08432010714588921	-1.449126057423826	-0.4347330467884591	NO	Q02750
88	K	88	4.819	77.634	49.326	-0.63	0.516647531572905	0	0	4.0028816865173	0.17990883366708202	-1.8646705478849142	-0.6441640188555602	NO	Q02750
89	P	89	8.518	76.779	49.681	-0.37	0.516647531572905	1	0	4.0028816865173	0.17990883366708202	-2.049694152426267	-0.9878896944017099	NO	Q02750
90	S	90	9.123	77.609	46.001	0.93	0.479744136460554	0	0	9.070314847787838	0.0031141765271903493	-1.6427834463256936	-1.2609286246678484	NO	Q02750
91	G	91	6.209	79.979	45.377	1.45	0.481076759061834	0	0	5.151500838939206	0.04907658759927775	-1.3738048472516056	-0.8642191201046944	NO	Q02750
92	L	92	5.514	78.091	42.151	-0.63	0.449004975124378	0	1	4.217371652934647	0.007009343997698593	-1.05991459185209	-0.6803958515067493	NO	Q02750
93	V	93	1.926	77.379	41.136	0.93	0.556730557391496	1	0	1.7697393780303328	0.38162303713970924	-0.9891251859459553	-0.23530652798998586	NO	Q02750
94	M	94	1.138	73.798	40.171	0.93	0.591526217228465	0	0	3.1818682147977344	0.022061982209230297	-1.0846782403432227	0.08500161324962179	YES	Q02750
95	A	95	-1.636	71.388	39.3	1.45	0.630961298377029	0	0	0.9200850679141405	1	-0.8471350745727294	0.4564940255930645	NO	Q02750
96	R	96	-1.865	68.645	41.9	-0.37	0.587686567164179	1	0	2.0909020872968487	0.25288625158372796	-1.0428024824709974	0.3914625310909301	NO	Q02750
97	K	97	-3.721	65.486	40.928	1.45	0.587686567164179	0	0	1.3779415407276059	0.7487484488988236	-0.6271161217143217	0.745620534933635	NO	Q02750
98	L	98	-5.074	63.557	43.895	-0.37	0.589887640449438	0	0	0.6008091022357815	0.7099805666684174	-0.6582963008138873	0.18011017395899329	NO	Q02750
99	I	99	-6.138	59.918	43.67	0.93	0.589887640449438	0	1	1.631581434015227	0.5096787911843709	-0.499414841648301	0.28880567191256085	NO	Q02750
100	H	100	-7.301	58.16	46.828	-0.37	0.535820895522388	0	0	1.5431581803308578	0.7160862389490823	-0.5292184059798666	0.15572336352069288	NO	Q02750
101	L	101	-6.008	54.594	46.739	-0.63	0.614240777809551	0	0	2.5155229099855343	0.27110971741041523	-0.5985775261702362	0.011028288253443931	NO	Q02750
102	E	102	-5.918	52.704	50.028	0.15	0.609707635537894	0	1	1.955019162323335	0.44555108333668025	-0.3955032658756685	-0.3029809280568622	NO	Q02750
103	I	103	-3.451	49.998	49.024	0.41	0.609707635537894	0	0	1.9857105099421921	0.3134393673853636	-0.29475419172699224	-0.20032406887849288	NO	Q02750
104	K	104	-0.41	48.233	50.488	-0.11	0.5545229244114	0	0	1.2520342791119552	0.9999999999999999	0.07833617107971615	-0.3694059545840423	NO	Q02750
105	P	105	2.724	50.351	50.951	-1.15	0.484396200814111	0	0	1.4266883223679023	0.6929206000018536	0.044057850964963535	-0.4222440438670265	NO	Q02750
106	A	106	4.864	48.264	48.586	-0.63	0.482595471443055	1	0	1.2520342791119552	0.9999999999999999	0.133826018175495	-0.45394689743681704	NO	Q02750
107	I	107	2.031	48.783	46.111	-0.11	0.552973977695167	0	0	1.4266883223679023	0.6929206000018536	-0.43225706957301335	0.1272720846760091	NO	Q02750
108	R	108	2.098	52.554	46.584	0.41	0.729315628192033	2	0	1.9857105099421921	0.3134393673853636	-0.3912217538187999	0.10551522438301562	NO	Q02750
109	N	109	5.898	52.775	46.713	0.15	0.667910447761194	0	0	1.4266883223679023	0.6929206000018536	-0.24595589315958993	0.15254247520265382	NO	Q02750
110	Q	110	5.609	50.861	43.449	0.67	0.664179104477612	0	0	0.9271433363697349	1	-0.44985256265284546	0.43373300251731756	NO	Q02750
111	I	111	3.376	53.39	41.712	1.19	0.603799185888738	0	1	1.631581434015227	0.5096787911843709	-0.5143829491434456	0.47848997226290413	NO	Q02750
112	I	112	5.621	56.294	42.689	0.93	0.53134328358209	0	0	2.018442501365028	0.33469942812118125	-0.42864344677392985	0.47600347394370485	NO	Q02750
113	R	113	8.427	54.225	41.171	-0.37	0.477692049647769	0	0	3.3958329495214996	0.12398231709145602	-0.43323057837673	0.5351821339406472	NO	Q02750
114	E	114	6.604	54.024	37.832	0.93	0.475008386447501	0	0	3.1118025161997074	0.09386102260002632	-0.52516209925065	0.9409786596339658	NO	Q02750
115	L	115	5.612	57.701	37.678	1.45	0.546296296296296	0	0	3.8526753833462584	0.020404770005087242	-0.6069023343902149	0.8525949466515196	YES	Q02750
116	Q	116	9.297	58.595	38.012	0.41	0.542279411764706	0	0	6.960465134820728	0.003343993667585213	-0.4836028861166129	0.8429880213273407	YES	Q02750
117	V	117	9.341	58.089	34.238	0.93	0.466123949579832	0	0	8.017416552357506	0.001269746656841814	-0.8851296739951783	0.6873558310756417	YES	Q02750
118	L	118	7.445	61.319	33.561	0.93	0.466123949579832	0	0	3.2544048020122607	0.04844575715594347	-0.9583492295066728	0.8537958123170419	YES	Q02750
119	H	119	10.548	63.065	34.895	0.15	0.462721584984359	0	2	5.996614595767718	6.976829015463577e-4	-0.9152716435116458	-0.13691836173891178	NO	Q02750
120	E	120	12.2	62.344	31.539	-0.37	0.43030303030303	0	1	8.683298117266776	1.7106320254094224e-4	-1.0630453450436992	0.04801495075153286	YES	Q02750
121	C	121	9.417	63.745	29.353	-0.89	0.431873479318735	0	1	7.70544576091393	2.66465472744514e-4	-1.2024859614648757	0.3562371382356073	YES	Q02750
122	N	122	10.604	66.985	27.754	0.67	0.377237851662404	1	1	11.023109536118186	1.6549583351351492e-6	-1.1814697564567185	-0.7619174749719249	NO	Q02750
123	S	123	8.224	68.052	25.008	0.41	0.399055755395684	1	0	9.653459901180625	1.903648821448628e-5	-1.157805528875239	-0.4992366882508035	NO	Q02750
124	P	124	6.658	71.459	24.435	-0.37	0.272867420349435	0	2	4.103128472010418	0.005204916568112403	-1.1538133164746067	-0.15201495867690726	NO	Q02750
125	Y	125	3.551	69.419	23.58	0.93	0.272657450076805	0	0	3.2544048020122607	0.04844575715594347	-1.2089102688633357	0.5471958468723572	YES	Q02750
126	I	126	3.208	67.671	26.941	0.15	0.335697399527187	0	0	3.7172849112499637	0.014636792761452409	-1.1872635203181228	0.927972360733539	YES	Q02750
127	V	127	2.424	69.07	30.395	0.93	0.357142857142857	0	0	3.585378165561031	0.008199277482122446	-0.977279209663936	0.7677728254965738	YES	Q02750
128	G	128	5.577	69.527	32.472	0.15	0.358662613981763	0	1	8.970109726537126	4.4892093096621925e-6	-1.0524829644918683	0.008743397906071692	YES	Q02750
129	F	129	5.942	67.016	35.313	0.67	0.357395254921757	0	1	7.202165516656361	4.148079002973891e-5	-0.9597805050757342	0.0012735640781237625	YES	Q02750
130	Y	130	7.054	68.181	38.748	0.93	0.419928825622776	1	2	7.202165516656361	4.148079002973891e-5	-0.9834248715022587	-0.5490554581461886	NO	Q02750
131	G	131	6.918	65.038	40.859	1.45	0.424133811230585	0	0	6.074504819285275	0.0015163238300293324	-0.9737832501761317	-0.031242183172943375	NO	Q02750
132	A	132	4.742	62.377	42.47	0.41	0.447478991596639	0	0	2.0909020872968487	0.25288625158372796	-0.632355884051594	0.4266879239462529	NO	Q02750
133	F	133	4.345	61.051	46.008	0.67	0.446218487394958	0	0	1.187462643900298	0.764700928333819	-0.6376974577130339	0.23775172590406707	NO	Q02750
134	Y	134	1.907	59.391	48.417	0.41	0.493428912783752	0	0	1.3779415407276059	0.7487484488988236	-0.48716158767999174	-0.04885487960060482	NO	Q02750
135	S	135	0.406	60.672	51.642	-0.63	0.527712890210236	1	0	1.1259379745293023	0.9999999999999999	-0.6632364171797296	-0.37468976351234073	NO	Q02750
136	D	136	-2.432	59.814	53.996	0.41	0.522454142947502	0	0	1.926183112121202	0.419125543132758	-0.648499112017274	-0.6541754462986519	NO	Q02750
137	G	137	-4.371	57.653	51.536	0.41	0.522454142947502	0	0	1.926183112121202	0.419125543132758	-0.3100808669201791	-0.5206897470574287	NO	Q02750
138	E	138	-3.726	59.666	48.376	0.41	0.475806451612903	0	1	1.631581434015227	0.5096787911843709	-0.37077175679691365	-0.06039423243252096	NO	Q02750
139	I	139	-1.206	59.64	45.539	0.67	0.421744324970131	0	0	1.631581434015227	0.5096787911843709	-0.4950599038226375	0.18011017395899329	NO	Q02750
140	S	140	-0.238	63.109	44.33	-0.11	0.453842186694172	0	0	1.7697393780303328	0.38162303713970924	-0.7284055040741433	0.4564940255930645	NO	Q02750
141	I	141	0.769	63.957	40.778	1.45	0.45513151108819	2	0	3.2043836369796592	0.031609737975209454	-0.6939488314469447	0.8141672453548039	YES	Q02750
142	C	142	2.196	67.469	40.622	0.93	0.549689440993789	0	0	4.613302621602048	0.0023269113440448456	-0.9072426286078822	0.31281979355346534	YES	Q02750
143	M	143	2.703	69.054	37.234	0.41	0.55012987012987	1	0	4.103128472010418	0.005204916568112403	-0.6228784457712494	0.40288698282779156	YES	Q02750
144	E	144	2.746	72.313	35.298	1.45	0.546583850931677	0	0	3.2322172212950435	0.017566153115832858	-0.7520426488769392	0.14759442670792616	YES	Q02750
145	H	145	-0.389	74.455	35.643	-0.11	0.544610624033007	1	0	1.3800714440231572	0.6152213226510231	-0.7988446658954589	0.3038286269142735	NO	Q02750
146	M	146	-2.181	75.369	32.403	1.45	0.490523968784838	0	0	0.5212240105474398	0.5349852244698862	-0.7773953039856373	0.7022748209908373	NO	Q02750
147	D	147	-4.223	78.557	32.907	-0.11	0.492700729927007	1	0	0.3024145324229522	0.13348707246023608	0.05127430606622266	0.05738945046303006	NO	Q02750
148	G	148	-5.989	77.962	29.587	-1.41	0.578512396694215	0	0	0.3024145324229522	0.13348707246023608	0.334504880114169	-0.17214375459423467	NO	Q02750
149	G	149	-7.645	74.777	30.851	0.41	0.53030303030303	1	0	0.33833063280161874	0.2075817034693367	-0.12058664012238372	0.4518489188429122	NO	Q02750
150	S	150	-8.752	71.872	28.659	0.41	0.587412587412588	0	0	0.3821793439327598	0.3210524900880852	-0.36594526415028944	0.7798938901442193	NO	Q02750
151	L	151	-10.011	72.248	25.087	0.15	0.63768115942029	0	0	0.3024145324229522	0.13348707246023608	0.0588825534170974	0.47502043972448654	NO	Q02750
152	D	152	-13.133	70.758	26.63	0.93	0.695652173913044	0	0	0	0.09296828415230077	0.40291881544274055	0.32328435137095063	NO	Q02750
153	Q	153	-13.967	73.973	28.491	-0.37	0.85024154589372	0	0	0	0.09296828415230077	0.3542252575286652	0.02706191534621152	NO	Q02750
154	V	154	-12.558	76.137	25.712	0.15	0.853333333333333	0	0	0	0.007265771961395888	0.5901293414994544	-0.17214375459423467	NO	Q02750
155	L	155	-15.088	74.529	23.379	-0.37	0.767391304347826	0	0	0	0.007574925173973594	0.6734694031153212	0.23445792293577722	NO	Q02750
156	K	156	-17.998	75.333	25.701	0.93	0.772992700729927	0	0	0	0.048024846456993904	0.9495441684407667	-0.12313451236074203	NO	Q02750
157	K	157	-16.789	78.943	25.815	-1.15	0.651291512915129	1	0	0	0.09296828415230077	1.3334263200446257	-1.0604362700762877	NO	Q02750
158	A	158	-16.196	79.33	22.085	-1.41	0.651291512915129	0	0	0	0.013626311577893369	1.3101637077436765	-0.5300337460043143	NO	Q02750
159	G	159	-19.1	77.059	21.149	-1.41	0.711111111111111	0	0	0	0.048024846456993904	1.2463600780345458	-0.4827676734093538	NO	Q02750
160	R	160	-16.959	75.761	18.283	-1.41	0.716417910447761	0	0	0	0.048024846456993904	1.053882264524931	-0.0689836755179321	NO	Q02750
161	I	161	-13.247	76.192	17.506	0.93	0.599250936329588	0	0	0.18637031606352616	0.15910875739749333	0.8997817898973683	0.34315342088934464	NO	Q02750
162	P	162	-12.11	77.781	14.226	1.45	0.597548518896834	0	0	0.24749785657993034	0.2556574067505252	0.9065754038707856	0.30692158823815546	NO	Q02750
163	E	163	-10.392	75.64	11.588	1.45	0.584269662921348	0	0	0.21312762140749741	0.1559741829750199	0.9413129244849928	0.46996483516850657	NO	Q02750
164	Q	164	-7.168	77.648	11.586	-0.37	0.586466165413534	0	1	0.2932713672377868	0.416711615876537	1.10218207341054	0.486206691184557	NO	Q02750
165	I	165	-7.124	77.102	15.336	0.93	0.43984962406015	1	0	0.24749785657993034	0.2556574067505252	0.978834223297717	0.28293023959074637	NO	Q02750
166	L	166	-7.866	73.381	15.05	1.45	0.441509433962264	0	0	0.18637031606352616	0.15910875739749333	0.6890005857574331	0.7578066167862871	NO	Q02750
167	G	167	-4.902	73.271	12.677	1.45	0.441509433962264	0	0	0.18637031606352616	0.15910875739749333	0.9915292635050766	0.583601037574509	NO	Q02750
168	K	168	-2.669	74.262	15.587	0.41	0.397358490566038	0	0	0.6729269391580608	0.7431650810965752	0.4812088935379932	0.521525520095199	NO	Q02750
169	V	169	-4.146	71.642	17.905	0.67	0.479835953520164	0	0	1.1259379745293023	0.9999999999999999	-0.1275426032518585	1.1828050775616703	NO	Q02750
170	S	170	-3.687	68.93	15.287	0.41	0.476255088195387	0	0	0.24749785657993034	0.2556574067505252	0.35661782823720656	1.2929450339598034	NO	Q02750
171	I	171	-0.016	69.826	14.895	0.93	0.476255088195387	0	0	1.0390076178927967	1	0.39530852980301745	0.1952067708969888	NO	Q02750
172	A	172	0.318	69.787	18.669	0.67	0.471380471380471	0	0	1.2677698210960715	0.7367972731898788	-0.45769358453742515	0.6306244088981217	NO	Q02750
173	V	173	-1.428	66.487	19.339	0.15	0.391791044776119	0	0	1.955019162323335	0.44555108333668025	-0.4918303489531747	1.3161290935431538	NO	Q02750
174	I	174	0.199	64.961	16.28	0.93	0.3585291113381	1	0	0	0.013626311577893369	0.21351442204190949	0.7602049414062241	NO	Q02750
175	K	175	3.593	66.181	17.49	0.93	0.391449814126394	0	0	0.7810590575942428	1	-0.2628680205845198	0.18011017395899342	NO	Q02750
176	G	176	2.909	65.048	21.062	1.19	0.388560885608856	0	0	2.018442501365028	0.33469942812118125	-0.8817977428537059	0.6412425895195828	NO	Q02750
177	L	177	2.08	61.446	20.172	1.45	0.392565055762082	0	0	0.9225852330551381	1	-0.42301270661255286	0.49039342166332617	NO	Q02750
178	T	178	5.275	61.247	18.113	-0.63	0.395149253731343	0	0	0	0.02523638364354993	-0.19291669338954628	0.07443399539302503	NO	Q02750
179	Y	179	7.456	62.261	21.064	0.67	0.392222222222222	0	0	2.018442501365028	0.33469942812118125	-0.8803318475882296	-0.08888373511801714	NO	Q02750
180	L	180	5.536	59.828	23.27	1.45	0.391881918819188	0	0	2.4564151535034804	0.18599669494279025	-0.9684158117180356	0.5571170812754211	NO	Q02750
181	R	181	6.564	57.105	20.83	0.15	0.29110291102911	0	0	0.2932713672377868	0.416711615876537	-0.5300718854233483	0.20449698439729372	NO	Q02750
182	E	182	9.83	58.459	19.408	0.15	0.262962962962963	0	0	0.7315487860716473	1	-0.6752501200965251	-0.4251261214642802	NO	Q02750
183	K	183	11.623	59.126	22.683	-1.15	0.301447629860914	0	0	1.4266883223679023	0.6929206000018536	-1.0925044216010436	-0.2233806896565223	NO	Q02750
184	H	184	9.402	57.406	25.212	-0.11	0.374275171323142	1	0	4.201169634203201	0.0624155666383129	-1.2033108641399215	0.3242140538216776	NO	Q02750
185	K	185	8.189	54.379	23.251	-0.37	0.374275171323142	0	0	3.8278144070587237	0.2790484645266353	-0.9543020866109977	0.14281269917100453	NO	Q02750
186	I	186	4.716	54.428	24.744	0.93	0.438271604938272	0	0	3.8278144070587237	0.2790484645266353	-0.8435856598286646	0.8902540939223011	NO	Q02750
187	M	187	1.219	55.268	23.569	0.93	0.409007352941176	0	0	1.8990388105641403	0.6099360478594976	-0.7515605966849769	1.1202637625803673	NO	Q02750
188	H	188	-1.184	57.792	25.048	1.45	0.432727272727273	0	0	1.2520342791119552	0.9999999999999999	-0.6665227037896659	1.464910029155767	NO	Q02750
189	R	189	-4.253	55.561	25.122	1.45	0.432367149758454	0	0	1.8990388105641403	0.6099360478594976	-0.513457704315837	1.8105426432625056	NO	Q02750
190	D	190	-6.595	58.413	26.075	1.45	0.345893719806763	0	0	1.8990388105641403	0.6099360478594976	-0.5173383766390182	1.6881378032247045	NO	Q02750
191	V	191	-6.997	61.241	23.555	0.93	0.348418491484185	0	0	0.6122269466129886	1	-0.401230434187861	1.6841525293630086	NO	Q02750
192	K	192	-9.899	63.649	24.02	1.45	0.371948051948052	0	0	0.6122269466129886	1	-0.17406285564539928	1.5539004953165825	NO	Q02750
193	P	193	-10.702	67.364	24.217	1.45	0.347151515151515	0	0	0	0.08882247121669001	-0.009999650178413937	1.4018298968923844	NO	Q02750
194	S	194	-10.479	67.2	28.025	1.45	0.344927536231884	0	0	0	0.2948843942075532	-0.24668349729551337	1.2430882054166754	NO	Q02750
195	N	195	-6.931	65.826	27.7	1.45	0.346181818181818	0	0	0	0.5408338092518563	-0.7025412001482254	1.575035731029776	NO	Q02750
196	I	196	-5.689	68.751	25.613	0.67	0.371948051948052	0	0	0.7315487860716473	1	-0.6074115765323945	1.1888373329977826	NO	Q02750
197	L	197	-4.472	71.521	27.914	1.45	0.344645006016847	0	0	1.3779415407276059	0.7487484488988236	-0.743313149501499	0.7404396789134303	NO	Q02750
198	V	198	-3.588	75.012	26.687	0.93	0.343405275779376	1	0	0.9225852330551381	1	-0.3472739134114684	0.4894063063471936	NO	Q02750
199	N	199	-2.312	78.201	28.317	0.67	0.364006100660905	1	0	0.9225852330551381	1	-0.12102583746889561	0.14168247266227754	NO	Q02750
200	S	200	-2.072	81.979	27.96	-0.63	0.295647413085136	0	0	0.3024145324229522	0.13348707246023608	0.4121062072850351	-0.47930918029264946	NO	Q02750
201	R	201	1.305	81.515	26.255	-0.89	0.271629778672032	1	0	1.4692788587559753	0.553454650660181	-0.12395482377045114	-0.45394689743681704	NO	Q02750
202	G	202	-0.353	79.783	23.295	1.45	0.339222614840989	0	0	1.0390076178927967	1	-0.07783658060461536	-0.13691836173891178	NO	Q02750
203	E	203	0.965	76.364	24.337	-0.37	0.338967136150235	0	2	1.3714212117213245	0.5854615005795233	-0.5377340576123101	0.08500161324962179	NO	Q02750
204	I	204	-0.891	73.148	23.5	0.93	0.341107184923439	0	0	1.0390076178927967	1	-0.8800055487194954	0.7059135990189337	NO	Q02750
205	K	205	0.196	70.079	25.471	1.45	0.368073207930859	0	0	2.0909020872968487	0.25288625158372796	-1.1421504239706854	0.8987081882075785	NO	Q02750
206	L	206	-1.263	66.631	26.147	0.93	0.345714285714286	0	0	2.8719768959380825	0.07508686656615385	-1.0884294193755424	1.2800050937272358	NO	Q02750
207	C	207	-2.003	65.075	29.529	1.45	0.345714285714286	0	0	1.7049170820693318	0.36956284681366197	-1.0624313786655795	1.5202762566819559	NO	Q02750
208	D	208	-3.58	61.959	31.056	1.45	0.349458483754513	0	0	1.926183112121202	0.419125543132758	-1.1744109155326177	1.8648903922392892	NO	Q02750
209	F	209	-1.438	59.351	29.298	1.45	0.350060606060606	0	0	5.891456406963799	0.12152263770066327	-1.1923483491306825	1.705810002005162	NO	Q02750
210	G	210	-0.977	56.119	31.276	1.45	0.347242206235012	0	0	5.891456406963799	0.12152263770066327	-1.197426031850871	1.8474454357776056	NO	Q02750
211	V	211	2.556	55.437	32.525	0.93	0.375064935064935	0	1	3.748045502139855	0.046922195146492776	-0.9889616566104444	1.2027828697586875	YES	Q02750
212	S	212	2.022	53.27	35.605	1.45	0.375064935064935	0	0	1.1259379745293023	0.9999999999999999	-0.7506294282786218	1.2733120211931495	NO	Q02750
213	G	213	0.68	49.746	35.102	0.41	0.403916083916084	0	0	1.926183112121202	0.419125543132758	-0.8403846171107116	1.2263043417620803	NO	Q02750
214	Q	214	0.165	49.299	38.842	0.15	0.392727272727273	0	0	1.4266883223679023	0.6929206000018536	-0.5995784536371651	0.6112689825081444	NO	Q02750
215	L	215	-1.649	52.62	39.182	1.45	0.290909090909091	0	1	2.4564151535034804	0.18599669494279025	-0.6430451642986488	0.6873558310756417	NO	Q02750
216	I	216	-3.943	51.659	36.318	0.93	0.357332448573324	0	0	2.6392797392085217	0.23538854159191724	-0.9434214149975361	1.0983997256356843	NO	Q02750
217	D	217	-4.477	48.297	38.007	0.67	0.292226292226292	1	0	1.926183112121202	0.419125543132758	-0.9225603998533544	0.6988841414646563	NO	Q02750
218	S	218	-5.412	49.807	41.373	1.45	0.327554744525547	0	0	2.6392797392085217	0.23538854159191724	-0.6994079881481813	0.4083707196614852	NO	Q02750
219	M	219	-7.292	52.606	39.609	-0.11	0.32518115942029	0	0	3.3958329495214996	0.12398231709145602	-0.8196305974034661	0.5955268759079725	NO	Q02750
220	A	220	-9.18	50.07	37.492	1.45	0.325729927007299	0	0	1.8734413973280246	1	-1.3819868759096001	0.8141672453548039	NO	Q02750
221	N	221	-10.929	49.173	40.759	0.15	0.372262773722628	0	0	3.8278144070587237	0.2790484645266353	-1.1070853535699794	0.3914625310909301	NO	Q02750
222	S	222	-13.806	51.639	41.12	0.93	0.325729927007299	0	0	3.8278144070587237	0.2790484645266353	-1.0580666428770655	0.5157874470508929	NO	Q02750
223	F	223	-12.205	54.318	38.956	-0.37	0.323636363636364	0	0	3.8278144070587237	0.2790484645266353	-1.194154698410978	0.7190586846454322	NO	Q02750
224	V	224	-13.254	53.891	35.315	0.67	0.372899159663866	0	0	0	1	-1.4421887207823894	0.8537958123170419	NO	Q02750
225	G	225	-13.606	56.227	32.322	1.45	0.371533228676086	0	0	0	1	-1.0995951471589858	0.8417349441111434	NO	Q02750
226	T	226	-15.326	56.043	28.924	0.67	0.37257980115123	0	0	0	0.5408338092518563	-0.5598007633314123	0.6988841414646563	NO	Q02750
227	R	227	-13.958	54.711	25.629	-0.37	0.430656934306569	0	0	0.9292266383018246	0.9999999999999999	-0.06275999800903334	1.3170400950825156	NO	Q02750
228	S	228	-16.326	56.611	23.324	0.15	0.516363636363637	0	0	1.8990388105641403	0.6099360478594976	0.26905756324396884	0.7582210331728205	NO	Q02750
229	Y	229	-13.172	58.313	22.038	1.45	0.514492753623189	0	0	0.9292266383018246	0.9999999999999999	0.17354754145913592	1.559184304244881	NO	Q02750
230	M	230	-11.343	55.013	21.57	1.45	0.518681318681319	0	0	0.9292266383018246	0.9999999999999999	0.33488134971960176	1.366934948622946	NO	Q02750
231	S	231	-10.674	53.303	18.247	0.67	0.520588235294118	1	0	0.4530404917625599	0.6552465069465255	0.6072478953087205	0.9973392882024822	NO	Q02750
232	P	232	-12.986	50.475	17.199	1.45	0.57843137254902	0	0	0.35725773215526246	0.6622822925190456	0.7859858916835343	0.5913904364860054	NO	Q02750
233	E	233	-9.956	48.211	16.786	1.45	0.493494423791822	0	0	0.35725773215526246	0.6622822925190456	0.9638468653075819	0.6796702908162986	NO	Q02750
234	R	234	-9.356	48.341	20.542	1.45	0.493494423791822	0	0	0.6122269466129886	1	0.4867824451510185	0.9198434239207722	NO	Q02750
235	L	235	-13.066	47.811	21.206	1.19	0.493494423791822	0	0	0.9292266383018246	0.9999999999999999	0.22074545292223408	0.6366312653639767	NO	Q02750
236	Q	236	-12.338	44.266	20.067	0.15	0.488051470588235	0	0	0	1	0.0855112142181805	0.6276798714148595	NO	Q02750
237	G	237	-9.057	43.527	21.839	-0.37	0.55983131259884	0	0	1.8734413973280246	1	0.1597144154424266	0.6678463827250013	NO	Q02750
238	T	238	-7.44	43.683	18.397	-0.63	0.563993627190653	0	0	0.4530404917625599	0.6552465069465255	0.7905876986703522	0.02159590611004069	NO	Q02750
239	H	239	-4.381	45.539	17.117	-0.89	0.563993627190653	0	0	0.4530404917625599	0.6552465069465255	0.9125210876322795	0.2505609596696389	NO	Q02750
240	Y	240	-3.856	48.816	18.973	1.45	0.662921348314607	0	0	0.4530404917625599	0.6552465069465255	0.6325287860510974	0.931585221539213	NO	Q02750
241	S	241	-1.014	51.295	18.513	-0.11	0.732417811069496	0	0	0.35725773215526246	0.6622822925190456	0.4084334731559899	0.6505396140268527	NO	Q02750
242	V	242	-0.66	55.007	17.848	0.93	0.724528301886792	0	0	0.21312762140749741	0.1559741829750199	0.2622228359931997	0.7824643917850133	NO	Q02750
243	Q	243	-3.395	54.403	15.277	0.15	0.712550607287449	1	0	0.14740991886018856	0.05268742149399644	0.9624370985565835	0.710948652336881	NO	Q02750
244	S	244	-5.812	54.238	18.199	0.67	0.666666666666667	0	1	0.24749785657993034	0.2556574067505252	0.7544497907589135	0.9802298116727542	NO	Q02750
245	D	245	-4.685	57.69	19.314	1.45	0.711111111111111	0	0	0.2932713672377868	0.416711615876537	0.15389130209342577	1.337953521725256	NO	Q02750
246	I	246	-4.86	59.06	15.774	0.93	0.711111111111111	0	0	0.13279007421632877	0.030550500514977433	0.9176430739947694	0.8751342714505547	NO	Q02750
247	W	247	-8.493	57.963	15.666	1.45	0.661654135338346	0	0	0.14740991886018856	0.05268742149399644	0.937010068899844	0.9882221276987516	NO	Q02750
248	S	248	-9.225	59.545	19.047	1.45	0.664150943396226	0	0	0.35725773215526246	0.6622822925190456	0.3519642153258183	1.448224316750614	NO	Q02750
249	M	249	-7.822	62.822	17.77	0.93	0.615789473684211	0	0	0.21312762140749741	0.1559741829750199	0.24853939926346197	1.4109268419626253	NO	Q02750
250	G	250	-9.893	62.703	14.58	1.45	0.615230961298377	0	0	0.1006101906835127	0.009108302135107169	0.7937275456338806	1.313318556879165	NO	Q02750
251	L	251	-13.08	62.298	16.607	1.19	0.669201520912548	0	0	0.33833063280161874	0.2075817034693367	0.7523646564391654	1.0677900739131279	NO	Q02750
252	S	252	-12.138	65.132	18.96	0.93	0.703218645948946	0	0	0	0.02523638364354993	0.418545099044923	1.293232588187194	NO	Q02750
253	L	253	-11.197	67.526	16.152	0.67	0.740740740740741	0	0	0.14740991886018856	0.05268742149399644	0.42599094113815	1.2199637710481224	NO	Q02750
254	V	254	-14.642	67.094	14.584	0.15	0.698456667985754	0	0	0	0.007265771961395888	0.7744726919322006	1.0114294453446113	NO	Q02750
255	E	255	-16.522	67.711	17.836	1.45	0.66044776119403	1	0	0.18637031606352616	0.15910875739749333	0.7303411004229303	0.7807958205444979	NO	Q02750
256	M	256	-14.456	70.844	18.429	0.93	0.66044776119403	1	0	0	0.09296828415230077	0.6032935862660264	0.7166200036016022	NO	Q02750
257	A	257	-14.977	71.958	14.833	1.45	0.66044776119403	1	0	0.18637031606352616	0.15910875739749333	0.7830189714098102	0.49713870965689866	NO	Q02750
258	V	258	-18.698	71.149	14.805	0.15	0.656133828996283	1	0	0	0.007574925173973594	1.0192891428922217	-0.35383262300589957	NO	Q02750
259	G	259	-19.436	72.049	18.435	0.41	0.656133828996283	0	0	0	0.048024846456993904	1.076528206636208	-0.32713548315765495	NO	Q02750
260	R	260	-20.797	68.717	19.683	0.67	0.695346795434592	1	0	0.21312762140749741	0.1559741829750199	1.0162063727116348	-0.27903460187935203	NO	Q02750
261	Y	261	-20.062	65.004	19.893	0.93	0.699933906146728	0	0	0.18637031606352616	0.15910875739749333	0.7848608330550555	0.2435158810985744	NO	Q02750
262	P	262	-20.17	63.782	16.284	1.45	0.694729936584299	0	0	0.14740991886018856	0.05268742149399644	0.975970941786044	0.081038756553398	NO	Q02750
263	I	263	-21.629	60.405	17.268	0.41	0.656133828996283	0	0	0.18637031606352616	0.15910875739749333	0.8457118517355865	-0.41551919614010124	NO	Q02750
264	P	264	-23.926	59.502	16.048	-0.63	0.66044776119403	0	1	0.21312762140749741	0.1559741829750199	0.8407739601439167	-0.6183320640949901	NO	Q02750
265	P	265	-24.087	61.809	13.034	-0.63	0.654981549815498	0	0	0.16494819588418494	0.09168354439464751	0.9991513131269673	-0.9236188021744544	NO	Q02750
266	P	266	-26.35	64.747	13.873	-1.41	0.659851301115242	1	0	0.18637031606352616	0.15910875739749333	1.067733566789757	-1.5107086830965009	NO	Q02750
267	D	267	-29.446	65.288	11.732	-1.41	0.697172034564022	1	0	0.35725773215526246	0.6622822925190456	1.1395885754507928	-2.4353752455487245	NO	Q02750
268	A	268	-29.708	67.995	9.07	-1.41	0.700374531835206	1	0	0	0.2948843942075532	1.2218934267765162	-3.171334346276004	NO	Q02750
269	K	269	-31.882	70.188	11.286	-1.41	0.732057416267943	0	0	0	0.2948843942075532	1.216992638142206	-3.4291377709094655	NO	Q02750
270	E	270	-28.91	70.949	13.533	-1.41	0.740407881092292	0	0	0	0.08882247121669001	1.1803764036577176	-2.2856673259136024	NO	Q02750
271	L	271	-26.349	71.139	10.72	-1.41	0.707637017070979	0	0	0	0.048024846456993904	1.1517858771074967	-2.039089575926343	NO	Q02750
272	E	272	-28.364	74.015	9.272	-1.41	0.672932330827068	0	0	0	0.09296828415230077	1.1859430559802437	-2.878282758656092	NO	Q02750
273	L	273	-28.844	75.316	12.809	-1.41	0.672932330827068	0	0	0	0.1597107169312019	1.1937151019748555	-3.0354649738340447	NO	Q02750
274	M	274	-25.264	75.318	14.082	-1.41	0.670411985018727	0	0	0	0.09296828415230077	1.190344141361707	-2.5146323794732006	NO	Q02750
275	F	275	-23.747	76.617	10.84	0.15	0.7071992976295	1	0	0	0.08882247121669001	1.1835720588456056	-1.9334133973603744	NO	Q02750
276	G	276	-26.783	78.134	9.106	-0.37	0.711830799735625	0	0	0	0.5499262090686509	1.2414701598986881	-3.0389488038966594	NO	Q02750
277	C	277	-27.213	75.551	6.341	-0.37	0.755471380471381	0	0	0	0.1597107169312019	1.2245135189257368	-2.947904711593671	NO	Q02750
307	P	307	-29.613	59.835	23.878	-1.41	0.664179104477612	0	0	0.9292266383018246	0.9999999999999999	0.9848458439289929	-1.9526272480087323	NO	Q02750
308	M	308	-27.415	56.763	23.392	-1.41	0.620474406991261	0	0	1.8734413973280246	1	0.8061141733005555	-1.1672611027571038	NO	Q02750
309	A	309	-25.956	54.514	26.088	-1.41	0.71593200806684	0	0	1.8734413973280246	1	0.629977813703158	-1.1302744402590148	NO	Q02750
310	I	310	-22.248	54.185	26.863	-1.41	0.662313432835821	0	0	0	1	0.35605713846126036	-0.6404342713767612	NO	Q02750
311	F	311	-22.519	50.701	25.346	0.67	0.606837606837607	1	0	0	1	0.4247114409022487	-0.8106040000969603	NO	Q02750
312	E	312	-24.613	51.851	22.387	0.41	0.713260619977038	0	0	1.8734413973280246	1	0.641292212970116	-1.158454754543273	NO	Q02750
313	L	313	-22.023	54.304	21.11	0.15	0.70185873605948	0	0	0.9292266383018246	0.9999999999999999	0.4803131145243043	-0.250142838773878	NO	Q02750
314	L	314	-19.296	51.776	21.92	1.45	0.614716735402648	0	0	0.9292266383018246	0.9999999999999999	0.27969530918424657	0.009402500890890614	NO	Q02750
315	D	315	-20.874	49.574	19.242	-0.11	0.610726643598616	0	0	0.6122269466129886	1	0.3822384953072259	-0.0547257784098253	NO	Q02750
316	Y	316	-22.43	52.182	16.946	-0.37	0.646520146520147	0	0	0.35725773215526246	0.6622822925190456	0.6535159015462201	-0.2954326295878644	NO	Q02750
317	I	317	-18.792	53.209	16.614	0.93	0.599030303030303	0	0	0.35725773215526246	0.6622822925190456	0.6367754905354542	0.3210117453802846	NO	Q02750
318	V	318	-17.932	49.69	15.456	0.93	0.599030303030303	0	0	0.2932713672377868	0.416711615876537	0.6809215233798566	0.6556529775058512	NO	Q02750
319	N	319	-20.987	49.047	13.269	-0.11	0.641818181818182	0	0	1.8734413973280246	1	0.6198638508267273	0.36659754789893756	NO	Q02750
320	E	320	-21.443	52.405	11.542	-0.37	0.599238256453661	0	0	0.6122269466129886	1	0.9926945584518018	0.11336732433838176	NO	Q02750
321	P	321	-19.814	54.761	9.059	-0.11	0.669684965100924	1	0	0.35725773215526246	0.6622822925190456	1.1140658321280987	-0.041809801029540274	NO	Q02750
322	P	322	-17.318	57.005	10.837	0.41	0.634408602150538	0	0	0.21312762140749741	0.1559741829750199	1.1459411786803917	0.4575101426946602	NO	Q02750
323	P	323	-18.407	60.613	11.357	1.45	0.63898916967509	2	0	0.16494819588418494	0.09168354439464751	1.1340458159904259	0.18011017395899329	NO	Q02750
324	K	324	-17.256	63.406	9.049	-0.37	0.639492753623188	1	0	0.12041794755363473	0.031200985436350307	1.172472370931065	0.2953932778491407	NO	Q02750
325	L	325	-17.037	67.196	8.848	1.45	0.677109974424552	0	0	0	9.808949709656822e-4	1.1108748359565463	0.22766445431367913	NO	Q02750
326	P	326	-19.929	68.921	7.083	0.41	0.707434052757794	0	0	0	0.001006932079556962	1.1275260891131396	-1.0087468349081512	NO	Q02750
327	S	327	-19.026	70.215	3.611	0.15	0.674143038510368	1	0	0	0.048024846456993904	1.1236752365989437	-0.9471023974113363	NO	Q02750
328	G	328	-18.889	73.834	2.444	-0.89	0.669829222011385	1	0	0	0.2948843942075532	1.1475841815226644	-0.8898611340214367	NO	Q02750
329	V	329	-18.237	75.138	5.965	-0.89	0.675191815856778	0	0	0	0.08882247121669001	1.0455865698470206	-0.45394689743681704	NO	Q02750
330	F	330	-14.755	73.597	6.212	1.45	0.7085346215781	0	0	0.18637031606352616	0.15910875739749333	0.8802763137709091	0.42397827834199736	NO	Q02750
331	S	331	-11.748	73.398	3.901	0.93	0.668820064601938	0	0	0.24749785657993034	0.2556574067505252	1.0374597636184226	0.36504348644943807	NO	Q02750
332	L	332	-11.331	70.295	1.725	-0.89	0.702	0	0	0	0.09296828415230077	1.235693962213128	-0.07351265459933082	NO	Q02750
333	E	333	-7.799	69.69	3.036	-0.37	0.668571428571429	0	0	0.18637031606352616	0.15910875739749333	1.3772036595878232	0.0337893113291909	NO	Q02750
334	F	334	-9.143	69.735	6.596	1.45	0.635869565217391	1	0	0.16494819588418494	0.09168354439464751	1.0577447945088991	0.39702443522598113	NO	Q02750
335	Q	335	-12.061	67.479	5.668	0.15	0.695652173913044	0	0	0	0.007574925173973594	1.1038800369227653	0.5687257983628771	NO	Q02750
336	D	336	-9.751	64.974	3.989	-0.63	0.741275571600481	2	0	0	0.048024846456993904	1.5642421388935288	0.5088805072753393	NO	Q02750
337	F	337	-7.439	65.236	7.007	1.45	0.692238267148014	0	0	0	0.003640052219035069	1.4174793406483468	0.4820421127189032	NO	Q02750
338	V	338	-10.003	64.105	9.574	0.15	0.713093525179856	0	0	0	0.007265771961395888	1.243690396046848	1.109077511120297	NO	Q02750
339	N	339	-11.266	61.427	7.184	-0.37	0.742805755395684	0	0	0	0.007574925173973594	1.5568674482155127	0.6988841414646563	NO	Q02750
340	K	340	-7.786	59.916	6.924	-0.63	0.719737253675321	1	0	0	0.0018829736599678443	1.7851819378983096	0.43373300251731756	NO	Q02750
341	C	341	-7.938	59.949	10.724	1.45	0.777291210509853	0	0	0.08545252221558548	0.0028456728001223985	1.541469983782641	0.6077300593189585	NO	Q02750
342	L	342	-11.34	58.319	11.178	0.93	0.845878136200717	0	0	0.10980856580914666	0.01677645729463258	1.3252102159161414	0.7404396789134303	NO	Q02750
343	I	343	-10.493	55.424	8.85	-0.37	0.825151940158953	0	0	0.10980856580914666	0.01677645729463258	1.4311846438559166	0.49713870965689866	NO	Q02750
344	K	344	-11.769	52.342	10.715	1.45	0.843488649940263	0	0	0.16494819588418494	0.09168354439464751	1.2162684373371928	0.7235876637268309	NO	Q02750
345	N	345	-9.016	49.962	9.595	0.41	0.931578947368421	1	0	0.18637031606352616	0.15910875739749333	1.483120073475086	0.27404455490652085	NO	Q02750
346	P	346	-6.018	51.027	11.68	-1.15	0.928263719797715	0	0	0.21312762140749741	0.1559741829750199	1.5221641664387418	0.5299347650739231	NO	Q02750
347	A	347	-4.056	49.625	8.753	-0.37	0.922359089212393	1	0	0.24749785657993034	0.2556574067505252	1.7982199857696068	0.12246862201391966	NO	Q02750
348	E	348	-5.774	51.961	6.308	0.41	0.939501779359431	0	0	0	0.048024846456993904	2.1346092818857625	0.0744339953930249	NO	Q02750
349	R	349	-5.927	54.887	8.743	1.45	0.938829787234043	1	0	0.13279007421632877	0.030550500514977433	1.764054540767431	0.3722486804425722	NO	Q02750
350	A	350	-3.125	57.438	8.401	0.15	0.915863602668643	1	0	0.1006101906835127	0.009108302135107169	1.8923484891836075	0.19992445744011236	NO	Q02750
351	D	351	0.021	57.09	10.507	-0.63	0.915863602668643	1	0	0.12041794755363473	0.031200985436350307	1.7844224498211558	0.114518063124944	NO	Q02750
352	L	352	1.86	59.842	12.392	-0.37	0.904058313632782	0	0	0.14740991886018856	0.05268742149399644	0.7644353084910711	0.30339904895262315	NO	Q02750
353	K	353	4.426	60.8	9.728	-0.89	0.900863761287789	1	0	0	0.007574925173973594	0.9136789180464024	-0.07351265459933082	NO	Q02750
354	Q	354	1.701	60.44	7.115	-0.11	0.851032174074763	1	0	0	0.007574925173973594	1.807884293476211	-0.040431416091723335	NO	Q02750
355	L	355	-0.338	63.162	8.833	1.45	0.876868327402135	0	0	0	0.001006932079556962	1.206101320803305	0.16425874717409802	NO	Q02750
356	M	356	2.799	65.141	9.674	0.15	0.835112692763938	1	0	0	0.013626311577893369	1.0533619048892384	0.09829635829501784	NO	Q02750
357	V	357	3.083	65.689	5.921	-0.89	0.781020651988394	2	0	0	0.02523638364354993	1.7059954475187527	-0.281022241601596	NO	Q02750
358	H	358	-0.626	65.989	5.15	1.45	0.786659790269899	0	0	0	0.003640052219035069	1.6206398019902315	-0.1697144171559365	NO	Q02750
359	A	359	-1.618	69.113	3.176	0.15	0.783830078794108	0	0	0	0.02523638364354993	1.6312287955844509	-0.16333740638040395	NO	Q02750
360	F	360	-3.626	70.29	6.186	1.45	0.811594202898551	0	0	0.14740991886018856	0.05268742149399644	1.2154744929233097	0.012271537413043565	NO	Q02750
361	I	361	-0.585	70.085	8.468	0.67	0.794632034632035	0	0	0.13279007421632877	0.030550500514977433	1.025870225437389	0.06821774959502686	NO	Q02750
362	K	362	1.721	71.712	5.922	-0.37	0.855072463768116	0	0	0	0.048024846456993904	1.5942344831864854	-0.10809758576637503	NO	Q02750
363	R	363	-0.745	74.535	5.281	-0.11	0.830035971223022	1	0	0.2932713672377868	0.416711615876537	1.473068180148795	-0.06375793042401065	NO	Q02750
364	S	364	-1.38	74.963	9.003	-0.63	0.85439229843562	0	0	0.24749785657993034	0.2556574067505252	1.1846556117101716	0.24570228479304274	NO	Q02750
365	D	365	2.264	74.692	10.054	-0.11	0.914696813977389	0	0	0.24749785657993034	0.2556574067505252	1.058793647246943	0.08256293220579175	NO	Q02750
366	A	366	2.881	77.585	7.663	-0.63	0.902898550724638	0	0	0.9292266383018246	0.9999999999999999	1.6493976729699904	-0.5807583117159791	NO	Q02750
367	E	367	-0.072	79.698	8.77	-0.89	0.859903381642512	1	0	0.4530404917625599	0.6552465069465255	1.3969638454034286	-0.15360407414406477	NO	Q02750
368	E	368	0.697	82.368	11.358	-0.63	0.910485933503836	0	0	0.4530404917625599	0.6552465069465255	1.6675207741098397	-0.7709754331347222	NO	Q02750
369	V	369	-2.069	81.978	13.899	0.15	0.8860559566787	0	0	0.35725773215526246	0.6622822925190456	1.215111674119845	0.12246862201391966	NO	Q02750
370	D	370	-2.017	83.96	17.118	-0.37	0.861612515042118	1	0	0.9249335045001208	1	0.7978660950796329	-0.5206897470574287	NO	Q02750
371	F	371	-3.435	81.091	19.169	0.41	0.861612515042118	0	0	0.6729269391580608	0.7431650810965752	0.40602489292641636	-0.010106947459749722	NO	Q02750
372	A	372	-2.783	82.846	22.477	0.67	0.836883116883117	0	0	0.33833063280161874	0.2075817034693367	0.639819852123073	-0.7075697259951412	NO	Q02750
373	G	373	-4.718	85.984	21.526	0.41	0.803356643356644	0	0	0.4369320706932837	0.4876176424802967	0.8922042236656904	-0.8660839938440937	NO	Q02750
374	W	374	-7.696	84.006	20.231	0.93	0.748400852878465	0	0	0.16494819588418494	0.09168354439464751	0.7582136042095002	-0.6124611652857695	NO	Q02750
375	L	375	-7.683	81.796	23.327	0.41	0.788505747126437	1	0	0.2724589859232683	0.12999176267950324	0.5792124347622912	-0.4891722902921398	NO	Q02750
376	C	376	-7.308	84.556	25.906	0.15	0.818627450980392	0	0	0.3024145324229522	0.13348707246023608	0.7501840830221792	-1.0880039688326275	NO	Q02750
377	S	377	-10.106	86.298	24.007	-0.89	0.77714012434242	1	0	0	0.08882247121669001	1.4036499068299655	-1.2641309331092414	NO	Q02750
378	T	378	-12.251	83.163	23.897	-0.11	0.80462962962963	0	0	0	0.048024846456993904	1.1950376654823502	-1.0410367783588637	NO	Q02750
379	I	379	-12.108	82.475	27.639	0.93	0.778397565922921	1	0	0	0.02523638364354993	1.050449198794536	-0.9705859926482181	NO	Q02750
380	G	380	-11.439	85.966	28.971	-1.41	0.7756376887038	1	0	0	0.09296828415230077	1.2569581205692801	-1.4609787167125161	NO	Q02750
381	L	381	-7.812	85.755	30.089	-1.41	0.779816513761468	0	0	0	0.048024846456993904	0.8061476072368182	-0.9118770045560134	NO	Q02750
