Uniprot_position	aminoacid	Position_in_structure	x	y	z	paraz	mtr	gscount	pscount	OR	pvalue	mtr3dscore	paraz3dscore	HotSpot3D	Uniprot
9	T	9	562.129	-21.139	297.467	-0.11	0.587479935794543	0	0	0.8125600181636419	0.7817370847647246	0.42340991149690504	-0.02327114221504511	NO	P11166
10	G	10	559.653	-23.926	296.751	-0.47	0.6875	0	0	1.0977310296580607	1	0.6161410622531928	-0.38126788034341463	NO	P11166
11	R	11	558.811	-23.123	293.15	-1.19	0.690476190476191	2	0	0.8684024247448054	1	0.750327354153783	-0.10999310069547255	NO	P11166
12	L	12	562.479	-22.14	292.792	1.69	0.692307692307692	0	0	1.8355517642583177	0.25023615552258127	0.29974022888012136	1.0170557260892767	NO	P11166
13	M	13	563.35	-25.848	292.891	0.25	0.613861386138614	1	0	1.3350078466776591	0.609896405811854	0.12610195018661421	0.4499578190360184	NO	P11166
14	L	14	561.164	-26.666	289.882	0.25	0.60952380952381	0	1	0.6445746130864574	0.5615789987270484	0.2483145110698119	0.5380004164780767	NO	P11166
15	A	15	562.725	-23.844	287.854	0.25	0.55	0	0	1.3519153445820566	0.5332736084769041	0.21664181885633824	0.7997486791436557	NO	P11166
16	V	16	566.242	-25.077	288.657	-0.47	0.551351351351351	0	0	2.442958886961468	0.039120236752137466	-0.2636966270927218	1.1005225802485006	YES	P11166
17	G	17	565.451	-28.782	288.366	-0.83	0.548471615720524	0	1	1.803459471580295	0.4062710276201935	-0.2919974728875263	0.5545084034984626	NO	P11166
18	G	18	563.989	-28.186	284.923	-0.47	0.545762711864407	0	1	1.3519153445820566	0.5332736084769041	0.038216775772494174	0.692364575809054	NO	P11166
19	A	19	567.084	-26.245	283.884	1.33	0.547107438016529	0	0	1.8148154539690258	0.12923593511418585	-0.06610604116531847	1.1629758738011495	NO	P11166
20	V	20	569.719	-28.731	285.077	-0.11	0.546184738955823	0	0	2.8838330696234733	0.01772401148562728	-0.6897951259621713	0.842310440776354	YES	P11166
21	L	21	568.095	-31.387	282.878	0.61	0.453125	0	0	1.6041115570592235	0.29842471944224036	-0.31806744361986977	0.6683134655329416	NO	P11166
22	G	22	570.033	-29.709	280.075	1.69	0.615278257863809	0	0	1.696408696506289	0.18023118018878323	-0.30034993648202124	0.88868932023166	NO	P11166
23	S	23	573.324	-30.019	281.949	0.61	0.624125874125874	0	1	2.8454898935707407	0.03660226166257381	-0.8223225103705455	0.7041040378149834	YES	P11166
24	L	24	572.607	-33.683	282.678	0.61	0.620629370629371	0	0	2.2742160013688446	0.10598486311132894	-0.9934641394421554	0.598529702219492	NO	P11166
25	Q	25	572.145	-34.265	278.947	0.25	0.620629370629371	1	0	1.4702657323170398	0.41276962882526425	-0.6123943014121553	0.8877496348166535	NO	P11166
26	F	26	575.402	-32.349	278.446	0.97	0.673003802281369	0	0	2.363123978363069	0.053041419083577755	-1.0196456191170804	0.7661774815154113	NO	P11166
27	G	27	577.234	-34.9	280.581	1.69	0.677480916030534	0	2	2.473332011120214	0.06978625534659733	-0.9959705962065724	0.8099124628463849	NO	P11166
28	Y	28	575.355	-37.888	279.181	1.69	0.67557251908397	0	0	2.0079673022855133	0.17593967029631985	-1.0209440843047173	1.3905104453682513	NO	P11166
29	N	29	576.203	-36.923	275.594	0.61	0.673003802281369	0	0	2.147768544300321	0.05277916186461249	-0.8012421047749841	1.3046354866575094	NO	P11166
30	T	30	579.845	-36.302	276.54	-0.11	0.712452830188679	1	0	2.6772968518500986	0.012401977825800204	-0.9830958126238729	1.6076243130613812	YES	P11166
31	G	31	580.399	-39.913	277.608	0.61	0.890566037735849	0	0	2.799698276656118	0.006569006148741052	-0.7597410245448806	1.5563441831682672	YES	P11166
32	V	32	577.97	-42.253	275.861	0.25	0.830188679245283	0	1	2.437044034439831	0.02239239761431255	-0.6213593988884275	1.5800670971399393	YES	P11166
33	I	33	580.586	-42.938	273.17	0.97	0.830188679245283	0	0	2.5863956670254544	0.014210056772525903	-0.41487904417425664	1.5757377966223378	YES	P11166
34	N	34	583.034	-44.457	275.659	1.69	0.863565197942295	0	4	2.2908690422655518	0.034692306300762074	-0.3920525450327905	1.2309125896158146	YES	P11166
35	A	35	581.898	-47.95	276.648	0.25	0.853825740822645	2	0	1.8704014341141506	0.156667972445038	-0.3623806432138642	0.4600647498648262	NO	P11166
36	P	36	580.057	-48.893	273.409	1.69	0.876404494382023	0	2	1.9520127885213967	0.13334152635958507	-0.269006912012331	0.1221015186776559	NO	P11166
37	Q	37	582.975	-48.064	271.104	-1.56	0.879699248120301	2	0	1.6203815447483108	0.2845359011671323	0.0225331985722673	0.34583051629204564	NO	P11166
38	K	38	583.619	-51.717	270.262	-1.19	0.930601454064772	1	0	0.9830733835978298	1	0.34140334479165085	-0.46424311733432005	NO	P11166
39	V	39	580.03	-52.466	269.236	-0.83	0.929762949956102	0	0	1.0799936564889137	1	0.36578642626782626	-0.4631046354708451	NO	P11166
40	I	40	579.401	-49.328	267.164	0.61	0.929762949956102	0	0	1.0345343645107963	1	0.2626769914602657	-0.016104884283714788	NO	P11166
41	E	41	582.741	-49.859	265.416	-0.83	0.905550373134328	0	1	0.7697002511083265	0.6669523126852097	0.45997269510718086	-1.0433075211508924	NO	P11166
42	E	42	581.572	-53.376	264.55	-0.83	0.905550373134328	1	0	0.34155392614116814	0.10359006106080831	0.7267843846434222	-1.8802080411492272	NO	P11166
43	F	43	578.441	-51.795	263.08	-1.19	0.878109452736318	0	0	0.24332633152171443	0.024468460183512352	0.7756470514229202	-1.6929852460478312	NO	P11166
44	Y	44	580.726	-49.485	261.089	-0.47	0.831893165750196	1	0	0.211520679878763	0.008787440724935638	0.45779158647487334	-1.8718682472906958	NO	P11166
45	N	45	582.569	-52.428	259.522	0.25	0.804761904761905	1	0	0.22585491033137145	0.04500403222485547	0.6547495959293176	-2.463151623828087	NO	P11166
46	Q	46	579.368	-54.409	258.991	-0.47	0.810054876969375	2	0	0.13890449197859658	0.04657839697417475	0.9552878440351211	-2.9718177305495783	NO	P11166
47	T	47	577.875	-51.413	257.183	-0.11	0.816122703763153	0	0	0.11205915600493267	0.014621601415770229	0.95985769860543535	-2.2941775618142897	NO	P11166
48	W	48	581.066	-50.939	255.153	0.25	0.803937653814602	0	0	0.2502068524303819	0.07421442622484574	0.6467762376902804	-2.685239075875679	NO	P11166
49	V	49	580.781	-54.611	254.158	-1.56	0.774842767295598	1	0	0	0.0109503192452947	1.0830704434697833	-3.3993163308939733	NO	P11166
50	H	50	577.156	-54.388	253.019	-1.56	0.780735107731306	0	0	0	0.020344191340767002	0.988983311526403	-2.961004999051226	NO	P11166
51	R	51	577.945	-51.342	250.872	0.25	0.746666666666667	1	0	0	0.020344191340767002	0.8457737707334146	-2.8867190574594894	NO	P11166
52	Y	52	581.216	-52.197	249.105	-1.56	0.740374531835206	0	0	0	0.07152144113165737	0.8902988786892927	-3.2605297250845746	NO	P11166
53	G	53	581.734	-55.938	249.659	-1.92	0.689789936492428	0	0	0	0.07152144113165737	0.9626027556867698	-3.060740753966058	NO	P11166
54	E	54	584.835	-55.111	251.663	-1.19	0.695130683852488	0	0	0	0.020344191340767002	0.8662787688454061	-3.2588365982106895	NO	P11166
55	S	55	586.091	-55.12	255.236	-1.19	0.700396825396826	0	0	0.2799597870219749	0.12106043594016953	0.8333606054509698	-3.2006655963293293	NO	P11166
56	I	56	586.746	-51.561	256.363	-0.47	0.700396825396826	0	0	0.2502068524303819	0.07421442622484574	0.3776427822693995	-2.495067065400833	NO	P11166
57	L	57	590.362	-50.424	256.463	-1.56	0.661048689138577	0	0	0.31713536659254815	0.19464355609152834	0.17417344412756397	-2.5948486758351654	NO	P11166
58	P	58	591.528	-50.205	260.108	-1.19	0.628030751034891	1	0	0.42855348227651086	0.4721286851436727	-0.20773188638827694	-2.0047798508953703	NO	P11166
59	T	59	592.895	-46.687	259.574	-1.92	0.63217253660467	0	0	0.6510401113375778	0.7010934586869947	-0.9724935241323902	-1.7155016548146076	NO	P11166
60	T	60	589.6	-45.412	258.141	-0.47	0.593149540517962	1	1	0.7823813667920707	1	-0.7237493823738412	-1.2305552596392701	NO	P11166
61	L	61	587.609	-47.148	260.881	0.61	0.489848216045732	0	0	0.34155392614116814	0.10359006106080831	0.02749160330733767	-1.6807516485237952	NO	P11166
62	T	62	589.8	-45.076	263.223	-0.11	0.446115288220551	0	0	0.6412511722972418	0.5929223406326214	-0.6524111957723333	-0.7982590059892926	NO	P11166
63	T	63	589.426	-41.635	261.635	-0.47	0.475471698113208	1	0	1.3256213953820286	0.7499635649939163	-1.2640585016776007	-0.46306084770686534	NO	P11166
64	L	64	585.726	-42.336	261.068	0.97	0.479087452471483	0	0	0.7174109016516146	0.7826243323876323	-0.6656048302748571	-0.45212379427152277	NO	P11166
65	W	65	584.887	-43.233	264.671	1.69	0.426568441064639	0	0	1.7622416507152308	0.20508828728427142	-0.23953798587078598	0.14234557309516832	NO	P11166
66	S	66	587.122	-40.363	265.789	0.61	0.401476179825542	0	1	3.0724336752135275	0.029149602255089613	-0.9469530213231481	0.8253966095567957	YES	P11166
67	L	67	585.001	-38.095	263.591	0.61	0.343511450381679	0	0	2.472810072573106	0.16343296785730077	-1.4235533466822465	0.8378955140150879	NO	P11166
68	S	68	581.908	-39.601	265.234	-0.47	0.340909090909091	0	0	2.2759468973843293	0.060013967598060554	-0.6659698982551538	0.8389020985895017	NO	P11166
69	V	69	582.919	-38.297	268.669	1.69	0.382340515420363	0	0	3.1186374777028063	0.007839226658018476	-0.724263091517445	1.3076853113035711	YES	P11166
70	A	70	584.853	-35.215	267.56	0.61	0.431380337636544	0	0	3.3414956366677098	0.01728724353721548	-1.1043778295050446	1.4484897168544848	YES	P11166
71	I	71	582.128	-33.676	265.385	-0.47	0.412927756653992	0	0	2.0079673022855133	0.17593967029631985	-1.3357738177194516	1.2423411960145436	NO	P11166
72	F	72	580.208	-33.214	268.641	0.97	0.414503816793893	0	0	2.8838330696234733	0.01772401148562728	-0.9694740871460339	1.2576974630102513	YES	P11166
73	S	73	582.813	-30.646	269.717	-0.11	0.418390804597701	0	0	3.31780500454952	0.0136913531599631	-1.0197740075327453	1.004626182920986	YES	P11166
74	V	74	582.43	-28.799	266.401	0.25	0.437062237342405	0	0	3.6160305453007635	0.010087783262387575	-1.1405989549617517	0.880903164410304	YES	P11166
75	G	75	578.73	-28.455	267.175	1.69	0.492760180995475	0	1	2.8086773892292385	0.04825272499705098	-1.1046560682034745	0.8952018118144276	YES	P11166
76	G	76	579.369	-27.258	270.716	1.69	0.46360153256705	0	2	4.36720253719851	0.003996625962069522	-0.8098471828271716	0.6947591875334489	YES	P11166
77	M	77	581.422	-24.387	269.303	0.61	0.467181467181467	2	1	3.3920182410510713	0.022837899814754987	-0.7174338093561814	0.41172879646249316	YES	P11166
78	I	78	578.613	-23.209	267.016	-0.47	0.487139342428987	0	0	2.5500650313527715	0.07822235513000164	-0.8787929516561958	0.42932283526053605	NO	P11166
79	G	79	576.199	-23.715	269.907	0.61	0.454887218045113	0	1	1.8875492590403646	0.23012446865262487	-0.6542866964852138	0.45373107321210665	NO	P11166
80	S	80	578.221	-21.663	272.381	0.25	0.483742004264392	0	0	2.2742160013688446	0.10598486311132894	-0.3855748306787003	0.2553373404798895	NO	P11166
81	F	81	578.524	-19.002	269.664	0.61	0.543820224719101	0	0	1.699832933167619	0.32740325872012205	-0.264300908672501	0.28293583271211364	NO	P11166
82	S	82	574.743	-18.735	269.291	-0.83	0.545864661654135	0	0	1.743708190518761	0.3065456192794418	-0.4449588275081632	-0.1750687240116974	NO	P11166
83	V	83	573.758	-18.472	272.978	0.25	0.597039473684211	0	0	2.0079673022855133	0.17593967029631985	-0.36298257611665863	0.47761985134044893	NO	P11166
84	G	84	573.228	-14.71	272.95	-0.47	0.592583955223881	1	0	1.563879707597197	0.5675538501880525	-0.25042377825100576	0.052543316693394015	NO	P11166
85	L	85	571.294	-14.8	269.68	-0.83	0.637401229148376	1	0	0.8731985184039299	1	-0.3601666827000153	-0.18429641911565184	NO	P11166
86	F	86	568.469	-16.866	271.185	0.61	0.643313505177352	0	0	0.8125600181636419	0.7817370847647246	0.016325637924942307	-0.20639974489452645	NO	P11166
87	V	87	568.761	-15.877	274.845	-0.11	0.723727693324521	0	0	1.6407539558678483	0.27129010120952224	0.06862788393906394	0.7244620603464359	NO	P11166
88	N	88	567.99	-12.161	274.446	-1.19	0.719495367632565	0	0	1.6665678652052025	0.3481634826787405	0.42796247644316215	0.2251952265276868	NO	P11166
89	R	89	565.599	-12.43	271.487	-1.56	0.714639759249425	1	0	1.1315278104665563	1	0.5198188618825594	-1.1366431557010743	NO	P11166
90	F	90	563.393	-15.259	272.81	0.25	0.703964194373402	0	0	0.9512229588294754	1	0.6807639138899031	-0.2282453143848372	NO	P11166
91	G	91	564.258	-15.295	276.519	1.69	0.674632352941177	0	1	1.9070665588913487	0.14462666727682355	0.5920342669713836	1.00696925204646	NO	P11166
92	R	92	566.056	-17.864	278.62	1.69	0.728174603174603	0	0	1.4749852815740243	0.39901380975702694	0.2848367121745877	1.0528923925901144	NO	P11166
93	R	93	563.234	-20.28	279.455	-0.47	0.734259259259259	2	2	1.4668289826602448	0.4266929096491066	0.402913267650196	1.2896140679365578	NO	P11166
94	N	94	561.712	-20.34	275.964	-1.19	0.729551045510455	0	0	0.8658655698208064	0.8181142875807395	0.776303202039765	1.0836515143347045	NO	P11166
95	S	95	565.13	-20.952	274.386	0.25	0.732253086419753	0	0	0.8306876774896301	0.8262077138213769	0.3067305395090215	0.7667327051028837	NO	P11166
96	M	96	565.806	-24.034	276.519	0.97	0.732253086419753	1	1	1.5910176668472327	0.3127497745045355	0.1758415998323883	1.2423411960145436	NO	P11166
97	L	97	562.331	-25.279	275.597	1.69	0.759184983154179	0	0	0.7163191288686118	0.5268211361267323	0.6042379502018717	0.8359907462819666	NO	P11166
98	M	98	562.495	-24.872	271.812	-0.11	0.760597014925373	1	0	0.6378649869718751	0.46401970002148213	0.7339304872842234	0.742385017682855	NO	P11166
99	M	99	566.055	-26.209	271.58	-0.47	0.757769516728625	1	0	0.8658655698208064	0.8181142875807395	0.2745950876778682	0.831872329561704	NO	P11166
100	N	100	564.79	-29.549	272.869	1.69	0.728240740740741	1	0	0.33618517090611655	0.04517342899937511	0.4033263354544189	0.7355013783075589	NO	P11166
101	L	101	563.975	-29.928	269.171	0.25	0.744615384615385	0	0	0.2848985671222937	0.0652902207675897	0.6649404225822261	0.2703509202542195	NO	P11166
102	L	102	567.65	-30.58	268.429	0.61	0.806666666666667	1	0	1.0105187409169545	1	0.1556301257580188	1.0442453517699122	NO	P11166
103	A	103	567.692	-33.302	271.09	-0.11	0.77277888163497	1	0	0.47906176459760225	0.13726712568501978	0.3790987842209407	0.9662075949462695	NO	P11166
104	F	104	564.635	-35	269.572	-0.11	0.775641025641026	1	0	0.3839064747117572	0.06875579145541327	0.6987605501868438	0.7861204638147867	NO	P11166
105	V	105	566.006	-34.674	266.03	-0.47	0.752888888888889	1	0	0.6881496198176749	0.489305565519722	0.4269319448148091	0.793323949060046	NO	P11166
106	S	106	569.35	-35.967	267.299	-0.11	0.752888888888889	0	0	0.6344142628175343	0.3689372377444946	0.2799623213508374	0.6712540774714624	NO	P11166
107	A	107	567.88	-38.946	269.164	1.33	0.775641025641026	1	0	0.547051275588357	0.270357829386662	0.35002323815513336	0.8527527023334353	NO	P11166
108	V	108	565.983	-40.057	266.048	-0.47	0.77277888163497	1	0	0.44522924443172807	0.1515927171607346	0.5489812014039248	0.4329173163052975	NO	P11166
109	L	109	569.029	-39.784	263.776	0.61	0.784259259259259	0	0	0.44522924443172807	0.1515927171607346	0.4330686091942355	0.002300053365552735	NO	P11166
110	M	110	571.257	-41.766	266.149	0.97	0.806666666666667	0	0	0.49937683670153493	0.17548845276453728	0.38807746016158295	0.20656098715404908	NO	P11166
111	G	111	568.641	-44.251	267.369	1.33	0.812686567164179	0	0	0.4829494050234501	0.2199792787381813	0.4374640029079372	0.1811134589897332	NO	P11166
112	F	112	567.526	-45.107	263.829	0.25	0.785758706467662	0	0	0.2502068524303819	0.07421442622484574	0.44412945156394706	0.23181656198091863	NO	P11166
113	S	113	571.055	-45.034	262.368	0.25	0.777777777777778	1	0	0.7174109016516146	0.7826243323876323	0.6386744560317746	0.23755505270705277	NO	P11166
114	K	114	571.41	-48.811	262.705	-0.83	0.743911439114391	0	0	0.22585491033137145	0.04500403222485547	0.7263291734936442	-0.6565775533607602	NO	P11166
115	L	115	568.12	-49.664	260.989	-1.19	0.752238805970149	0	0	0.212715870008683	0.143974768190212	0.4583685901578735	-0.4194628307043076	NO	P11166
116	G	116	569.067	-47.053	258.388	1.33	0.697185185185185	2	0	0.212715870008683	0.143974768190212	0.7416097939302136	-0.5423556229671807	NO	P11166
117	K	117	572.517	-48.674	258.09	-1.56	0.70501872659176	1	0	0.11205915600493267	0.014621601415770229	0.9722872673491021	-0.8271000568610377	NO	P11166
118	S	118	574.136	-45.245	257.996	0.61	0.648358208955224	0	0	0.22585491033137145	0.04500403222485547	0.813799901606209	-0.47693508181231786	NO	P11166
119	F	119	577.101	-43.995	259.998	-0.83	0.648428594691418	0	0	0.6378649869718751	0.46401970002148213	0.2894132994220343	0.14715417140493925	NO	P11166
120	E	120	576.288	-40.598	258.465	-0.47	0.652958152958153	0	0	0.9348072170198028	1	-0.155603336928917	0.3641162865300116	NO	P11166
121	M	121	573.058	-40.399	260.478	0.97	0.6544797107272	0	1	0.6412511722972418	0.5929223406326214	0.2955878249097145	-0.03549928074866425	NO	P11166
122	L	122	575.036	-41.199	263.631	1.33	0.680451127819549	1	0	0.7007687337280316	0.6155456885412368	0.056604942170758066	0.4040575624427503	NO	P11166
123	I	123	577.65	-38.574	262.721	0.61	0.674157303370787	0	0	1.803459471580295	0.4062710276201935	-0.5161710863332577	1.2423411960145436	NO	P11166
124	L	124	574.987	-36.015	261.796	-0.11	0.589887640449438	0	1	1.1576680783688242	0.7944543006930673	-0.40263436012449766	1.060753338790298	NO	P11166
125	G	125	573.036	-36.67	264.988	0.61	0.59433962264151	1	0	0.8248503100588589	0.8076356624333845	-0.06734530016768317	0.639130427053414	NO	P11166
126	R	126	576.256	-36.378	266.988	1.69	0.59046052631579	0	3	1.2242703584906087	0.6647086406734193	-0.32643271708051885	0.9638586323662937	NO	P11166
127	F	127	576.846	-32.967	265.397	-0.83	0.59046052631579	0	0	1.8355517642583177	0.25023615552258127	-0.8488672720790444	1.1531088337421869	NO	P11166
128	I	128	573.359	-31.643	266.184	0.97	0.591619318181818	0	0	1.235889727594339	0.6735614675869308	-0.5137990551418097	1.1102772998514558	NO	P11166
129	I	129	573.222	-32.732	269.816	-0.47	0.579545454545455	1	0	1.16892620390934	0.699539524949547	-0.3361551854628851	1.1974394713190937	NO	P11166
130	G	130	576.62	-31.053	270.057	1.69	0.579545454545455	0	1	2.0547750539927185	0.09994614885733576	-0.7367598612562275	1.0819778935307944	NO	P11166
131	V	131	574.966	-27.8	268.993	0.25	0.631299734748011	0	0	2.1837602852443356	0.08164772097479682	-0.6668911561372786	0.7557899996242211	NO	P11166
132	Y	132	572.321	-28.307	271.677	-0.83	0.56992337164751	0	0	1.464436244099369	0.33897118783713126	-0.3706761841121105	0.9121814556068247	NO	P11166
133	C	133	575.076	-28.94	274.227	0.25	0.501228501228501	0	0	2.3594929032877925	0.04521222627805603	-0.5999086128212607	1.0672129858852317	YES	P11166
134	G	134	576.983	-25.817	273.184	1.69	0.550769230769231	0	1	2.442958886961468	0.039120236752137466	-0.5236894803166324	0.7706844240035166	YES	P11166
135	L	135	573.817	-23.758	273.629	0.97	0.63004563004563	0	0	1.4702657323170398	0.41276962882526425	-0.3825406172442185	1.1012729432948818	NO	P11166
136	T	136	572.909	-25.503	276.892	-0.47	0.693050193050193	0	0	1.9358235589759356	0.09092656905817154	-0.5249187032026563	1.1329353212519855	NO	P11166
137	T	137	576.195	-24.577	278.578	-0.83	0.63973863973864	0	2	4.063835530958469	0.0015225847083653085	-0.7496955534664209	1.1005225802485006	YES	P11166
138	G	138	575.113	-20.929	278.239	0.25	0.581395348837209	0	0	2.54617291405556	0.03376393233461321	-0.5029117439571279	0.6850001104215134	YES	P11166
139	F	139	571.39	-21.225	278.926	-0.11	0.636717368234878	0	0	2.67649471388275	0.029120765880501186	-0.41757701292394206	0.7822707751420483	YES	P11166
140	V	140	571.537	-23.165	282.201	-0.11	0.636717368234878	0	1	3.6160305453007635	0.010087783262387575	-0.6140049060339837	0.6789164216231104	YES	P11166
141	P	141	574.192	-21.09	284.031	1.69	0.560311284046693	0	0	5.051125384177825	0.0011622711325721133	-0.6091966128097643	0.9811265778684365	YES	P11166
142	M	142	572.499	-17.87	282.908	1.69	0.517427236794826	1	1	3.809952827650721	0.0027605813151405194	-0.17600692245151775	1.4036478120423146	YES	P11166
143	Y	143	568.958	-18.964	283.794	1.69	0.515390121689334	0	1	5.388335331313568	1.5682389876179597e-4	-0.10838415212047176	1.312212210845014	YES	P11166
144	V	144	569.843	-20.32	287.242	0.97	0.566929133858268	0	0	5.419027432876431	6.451666488080124e-5	-0.372359311387277	1.4780598943986587	YES	P11166
145	G	145	571.756	-17.103	287.929	0.61	0.529411764705882	0	0	4.705643526521274	0.0021682022935752337	-0.3629838443236438	1.8286248562537046	YES	P11166
146	E	146	568.861	-14.887	286.787	1.69	0.529411764705882	0	1	3.9155137377431455	3.969525738160118e-4	0.5911634459318811	2.1547826604140576	NO	P11166
147	V	147	566.411	-16.72	289.081	-0.47	0.605042016806723	1	0	2.0251220855538157	0.06879017942296137	0.452424557211809	1.6091056032935527	NO	P11166
148	S	148	568.144	-17.581	292.338	0.61	0.607424071991001	0	1	2.0547750539927185	0.09994614885733576	0.1098243503912643	1.505576664717995	NO	P11166
149	P	149	568.183	-15.333	295.416	1.69	0.609824957651045	0	1	1.794796441362948	0.19246558410683923	0.7268398460766071	1.1884151050812826	NO	P11166
150	T	150	571.5	-13.519	295.546	-0.11	0.533596837944664	1	0	2.171606745131501	0.14042549192718087	0.42227944344795026	0.9699594101781756	NO	P11166
151	A	151	572.699	-15.62	298.497	-1.56	0.569169960474308	1	0	2.177980668527279	0.25032425299237565	-0.22041418744904395	0.5534078710304371	NO	P11166
152	L	152	571.901	-19.008	296.927	1.33	0.642448103078024	0	0	2.2964395842645207	0.12385578482282557	-0.5639956740583139	0.8823098600461264	NO	P11166
153	R	153	573.253	-17.713	293.595	1.69	0.646027201145311	0	2	3.488219448191285	0.04861858443691503	-0.7934923111853659	1.844489674948621	YES	P11166
154	G	154	576.615	-19.31	294.383	1.69	0.591503267973856	0	1	4.679078918491148	0.018660558362236422	-0.6767731742515031	1.146594871296305	YES	P11166
155	A	155	575.369	-22.679	295.605	-0.11	0.591503267973856	0	1	2.472810072573106	0.16343296785730077	-0.6412441160722383	0.6767632059247991	NO	P11166
156	L	156	572.617	-23.251	293.035	0.25	0.591503267973856	0	0	3.7105828700688543	0.012998081815588064	-0.8346342687857708	0.9642066268225864	YES	P11166
157	G	157	575.034	-22.296	290.253	1.33	0.586900129701686	0	0	5.91937498742159	7.065561916703312e-4	-0.8246428198164314	0.7615460740458031	YES	P11166
158	T	158	576.975	-25.426	291.23	-0.11	0.586900129701686	0	0	4.266597437815492	0.009589542795345593	-0.6908739535554682	0.39872613517964833	YES	P11166
159	L	159	574.364	-27.783	289.786	-0.83	0.539654144305307	0	1	4.705643526521274	0.0021682022935752337	-0.9441249774745908	0.7667327051028837	YES	P11166
160	H	160	575.642	-27.151	286.247	-1.56	0.537570537570538	0	1	5.493555055977686	0.0013875268344581784	-1.0064276251454123	0.692364575809054	YES	P11166
161	Q	161	578.926	-28.882	287.088	-0.83	0.537570537570538	0	0	3.7105828700688543	0.012998081815588064	-0.9538295341218243	0.28487794883215906	YES	P11166
162	L	162	577.138	-31.654	288.987	0.97	0.533451223106396	0	0	2.8086773892292385	0.04825272499705098	-0.9397489076331096	0.4454962009224006	YES	P11166
163	G	163	574.698	-32.329	286.157	0.25	0.464607464607465	0	0	3.0724336752135275	0.029149602255089613	-1.0966584326895932	0.37958166384384684	YES	P11166
164	I	164	577.625	-32.608	283.754	-0.11	0.46360153256705	0	0	2.8086773892292385	0.04825272499705098	-1.1119412349132518	0.4867470472528786	YES	P11166
165	V	165	579.641	-34.977	285.945	-0.47	0.465384615384615	0	1	2.171606745131501	0.14042549192718087	-1.0694730343917513	0.46564040670538515	NO	P11166
166	V	166	576.617	-37.031	287.025	-0.11	0.345785440613027	1	0	2.171606745131501	0.14042549192718087	-1.1907484842674783	0.6382381034306905	NO	P11166
167	G	167	575.492	-37.182	283.4	1.69	0.232051282051282	1	0	1.699832933167619	0.32740325872012205	-1.2473660611456716	0.7024854042667871	NO	P11166
168	I	168	578.845	-38.686	282.434	0.97	0.254124254124254	0	0	2.54617291405556	0.03376393233461321	-0.934209787607667	1.1585933594233173	YES	P11166
169	L	169	578.462	-41.313	285.162	0.25	0.233333333333333	0	1	2.1123336770189	0.09036863897792892	-1.1140840272621055	1.2984683518838553	NO	P11166
170	I	170	575.002	-42.354	283.943	-0.11	0.234234234234234	0	0	1.794796441362948	0.19246558410683923	-1.1898187227855117	1.4404370402591746	NO	P11166
171	A	171	576.219	-42.749	280.356	0.61	0.232439335887612	1	0	1.9070665588913487	0.14462666727682355	-0.8654460896158064	1.5064689883407185	NO	P11166
172	Q	172	579.082	-44.967	281.524	1.69	0.231552162849873	0	0	2.6772968518500986	0.012401977825800204	-0.7617764012169271	1.2466476274111657	YES	P11166
173	V	173	576.748	-47.158	283.6	0.97	0.251641894227446	0	0	3.0792445236716297	0.02254781478425329	-1.1166931117160397	1.4715663872119025	YES	P11166
174	F	174	574.234	-47.577	280.768	0.25	0.249742710120069	0	0	1.8875492590403646	0.23012446865262487	-1.061081441547756	1.2084081115837502	NO	P11166
175	G	175	577.225	-48.472	278.576	0.61	0.248803827751196	0	1	1.6407539558678483	0.27129010120952224	-0.6111526449503475	0.4287332642955223	NO	P11166
176	L	176	577.615	-51.908	280.153	1.69	0.248803827751196	0	0	1.8355517642583177	0.25023615552258127	-0.8242006440660705	0.20913542015038833	NO	P11166
177	D	177	577.056	-55.162	278.291	-0.83	0.419475655430712	0	0	0.6445746130864574	0.5615789987270484	-0.8980399721374891	-0.2579046643981306	NO	P11166
178	S	178	574.315	-55.842	280.85	-1.56	0.488721804511278	0	0	1.0516141683433804	1	-1.495537342205622	0.31294152676681514	NO	P11166
179	I	179	572.197	-52.772	280.033	1.33	0.490566037735849	0	0	1.3226083943470703	0.7296845191604125	-1.8017667486742233	0.71094123288212	NO	P11166
180	M	180	572.575	-51.017	276.667	0.97	0.582664526484751	0	1	1.3256213953820286	0.7499635649939163	-0.9296167736923966	0.39758765331617335	NO	P11166
181	G	181	576.281	-51.168	275.779	1.33	0.595394736842105	0	0	1.5008376587729269	0.4727736175749167	-0.5436586306194933	0.35194164610247697	NO	P11166
182	N	182	575.876	-54.198	273.518	-0.83	0.584854994629431	0	0	0.7174109016516146	0.7826243323876323	-0.13741209133891794	-0.8303282854339132	NO	P11166
183	K	183	575.107	-55.059	269.901	-2.28	0.522904062229905	1	0	0.6412511722972418	0.5929223406326214	0.13995907729855253	-1.0504347790390591	NO	P11166
184	D	184	571.309	-54.944	270.234	-0.83	0.487379162191192	0	0	1.9900726079127515	0.6548988113931663	0.08890759675899514	-0.87382552107493	NO	P11166
185	L	185	570.749	-51.787	272.305	-0.47	0.526850507982584	0	0	2.6750354523658424	0.4076215817614983	-0.3501145778215424	-0.03672209460202621	NO	P11166
186	W	186	573.466	-49.246	271.493	1.69	0.566479400749064	0	0	1.102520798509514	0.8261343527887983	0.20748432398160613	-0.10058354809385255	NO	P11166
187	P	187	570.987	-47.325	269.287	-1.19	0.578891257995736	0	0	0.7007687337280316	0.6155456885412368	0.30696138191713696	0.07239052615949909	NO	P11166
188	L	188	568.783	-47.053	272.374	-0.11	0.675373134328358	0	0	0.8125600181636419	0.7817370847647246	-0.13032814521191285	0.31682889145226095	NO	P11166
189	L	189	571.87	-46.018	274.365	1.69	0.673507462686567	0	0	1.0799936564889137	1	-0.2503939920070389	0.7125134221221567	NO	P11166
190	L	190	572.365	-42.894	272.242	0.61	0.752083333333333	0	0	0.8604971094413681	0.8450347120083623	0.2258411961890633	0.9889794821799245	NO	P11166
191	S	191	568.625	-42.238	271.869	0.61	0.754879182156134	0	0	0.49937683670153493	0.17548845276453728	0.16442578848937392	0.7471015854029653	NO	P11166
192	I	192	567.626	-42.42	275.554	-0.83	0.754879182156134	1	0	0.5086609970187874	0.2837081512004543	-0.13219108901487608	0.8163286277465194	NO	P11166
193	I	193	568.352	-38.672	275.642	-0.47	0.67037037037037	1	0	0.5893963813135403	0.2903172679346576	-0.034192399860996724	1.1447287510244353	NO	P11166
194	F	194	564.769	-38.171	274.452	-0.11	0.672862453531598	0	0	0.17364440235401316	0.01636979962362105	0.606996855507886	1.0978963095861665	NO	P11166
195	I	195	563.471	-39.002	277.943	0.97	0.677902621722847	1	0	0.22585491033137145	0.04500403222485547	0.49105763778232586	1.196405927783904	NO	P11166
196	P	196	565.33	-36.05	279.557	-0.47	0.675373134328358	1	0	0.4829494050234501	0.2199792787381813	0.18276785509225704	1.3578971051572448	NO	P11166
197	A	197	564.194	-33.843	276.664	1.33	0.707184718906013	0	1	0.33618517090611655	0.04517342899937511	0.43690792168317594	0.7676250287256073	NO	P11166
198	L	198	560.567	-34.917	277.065	0.25	0.756970260223048	0	0	0.22643125782118412	0.014725694452432917	0.699285971458342	0.8461495075252808	NO	P11166
199	L	199	560.773	-34.337	280.821	0.97	0.751383763837638	0	0	0.4829494050234501	0.2199792787381813	0.38796276709861677	0.7848341271638474	NO	P11166
200	Q	200	562.059	-30.814	280.158	1.69	0.799261992619926	0	0	0.6692038709181936	0.4078545217587856	0.3935824272818417	0.5055636700520554	NO	P11166
201	C	201	559.205	-30.14	277.723	-0.47	0.802973977695167	1	1	0.49937683670153493	0.17548845276453728	0.7179079925304773	0.8097180878940844	NO	P11166
202	I	202	556.611	-31.137	280.33	0.25	0.797047970479705	1	0	0.6445746130864574	0.5615789987270484	0.7581982562475332	1.3083731440960873	NO	P11166
203	V	203	558.279	-29.136	283.113	-0.47	0.848389630793401	1	0	0.8658655698208064	0.8181142875807395	0.3883798751947718	0.4059365203149893	NO	P11166
204	L	204	559.567	-25.894	281.602	1.69	0.81123595505618	0	0	0.8033690995065949	0.6795419931000113	0.3949062033742848	0.8952018118144278	NO	P11166
205	P	205	556.238	-24.368	280.397	-0.11	0.83780880773362	1	0	0.9136242814485167	0.9999999999999999	0.8189598658480093	1.0930515742649662	NO	P11166
206	F	206	555.292	-24.288	284.078	0.25	0.828465215082316	1	0	0.9136242814485167	0.9999999999999999	0.7190707461708279	0.5159897671175622	NO	P11166
207	C	207	558.564	-22.615	285.092	0.25	0.836176261549396	0	0	1.0105187409169545	1	0.5835532783509041	0.930190168719973	NO	P11166
208	P	208	558.935	-18.824	285.316	1.69	0.774745853397539	0	0	1.565012988350146	0.26592121780455885	0.7618632381146202	0.8055144625520232	NO	P11166
209	E	209	560.573	-16.546	282.793	0.97	0.766861391396707	1	1	1.681603932168303	0.18924628947721034	0.8422965954273216	0.9121814556068247	NO	P11166
210	S	210	563.771	-14.874	283.946	1.69	0.784971486078497	0	0	2.18553619764531	0.042716885403736665	0.6901667964745202	0.8430782541261393	NO	P11166
211	P	211	562.726	-11.713	285.863	1.69	0.759093305218766	0	1	2.190600958570165	0.02642528405536491	1.2822737603564291	0.648821476630435	NO	P11166
212	R	212	565.802	-9.931	284.495	1.69	0.817843866171004	0	2	2.653476410930152	0.01043243980225878	1.3839619516888477	0.3750679266996335	NO	P11166
213	F	213	564.643	-10.839	280.985	0.97	0.82089552238806	0	0	2.147768544300321	0.05277916186461249	0.944240806505395	0.35297339529125105	NO	P11166
214	L	214	561.189	-9.435	281.756	-0.47	0.7806031933767	0	1	1.7142496807332428	0.232279759587869	1.2657410304617531	0.08571707316685778	NO	P11166
215	L	215	562.599	-6.348	283.485	0.25	0.830188679245283	0	1	2.613479799768037	0.025071743911177374	1.906125009704691	-1.5996038650477584e-4	NO	P11166
216	I	216	565.484	-5.279	281.22	1.33	0.827067669172932	0	0	2.733025491513021	0.02109587797091594	1.9624287294180998	-0.519733566679985	NO	P11166
217	N	217	565.169	-7.185	277.943	-1.19	0.83780880773362	0	0	2.2964395842645207	0.12385578482282557	1.3111206330274836	0.14495310646888776	NO	P11166
218	R	218	561.371	-6.74	277.889	-0.83	0.879699248120301	2	2	2.391811671682291	0.0915619106341173	1.2194666015582498	-0.27969520726504	NO	P11166
219	N	219	560.602	-3.631	280.012	-1.56	0.817843866171004	0	0	2.171606745131501	0.14042549192718087	1.609077218349561	-0.9470305825641415	NO	P11166
220	E	220	557.969	-5.687	281.889	-1.19	0.76625386996904	1	0	1.8875492590403646	0.23012446865262487	1.5851082661310119	-0.3374731618363908	NO	P11166
221	E	221	558.699	-3.999	285.206	0.25	0.735370370370371	0	0	1.8355517642583177	0.25023615552258127	1.943624059408867	-0.923793796486533	NO	P11166
222	N	222	555.424	-5.092	286.827	-1.19	0.764021164021164	0	0	1.8355517642583177	0.25023615552258127	1.8197261623666294	-0.5892592686282773	NO	P11166
223	R	223	555.139	-8.476	285.11	-1.19	0.761904761904762	1	2	1.8875492590403646	0.23012446865262487	1.6209082984489045	0.16142691546231636	NO	P11166
224	A	224	558.579	-9.114	286.635	0.97	0.857142857142857	1	1	1.696408696506289	0.18023118018878323	1.7639063419424585	-0.20744848759935097	NO	P11166
225	K	225	557.08	-8.468	290.078	-0.83	0.848545454545455	1	0	1.3555037546933233	0.5453171963253304	2.0165462468740527	-0.46314021302907876	NO	P11166
226	S	226	554.714	-11.409	289.576	-0.83	0.843115942028986	1	0	1.2242703584906087	0.6647086406734193	1.8082314666199055	-0.06245009807676106	NO	P11166
227	V	227	557.556	-13.872	288.97	-0.47	0.843818181818182	0	0	1.2649322045778388	0.5664256807093516	1.4538649649096302	0.2518619747913872	NO	P11166
228	L	228	559.674	-12.75	291.92	0.61	0.843115942028986	0	0	1.4629091197103774	0.34895932462664375	1.538150033403762	0.2188460007506153	NO	P11166
229	K	229	556.864	-13.141	294.471	0.25	0.867878787878788	0	0	0.8306876774896301	0.8262077138213769	1.6678580124248739	-0.48863915726592483	NO	P11166
230	K	230	555.797	-16.616	293.331	-0.11	0.887603305785124	0	0	0.8632330254684188	0.833126978084866	1.2616138750536778	-0.07829776561633156	NO	P11166
231	L	231	559.477	-17.465	292.773	0.61	0.884387351778656	0	0	0.9585648762963976	1	1.0867740551131624	0.42594620155182067	NO	P11166
232	R	232	561.28	-15.822	295.699	-1.19	0.874877810361681	2	2	0.7163191288686118	0.5268211361267323	1.181192937951533	-0.007263397225579946	NO	P11166
233	G	233	558.322	-16.969	297.807	1.69	0.878024852844997	1	0	0.6378649869718751	0.46401970002148213	1.3575444649124424	-0.4924981672187424	NO	P11166
234	T	234	558.189	-13.811	299.928	-0.83	0.881816454493635	0	0	0.5789088314742346	0.4364467680549128	1.7863854632453517	-0.8706811425948565	NO	P11166
235	A	235	555.35	-11.268	299.79	-0.83	0.921545201115094	1	0	0.5690808217867165	0.40346967277713597	2.3610303241021966	-1.3163967921452768	NO	P11166
236	D	236	557.094	-8.323	298.088	0.25	0.915674603174603	1	1	0.6412511722972418	0.5929223406326214	2.396053066443881	-1.1678249089618036	NO	P11166
237	V	237	560.545	-7.956	296.586	0.61	0.918956590999602	1	1	1.0799936564889137	1	2.2996575650588458	-0.37544153198327845	NO	P11166
238	T	238	561.585	-4.293	296.581	-0.83	0.97644834106928	0	0	1.0536036915493316	1	2.558399089502288	-1.1834640545600639	NO	P11166
239	H	239	565.015	-5.493	297.734	-1.19	0.95773381294964	1	0	1.0536036915493316	1	2.4587935099815486	-1.1209074721670222	NO	P11166
240	D	240	565.482	-7.961	294.869	-0.83	0.983549783549783	0	0	1.696408696506289	0.18023118018878323	1.9276699897342684	0.010099842299283434	NO	P11166
241	L	241	563.981	-5.674	292.222	0.97	1.0102766798419	0	0	1.9358235589759356	0.09092656905817154	1.9518341033191249	-0.4384720278792974	NO	P11166
242	Q	242	566.299	-2.76	293.021	-0.83	1.02054467271859	0	0	2.0790217988433697	0.15787776133712156	2.868986403390962	-0.6204548130226908	NO	P11166
243	E	243	569.299	-5.113	293.101	0.97	1.02054467271859	0	1	3.0724336752135275	0.029149602255089613	2.4316435113931876	-0.15918690201622268	NO	P11166
244	M	244	568.701	-5.967	289.438	0.61	0.974452554744525	1	1	2.2759468973843293	0.060013967598060554	1.9404471754750596	0.13114731970481505	NO	P11166
245	K	245	568.358	-2.269	288.584	-0.83	1.01682005712472	1	1	2.7733056334121624	0.06614833625253284	2.8694632231821973	-1.156819584281546	NO	P11166
246	E	246	571.783	-1.64	290.146	-1.19	1.02341137123746	0	0	1.5358344674989646	0.433864547150247	3.2651944555557804	-1.4319527012879785	NO	P11166
247	E	247	573.507	-4.301	288.035	1.69	1.03096422268571	0	2	2.2964395842645207	0.12385578482282557	2.7812376672146577	-0.6940456814767271	NO	P11166
248	S	248	571.665	-3.113	284.92	-1.19	1.0479704797048	0	0	2.0476475571453805	0.19100296049260085	2.8539359566327316	-0.8723319412968952	NO	P11166
249	R	249	573.118	0.339	285.589	-1.19	0.994397759103641	1	1	0.9835525803094238	1	3.144726484199541	-1.6898899984815088	NO	P11166
250	Q	250	576.601	-0.99	286.372	-1.56	0.994397759103641	0	0	0.5389599749124802	0.2470902099252891	2.7475064973136223	-2.342805161589273	NO	P11166
251	M	251	576.454	-3.271	283.32	-1.19	1.01509560550151	1	0	0.6308971363687726	0.38850224550248885	2.2350953932491797	-1.9492029612600714	NO	P11166
252	M	252	575.228	-0.521	280.963	-1.19	1.02054467271859	0	0	0.3531394501664186	0.08350473370298372	2.655627668377156	-2.5525537025541767	NO	P11166
253	R	253	578.023	1.824	282.122	-0.83	1.00765900765901	2	0	0.2848985671222937	0.0652902207675897	2.6596571321407243	-2.9352800526111245	NO	P11166
254	E	254	581.066	0.667	280.168	-1.19	1.01682005712472	0	0	0.5389599749124802	0.2470902099252891	1.997009028292224	-1.8533918993378313	NO	P11166
255	K	255	580.245	-0.151	276.551	-0.83	1.00398142003981	2	0	0.32720181329668513	0.053791877773731935	1.9061210289367423	-2.261020493867361	NO	P11166
256	K	256	580.356	-3.883	275.903	-1.92	1.00398142003981	4	0	0.2626304454885168	0.04023032816712142	1.7990099875279417	-0.981734873459271	NO	P11166
257	V	257	583.503	-4.521	273.882	-0.83	1.01136363636364	1	0	0.2844463445926368	0.02155867760569358	1.7936572285164387	-1.005190666464668	NO	P11166
258	T	258	583.284	-6.893	270.936	-0.11	1.01509560550151	0	0	0.3531394501664186	0.08350473370298372	1.7168319870622335	-0.38744734072537734	NO	P11166
259	I	259	585.44	-9.909	270.139	-0.11	0.964673913043478	0	0	0.4125281919778051	0.1027964634157263	1.539706234068667	-0.050361172197216884	NO	P11166
260	L	260	587.177	-7.774	267.512	0.25	0.975432358170357	0	0	0.22585491033137145	0.04500403222485547	2.199803682385478	-0.45506829290514006	NO	P11166
261	E	261	587.971	-4.923	269.911	-0.47	0.966973101804563	0	0	0.0797712676963912	0.001393781512573834	2.0272708755343425	-0.9304243337162533	NO	P11166
262	L	262	589.333	-7.48	272.393	1.69	0.915467916599321	0	0	0.35864522616942396	0.045451045842820524	1.6034318866808748	-0.21719255296026846	NO	P11166
263	F	263	592.12	-8.625	270.052	0.25	0.915467916599321	0	0	0.12413574700619937	0.026170789347183008	1.9405362897830634	-0.11581591793539052	NO	P11166
264	R	264	593.015	-5.145	268.795	-0.83	0.924930793030451	2	0	0.18109273581792942	0.14311882891898575	2.5646925373204916	-0.7936438698330556	NO	P11166
265	S	265	593.427	-3.326	272.119	-1.56	0.916838842975207	0	0	0.1573653649345697	0.08217680942934967	2.3051610649446372	-0.8027070783932675	NO	P11166
266	P	266	596.91	-3.999	273.585	-0.83	0.922917386795714	1	0	0.18109273581792942	0.14311882891898575	2.0398822926506552	-0.5989342793361957	NO	P11166
267	A	267	595.264	-3.384	276.972	-0.47	0.904942965779468	1	0	0.18109273581792942	0.14311882891898575	1.4979965507653734	-0.20417116664677434	NO	P11166
268	Y	268	593.515	-6.769	276.702	-0.83	0.904040404040404	0	0	0.44522924443172807	0.1515927171607346	1.2758094849993864	-0.36247097075297524	NO	P11166
269	R	269	596.058	-8.909	274.843	1.69	0.835029686174724	2	1	0.31713536659254815	0.19464355609152834	1.4684638727857002	-0.007763639256500736	NO	P11166
270	Q	270	597.803	-10.149	278.009	-0.11	0.880787295906956	0	0	0.2799597870219749	0.12106043594016953	0.8328192454976125	-0.33342120138593245	NO	P11166
271	P	271	594.722	-11.214	280.029	0.25	0.815909090909091	1	0	0.5789088314742346	0.4364467680549128	0.4877227704774764	0.20074046659922426	NO	P11166
272	I	272	593.082	-12.754	276.951	0.97	0.683908045977011	0	0	0.5389599749124802	0.2470902099252891	0.7414131575543143	-0.04032939546944396	NO	P11166
273	L	273	596.25	-14.775	276.352	-0.11	0.635062611806798	0	0	0.31713536659254815	0.19464355609152834	0.6167559137870439	-0.4209808065222741	NO	P11166
274	I	274	595.996	-15.986	279.95	-0.47	0.632610632610633	0	0	0.4794810598213738	0.3591354811784866	-0.23177942721277286	0.184912916319822	NO	P11166
275	A	275	592.38	-16.991	279.307	-0.47	0.742993440667859	1	1	1.0799936564889137	1	0.08223199341212732	0.2880990194702831	NO	P11166
276	V	276	592.883	-18.945	276.07	0.97	0.742203742203742	0	0	1.1576680783688242	0.7944543006930673	0.24520509317334302	-0.004234904930275751	NO	P11166
277	V	277	595.839	-20.79	277.609	0.61	0.744282744282744	0	0	2.177980668527279	0.25032425299237565	-0.4254686947405615	-0.47533601754253696	NO	P11166
278	L	278	593.915	-21.732	280.76	-0.11	0.738579428234601	0	0	2.2964395842645207	0.12385578482282557	-0.370561442520323	-0.555928856739498	NO	P11166
279	Q	279	591.296	-23.15	278.383	-1.19	0.733705226071638	0	0	2.616393224973216	0.05844036748217009	-0.023298033100095726	0.23011974798404963	NO	P11166
280	L	280	593.9	-25.043	276.353	-0.47	0.679389312977099	0	0	3.873602090560356	0.028410666456377354	-0.41536316131747225	0.12515202036464113	YES	P11166
281	S	281	595.336	-26.238	279.673	0.25	0.67680608365019	0	0	4.0355853480671	0.0072651890201834	-0.6743632404073426	-0.25300729491541607	NO	P11166
282	Q	282	591.95	-27.833	280.406	0.25	0.681297709923664	0	1	6.81030582598188	0.0014868354291975765	-0.4510810082565052	0.21150911763044383	YES	P11166
283	Q	283	591.414	-29.721	277.139	0.61	0.509030418250951	0	1	3.873602090560356	0.028410666456377354	-0.4494719665556708	0.5498110088178652	YES	P11166
284	L	284	594.975	-30.501	276.018	0.61	0.603901611535199	0	0	4.667423801848112	0.005120845387651403	-0.854667334348417	0.5339984802307104	YES	P11166
285	S	285	595.787	-31.867	279.477	0.25	0.674904942965779	0	1	2.0079673022855133	0.17593967029631985	-0.9356442820505482	0.08419261642746731	NO	P11166
286	G	286	593.841	-34.874	278.227	1.69	0.674904942965779	0	1	2.616393224973216	0.05844036748217009	-0.9905080589097203	0.6348472736643409	NO	P11166
287	I	287	590.837	-35.675	280.404	-0.11	0.622989178122258	0	1	3.8961767031769665	0.005804696555071319	-0.5120096486735783	0.8197367282926633	YES	P11166
288	N	288	588.59	-36.157	277.388	0.61	0.671102661596958	0	0	8.18725623524792	2.0725364048221553e-5	-0.5543339316488837	1.5064689883407185	YES	P11166
289	A	289	591.216	-38.72	276.437	0.61	0.674904942965779	0	0	4.772432813283315	5.930297257366713e-4	-0.6785977783898275	1.0006923647374046	YES	P11166
290	V	290	589.771	-40.771	279.293	0.97	0.726820707809301	1	0	2.442958886961468	0.039120236752137466	-0.43506596952047094	1.2588491830349295	YES	P11166
291	F	291	586.181	-39.537	279.195	-0.11	0.62474407721556	0	0	3.521002179469264	0.002756884587805501	-0.5173972315289246	1.6034955242972726	YES	P11166
292	Y	292	586.006	-40.497	275.501	-0.11	0.67680608365019	0	0	3.1472622758037954	0.006057535733230602	-0.45720079767235366	1.6349441916732872	YES	P11166
293	Y	293	588.388	-43.488	275.338	1.69	0.731650029359953	0	0	1.9685603762085984	0.08449296937578207	-0.1077613313486904	0.8823098600461264	NO	P11166
294	S	294	588.71	-44.707	278.955	0.25	0.731650029359953	0	2	1.8148154539690258	0.12923593511418585	-0.033587951454089916	1.1609017933806394	NO	P11166
295	T	295	587.112	-48.068	278.161	0.25	0.731650029359953	0	1	1.464436244099369	0.33897118783713126	-0.009232611174787993	0.9532501062429068	NO	P11166
296	S	296	589.44	-48.458	275.173	-0.11	0.731650029359953	0	0	1.1394172586536535	0.8355991710021272	0.47256486284958354	0.09878791332962664	NO	P11166
297	I	297	592.564	-47.455	277.127	0.97	0.726107226107226	0	0	0.5898190736249038	0.23171274761351382	-0.3185593032318728	0.10824248771402953	NO	P11166
298	F	298	591.905	-49.838	280.022	0.97	0.674242424242424	0	0	0.7345781718080293	0.5573331019997507	-0.16439951868532202	0.3163217336328941	NO	P11166
299	E	299	591.431	-52.683	277.543	-1.56	0.671698113207547	1	0	0.8306876774896301	0.8262077138213769	0.22292374350484592	-0.08196620717641735	NO	P11166
300	K	300	594.742	-51.925	275.812	-0.83	0.626315789473684	2	0	0.5086609970187874	0.2837081512004543	-0.24844448733845545	-1.057348380440759	NO	P11166
301	A	301	596.418	-52.002	279.225	1.69	0.623970037453184	1	0	0.32720181329668513	0.053791877773731935	-0.2514001145368816	-0.6476002369139656	NO	P11166
302	G	302	594.918	-55.389	280.087	1.69	0.623970037453184	1	0	0.20555544425021668	0.02706676835286358	-0.0895264308126822	-0.7909874121516142	NO	P11166
303	V	303	592.016	-54.774	282.464	0.97	0.633348076072534	1	1	0.4829494050234501	0.2199792787381813	-0.15954198681517362	-0.3212010032020104	NO	P11166
304	Q	304	589.258	-57.307	282.986	-1.19	0.678030303030303	0	0	0.37834932531918347	0.15932686587188508	-0.12275040205719627	-0.25123858202037475	NO	P11166
305	Q	305	585.881	-55.582	282.942	-1.56	0.678030303030303	0	0	0.5789088314742346	0.4364467680549128	-0.352883292642059	-0.20904102281778822	NO	P11166
306	P	306	587.358	-52.34	281.539	-1.19	0.628070175438596	0	0	1.6041115570592235	0.29842471944224036	-0.35540708803168314	0.6655327083610583	NO	P11166
307	V	307	583.972	-50.604	281.266	-0.83	0.633348076072534	2	0	2.0076442590493255	0.11030732425649739	-0.3598525908266141	0.42794716967550384	NO	P11166
308	Y	308	583.692	-50.914	285.048	1.69	0.639920556107249	0	0	2.8454898935707407	0.03660226166257381	-0.8157374958280557	0.31459232546885374	YES	P11166
309	A	309	587.005	-49.072	285.345	0.61	0.64055023923445	0	0	1.6041115570592235	0.29842471944224036	-0.6166768129958223	1.0990035526180217	NO	P11166
310	T	310	585.451	-46.369	283.166	-0.11	0.582333696837514	0	1	2.3594929032877925	0.04521222627805603	-0.6476993800495071	0.9992874296718398	YES	P11166
311	I	311	582.491	-46.316	285.551	0.25	0.679389312977099	0	0	2.2759468973843293	0.060013967598060554	-1.0960923651122882	0.9738691965777406	NO	P11166
312	G	312	585.248	-46.043	288.146	0.61	0.684615384615385	0	0	1.515690466927111	0.4534810866053099	-0.9403380802973693	0.6410502748477586	NO	P11166
313	S	313	586.714	-42.874	286.658	-0.11	0.691119691119691	0	2	2.363123978363069	0.053041419083577755	-0.7537910512187671	0.679634160189214	NO	P11166
314	G	314	583.164	-41.529	286.455	1.69	0.697674418604651	0	1	2.3594929032877925	0.04521222627805603	-0.8223090887030529	0.8489593776564104	YES	P11166
315	I	315	582.513	-42.151	290.152	-0.47	0.697674418604651	0	0	1.563879707597197	0.5675538501880525	-1.3985172719509007	0.8546697588906415	NO	P11166
316	V	316	585.871	-40.615	291.092	0.61	0.630350194552529	0	0	1.515690466927111	0.4534810866053099	-0.94159603475074	0.10814538190802724	NO	P11166
317	N	317	585.013	-37.588	288.947	0.25	0.622568093385214	0	1	2.391811671682291	0.0915619106341173	-0.969543474442824	0.22646507168310115	NO	P11166
318	T	318	581.697	-37.038	290.74	-0.11	0.661764705882353	1	0	2.5500650313527715	0.07822235513000164	-1.0666702023488335	0.13780679174144803	NO	P11166
319	A	319	583.298	-37.464	294.17	0.25	0.617647058823529	0	0	1.5358344674989646	0.433864547150247	-0.7122491654933825	-0.34242555794250656	NO	P11166
320	F	320	586.106	-34.978	293.487	-0.47	0.585224641037517	0	0	1.743708190518761	0.3065456192794418	-0.6015074685449423	0.13780679174144803	NO	P11166
321	T	321	583.642	-32.462	292.024	0.25	0.635924462011419	0	0	1.743708190518761	0.3065456192794418	-0.7180646866809397	-0.29540280703595273	NO	P11166
322	V	322	581.631	-32.387	295.259	-0.11	0.715415019762846	1	0	1.3318194675844197	0.5943675236766097	-0.6126238550313529	-0.642109014620282	NO	P11166
323	V	323	585.004	-31.999	296.997	-0.47	0.677761597670064	1	0	1.1315278104665563	1	-0.35273998513136506	-0.14720066796229025	NO	P11166
324	S	324	586.31	-29.226	294.73	0.61	0.70703125	0	2	1.794796441362948	0.19246558410683923	-0.2513887229028872	-0.4774909062911188	NO	P11166
325	L	325	583.404	-26.999	295.789	0.25	0.711764705882353	0	0	2.0476475571453805	0.19100296049260085	-0.46194443176472605	-0.052112682756409054	NO	P11166
326	F	326	584.518	-27.041	299.438	-0.11	0.651395848246242	2	0	1.3256213953820286	0.7499635649939163	-0.0690389236364518	-0.7984586993806682	NO	P11166
327	V	327	588.133	-26.28	298.419	0.25	0.680818414322251	0	0	2.0476475571453805	0.19100296049260085	-0.006693022718878073	-1.3847870240868756	NO	P11166
328	V	328	588.084	-23.584	295.717	0.97	0.652450980392157	0	1	2.0790217988433697	0.15787776133712156	-0.08923456606223645	-1.1621324996444289	NO	P11166
329	E	329	586.554	-21.185	298.239	0.97	0.681895380434783	0	1	2.7733056334121624	0.06614833625253284	-0.04392778876066486	-0.8115999258903175	NO	P11166
330	R	330	588.944	-22.035	301.106	-1.19	0.684375	1	0	1.8885653968049279	0.3731770794234942	0.49099090252750294	-2.2497329813747893	NO	P11166
331	A	331	592.201	-21.713	299.138	-1.92	0.704633204633205	0	0	1.9556433504007362	0.21026775714443263	0.24014440572619547	-1.9486526950260585	NO	P11166
332	G	332	593.957	-19.748	296.418	-1.19	0.707364341085271	0	0	2.177980668527279	0.25032425299237565	0.09196033636104585	-1.898892905578895	NO	P11166
333	R	333	593.384	-20.1	292.691	-1.19	0.732818532818533	0	2	2.391811671682291	0.0915619106341173	-0.2852969840929912	-0.9497193834803409	NO	P11166
334	R	334	597.015	-19.939	291.54	-1.19	0.789189189189189	0	0	2.472810072573106	0.16343296785730077	-0.3545128294403095	-1.2745765583602993	NO	P11166
335	T	335	597.986	-22.816	293.838	-2.28	0.792248062015504	0	0	1.9556433504007362	0.21026775714443263	-0.07248578424252616	-1.5652864426064803	NO	P11166
336	L	336	595.111	-25.148	292.947	-1.56	0.81936545944328	1	1	2.616393224973216	0.05844036748217009	-0.1630864497716605	-1.128806030549982	NO	P11166
337	H	337	595.724	-24.916	289.198	-1.92	0.822566105769231	2	1	3.6160305453007635	0.010087783262387575	-0.47598738097064575	-0.9550552984768291	NO	P11166
338	L	338	599.363	-25.911	289.747	-1.92	0.801493192797541	0	0	1.9556433504007362	0.21026775714443263	-0.5462781889634034	-1.197271588511681	NO	P11166
339	I	339	598.511	-28.628	292.285	-1.92	0.767716535433071	1	0	1.699832933167619	0.32740325872012205	-0.39995261325620085	-1.5825880828490002	NO	P11166
340	G	340	596.163	-30.117	289.7	1.69	0.73630831643002	0	0	2.8454898935707407	0.03660226166257381	-0.4062343456695481	-1.0272953784292873	NO	P11166
341	L	341	598.472	-29.539	286.736	0.25	0.80026455026455	0	0	2.0079673022855133	0.17593967029631985	-0.8023863703153132	-0.6799970476246843	NO	P11166
342	A	342	601.24	-31.336	288.651	0.61	0.693562610229277	1	1	1.0536036915493316	1	-0.8291889315108676	-1.1642556144709093	NO	P11166
343	G	343	599.24	-34.281	289.976	0.25	0.687015078319426	0	0	1.1787251952156093	0.8029537790852022	-0.6421882961695511	-0.8046491945133128	NO	P11166
344	M	344	598.004	-34.851	286.429	0.25	0.67896412037037	0	1	1.102520798509514	0.8261343527887983	-0.8982655944423434	-0.33022400231874305	NO	P11166
345	A	345	601.548	-34.833	285.036	-0.11	0.704280155642023	1	0	1.5358344674989646	0.433864547150247	-1.014477774310225	-0.08957151284976586	NO	P11166
346	G	346	602.455	-37.315	287.763	-0.83	0.64400715563506306	0	0	0.37834932531918347	0.15932686587188508	-0.8546958599688148	-0.5384579038095896	NO	P11166
347	C	347	599.545	-39.637	287.008	-0.11	0.679738562091503	0	0	0.4829494050234501	0.2199792787381813	-0.7950939865873996	0.09302836994659276	NO	P11166
348	A	348	600.382	-39.362	283.307	-0.47	0.674448767833982	1	0	0.3839064747117572	0.06875579145541327	-1.149132939096682	0.1288024351848738	NO	P11166
349	I	349	603.847	-40.548	284.343	-0.47	0.697674418604651	1	0	0.17364440235401316	0.01636979962362105	-1.2915588783399665	-0.36643717542670434	NO	P11166
350	L	350	602.257	-43.256	286.495	-0.47	0.702334630350195	0	0	0.0797712676963912	0.001393781512573834	-0.8341598329524487	-0.3506795514526995	NO	P11166
351	M	351	600.263	-44.327	283.429	-0.47	0.724724724724725	1	0	0.06498984115934352	4.0301308411432794e-4	-0.9128538931404576	-0.04782148188638827	NO	P11166
352	T	352	603.284	-44.611	281.132	0.25	0.67037037037037	0	0	0	1.9355198334040707e-4	-1.0390122512199744	-0.3304197492004077	NO	P11166
353	I	353	605.073	-46.887	283.613	-0.47	0.633269720101781	1	0	0	7.436412402716416e-4	-0.5921962337506825	-0.8706811425948565	NO	P11166
354	A	354	602.088	-49.21	284.035	-0.47	0.635273471775373	2	0	0.06109889725999084	2.0917164071536536e-4	-0.43138628943086293	-0.15753610331418408	NO	P11166
355	L	355	601.753	-49.234	280.234	-0.47	0.655249234196603	0	0	0.057596664228422544	1.0854925758818535e-4	-0.6236334995980479	-0.3229545988928206	NO	P11166
356	A	356	605.361	-50.26	279.561	-0.83	0.655249234196603	0	0	0	1.9355198334040707e-4	-0.5893276791103121	-0.8706811425948565	NO	P11166
357	L	357	605.95	-52.707	282.425	-0.83	0.70501872659176	1	0	0	0.0029086651163257138	-0.299841919949509	-0.6639724355569805	NO	P11166
358	L	358	602.622	-54.444	281.649	-0.47	0.677902621722847	0	0	0.09340969369785639	0.004524359314131794	-0.21463204814237657	-0.5735373762279097	NO	P11166
359	E	359	604.056	-56.522	278.797	-0.11	0.702117342815581	0	0	0	0.0029086651163257138	-0.15679530258413554	-1.3600944048462986	NO	P11166
360	Q	360	606.334	-57.92	281.538	-0.83	0.70017779214482	0	0	0	0.0109503192452947	-0.0025440473779362407	-1.266872831084119	NO	P11166
361	L	361	604.356	-57.456	284.774	-0.47	0.671003717472119	0	0	0	0.0109503192452947	-0.11801490925929574	-0.800764962273222	NO	P11166
362	P	362	600.677	-58.772	284.281	0.25	0.70017779214482	1	0	0.1573653649345697	0.08217680942934967	-0.15816270059959722	-0.6830113954157322	NO	P11166
363	W	363	599.155	-56.691	287.07	-1.19	0.671003717472119	0	0	0.10199178368274466	0.008141219559306554	-0.2954353590267282	-0.5465243065581873	NO	P11166
364	M	364	600.262	-53.119	286.322	-0.11	0.641829642799418	1	0	0.0797712676963912	0.001393781512573834	-0.26735574448539184	-0.3424255579425065	NO	P11166
365	S	365	596.811	-52.822	284.736	-0.83	0.581632653061225	0	0	0.07422901181639735	7.73012044501288e-4	-0.24496807184178127	-0.6628747177499983	NO	P11166
366	Y	366	595.831	-52.251	288.367	0.97	0.579454253611557	0	0	0.08610411471216978	0.002511860313382868	-0.3727312425707493	-0.4631046354708452	NO	P11166
367	L	367	598.285	-49.346	288.525	0.97	0.540823970037453	0	0	0.0797712676963912	0.001393781512573834	-0.4132483078895316	-0.09067875588162103	NO	P11166
368	S	368	596.825	-47.923	285.307	0.25	0.539325842696629	0	0	0.36075714409461707	0.03604874867474574	-0.41719436261409976	-0.23371442390581867	NO	P11166
369	I	369	593.446	-47.822	287.069	0.97	0.520446096654275	1	0	0.547051275588357	0.270357829386662	-0.34212557861929804	0.03332767042627805	NO	P11166
370	V	370	594.943	-45.865	289.971	0.25	0.472337633938334	2	0	0.5086609970187874	0.2837081512004543	-0.567322228950667	-0.15753610331418408	NO	P11166
371	A	371	596.817	-43.701	287.465	0.97	0.50185873605948	0	0	0.44522924443172807	0.1515927171607346	-0.4389188230632051	0.22405904928336873	NO	P11166
372	I	372	593.643	-42.48	285.761	0.97	0.477664750110571	0	0	1.2242703584906087	0.6647086406734193	-0.33470019288978653	0.5362036287751777	NO	P11166
373	F	373	591.565	-42.464	288.958	0.61	0.537827715355805	0	0	1.515690466927111	0.4534810866053099	-0.48867117500395896	0.2866156316764102	NO	P11166
374	G	374	594.046	-39.902	290.267	-0.47	0.53984962406015	0	0	0.9136242814485167	0.9999999999999999	-0.4194452647804823	0.12515202036464113	NO	P11166
375	F	375	594.546	-38.326	286.84	0.25	0.47278314310799	0	0	1.7622416507152308	0.20508828728427142	-0.6095519795954258	0.34196807061099366	NO	P11166
376	V	376	590.892	-37.258	286.809	0.97	0.515170151701517	0	0	2.8838330696234733	0.01772401148562728	-0.42720347734810227	0.5027833775012535	YES	P11166
377	A	377	590.783	-36.659	290.574	-0.47	0.584967320261438	1	0	1.8355517642583177	0.25023615552258127	-0.43843335013878576	0.3812489000863039	NO	P11166
378	F	378	593.504	-34.019	290.187	-0.47	0.539969834087481	0	0	2.0547750539927185	0.09994614885733576	-0.3567918675621795	-0.25123858202037475	NO	P11166
379	F	379	591.868	-32.501	287.102	0.25	0.537999141262344	0	0	2.613479799768037	0.025071743911177374	-0.3359504440568686	-0.0208786803280327	NO	P11166
380	E	380	588.629	-31.884	289.003	-0.83	0.493131868131868	0	0	3.3115763859233014	0.006218338824602526	-0.3477580754722901	-0.024057236835063465	NO	P11166
381	V	381	590.426	-29.646	291.53	-0.47	0.544982698961938	0	0	2.0547750539927185	0.09994614885733576	-0.09577038849658907	-0.7941441118639763	NO	P11166
382	G	382	592.752	-27.85	289.104	1.69	0.542986425339367	0	1	2.8838330696234733	0.01772401148562728	-0.2661312869185421	-1.0233800225334266	NO	P11166
383	P	383	592.464	-27.481	285.313	1.69	0.586080586080586	0	2	4.063835530958469	0.0015225847083653085	-0.291223477717867	-0.6465939996372773	NO	P11166
384	G	384	588.71	-28.13	285.558	0.61	0.589336589336589	0	0	6.132118860641582	1.6971724222488273e-4	-0.2903129385879722	-0.41446041039509973	NO	P11166
385	P	385	586.984	-25.226	287.299	0.25	0.595884773662552	0	0	3.0792445236716297	0.02254781478425329	-0.39449259313710744	-0.3915033571923026	NO	P11166
386	I	386	589.803	-22.693	287.64	0.97	0.502777777777778	0	1	2.8454898935707407	0.03660226166257381	-0.10569718301915608	-1.0459802428589549	NO	P11166
387	P	387	589.96	-21.655	283.947	0.61	0.505555555555556	0	0	2.391811671682291	0.0915619106341173	-0.11152641726044898	-0.45913318710988626	NO	P11166
388	W	388	586.463	-20.233	284.549	-0.47	0.503690036900369	0	0	3.0792445236716297	0.02254781478425329	-0.10417042243833634	0.4969805699425724	YES	P11166
389	F	389	587.207	-18.765	287.989	0.25	0.56554670809866	0	0	2.171606745131501	0.14042549192718087	-0.250563598275318	-0.1762072058751723	NO	P11166
390	I	390	589.892	-16.621	286.288	0.61	0.539259259259259	0	0	1.8355517642583177	0.25023615552258127	-0.24146914454634877	0.1284864928495555	NO	P11166
391	V	391	588.356	-15.411	283.009	-1.19	0.573529411764706	1	0	1.1787251952156093	0.8029537790852022	-0.0297232850438824	0.34752364316593143	NO	P11166
392	A	392	585.432	-13.815	284.848	0.25	0.596703296703297	1	0	0.8684024247448054	1	-0.3393902887765997	0.6260430139201351	NO	P11166
393	E	393	587.916	-12.343	287.343	1.69	0.532352941176471	0	0	1.3318194675844197	0.5943675236766097	-0.5148227018092825	0.8626574945456669	NO	P11166
394	L	394	590.279	-11.038	284.628	0.61	0.575692963752665	0	0	0.5789088314742346	0.4364467680549128	-0.07204309096210264	0.352910865037386	NO	P11166
395	F	395	587.706	-8.733	283.003	1.69	0.571428571428571	0	0	0.35864522616942396	0.045451045842820524	0.46771884924640295	0.11869754616027399	NO	P11166
396	S	396	585.043	-6.191	283.897	-1.19	0.571428571428571	1	0	0.19826428593683768	0.005208398551739914	0.9768106152224937	-0.8733224205181184	NO	P11166
397	Q	397	581.412	-6.252	282.754	1.69	0.569319978914075	0	0	0.4069862787237964	0.08215387592628132	1.3883413383017364	-0.964649684095515	NO	P11166
398	G	398	582.397	-4.65	279.446	-0.11	0.569319978914075	1	0	0.22643125782118412	0.014725694452432917	1.5359432010960243	-0.92086542313683	NO	P11166
399	P	399	584.862	-7.212	278.091	-0.47	0.573552841210834	0	0	0.2979326151208376	0.018134441732451333	1.3021647539250882	-0.1523335861926079	NO	P11166
400	R	400	583.787	-10.261	280.112	1.69	0.6	1	3	0.33618517090611655	0.04517342899937511	0.8814618038683513	-0.05456753427452673	NO	P11166
401	P	401	581.199	-11.252	277.428	-0.47	0.666666666666667	0	0	0.2844463445926368	0.02155867760569358	0.7069170898134729	0.04844097344340566	NO	P11166
402	A	402	583.619	-11.254	274.485	0.61	0.696594427244582	1	0	0.33618517090611655	0.04517342899937511	0.9630229704329379	-0.09171050507039512	NO	P11166
403	A	403	586.184	-12.97	276.72	1.69	0.730565730565731	0	0	0.4069862787237964	0.08215387592628132	0.74439273388235	0.16849664033843825	NO	P11166
404	I	404	583.762	-15.798	277.555	0.25	0.757085020242915	1	0	0.8658655698208064	0.8181142875807395	0.1802028872984745	0.25694135541304447	NO	P11166
405	A	405	582.938	-16.333	273.877	0.25	0.757085020242915	0	1	1.6041115570592235	0.29842471944224036	0.25036305278257165	0.2874176391429876	NO	P11166
406	V	406	586.635	-16.495	272.954	0.97	0.84070416487763	1	0	1.0536036915493316	1	0.7143773628389138	0.2130196523904791	NO	P11166
407	A	407	587.516	-18.752	275.887	-0.47	0.809762773722628	0	0	1.21120659146749	0.8188753156661758	0.22013707643692376	0.34837020660287416	NO	P11166
408	G	408	584.602	-20.922	274.794	1.33	0.78021978021978	0	0	2.54617291405556	0.03376393233461321	-0.1821498390281385	0.29025264228065684	YES	P11166
409	F	409	585.869	-21.139	271.225	-0.47	0.782417582417582	1	0	2.171606745131501	0.14042549192718087	-0.17595352705514328	0.5700159064570071	NO	P11166
410	S	410	589.258	-22.097	272.673	-0.47	0.738929889298893	0	0	1.9556433504007362	0.21026775714443263	-0.12636097007872427	0.3518532104577249	NO	P11166
411	N	411	587.698	-24.801	274.853	-0.83	0.741666666666667	0	1	2.8454898935707407	0.03660226166257381	-0.23404714245091657	0.5427594757992692	YES	P11166
412	W	412	585.71	-26.403	272.032	1.69	0.699259259259259	0	1	3.8961767031769665	0.005804696555071319	-0.6744258773381093	0.7636095724233513	YES	P11166
413	T	413	588.684	-26.238	269.655	-0.11	0.655555555555556	0	0	2.5500650313527715	0.07822235513000164	-0.6846819484609867	0.5778947184440094	NO	P11166
414	S	414	591.198	-27.897	271.983	-0.11	0.611316113161132	0	0	3.7105828700688543	0.012998081815588064	-0.37534283642105504	0.7254053738904581	YES	P11166
415	N	415	588.413	-30.346	272.844	-0.11	0.571001838235294	0	0	3.3414956366677098	0.01728724353721548	-0.685592691154191	0.8496248732137833	YES	P11166
416	F	416	588.085	-31.156	269.132	0.61	0.523985239852399	0	0	3.7105828700688543	0.012998081815588064	-1.1077447905210687	1.0649982497383974	YES	P11166
417	I	417	591.861	-31.644	268.889	-0.47	0.491236162361624	1	1	6.294523426338719	0.01120580680353789	-1.0891010334386162	0.8930108900347636	YES	P11166
418	V	418	592.023	-34.34	271.578	0.97	0.542919389978214	0	0	3.873602090560356	0.028410666456377354	-1.0241897148484944	0.7140856113621934	YES	P11166
419	G	419	588.844	-36.158	270.569	1.33	0.542919389978214	1	1	4.0355853480671	0.0072651890201834	-0.9329797855791364	1.1194910600488805	YES	P11166
420	M	420	589.867	-36.253	266.905	0.61	0.527407407407408	0	0	2.235977405895634	0.2976523293290298	-1.3968246598398826	0.9662075949462695	NO	P11166
421	C	421	593.625	-36.883	267.24	0.25	0.567180031864047	0	1	1.6671701002263473	0.50648578049904	-1.2977590574734612	0.7002402028934827	NO	P11166
422	F	422	594.11	-39.04	270.352	1.69	0.509007720903632	0	0	2.2964395842645207	0.12385578482282557	-1.2566277438628908	0.6764627572227091	NO	P11166
423	Q	423	593.618	-42.362	268.557	0.25	0.510907003444317	0	0	1.3318194675844197	0.5943675236766097	-1.1936341252765217	0.24808872061529902	NO	P11166
424	Y	424	595.827	-41.22	265.666	-0.47	0.549382716049383	0	0	1.0977310296580607	1	-1.560964758567119	-0.3246477257667063	NO	P11166
425	V	425	598.52	-40.226	268.181	0.25	0.525461254612546	0	0	0.7415800553256591	0.7614110162351585	-1.9167205811992882	-0.016227734419680395	NO	P11166
426	E	426	597.97	-43.553	269.97	-0.83	0.523529411764706	0	0	0.36490196571297756	0.30700827399364466	-1.4931320206383312	-0.03672209460202621	NO	P11166
427	Q	427	598.893	-45.745	266.989	-1.92	0.51970802919708	0	0	0.18109273581792942	0.14311882891898575	-1.5845176853566658	-1.5346690649703798	NO	P11166
428	L	428	602.299	-43.979	266.928	-0.83	0.472461844724619	0	0	0.4337035985910085	0.6358587458148582	-1.9296993059914895	-0.5334465506069724	NO	P11166
429	C	429	603.396	-43.491	270.548	0.61	0.430656934306569	0	0	0	0.13583673484361197	-1.858366883248706	-0.6221924958669419	NO	P11166
430	G	430	602.359	-46.943	271.755	-0.47	0.430656934306569	0	0	0	0.020344191340767002	-1.5233985058114223	-0.24966639278033795	NO	P11166
431	P	431	602.519	-46.81	275.568	-0.11	0.427878787878788	1	0	0	3.784568578191007e-4	-0.9219232748946609	-0.8308342773732352	NO	P11166
432	Y	432	604.064	-43.312	275.432	0.97	0.397858551704706	1	0	0	0.0029086651163257138	-1.478453248309403	-1.0548086901299303	NO	P11166
433	V	433	600.98	-41.228	274.575	-0.47	0.326286764705882	1	0	0.4794810598213738	0.3591354811784866	-1.4489065614093186	-0.277425359049737	NO	P11166
434	F	434	600.589	-39.826	278.089	0.61	0.398985629754861	0	0	0.417968302247358	0.19201379498279492	-1.1941773498856507	0.020750156505984066	NO	P11166
435	I	435	604.109	-38.407	277.75	0.61	0.323636363636364	1	0	0.4233092147439835	0.2414475285443079	-1.4837552905126845	-0.46082767174389533	NO	P11166
436	I	436	602.582	-35.885	275.346	0.97	0.323905109489051	0	0	0.31713536659254815	0.19464355609152834	-1.7519058617030063	0.07198184036235424	NO	P11166
437	F	437	600.058	-34.989	278.033	-0.47	0.326286764705882	0	0	1.0221424920814328	1	-1.1589563447495803	0.11979807862829969	NO	P11166
438	T	438	602.868	-34.964	280.603	-0.11	0.303418803418803	0	0	0.6445746130864574	0.5615789987270484	-1.2960826972171577	-0.25722304428890175	NO	P11166
439	V	439	604.813	-32.61	278.321	-0.11	0.281746031746032	0	0	0.7415800553256591	0.7614110162351585	-1.6097033375314795	-0.1392503330762181	NO	P11166
440	L	440	601.867	-30.223	277.991	0.25	0.279674369747899	0	0	1.6045253268043154	0.5389173210576277	-1.3922341944244985	-0.009988853807838068	NO	P11166
441	L	441	600.978	-30.614	281.673	0.25	0.302299176837922	0	0	1.8875492590403646	0.23012446865262487	-0.9141714533128471	-0.3201589707987302	NO	P11166
442	V	442	604.47	-29.209	282.323	-0.11	0.374275171323142	0	0	0.5690808217867165	0.40346967277713597	-1.1113502977023457	-0.8343635711500075	NO	P11166
443	L	443	604.326	-26.364	279.787	-0.47	0.41087962962963	0	0	0.8731985184039299	1	-1.3892269291103045	-0.5976644341807815	NO	P11166
444	F	444	601.003	-25.312	281.308	-0.47	0.441140024783147	0	0	2.0476475571453805	0.19100296049260085	-0.9011163163689979	-0.5926518875146723	NO	P11166
445	F	445	602.608	-25.62	284.745	-0.83	0.44361833952912	0	0	1.743708190518761	0.3065456192794418	-0.7908711401122794	-1.1140560369525465	NO	P11166
446	I	446	605.479	-23.364	283.651	0.25	0.4753053637812	0	0	0.6510401113375778	0.7010934586869947	-1.3575728184532185	-1.291634811614698	NO	P11166
447	F	447	603.078	-20.864	282.077	0.25	0.511396011396012	0	0	0.6510401113375778	0.7010934586869947	-0.8267792391227682	-1.194491657225504	NO	P11166
448	T	448	600.797	-20.406	285.086	-0.47	0.516647531572905	0	0	1.9556433504007362	0.21026775714443263	-0.5431630243294363	-1.0742796491796165	NO	P11166
449	Y	449	603.739	-20.247	287.505	0.97	0.44320987654321	1	0	1.0977310296580607	1	-0.5997132008231734	-2.3262549546532343	NO	P11166
450	F	450	605.228	-17.096	285.948	0.25	0.477960701009028	0	0	0	1	-1.2737785125881957	-1.5089899740497796	NO	P11166
451	K	451	602.596	-15.513	283.692	-0.83	0.478411513859275	0	0	0.4337035985910085	0.6358587458148582	-0.6783163618263306	-0.759055706552247	NO	P11166
452	V	452	599.34	-16.132	285.623	-1.56	0.478411513859275	0	0	1.0977310296580607	1	-0.3891132817864349	-1.10498805514227	NO	P11166
453	P	453	598.511	-13.691	288.46	1.69	0.534814814814815	0	0	0.8708450209315686	1	-0.34206295977448864	-1.4154447142675926	NO	P11166
454	E	454	596.541	-14.742	291.514	0.25	0.531365313653137	0	0	1.3256213953820286	0.7499635649939163	-0.4209012434153717	-1.9645147173369508	NO	P11166
455	T	455	593.077	-13.326	292.165	0.25	0.629248397747135	0	0	3.372322859616716	0.24468798052641297	-0.4332066402589205	-0.5631112791624028	NO	P11166
