Uniprot_position	aminoacid	Position_in_structure	x	y	z	paraz	mtr	gscount	pscount	OR	pvalue	mtr3dscore	paraz3dscore	HotSpot3D	Uniprot
2	S	2	26.293	30.032	36.776	-0.65	0.34280303030303	0	0	0	0.5263157894736843	-0.3038150442237405	-5.171772883680632	NO	P68400
3	G	3	28.837	31.003	34.133	0.49	0.302737520128824	0	0	0	0.5263157894736843	-0.1333460060444161	-3.941227465435319	NO	P68400
4	P	4	27.553	31.291	30.552	0.49	0.298850574712644	0	0	0	0.28548644338118023	0.06277175173038295	-2.3037693881796795	NO	P68400
5	V	5	27.817	28.137	28.439	-0.36	0.296296296296296	1	0	0	0.28548644338118023	0.0270445608576963	-2.8316130170093055	NO	P68400
6	P	6	30.55	28.601	25.684	-0.65	0.39811320754717	0	0	0	0.14635430772471492	-0.11478927521920503	-1.4015197606009298	NO	P68400
7	S	7	29.586	28.891	21.968	0.49	0.39578313253012	0	0	0	0.14635430772471492	-0.059000574127217195	-0.8030935232662222	NO	P68400
8	R	8	31.475	28.394	18.653	0.49	0.398823529411765	0	0	0	0.28548644338118023	-0.013477828460132586	-0.5192150769305709	NO	P68400
9	A	9	30.455	29.542	15.149	0.49	0.396067415730337	0	0	1.154868148297131	1	-0.3971144762515292	-0.10132577587094843	NO	P68400
10	R	10	29.075	26.6	13.076	0.49	0.397826086956522	0	0	3.5962401732455396	0.547846889952153	-0.8392421526232283	-0.053442386412738525	NO	P68400
11	V	11	31.08	27.816	10.049	0.49	0.363157894736842	0	0	3.5962401732455396	0.547846889952153	-0.539606970680405	-0.18728511357303543	NO	P68400
12	Y	12	34.329	29.785	9.369	0.49	0.361329026303646	0	0	0	1	0.11857467502631933	-0.8888056145511415	NO	P68400
13	T	13	35.394	29.1	12.986	-0.65	0.40422322775264	0	0	0	0.2894736842105263	0.19042640864163146	-0.9273760556293552	NO	P68400
14	D	14	39.214	29.099	12.892	-0.08	0.406330511593669	0	0	0	0.2894736842105263	0.12416818667813911	-1.3137947338388647	NO	P68400
15	V	15	39.443	31.3	9.767	0.49	0.404112017015243	0	0	0	1	2.7413065451890894e-4	-1.7437837251182087	NO	P68400
16	N	16	41.379	34.141	11.508	0.49	0.402472527472527	0	0	0	1	0.1102830601457025	-1.395459309701996	NO	P68400
17	T	17	43.52	31.886	13.746	-0.08	0.40053050397878	0	0	0	0.2894736842105263	-0.027589132163076478	-2.351625305813759	NO	P68400
18	H	18	44.828	30.475	10.413	-1.22	0.431944444444444	0	0	0	1	-0.19223305762541587	-2.788756971366846	NO	P68400
19	R	19	45.845	33.851	8.8	0.49	0.430894308943089	0	0	0	1	-0.22885637255693822	-2.2299477487739914	NO	P68400
20	P	20	48.874	36.019	9.753	-0.65	0.536890645586298	0	0	0	1	-0.6920184545974746	-1.7657062407737742	NO	P68400
21	R	21	48.558	38.81	12.393	0.49	0.38953488372093	1	0	0.8523487179281668	1	-0.4770041179229071	-1.8112819970050822	NO	P68400
22	E	22	48.51	41.542	9.604	0.49	0.434343434343434	0	0	1.7702841143866326	0.620414673046252	-0.47484546233499986	-1.04880151828299	NO	P68400
23	Y	23	45.052	40.243	8.657	0.49	0.435994930291508	0	0	1.154868148297131	1	-0.24690587287155905	-1.0008027471634353	NO	P68400
24	W	24	43.106	40.723	11.948	0.49	0.389433962264151	0	0	1.154868148297131	1	-0.054060284486248084	-0.8513065746139896	NO	P68400
25	D	25	45.539	42.516	14.388	0.49	0.388636363636364	0	0	1.154868148297131	1	-0.16058499339590498	-0.053442386412738525	NO	P68400
26	Y	26	44.357	45.94	13.24	0.49	0.388636363636364	0	0	1.154868148297131	1	-0.24615837028200893	-0.2532663302829641	NO	P68400
27	E	27	46.059	47.94	16.03	0.49	0.390458015267176	0	1	1.154868148297131	1	-0.6531320336917766	-0.07168367763491379	NO	P68400
28	S	28	49.505	47.029	14.66	-0.36	0.437179487179487	1	0	1.7702841143866326	0.620414673046252	-0.6860533703050093	-0.013533905900439411	NO	P68400
29	H	29	48.458	47.942	11.025	0.49	0.435897435897436	0	0	1.154868148297131	1	-0.49930213304638865	-1.1687984460818768	NO	P68400
30	V	30	50.393	50.946	9.59	0.49	0.433333333333333	0	0	1.7702841143866326	0.620414673046252	-0.5802161584796508	-2.0193029869722308	NO	P68400
31	V	31	48.213	53.521	7.693	-0.65	0.485209923664122	0	0	1.7702841143866326	0.620414673046252	-0.7669611572575832	-1.200797626828247	NO	P68400
32	E	32	49.617	55.622	4.802	-0.93	0.481939163498099	0	0	0	0.5263157894736843	-0.5636832115377853	-2.5087641398361105	NO	P68400
33	W	33	47.309	58.666	4.982	0.49	0.430925221799746	0	0	0	0.5263157894736843	-0.9567861043676268	-1.5345033688975311	NO	P68400
34	G	34	46.473	60.486	1.772	0.49	0.481132075471698	0	0	0	1	-1.099535008470801	-1.7124208917162267	NO	P68400
35	N	35	45.181	64.043	1.32	0.49	0.481534090909091	1	0	0	1	-1.3790578683923826	-0.24562208154910967	NO	P68400
36	Q	36	41.555	65.215	1.658	0.49	0.481534090909091	0	0	0	0.5263157894736843	-1.5769126247746266	0.620833154531625	NO	P68400
37	D	37	42.463	68.318	-0.463	0.49	0.368278109722977	0	0	0	0.5263157894736843	-1.5625787147060135	1.0802348825124068	NO	P68400
38	D	38	42.094	66.026	-3.548	0.49	0.319811320754717	0	0	0	0.5263157894736843	-1.6870760806234468	0.7095534637300276	NO	P68400
39	Y	39	38.34	65.879	-2.702	0.49	0.321022727272727	0	0	0	0.5263157894736843	-1.8603522569980078	0.31802063074051806	NO	P68400
40	Q	40	35.729	68.638	-3.037	0.49	0.321969696969697	0	0	0	0.2894736842105263	-2.0371442463787037	1.1280658257609137	NO	P68400
41	L	41	32.859	68.147	-0.587	0.49	0.319548872180451	0	0	0	0.5263157894736843	-2.005635897359684	1.1468565534656847	NO	P68400
42	V	42	29.431	68.736	-2.184	0.49	0.420987654320988	0	0	0	0.5263157894736843	-2.2690774889196863	1.0491447694008766	NO	P68400
43	R	43	26.747	68.151	0.48	0.49	0.420987654320988	1	0	0	0.5263157894736843	-2.0281234574606626	1.0111457422645627	NO	P68400
44	K	44	26.245	66.589	3.911	0.49	0.360569319978914	0	0	7.925910669210703	0.0563178959405375	-1.836314547030887	1.3911360136277036	NO	P68400
45	L	45	24.699	63.055	3.756	0.49	0.364021164021164	0	0	7.925910669210703	0.0563178959405375	-1.8582970879293634	0.9661468943399805	NO	P68400
46	G	46	24.272	62.469	7.483	0.49	0.366737739872068	0	0	13.337551751372146	0.007828649338083306	-1.5715514440971337	1.3911360136277036	YES	P68400
47	R	47	26.026	61.371	10.639	0.49	0.368869936034115	0	2	43.82275013291222	4.3981176056647663e-4	-1.3248545591904313	1.3911360136277036	YES	P68400
48	G	48	27.001	58.314	12.748	0.49	0.368869936034115	0	0	43.82275013291222	8.16793269623457e-6	-0.6272625068606379	1.3911360136277036	YES	P68400
49	K	49	27.889	57.91	16.462	0.49	0.366895097522404	0	0	43.82275013291222	3.2671730784938286e-5	-0.7237732417072194	1.3911360136277036	YES	P68400
50	Y	50	31.483	59.108	15.793	0.49	0.369622942113648	0	2	43.82275013291222	3.2671730784938286e-5	-1.0853106756099558	1.3911360136277036	YES	P68400
51	S	51	31.147	60.279	12.113	0.49	0.214197530864198	0	2	43.82275013291222	3.2671730784938286e-5	-1.4922028642756258	1.3911360136277036	YES	P68400
52	E	52	29.981	63.104	9.76	0.49	0.214197530864198	0	0	16.58429871827503	0.0026564630338215193	-1.8685983338697745	1.3911360136277036	YES	P68400
53	V	53	29.232	62.03	6.169	0.49	0.215613382899628	0	0	16.58429871827503	0.0026564630338215193	-1.7453914556139192	1.3911360136277036	YES	P68400
54	F	54	29.532	63.955	2.919	0.49	0.216232961586121	0	0	3.89626755160738	0.1792638014087864	-2.0579785378377764	0.8035648499228106	NO	P68400
55	E	55	28.943	63.421	-0.787	0.49	0.183974696889826	0	0	1.7702841143866326	0.620414673046252	-2.2481227515404667	0.620833154531625	NO	P68400
56	A	56	32.072	64.643	-2.474	0.49	0.184126984126984	0	0	0	0.5263157894736843	-2.1863155073830245	0.84147266693603	NO	P68400
57	I	57	33.86	64.866	-5.815	0.49	0.161111111111111	1	0	0	0.5263157894736843	-2.255223053831952	0.2533873648678903	NO	P68400
58	N	58	37.318	63.537	-6.745	0.49	0.161710037174721	0	0	0	0.5263157894736843	-2.16737835275164	0.2533873648678903	NO	P68400
59	I	59	38.813	66.771	-8.279	0.49	0.161847014925373	0	0	0	0.5263157894736843	-2.1570677469085937	1.0111457422645627	NO	P68400
60	T	60	41.234	64.849	-10.632	0.49	0.186034115138593	0	0	0	1	-2.5453913910135286	0.8211506065829925	NO	P68400
61	N	61	38.559	62.657	-12.363	0.49	0.186034115138593	0	0	0	1	-2.6967642949500803	0.8649956378941237	NO	P68400
62	N	62	35.145	64.323	-11.438	0.49	0.184656084656085	0	0	0	1	-2.495067806111803	0.9351476879919349	NO	P68400
63	E	63	33.787	60.991	-10.027	0.49	0.183447548761202	0	0	0	1	-2.517717475524114	-0.24186565598323123	NO	P68400
64	K	64	31.161	61.138	-7.242	-0.08	0.212287104622871	0	0	0	0.5263157894736843	-2.456559076227414	-0.053442386412738525	NO	P68400
65	V	65	32.428	59.765	-3.906	0.49	0.213064713064713	0	0	0	0.28548644338118023	-2.059093365095662	-0.16882404775782203	NO	P68400
66	V	66	31.23	59.401	-0.271	0.49	0.212121212121212	0	0	0.844620498515951	1	-1.7041536216387432	-0.3998181337706786	NO	P68400
67	V	67	33.542	60.953	2.448	0.49	0.36101083032491	0	0	2.4572820291552664	0.2663923960845509	-1.7131647072384695	0.25402226924777827	NO	P68400
68	K	68	33.112	59.781	6.091	0.49	0.3584229390681	0	0	6.977548873397593	0.0035458483552170085	-1.3269482823882808	0.35290172528081565	YES	P68400
69	I	69	34.926	62.139	8.531	0.49	0.357398873527906	0	0	43.82275013291222	1.231472929586134e-4	-1.6141979115734382	0.7457471316823406	YES	P68400
70	L	70	35.842	60.186	11.607	0.49	0.359979370809696	0	0	24.628949828245904	2.5320591358327186e-4	-1.2445371602012234	0.5134441988701335	YES	P68400
71	K	71	34.872	62.535	14.5	0.49	0.362042289840124	0	0	43.82275013291222	4.3981176056647663e-4	-1.561468660917809	1.1175430182462425	YES	P68400
72	P	72	36.684	61.918	17.854	0.49	0.364675324675325	0	0	43.82275013291222	0.004859919954259576	-1.5537887581012404	1.0491447694008766	YES	P68400
73	V	73	37.053	58.071	17.944	0.49	0.255072463768116	0	1	43.82275013291222	4.3981176056647663e-4	-1.30065242883164	1.3911360136277036	YES	P68400
74	K	74	39.97	55.892	19.134	0.49	0.423586040914561	0	0	43.82275013291222	0.0014953599859260241	-1.0304103549445742	1.3911360136277036	YES	P68400
75	K	75	42.53	55.214	16.364	0.49	0.42512077294686	0	0	5.145756193142572	0.08789175075173095	-1.0829998781647725	0.05551803464879219	NO	P68400
76	K	76	42.079	51.519	17.403	0.49	0.366753246753247	0	0	3.89626755160738	0.1792638014087864	-0.49580689590716454	-0.07168367763491379	NO	P68400
77	K	77	38.513	51.569	15.923	0.49	0.429440389294404	0	0	8.148568916874536	0.008989752385978806	-0.3847183290105901	0.7600410600187447	YES	P68400
78	I	78	39.652	53.669	12.881	0.49	0.431013431013431	0	0	24.628949828245904	2.5320591358327186e-4	-0.7629099514239011	0.31802063074051806	YES	P68400
79	K	79	42.293	51.019	11.999	0.49	0.431013431013431	0	0	5.145756193142572	0.08789175075173095	-0.4373616025086516	-0.4088179033555954	NO	P68400
80	R	80	39.752	48.169	12.505	0.49	0.431013431013431	0	1	5.145756193142572	0.08789175075173095	-0.03187976488091011	0.46025075555149253	NO	P68400
81	E	81	37.329	49.688	9.968	0.49	0.431013431013431	0	0	5.318244888897702	0.028334260906256944	-0.06107231765422168	0.4280837469340751	YES	P68400
82	I	82	40.192	50.248	7.512	-0.08	0.470588235294118	1	0	2.4572820291552664	0.2663923960845509	-0.3169320419845238	-0.5479052514861231	NO	P68400
83	K	83	41.454	46.661	7.906	0.49	0.470588235294118	0	0	1.1730660237209876	1	-0.10511019752248828	-0.31548695951201705	NO	P68400
84	I	84	37.968	45.139	7.484	0.49	0.473666554847367	0	0	2.4572820291552664	0.2663923960845509	0.43652701452201903	0.45216005360141626	NO	P68400
85	L	85	37.24	47.268	4.359	0.49	0.476767676767677	0	0	2.4572820291552664	0.2663923960845509	0.22645316762617332	-0.23453665107625982	NO	P68400
86	E	86	40.66	46.435	2.773	0.49	0.583747927031509	0	0	0.844620498515951	1	-0.16293609002263204	-1.170048414079782	NO	P68400
87	N	87	40.258	42.701	3.489	0.49	0.586466165413534	0	0	0.844620498515951	1	0.3739733165331351	0.21741606359484392	NO	P68400
88	L	88	36.778	42.694	1.914	0.49	0.659774436090226	0	0	0.6573021822226325	1	0.9953320351616487	0.026599520371793344	NO	P68400
89	R	89	37.708	44.796	-1.198	0.49	0.664150943396226	1	0	0.3154089589184873	0.39742895303967796	0.40322662371809737	-1.0664010676934934	NO	P68400
90	G	90	36.459	43.177	-4.411	0.49	0.666666666666667	0	0	0	0.28548644338118023	0.8677808863818464	-0.7624930589733665	NO	P68400
91	G	91	33.855	41.267	-2.368	0.49	0.664772727272727	0	0	0	0.28548644338118023	1.3913378147772324	-0.19025207057905172	NO	P68400
92	P	92	30.33	40.927	-3.839	-0.36	0.669201520912548	1	0	0	0.5263157894736843	1.8062011612239217	0.06073529237917814	NO	P68400
93	N	93	27.868	43.692	-2.836	0.49	0.531320754716981	0	0	0.40565625917721115	0.6419006349492944	1.3616982812997676	0.08881641486919932	NO	P68400
94	I	94	30.426	45.173	-0.405	0.49	0.479835953520164	0	0	1.3264064766344343	0.7005576350164234	1.217703902770993	0.4058980801210559	NO	P68400
95	I	95	31.198	48.91	-0.655	0.49	0.47940074906367	0	0	1.3264064766344343	0.7005576350164234	0.402502342755629	-0.26611885408124325	NO	P68400
96	T	96	34.665	49.745	-2.005	-0.93	0.48257006151743	0	0	1.0327616532020527	1	-0.08405562462955972	-1.248796397947801	NO	P68400
97	L	97	37.068	51.892	0.034	0.49	0.482124616956078	2	0	1.3264064766344343	0.7005576350164234	-0.3651519524037863	-0.5724500776268041	NO	P68400
98	A	98	38.461	54.326	-2.539	-0.65	0.397388059701493	0	0	0	0.14635430772471492	-1.353827335931107	-1.1673699112271279	NO	P68400
99	D	99	41.002	56.181	-0.322	0.49	0.398876404494382	0	0	0	0.14635430772471492	-1.1112378019391667	-1.4527911752059084	NO	P68400
100	I	100	42.175	56.82	3.267	-0.93	0.442786069651741	0	0	0	0.28548644338118023	-0.9835949864542227	-1.0465158625153923	NO	P68400
101	V	101	42.797	60.533	3.96	0.49	0.439506172839506	0	0	0	0.28548644338118023	-1.123353434275666	-1.032027754182071	NO	P68400
102	K	102	43.447	63.219	6.582	0.49	0.439506172839506	0	0	0	1	-1.1743444175721898	-0.5588140631042031	NO	P68400
103	D	103	42.388	66.896	6.411	0.49	0.438271604938272	0	0	0	1	-1.2765687042174958	0.47269798932084073	NO	P68400
104	P	104	45.523	69.075	5.694	0.49	0.439900867410161	0	0	0	1	-1.1757673080514752	0.9887933733608488	NO	P68400
105	V	105	44.625	71.588	8.481	0.49	0.329291044776119	0	0	0	1	-1.1359615310677151	0.7693337513971095	NO	P68400
106	S	106	42.651	69.762	11.276	0.49	0.328066914498141	0	0	0	1	-1.2381832879261987	0.9887933733608488	NO	P68400
107	R	107	44.483	66.421	10.577	-0.08	0.377398720682303	0	0	0	1	-1.1444406303977426	1.0311452302310435	NO	P68400
108	T	108	41.141	64.591	11.197	0.49	0.221383647798742	0	0	5.648064190321083	0.13636363636363633	-1.2926644194557622	0.5067142124433172	NO	P68400
109	P	109	40.99	61.128	9.491	0.49	0.222012578616352	0	0	5.145756193142572	0.08789175075173095	-1.160983936743923	-0.31548695951201705	NO	P68400
110	A	110	38.485	60.319	6.732	0.49	0.189406099518459	0	0	2.4572820291552664	0.2663923960845509	-1.3269118548952124	-0.025413085266469643	NO	P68400
111	L	111	37.541	57.245	4.657	0.49	0.18816631130064	0	0	2.4572820291552664	0.2663923960845509	-1.1252472535118143	-0.1261584734293293	NO	P68400
112	V	112	36.561	57.708	0.985	0.49	0.290534979423868	0	0	0.3154089589184873	0.39742895303967796	-1.5714360411150288	-0.3998181337706786	NO	P68400
113	F	113	33.995	55.278	-0.512	0.49	0.186083289404323	0	0	1.0327616532020527	1	-1.133255587518089	-0.6740742700689237	NO	P68400
114	E	114	32.397	54.451	-3.899	0.49	0.188336008560728	0	0	0.40565625917721115	0.6419006349492944	-1.0685045389956802	-0.2633670817811872	NO	P68400
115	H	115	29.181	56.42	-4.444	-0.36	0.187633262260128	0	0	0.5553209549529787	1	-1.242966260110889	-0.4288173913220763	NO	P68400
116	V	116	25.782	54.589	-4.728	-0.08	0.187265917602996	0	0	0.8523487179281668	1	-0.33547951223178213	-1.0281568855433967	NO	P68400
117	N	117	22.718	56.55	-5.946	0.49	0.185185185185185	0	0	0	0.5263157894736843	-0.5599542513359903	-1.128799470148915	NO	P68400
118	N	118	20.51	55.429	-3.07	0.49	0.183447548761202	0	0	0.8523487179281668	1	0.006452927238075477	-0.3128203611164861	NO	P68400
119	T	119	16.751	55.719	-2.746	0.49	0.318933823529412	0	0	0	0.2894736842105263	0.3291340460164128	-0.927204631446785	NO	P68400
120	D	120	15.781	56.066	0.998	0.49	0.320110701107011	0	0	0	1	-0.04954805694007952	0.25402226924777827	NO	P68400
121	F	121	14.316	52.699	2.127	0.49	0.322490706319703	0	0	0.5553209549529787	1	0.6951384985249431	0.5067142124433172	NO	P68400
122	K	122	11.21	54.541	3.462	0.49	0.42716049382716	0	0	0.8523487179281668	1	0.5244730251464165	0.13432608562883855	NO	P68400
123	Q	123	10.276	55.455	-0.191	0.49	0.42998760842627	0	0	0	0.5263157894736843	0.328128550908486	0.3888087343664154	NO	P68400
124	L	124	11.864	52.355	-1.819	0.49	0.559076262083781	0	0	0	0.5263157894736843	0.5175126692874364	0.3434705286143477	NO	P68400
125	Y	125	10.525	49.257	0.023	0.49	0.647388059701493	0	0	0.5553209549529787	1	0.679610553732768	0.6449051188783776	NO	P68400
126	Q	126	6.87	50.471	-0.731	0.49	0.64365671641791	0	0	0	0.5263157894736843	0.33602152840306454	0.39616148729526873	NO	P68400
127	T	127	7.698	50.019	-4.435	-0.93	0.638376383763838	1	0	0	0.2894736842105263	0.16120833204078375	-0.09056518180202622	NO	P68400
128	L	128	9.374	46.584	-4.297	0.49	0.540779220779221	0	0	0	0.07535827297495616	0.4676850751677794	0.07116980783995135	NO	P68400
129	T	129	7.927	43.482	-5.961	0.49	0.536874677668901	0	0	0	0.28548644338118023	0.2944411953302092	-0.15791523613974137	NO	P68400
130	D	130	8.007	39.854	-4.654	0.49	0.531122448979592	0	0	0	0.14635430772471492	0.3116815173935138	0.17402431738185403	NO	P68400
131	Y	131	10.974	39.344	-7.096	-0.08	0.531490015360983	0	0	0	0.07535827297495616	0.6720592418321713	-0.18266984711923223	NO	P68400
132	D	132	12.824	42.577	-6.04	0.49	0.531122448979592	0	0	0	0.07535827297495616	1.030569418811199	0.027170934313692455	NO	P68400
133	I	133	12.84	41.602	-2.349	0.49	0.525492175668854	0	0	0	0.03940250414927672	0.9199309737269398	0.47007851376597964	NO	P68400
134	R	134	14.177	38.095	-3.099	0.49	0.525492175668854	1	0	0	0.14635430772471492	0.5735249849204656	0.5168726825215301	NO	P68400
135	F	135	16.783	39.686	-5.411	0.49	0.527355623100304	0	0	0	0.28548644338118023	1.4516612776071975	0.45184971671917745	NO	P68400
136	Y	136	17.988	42.276	-2.859	0.49	0.527355623100304	0	0	0	0.07535827297495616	1.3562113435716405	0.9427264413266008	NO	P68400
137	M	137	17.925	39.702	-0.017	0.49	0.527355623100304	1	0	0	0.14635430772471492	1.0240361287231825	0.5772438076874292	NO	P68400
138	Y	138	20.206	37.317	-2.101	0.49	0.527707168276563	0	0	0	0.14635430772471492	1.2818481813231535	-0.04251149218004629	NO	P68400
139	E	139	22.568	40.306	-2.743	0.49	0.620071684587814	0	0	0	0.14635430772471492	1.465757097178738	0.7911513746332709	NO	P68400
140	I	140	22.798	41.095	1.028	0.21	0.615658362989324	0	0	0.3154089589184873	0.39742895303967796	1.1518754212366609	0.5402487074174168	NO	P68400
141	L	141	23.518	37.364	1.592	0.49	0.738790035587189	0	0	0	0.28548644338118023	0.9536461037909763	0.5402487074174168	NO	P68400
142	K	142	26.377	37.305	-0.996	0.49	0.744086021505376	0	0	0	0.2894736842105263	1.033713840812624	0.7111534227673466	NO	P68400
143	A	143	27.955	40.146	0.991	0.49	0.823250296559905	0	0	0.844620498515951	1	1.1381965788190567	0.5173122317076063	NO	P68400
144	L	144	27.35	38.352	4.301	0.49	0.825622775800712	0	0	2.5423698126088667	0.4042344613347592	0.8855147918296767	0.2798601170554064	NO	P68400
145	D	145	28.528	34.898	3.159	0.49	0.822143698468787	0	0	0	0.5263157894736843	0.4292674541490153	0.4444935832142649	NO	P68400
146	Y	146	31.619	36.644	1.746	0.49	0.821052631578947	0	0	0	0.2894736842105263	0.8909115405124605	0.2918093202443556	NO	P68400
147	C	147	32.572	38.606	4.973	0.49	0.615789473684211	0	0	0.8523487179281668	1	0.9989959058861038	0.5797282161304703	NO	P68400
148	H	148	31.61	35.637	7.222	0.49	0.611498257839721	0	0	0	1	0.6532326289992917	0.3901860305247958	NO	P68400
149	S	149	33.897	33.403	4.99	0.49	0.611111111111111	0	0	0	1	0.479666306146831	0.06729893920127712	NO	P68400
150	M	150	36.568	36.153	5.368	-0.65	0.404844290657439	0	0	0	1	0.6239713798921646	-0.3188202075064304	NO	P68400
151	G	151	36.177	36.045	9.199	0.49	0.409090909090909	0	0	0	1	0.5768671629862805	-0.36767609953883407	NO	P68400
152	I	152	34.284	39.335	9.672	0.49	0.413145539906103	0	0	10.47201606525492	0.021682719795927344	0.7375524869062107	0.6138831858394611	NO	P68400
153	M	153	30.933	39.932	11.4	0.49	0.417556346381969	0	0	3.89626755160738	0.1792638014087864	0.8949458374078366	0.35860430931170256	NO	P68400
154	H	154	29.283	43.141	10.038	0.49	0.626334519572954	0	0	16.58429871827503	0.0026564630338215193	1.1751104146056965	0.6660481945876228	NO	P68400
155	R	155	27.341	43.646	13.338	0.49	0.619298245614035	0	0	5.78535319546407	0.00913946850264965	1.1949454575498255	1.0038732011858422	NO	P68400
156	D	156	25.068	46.461	12.027	0.49	0.617957746478873	0	2	7.898354278082005	0.00506943882142652	1.1966153094106418	0.9651469199416566	NO	P68400
157	V	157	22.848	45.003	9.218	0.49	0.621478873239437	0	0	6.5135754536947825	0.012205079601390528	1.3458693615411492	0.9275115198592783	NO	P68400
158	K	158	19.926	47.501	8.81	0.49	0.501067615658363	0	0	6.5135754536947825	0.012205079601390528	1.179489220264781	0.8543076524221581	NO	P68400
159	P	159	18.097	49.305	5.914	0.49	0.629893238434164	0	0	4.275484700693928	0.06252059757521522	0.9924223221572901	0.8935877764128083	NO	P68400
160	H	160	20.296	52.455	6.415	0.49	0.629893238434164	0	0	20.32437860871164	8.469517903480164e-4	0.5573285504194889	1.3911360136277036	NO	P68400
161	N	161	23.422	50.303	5.884	0.49	0.627659574468085	0	0	16.58429871827503	0.0026564630338215193	0.8660235997659425	0.6128702247606395	NO	P68400
162	V	162	22.01	48.848	2.664	0.49	0.621908127208481	0	0	5.145756193142572	0.08789175075173095	0.8685412869923955	0.7101534483690221	NO	P68400
163	M	163	22.553	51.271	-0.291	0.49	0.621478873239437	0	0	1.7702841143866326	0.620414673046252	0.32331731312836925	0.08881641486919932	NO	P68400
164	I	164	20.318	50.407	-3.249	0.49	0.621478873239437	0	0	0.5553209549529787	1	0.46277953892884377	-0.08125872206674287	NO	P68400
165	D	165	20.469	51.993	-6.748	0.49	0.619298245614035	0	0	0	0.5263157894736843	0.25923122323375725	-0.9324408610234642	NO	P68400
166	H	166	17.054	50.51	-7.794	0.49	0.619718309859155	0	0	0	0.2894736842105263	0.33869553825426424	-0.7554756947746006	NO	P68400
167	E	167	17.173	51.799	-11.414	-0.36	0.619298245614035	0	0	0	0.2894736842105263	0.30836654795072765	-2.231271244301185	NO	P68400
168	H	168	20.566	49.935	-11.872	-0.93	0.619718309859155	1	0	0	0.5263157894736843	0.4187255362513024	-1.531646299188034	NO	P68400
169	R	169	19.392	47.064	-9.548	-0.08	0.619718309859155	1	0	0	0.5263157894736843	0.44450089801614606	-0.7797174983703355	NO	P68400
170	K	170	22.692	47.665	-7.644	0.49	0.748936170212766	0	0	0	0.2894736842105263	0.49670184051642946	-1.0043582116908096	NO	P68400
171	L	171	23.118	47.01	-3.901	0.49	0.76028880866426	0	0	0.40565625917721115	0.6419006349492944	0.6743004390580696	-0.4054846553611814	NO	P68400
172	R	172	26.067	47.841	-1.513	0.49	0.759712230215827	0	0	0.8359612690691095	1	0.8294765514698327	-0.39681821057570676	NO	P68400
173	L	173	26.379	46.811	2.222	0.49	0.847172081829121	0	0	6.551718891600838	0.04165804404136083	1.0782392915904608	0.5591573142220897	NO	P68400
174	I	174	27.982	49.849	3.939	0.49	0.734098018769552	0	1	6.551718891600838	0.04165804404136083	0.5959173844933987	0.43116059123661077	NO	P68400
175	D	175	29.194	51.191	7.36	0.49	0.722222222222222	0	1	13.794664325592207	1.0114702688453607e-4	0.1627864557886259	0.8087119006526201	NO	P68400
176	W	176	31.642	48.543	8.449	0.49	0.648148148148148	0	1	3.8934241481448986	0.07825811634047605	0.6847621669223284	0.8604829329170719	NO	P68400
177	G	177	32.297	50.897	11.43	0.49	0.648148148148148	0	1	42.82275013291222	4.405092286683427e-6	0.08806672705077452	1.2062758816132026	NO	P68400
178	L	178	30.971	48.321	13.961	0.49	0.715457154571546	0	0	9.522227314658684	0.002067633083546667	0.5841265794048043	1.189964693494276	NO	P68400
179	A	179	32.234	45.161	12.124	0.49	0.720164609053498	0	0	5.318244888897702	0.028334260906256944	0.8865885252525961	1.2201403915142905	NO	P68400
180	E	180	34.55	42.861	14.025	0.49	0.720164609053498	0	0	3.1295371147926585	0.1481366696858256	0.5574535240567835	0.9247843169547579	NO	P68400
181	F	181	36.814	39.906	13.318	0.49	0.720776538620405	0	0	1.154868148297131	1	0.38715929352549183	0.41401817297962745	NO	P68400
182	Y	182	35.484	36.601	14.604	0.49	0.72890559732665	0	0	0	0.28548644338118023	0.3483155389251732	-0.23182243485223722	NO	P68400
183	H	183	37.831	34.867	17.135	0.49	0.787218045112782	0	0	0	0.28548644338118023	0.1961734964035125	-0.7030039198948008	NO	P68400
184	P	184	36.76	31.465	18.624	0.49	0.737220109843684	0	0	0	0.28548644338118023	0.17436314801508387	-1.1057231378798977	NO	P68400
185	G	185	35.843	31.878	22.316	0.21	0.660984848484848	2	0	0	0.14635430772471492	0.21608462926738461	-1.338794093796966	NO	P68400
186	Q	186	36.065	35.71	22.396	0.49	0.58863443596268	0	0	0	0.28548644338118023	0.7073241345395737	-0.39738962451760584	NO	P68400
187	E	187	33.393	37.708	24.211	0.49	0.530268199233717	0	0	0	0.07535827297495616	0.6565786152391129	0.25616507152990114	NO	P68400
188	Y	188	32.172	40.642	22.18	0.49	0.527756653992396	1	0	0.3154089589184873	0.39742895303967796	1.1522399530172862	1.266694755169599	NO	P68400
189	N	189	30.546	43.954	23.186	0.49	0.587484035759898	0	0	0.5553209549529787	1	0.9417639080381984	1.3911360136277036	NO	P68400
190	V	190	26.725	43.572	23.086	0.49	0.584706379383185	1	0	1.860541514738192	0.4490260484302193	0.9426474085593121	1.3911360136277036	NO	P68400
191	R	191	26.252	47.406	22.822	0.49	0.585241730279898	0	1	2.5423698126088667	0.4042344613347592	0.9005958503828131	1.3911360136277036	NO	P68400
192	V	192	26.432	47.092	18.97	0.49	0.578616352201258	0	0	5.318244888897702	0.028334260906256944	0.9689761033238055	0.8747855970385553	NO	P68400
193	A	193	23.744	47.399	16.123	0.49	0.574282147315855	0	0	9.977746679417065	0.0032219352974069988	0.9985365614826168	0.9306072636968417	NO	P68400
194	S	194	20.522	49.511	15.912	0.49	0.567901234567901	0	0	3.1295371147926585	0.1481366696858256	1.1512719838357315	0.3888087343664154	NO	P68400
195	R	195	17.861	48.729	18.591	0.49	0.634191176470588	0	0	3.1295371147926585	0.1481366696858256	1.3590707064578929	0.358435180449407	NO	P68400
196	Y	196	15.383	47.232	16.037	0.49	0.632841328413284	0	0	2.4572820291552664	0.2663923960845509	1.3548257320494763	0.3681622041421956	NO	P68400
197	F	197	17.825	44.732	14.444	0.49	0.634191176470588	0	1	3.3574538763343975	0.12958521121381106	1.1384124232278292	0.9948670892685898	NO	P68400
198	K	198	19.804	43.711	17.594	0.49	0.632352941176471	1	1	2.437981518888545	0.2962806763689943	0.8995248346796938	1.0038732011858422	NO	P68400
199	G	199	19.883	39.917	17.991	0.49	0.634191176470588	0	0	3.8934241481448986	0.07825811634047605	0.3299413101547268	1.028592104107663	NO	P68400
200	P	200	18.472	38.399	21.235	0.49	0.63003663003663	0	0	0.844620498515951	1	0.5168183689077587	0.7989772612288502	NO	P68400
201	E	201	22.114	37.475	22.158	0.49	0.557575757575758	0	0	0.8359612690691095	1	0.21624644317609487	0.7720609543016298	NO	P68400
202	L	202	22.83	41.298	22.33	0.49	0.563725490196078	0	0	1.5499496839806226	0.511097092389746	0.6380744409709541	0.9651469199416566	NO	P68400
203	L	203	19.586	41.987	24.245	0.49	0.566993464052288	0	0	1.0327616532020527	1	0.8504880211562587	1.1361425420550697	NO	P68400
204	V	204	20.034	39.106	26.78	0.49	0.425245098039216	0	0	0.6573021822226325	1	0.6006051698638508	-0.02248633092991143	NO	P68400
205	D	205	23.79	40.121	26.981	0.49	0.473181818181818	0	0	0.6573021822226325	1	0.6634534082034858	0.40019364212722086	NO	P68400
206	Y	206	25.279	36.783	25.741	0.49	0.538819875776398	0	0	0.3154089589184873	0.39742895303967796	0.053771735364504004	-0.5450306322083855	NO	P68400
207	Q	207	28.77	38.057	24.698	0.49	0.558363417569194	0	0	0.21178148298822874	0.2356733633794211	0.16595303810135792	0.2918093202443556	NO	P68400
208	M	208	30.144	34.937	22.926	0.49	0.564040404040404	0	0	0	0.03940250414927672	0.18392428814777773	0.539907807054352	NO	P68400
209	Y	209	28.203	35.577	19.705	0.49	0.563607085346216	0	0	0.21178148298822874	0.2356733633794211	0.18938134677931046	0.5015935705968266	NO	P68400
210	D	210	29.395	35.098	16.073	0.49	0.634545454545455	1	0	0.6573021822226325	1	0.1244569685492894	0.5746351788222366	NO	P68400
211	Y	211	28.448	35.578	12.319	0.49	0.634545454545455	0	0	3.89626755160738	0.1792638014087864	0.3085032259923899	0.3454484999516921	NO	P68400
212	S	212	24.821	34.407	13.111	0.49	0.627240143369176	0	0	2.7784902384164085	0.34646865878246225	-0.38664399175779185	0.45468940060894136	NO	P68400
213	L	213	24.099	37.882	14.591	0.49	0.566159818828858	0	0	3.1295371147926585	0.1481366696858256	-2.435776135134668e-4	0.8570320408757969	NO	P68400
214	D	214	23.926	39.376	11.012	0.49	0.49469964664311	0	0	4.275484700693928	0.06252059757521522	0.6082409100314333	0.9661468943399805	NO	P68400
215	M	215	21.511	36.556	10.085	0.49	0.495035460992908	0	0	1.9745496493566344	0.3267419982201893	-0.28326565312006646	0.457042281546175	NO	P68400
216	W	216	18.974	37.707	12.767	0.49	0.48951048951049	0	0	3.1295371147926585	0.1481366696858256	-0.2557667626981975	0.6111559829349408	NO	P68400
217	S	217	19.118	41.36	11.503	-0.93	0.54320987654321	0	0	5.318244888897702	0.028334260906256944	0.5855065864925466	0.9661468943399805	NO	P68400
218	L	218	18.537	40.161	7.938	0.49	0.611111111111111	0	0	2.437981518888545	0.2962806763689943	0.3526639348789781	0.7791516818533822	NO	P68400
219	G	219	15.391	38.286	9.075	0.49	0.611498257839721	0	0	1.9139979119059127	0.4729421521874352	-0.12881134030168342	0.7111534227673466	NO	P68400
220	C	220	14.312	41.606	10.664	0.49	0.607266435986159	0	0	1.9139979119059127	0.4729421521874352	0.6188858179001531	0.5797282161304703	NO	P68400
221	M	221	14.854	43.424	7.33	0.49	0.603448275862069	1	0	1.9139979119059127	0.4729421521874352	0.8524009579826903	0.7267627792289902	NO	P68400
222	L	222	12.916	40.667	5.503	0.49	0.67281814686659	0	0	0.6573021822226325	1	0.34105971593309115	0.5945606631329671	NO	P68400
223	A	223	9.886	40.927	7.899	0.49	0.670498084291188	0	0	0.6573021822226325	1	0.24899929107847132	0.02617095991536851	NO	P68400
224	S	224	9.529	44.712	7.434	0.49	0.668193967163039	0	0	1.7702841143866326	0.620414673046252	0.8300303738140715	0.4876297337302044	NO	P68400
225	M	225	9.569	44.263	3.601	0.49	0.665905631659056	1	0	0.25502610425830496	0.24260363932657872	0.3948887053055938	0.25402226924777827	NO	P68400
226	I	226	7.177	41.306	3.049	0.49	0.603448275862069	0	0	0.21178148298822874	0.2356733633794211	0.0460363357175964	0.07389701074447103	NO	P68400
227	F	227	4.733	42.521	5.783	0.49	0.670103092783505	0	0	0.40565625917721115	0.6419006349492944	0.22526486920522568	0.3760268676533384	NO	P68400
228	R	228	5.1	46.308	5.053	0.49	0.674329501915709	0	0	0.3154089589184873	0.39742895303967796	0.4146454303017929	0.1511677597058756	NO	P68400
229	K	229	5.918	47.265	8.712	-0.08	0.683760683760684	0	0	0.5553209549529787	1	0.98745656836251	0.8439500228647812	NO	P68400
230	E	230	9.157	49.21	9.317	0.49	0.687645687645688	0	0	1.7702841143866326	0.620414673046252	1.307106541012079	1.1378091660522762	NO	P68400
231	P	231	10.618	48.436	11.797	0.49	0.692488262910798	0	1	1.813000435103859	0.659116950576732	1.3514077820568027	0.1511677597058756	NO	P68400
232	F	232	9.088	44.973	12.36	0.49	0.692007797270955	0	0	1.3264064766344343	0.7005576350164234	1.2931864123673493	0.21741606359484392	NO	P68400
233	F	233	10.238	44.843	16.064	0.49	0.747368421052632	0	0	1.0327616532020527	1	1.3286168344498348	-0.08450188227752355	NO	P68400
234	H	234	9.627	48.442	17.347	0.49	0.747887323943662	0	0	1.3264064766344343	0.7005576350164234	1.5602458045444687	-0.053442386412738525	NO	P68400
235	G	235	10.812	48.702	20.976	0.49	0.748936170212766	0	0	1.813000435103859	0.659116950576732	1.521353312375459	0.681154190817625	NO	P68400
236	H	236	11.176	52.073	22.735	-0.93	0.683274021352313	0	0	0.8523487179281668	1	1.6350571993446366	0.32616327941258527	NO	P68400
237	D	237	14.339	50.712	24.473	0.49	0.628571428571429	1	0	0.5553209549529787	1	1.5475895406419076	0.3888087343664154	NO	P68400
238	N	238	16.497	47.549	24.778	0.49	0.720942140296979	0	0	1.3264064766344343	0.7005576350164234	1.1824503564363567	0.539907807054352	NO	P68400
239	Y	239	14.198	45.947	27.421	0.49	0.717844433146924	0	0	0.3154089589184873	0.39742895303967796	1.13097815855869	0.4831592599494619	NO	P68400
240	D	240	11.024	46.683	25.496	0.49	0.713272543059777	0	0	0	0.2894736842105263	1.2788029598717023	0.30156390921381354	NO	P68400
241	Q	241	12.812	45.317	22.356	0.49	0.624555160142349	0	0	1.0327616532020527	1	1.3360367658653876	0.40019364212722086	NO	P68400
242	L	242	13.1	41.775	23.78	0.49	0.537244897959184	1	0	0.5318590298839591	0.6965650701499758	1.05355789931102	0.41687524268912435	NO	P68400
243	V	243	9.432	42.155	24.968	0.49	0.533434650455927	0	0	0	0.14635430772471492	1.2348498374181618	-0.15791523613974137	NO	P68400
244	R	244	8.301	42.936	21.354	0.49	0.618374558303887	0	0	0.6573021822226325	1	1.4196947923042231	0.40019364212722086	NO	P68400
245	I	245	10.343	39.945	19.986	0.49	0.621428571428571	0	0	1.3264064766344343	0.7005576350164234	0.9485717511995035	0.8649956378941237	NO	P68400
246	A	246	8.945	37.639	22.802	0.49	0.623655913978495	0	0	0	0.28548644338118023	0.8267666015946089	0.5134441988701335	NO	P68400
247	K	247	5.327	38.715	21.971	0.49	0.536485097636177	0	0	0	0.28548644338118023	1.2071498202686854	0.2533873648678903	NO	P68400
248	V	248	5.96	37.327	18.416	-0.65	0.630434782608696	1	0	0	0.28548644338118023	0.509680651340684	0.003671535953077754	NO	P68400
249	L	249	8.427	34.39	18.844	0.49	0.623655913978495	0	0	0	0.28548644338118023	0.06682221961826046	0.43116059123661077	NO	P68400
250	G	250	6.917	33.401	22.208	0.49	0.623214285714286	0	0	0	0.2894736842105263	0.6089766499571243	-0.4388171353053171	NO	P68400
251	T	251	8.583	33.09	25.626	0.49	0.622775800711744	0	0	0	0.14635430772471492	0.7605531811009179	-1.0791455689907545	NO	P68400
252	E	252	8.883	29.214	25.532	0.49	0.620567375886525	0	0	0	0.5263157894736843	0.7557140650033888	-1.7235668514129612	NO	P68400
253	D	253	11.922	29.397	23.223	-0.08	0.534183673469388	0	0	0	0.5263157894736843	0.18929343846977867	-1.6398974959589872	NO	P68400
254	L	254	13.404	32.528	24.813	0.49	0.538026721479959	0	0	0	0.28548644338118023	0.41801539358796896	-0.9718804107196014	NO	P68400
255	Y	255	13.549	30.729	28.185	0.49	0.630434782608696	0	0	0	0.2894736842105263	0.5715567167706352	-1.5508576299932744	NO	P68400
256	D	256	14.803	27.434	26.592	-1.22	0.625448028673835	0	0	0	1	0.20280271422044183	-2.6252317462291477	NO	P68400
257	Y	257	17.546	29.594	24.953	0.49	0.69995988768552	0	0	0	0.5263157894736843	-0.18306012068751704	-1.792782470636087	NO	P68400
258	I	258	18.612	31.377	28.177	0.21	0.566544566544567	0	0	0	0.5263157894736843	-0.07768941853529567	-2.0225696909957938	NO	P68400
259	D	259	18.476	28.03	30.028	-0.93	0.566993464052288	0	0	0	0.5263157894736843	-0.09471764535780852	-2.9131016139410546	NO	P68400
260	K	260	20.57	26.214	27.36	0.49	0.57283950617284	0	0	0	0.5263157894736843	-0.5524810721041262	-3.507868995205101	NO	P68400
261	Y	261	23.4	28.772	27.412	0.49	0.514498141263941	0	0	0	0.5263157894736843	-0.397878992732095	-2.1367736636595622	NO	P68400
262	N	262	22.933	29.496	31.14	-1.22	0.514498141263941	0	0	0	0.5263157894736843	-0.005315083641207352	-3.648734953925533	NO	P68400
263	I	263	22.328	33.205	30.474	0.49	0.586346738763096	1	0	0	0.5263157894736843	0.11047692575423156	-2.1367736636595622	NO	P68400
264	E	264	21.85	35.332	33.593	-0.08	0.512177121771218	0	0	0	0.2894736842105263	0.2469138892239274	-1.8823801767259223	NO	P68400
265	L	265	19.19	37.823	32.383	0.49	0.514074074074074	0	0	0	0.28548644338118023	0.482913590407506	-0.9968028495701395	NO	P68400
266	D	266	19.548	41.455	33.534	0.49	0.569085690856909	0	0	0	0.28548644338118023	0.7444854945148186	0.3711621273371674	NO	P68400
267	P	267	17.151	41.59	36.575	0.49	0.635531135531136	0	0	0	0.2894736842105263	0.6844155540608466	0.17402431738185403	NO	P68400
268	R	268	14.887	44.338	35.054	-0.36	0.564916564916565	0	0	0	0.2894736842105263	0.9046722368593232	0.3888087343664154	NO	P68400
269	F	269	13.835	41.669	32.484	0.49	0.560808080808081	0	0	0	0.2894736842105263	0.8835800643468508	0.6502854159128384	NO	P68400
270	N	270	12.34	39.316	35.099	0.49	0.55515443241075	1	0	0	0.2894736842105263	0.8288230751497812	-0.12215857583603285	NO	P68400
271	D	271	9.619	41.958	35.866	0.49	0.563701531443467	0	0	0	0.5263157894736843	1.0322494160602143	-0.06596953821591935	NO	P68400
272	I	272	8.344	42.603	32.295	0.49	0.563701531443467	1	0	0	0.2894736842105263	1.0348057726978839	0.41973231239862185	NO	P68400
273	L	273	8.979	39.441	30.251	0.49	0.62410071942446	0	0	0	0.2894736842105263	1.0013642520556425	0.6625832377058921	NO	P68400
274	G	274	6.271	37.121	31.705	0.49	0.62410071942446	0	0	0	0.2894736842105263	0.9550121912101884	0.3174792912166131	NO	P68400
275	R	275	4.652	34.522	29.41	-0.36	0.625448028673835	0	0	0	0.28548644338118023	1.0364522158468041	-0.14482466219804468	NO	P68400
276	H	276	3.593	34.866	25.746	0.49	0.625	0	0	0	0.28548644338118023	1.0304669840863139	-0.005191873486612665	NO	P68400
277	S	277	2.407	32.329	23.172	0.49	0.629496402877698	0	0	0	0.5263157894736843	1.0468962039233145	-0.3154869595120164	NO	P68400
278	R	278	4.116	32.132	19.744	0.49	0.631294964028777	1	0	0	0.2894736842105263	0.5228809201832161	-0.6269941357172069	NO	P68400
279	K	279	2.369	34.323	17.079	0.49	0.524193548387097	0	0	0	0.2894736842105263	0.594621007121823	-0.3188202075064304	NO	P68400
280	R	280	2.283	32.5	13.678	0.49	0.524193548387097	0	0	0	0.2894736842105263	-0.16083197747319594	-0.6205771877065717	NO	P68400
281	W	281	3.817	34.453	10.715	0.49	0.488753124132186	0	0	0	0.28548644338118023	-0.6586286795514608	-0.19453767514329737	NO	P68400
282	E	282	0.479	34.087	8.82	0.49	0.488006617038875	0	0	0	0.28548644338118023	-0.6785461917812896	-0.458816623271798	NO	P68400
283	R	283	-1.026	36.597	11.368	-0.65	0.488378527946873	0	0	0	0.2894736842105263	-0.23853465824820186	-1.3837929417215489	NO	P68400
284	F	284	1.075	39.372	9.809	0.49	0.491917502787068	0	0	0	0.2894736842105263	0.14349840972886493	-0.7438093267941536	NO	P68400
285	V	285	-0.263	38.508	6.308	-0.08	0.496911847276811	0	0	0	0.2894736842105263	-0.34083313145507477	-0.053442386412738525	NO	P68400
286	H	286	-3.05	40.867	5.16	0.49	0.400112707805016	1	0	0	0.5263157894736843	-0.2849357993331937	-0.8182191864341497	NO	P68400
287	S	287	-4.647	42.004	1.857	0.49	0.400794777178541	0	0	0	0.5263157894736843	-0.4459239457876164	-0.6568115541399611	NO	P68400
288	E	288	-2.069	44.747	1.076	0.49	0.323260073260073	0	0	0	0.2894736842105263	-0.09787466897818722	-0.10132577587094843	NO	P68400
289	N	289	1.047	42.54	1.369	0.49	0.350082644628099	0	0	0	0.28548644338118023	0.13963413100187294	-0.7088102228528115	NO	P68400
290	Q	290	-0.311	39.192	0.032	-0.36	0.321167883211679	0	0	0	0.2894736842105263	-0.6355012708367375	-0.005191873486612665	NO	P68400
291	H	291	1.556	39.861	-3.274	0.49	0.324074074074074	1	0	0	0.28548644338118023	-0.36737772568434107	-0.38794887243404963	NO	P68400
292	L	292	4.942	39.737	-1.423	0.49	0.327715355805243	0	0	0	0.14635430772471492	-0.04942301871231164	0.1511677597058756	NO	P68400
293	V	293	4.065	36.65	0.692	0.49	0.328947368421053	0	0	0	0.28548644338118023	-0.40679655982806806	-0.013533905900439411	NO	P68400
294	S	294	4.452	32.944	-0.239	0.49	0.239917976760082	0	0	0	0.5263157894736843	-0.5847296181336403	-0.028827631992454448	NO	P68400
295	P	295	4.829	29.736	1.839	0.49	0.239917976760082	0	0	0	0.5263157894736843	-1.0381905442105774	0.02917088311034101	NO	P68400
296	E	296	8.624	29.765	1.087	0.49	0.239917976760082	0	0	0	0.5263157894736843	-0.6407378980992069	0.9275115198592783	NO	P68400
297	A	297	9.023	33.431	2.223	0.49	0.240137221269297	0	0	0	0.14635430772471492	-0.29929992893912294	0.4174466566310241	NO	P68400
298	L	298	7.37	32.514	5.557	0.49	0.240137221269297	0	0	0	1	-0.7103527578705968	-0.019862344283342367	NO	P68400
299	D	299	9.552	29.346	5.824	0.49	0.26	0	0	0	1	-0.8117672762175796	0.9831464591114896	NO	P68400
300	F	300	12.811	31.278	5.051	-0.36	0.26	0	0	0.844620498515951	1	-0.6593444807312593	1.129604247912182	NO	P68400
301	L	301	11.854	33.975	7.581	0.49	0.256934306569343	0	0	0.6573021822226325	1	-0.4473576246845822	0.6926923569521333	NO	P68400
302	D	302	11.055	31.393	10.28	0.49	0.144078144078144	1	0	1.154868148297131	1	-0.850152152683746	0.358435180449407	NO	P68400
303	K	303	14.509	29.823	9.795	0.49	0.144199346405229	0	0	3.5962401732455396	0.547846889952153	-1.3971185571516653	0.7729700219364697	NO	P68400
304	L	304	16.334	33.178	10.342	0.49	0.257664233576642	0	0	1.154868148297131	1	-1.1306386346130615	0.3792700278641191	NO	P68400
305	L	305	14.182	34.61	13.205	0.49	0.234625668449198	0	0	1.860541514738192	0.4490260484302193	-0.44831494151283346	0.0432635455611406	NO	P68400
306	R	306	15.287	32.266	15.954	0.49	0.234625668449198	0	0	1.154868148297131	1	-0.4865569723331667	-0.7298907642228866	NO	P68400
307	Y	307	16.57	33.017	19.499	0.49	0.13	0	0	1.3264064766344343	0.7005576350164234	-0.21608992385042436	-0.6242669328126872	NO	P68400
308	D	308	19.142	30.23	19.389	0.49	0.130970149253731	0	0	1.7702841143866326	0.620414673046252	-0.511358222405063	-0.31352622539765546	NO	P68400
309	H	309	21.997	31.711	17.22	0.49	0.145522388059701	0	0	3.5962401732455396	0.547846889952153	-0.6396674575882378	0.4058980801210559	NO	P68400
310	Q	310	23.228	28.132	16.55	0.49	0.163712686567164	0	0	3.5962401732455396	0.547846889952153	-1.1051577033301498	0.5951563925617557	NO	P68400
311	S	311	19.751	27.271	15.039	-0.36	0.145522388059701	0	0	3.5962401732455396	0.547846889952153	-1.7964616143197785	0.6166103887439814	NO	P68400
312	R	312	19.57	30.198	12.466	0.49	0.164943609022556	0	2	1.7702841143866326	0.620414673046252	-1.3662314664377149	0.04935218460379001	NO	P68400
313	L	313	20.547	29.471	8.872	0.49	0.165719696969697	0	0	1.7702841143866326	0.620414673046252	-1.2077794865553435	0.6344887188958357	NO	P68400
314	T	314	24.088	30.305	7.834	0.49	0.163857677902622	0	0	1.7702841143866326	0.620414673046252	-0.33597538952711964	0.6344887188958357	NO	P68400
315	A	315	24.382	32.726	4.824	0.49	0.293501048218029	0	0	1.7702841143866326	0.620414673046252	0.11254816440537092	0.8543076524221588	NO	P68400
316	R	316	25.309	29.742	2.505	-0.08	0.29404309252218	0	0	3.5962401732455396	0.547846889952153	0.42263913897818894	1.026859625666798	NO	P68400
317	E	317	22.171	27.72	3.682	0.49	0.333015267175573	0	0	3.5962401732455396	0.547846889952153	-0.20673941847276453	0.3434705286143477	NO	P68400
318	A	318	20.092	30.946	3.441	0.49	0.440656565656566	0	0	0.844620498515951	1	-0.17680879255062504	0.8543076524221588	NO	P68400
319	M	319	21.15	31.252	-0.27	0.49	0.436953807740325	1	0	0	0.28548644338118023	0.9416346596776288	0.28998773500262703	NO	P68400
320	E	320	20.275	27.523	-0.961	0.49	0.528301886792453	0	0	0	0.5263157894736843	0.9011476988139323	-0.09056518180202622	NO	P68400
321	H	321	16.607	28.162	0.255	0.49	0.665399239543726	0	0	0	0.28548644338118023	-0.4384031842123596	0.4831592599494619	NO	P68400
322	P	322	13.594	27.545	-2.11	0.49	0.723140495867769	0	0	0	0.5263157894736843	0.04236088718754276	0.4638870260908528	NO	P68400
323	Y	323	12.801	31.253	-1.543	0.49	0.815850815850816	0	0	0	0.28548644338118023	-0.1708564007207341	0.539907807054352	NO	P68400
324	F	324	15.684	32.096	-3.974	0.49	0.85795763172189	0	0	0	0.28548644338118023	0.5755146733578295	0.07116980783995135	NO	P68400
325	Y	325	15.053	29.286	-6.544	0.49	0.797727272727273	0	0	0	0.2894736842105263	1.0286409422955338	-0.3128203611164861	NO	P68400
326	T	326	15.17	30.824	-10.101	-0.36	0.745047169811321	0	0	0	0.2894736842105263	1.7648984634785905	-0.10132577587094843	NO	P68400
327	V	327	15.888	34.366	-8.576	0.49	0.769735403455062	0	0	0	0.28548644338118023	1.4220922017982873	0.30570925762868406	NO	P68400
328	V	328	19.525	34.188	-9.574	0.49	0.76839591925331	0	0	0	0.28548644338118023	1.5730094420572562	0.25402226924777827	NO	P68400
329	K	329	21.692	31.806	-11.63	0.49	0.789591078066914	0	0	0	0.5263157894736843	1.8551528195235945	-0.15791523613974137	NO	P68400
330	D	330	23.777	29.169	-9.717	-0.08	0.751991502920871	1	0	0	0.5263157894736843	2.0058664103250154	-0.3128203611164861	NO	P68400
