Uniprot_position	aminoacid	Position_in_structure	x	y	z	paraz	mtr	gscount	pscount	OR	pvalue	mtr3dscore	paraz3dscore	HotSpot3D	Uniprot
2	D	2	10.101	58.975	-31.592	-2.19	0.910344827586207	0	0	0	1	4.399011007912968	-6.555163389220649	NO	P67775
3	E	3	8.89	56.134	-33.846	-0.33	0.925	0	0	0	0.5361344537815127	3.4205281039532482	-3.8722858411806533	NO	P67775
4	K	4	12.551	55.711	-34.856	-4.5	0.829059829059829	0	0	0	0.284873949579832	3.9526150069743498	-4.397031967495337	NO	P67775
5	V	5	13.275	54.458	-31.322	-4.5	0.826175869120654	0	0	0	0.14615071835185695	4.161088275317818	-4.717267107735336	NO	P67775
6	F	6	10.037	52.415	-31.276	-4.5	0.87396449704142	0	0	0	0.0370103102420056	3.0971874320143176	-2.776819190559763	NO	P67775
7	T	7	10.877	50.462	-34.452	-1.72	0.871022727272727	1	0	0	0.0370103102420056	2.9666476561930533	-2.276107722136041	NO	P67775
8	K	8	14.236	49.392	-32.913	-2.19	0.876923076923077	0	0	0	0.14615071835185695	3.695373586015362	-3.487472015216552	NO	P67775
9	E	9	12.5	48.183	-29.719	-0.33	0.794612794612795	1	0	0	0.033108215477514705	3.112492501586766	-2.371947879215062	NO	P67775
10	L	10	9.932	46.221	-31.723	0.59	0.791416705122289	0	0	0	0.014577055259512903	2.5724166704892055	-1.4153125933710198	NO	P67775
11	D	11	12.778	44.301	-33.447	0.59	0.714989444053483	2	0	0	0.033108215477514705	2.7393968318413635	-1.732629523699958	NO	P67775
12	Q	12	13.99	43.302	-29.986	-0.8	0.712925170068027	2	0	0	0.014577055259512903	2.936075551186236	-1.802095607452363	NO	P67775
13	W	13	10.442	42.277	-29.024	-0.8	0.663594470046083	0	0	0	0.006820163848888593	2.5298731984614697	-1.1326926029221023	NO	P67775
14	I	14	10.215	40.085	-32.134	-0.33	0.620535714285714	0	0	0	0.014577055259512903	2.2496139563122917	-0.6302373322982384	NO	P67775
15	E	15	13.669	38.704	-31.277	0.59	0.65675057208238	0	0	0	0.033108215477514705	2.7958081612407173	-0.5173486857388147	NO	P67775
16	Q	16	12.368	37.947	-27.756	0.59	0.622362869198312	1	0	0	0.0370103102420056	2.75559234246859	-0.810052819317892	NO	P67775
17	L	17	9.043	36.392	-28.762	0.59	0.620901639344262	0	0	0	0.0370103102420056	1.9424326287136269	-0.40014032056104554	NO	P67775
18	N	18	10.869	34.083	-31.215	-1.26	0.621513944223108	0	0	0	0.0370103102420056	1.428692411528777	-0.5950652233702003	NO	P67775
19	E	19	12.375	32.3	-28.183	-0.8	0.626953125	0	0	0	0.284873949579832	2.1801645716692115	-0.5546953056532105	NO	P67775
20	C	20	8.876	32.104	-26.618	0.59	0.659760087241003	0	0	1.0969605888803273	1	1.6342900852415962	-0.5671283002930795	NO	P67775
21	K	21	9.51	34.786	-23.954	-1.26	0.691078066914498	1	0	0	0.284873949579832	2.1379218809644573	-0.5790517969017295	NO	P67775
22	Q	22	6.398	36.917	-23.338	-1.26	0.689492753623188	0	0	0	0.14615071835185695	1.6858539154783703	-0.2536298640888342	NO	P67775
23	L	23	6.515	40.723	-23.368	0.13	0.664617748751441	0	0	0	0.0370103102420056	1.95774931341332	-0.43386800593016506	NO	P67775
24	S	24	5.906	42.786	-20.225	-2.19	0.630909090909091	0	0	0	0.15674979669287056	1.3146416443214044	-0.4247940189944423	NO	P67775
25	E	25	2.421	44.109	-19.367	0.59	0.601613522858241	0	0	0	0.5361344537815127	0.24389210788923735	-0.3535981214987713	NO	P67775
26	S	26	3.175	47.709	-20.446	-0.33	0.630909090909091	1	0	0	0.5361344537815127	1.213094027764561	-0.8388797415643161	NO	P67775
27	Q	27	4.983	46.474	-23.565	-0.8	0.561232765612328	0	0	0	0.07212916312242364	1.9446259498827223	-1.3758207658246366	NO	P67775
28	V	28	1.757	44.775	-24.68	0.59	0.519965650493774	0	0	0	0.15674979669287056	1.0467927057739623	-0.41674723880490633	NO	P67775
29	K	29	-0.273	47.924	-23.908	-0.33	0.496514965149652	0	0	0	0.15674979669287056	0.6400520976597532	-0.5777804415893067	NO	P67775
30	S	30	1.903	49.992	-26.305	-1.26	0.470382598562828	1	0	0	0.15674979669287056	1.7070912210390032	-0.9843719786479176	NO	P67775
31	L	31	1.968	47.365	-29.068	0.59	0.468653250773994	0	0	0	0.07212916312242364	1.646899235621012	-0.7566930951108355	NO	P67775
32	C	32	-1.851	47.092	-29.088	0.59	0.42716049382716	0	0	0	0.14615071835185695	0.5326089965365716	0.007692805951482883	NO	P67775
33	E	33	-2.298	50.867	-29.416	-2.65	0.42998760842627	0	0	0	0.284873949579832	0.7803443842451369	-0.20268118282912828	NO	P67775
34	K	34	0.049	51.095	-32.409	0.59	0.479772191673213	0	0	0	0.0370103102420056	1.519186104556754	-0.7830064155732361	NO	P67775
35	A	35	-1.759	48.077	-33.913	0.59	0.50497512437811	1	0	0	0.07212916312242364	0.6566362306247936	-0.1230515462854611	NO	P67775
36	K	36	-5.136	49.775	-33.337	-0.33	0.508771929824562	0	0	0	0.14615071835185695	0.31276385886768127	-0.4379426581589206	NO	P67775
37	E	37	-3.975	52.901	-35.18	0.59	0.461335095836087	0	0	0	0.15674979669287056	0.9700112337699511	-0.3692960139353168	NO	P67775
38	I	38	-2.939	50.655	-38.083	0.59	0.459613696224759	0	0	0	0.15674979669287056	0.9004774153968952	-0.022267791899125942	NO	P67775
39	L	39	-6.02	48.407	-38.242	0.59	0.43407960199005	0	0	0	0.284873949579832	0.6308026246133593	0.014840648041326045	NO	P67775
40	T	40	-8.455	51.368	-38.12	-1.26	0.46265697290152	0	0	0	1	0.4114408720642727	-0.017112748810897725	NO	P67775
41	K	41	-7.099	52.463	-41.512	-1.26	0.46265697290152	1	0	0	0.284873949579832	0.8937631375982947	-0.26955682662425173	NO	P67775
42	E	42	-7.798	48.992	-42.954	0.59	0.467750533049041	0	0	0	0.284873949579832	0.5463231961189536	-0.0639016513445111	NO	P67775
43	S	43	-10.846	47.799	-44.907	0.59	0.467339352097716	0	0	0	1	6.486897244677344e-4	0.18699384796692162	NO	P67775
44	N	44	-13.273	45.023	-43.875	0.59	0.497737556561086	0	0	0	1	-0.17421833199591213	0.12055444767656484	NO	P67775
45	V	45	-12.084	43.484	-47.141	0.59	0.497737556561086	0	0	0	1	-0.3226147041054654	0.38300866598711114	NO	P67775
46	Q	46	-8.27	43.549	-47.184	0.59	0.386496350364964	0	0	0	0.284873949579832	-0.13880037103998502	0.21894929857733877	NO	P67775
47	E	47	-6.984	43.606	-50.772	-0.8	0.426666666666667	0	0	0	1	-0.16184732261740506	0.30846234943726564	NO	P67775
48	V	48	-3.824	41.458	-50.924	0.59	0.431013431013431	0	0	0	0.5361344537815127	-0.019910738263279864	0.35919845225200525	NO	P67775
49	R	49	-1.239	40.877	-53.671	-1.26	0.427878787878788	1	0	0	1	-0.060007509093866075	0.2271920570866038	NO	P67775
50	C	50	0.179	37.496	-54.627	-1.26	0.429440389294404	0	0	0	0.5361344537815127	-0.03666427656244588	-0.17653778233281323	NO	P67775
51	P	51	2.591	35.819	-54.047	0.59	0.323260073260073	0	0	0	0.5361344537815127	0.022446531243798504	-0.1732775596868189	NO	P67775
52	V	52	1.139	35.123	-50.597	0.59	0.369440083725798	0	0	0	0.5361344537815127	-0.14904333226936312	0.04081655599964242	NO	P67775
53	T	53	1.026	32.155	-48.223	0.59	0.371848739495798	0	0	0	1	-0.22784559494438922	0.13592076101776013	NO	P67775
54	V	54	-2.364	31.508	-46.622	0.59	0.371848739495798	0	0	0	1	-0.23071025873368964	0.5197750024634541	NO	P67775
55	C	55	-2.851	30.04	-43.132	0.59	0.437422552664188	0	0	13.004630948950838	0.3142857142857142	-0.25043040488355467	0.7621813548560036	NO	P67775
56	G	56	-5.756	28.924	-40.937	0.59	0.437422552664188	0	0	13.004630948950838	0.09243697478991594	-0.25876550834276835	0.7368280015687914	NO	P67775
57	D	57	-6.325	28.24	-37.205	0.59	0.262222222222222	0	0	13.004630948950838	0.001423149905123337	-0.0019289419691801621	1.024461739591916	YES	P67775
58	V	58	-3.16	28.448	-35.101	-0.33	0.263940520446097	0	0	13.004630948950838	0.001423149905123337	0.06647820349032599	0.7841961179894359	NO	P67775
59	H	59	-4.844	28.356	-31.632	0.59	0.262962962962963	0	0	13.004630948950838	0.001423149905123337	0.01991467949153638	0.9848595046476816	NO	P67775
60	G	60	-1.919	29.289	-29.364	0.59	0.325645756457565	0	1	13.004630948950838	0.006302521008403357	0.07796591754876785	0.7449416615038772	NO	P67775
61	Q	61	0.354	26.49	-30.66	0.59	0.432964329643296	0	0	13.004630948950838	0.025210084033613446	0.11910038443514465	0.4215853531447192	NO	P67775
62	F	62	3.429	28.719	-30.736	0.59	0.432598039215686	0	0	4.844056973985235	0.22689075630252098	0.6241646996652459	-0.07045799082238989	NO	P67775
63	H	63	6.099	26.111	-31.462	-0.8	0.322992700729927	0	0	2.2401603311473717	0.5361344537815125	0.3522841725060582	-0.27592946414932723	NO	P67775
64	D	64	4.05	24.861	-34.411	0.59	0.323260073260073	0	0	13.004630948950838	0.09243697478991594	0.07765646952975473	0.18752223696445025	NO	P67775
65	L	65	3.742	28.427	-35.695	0.59	0	0	0	13.004630948950838	0.3142857142857142	0.15654230455869214	0.3657770927804042	NO	P67775
66	M	66	7.553	28.403	-35.616	-1.26	0	0	0	13.004630948950838	0.3142857142857142	0.19425801745371027	-0.014122036790246248	NO	P67775
67	E	67	7.307	25.159	-37.595	0.59	0	0	0	0	1	-0.1781518051447327	-0.12538701768486976	NO	P67775
68	L	68	4.969	26.999	-40	0.59	0	0	0	0	1	-0.1775821031580238	0.18791035008364818	NO	P67775
69	F	69	7.637	29.715	-40.523	0.59	0	0	0	0	1	-0.4965616082488348	0.3434464430262065	NO	P67775
70	R	70	10.491	27.25	-41.136	0.59	0	0	0	0	1	-0.8690138231220348	-0.16382291401343546	NO	P67775
71	I	71	8.383	25.667	-43.878	-0.33	0	0	0	0	1	-0.41978654050923925	0.10119235652064336	NO	P67775
72	G	72	6.656	28.676	-45.484	0.59	0	0	0	0	1	-0.5194972965473703	0.35994381546458243	NO	P67775
73	G	73	9.643	30.989	-44.944	0.59	0	0	0	0	1	-1.1157199723518625	0.2996403822184534	NO	P67775
74	K	74	9.972	33.789	-42.392	-1.72	0	0	0	0	1	-0.7876337561470552	0.23851442600689235	NO	P67775
75	S	75	8.187	37.144	-42.407	-1.72	0	0	0	0	0.284873949579832	-0.20316386752727336	0.18748540215452641	NO	P67775
76	P	76	8.582	39.548	-44.215	0.59	0	0	0	0	0.284873949579832	-0.16497725360270343	0.421331929652443	NO	P67775
77	D	77	10.427	37.478	-46.883	-0.33	0	0	0	0	1	-0.5791602697744431	0.49634528336621514	NO	P67775
78	T	78	7.242	35.471	-47.249	0.59	0	0	0	0	1	-0.3076655637585074	0.38973264178792755	NO	P67775
79	N	79	4.078	37.528	-47.706	0.59	0	0	0	0	0.284873949579832	-0.013106155969688645	0.18789268990997035	NO	P67775
80	Y	80	1.549	36.144	-45.211	0.59	0	0	0	0	0.284873949579832	-0.044628723848022446	0.36329794992118003	NO	P67775
81	L	81	-2.223	36.047	-44.746	0.59	0	0	0	0	0.284873949579832	-0.14230990522058592	0.3254086532818376	NO	P67775
82	F	82	-3.723	34.551	-41.558	0.59	0	0	0	2.2401603311473717	0.5361344537815125	-0.16952846591143889	0.6570157774693623	NO	P67775
83	M	83	-7.384	33.649	-41.25	0.59	0	0	0	13.004630948950838	0.09243697478991594	-0.3225837612343169	0.7740974309009933	NO	P67775
84	G	84	-7.916	34.007	-37.482	0.59	0	0	0	13.004630948950838	0.006302521008403357	-0.19734620955235174	0.7859721316819379	YES	P67775
85	D	85	-8.162	31.719	-34.433	0.59	0	0	0	13.004630948950838	0.001423149905123337	-0.08376025328484588	0.9688745033396534	YES	P67775
86	Y	86	-4.801	32.622	-32.915	-0.33	0	0	0	13.004630948950838	0.006302521008403357	0.10476151027292344	0.8079071062234964	NO	P67775
87	V	87	-5.774	31.931	-29.302	0.59	0.167635658914729	0	0	13.004630948950838	0.006302521008403357	-0.14842838399767333	0.9192457361022198	YES	P67775
88	D	88	-7.339	29.274	-27.011	0.59	0.300043233895374	0	1	13.004630948950838	2.8462998102466786e-4	-0.16254876232856463	1.0798227048689317	YES	P67775
89	R	89	-6.779	25.5	-26.674	0.59	0.296868296868297	0	0	13.004630948950838	0.001423149905123337	-0.3726231819822522	1.0334622961628386	YES	P67775
90	G	90	-3.026	25.67	-27.288	0.59	0.299178555987895	0	0	13.004630948950838	0.001423149905123337	-0.2586439703845866	0.5090164579800279	YES	P67775
91	Y	91	-0.851	26.606	-24.339	-0.33	0.298880275624462	0	0	13.004630948950838	0.001423149905123337	-0.2460897580832862	0.31027908772127877	YES	P67775
92	Y	92	0.96	29.647	-25.764	0.59	0.300043233895374	0	0	8.022282899827001	0.08193277310924374	0.2980094142815028	0.12660690617341905	NO	P67775
93	S	93	-1.737	32.059	-26.989	0.59	0.448320413436692	0	0	12.004630948950838	0.02582000542152346	0.11397669299361207	0.5690668072367934	NO	P67775
94	V	94	0.052	35.004	-25.363	0.59	0.48907681465821	0	0	3.9351321320618764	0.2970317159121712	0.3074162832086026	0.49916109994706237	NO	P67775
95	E	95	3.314	34.402	-27.243	0.59	0.494830659536542	0	0	1.534949916630818	0.639943074003795	0.9661790178926427	-0.07961719907982448	NO	P67775
96	T	96	1.517	33.406	-30.464	0.59	0.543190661478599	0	0	1.534949916630818	0.639943074003795	0.7039205050927705	0.10353887033801612	NO	P67775
97	V	97	-0.847	36.393	-30.689	-1.26	0.48999648999649	0	0	2.3760081068166397	0.5747899159663865	0.49341636061932703	0.5783352367497102	NO	P67775
98	T	98	1.762	38.861	-29.452	-1.72	0.48999648999649	0	0	0.3088965997259011	0.39162795262710204	1.2993532701666695	4.41585980175031e-4	NO	P67775
99	L	99	4.226	37.82	-32.164	0.59	0.486713286713287	0	0	0.20784992884232498	0.21721614118394825	1.5219612889163832	-0.004018774639697786	NO	P67775
100	L	100	1.649	37.941	-34.965	0.59	0.411834319526627	0	0	0.3892252643829224	0.639943074003795	0.45793497893417934	0.11070083859799731	NO	P67775
101	V	101	0.54	41.433	-33.868	-0.33	0.357948717948718	0	0	0	0.14615071835185695	0.9405062981236633	0.18716862278918106	NO	P67775
102	A	102	4.194	42.483	-33.496	0.59	0.356577266922095	1	0	0	0.002101899714279489	1.894203692624723	-0.620407572597826	NO	P67775
103	L	103	4.87	41.352	-37.065	0.59	0.357948717948718	1	0	0	0.014577055259512903	1.0599325380405786	-0.07639180917812664	NO	P67775
104	K	104	1.842	43.306	-38.284	0.59	0.387993329627571	0	0	0	0.07212916312242364	0.8924344981041765	0.38300866598711114	NO	P67775
105	V	105	3.061	46.527	-36.62	0.59	0.384997242140099	0	0	0	0.014577055259512903	1.7987083361320257	-0.4485623092638304	NO	P67775
106	R	106	6.596	45.947	-37.946	0.59	0.387993329627571	0	0	0	0.006820163848888593	1.9728124551355792	-0.9097463511988262	NO	P67775
107	Y	107	5.624	44.89	-41.495	0.59	0.3621271076524	0	0	0	0.0370103102420056	0.7998925957580516	0.10444395423900277	NO	P67775
108	R	108	2.035	46.087	-42.184	-2.19	0.3621271076524	2	0	0	0.14615071835185695	0.749706753253745	0.470129060027292	NO	P67775
109	E	109	2.287	45.5	-45.956	-0.33	0.387993329627571	0	0	0	0.284873949579832	0.43660646561149	0.18660545947301163	NO	P67775
110	R	110	3.677	41.953	-45.533	0.59	0.41664172403472	0	0	0	0.284873949579832	0.19893538566258223	0.0193660675462592	NO	P67775
111	I	111	1.237	40.551	-42.938	0.59	0.41301775147929	0	0	0	0.15674979669287056	0.300841170268377	0.37716774916062384	NO	P67775
112	T	112	-2.541	40.256	-43.013	0.59	0.446998722860792	0	0	0	0.15674979669287056	0.14216154288327962	0.5222048233944047	NO	P67775
113	I	113	-4.218	39.014	-39.85	0.13	0.412213740458015	0	0	0	0.15674979669287056	0.1490318155059957	0.5933285044488598	NO	P67775
114	L	114	-7.989	38.476	-39.939	0.13	0.4106463878327	0	0	0	1	-0.15893296755554903	0.8811352389856755	NO	P67775
115	R	115	-10.466	38.055	-37.106	0.59	0.409476455103832	0	0	13.004630948950838	0.3142857142857142	-0.34665848054734383	0.7507434813819966	NO	P67775
116	G	116	-11.395	34.478	-36.202	0.59	0.409476455103832	0	0	13.004630948950838	0.025210084033613446	-0.40145273661696124	1.0243970907418454	YES	P67775
117	N	117	-14.347	33.362	-34.083	0.59	0.407136589646095	0	0	13.004630948950838	2.8462998102466786e-4	-0.3573716055169441	1.2339694055660453	YES	P67775
118	H	118	-11.988	32.75	-31.151	0.59	0.361207494795281	0	0	13.004630948950838	0.001423149905123337	-0.4041863302551261	1.0314814019402658	YES	P67775
119	E	119	-10.901	36.391	-31.339	0.59	0.262878787878788	0	0	13.004630948950838	0.001423149905123337	-0.5431255735121834	0.8221000640629877	YES	P67775
120	S	120	-13.85	37.151	-29.071	0.59	0.26188679245283	0	0	13.004630948950838	0.006302521008403357	-0.7531234098002999	1.0505424467387676	YES	P67775
121	R	121	-14.372	38.131	-25.417	0.59	0.259925093632959	0	0	13.004630948950838	0.025210084033613446	-0.84705949359084165	0.9426976278269782	YES	P67775
122	Q	122	-16.808	35.356	-24.376	0.59	0.259925093632959	0	1	13.004630948950838	0.006302521008403357	-0.6758449668085517	1.2520080603354191	YES	P67775
123	I	123	-15.042	32.487	-26.161	0.59	0.234056987788331	0	0	13.004630948950838	0.001423149905123337	-0.5685767761342855	1.3579851571054906	YES	P67775
124	T	124	-11.577	33.265	-24.71	0.59	0	0	0	13.004630948950838	0.001423149905123337	-0.6768131103345275	1.0234661473008306	YES	P67775
125	Q	125	-13.047	33.211	-21.202	0.59	0	0	0	13.004630948950838	0.006302521008403357	-0.9872963213508913	1.1140650457895926	YES	P67775
126	V	126	-13.917	29.545	-21.743	0.59	0	0	0	13.004630948950838	0.006302521008403357	-0.8052906818337041	1.3579851571054906	YES	P67775
127	Y	127	-11.322	27.97	-24.029	0.59	0	0	1	13.004630948950838	0.001423149905123337	-0.466063701013589	1.1852817401468556	YES	P67775
128	G	128	-8.072	28.934	-22.294	0.59	0	0	0	13.004630948950838	0.001423149905123337	-0.6570579662646865	1.0563294517831066	YES	P67775
129	F	129	-6.872	32.401	-23.39	0.59	0	0	0	13.004630948950838	0.001423149905123337	-0.5534669237840474	0.9120804885527422	YES	P67775
130	Y	130	-8.28	34.31	-20.408	0.59	0	0	0	12.004630948950838	0.02582000542152346	-0.9426771871728156	0.9470281426034514	YES	P67775
131	D	131	-6.862	31.657	-18.069	0.59	0	0	1	13.004630948950838	0.025210084033613446	-0.9800023653323686	1.0656430570868076	YES	P67775
132	E	132	-3.443	31.82	-19.778	0.59	0	0	0	13.004630948950838	0.006302521008403357	-0.6349933903944336	0.9426976278269782	YES	P67775
133	C	133	-3.135	35.639	-19.447	0.59	0	0	0	8.022282899827001	0.08193277310924374	-0.3761089167582219	0.3134694119128078	NO	P67775
134	L	134	-4.329	35.467	-15.829	0.59	0	0	0	2.2401603311473717	0.5361344537815125	-1.200640564337118	0.9329248450603131	NO	P67775
135	R	135	-1.576	32.929	-15.121	0.59	0	0	0	2.2401603311473717	0.5361344537815125	-1.1522190482674104	0.8904188138557955	NO	P67775
136	K	136	1.251	34.405	-17.212	0.59	0	0	0	1.0969605888803273	1	-0.2532985193117689	0.32187295599140714	NO	P67775
137	Y	137	0.484	37.898	-15.958	0.59	0	0	0	1.0969605888803273	1	-0.3974300786785533	0.2891991244621439	NO	P67775
138	G	138	-1.186	38.374	-12.556	0.59	0	0	0	2.2401603311473717	0.5361344537815125	-1.1506902072282055	0.4789224182722225	NO	P67775
139	N	139	-4.332	40.104	-13.829	-0.33	0	0	0	2.2401603311473717	0.5361344537815125	-1.4445900786963708	0.8079071062234964	NO	P67775
140	A	140	-6.736	40.566	-16.771	-0.8	0	0	0	2.2401603311473717	0.5361344537815125	-1.4410019646488041	0.7244264264148468	NO	P67775
141	N	141	-5.102	43.708	-18.229	0.13	0	1	0	0	1	-0.5568247519717008	0.0898117645063855	NO	P67775
142	V	142	-3.369	41.838	-21.059	0.59	0	0	0	0.7067717099562819	1	-0.05897831649547206	-0.06598089814407498	NO	P67775
143	W	143	-6.51	39.844	-21.918	0.59	0	0	0	8.022282899827001	0.08193277310924374	-0.703594853689217	0.6081115414983082	NO	P67775
144	K	144	-8.258	43.224	-21.9	-0.33	0	0	0	2.2401603311473717	0.5361344537815125	-0.9155354118577314	0.6900332381773547	NO	P67775
145	Y	145	-5.685	44.729	-24.293	0.59	0	0	0	0	0.284873949579832	0.056528027320880685	-0.23781489425833668	NO	P67775
146	F	146	-5.853	41.916	-26.879	-0.8	0	0	0	0	0.5361344537815127	-0.03478911667011823	0.24352518035728216	NO	P67775
147	T	147	-9.654	41.49	-26.763	0.59	0	0	0	2.2401603311473717	0.5361344537815125	-0.5778220893814694	0.5483295894741654	NO	P67775
148	D	148	-10.044	45.24	-27.225	-0.33	0	0	0	0	1	-0.6419830222124925	0.09769063590087174	NO	P67775
149	L	149	-7.83	44.886	-30.302	0.13	0	0	0	0	1	0.13613693433959717	-0.11252090192315208	NO	P67775
150	F	150	-9.715	41.969	-31.894	0.59	0	0	0	0	1	-0.3119392528433067	0.1878021815198717	NO	P67775
151	D	151	-12.578	44.41	-32.557	0.59	0	0	0	0	1	-0.20806683934276354	0.5321227175699221	NO	P67775
152	Y	152	-10.328	46.158	-35.134	0.59	0	0	0	0	1	0.08444743873025111	0.18756876514540674	NO	P67775
153	L	153	-9.136	43.043	-37.009	0.59	0	0	0	0	1	-0.0626664382707648	0.553893534737282	NO	P67775
154	P	154	-10.437	42.992	-40.608	-1.26	0	0	0	0	1	-0.21512612087886163	0.5520984516669918	NO	P67775
155	L	155	-13.106	40.371	-41.298	0.59	0	0	0	0	1	-0.31669873247700964	0.8074101974151116	NO	P67775
156	T	156	-12.109	39.479	-44.821	-0.33	0	0	0	0	1	-0.5104705641371432	0.6303781526145469	NO	P67775
157	A	157	-9.358	39.558	-47.438	0.59	0	0	0	0	1	-0.4597065660061984	0.5222910218611653	NO	P67775
158	L	158	-9.293	39.517	-51.263	0.13	0	0	0	0	1	-0.6222312571350015	-0.028508107216454845	NO	P67775
159	V	159	-6.218	38.226	-53.105	-0.33	0	0	0	0	1	-0.44682673115205584	-0.007685884605452417	NO	P67775
160	D	160	-5.753	39.995	-56.47	0.59	0	0	0	0	1	-0.3900504131292208	-0.3545728272382954	NO	P67775
161	G	161	-9.503	40.439	-57.053	0.59	0	0	0	0	1	-0.8125304451815168	-0.203737114046946	NO	P67775
162	Q	162	-10.044	36.679	-57.37	-1.26	0	0	0	0	0.5361344537815127	-0.888900204200041	-0.8240784988042158	NO	P67775
163	I	163	-9.519	34.722	-54.138	0.59	0	0	0	0	0.284873949579832	-0.6165828613521187	-0.3986397867251993	NO	P67775
164	F	164	-11.771	35.426	-51.189	0.59	0	0	0	0	1	-0.9946235964392175	0.24352518035728216	NO	P67775
165	C	165	-10.424	34.758	-47.695	0.59	0	0	0	13.004630948950838	0.3142857142857142	-0.4687321898866747	0.5036555764126457	NO	P67775
166	L	166	-12.228	34.683	-44.349	-0.33	0	0	0	13.004630948950838	0.3142857142857142	-0.44236005024636793	0.817348373582808	NO	P67775
167	H	167	-12.294	32.522	-41.208	0.59	0.112251243781095	0	0	13.004630948950838	0.09243697478991594	-0.4305436796002737	0.7507824696115777	NO	P67775
168	G	168	-15.702	30.841	-41.217	0.59	0.121662723893207	0	0	13.004630948950838	0.09243697478991594	-0.35785302275914027	0.8335536853338067	NO	P67775
169	G	169	-17.961	31.067	-44.244	0.59	0.122574055158325	0	0	13.004630948950838	0.09243697478991594	-0.5475669596080122	0.7114856523411656	NO	P67775
170	L	170	-20.759	32.822	-46.097	0.59	0.122574055158325	0	0	13.004630948950838	0.09243697478991594	-0.7190450630599037	0.3047571232053645	NO	P67775
171	S	171	-23.916	34.579	-44.871	0.59	0.112359550561798	0	0	0	1	-0.46410632701579296	0.5883780252981192	NO	P67775
172	P	172	-27.528	34.891	-46.075	0.59	0.103817235396183	0	0	0	1	-0.4680541137844336	0.30543291918476784	NO	P67775
173	S	173	-27.096	38.532	-45.029	0.59	0.104395604395604	0	0	0	1	-0.46059498233042756	0.6088653139368735	NO	P67775
174	I	174	-24.365	39.02	-47.664	0.59	0.104395604395604	0	0	0	1	-0.7761798010587055	0.36118608748554454	NO	P67775
175	D	175	-24.537	38.858	-51.452	-1.26	0.103231341149557	0	0	0	1	-1.1600148087658033	-0.3457118659698948	NO	P67775
176	T	176	-21.692	41.223	-52.419	0.59	0.102564102564103	0	0	0	1	-1.0157263837423272	-0.048008378043185806	NO	P67775
177	L	177	-18.319	42.342	-51.064	0.59	0.110294117647059	0	0	0	1	-0.8337553396384451	0.25378279790179736	NO	P67775
178	D	178	-19.775	45.854	-50.822	0.59	0.109987745098039	0	0	0	1	-0.5737110747880246	0.25633832891634784	NO	P67775
179	H	179	-22.148	44.409	-48.224	-1.72	0.120764844012077	0	0	0	1	-0.55365070508337	0.5067126080502439	NO	P67775
180	I	180	-18.973	43.494	-46.305	0.59	0.119652406417112	0	0	0	1	-0.5033914664416518	0.5169359421136611	NO	P67775
181	R	181	-17.269	46.915	-46.454	0.59	0.120759837177748	0	0	0	1	-0.3382953292715502	0.23379854536801242	NO	P67775
182	A	182	-20.569	48.476	-45.303	-1.26	0.11986531986532	1	0	0	1	-0.3305005921589284	0.4336563142241936	NO	P67775
183	L	183	-20.476	46.61	-41.971	0.13	0.120648867860764	0	0	0	1	-0.3466030601223184	0.4475377959648619	NO	P67775
184	D	184	-19.345	48.184	-38.715	0.59	0.132222222222222	0	0	0	1	-0.3514321680545519	0.23553027256523354	NO	P67775
185	R	185	-16.731	45.676	-37.535	0.59	0.132222222222222	0	0	0	1	-0.18740204720690642	0.5777479808852555	NO	P67775
186	L	186	-15.495	47.718	-34.532	-1.72	0.14787277984304	0	0	0	1	-0.25847824904621075	0.1875440649999607	NO	P67775
187	Q	187	-17.484	45.711	-31.944	0.59	0.189417989417989	0	0	13.004630948950838	0.3142857142857142	-0.6910880669651948	0.7244264264148468	NO	P67775
188	E	188	-17.59	42.351	-30.152	0.59	0.166977611940299	0	0	13.004630948950838	0.09243697478991594	-0.300421737234365	0.9407414787506523	NO	P67775
189	V	189	-18.621	39.546	-32.548	0.59	0.220570012391574	0	0	13.004630948950838	0.09243697478991594	-0.28867128777469464	0.915521438158295	NO	P67775
190	P	190	-22.453	39.537	-32.481	0.59	0.220570012391574	0	0	13.004630948950838	0.09243697478991594	-0.0873905603863046	0.9839320825057344	NO	P67775
191	H	191	-24.653	36.509	-31.656	0.59	0.219753086419753	0	1	13.004630948950838	0.09243697478991594	0.10453369186983719	1.2469615319177967	NO	P67775
192	E	192	-26.456	36.765	-35.023	-0.33	0.376383763837638	0	0	13.004630948950838	0.3142857142857142	-0.11324319274178736	1.2469615319177967	NO	P67775
193	G	193	-26.256	38.733	-38.271	0.59	0.329335793357934	0	0	13.004630948950838	0.3142857142857142	-0.2686565664890078	1.2180953893689963	NO	P67775
194	P	194	-23.772	39.223	-41.148	0.59	0.330855018587361	0	0	2.2401603311473717	0.5361344537815125	-0.4547216324232655	0.8071617430109191	NO	P67775
195	M	195	-20.573	39.838	-39.148	0.59	0.332397003745318	0	0	2.2401603311473717	0.5361344537815125	-0.3829731266687922	0.6616739426131069	NO	P67775
196	C	196	-21.337	36.786	-36.996	0.59	0.334905660377359	0	0	13.004630948950838	0.3142857142857142	-0.2295816343134354	1.2085302770451334	NO	P67775
197	D	197	-21.932	34.364	-39.903	0.59	0.29769392033543	0	0	13.004630948950838	0.09243697478991594	-0.25172872374190036	1.0198648660947995	NO	P67775
198	L	198	-18.624	35.284	-41.556	0.59	0.189581095596133	0	0	13.004630948950838	0.09243697478991594	-0.39892175110648087	0.7402056249905383	NO	P67775
199	L	199	-16.705	34.042	-38.53	0.59	0.191017316017316	0	0	13.004630948950838	0.025210084033613446	-0.3044636660255338	1.0786683949662241	YES	P67775
200	W	200	-18.881	31.03	-37.656	0.59	0.191017316017316	0	0	13.004630948950838	0.025210084033613446	-0.157827627260537	1.0659721785053484	YES	P67775
201	S	201	-20.384	29.449	-40.81	0.59	0.191743617599131	0	0	13.004630948950838	0.09243697478991594	-0.13444026295189038	0.968752665122213	NO	P67775
202	D	202	-19.369	26.041	-42.287	0.59	0.222853535353535	0	0	13.004630948950838	0.09243697478991594	-0.4142530035071584	0.21412366696765572	NO	P67775
203	P	203	-19.735	24.404	-45.708	0.59	0.265413533834587	0	0	5.897262683837542	0.0632285172133369	-0.390848737179531	-0.062264797481024634	NO	P67775
204	D	204	-21.448	20.984	-45.943	-0.33	0.264419475655431	0	0	8.022282899827001	0.08193277310924374	-0.34260110121896076	-0.36212679671960696	NO	P67775
205	D	205	-22.899	18.342	-48.315	0.59	0.266415094339623	0	0	4.844056973985235	0.22689075630252098	-0.34012277828206194	-0.9855152425228481	NO	P67775
206	R	206	-26.465	19.587	-47.588	-1.26	0.264661654135338	0	0	4.844056973985235	0.22689075630252098	-0.2844569153837846	-0.5160815682774333	NO	P67775
207	G	207	-28.296	21.484	-50.356	-1.26	0.219725343320849	1	0	4.844056973985235	0.22689075630252098	-0.39275021685744277	-0.7767350837156899	NO	P67775
208	G	208	-28.925	25.209	-49.909	0.59	0.21952736318408	0	0	4.844056973985235	0.22689075630252098	-0.5694072353116609	-0.6782175112706997	NO	P67775
209	W	209	-28.677	26.803	-46.474	0.59	0.219330855018587	0	0	4.844056973985235	0.22689075630252098	-0.4807729542536895	0.1425270999189788	NO	P67775
210	G	210	-29.191	24.959	-43.172	0.59	0.217712177121771	0	0	0	1	-0.31091953878127904	0.46897554620037935	NO	P67775
211	I	211	-29.152	25.158	-39.378	-0.33	0.186610437532947	0	0	0	1	-0.1944991797722438	0.4930397595539161	NO	P67775
212	S	212	-25.599	25.137	-38.046	0.59	0.186610437532947	0	0	0	1	-0.2517181895468925	0.6968803946456884	NO	P67775
213	P	213	-24.641	22.408	-35.527	0.59	0.219135802469136	0	0	0	1	-0.2072274864102946	0.7006679740139476	NO	P67775
214	R	214	-22.213	24.973	-34.095	0.59	0.219135802469136	0	0	13.004630948950838	0.09243697478991594	-0.1402801231207522	0.9487062170793348	NO	P67775
215	G	215	-25.241	27.032	-32.977	0.59	0.219135802469136	0	0	13.004630948950838	0.3142857142857142	-0.08400614573594913	0.7393336906663913	NO	P67775
216	A	216	-23.998	30.208	-34.686	0.59	0.189406099518459	0	0	13.004630948950838	0.3142857142857142	-0.06683161147705576	0.9823753381960375	NO	P67775
217	G	217	-23.695	31.143	-38.344	0.59	0.190655209452202	0	0	13.004630948950838	0.09243697478991594	-0.16714200321897935	1.0658441868425825	NO	P67775
218	Y	218	-25.069	28.75	-40.973	0.59	0.192099567099567	0	0	0	1	-0.240535683449309	0.7736203984449439	NO	P67775
219	T	219	-24.265	25.676	-43.032	-1.72	0.224116161616162	0	0	4.844056973985235	0.22689075630252098	-0.4083405709156863	0.4003515362918752	NO	P67775
220	F	220	-24.085	26.448	-46.755	0.59	0.191374663072776	0	0	4.844056973985235	0.22689075630252098	-0.504215346138405	-0.1386213556148521	NO	P67775
221	G	221	-24.088	24.054	-49.72	0.59	0.191729323308271	0	0	4.844056973985235	0.22689075630252098	-0.5272908049143356	-0.47220762617710627	NO	P67775
222	Q	222	-22.307	24.135	-53.088	-0.8	0.19012214551248	0	0	2.3760081068166397	0.5747899159663865	-0.6143494923560342	-0.86707310508005	NO	P67775
223	D	223	-25.15	26.126	-54.693	0.59	0	0	2	4.844056973985235	0.22689075630252098	-0.6342349104852083	-1.2198386063286002	NO	P67775
224	I	224	-24.455	29.049	-52.321	-0.33	0	0	0	4.844056973985235	0.22689075630252098	-0.7405119560233377	-0.48739863665162053	NO	P67775
225	S	225	-20.717	28.983	-53.035	-1.72	0	0	0	1.534949916630818	0.639943074003795	-0.8927083194323048	-0.8709053627681299	NO	P67775
226	E	226	-21.351	28.969	-56.797	-2.65	0	0	0	2.3760081068166397	0.5747899159663865	-1.0800561198926106	-1.2898210344179253	NO	P67775
227	T	227	-23.755	31.924	-56.638	-0.33	0	0	0	4.844056973985235	0.22689075630252098	-1.217059268927735	-0.8497233429165214	NO	P67775
228	F	228	-21.381	33.965	-54.46	0.59	0	0	0	4.844056973985235	0.22689075630252098	-1.2420106317001687	-0.3424047265545594	NO	P67775
229	N	229	-18.345	33.196	-56.656	0.59	0	0	0	2.3760081068166397	0.5747899159663865	-1.3327022829858277	-1.0661416276336064	NO	P67775
230	H	230	-20.097	33.98	-59.974	-2.65	0	0	0	4.844056973985235	0.22689075630252098	-1.5380833328727188	-1.4776903406804216	NO	P67775
231	A	231	-21.848	37.045	-58.498	0.59	0	0	0	0	1	-1.486358566800667	-1.3114089615377544	NO	P67775
232	N	232	-18.531	38.442	-57.215	0.59	0	1	0	0	1	-1.5028435479595599	-1.033699051251689	NO	P67775
233	G	233	-16.148	37.322	-59.987	-2.19	0	0	0	0	1	-1.6228125573083483	-0.8733483534602239	NO	P67775
234	L	234	-14.346	34.833	-57.723	0.13	0	0	0	0	1	-1.470598982056196	-0.8111322156738835	NO	P67775
235	T	235	-12.62	31.511	-58.416	-0.8	0	0	0	0	1	-1.2546515394301099	-1.101912207922715	NO	P67775
236	L	236	-12.214	30.341	-54.81	-0.33	0	0	0	0	0.5361344537815127	-1.0476267164928894	-1.180473490528355	NO	P67775
237	V	237	-13.439	30.927	-51.252	-0.33	0	0	0	0	1	-1.0707872441129624	-0.6647950812450008	NO	P67775
238	S	238	-10.625	30.141	-48.833	-1.26	0	0	0	2.3760081068166397	0.5747899159663865	-0.6063390889943527	0.004405563065244851	NO	P67775
239	R	239	-11.29	29.566	-45.127	0.59	0.258695652173913	0	0	13.004630948950838	0.09243697478991594	-0.5199292569776497	0.5938158573186219	NO	P67775
240	A	240	-10.289	27.913	-41.848	0.59	0.214028776978417	0	0	13.004630948950838	0.09243697478991594	-0.26429508675239743	0.7626884046604778	NO	P67775
241	H	241	-12.48	27.245	-38.782	0.59	0.214028776978417	0	1	13.004630948950838	0.09243697478991594	-0.3080710769802606	0.8128430670534522	NO	P67775
242	Q	242	-12.92	23.445	-39.162	0.59	0.256834532374101	0	1	13.004630948950838	0.025210084033613446	-0.28340814534382475	0.7887570052234353	YES	P67775
243	L	243	-10.551	20.698	-38.086	0.59	0.21540312876053	0	0	13.004630948950838	0.025210084033613446	-0.14250783308418444	0.7912380743785874	YES	P67775
244	V	244	-9.36	18.81	-41.157	0.59	0.21540312876053	0	0	13.004630948950838	0.025210084033613446	-0.07457198208123936	0.3761734983190866	YES	P67775
245	M	245	-7.347	15.642	-40.59	0.59	0.214975845410628	0	0	13.004630948950838	0.09243697478991594	-0.05028266982546062	0.45833175952477656	NO	P67775
246	E	246	-5.072	16.099	-43.625	0.59	0.18308406395049	0	0	13.004630948950838	0.09243697478991594	-0.007221079309953963	0.5112011432582716	NO	P67775
247	G	247	-4.497	19.842	-43.018	0.59	0.213768115942029	0	0	13.004630948950838	0.025210084033613446	0.07328610914168221	0.5052493520137593	NO	P67775
248	Y	248	-6.613	21.06	-45.957	0.59	0.213768115942029	0	0	4.844056973985235	0.22689075630252098	0.05119821283239684	0.12554669993042797	NO	P67775
249	N	249	-9.797	19.998	-47.741	-1.72	0.213939393939394	0	0	4.844056973985235	0.22689075630252098	-0.026547945435176874	-0.2385828442349314	NO	P67775
250	W	250	-11.468	20.89	-51.04	0.59	0.215506715506716	0	0	0	1	-0.30765347933382936	-0.5777804415893067	NO	P67775
251	C	251	-15.257	20.893	-51.167	-2.19	0.258608058608059	0	0	4.844056973985235	0.22689075630252098	-0.47777869551805546	-0.9427381192025325	NO	P67775
252	H	252	-18.14	22.209	-53.287	-1.26	0.214111922141119	0	0	2.3760081068166397	0.5747899159663865	-0.6544701483432427	-1.140770476738408	NO	P67775
253	D	253	-16.416	21.179	-56.541	-0.8	0.215686274509804	0	0	4.844056973985235	0.22689075630252098	-0.5931554465339668	-1.4537484896995856	NO	P67775
254	R	254	-13.306	23.217	-55.668	-0.8	0.215686274509804	1	0	0	1	-0.7555755346691975	-1.4875986275964859	NO	P67775
255	N	255	-15.334	26.385	-55.013	0.13	0.214896214896215	0	0	4.844056973985235	0.22689075630252098	-0.9815337927395689	-1.2193317593440476	NO	P67775
256	V	256	-14.296	26.263	-51.354	0.59	0.21256038647343	0	0	4.844056973985235	0.22689075630252098	-0.8286918543654607	-0.4599949480131353	NO	P67775
257	V	257	-11.103	25.172	-49.605	-0.33	0.181536874677669	0	0	2.3760081068166397	0.5747899159663865	-0.3276359554899633	-0.26507711842744924	NO	P67775
258	T	258	-10.463	24.819	-45.864	0.59	0.181536874677669	0	0	4.844056973985235	0.22689075630252098	-0.2860352801142799	0.3212526887026191	NO	P67775
259	I	259	-6.968	25.391	-44.413	-0.33	0.157706093189964	0	0	13.004630948950838	0.09243697478991594	-0.24074739229506523	0.3313614179863659	NO	P67775
260	F	260	-6.169	24.287	-40.857	-0.33	0.15702846975089	0	0	13.004630948950838	0.025210084033613446	-0.25334555023183686	0.5544215003461909	YES	P67775
261	S	261	-2.74	25.228	-39.49	0.59	0.15702846975089	0	0	13.004630948950838	0.006302521008403357	-0.18113616347699252	0.6138416297852072	YES	P67775
262	A	262	-2.611	23.753	-35.969	0.59	0.158723021582734	0	0	13.004630948950838	0.001423149905123337	0.007049715006785024	0.6957369744590441	NO	P67775
263	P	263	-1.017	20.286	-36.236	0.59	0.158723021582734	0	0	13.004630948950838	0.09243697478991594	0.07264596874634816	0.5867713931102434	NO	P67775
264	N	264	-2.085	17.723	-33.635	0.59	0.139784946236559	0	0	13.004630948950838	0.3142857142857142	0.13364255626623234	0.600696133127027	NO	P67775
265	Y	265	-4.888	20.113	-32.567	0.59	0.139784946236559	0	1	13.004630948950838	0.006302521008403357	0.0717643264246577	0.6138416297852072	NO	P67775
266	C	266	-5.291	20.458	-28.782	0.59	0.252517985611511	0	0	13.004630948950838	0.006302521008403357	-0.29583459716522503	0.5063286330619465	YES	P67775
267	Y	267	-2.151	18.262	-28.611	0.59	0.253429602888087	0	0	13.004630948950838	0.09243697478991594	-0.13133785220133684	-0.21760986556379283	NO	P67775
268	R	268	-4.554	15.335	-29.117	0.59	0.279569892473118	0	0	13.004630948950838	0.3142857142857142	-0.309675614279755	0.30961218379423594	NO	P67775
269	C	269	-6.204	15.205	-32.553	0.59	0.342607570365578	0	0	13.004630948950838	0.3142857142857142	-0.11663263585171565	0.5597011564352795	NO	P67775
270	G	270	-3.344	13.845	-34.695	0.59	0.251245551601424	0	0	13.004630948950838	0.3142857142857142	0.05216861796572288	0.7142894867237966	NO	P67775
271	N	271	-4.232	15.947	-37.706	0.59	0.281746031746032	0	0	13.004630948950838	0.09243697478991594	0.01574082006537478	0.5348281099711283	NO	P67775
272	Q	272	-1.737	17.239	-40.204	-1.72	0.283552369573875	0	0	13.004630948950838	0.3142857142857142	0.045062937118121815	0.44407668808423706	NO	P67775
273	A	273	-1.604	21.017	-40.541	0.59	0.285599679101484	0	0	13.004630948950838	0.09243697478991594	0.017021656443399695	0.5152047060472389	NO	P67775
274	A	274	-1.328	22.714	-43.908	0.59	0.323636363636364	0	0	0	1	-0.05558427131074075	0.3519528284646266	NO	P67775
275	I	275	-0.621	26.117	-45.45	0.59	0.321557971014493	0	0	0	1	-0.2617764019088775	0.33782080096362005	NO	P67775
276	M	276	-1.622	27.282	-48.946	-0.33	0.323905109489051	0	0	0	1	-0.09892820230746864	0.2694428542351474	NO	P67775
277	E	277	1.032	29.01	-51.039	0.59	0.367792207792208	0	0	0	1	-0.14710169142272045	-0.0965120985649083	NO	P67775
278	L	278	-0.196	31.13	-53.931	0.59	0.367792207792208	0	0	0	0.5361344537815127	-0.035753608109145144	-0.19116812632518002	NO	P67775
279	D	279	2.491	32	-56.518	0.59	0.283995186522262	0	0	0	0.5361344537815127	0.25629906799961494	-0.42684029564015125	NO	P67775
280	D	280	2.831	35.066	-58.806	-0.33	0.285024154589372	0	0	0	0.5361344537815127	0.27007457023370035	-0.5458588286198935	NO	P67775
281	T	281	-0.049	33.943	-61.052	-2.19	0.287104622871046	1	0	0	0.5361344537815127	0.10605445192652932	-0.8388797415643163	NO	P67775
282	L	282	-2.416	32.544	-58.398	0.59	0.28921568627451	0	0	0	0.5361344537815127	0.042994071525164254	-0.6430045006591255	NO	P67775
283	K	283	-1.401	28.91	-58.95	-1.26	0.325367647058824	0	0	0	1	0.16457373047230345	-0.8001159508049546	NO	P67775
284	Y	284	-1.752	27.072	-55.634	-1.26	0.325367647058824	1	0	0	1	0.28514672117064765	-0.5046775111250017	NO	P67775
285	S	285	0.128	24.371	-53.703	-1.26	0.327777777777778	0	0	0	1	0.386285906157485	0.07638635330841714	NO	P67775
286	F	286	-0.023	22.969	-50.168	0.59	0.327205882352941	0	0	0	1	0.15606311052353306	-0.08483925892066856	NO	P67775
287	L	287	2.569	22.382	-47.483	0.13	0.29110291102911	0	0	0	1	-0.10098240062560683	0.3017814409089594	NO	P67775
288	Q	288	1.628	19.718	-44.927	-1.26	0.326923076923077	0	0	0	1	-0.022152623064051417	0.1129400644063289	NO	P67775
289	F	289	3.444	19.587	-41.588	0.59	0.328125	0	0	0	1	-0.24625805216959532	0.43644518519182707	NO	P67775
290	D	290	3.478	17.953	-38.159	-0.33	0.376280323450135	0	0	13.004630948950838	0.3142857142857142	-0.07155137261919063	0.15153574387518612	NO	P67775
291	P	291	4.275	19.584	-34.781	-1.26	0.375068946497518	0	0	13.004630948950838	0.3142857142857142	-0.1510167931592025	-0.22665703283369576	NO	P67775
292	A	292	7.805	20.711	-33.828	0.59	0.37677859988617	0	0	0	1	-0.387052975567156	-0.6694027811045691	NO	P67775
293	P	293	9.639	18.369	-31.385	0.59	0.378220140515222	0	0	0	1	-0.29732062803440057	-1.6104486824237383	NO	P67775
299	H	299	9.145	20.393	-28.169	-2.65	0.190007037297678	0	0	0	1	-0.07843194849514618	-1.7675712476350178	NO	P67775
300	V	300	10.252	18.254	-25.191	-4.5	0	0	0	0	1	-0.53475353130684955	-3.5660332978221914	NO	P67775
301	T	301	8.986	20.6	-22.437	-1.72	0	0	0	0	1	-0.5885236737672884	-3.330349450005272	NO	P67775
302	R	302	5.363	20.927	-23.693	-0.33	0	0	0	0	1	-0.12091987098233321	-1.6030682789644648	NO	P67775
303	R	303	3.069	19.686	-20.918	-2.19	0	0	0	0	1	-0.8289594469847912	-2.338099007169772	NO	P67775
304	T	304	0.179	17.204	-21.291	-1.26	0	0	0	0	1	-1.0002504817542563	-1.64508322636816	NO	P67775
305	P	305	-3.306	18.096	-22.574	-1.26	0	0	0	13.004630948950838	0.3142857142857142	-0.7915285715932543	0.18660545947301163	NO	P67775
306	D	306	-6.364	16.87	-20.65	0.59	0	0	0	0	1	-0.7820607857405861	-0.08457933739012881	NO	P67775
307	Y	307	-7.738	13.355	-20.999	0.59	0	0	0	0	1	-0.8981740303058302	0.4203182356833379	NO	P67775
308	F	308	-9.834	11.263	-18.616	0.59	0	0	0	0	1	-1.6943481074822038	-0.20479304526476377	NO	P67775
309	L	309	-7.495	9.987	-15.913	0.59	0	0	0	0	1	-1.6943481074822038	-0.20479304526476377	NO	P67775
