Uniprot_position	aminoacid	Position_in_structure	x	y	z	paraz	mtr	gscount	pscount	OR	pvalue	mtr3dscore	paraz3dscore	HotSpot3D	Uniprot
2	S	2	8.423	-16.082	27.968	-0.65	0.34280303030303	0	0	0	0.5263157894736843	-0.6996024357817676	-5.613936563916309	NO	P68400
3	G	3	6.257	-13.248	29.233	0.49	0.302737520128824	0	0	0	0.5263157894736843	-0.2089929905458031	-4.531593034530281	NO	P68400
4	P	4	6.566	-10.721	32.046	0.49	0.298850574712644	0	0	0	0.28548644338118023	0.06946419098921858	-2.2110024503551746	NO	P68400
5	V	5	8.089	-11.507	35.43	-0.36	0.296296296296296	1	0	0	0.28548644338118023	0.03408389933567576	-2.7215461960251375	NO	P68400
6	P	6	5.433	-11.558	38.182	-0.65	0.39811320754717	0	0	0	0.14635430772471492	-0.10637277705468372	-1.3383237265165566	NO	P68400
7	S	7	5.36	-9.044	41.017	0.49	0.39578313253012	0	0	0	0.28548644338118023	-0.08715590321546639	-0.8381149309885718	NO	P68400
8	R	8	3.804	-8.736	44.483	0.49	0.398823529411765	0	0	0	0.28548644338118023	-0.006045030970435992	-0.4849362582960938	NO	P68400
9	A	9	3.281	-5.905	46.937	0.49	0.396067415730337	0	0	1.154868148297131	1	-0.4796074622066947	-0.03699928190078325	NO	P68400
10	R	10	5.948	-5.803	49.631	0.49	0.397826086956522	0	0	3.5962401732455396	0.547846889952153	-0.8237914563776573	-0.03442909848626126	NO	P68400
11	V	11	3.388	-4.864	52.319	0.49	0.363157894736842	0	0	3.5962401732455396	0.547846889952153	-0.6310959268081732	-0.4727280373802389	NO	P68400
12	Y	12	-0.207	-5.91	53.031	0.49	0.361329026303646	0	0	0	1	0.12472528633718433	-0.8424136003251402	NO	P68400
13	T	13	0.306	-8.699	50.515	-0.65	0.40422322775264	0	0	0	0.2894736842105263	0.19587936335883638	-0.8797199092103609	NO	P68400
14	D	14	-2.244	-11.287	51.671	-0.08	0.406330511593669	0	0	0	0.2894736842105263	0.1302644868389559	-1.2534738556345144	NO	P68400
15	V	15	-4.729	-9.155	53.629	0.49	0.404112017015243	0	0	0	1	-0.031895978969561777	-1.548083158616245	NO	P68400
16	N	16	-7.699	-10.064	51.431	0.49	0.402472527472527	0	0	0	1	0.0718964038476665	-1.6693701139475288	NO	P68400
17	T	17	-7.137	-13.837	51.309	-0.08	0.40053050397878	0	0	0	0.2894736842105263	-0.020019318576785655	-2.2572899076757262	NO	P68400
18	H	18	-7.463	-13.886	55.117	-1.22	0.431944444444444	0	0	0	1	-0.49828544557769205	-3.1854570555885737	NO	P68400
19	R	19	-10.724	-11.908	54.954	0.49	0.430894308943089	0	0	0	1	-0.21933232056492824	-2.139600288360259	NO	P68400
20	P	20	-14.225	-13.34	54.741	-0.65	0.536890645586298	0	0	0	1	-0.6902151798689041	-1.9450222851549914	NO	P68400
21	R	21	-15.269	-13.65	51.112	0.49	0.38953488372093	1	0	0.8523487179281668	1	-0.6868806256930785	-1.9411534827520796	NO	P68400
22	E	22	-17.898	-10.909	51.386	0.49	0.434343434343434	0	0	1.7702841143866326	0.620414673046252	-0.5284014183162553	-1.2455835349443658	NO	P68400
23	Y	23	-15.241	-8.322	52.292	0.49	0.435994930291508	0	0	1.154868148297131	1	-0.30666844061436843	-1.2078004939334732	NO	P68400
24	W	24	-13.76	-8.297	48.774	0.49	0.389433962264151	0	0	1.154868148297131	1	0.004587799755156715	-0.7404179006120121	NO	P68400
25	D	25	-16.456	-10.134	46.752	0.49	0.388636363636364	0	0	1.154868148297131	1	-0.09339356549968417	-0.03442909848626126	NO	P68400
26	Y	26	-18.206	-6.876	45.917	0.49	0.388636363636364	0	0	1.154868148297131	1	-0.23646632160865216	-0.22770388519582724	NO	P68400
27	E	27	-20.367	-8.481	43.215	0.49	0.390458015267176	0	1	1.154868148297131	1	-0.6164556518716102	-0.05207253801602387	NO	P68400
28	S	28	-22.374	-10.225	45.96	-0.36	0.437179487179487	1	0	1.154868148297131	1	-0.6495407409693472	-0.4942213840630817	NO	P68400
29	H	29	-22.891	-7.031	47.981	0.49	0.435897435897436	0	0	1.154868148297131	1	-0.45988589571035715	-0.6456093041770204	NO	P68400
30	V	30	-26.516	-6.084	48.709	0.49	0.433333333333333	0	0	1.7702841143866326	0.620414673046252	-0.44215559726870673	-2.323937344028408	NO	P68400
31	V	31	-27.028	-2.321	48.952	-0.65	0.485209923664122	0	0	1.7702841143866326	0.620414673046252	-0.8155771274131864	-1.2486378526308746	NO	P68400
32	E	32	-29.124	-0.894	51.789	-0.93	0.481939163498099	0	0	0	0.5263157894736843	-0.6022105561287776	-2.3061105094267558	NO	P68400
33	W	33	-31.085	2.09	50.494	0.49	0.430925221799746	0	0	0	0.5263157894736843	-1.0150845121982477	-1.7819798981751387	NO	P68400
34	G	34	-32.196	5.352	52.062	0.49	0.481132075471698	0	0	0	1	-1.031682219027496	-1.7648175416509435	NO	P68400
35	N	35	-34.922	7.826	51.136	0.49	0.481534090909091	1	0	0	1	-1.366833735342571	-0.13547788852035528	NO	P68400
36	Q	36	-33.933	9.976	48.164	0.49	0.481534090909091	0	0	0	0.5263157894736843	-1.5721334579660287	0.5663641022523827	NO	P68400
37	D	37	-36.466	12.624	49.259	0.49	0.368278109722977	0	0	0	0.5263157894736843	-1.4720845509605205	0.5387488575143574	NO	P68400
38	D	38	-34.263	13.295	52.308	0.49	0.319811320754717	0	0	0	0.5263157894736843	-1.7062528790228617	0.47446721758905425	NO	P68400
39	Y	39	-31.981	15.302	49.982	0.49	0.321022727272727	0	0	0	0.5263157894736843	-1.8349869190127672	0.3248593532390934	NO	P68400
40	Q	40	-32.578	18.348	47.789	0.49	0.321969696969697	0	0	0	0.2894736842105263	-2.010062316588482	1.108355611296904	NO	P68400
41	L	41	-30.053	19.114	45.072	0.49	0.319548872180451	0	0	0	0.5263157894736843	-1.9772214527796836	1.1265304797281654	NO	P68400
42	V	42	-28.704	22.674	45.156	0.49	0.420987654320988	0	0	0	0.5263157894736843	-2.2019446810599628	1.0146115530725035	NO	P68400
43	R	43	-25.269	21.894	41.887	0.49	0.420987654320988	1	0	1.7702841143866326	0.620414673046252	-1.9244304362515239	1.0320211638856065	NO	P68400
44	K	44	-24.159	20.756	40.059	0.49	0.360569319978914	0	0	7.925910669210703	0.0563178959405375	-1.7778965428141829	1.362803769334562	NO	P68400
45	L	45	-20.468	20.735	40.975	0.49	0.364021164021164	0	0	7.925910669210703	0.0563178959405375	-1.8786252148134992	1.362803769334562	NO	P68400
46	G	46	-19.142	18.7	38.052	0.49	0.366737739872068	0	0	13.337551751372146	0.007828649338083306	-1.548990266585646	1.362803769334562	YES	P68400
47	R	47	-19.68	15.891	35.592	0.49	0.368869936034115	0	2	13.337551751372146	0.007828649338083306	-1.533896254169001	1.362803769334562	YES	P68400
48	G	48	-17.353	13.109	34.529	0.49	0.368869936034115	0	0	36.631705641501554	3.2671730784938286e-5	-1.177558869632718	1.362803769334562	YES	P68400
49	K	49	-17.501	9.894	32.526	0.49	0.366895097522404	0	0	36.631705641501554	1.231472929586134e-4	-1.1368278883270853	1.362803769334562	YES	P68400
50	Y	50	-18.993	7.93	35.426	0.49	0.369622942113648	0	2	36.631705641501554	8.16793269623457e-6	-1.008269277745452	1.362803769334562	YES	P68400
51	S	51	-20.938	10.375	37.604	0.49	0.214197530864198	0	2	36.631705641501554	8.16793269623457e-6	-1.2879047535119177	1.362803769334562	YES	P68400
52	E	52	-22.427	13.804	38.178	0.49	0.214197530864198	0	0	16.58429871827503	0.0026564630338215193	-1.624693988829108	1.362803769334562	YES	P68400
53	V	53	-21.725	15.496	41.506	0.49	0.215613382899628	0	0	20.32437860871164	8.469517903480164e-4	-1.6257484658536485	1.0339555650870627	YES	P68400
54	F	54	-24.022	17.965	43.255	0.49	0.216232961586121	0	0	3.89626755160738	0.1792638014087864	-2.0908196070962104	0.7944900370447657	NO	P68400
55	E	55	-24.07	20.093	46.331	0.49	0.183974696889826	0	0	0	0.5263157894736843	-2.2536671204227483	0.5929120911551219	NO	P68400
56	A	56	-27.238	19.175	48.209	0.49	0.184126984126984	0	0	0	0.5263157894736843	-2.181355816211638	0.8477694494469342	NO	P68400
57	I	57	-28.994	19.734	51.528	0.49	0.161111111111111	1	0	0	0.5263157894736843	-2.2768971171962042	0.7289153756267124	NO	P68400
58	N	58	-30.399	17.131	53.907	0.49	0.161710037174721	0	0	0	0.5263157894736843	-2.1390318928177625	0.26234441917299545	NO	P68400
59	I	59	-33.856	18.717	54.214	0.49	0.161847014925373	0	0	0	0.5263157894736843	-2.1288213995508376	0.9952675410579449	NO	P68400
60	T	60	-34.491	16.895	57.481	0.49	0.186034115138593	0	0	0	0.5263157894736843	-2.2492688178526707	0.9493255125233677	NO	P68400
61	N	61	-31.885	18.907	59.414	0.49	0.186034115138593	0	0	0	1	-2.638298103444331	0.8114994269196366	NO	P68400
62	N	62	-30.555	21.619	57.033	0.49	0.184656084656085	0	0	0	1	-2.663277672426069	0.8539074532592459	NO	P68400
63	E	63	-27.24	19.758	56.686	0.49	0.183447548761202	0	0	0	1	-2.485969338459829	-0.216676863854195	NO	P68400
64	K	64	-24.966	20.359	53.695	-0.08	0.212287104622871	0	0	0	0.5263157894736843	-2.396781090350415	0.017320266988583785	NO	P68400
65	V	65	-24.046	17.163	51.827	0.49	0.213064713064713	0	0	0	0.28548644338118023	-2.1133411465785827	-0.14602916780102376	NO	P68400
66	V	66	-22.604	16.133	48.464	0.49	0.212121212121212	0	0	0.844620498515951	1	-1.7557230281419423	-0.4138693341564529	NO	P68400
67	V	67	-24.531	13.787	46.172	0.49	0.36101083032491	0	0	2.4572820291552664	0.2663923960845509	-1.662946250152689	-0.12944858607425888	NO	P68400
68	K	68	-22.754	11.714	43.516	0.49	0.3584229390681	0	0	6.977548873397593	0.0035458483552170085	-1.3421212017015882	0.33628153176197556	YES	P68400
69	I	69	-25.219	10.327	40.964	0.49	0.357398873527906	0	0	20.32437860871164	8.469517903480164e-4	-1.5401086614529147	0.7853850106999819	YES	P68400
70	L	70	-23.551	7.358	39.285	0.49	0.359979370809696	0	0	24.628949828245904	2.5320591358327186e-4	-1.2335267731108654	0.5597658651626077	YES	P68400
71	K	71	-23.98	6.872	35.573	0.49	0.362042289840124	0	0	36.631705641501554	1.231472929586134e-4	-1.4265764601002326	1.1177796171501504	YES	P68400
72	P	72	-25.355	3.496	34.371	0.49	0.364675324675325	0	0	36.631705641501554	0.004859919954259576	-1.4589666704992181	1.0620923098355122	YES	P68400
73	V	73	-22.192	2.632	32.438	0.49	0.255072463768116	0	1	36.631705641501554	0.004859919954259576	-1.408645624426785	1.362803769334562	YES	P68400
74	K	74	-20.528	-0.145	34.453	0.49	0.423586040914561	0	0	36.631705641501554	4.3981176056647663e-4	-0.9449619447184465	1.362803769334562	YES	P68400
75	K	75	-22.624	-1.925	37.064	0.49	0.42512077294686	0	0	13.337551751372146	0.007828649338083306	-0.9687857698189876	1.0146115530725035	YES	P68400
76	K	76	-20.002	-4.038	38.838	0.49	0.366753246753247	0	0	3.89626755160738	0.1792638014087864	-0.411533357168107	0.5779895676010337	NO	P68400
77	K	77	-17.92	-0.855	39.049	0.49	0.429440389294404	0	0	24.628949828245904	2.5320591358327186e-4	-0.33463378504929225	1.1177796171501504	YES	P68400
78	I	78	-20.844	0.625	40.997	0.49	0.431013431013431	0	0	24.628949828245904	2.5320591358327186e-4	-0.6707530890036443	0.3248593532390934	YES	P68400
79	K	79	-20.917	-2.163	43.589	0.49	0.431013431013431	0	0	3.89626755160738	0.1792638014087864	-0.44757841810563337	-0.4805667873469227	NO	P68400
80	R	80	-17.12	-1.989	43.801	0.49	0.431013431013431	0	1	3.89626755160738	0.1792638014087864	0.046155406022270994	0.43429119263573984	NO	P68400
81	E	81	-17.086	1.684	44.811	0.49	0.431013431013431	0	0	6.977548873397593	0.0035458483552170085	-0.10867048463894013	0.49785008925500435	YES	P68400
82	I	82	-19.916	1.239	47.321	-0.08	0.470588235294118	1	0	1.9139979119059127	0.4729421521874352	-0.31127384874315656	-0.6902407058106109	NO	P68400
83	K	83	-18.275	-1.764	48.983	0.49	0.470588235294118	0	0	1.4488198415331297	0.7120464441219159	-0.028538598494893822	-0.4805667873469227	NO	P68400
84	I	84	-14.896	-0.014	49.155	0.49	0.473666554847367	0	0	3.1295371147926585	0.1481366696858256	0.43597155786625924	0.49785008925500435	NO	P68400
85	L	85	-16.449	3.133	50.654	0.49	0.476767676767677	0	0	2.4572820291552664	0.2663923960845509	0.33390675471117826	-0.2882076561080307	NO	P68400
86	E	86	-18.24	1.073	53.301	0.49	0.583747927031509	0	0	0.844620498515951	1	-0.13359375565944687	-1.629473089167501	NO	P68400
87	N	87	-15.114	-0.98	54.035	0.49	0.586466165413534	0	0	0.844620498515951	1	0.4009918985771119	0.294331576295109	NO	P68400
88	L	88	-13.014	2.173	54.534	0.49	0.659774436090226	0	0	0.6573021822226325	1	0.9381611376187718	0.07965097236882865	NO	P68400
89	R	89	-15.635	4.274	56.349	0.49	0.664150943396226	1	0	0.6573021822226325	1	0.6197365733516038	-0.6863274344145622	NO	P68400
90	G	90	-14.249	5.922	59.475	0.49	0.666666666666667	0	0	0	0.28548644338118023	0.8149940923025144	-0.6160886597548022	NO	P68400
91	G	91	-10.616	5.64	58.401	0.49	0.664772727272727	0	0	0	0.28548644338118023	1.3851303165208497	-0.16675489495947954	NO	P68400
92	P	92	-8.273	8.63	58.692	-0.36	0.669201520912548	1	0	0	0.2894736842105263	1.7995836856749077	-0.08567585031560054	NO	P68400
93	N	93	-9.085	11.279	56.072	0.49	0.531320754716981	0	0	0.40565625917721115	0.6419006349492944	1.360494857116864	0.02443993807727582	NO	P68400
94	I	94	-11.29	8.899	54.052	0.49	0.479835953520164	0	0	1.3264064766344343	0.7005576350164234	1.2118899288288567	0.3841013236249926	NO	P68400
95	I	95	-14.411	10.61	52.722	0.49	0.47940074906367	0	0	1.3264064766344343	0.7005576350164234	0.4058961102222744	-0.24013517219617433	NO	P68400
96	T	96	-17.425	9.39	54.712	-0.93	0.48257006151743	0	0	1.0327616532020527	1	-0.030516970636926117	-1.035853720470728	NO	P68400
97	L	97	-20.264	7.777	52.77	0.49	0.482124616956078	2	0	1.3264064766344343	0.7005576350164234	-0.24268402031493264	-0.4805667873469227	NO	P68400
98	A	98	-23.337	8.913	54.705	-0.65	0.397388059701493	0	0	0	0.28548644338118023	-1.2005319739889324	-1.594828964201772	NO	P68400
99	D	99	-26.185	7.407	52.66	0.49	0.398876404494382	0	0	0	0.14635430772471492	-1.0931461178058421	-1.387914739135698	NO	P68400
100	I	100	-27.064	5.602	49.436	-0.93	0.442786069651741	0	0	0	0.28548644338118023	-0.972790468831117	-0.9294616543906549	NO	P68400
101	V	101	-30.311	6.403	47.628	0.49	0.439506172839506	0	0	0	0.28548644338118023	-1.1368362261264802	-0.9809416863648841	NO	P68400
102	K	102	-31.888	5.556	44.284	0.49	0.439506172839506	0	0	0	1	-1.1556399890514346	-0.5232374020849199	NO	P68400
103	D	103	-31.99	8.675	42.132	0.49	0.438271604938272	0	0	0	1	-1.327787989558762	0.5663641022523827	NO	P68400
104	P	104	-35.496	8.92	40.618	0.49	0.439900867410161	0	0	0	1	-1.2421936212893627	0.9217602954026218	NO	P68400
105	V	105	-34.331	10.411	37.303	0.49	0.329291044776119	0	0	0	1	-1.2963683822085788	0.9217602954026218	NO	P68400
106	S	106	-31.286	8.302	36.443	0.49	0.328066914498141	0	0	36.631705641501554	0.04545454545454542	-1.569866388226303	0.9952675410579449	YES	P68400
107	R	107	-32.628	5.212	38.284	-0.08	0.377398720682303	0	0	0	1	-1.2963683822085788	0.9217602954026218	NO	P68400
108	T	108	-29.027	4.614	39.41	0.49	0.221383647798742	0	0	36.631705641501554	0.004859919954259576	-1.2852117750737135	0.06537324921522616	YES	P68400
109	P	109	-27.405	4.729	42.871	0.49	0.222012578616352	0	0	5.145756193142572	0.08789175075173095	-1.1271698718246848	-0.24327203900934663	NO	P68400
110	A	110	-26.727	8.186	44.282	0.49	0.189406099518459	0	0	1.860541514738192	0.4490260484302193	-1.3533718377191464	0.025303510042211153	NO	P68400
111	L	111	-23.991	8.329	46.922	0.49	0.18816631130064	0	0	2.4572820291552664	0.2663923960845509	-1.0848387199534566	-0.43114308401560775	NO	P68400
112	V	112	-24.343	10.886	49.728	0.49	0.290534979423868	0	0	0	0.14635430772471492	-1.617437308837756	-0.3694525065691777	NO	P68400
113	F	113	-21.118	12.17	51.286	0.49	0.186083289404323	0	0	0.6573021822226325	1	-1.1861265688092038	-0.6887071264797274	NO	P68400
114	E	114	-20.076	14.541	54.036	0.49	0.188336008560728	0	0	0.40565625917721115	0.6419006349492944	-1.1270792179679345	-0.23747358823348347	NO	P68400
115	H	115	-19.509	18.067	52.742	-0.36	0.187633262260128	0	0	0.5553209549529787	1	-1.2713739570262106	-0.3975013239902881	NO	P68400
116	V	116	-16.04	19.653	52.577	-0.08	0.187265917602996	0	0	0.8523487179281668	1	-0.3797740489105165	-1.0551977324852868	NO	P68400
117	N	117	-15.493	23.39	52.048	0.49	0.185185185185185	0	0	0	0.5263157894736843	-0.5163806908998306	-1.1853301769468643	NO	P68400
118	N	118	-12.972	22.77	49.273	0.49	0.183447548761202	0	0	0.8523487179281668	1	0.013692203675045242	-0.2853060543058472	NO	P68400
119	T	119	-10.972	25.371	47.39	0.49	0.318933823529412	0	0	0	0.2894736842105263	0.36680452259317514	-0.8795541033930929	NO	P68400
120	D	120	-9.832	24.39	43.905	0.49	0.320110701107011	0	0	0	1	-0.041765029449411906	0.2629585147925049	NO	P68400
121	F	121	-6.268	23.1	43.91	0.49	0.322490706319703	0	0	0.5553209549529787	1	0.6059871301920662	0.7035598398783982	NO	P68400
122	K	122	-5.283	25.477	41.091	0.49	0.42716049382716	0	0	0.8523487179281668	1	0.5266824975860451	0.14718533010386714	NO	P68400
123	Q	123	-5.922	28.375	43.481	0.49	0.42998760842627	0	0	0	1	0.14577523303834014	0.26406388690762256	NO	P68400
124	L	124	-4.913	26.611	46.701	0.49	0.559076262083781	0	0	0	0.5263157894736843	0.3695985495037192	0.21730184047242868	NO	P68400
125	Y	125	-1.526	25.203	45.681	0.49	0.647388059701493	0	0	0.5553209549529787	1	0.6803136920271153	0.6410303210413371	NO	P68400
126	Q	126	-0.309	28.703	44.787	0.49	0.64365671641791	0	0	0	0.5263157894736843	0.3400608026118754	0.4004391716102618	NO	P68400
127	T	127	-0.811	29.694	48.44	-0.93	0.638376383763838	1	0	0	0.5263157894736843	0.2005328230050539	0.2629585147925049	NO	P68400
128	L	128	0.666	26.742	50.345	0.49	0.540779220779221	0	0	0	0.14635430772471492	0.5233208801978931	0.3016465388216228	NO	P68400
129	T	129	3.712	27.317	52.516	0.49	0.536874677668901	0	0	0	0.28548644338118023	0.228762333295998	-0.2068246341324939	NO	P68400
130	D	130	6.487	24.786	52.988	0.49	0.531122448979592	0	0	0	0.14635430772471492	0.38969822703998724	-0.11401149274244389	NO	P68400
131	Y	131	4.896	23.812	56.31	-0.08	0.531490015360983	0	0	0	0.14635430772471492	0.6499892334868855	0.044315910422235046	NO	P68400
132	D	132	1.436	23.441	54.709	0.49	0.531122448979592	0	0	0	0.14635430772471492	1.163392997089146	-0.2853060543058472	NO	P68400
133	I	133	2.788	21.106	52.014	0.49	0.525492175668854	0	0	0	0.03940250414927672	0.7909282186922925	0.17314703043919658	NO	P68400
134	R	134	4.37	18.812	54.599	0.49	0.525492175668854	1	0	0	0.14635430772471492	0.639408319488533	0.5406832587158131	NO	P68400
135	F	135	1.22	18.937	56.764	0.49	0.527355623100304	0	0	0	0.14635430772471492	1.4807564187792512	0.26406388690762256	NO	P68400
136	Y	136	-1.189	18.05	53.961	0.49	0.527355623100304	0	0	0	0.14635430772471492	1.4399723511057803	0.9290906578502436	NO	P68400
137	M	137	1.031	14.342	53.589	0.49	0.527355623100304	1	0	0	0.14635430772471492	1.1626507133105632	0.7202051263143407	NO	P68400
138	Y	138	1.151	13.704	55.922	0.49	0.527707168276563	0	0	0	0.14635430772471492	1.371485932471521	0.20529991527420646	NO	P68400
139	E	139	-2.671	13.787	55.982	0.49	0.620071684587814	0	0	0	0.07535827297495616	1.4352664923969651	0.47193359439380045	NO	P68400
140	I	140	-2.839	12.182	52.528	0.21	0.615658362989324	0	0	0.3154089589184873	0.39742895303967796	1.1479930237034095	0.53980398544242425	NO	P68400
141	L	141	-0.386	9.513	53.686	0.49	0.738790035587189	0	0	0	0.28548644338118023	0.9234767765120441	0.47958448906007267	NO	P68400
142	K	142	-2.678	8.628	56.605	0.49	0.744086021505376	0	0	0	0.28548644338118023	1.0856641493980992	0.5129152414691078	NO	P68400
143	A	143	-5.485	7.927	54.141	0.49	0.823250296559905	0	0	0.5553209549529787	1	1.1688117251824754	0.47193359439380045	NO	P68400
144	L	144	-3.252	5.938	51.78	0.49	0.825622775800712	0	0	3.89626755160738	0.1792638014087864	0.9365639657900032	0.2390925259433742	NO	P68400
145	D	145	-1.729	3.75	54.469	0.49	0.822143698468787	0	0	0	0.2894736842105263	0.5134621998022831	0.47193359439380045	NO	P68400
146	Y	146	-5.229	3.098	55.795	0.49	0.821052631578947	0	0	0	0.5263157894736843	0.936587765254621	0.26406388690762256	NO	P68400
147	C	147	-6.716	1.948	52.505	0.49	0.615789473684211	0	0	0.8523487179281668	1	1.034866861621596	0.5387488575143574	NO	P68400
148	H	148	-3.584	-0.039	51.589	0.49	0.611498257839721	0	0	0	1	0.6541918882275599	0.39465955826444865	NO	P68400
149	S	149	-3.671	-1.749	54.992	0.49	0.611111111111111	0	0	0	1	0.5210485087576516	-0.18592619258105106	NO	P68400
150	M	150	-7.294	-2.617	54.21	-0.65	0.404844290657439	0	0	0	1	0.6921719654031026	-0.29110925791021486	NO	P68400
151	G	151	-6.274	-4.275	50.947	0.49	0.409090909090909	0	0	0	1	0.6013590586958227	-0.38839825951284856	NO	P68400
152	I	152	-7.408	-1.469	48.632	0.49	0.413145539906103	0	0	3.5962401732455396	0.547846889952153	0.7427425433660554	0.57522613731324	NO	P68400
153	M	153	-5.526	0.668	46.12	0.49	0.417556346381969	0	0	3.89626755160738	0.1792638014087864	0.9613135552261596	0.3153962895218662	NO	P68400
154	H	154	-7.018	4.032	45.158	0.49	0.626334519572954	0	0	16.58429871827503	0.0026564630338215193	1.135885840580806	0.6614804401258771	NO	P68400
155	R	155	-5.616	4.198	41.596	0.49	0.619298245614035	0	0	5.78535319546407	0.00913946850264965	1.2033619089834502	0.9795224149995831	NO	P68400
156	D	156	-6.708	7.805	40.981	0.49	0.617957746478873	0	2	7.898354278082005	0.00506943882142652	1.259895208218784	0.9173686818641813	NO	P68400
157	V	157	-4.585	9.912	43.314	0.49	0.621478873239437	0	0	9.977746679417065	0.0032219352974069988	1.3630838965343852	0.9039458099194466	NO	P68400
158	K	158	-4.42	13.491	42.012	0.49	0.501067615658363	0	0	6.5135754536947825	0.012205079601390528	1.2102230957452	0.8568834551076396	NO	P68400
159	P	159	-5.039	17.023	43.348	0.49	0.629893238434164	0	0	6.551718891600838	0.04165804404136083	0.982038228364768	0.8568834551076396	NO	P68400
160	H	160	-9.373	16.081	43.007	0.49	0.629893238434164	0	0	13.337551751372146	0.007828649338083306	0.7766190343597026	1.362803769334562	NO	P68400
161	N	161	-9.387	13.985	44.268	0.49	0.627659574468085	0	0	16.58429871827503	0.0026564630338215193	0.9411920123074518	0.7462133863705008	NO	P68400
162	V	162	-8.066	15.586	47.476	0.49	0.621908127208481	0	0	5.145756193142572	0.08789175075173095	0.8767009098205643	1.1098436122211013	NO	P68400
163	M	163	-10.662	17.891	49.051	0.49	0.621478873239437	0	0	1.7702841143866326	0.620414673046252	0.41899928884019005	0.06499641781234494	NO	P68400
164	I	164	-9.116	20.453	51.41	0.49	0.621478873239437	0	0	0.8523487179281668	1	0.4851952148329656	-0.14271305145567093	NO	P68400
165	D	165	-10.852	22.932	53.716	0.49	0.619298245614035	0	0	0	0.5263157894736843	0.09886631248542112	-1.1093609661260517	NO	P68400
166	H	166	-7.845	25.19	54.239	0.49	0.619718309859155	0	0	0	0.2894736842105263	0.34270884871091023	-0.7134535202280815	NO	P68400
167	E	167	-9.668	27.483	56.679	-0.36	0.619298245614035	0	0	0	0.5263157894736843	0.22121436123294608	-1.4641854150788158	NO	P68400
168	H	168	-10.05	24.474	59.006	-0.93	0.619718309859155	1	0	0	0.5263157894736843	0.25472136298446385	-1.6816461215721523	NO	P68400
169	R	169	-7.028	22.41	57.827	-0.08	0.619718309859155	1	0	0	0.5263157894736843	0.450135271244439	-0.5218556869410234	NO	P68400
170	K	170	-9.267	19.45	56.957	0.49	0.748936170212766	0	0	0	0.28548644338118023	0.4939223460021086	-0.8714296183469785	NO	P68400
171	L	171	-8.491	16.966	54.168	0.49	0.76028880866426	0	0	0.40565625917721115	0.6419006349492944	0.6818838732934428	-0.773402530435363	NO	P68400
172	R	172	-10.457	14.112	52.576	0.49	0.759712230215827	0	0	0.8359612690691095	1	0.8394530264185146	0.045476551143108446	NO	P68400
173	L	173	-9.426	11.655	49.86	0.49	0.847172081829121	0	0	2.437981518888545	0.2962806763689943	1.1280226485158737	0.5755865847420824	NO	P68400
174	I	174	-12.363	11.287	47.427	0.49	0.734098018769552	0	1	4.275484700693928	0.06252059757521522	0.5442463283784066	0.47958448906007267	NO	P68400
175	D	175	-13.5	9.642	44.133	0.49	0.722222222222222	0	1	9.522227314658684	0.002067633083546667	0.16668359133912355	0.754994549719215	NO	P68400
176	W	176	-13.047	5.958	44.93	0.49	0.648148148148148	0	1	8.397285122412587	0.0012954828995870905	0.6501113703773161	0.8495426505482688	NO	P68400
177	G	177	-14.594	5.052	41.564	0.49	0.648148148148148	0	1	35.631705641501554	1.8368403685981853e-5	0.12556209142979993	1.1840023609837753	NO	P68400
178	L	178	-11.359	3.495	40.297	0.49	0.715457154571546	0	0	9.522227314658684	0.002067633083546667	0.5498571689156792	1.1737851376494446	NO	P68400
179	A	179	-10.295	1.86	43.579	0.49	0.720164609053498	0	0	5.318244888897702	0.028334260906256944	0.8337103648316796	0.8787316637995056	NO	P68400
180	E	180	-9.742	-1.889	43.582	0.49	0.720164609053498	0	0	3.3574538763343975	0.12958521121381106	0.48587634431917565	0.9012466454522989	NO	P68400
181	F	181	-8.983	-4.738	45.963	0.49	0.720776538620405	0	0	1.7702841143866326	0.620414673046252	0.3998785967797161	0.41771061090897565	NO	P68400
182	Y	182	-5.38	-5.942	45.809	0.49	0.72890559732665	0	0	0	0.28548644338118023	0.3997215553070666	0.2327062253261271	NO	P68400
183	H	183	-5.026	-9.692	45.228	0.49	0.787218045112782	0	0	0	0.28548644338118023	0.20157064879738193	-0.6627014887060132	NO	P68400
184	P	184	-1.434	-10.945	44.776	0.49	0.737220109843684	0	0	0	0.28548644338118023	0.19070850103456155	-0.22770388519582724	NO	P68400
185	G	185	-0.733	-12.267	41.303	0.21	0.660984848484848	2	0	0	0.14635430772471492	0.22128845113976525	-1.2776538706527127	NO	P68400
186	Q	186	-3.766	-10.52	39.805	0.49	0.58863443596268	0	0	0	0.28548644338118023	0.7077581831208277	-0.3671035908245527	NO	P68400
187	E	187	-3.393	-8.662	36.521	0.49	0.530268199233717	0	0	0	0.07535827297495616	0.657505386046503	0.2650310875083504	NO	P68400
188	Y	188	-5.187	-5.31	36.577	0.49	0.527756653992396	1	0	0.3154089589184873	0.39742895303967796	1.148354016000886	1.2424410279106408	NO	P68400
189	N	189	-6.389	-2.882	33.938	0.49	0.587484035759898	0	0	0.5553209549529787	1	0.9399216238774596	1.362803769334562	NO	P68400
190	V	190	-3.688	-0.301	33.18	0.49	0.584706379383185	1	0	1.860541514738192	0.4490260484302193	0.8936361129941289	1.362803769334562	NO	P68400
191	R	191	-6.279	2.312	32.087	0.49	0.585241730279898	0	1	3.3574538763343975	0.12958521121381106	0.921181748515744	1.362803769334562	NO	P68400
192	V	192	-6.467	3.843	35.559	0.49	0.578616352201258	0	0	5.318244888897702	0.028334260906256944	1.0061382508192904	0.8633765500495896	NO	P68400
193	A	193	-5.357	7.162	37.072	0.49	0.574282147315855	0	0	9.977746679417065	0.0032219352974069988	1.1221206041538905	0.9173686818641813	NO	P68400
194	S	194	-5.142	10.469	35.226	0.49	0.567901234567901	0	0	3.1295371147926585	0.1481366696858256	1.2595393495116514	0.8633765500495896	NO	P68400
195	R	195	-2.4	10.846	32.6	0.49	0.634191176470588	0	0	3.1295371147926585	0.1481366696858256	1.3531765111622691	0.36394933076461716	NO	P68400
196	Y	196	-0.078	13.132	34.582	0.49	0.632841328413284	0	0	2.4572820291552664	0.2663923960845509	1.348972754052823	0.3733575547898799	NO	P68400
197	F	197	-0.191	10.799	37.6	0.49	0.634191176470588	0	1	4.275484700693928	0.06252059757521522	1.1295779014936225	0.9882333548708325	NO	P68400
198	K	198	0.058	7.424	35.85	0.49	0.632352941176471	1	1	2.437981518888545	0.2962806763689943	0.833780010112955	1.0194475560761433	NO	P68400
199	G	199	2.902	5.295	37.152	0.49	0.634191176470588	0	0	3.8934241481448986	0.07825811634047605	0.3365958680991053	0.9965571418589155	NO	P68400
200	P	200	5.515	3.892	34.764	0.49	0.63003663003663	0	0	0.844620498515951	1	0.440819184335935	0.802238995636071	NO	P68400
201	E	201	3.992	0.456	35.32	0.49	0.557575757575758	0	0	0.8359612690691095	1	0.19776284213565887	0.7500934352920251	NO	P68400
202	L	202	0.793	1.653	33.624	0.49	0.563725490196078	0	0	0.8359612690691095	1	0.5209816747539372	0.8695314629633131	NO	P68400
203	L	203	2.663	3.404	30.83	0.49	0.566993464052288	0	0	1.0327616532020527	1	0.849531995699677	1.1161676161489376	NO	P68400
204	V	204	4.713	0.311	29.909	0.49	0.425245098039216	0	0	0.844620498515951	1	0.5469135002920096	-0.1523029014273671	NO	P68400
205	D	205	1.575	-1.884	30.184	0.49	0.473181818181818	0	0	0.6573021822226325	1	0.6386884476287521	0.3382381674599996	NO	P68400
206	Y	206	2.685	-3.932	33.223	0.49	0.538819875776398	0	0	0.5318590298839591	0.6965650701499758	0.07761251217526907	-0.06447063065855986	NO	P68400
207	Q	207	-0.534	-5.301	34.695	0.49	0.558363417569194	0	0	0.21178148298822874	0.2356733633794211	0.24175688206843451	0.5129152414691078	NO	P68400
208	M	208	0.58	-6.966	37.947	0.49	0.564040404040404	0	0	0	0.03940250414927672	0.2541793480149813	0.5129152414691078	NO	P68400
209	Y	209	0.876	-3.733	39.93	0.49	0.563607085346216	0	0	0.21178148298822874	0.2356733633794211	0.27663659100523313	0.4832960230726223	NO	P68400
210	D	210	-0.1	-2.935	43.524	0.49	0.634545454545455	1	0	0.6573021822226325	1	0.13055046473355056	0.5730634527401839	NO	P68400
211	Y	211	-0.535	-0.192	46.143	0.49	0.634545454545455	0	0	3.89626755160738	0.1792638014087864	0.1958729597862534	0.1500526487483458	NO	P68400
212	S	212	2.802	1.327	45.092	0.49	0.627240143369176	0	0	2.7784902384164085	0.34646865878246225	-0.4643887728076592	0.4200792654413706	NO	P68400
213	L	213	1.004	2.883	42.107	0.49	0.566159818828858	0	0	3.1295371147926585	0.1481366696858256	0.021223734707665882	0.8561394546455414	NO	P68400
214	D	214	-0.575	5.372	44.527	0.49	0.49469964664311	0	0	4.275484700693928	0.06252059757521522	0.5718957022638119	0.9338713290117365	NO	P68400
215	M	215	2.875	6.309	45.819	0.49	0.495035460992908	0	0	2.437981518888545	0.2962806763689943	-0.26825398188167227	0.4412550369609809	NO	P68400
216	W	216	4.04	7.302	42.333	0.49	0.48951048951049	0	0	3.1295371147926585	0.1481366696858256	-0.31999516741669704	0.5923358865419225	NO	P68400
217	S	217	0.937	9.466	41.935	-0.93	0.54320987654321	0	0	8.148568916874536	0.008989752385978806	0.5246417658539018	0.9429975511462649	NO	P68400
218	L	218	1.615	11.034	45.337	0.49	0.611111111111111	0	0	2.437981518888545	0.2962806763689943	0.36596608680844056	0.7708770016890631	NO	P68400
219	G	219	5.2	11.758	44.272	0.49	0.611498257839721	0	0	1.9139979119059127	0.4729421521874352	-0.19016358103857336	0.5049388886889111	NO	P68400
220	C	220	3.871	13.529	41.182	0.49	0.607266435986159	0	0	1.3264064766344343	0.7005576350164234	0.6164325004417711	0.5588477578026552	NO	P68400
221	M	221	1.713	15.723	43.434	0.49	0.603448275862069	1	0	1.9139979119059127	0.4729421521874352	0.8514263585415566	0.7202051263143407	NO	P68400
222	L	222	4.646	16.488	45.746	0.49	0.67281814686659	0	0	0.6573021822226325	1	0.3450500710055978	0.5923358865419225	NO	P68400
223	A	223	6.857	17.468	42.814	0.49	0.670498084291188	0	0	0.844620498515951	1	0.15982400461043658	0.07477565226759873	NO	P68400
224	S	224	4.195	19.832	41.48	0.49	0.668193967163039	0	0	1.7702841143866326	0.620414673046252	0.8292729853539953	0.4889095795003764	NO	P68400
225	M	225	3.804	21.46	44.909	0.49	0.665905631659056	1	0	0.25502610425830496	0.24260363932657872	0.41470176082752	0.2629585147925049	NO	P68400
226	I	226	7.44	21.963	45.896	0.49	0.603448275862069	0	0	0.25502610425830496	0.24260363932657872	0.06775445081980065	0.028066940330005515	NO	P68400
227	F	227	8.562	23.021	42.406	0.49	0.670103092783505	0	0	0.40565625917721115	0.6419006349492944	0.23037955398095242	0.38096445681182095	NO	P68400
228	R	228	5.29	24.903	40.132	0.49	0.674329501915709	0	0	0.40565625917721115	0.6419006349492944	0.7289851928816724	-0.0019496300374136834	NO	P68400
229	K	229	4.875	23.315	38.312	-0.08	0.683760683760684	0	0	0.5553209549529787	1	1.0939980430787382	0.8114994269196366	NO	P68400
230	E	230	1.444	21.776	37.721	0.49	0.687645687645688	0	0	1.7702841143866326	0.620414673046252	1.325831331111756	1.098177684975398	NO	P68400
231	P	231	1.521	19.154	36.438	0.49	0.692488262910798	0	1	1.813000435103859	0.659116950576732	1.3456917121592091	0.12599600115370924	NO	P68400
232	F	232	5.164	18.174	36.905	0.49	0.692007797270955	0	0	1.3264064766344343	0.7005576350164234	1.3010502591542277	0.19093104148483928	NO	P68400
233	F	233	5.217	15.556	34.117	0.49	0.747368421052632	0	0	1.0327616532020527	1	1.336245791590513	-0.06447063065855986	NO	P68400
234	H	234	3.125	17.224	31.405	0.49	0.747887323943662	0	0	1.3264064766344343	0.7005576350164234	1.5505652104231746	0.06537324921522616	NO	P68400
235	G	235	2.676	14.611	28.704	0.49	0.748936170212766	0	0	1.813000435103859	0.659116950576732	1.5138834065943947	0.6760913428177252	NO	P68400
236	H	236	0.509	15.267	25.673	-0.93	0.683274021352313	0	0	0.8523487179281668	1	1.6853463173831238	0.26406388690762256	NO	P68400
237	D	237	-0.629	11.624	25.535	0.49	0.628571428571429	1	0	0.5553209549529787	1	1.539864889752801	0.39332740248726233	NO	P68400
238	N	238	0.158	8.384	27.345	0.49	0.720942140296979	0	0	1.3264064766344343	0.7005576350164234	1.1782710863842458	0.5394742579649037	NO	P68400
239	Y	239	3.243	7.748	25.21	0.49	0.717844433146924	0	0	0.3154089589184873	0.39742895303967796	1.127298666541606	0.484585623873593	NO	P68400
240	D	240	4.673	11.249	25.587	0.49	0.713272543059777	0	0	0.40565625917721115	0.6419006349492944	1.2775760100052727	0.38700582993348515	NO	P68400
241	Q	241	3.916	10.929	29.313	0.49	0.624555160142349	0	0	1.0327616532020527	1	1.3303662225225248	0.40433917403255226	NO	P68400
242	L	242	6.581	8.231	29.619	0.49	0.537244897959184	1	0	0.6573021822226325	1	1.0477828457565717	0.34798713903232414	NO	P68400
243	V	243	9.015	10.318	27.546	0.49	0.533434650455927	0	0	0	0.14635430772471492	1.2301617857184566	-0.13547788852035528	NO	P68400
244	R	244	8.459	13.263	29.907	0.49	0.618374558303887	0	0	0.8359612690691095	1	1.408672331816484	0.1987493992819949	NO	P68400
245	I	245	9.285	11.03	32.867	0.49	0.621428571428571	0	0	1.3264064766344343	0.7005576350164234	0.988266731774813	0.8405154449414749	NO	P68400
246	A	246	12.367	9.674	31.094	0.49	0.623655913978495	0	0	0	0.28548644338118023	0.9150736015021124	0.5138779849242108	NO	P68400
247	K	247	13.677	13.191	30.438	0.49	0.536485097636177	0	0	0	0.28548644338118023	1.1859105033779158	-0.11801370212476589	NO	P68400
248	V	248	13.902	13.567	34.255	-0.65	0.630434782608696	1	0	0	0.28548644338118023	0.5120337528425799	0.02081293582454612	NO	P68400
249	L	249	15.665	9.341	34.76	0.49	0.623655913978495	0	0	0	0.28548644338118023	0.3744395731301982	-0.23588522361058728	NO	P68400
250	G	250	16.751	9.033	32.606	0.49	0.623214285714286	0	0	0	0.2894736842105263	0.6337454984771719	-0.4727280373802389	NO	P68400
251	T	251	16.375	6.211	30.119	0.49	0.622775800711744	0	0	0	0.28548644338118023	0.8832881973954413	-0.5930907788041602	NO	P68400
252	E	252	19.025	3.893	31.623	0.49	0.620567375886525	0	0	0	0.5263157894736843	0.9025411800983237	-1.786753095944965	NO	P68400
253	D	253	16.963	3.278	34.77	-0.08	0.534183673469388	0	0	0	0.5263157894736843	0.47121601990432344	-1.3022058859019607	NO	P68400
254	L	254	13.843	2.896	32.602	0.49	0.538026721479959	0	0	0	0.28548644338118023	0.4099704069401641	-0.6347199976425093	NO	P68400
255	Y	255	15.49	0.117	30.601	0.49	0.630434782608696	0	0	0	1	0.5762252965597685	-1.693550128965727	NO	P68400
256	D	256	16.736	-1.51	33.807	-1.22	0.625448028673835	0	0	0	1	0.26450914243328894	-2.46120197417506	NO	P68400
257	Y	257	13.134	-1.47	35.05	0.49	0.69995988768552	0	0	0	0.5263157894736843	-0.173980735170121	-1.7167629433831977	NO	P68400
258	I	258	11.593	-3.098	31.997	0.21	0.566544566544567	0	0	0	0.5263157894736843	0.003943203533409844	-1.4827671014967416	NO	P68400
259	D	259	14.502	-5.558	31.824	-0.93	0.566993464052288	0	0	0	0.5263157894736843	-0.11475465077638411	-2.763273993370828	NO	P68400
260	K	260	13.933	-6.61	35.452	0.49	0.57283950617284	0	0	0	0.5263157894736843	-0.49932872462674177	-2.989598933941166	NO	P68400
261	Y	261	10.306	-7.512	34.733	0.49	0.514498141263941	0	0	0	0.5263157894736843	-0.38671378694309755	-2.049479950033609	NO	P68400
262	N	262	11.029	-8.829	31.208	-1.22	0.514498141263941	0	0	0	0.5263157894736843	-0.02060978887174559	-3.7556218097176943	NO	P68400
263	I	263	8.715	-6.151	29.775	0.49	0.586346738763096	1	0	0	0.5263157894736843	0.2820154000761034	-2.2932145014170495	NO	P68400
264	E	264	8.925	-5.179	26.117	-0.08	0.512177121771218	0	0	0	0.2894736842105263	0.2845530557028947	-2.4449905956851263	NO	P68400
265	L	265	8.196	-1.543	25.348	0.49	0.514074074074074	0	0	0	0.28548644338118023	0.6362061556925116	-0.6393014741722728	NO	P68400
266	D	266	5.63	-0.689	22.719	0.49	0.569085690856909	0	0	0	0.28548644338118023	0.7467351084688456	0.32433575592140584	NO	P68400
267	P	267	7.744	-0.32	19.544	0.49	0.635531135531136	0	0	0	0.2894736842105263	0.750945420649161	0.09502698191886264	NO	P68400
268	R	268	6.265	3.123	18.965	-0.36	0.564916564916565	0	0	0	0.2894736842105263	0.9031901005706783	0.39332740248726233	NO	P68400
269	F	269	8.666	4.323	21.673	0.49	0.560808080808081	0	0	0	0.2894736842105263	0.9818306399920145	0.21730184047242868	NO	P68400
270	N	270	11.555	3.531	19.295	0.49	0.55515443241075	1	0	0	0.5263157894736843	0.8907985044570792	-0.519092256653229	NO	P68400
271	D	271	11.258	6.892	17.527	0.49	0.563701531443467	0	0	0	0.5263157894736843	1.0295285475129077	-0.04654567744043579	NO	P68400
272	I	272	10.382	9.116	20.503	0.49	0.563701531443467	1	0	0	0.2894736842105263	1.0320600827722433	0.4232374714845637	NO	P68400
273	L	273	12.111	7.856	23.668	0.49	0.62410071942446	0	0	0	0.2894736842105263	1.057343238702623	0.6320299821178968	NO	P68400
274	G	274	15.701	8.881	22.867	0.49	0.62410071942446	0	0	0	0.2894736842105263	1.0349270056575886	0.4659450304777454	NO	P68400
275	R	275	18.57	8.681	25.358	-0.36	0.625448028673835	0	0	0	0.28548644338118023	1.0263572874674833	0.012240021409003087	NO	P68400
276	H	276	18.342	10.806	28.503	0.49	0.625	0	0	0	0.2894736842105263	1.055397283023074	-0.05207253801602387	NO	P68400
277	S	277	20.541	11.122	31.563	0.49	0.629496402877698	0	0	0	0.5263157894736843	1.029780739249235	-0.38498461033380865	NO	P68400
278	R	278	18.991	11.331	35.001	0.49	0.631294964028777	1	0	0	0.2894736842105263	0.35071855550628667	-0.504313912070678	NO	P68400
279	K	279	18.645	14.954	36.089	0.49	0.524193548387097	0	0	0	0.2894736842105263	0.5554927287890008	-0.6218918633591698	NO	P68400
280	R	280	19.531	16.182	39.56	0.49	0.524193548387097	0	0	0	0.2894736842105263	-0.15196841988225354	-0.5829762627181166	NO	P68400
281	W	281	16.49	17.605	41.343	0.49	0.488753124132186	0	0	0	0.28548644338118023	-0.7526475022227225	-0.668317492194111	NO	P68400
282	E	282	18.257	20.975	41.708	0.49	0.488006617038875	0	0	0	0.28548644338118023	-0.5952997686148217	-0.504313912070678	NO	P68400
283	R	283	17.626	21.577	37.993	-0.65	0.488378527946873	0	0	0	0.2894736842105263	-0.1895618876930738	-1.1632966231548802	NO	P68400
284	F	284	14.003	22.34	38.911	0.49	0.491917502787068	0	0	0	0.2894736842105263	0.14940701981054652	-0.702169513219589	NO	P68400
285	V	285	14.807	24.769	41.758	-0.08	0.496911847276811	0	0	0	0.2894736842105263	-0.3302218221311788	-0.03442909848626126	NO	P68400
286	H	286	14.57	28.482	41.01	0.49	0.400112707805016	1	0	0	0.5263157894736843	-0.27486723463577567	-0.7741406167443448	NO	P68400
287	S	287	13.941	31.737	42.845	0.49	0.400794777178541	0	0	0	0.5263157894736843	-0.5429458334754217	-0.7595106916913165	NO	P68400
288	E	288	10.164	31.239	42.795	0.49	0.323260073260073	0	0	0	0.2894736842105263	-0.08962240605169634	-0.08074312725188795	NO	P68400
289	N	289	10.105	27.83	44.509	0.49	0.350082644628099	0	0	0	0.28548644338118023	0.1455802619532396	-0.668317492194111	NO	P68400
290	Q	290	13.335	27.636	46.534	-0.36	0.321167883211679	0	0	0	0.2894736842105263	-0.5958924079459059	0.07096018436228806	NO	P68400
291	H	291	11.526	28.37	49.798	0.49	0.324074074074074	1	0	0	0.2894736842105263	-0.5891832174873077	0.20796625206540245	NO	P68400
292	L	292	9.537	25.129	49.275	0.49	0.327715355805243	0	0	0	0.14635430772471492	-0.04164120530152314	0.16347502443191697	NO	P68400
293	V	293	12.594	22.941	48.595	0.49	0.328947368421053	0	0	0	0.28548644338118023	-0.39554476740892447	0.004171396076726833	NO	P68400
294	S	294	14.761	21.374	51.298	0.49	0.239917976760082	0	0	0	0.5263157894736843	-0.535522461964151	0.044315910422235046	NO	P68400
295	P	295	17.239	18.492	51.246	0.49	0.239917976760082	0	0	0	0.5263157894736843	-1.020808124815053	0.045476551143108446	NO	P68400
296	E	296	14.591	16.477	53.103	0.49	0.239917976760082	0	0	0	0.5263157894736843	-0.4576330613409338	0.5406832587158138	NO	P68400
297	A	297	11.938	17.246	50.475	0.49	0.240137221269297	0	0	0	0.14635430772471492	-0.21288242174567953	0.17314703043919658	NO	P68400
298	L	298	14.223	16.153	47.644	0.49	0.240137221269297	0	0	0	1	-0.69615353506314	-0.0019496300374136834	NO	P68400
299	D	299	15.275	12.953	49.403	0.49	0.26	0	0	0	1	-0.8611496039911147	0.9833635336643705	NO	P68400
300	F	300	11.611	12.117	50.03	-0.36	0.26	0	0	0.844620498515951	1	-0.8377485148247403	0.8435697626279843	NO	P68400
301	L	301	10.61	12.893	46.444	0.49	0.256934306569343	0	0	0.844620498515951	1	-0.5928248039544776	0.3841013236249926	NO	P68400
302	D	302	13.475	10.791	45.093	0.49	0.144078144078144	1	0	1.154868148297131	1	-0.9587480446856862	0.33273512955930645	NO	P68400
303	K	303	12.259	7.788	47.097	0.49	0.144199346405229	0	0	3.5962401732455396	0.547846889952153	-1.4044682132464525	0.7462133863705008	NO	P68400
304	L	304	8.737	8.106	45.689	0.49	0.257664233576642	0	0	1.7702841143866326	0.620414673046252	-1.1976604393328008	0.3281754695844462	NO	P68400
305	L	305	9.531	8.793	42.032	0.49	0.234625668449198	0	0	1.860541514738192	0.4490260484302193	-0.49883165015315833	0.05910733170220464	NO	P68400
306	R	306	11.264	5.549	41.118	0.49	0.234625668449198	0	0	1.154868148297131	1	-0.6198221565912312	-0.745693540252346	NO	P68400
307	Y	307	10.51	3.486	38.022	0.49	0.13	0	0	1.0327616532020527	1	-0.1918320266569835	-0.586545077768931	NO	P68400
308	D	308	10.588	0.196	39.935	0.49	0.130970149253731	0	0	3.5962401732455396	0.547846889952153	-0.5172471147338978	-0.23888042547090604	NO	P68400
309	H	309	7.297	0.107	41.831	0.49	0.145522388059701	0	0	2.7784902384164085	0.34646865878246225	-0.6012035442633519	0.583952759274695	NO	P68400
310	Q	310	8.844	-2.347	44.319	0.49	0.163712686567164	0	0	3.5962401732455396	0.547846889952153	-1.0087128329572599	0.6177473065802652	NO	P68400
311	S	311	10.99	1.469	45.919	-0.36	0.145522388059701	0	0	3.5962401732455396	0.547846889952153	-1.6057119029473361	0.6581290459470631	NO	P68400
312	R	312	9.203	3.084	46.171	0.49	0.164943609022556	0	2	1.7702841143866326	0.620414673046252	-1.3456638780717742	0.06499641781234494	NO	P68400
313	L	313	8.535	4.032	49.772	0.49	0.165719696969697	0	0	1.7702841143866326	0.620414673046252	-1.1887504145616772	0.6309553147837547	NO	P68400
314	T	314	5.359	2.546	51.163	0.49	0.163857677902622	0	0	1.7702841143866326	0.620414673046252	-0.3835165082964253	0.6507350027445873	NO	P68400
315	A	315	2.857	4.91	52.756	0.49	0.293501048218029	0	0	1.7702841143866326	0.620414673046252	0.042048920688818436	0.21086785386758594	NO	P68400
316	R	316	3.978	3.808	56.215	-0.08	0.29404309252218	0	0	1.7702841143866326	0.620414673046252	0.3440632924945023	1.0226159718371488	NO	P68400
317	E	317	7.666	4.216	55.351	0.49	0.333015267175573	0	0	3.5962401732455396	0.547846889952153	-0.19743011479749126	0.34947513995652074	NO	P68400
318	A	318	6.922	7.652	53.91	0.49	0.440656565656566	0	0	0.844620498515951	1	-0.1965714404085206	0.5629027319757793	NO	P68400
319	M	319	6.545	8.853	58.185	0.49	0.436953807740325	1	0	0	0.2894736842105263	0.7300629861456777	0.22448306232398718	NO	P68400
320	E	320	8.697	7.928	58.898	0.49	0.528301886792453	0	0	0	0.5263157894736843	0.349316275910774	0.1082064186760349	NO	P68400
321	H	321	10.644	10.27	56.621	0.49	0.665399239543726	0	0	0	0.28548644338118023	-0.5339755560340398	0.45430223954735244	NO	P68400
322	P	322	12.609	13.236	58.045	0.49	0.723140495867769	0	0	0	0.5263157894736843	-0.07602013644037851	0.4232374714845637	NO	P68400
323	Y	323	10.545	15.534	55.796	0.49	0.815850815850816	0	0	0	0.2894736842105263	-0.05905883644787295	0.5129152414691078	NO	P68400
324	F	324	7.773	15.2	58.396	0.49	0.85795763172189	0	0	0	0.2894736842105263	0.5956553941390632	0.45430223954735244	NO	P68400
325	Y	325	9.899	15.765	61.521	0.49	0.797727272727273	0	0	0	0.2894736842105263	1.0831451840918553	0.49537754636592574	NO	P68400
326	T	326	8.859	19.432	61.646	-0.36	0.745047169811321	0	0	0	0.5263157894736843	1.0911909693001882	0.5387488575143574	NO	P68400
327	V	327	5.108	18.708	61.391	0.49	0.769735403455062	0	0	0	0.28548644338118023	1.4155860886051506	0.3129514809080531	NO	P68400
328	V	328	3.142	18.718	64.648	0.49	0.76839591925331	0	0	0	0.5263157894736843	1.7533819364599175	-0.17697958702431765	NO	P68400
329	K	329	0.93	15.637	64.662	0.49	0.789591078066914	0	0	0	0.28548644338118023	1.643878618086613	0.26406388690762256	NO	P68400
330	D	330	-2.43	14.789	66.246	-0.08	0.751991502920871	1	0	0	0.5263157894736843	1.8778665303701314	-0.46842936804367047	NO	P68400
