Uniprot_position	aminoacid	Position_in_structure	x	y	z	paraz	mtr	gscount	pscount	OR	pvalue	mtr3dscore	paraz3dscore	HotSpot3D	Uniprot
33	E	33	-23.847	23.423	34.613	-0.05	0.203235878512631	0	0	0	1	-0.835682660326259	-0.23749749337230305	NO	P63096
34	V	34	-27.129	22.117	35.356	0.56	0.201923076923077	0	0	0	1	-0.8266242575436453	0.024514769755379775	NO	P63096
35	K	35	-30.293	21.238	33.615	1.17	0.239304812834225	0	0	0	1	-1.209418094164645	0.7170443324969729	NO	P63096
36	L	36	-33.292	21.968	35.639	1.17	0.261313868613139	0	0	0	1	-0.9828571724577186	0.9371550853434464	NO	P63096
37	L	37	-36.723	21.259	34.612	1.17	0.261313868613139	0	0	0	1.0000000000000002	-1.326147329942256	1.3639040793121429	NO	P63096
38	L	38	-39.916	22.087	36.081	1.17	0.261313868613139	0	0	1	0.09999999999999995	-1.286312350098031	1.5837122324890016	NO	P63096
39	L	39	-42.827	19.96	35.896	1.17	0.293562935629356	0	0	1	0.09999999999999995	-1.2516951917624206	1.6080665165332524	NO	P63096
40	G	40	-46.182	19.504	37.066	1.17	0.294650205761317	0	0	0	0.9999999999999999	-1.0338521990391885	1.429532802762968	NO	P63096
41	A	41	-49.622	19.697	36.012	-0.36	0.295190713101161	0	0	0	1.0000000000000002	-1.0456637264736484	1.0601498565863865	NO	P63096
42	G	42	-51.441	22.623	35.174	0.25	0.295739348370927	0	0	0	1.0000000000000002	-1.1366568018520788	1.0558228733566748	NO	P63096
43	E	43	-51.532	25.507	37.369	-0.05	0.29601677148847	1	0	1	0.1375000000000001	-0.6417425292168353	0.9357257130756489	NO	P63096
44	S	44	-49.265	24.03	39.897	1.17	0.29406850459482	0	0	1	0.12500000000000006	-0.6802588125674199	1.4517716801389415	NO	P63096
45	G	45	-46.981	26.864	40.396	1.17	0.292134831460674	0	0	1	0.1375000000000001	-0.4801896672740868	1.3357745613357457	NO	P63096
46	K	46	-44.334	26.302	38.024	1.17	0.375601926163724	1	0	1	0.11250000000000007	-0.6992551911131485	1.4422187456119664	NO	P63096
47	S	47	-43.986	29.512	36.336	1.17	0.493421052631579	0	0	1	0.08750000000000004	-0.8946181956855304	1.290805772474837	NO	P63096
48	T	48	-44.087	31.313	39.531	1.17	0.490168539325843	0	1	1	0.08750000000000004	0.013352064030172923	1.451006016137314	NO	P63096
49	I	49	-41.111	29.62	40.697	0.25	0.490601503759399	0	0	1	0.09999999999999995	-0.14584868614383448	1.7027018926546205	NO	P63096
50	V	50	-39.323	30.886	37.829	0.56	0.52330827067669194	0	0	1	0.08750000000000004	-0.4843907908226653	1.43299461086195	NO	P63096
51	K	51	-40.302	34.229	38.594	1.17	0.52330827067669194	0	0	1	0.06250000000000003	0.23316804673779223	1.1095470950202897	NO	P63096
52	Q	52	-38.479	33.988	41.778	1.17	0.52330827067669194	0	0	1	0.07499999999999998	0.601438644786737	1.174979039123837	NO	P63096
53	M	53	-35.59	32.43	40.542	1.17	0.581453634085213	0	0	1	0.06250000000000003	0.11587827282600355	0.9364369298593832	NO	P63096
54	K	54	-35.191	35.787	39.354	0.56	0.581970649895178	0	0	1	0.06250000000000003	0.12405049099627775	0.7742942179979918	NO	P63096
55	I	55	-36.064	37.979	42.013	1.17	0.649812734082397	0	0	1	0.06250000000000003	0.71708699008183	0.8820067736587036	NO	P63096
56	I	56	-33.779	35.91	43.92	1.17	0.708276797829037	0	0	0	0.9999999999999999	0.7202322399375862	0.6169109361537273	NO	P63096
57	H	57	-30.831	35.503	41.83	1.17	0.705643798580602	0	0	0	0.9999999999999999	0.012893385118065174	0.12461345194608589	NO	P63096
58	E	58	-31.053	38.699	40.032	-1.28	0.642066420664207	0	0	0	0.9999999999999999	0.054144400834593535	0.7520142342089631	NO	P63096
59	A	59	-32.705	41.823	40.412	-0.67	0.635531135531136	0	0	0	1	0.41193917599449353	0.34658929026941643	NO	P63096
60	G	60	-36.177	41.164	39.979	1.17	0.636531365313653	0	0	0	1	0.7013486662142024	0.32244657270852595	NO	P63096
61	Y	61	-38.717	43.34	38.589	0.56	0.634191176470588	0	0	0	0.9999999999999999	0.8464689199036343	0.12285234371969643	NO	P63096
62	S	62	-38.291	46.85	37.749	0.56	0.689310689310689	1	0	0	0.9999999999999999	0.9062067649773081	-0.7549638522323933	NO	P63096
63	E	63	-40.773	49.453	37.227	-1.59	0.689310689310689	0	0	0	0.9999999999999999	0.987787033657368	-1.0015689138766548	NO	P63096
64	E	64	-40.808	49.165	33.669	-0.05	0.691308691308691	0	0	0	0.9999999999999999	1.0196156190974095	-0.7342112951322749	NO	P63096
65	E	65	-41.082	45.618	34.319	-0.97	0.688785666887857	1	0	0	1	1.0454611197704031	-0.8276651805149501	NO	P63096
66	C	66	-43.656	45.841	36.923	-0.97	0.733939393939394	0	0	0	1	1.083587977516275	-0.5058253615395456	NO	P63096
67	K	67	-45.611	47.858	34.442	-0.67	0.814129301355579	0	0	0	0.9999999999999999	1.0538442549319877	-0.9896092421712297	NO	P63096
68	Q	68	-46.008	45.535	31.694	-0.97	0.811168831168831	0	0	0	1	1.0893730262014123	-0.7044621130926498	NO	P63096
69	Y	69	-47.909	43.338	34.02	0.56	0.841212121212121	0	0	0	1	1.0723237971329125	-0.5003632166404669	NO	P63096
70	K	70	-50.28	46.009	34.81	-0.97	0.788636363636364	0	0	0	1	1.023766595444454	-0.8031815427349	NO	P63096
71	A	71	-52.3	44.781	32.174	-1.59	0.740106951871658	1	0	0	0.9999999999999999	1.1052148858007758	-0.631155983169188	NO	P63096
72	V	72	-52.479	41.299	33.185	0.56	0.740106951871658	0	0	0	0.9999999999999999	1.111428452089029	-0.40757990708245545	NO	P63096
73	V	73	-53.318	42.207	36.535	0.56	0.742245989304813	0	0	0	1.0000000000000002	0.9427854376768237	-0.37703822634095496	NO	P63096
74	Y	74	-56.37	43.713	35.191	-0.05	0.744954916273079	0	0	0	1	1.0373811018732897	-0.5234066404334553	NO	P63096
75	S	75	-57.174	41.036	32.93	-0.67	0.773333333333333	0	0	0	1	1.0619199418941476	-0.8364038702142236	NO	P63096
76	N	76	-57.059	38.504	35.532	1.17	0.776155717761557	0	0	0	1	1.0116060291720634	-0.37873138113578025	NO	P63096
77	T	77	-59.139	40.552	37.752	-0.67	0.773333333333333	2	0	0	1	0.9935461592233464	-0.4712142703040372	NO	P63096
78	I	78	-61.831	41.006	35.347	0.25	0.780237802378024	0	0	0	1	1.1492394718413494	-0.6094638712652947	NO	P63096
79	Q	79	-62.111	37.615	34.191	-0.97	0.811695906432749	0	0	0	1	1.106616078606098	-0.2912654822226093	NO	P63096
80	S	80	-62.369	36.401	37.605	0.25	0.773977695167286	0	0	0	1	1.021288793277134	0.1956911941475387	NO	P63096
81	I	81	-65.13	38.498	38.724	0.56	0.798548415648787	1	0	0	1	1.096795498348671	-0.4261863983438746	NO	P63096
82	I	82	-66.902	37.625	35.698	-1.28	0.819523649781952	2	0	0	1.0000000000000002	1.2186988232300187	-0.694214000981082	NO	P63096
83	A	83	-66.704	34.073	36.127	-0.97	0.812231404958678	0	0	0	1	1.156617431858428	-0.2623011787050336	NO	P63096
84	I	84	-68.212	34.326	39.381	0.56	0.837829260552206	1	0	0	1	1.1659045500415537	-0.2941916312756872	NO	P63096
85	I	85	-70.904	36.323	38.099	0.56	0.795717103409411	0	0	0	1	1.2705242382800574	-0.5757058839257243	NO	P63096
86	R	86	-71.401	33.945	35.382	-0.05	0.766246099579433	0	0	0	1	1.3771296392061607	-0.5482747031474721	NO	P63096
87	A	87	-71.395	31.214	37.727	1.17	0.759191176470588	0	0	0	1	1.1931444450678002	-0.3258719143705022	NO	P63096
88	M	88	-74.263	32.332	39.651	0.56	0.78021978021978	1	0	0	0.9999999999999999	1.2534707092953248	-0.49441842531711616	NO	P63096
89	G	89	-76.154	32.092	36.63	-0.97	0.785294117647059	0	0	0	1	1.4629774434261436	-0.39368069908033543	NO	P63096
90	R	90	-75.742	28.446	36.828	-0.97	0.831761650949843	1	0	0	0.9999999999999999	1.422483869191997	0.15456075866117996	NO	P63096
91	L	91	-75.731	27.7	40.392	1.17	0.837174211248285	0	0	0	1	1.215914665933408	-0.11727093445236363	NO	P63096
92	K	92	-78.477	30.02	40.731	-0.97	0.870174435230197	0	0	0	1	1.3966374252254754	0.10890691658765314	NO	P63096
93	I	93	-77.512	32.387	43.345	1.17	0.8317843866171	1	0	0	1	1.2573289558628524	-0.6914726373281855	NO	P63096
94	D	94	-78.723	35.601	44.124	-1.28	0.8317843866171	1	0	0	0.9999999999999999	1.3241934587479816	-0.922162183847102	NO	P63096
95	F	95	-77.049	38.729	44.762	0.56	0.831018518518519	0	0	0	1	1.2739836885354778	-1.024014354084372	NO	P63096
96	G	96	-77.481	40.265	48.046	-1.59	0.8317843866171	1	0	0	1	1.1944948170444514	-1.1933728507110808	NO	P63096
97	D	97	-78.964	43.377	46.683	-1.28	0.750861423220974	1	0	0	1	1.2648887808930813	-1.9542999443820817	NO	P63096
98	S	98	-81.151	43.646	43.788	-1.59	0.694359140132536	0	0	0	1	1.2601198614064875	-1.8974774666079484	NO	P63096
99	A	99	-79.195	46.465	43.02	-1.59	0.689234718434141	2	0	0	1	1.2932425430996168	-2.071014361839095	NO	P63096
100	R	100	-76.332	44.676	41.921	-0.97	0.664814814814815	2	0	0	1.0000000000000002	1.3029094697257866	-1.6779485526953222	NO	P63096
101	A	101	-77.911	43.424	38.988	-0.97	0.695203081232493	0	0	0	1	1.3242439745283563	-1.4458000999533607	NO	P63096
102	D	102	-77.184	46.472	37.087	-1.59	0.727941176470588	0	0	0	1	1.2596867932289955	-2.042565690489727	NO	P63096
103	D	103	-73.816	46.514	38.171	-0.97	0.730627306273063	1	0	0	1	1.3287722415631247	-1.781406887502525	NO	P63096
104	A	104	-73.593	43.243	36.539	-0.36	0.784971486078497	1	0	0	1	1.3467078427055486	-1.7196732706743956	NO	P63096
105	R	105	-75.366	43.956	33.459	-1.28	0.788611017235553	2	0	0	1	1.2391016984022576	-2.237032679642195	NO	P63096
106	Q	106	-72.888	46.476	33.155	-0.67	0.791553595658073	0	0	0	1	1.3120092763675681	-2.301386754831263	NO	P63096
107	L	107	-69.788	44.645	33.881	0.56	0.757138221933809	0	0	0	1	1.3896075809314563	-1.667180883539432	NO	P63096
108	F	108	-70.154	42.969	30.704	-0.97	0.752222401810247	0	0	0	1	1.36024511892351	-2.011475356800774	NO	P63096
109	V	109	-70.758	45.939	28.908	-1.89	0.758581235697941	0	0	0	0.9999999999999999	1.3063325312729526	-2.742731259584374	NO	P63096
110	L	110	-68.749	46.603	29.124	-0.36	0.698267407649559	0	0	0	1	1.3591500250104929	-2.3385155450859503	NO	P63096
111	A	111	-65.49	45.038	28.999	-2.2	0.725905673274094	0	0	0	1	1.4094469511294743	-1.9644740876357107	NO	P63096
122	E	122	-65.861	53.405	37.105	-0.97	0.813419117647059	0	0	0	1	1.1030419348311917	-1.8064417182899695	NO	P63096
123	L	123	-65.541	49.771	36.241	-0.36	0.75906432748538	0	0	0	1	1.2328605161535848	-1.5649562657205232	NO	P63096
124	A	124	-63.68	49.395	39.324	-0.67	0.796240601503759	1	0	0	1	0.9862259807453424	-0.8585962278643199	NO	P63096
125	G	125	-66.546	50.707	41.106	-0.97	0.791011235955056	0	0	0	1	1.1339749653897226	-1.0031731622610178	NO	P63096
126	V	126	-68.581	48.1	39.634	-0.05	0.774599931903303	0	0	0	1	1.1899266961733992	-1.5624943614691356	NO	P63096
127	I	127	-66.505	45.408	40.693	0.56	0.774599931903303	3	0	0	1	1.150775205014935	-1.1598745401971993	NO	P63096
128	K	128	-65.833	46.419	44.032	-0.36	0.774599931903303	0	0	0	0.9999999999999999	0.9585613740609075	-0.5546542939639711	NO	P63096
129	R	129	-69.376	46.787	44.51	-0.97	0.797915648917115	0	0	0	1.0000000000000002	1.1485216520309796	-1.1216288576518922	NO	P63096
130	L	130	-69.966	43.307	43.416	1.17	0.791983190560853	0	0	0	1	1.2002155180353298	-1.1486182335882937	NO	P63096
131	W	131	-67.118	41.745	45.033	1.17	0.756172839506173	0	0	0	1	1.0691981192027673	-0.6702017845961962	NO	P63096
132	K	132	-68.999	42.523	48.117	-1.28	0.756172839506173	1	0	0	1	1.0676026166900499	-0.659486118387934	NO	P63096
133	D	133	-72.37	41.318	47.658	1.17	0.755535055350554	1	0	0	1	1.2400264088985642	-0.9561697909773816	NO	P63096
134	S	134	-73.101	38.869	50.204	-1.59	0.751230012300123	0	0	0	1	1.1460126601490983	-1.024814472966073	NO	P63096
135	G	135	-74.227	37.057	47.3	1.17	0.698423347869842	0	0	0	1	1.2221247967594966	-0.7888327441230623	NO	P63096
136	V	136	-71.353	36.985	45.079	-0.05	0.696141975308642	1	0	0	1	1.2683488882186802	-0.7960646958397702	NO	P63096
137	Q	137	-69.328	35.92	47.931	0.25	0.669982351997433	0	0	0	1	1.0560451557808055	-0.25250661998076296	NO	P63096
138	A	138	-71.24	32.904	48.291	-0.97	0.665074056378404	1	0	0	1	1.168035172631138	-0.08879847658848912	NO	P63096
139	C	139	-70.455	31.871	44.819	1.17	0.668057115353762	1	0	0	1	1.215771421331398	-0.3477360948511055	NO	P63096
140	F	140	-66.971	32.527	45.441	0.56	0.642592592592593	1	0	0	1	1.0185952929800188	0.044144352986443924	NO	P63096
141	N	141	-66.966	30.359	48.301	-0.97	0.640740740740741	2	0	0	1	0.6966220704345907	0.0017995998625763255	NO	P63096
142	R	142	-68.056	27.773	45.931	1.17	0.638376383763838	0	0	0	1	0.82835564723114	0.06974815720087549	NO	P63096
143	S	143	-65.333	28.103	43.462	-0.97	0.611992945326279	0	0	0	1	0.699798660411519	-0.16468667513751337	NO	P63096
144	R	144	-64.832	24.608	42.942	-0.97	0.607977508346512	1	0	0	1	0.3573571126055423	0.07486891804376174	NO	P63096
145	E	145	-67.978	24.062	41.273	1.17	0.668775259181163	0	0	0	1	0.5853874176383838	-0.2044259129286623	NO	P63096
146	Y	146	-66.282	26.16	38.708	0.56	0.696532846715329	0	0	0	1	0.787902350411771	-0.30548000801062125	NO	P63096
147	Q	147	-62.998	27.475	37.514	-0.36	0.692518248175183	0	0	0	1	0.5460565764969498	-0.3445679473599259	NO	P63096
148	L	148	-61.582	30.476	39.203	1.17	0.662696888205916	0	0	0	1	0.7188437498293041	-0.34534382021490867	NO	P63096
149	N	149	-58.152	31.642	39.502	-1.28	0.633699633699634	0	0	0	1	0.6353847727540863	-0.5153740744053984	NO	P63096
150	D	150	-56.269	31.499	42.525	1.17	0.699084249084249	0	0	0	1	0.37619143907092373	0.24239095133247102	NO	P63096
151	S	151	-55.43	35.086	42.867	0.56	0.666538609296965	1	0	0	1.0000000000000002	0.7583215698909115	0.26433706923055517	NO	P63096
152	A	152	-58.875	36.043	42.23	-0.05	0.601613522858241	0	0	0	1	0.8739470014233628	-0.21641200754865358	NO	P63096
153	A	153	-59.265	37.224	45.687	-1.28	0.601148325358852	0	0	0	1	0.7980834280512151	-0.18714334508392103	NO	P63096
154	Y	154	-55.942	38.756	46.127	1.17	0.639194139194139	0	0	0	1.0000000000000002	0.7467675762961381	0.600112673071243	NO	P63096
155	Y	155	-56.54	41.269	43.547	1.17	0.606034295637074	0	0	0	1	0.9040592518428676	0.19251511587007286	NO	P63096
156	L	156	-60.12	41.905	44.257	1.17	0.604297807683959	0	0	0	1	0.9394458618590633	-0.24995339812526976	NO	P63096
157	N	157	-59.557	42.458	47.741	-0.05	0.561808118081181	0	0	0	1	0.7377774562887388	-0.08610108584349045	NO	P63096
158	D	158	-57.046	45.043	46.85	-1.28	0.563888888888889	1	0	0	1	0.6829051856752565	0.15323882311750012	NO	P63096
159	L	159	-58.692	47.025	44.242	0.56	0.644444444444445	0	0	0	1	0.8739207310229822	-0.410323171819716	NO	P63096
160	D	160	-58.642	50.41	45.608	0.56	0.552380952380952	1	0	0	1	0.7508395390831921	-0.6300891579935868	NO	P63096
161	R	161	-55.006	49.968	45.368	1.17	0.556503198294243	0	0	0	0.9999999999999999	0.6098410480952849	-0.03388628842896645	NO	P63096
162	I	162	-54.674	49.003	41.816	0.56	0.654135338345865	0	0	0	1	0.8161618883078742	-0.40757990708245545	NO	P63096
163	A	163	-57.337	50.923	40.103	-0.36	0.656603773584906	0	0	0	1	0.8453582537765172	-0.8547320592559207	NO	P63096
164	Q	164	-56.015	54.205	41.079	-0.97	0.654135338345865	0	0	0	0.9999999999999999	0.7428046982113273	-1.2300214332140906	NO	P63096
165	P	165	-54.36	55.176	37.951	-1.59	0.651119402985075	2	0	0	1	0.7972276091179491	-0.9736068645372099	NO	P63096
166	N	166	-50.802	55.477	38.027	-0.97	0.651119402985075	0	0	0	0.9999999999999999	0.7296222577930424	-1.3512629767000752	NO	P63096
167	Y	167	-50.62	52.138	39.596	0.56	0.654850746268657	0	0	0	1	0.9116964419409317	-0.9031964029475231	NO	P63096
168	I	168	-47.659	50.038	39.331	-0.36	0.654275092936803	0	0	0	0.9999999999999999	0.9972876238902801	-0.9105117755802179	NO	P63096
169	P	169	-47.541	46.445	40.133	1.17	0.699403917116094	1	0	0	1	0.9182811139167382	-0.7232167203813721	NO	P63096
170	T	170	-45.473	45.153	42.919	0.56	0.747742963356346	0	0	0	1	0.9617299691015933	-0.021287591117103346	NO	P63096
171	Q	171	-43.604	42.022	42.948	-1.28	0.747742963356346	0	0	1	0.06250000000000003	0.903461253265589	0.4128391336742581	NO	P63096
172	Q	172	-46.135	40.088	44.55	0.25	0.8	0	0	1	0.06250000000000003	0.9184651973029389	1.1039589631480924	NO	P63096
173	D	173	-48.573	41.629	42.32	1.17	0.794117647058824	0	0	1	0.11250000000000007	0.8751094481469118	0.25571262991622035	NO	P63096
174	V	174	-46.582	40.175	39.625	0.56	0.752757352941177	0	0	1	0.08750000000000004	0.8371377038319071	0.4388176277064619	NO	P63096
175	L	175	-46.066	36.847	41.065	1.17	0.751520681265207	0	0	1	0.07499999999999998	0.6059927312783975	1.2455017981004293	NO	P63096
176	R	176	-49.607	36.479	41.489	0.25	0.701581027667984	0	0	1	0.11250000000000007	0.6191914601300929	0.7597706807798056	NO	P63096
177	T	177	-50.521	36.642	37.946	-0.36	0.640794223826715	1	0	1	0.11250000000000007	0.7182473683851709	0.13211639823602916	NO	P63096
178	R	178	-51.634	34.151	35.524	1.17	0.638489208633094	0	0	1	0.11250000000000007	0.41633257415302727	0.3596735872760561	NO	P63096
179	V	179	-50.527	33.33	32.166	-0.97	0.638489208633094	0	0	1	0.08750000000000004	0.11454694001924921	0.5592928937808065	NO	P63096
180	K	180	-50.511	29.982	30.695	-0.97	0.635714285714286	0	0	1	0.08750000000000004	-1.0152161123088805	1.1165498448909035	NO	P63096
181	T	181	-47.252	28.598	29.927	1.17	0.512230215827338	1	0	1	0.08750000000000004	-1.406542009422064	1.4416165055934818	NO	P63096
182	T	182	-47.104	26.774	26.702	1.17	0.467344929438792	0	0	0	1	-1.6054613926334889	1.328273610510241	NO	P63096
183	G	183	-44.372	25.408	24.769	1.17	0.515942028985507	0	0	0	0.9999999999999999	-1.7148624323337394	1.821938932571104	NO	P63096
184	I	184	-41.231	25.819	26.703	1.17	0.512635379061372	0	0	0	0.9999999999999999	-1.6222048953356243	1.8070136876023044	NO	P63096
185	V	185	-39.165	28.548	28.063	-0.36	0.482336956521739	1	0	0	0.9999999999999999	-1.4391455697916153	1.3454855324068995	NO	P63096
186	E	186	-35.521	28.475	28.955	1.17	0.385869565217391	0	0	0	1	-1.4340687064117479	1.4348964455430664	NO	P63096
187	T	187	-33.915	30.673	31.481	-0.05	0.351074380165289	0	0	0	0.9999999999999999	-1.239127949110561	1.081572568193411	NO	P63096
188	H	188	-30.414	31.113	32.761	-1.28	0.38978102189781	0	0	0	0.9999999999999999	-1.208337947210615	0.40464591632564006	NO	P63096
189	F	189	-28.889	31.787	35.988	1.17	0.471134704711347	0	0	0	1	-0.9162555747135812	0.2654343751254594	NO	P63096
190	T	190	-25.974	31.237	38.21	-0.05	0.468099173553719	0	0	0	1	-0.8144699860979868	-0.21920906179056623	NO	P63096
191	F	191	-26.157	30.436	41.837	-0.05	0.510144927536232	0	0	0	1	0.05310942865173846	-0.10734482194894272	NO	P63096
192	K	192	-23.542	29.136	44.076	-0.36	0.465085638998683	0	0	0	1	0.3424739052315101	-0.1350822765145769	NO	P63096
193	D	193	-21.572	28.85	41.114	-0.97	0.383393501805054	0	0	0	0.9999999999999999	-0.28195334822887974	-0.18080335546891893	NO	P63096
194	L	194	-23.585	26.793	38.923	-0.36	0.383695652173913	0	0	0	0.9999999999999999	-0.5689260370847669	0.0051290322787387	NO	P63096
195	H	195	-25.122	27.627	35.72	-1.28	0.380935251798561	0	0	0	0.9999999999999999	-1.1382146870508867	-0.2994856509440847	NO	P63096
196	F	196	-28.619	26.643	35.753	0.25	0.378494623655914	0	0	0	0.9999999999999999	-0.9486807127347638	0.26310102350985853	NO	P63096
197	K	197	-30.499	26.093	32.699	0.56	0.281374900079936	0	0	0	0.9999999999999999	-1.4128600654818362	0.4620350146291302	NO	P63096
198	M	198	-34.047	26.066	33.538	0.56	0.281374900079936	0	0	0	1	-1.3523645995052185	0.93735135143847	NO	P63096
199	F	199	-36.887	24.781	31.589	-0.05	0.282174260591527	0	0	0	0.9999999999999999	-1.3875706309995346	1.4934544283875555	NO	P63096
200	D	200	-40.418	25.626	32.101	1.17	0.253956834532374	0	0	1	0.06250000000000003	-1.464352051538606	1.5145342521580838	NO	P63096
201	V	201	-43.243	23.834	30.617	1.17	0.141486810551559	0	0	1	0.08750000000000004	-1.600731128495699	1.615648958325553	NO	P63096
202	G	202	-46.914	23.563	30.549	1.17	0.140979689366786	0	0	0	0.9999999999999999	-1.645676957486288	1.458560567620041	NO	P63096
203	G	203	-48.993	21.082	32.332	1.17	0.139976275207592	0	0	0	1.0000000000000002	-1.3098452781784318	1.5383561066286542	NO	P63096
204	Q	204	-52.24	20.718	30.784	1.17	0.227433344041118	1	0	0	1	-1.3813109060876592	1.448822025578188	NO	P63096
205	R	205	-52.228	17.572	29.107	0.56	0.209219858156028	0	0	0	0.9999999999999999	-1.4014847594438788	1.3414037665176424	NO	P63096
206	S	206	-52.336	19.047	25.841	1.17	0.209219858156028	0	0	0	0.9999999999999999	-1.7144055284571356	1.3472432306367228	NO	P63096
207	E	207	-48.921	20.167	26.423	1.17	0.211309523809524	0	0	0	1	-1.744733774210307	1.8822841305475086	NO	P63096
208	R	208	-47.405	17.354	27.997	1.17	0.314716312056738	0	0	0	1	-1.6928235284244955	2.096241846320883	NO	P63096
209	K	209	-46.992	16.27	24.634	0.56	0.314716312056738	0	0	0	0.9999999999999999	-1.954025173935184	2.318364609680069	NO	P63096
210	K	210	-43.938	18.285	23.923	1.17	0.315178571428571	0	0	0	0.9999999999999999	-1.9512129159588982	2.337706183142364	NO	P63096
211	W	211	-42.009	17.466	26.988	1.17	0.288870703764321	0	0	0	1	-1.8371084126044142	2.12563880671523	NO	P63096
212	I	212	-39.869	14.73	25.701	1.17	0.271121351766513	0	0	0	1	-1.563596420371921	1.6117954564791388	NO	P63096
213	H	213	-37.767	16.943	23.878	1.17	0.36382322713258	0	0	0	1	-1.6462845958194596	1.893307990695389	NO	P63096
214	C	214	-36.349	18.134	27.12	1.17	0.367792207792208	0	0	0	1	-1.6027859722020963	1.6418217359669722	NO	P63096
215	F	215	-35.624	14.946	28.634	1.17	0.343272727272727	0	0	0	1	-1.5780128606764008	1.0870069938742517	NO	P63096
216	E	216	-31.998	14.46	28.008	1.17	0.402600364963504	0	0	0	1	-1.5282639982522568	0.5962959569150545	NO	P63096
217	G	217	-29.391	15.442	30.29	-0.67	0.429440389294404	0	0	0	1	-1.4953373952739573	0.8011263906305068	NO	P63096
218	V	218	-31.335	16.402	33.202	1.17	0.460114702815433	0	0	0	0.9999999999999999	-1.3459767191405154	0.6594615833010085	NO	P63096
219	T	219	-29.834	17.043	36.49	-0.36	0.46218487394958	1	0	0	1.0000000000000002	-0.6866694896698613	0.4450267732581149	NO	P63096
220	A	220	-32.798	17.872	38.519	-0.05	0.42979242979243	1	0	0	1	-0.44870290832802084	0.8817545194299902	NO	P63096
221	I	221	-36.453	18.176	38.424	0.87	0.42979242979243	0	0	0	1	-0.7189490266765572	1.0367003376395134	NO	P63096
222	I	222	-38.79	20.049	40.431	0.56	0.431734317343173	0	0	0	1	-0.48354312247263836	1.5536792780543123	NO	P63096
223	F	223	-42.228	18.686	40.375	0.56	0.457142857142857	1	0	0	0.9999999999999999	-0.7895879268533772	1.1653776125434254	NO	P63096
224	C	224	-44.861	20.993	41.632	0.25	0.453842186694172	0	0	1	0.09999999999999995	-0.637309457057265	1.4422187456119664	NO	P63096
225	V	225	-48.119	19.942	43.103	0.25	0.508303249097473	1	0	0	1	-0.514412490696946	1.0371266729548325	NO	P63096
226	A	226	-50.872	22.121	44.126	-0.97	0.506093189964158	0	0	0	1	-0.4913915626451526	0.9705365418358761	NO	P63096
227	L	227	-51.993	21.058	47.422	1.17	0.500709219858156	0	0	0	1	-0.4482080607256506	0.7185594512304068	NO	P63096
228	S	228	-55.18	22.829	47.164	1.17	0.536474164133739	1	0	0	1	-0.3296049839132828	0.2937814440771515	NO	P63096
229	D	229	-56.241	20.686	44.378	-0.97	0.53306410903584	0	0	0	1	-0.37990317731915874	0.029920017311759715	NO	P63096
230	Y	230	-57.632	17.943	46.477	1.17	0.497183098591549	0	0	0	1	-0.3621801376433454	0.1715068662582316	NO	P63096
231	D	231	-61.007	18.991	45.548	1.17	0.532330827067669	1	0	0	1	-0.1311656632303249	-0.09411618977148646	NO	P63096
232	L	232	-60.976	20.319	42.22	-0.05	0.533466533466534	0	0	0	1.0000000000000002	-0.11113470246151184	-0.21758342342774523	NO	P63096
233	V	233	-61.435	18.618	38.958	-0.67	0.533466533466534	0	0	0	0.9999999999999999	-0.10842792777185038	-0.15519955125448742	NO	P63096
234	L	234	-59.528	19.149	35.837	1.17	0.533834586466165	0	0	0	0.9999999999999999	-0.49794509577812446	0.15273979844765354	NO	P63096
235	A	235	-60.422	21.756	33.444	-1.89	0.518648018648019	1	0	0	1	-0.6389694802784748	-0.08781371488793402	NO	P63096
236	E	236	-59.451	19.697	30.686	1.17	0.565797838525111	0	0	0	1	-1.0338164349634256	0.19045180564033845	NO	P63096
237	D	237	-61.583	17.147	32.059	-0.67	0.565797838525111	0	0	0	0.9999999999999999	-0.6635165620559188	-0.1962469199157189	NO	P63096
238	E	238	-64.192	17.818	34.555	-0.05	0.560290404040404	0	0	0	1	-0.07354275618849107	-0.12303342747249148	NO	P63096
239	E	239	-64.237	14.289	35.407	-0.05	0.489655172413793	0	0	0	0.9999999999999999	-0.19411472741101488	-0.21360060943883366	NO	P63096
240	M	240	-60.81	14.106	36.93	-0.97	0.489655172413793	1	0	0	1	-0.1733332101341605	-0.48888029838672187	NO	P63096
241	N	241	-59.654	15.1	40.248	0.56	0.486301369863014	0	0	0	1	-0.2552509312856257	-0.43501255445506076	NO	P63096
242	R	242	-56.838	17.255	40.096	1.17	0.542191676212295	0	0	0	1	-0.6285317898726391	0.02546049585699386	NO	P63096
243	M	243	-54.698	15.744	42.636	1.17	0.612068965517241	0	0	0	1	-0.6689628048500406	0.36315391360409094	NO	P63096
244	H	244	-55.391	12.51	41.169	-1.59	0.614186851211073	0	0	0	1.0000000000000002	-0.44007719603374	-0.10121918061807068	NO	P63096
245	E	245	-54.057	13.668	37.924	1.17	0.547481737793157	0	0	0	1	-0.6135828759032014	0.08511043972953436	NO	P63096
246	S	246	-51.098	14.916	39.576	1.17	0.615916955017301	0	0	0	0.9999999999999999	-0.8073962768785307	0.4873340116505327	NO	P63096
247	M	247	-50.316	11.72	41.115	-0.36	0.611683848797251	0	0	0	1	-0.7762913077052584	-0.1377774138003066	NO	P63096
248	K	248	-50.531	9.942	38.013	-1.28	0.611683848797251	0	0	0	1	-0.8028628532756579	-0.2109089274573165	NO	P63096
249	L	249	-48.109	12.201	36.475	1.17	0.611683848797251	0	0	0	1	-0.9287527273787797	0.3937687139835091	NO	P63096
250	F	250	-45.787	12.318	39.221	1.17	0.612068965517241	0	0	0	1	-0.8444224272053883	0.27525237523776025	NO	P63096
251	D	251	-45.708	8.651	38.983	-1.28	0.611683848797251	0	0	0	0.9999999999999999	-0.8850959521361335	-0.5750883933848079	NO	P63096
252	S	252	-44.787	8.737	35.51	0.56	0.611683848797251	0	0	0	0.9999999999999999	-0.9122428267469972	0.08920704840384339	NO	P63096
253	I	253	-42.049	11.055	35.939	1.17	0.522504892367906	0	0	0	0.9999999999999999	-0.974601755689778	0.494508704040291	NO	P63096
254	C	254	-40.709	9.846	39.125	0.25	0.518950437317784	0	0	0	0.9999999999999999	-0.8626153433225746	-0.28870510180116615	NO	P63096
255	N	255	-40.152	6.705	37.519	-0.05	0.449746621621622	0	0	0	1	-0.9509900996508127	-1.1451082082838764	NO	P63096
256	N	256	-39.137	7.403	34.079	-1.28	0.340548340548341	1	0	0	0.9999999999999999	-0.994090674736513	0.0017995998625763255	NO	P63096
257	K	257	-36.282	5.969	32.706	-0.97	0.340548340548341	0	0	0	0.9999999999999999	-1.1295893280915321	-0.5083587905881315	NO	P63096
258	W	258	-34.669	9.116	31.851	0.56	0.298986486486487	0	0	0	1	-1.0060225818374031	0.4259749984451405	NO	P63096
259	F	259	-34.677	10.228	35.246	1.17	0.398648648648649	1	0	0	1	-1.021483534414388	0.22414685534244747	NO	P63096
260	T	260	-32.843	7.658	36.973	-1.28	0.398648648648649	0	0	0	0.9999999999999999	-1.0560886566711702	-0.5703469481599132	NO	P63096
261	D	261	-29.904	9.557	37.89	-0.97	0.45	0	0	0	1.0000000000000002	-0.6683513916041353	-0.695165493705267	NO	P63096
262	T	262	-31.8	12.767	38.028	0.56	0.453071672354949	1	0	0	1	-0.5762571565684856	0.08480921850348223	NO	P63096
263	S	263	-32.595	14.393	41.295	1.17	0.534839924670433	0	0	0	1	-0.2256255791279668	0.29816104216646205	NO	P63096
264	I	264	-36.29	14.355	41.828	0.56	0.607876712328767	0	0	0	1	-0.34000169816231696	0.4474042693637407	NO	P63096
265	I	265	-37.516	17.127	43.883	0.56	0.609965635738832	0	0	0	1	-0.02950170779649124	0.9953256795525759	NO	P63096
266	L	266	-41.065	17.581	44.839	1.17	0.609965635738832	0	0	0	1.0000000000000002	-0.3965117317355655	0.8813292070676241	NO	P63096
267	F	267	-42.644	20.839	45.805	1.17	0.563747671014107	0	0	0	1	-0.10684324046342462	1.2993552425232096	NO	P63096
268	L	268	-45.943	20.738	47.404	1.17	0.528971028971029	0	0	0	1	-0.3217217506862492	0.8985968889796825	NO	P63096
269	N	269	-47.261	23.949	47.056	1.17	0.575990675990676	0	0	1	0.12500000000000006	-0.09580772034207706	1.2219193468502947	NO	P63096
270	K	270	-49.773	26.326	47.749	1.17	0.574358974358974	0	0	1	0.15000000000000002	0.047352982549006335	1.0761746151681462	NO	P63096
271	K	271	-49.697	25.524	51.238	-0.36	0.578403755868545	1	0	0	1	-0.15383480773570882	0.7105747998249334	NO	P63096
272	D	272	-51.182	28.765	52.019	1.17	0.624555160142349	0	0	0	1	0.31195643540290247	0.875283228254914	NO	P63096
273	L	273	-54.218	27.963	50.356	0.56	0.629963898916968	0	0	0	1	0.13280062973925272	0.3863818693193455	NO	P63096
274	F	274	-54.331	24.502	51.416	0.25	0.627697841726619	1	0	0	1	-0.30590146036978616	0.12773324321591156	NO	P63096
275	E	275	-54.148	25.42	54.804	-1.28	0.589651022864019	0	0	0	1	-0.3041592460890641	-0.33549826122754106	NO	P63096
276	E	276	-57.334	27.16	54.536	0.56	0.632727272727273	0	0	0	1	-0.4026110907329911	-0.7824927545080602	NO	P63096
277	K	277	-59.208	25.013	52.386	1.17	0.595963933018463	0	0	0	1	-0.3088176056189089	-0.3346153714270434	NO	P63096
278	I	278	-58.545	22.24	54.599	0.56	0.521468441391155	1	0	0	1	-0.5185050918754216	-0.5526891521499604	NO	P63096
279	K	279	-60.589	23.843	57.152	-1.28	0.559294871794872	2	0	0	1.0000000000000002	-0.549244432383683	-0.7905396644040245	NO	P63096
280	K	280	-63.719	23.376	55.298	-0.67	0.53028000868244	0	0	0	1	-0.29721139109610784	-0.9324578934783021	NO	P63096
281	S	281	-63.497	20.909	52.553	-0.67	0.542241211885803	0	0	0	1	-0.30648401999465247	-0.8839935497866995	NO	P63096
282	P	282	-62.507	17.463	53.498	-1.28	0.515985130111524	0	0	0	1	-0.5577426549250403	-0.6326495384150299	NO	P63096
283	L	283	-59.979	15.249	52.185	1.17	0.514074074074074	0	0	0	1	-0.7623852275456118	-0.31942966685848406	NO	P63096
284	T	284	-62.03	12.316	51.805	-0.67	0.537580112643232	1	0	0	1	-0.7726846816031343	-0.14849379300785057	NO	P63096
285	I	285	-62.796	13.849	48.606	-1.28	0.536026412895708	1	0	0	1	-0.4492558995289926	-0.45217554409330607	NO	P63096
286	C	286	-59.601	12.901	47.029	-0.05	0.534472713148184	0	0	0	1	-0.5416821513563188	0.09711774101630226	NO	P63096
287	Y	287	-58.911	10.095	49.193	0.56	0.504029304029304	2	0	0	1.0000000000000002	-0.7586997654677136	-0.2887051018011662	NO	P63096
288	P	288	-62.022	8.441	50.349	1.17	0.480392156862745	0	0	0	0.9999999999999999	-0.5425722829744766	-0.0897832382890442	NO	P63096
289	E	289	-60.176	6.289	52.64	-0.36	0.475151515151515	0	0	0	1	-0.8040645884472595	-0.6892217534412025	NO	P63096
290	Y	290	-58.362	8.817	54.695	0.56	0.43974358974359	0	0	0	0.9999999999999999	-1.19231976061635	-0.9194897329021615	NO	P63096
291	A	291	-59.131	8.12	58.208	-1.28	0.439416058394161	0	0	0	0.9999999999999999	-0.9426161050746474	-0.6823635915980512	NO	P63096
292	G	292	-57.55	10.906	59.877	1.17	0.439416058394161	1	0	0	0.9999999999999999	-1.2524501979916967	-0.7905396644040245	NO	P63096
293	S	293	-58.588	14.321	60.716	-0.67	0.441360294117647	0	0	0	1.0000000000000002	-1.0584820278919185	-1.3811340816169122	NO	P63096
294	N	294	-58.423	17.196	58.464	-0.67	0.395604395604396	0	0	0	1	-0.884032780242763	-1.0406983144694704	NO	P63096
295	T	295	-55.827	19.312	59.521	-0.97	0.313186813186813	0	0	0	1.0000000000000002	-0.9530875772254941	-0.9608049624299942	NO	P63096
296	Y	296	-53.063	20.85	57.798	-0.97	0.315257352941176	1	0	0	1	-0.7207750879805735	-0.47731979284747855	NO	P63096
297	E	297	-50.847	18.789	59.688	-1.28	0.315257352941176	0	0	0	1	-1.0227298175047528	-1.1041862660308108	NO	P63096
298	E	298	-52.365	15.491	59.197	-0.36	0.336274509803922	0	0	0	0.9999999999999999	-1.3135704322654411	-1.3811340816169122	NO	P63096
299	A	299	-53.386	15.817	55.708	1.17	0.360294117647059	1	0	0	1	-0.9671967063300444	-0.9194897329021615	NO	P63096
300	A	300	-50.456	17.379	54.383	0.25	0.291229066136815	0	0	0	1	-0.6600930979655971	0.08861411820098287	NO	P63096
301	A	301	-48.768	14.413	55.385	-1.59	0.293162393162393	0	0	0	1	-1.1698277279899463	-0.5396223831025952	NO	P63096
302	Y	302	-51.07	11.83	54.175	0.56	0.293162393162393	0	0	0	0.9999999999999999	-1.4460942793806444	-0.8662131301933444	NO	P63096
303	I	303	-50.582	13.515	51.002	1.17	0.194004524886878	0	0	0	1	-0.9194977088468731	-0.3924333342596325	NO	P63096
304	Q	304	-46.972	13.947	51.378	-0.67	0.270220588235294	0	0	0	1	-0.8748815660589053	-0.2673685982891399	NO	P63096
305	C	305	-47.182	10.39	51.331	-1.59	0.268445839874411	0	0	0	1	-1.3626246700982712	-0.40940875024062917	NO	P63096
306	Q	306	-49.414	9.26	48.801	-0.67	0.269432773109244	0	0	0	0.9999999999999999	-1.1674288461848976	-0.895728626718314	NO	P63096
307	F	307	-47.03	10.83	46.547	0.56	0.253136531365314	0	0	0	0.9999999999999999	-0.7696214812441194	-0.16760602781398995	NO	P63096
308	E	308	-43.845	9.541	47.916	-0.97	0.210622710622711	0	0	0	1	-0.8767745359367045	-0.6815634727163501	NO	P63096
309	D	309	-45.048	6.072	47.56	-0.67	0.210622710622711	0	0	0	0.9999999999999999	-1.3761460191215509	-1.4854046466061188	NO	P63096
310	L	310	-45.265	6.06	43.908	-0.67	0.291631445477599	0	0	0	1	-1.1061286987578758	-1.0853773175502093	NO	P63096
311	N	311	-41.624	5.707	43.923	-0.36	0.315454545454545	0	0	0	0.9999999999999999	-0.9786797005590255	-1.2078816730992585	NO	P63096
312	K	312	-40.907	2.311	42.701	-1.28	0.252363636363636	0	0	0	1	-1.264948843711663	-1.665491482968099	NO	P63096
313	R	313	-37.373	2.4	43.717	-1.28	0.278379462494986	0	0	0	0.9999999999999999	-1.3930362232319733	-2.2000290864084806	NO	P63096
314	K	314	-37.656	3.578	47.193	-0.97	0.275998418347173	0	0	0	0.9999999999999999	-1.4238736064151811	-1.709716235702117	NO	P63096
315	D	315	-34.512	1.955	47.602	-0.67	0.277976901632816	0	0	0	0.9999999999999999	-1.5783756678900351	-2.357492482327235	NO	P63096
316	T	316	-32.26	3.182	44.934	-2.2	0.275998418347173	0	0	0	1	-1.2361101672970731	-1.806644923085322	NO	P63096
317	K	317	-33.876	6.624	44.526	0.56	0.413427561837456	0	0	0	1	-1.1343896644054146	-1.3473667456239662	NO	P63096
318	E	318	-34.675	9.306	46.978	-1.28	0.554767533490938	0	0	0	0.9999999999999999	-0.8032649616370747	-1.039408641368299	NO	P63096
319	I	319	-37.218	12.051	46.839	0.87	0.628113879003559	1	0	0	0.9999999999999999	-0.6203192819536877	-0.48315561488914627	NO	P63096
320	Y	320	-36.569	15.357	48.238	0.56	0.717844433146924	0	0	0	1.0000000000000002	0.2354041030437598	0.4474042693637407	NO	P63096
321	T	321	-39.786	16.99	49.274	0.56	0.779593639575972	0	0	0	1	-0.0560961819999716	0.45463114958555606	NO	P63096
322	H	322	-40.574	20.505	50.305	1.17	0.779593639575972	0	0	0	1	0.4350719884121987	0.6819802991518416	NO	P63096
323	F	323	-43.675	22.33	51.271	-0.36	0.78125	0	0	0	1	0.23547173285636813	0.5427073183841248	NO	P63096
324	T	324	-43.902	25.558	49.26	1.17	0.833333333333333	0	0	1	0.1375000000000001	0.35866507039722323	1.1707117384214318	NO	P63096
325	C	325	-45.508	28.901	48.626	1.17	0.75	1	0	1	0.12500000000000006	0.5148272169605029	1.2030533858501873	NO	P63096
326	A	326	-44.232	29.886	45.246	1.17	0.749473684210526	0	0	1	0.12500000000000006	0.42908649031571594	1.318380190634897	NO	P63096
327	T	327	-45.459	33.323	45.945	1.17	0.748951048951049	0	0	1	0.09999999999999995	0.5475986591520605	1.4580433190500521	NO	P63096
328	D	328	-43.577	33.736	49.124	1.17	0.802762608416319	0	0	1	0.06250000000000003	0.8722491789739751	1.3144234136895312	NO	P63096
329	T	329	-40.2	34.89	48.142	1.17	0.840989399293286	0	0	1	0.06250000000000003	0.9766038819015599	1.394965747747832	NO	P63096
330	K	330	-38.616	33.947	51.309	-0.97	0.840989399293286	0	0	0	1	1.2580214776170149	1.248803341275448	NO	P63096
331	N	331	-39.712	30.422	51.334	1.17	0.835680751173709	0	0	0	0.9999999999999999	1.1393119654068686	1.1963155426358631	NO	P63096
332	V	332	-38.754	29.748	48.025	0.56	0.84160756501182	1	0	1	0.08750000000000004	0.8536011106966838	1.4055351999309327	NO	P63096
333	Q	333	-35.402	30.979	48.431	-0.05	0.781823159047359	1	0	0	1	1.1521748158348863	1.1597386794723896	NO	P63096
334	F	334	-34.82	29.111	51.39	-0.36	0.843345111896349	0	0	0	1	1.6079765385046294	1.0066146295925749	NO	P63096
335	V	335	-35.851	25.944	49.892	1.17	0.806982872200264	0	0	0	1	1.2218691157272636	1.057894976101593	NO	P63096
336	F	336	-34.084	26.394	46.68	1.17	0.809701492537313	1	0	0	1.0000000000000002	0.939828208322662	0.8749204213126043	NO	P63096
337	D	337	-30.94	26.518	48.683	-1.28	0.806384455239417	0	0	0	0.9999999999999999	1.6324545355379658	0.451366762873117	NO	P63096
338	A	338	-31.79	23.315	50.174	-0.67	0.889411764705882	0	0	0	0.9999999999999999	1.6678601430586422	0.451366762873117	NO	P63096
339	V	339	-32.397	22.077	46.828	1.17	0.891935483870968	1	0	0	1	0.9826136866959578	0.5843020289941288	NO	P63096
340	T	340	-29.248	23.067	45.271	-0.36	0.990779160903642	0	0	0	1	0.347768332326611	-0.01171849257231581	NO	P63096
341	D	341	-27.205	21.799	48.025	1.17	0.957446808510638	0	0	0	1	1.2415541890568462	-0.25905859165814016	NO	P63096
342	V	342	-28.562	18.497	47.11	-0.67	0.953056768558952	0	0	0	1	1.1425891395185548	0.22569860105241302	NO	P63096
343	I	343	-27.74	18.587	43.539	0.56	0.957013574660633	1	0	0	1	0.2183578460242055	0.2895877175247878	NO	P63096
344	I	344	-24.338	19.354	44.508	0.87	0.961267605633803	1	0	0	0.9999999999999999	0.5551335715708247	-0.5056636533024018	NO	P63096
345	K	345	-24.446	15.641	44.349	-0.97	0.956521739130435	0	0	0	0.9999999999999999	0.944905415822182	0.03429673598089337	NO	P63096
