Uniprot_position	aminoacid	Position_in_structure	x	y	z	paraz	mtr	gscount	pscount	OR	pvalue	mtr3dscore	paraz3dscore	HotSpot3D	Uniprot
1	M	1	21.261	3.947	30.24	NA	NA	0	0	10.955715138949763	0.13043478260869562	-1.0665577133944426	Inf	NO	P63000
2	Q	2	20.889	1.466	27.443	NA	NA	0	0	10.955715138949763	0.13043478260869562	-0.8780143432264669	Inf	NO	P63000
3	A	3	18.939	2.586	24.441	NA	NA	0	0	10.955715138949763	0.13043478260869562	-0.8386553409373693	Inf	NO	P63000
4	I	4	16.195	0.449	22.971	NA	0	0	0	1.8076561420284465	0.6146245059288539	-0.4671777401183971	Inf	NO	P63000
5	K	5	14.392	1.883	19.959	NA	0	0	0	9.955715138949763	0.04743083003952572	-0.6118824259715068	Inf	NO	P63000
6	C	6	10.713	1.12	19.538	NA	0	0	0	3.035187750681333	0.35635531516538377	-0.4024541654211634	Inf	NO	P63000
7	V	7	8.519	1.874	16.528	NA	0	0	0	1.8076561420284465	0.6146245059288539	-0.4636868017268714	Inf	NO	P63000
8	V	8	4.731	1.806	16.546	NA	0	0	0	1.8076561420284465	0.6146245059288539	-0.6635346863086493	Inf	NO	P63000
9	V	9	2.816	0.986	13.391	NA	0	0	0	0	0.25889328063241096	-0.3722671024139825	Inf	NO	P63000
10	G	10	-0.816	0.323	12.58	NA	0	0	0	0	0.26630434782608686	-0.3738827134658855	Inf	NO	P63000
11	D	11	-3.865	1.633	10.737	NA	0	0	0	0	0.5108695652173911	-0.6260900644380468	Inf	NO	P63000
12	G	12	-4.992	5.174	11.292	NA	0	0	0	3.7592272910956344	0.5331027667984191	-1.1757699087646778	Inf	NO	P63000
13	A	13	-7.37	5.826	14.172	NA	0	0	0	10.955715138949763	0.37500000000000006	-1.1137416837247576	Inf	NO	P63000
14	V	14	-6.195	2.672	15.934	NA	0	0	0	1.8076561420284465	0.6146245059288539	-0.6100380508003469	Inf	NO	P63000
15	G	15	-4.801	4.669	18.834	NA	0	0	0	4.8069847985287675	0.1501456209694196	-0.9054792774906048	Inf	NO	P63000
16	K	16	-1.027	4.681	18.324	NA	0	0	0	1.8076561420284465	0.6146245059288539	-0.9550456377439166	Inf	NO	P63000
17	T	17	-0.673	8.341	19.257	NA	0	0	0	10.955715138949763	0.011857707509881436	-1.2745009942714987	Inf	NO	P63000
18	C	18	-2.995	8.178	22.259	NA	0	0	1	10.955715138949763	0.011857707509881436	-1.1362800556015396	Inf	NO	P63000
19	L	19	-1.107	5.081	23.252	NA	0	0	0	4.8069847985287675	0.1501456209694196	-0.8115241652797053	Inf	NO	P63000
20	L	20	2.204	6.913	23.393	NA	0	0	0	10.955715138949763	0.002964426877470356	-1.1306349176342652	Inf	NO	P63000
21	I	21	0.718	9.985	25.048	NA	0	0	0	10.955715138949763	0.011857707509881436	-1.3320855726542788	Inf	NO	P63000
22	S	22	-1.252	8.121	27.674	NA	0	0	0	10.955715138949763	0.011857707509881436	-1.1988725603680788	Inf	NO	P63000
23	Y	23	1.97	6.298	28.445	NA	0	0	0	10.955715138949763	0.011857707509881436	-1.0647785082251917	Inf	NO	P63000
24	T	24	4.398	9.187	28.752	NA	0	0	0	10.955715138949763	0.011857707509881436	-1.2408562060853123	Inf	NO	P63000
25	T	25	2.064	11.636	30.495	NA	0	0	0	10.955715138949763	0.041501976284585025	-1.4135074097174718	Inf	NO	P63000
26	N	26	0.148	9.047	32.484	NA	0	0	0	10.955715138949763	0.041501976284585025	-1.1512495110401204	Inf	NO	P63000
27	A	27	-2.997	10.768	31.244	NA	0	0	0	10.955715138949763	0.041501976284585025	-1.1821215279182549	Inf	NO	P63000
28	F	28	-5.386	10.216	28.336	NA	0	0	0	10.955715138949763	0.041501976284585025	-1.2592909279038982	Inf	NO	P63000
29	P	29	-5.63	13.166	25.983	NA	0	0	2	10.955715138949763	0.041501976284585025	-1.3620454806604778	Inf	NO	P63000
30	G	30	-9.184	13.714	24.859	NA	0	0	0	10.955715138949763	0.041501976284585025	-1.406648574486258	Inf	NO	P63000
31	E	31	-9.719	16.388	22.237	NA	0	0	0	10.955715138949763	0.041501976284585025	-1.5679685278464726	Inf	NO	P63000
32	Y	32	-6.478	17.61	20.893	NA	0	0	0	10.955715138949763	0.041501976284585025	-1.5679685278464726	Inf	NO	P63000
33	I	33	-4.405	14.804	19.515	NA	0	0	0	10.955715138949763	0.041501976284585025	-1.5679685278464726	Inf	NO	P63000
34	P	34	-1.708	15.252	16.94	NA	0	0	0	10.955715138949763	0.041501976284585025	-1.4607113913446113	Inf	NO	P63000
35	T	35	-1.542	13.07	13.884	NA	0	0	0	10.955715138949763	0.37500000000000006	-1.3949548819260977	Inf	NO	P63000
36	V	36	1.957	12.061	14.841	NA	0	0	0	10.955715138949763	0.13043478260869562	-1.3474092164458666	Inf	NO	P63000
37	F	37	3.188	12.124	18.405	NA	0	0	0	10.955715138949763	0.011857707509881436	-1.4191633089932851	Inf	NO	P63000
38	D	38	6.607	13.697	18.548	NA	0	0	0	10.955715138949763	0.13043478260869562	-1.3104612009375551	Inf	NO	P63000
39	N	39	9.533	11.345	19.034	NA	0	0	1	10.955715138949763	0.37500000000000006	-1.2653530408377045	Inf	NO	P63000
40	Y	40	10.224	10.866	22.718	NA	0	0	0	10.955715138949763	0.37500000000000006	-1.284605080601718	Inf	NO	P63000
41	S	41	12.602	8.709	24.748	NA	0	0	0	10.955715138949763	0.041501976284585025	-1.2398058272099428	Inf	NO	P63000
42	A	42	11.507	7.84	28.252	NA	0	0	0	10.955715138949763	0.041501976284585025	-1.1342660390164545	Inf	NO	P63000
43	N	43	13.53	6.558	31.156	NA	0	0	0	10.955715138949763	0.13043478260869562	-0.9452867592656278	Inf	NO	P63000
44	V	44	12.058	3.374	32.521	NA	0	0	0	1.8076561420284465	0.6146245059288539	-0.806841441135264	Inf	NO	P63000
45	M	45	13.401	0.838	34.961	NA	0	0	0	3.7592272910956344	0.5331027667984191	-0.7583615808936078	Inf	NO	P63000
46	V	46	12.414	-2.644	33.933	NA	0	0	0	1.8076561420284465	0.6146245059288539	-0.499478724263855	Inf	NO	P63000
47	D	47	13.612	-5.618	35.953	NA	0	0	0	3.7592272910956344	0.5331027667984191	-0.5481521724187934	Inf	NO	P63000
48	G	48	16.091	-3.627	37.998	NA	0.18534253850239	0	0	3.7592272910956344	0.5331027667984191	-0.7612554265977218	Inf	NO	P63000
49	K	49	17.787	-1.637	35.26	NA	0.186730872124131	0	0	3.7592272910956344	0.5331027667984191	-0.7248059005346096	Inf	NO	P63000
50	P	50	17.101	1.679	33.621	NA	0.187432867883996	0	0	3.7592272910956344	0.5331027667984191	-0.8003843783364506	Inf	NO	P63000
51	V	51	16.514	1.957	29.886	NA	0.218476903870162	0	2	1.8076561420284465	0.6146245059288539	-0.7478368252783961	Inf	NO	P63000
52	N	52	16.289	4.795	27.405	NA	0.262406015037594	0	0	10.955715138949763	0.13043478260869562	-0.9972667224938481	Inf	NO	P63000
53	L	53	13.242	3.768	25.421	NA	0.26390977443609	0	0	3.0805619090327143	0.325592885375494	-0.8964794614668218	Inf	NO	P63000
54	G	54	12.966	5.674	22.178	NA	0.263157894736842	0	0	6.3993101896338365	0.1304347826086956	-1.0205091729482474	Inf	NO	P63000
55	L	55	9.355	5.706	21.145	NA	0.219298245614035	0	0	6.3993101896338365	0.1304347826086956	-1.1452388549602162	Inf	NO	P63000
56	W	56	8.413	6.411	17.56	NA	0.186567164179104	0	0	10.955715138949763	0.37500000000000006	-1.2062758410460375	Inf	NO	P63000
57	D	57	4.932	7.071	16.218	NA	0.186567164179104	0	0	10.955715138949763	0.13043478260869562	-1.3298125303208126	Inf	NO	P63000
58	T	58	4.385	6.948	12.468	NA	0.145107794361526	0	0	3.7592272910956344	0.5331027667984191	-1.2420105763905067	Inf	NO	P63000
59	A	59	1.776	7.926	9.89	NA	0.145911949685535	0	0	1.7077454298430106	0.9999999999999999	-1.221381412889109	Inf	NO	P63000
60	G	60	-0.226	4.918	8.803	NA	0.146464646464646	0	0	1.7077454298430106	0.9999999999999999	-0.9350197930257613	Inf	NO	P63000
61	Q	61	-1.473	6.723	5.726	NA	0.146331236897275	0	0	1.7077454298430106	0.9999999999999999	-0.9816258448374887	Inf	NO	P63000
62	E	62	-0.735	4.824	2.543	NA	0.145235122763213	0	0	1.7077454298430106	0.9999999999999999	-0.6169369771615908	Inf	NO	P63000
63	D	63	0.308	8.202	1.266	NA	0.130711610486891	1	0	1.7077454298430106	0.9999999999999999	-0.95873813288097	Inf	NO	P63000
64	Y	64	3.414	7.947	3.364	NA	0.131698113207547	0	1	1.7077454298430106	0.9999999999999999	-0.9459013244287846	Inf	NO	P63000
65	D	65	4.269	4.344	2.464	NA	0.131698113207547	0	0	1.7077454298430106	0.9999999999999999	-0.4344184894356175	Inf	NO	P63000
66	R	66	7.752	5.192	1.16	NA	0.146885521885522	0	0	1.7077454298430106	0.9999999999999999	-0.49401577922117645	Inf	NO	P63000
67	L	67	8.428	7.851	3.801	NA	0.146885521885522	0	0	1.7077454298430106	0.9999999999999999	-0.9046122458961897	Inf	NO	P63000
68	R	68	7.543	5.872	6.932	NA	0.133206106870229	0	0	3.7592272910956344	0.5331027667984191	-0.5563898823484352	Inf	NO	P63000
69	P	69	10.119	3.108	6.5	NA	0.133333333333333	0	0	3.7592272910956344	0.5331027667984191	-0.17139423602794074	Inf	NO	P63000
70	L	70	12.903	5.591	7.021	NA	0.148006785411366	0	0	10.955715138949763	0.13043478260869562	-0.3870753602528738	Inf	NO	P63000
71	S	71	12.288	4.981	10.721	NA	0.14702154626109	0	0	10.955715138949763	0.041501976284585025	-0.6529791410690285	Inf	NO	P63000
72	Y	72	12.902	1.234	10.586	NA	0.131320754716981	0	0	0.8194148044577478	1	-0.12290243507036869	Inf	NO	P63000
73	P	73	16.706	1.091	10.388	NA	0.132319391634981	0	1	0.8194148044577478	1	0.22587337496116947	Inf	NO	P63000
74	Q	74	18.131	0.908	13.863	NA	0.131818181818182	0	0	1.7077454298430106	0.9999999999999999	-0.18359241470472756	Inf	NO	P63000
75	T	75	14.991	-0.495	15.472	NA	0.131818181818182	0	0	0.5136361036162523	1	0.09185147272597706	Inf	NO	P63000
76	D	76	15.087	-3.04	18.254	NA	0.131203007518797	0	0	0.35793669180457816	0.6146245059288539	0.11606517562000315	Inf	NO	P63000
77	V	77	11.372	-3.74	18.578	NA	0.131203007518797	0	0	0.26335567323835257	0.3509465363012274	0.11358080380566998	Inf	NO	P63000
78	F	78	8.22	-3.079	16.611	NA	0.131439393939394	0	0	0.35793669180457816	0.6146245059288539	0.14965536465921658	Inf	NO	P63000
79	L	79	4.669	-2.906	17.889	NA	0	0	0	0	0.11808300395256917	-0.0763095924894125	Inf	NO	P63000
80	I	80	1.937	-3.655	15.402	NA	0	0	0	0	0.11808300395256917	-0.028465241618238858	Inf	NO	P63000
81	C	81	-1.195	-1.981	16.707	NA	0	0	0	1.1364477926778753	1	-0.2693402184771359	Inf	NO	P63000
82	F	82	-4.815	-2.568	15.767	NA	0	0	0	0.35793669180457816	0.6146245059288539	-0.20526986155030197	Inf	NO	P63000
83	S	83	-8.127	-1.6	17.323	NA	0	0	0	0.5136361036162523	1	0.015126063083818048	Inf	NO	P63000
84	L	84	-10.091	-4.358	19.045	NA	0	0	0	0.1997861476404493	0.1907114624505928	0.891421851968114	Inf	NO	P63000
85	V	85	-13.263	-2.673	17.916	NA	0	0	0	0	0.05185146661119193	1.2152817396734679	Inf	NO	P63000
86	S	86	-12.177	-2.497	14.294	NA	0	0	0	0	0.05185146661119193	0.6347252809866537	Inf	NO	P63000
87	P	87	-12.126	-5.696	12.349	NA	0.164943609022556	0	0	0	0.11808300395256917	0.7639939780613645	Inf	NO	P63000
88	A	88	-10.767	-3.837	9.368	NA	0.165262172284644	0	0	0	0.5108695652173911	-0.10132285748278566	Inf	NO	P63000
89	S	89	-7.545	-2.867	11.081	NA	0.220349563046192	0	0	0	0.26630434782608686	-0.29212421378737774	Inf	NO	P63000
90	F	90	-7.213	-6.423	12.26	NA	0.21952736318408	0	0	0	0.25889328063241096	0.3747565898884645	Inf	NO	P63000
91	E	91	-7.261	-7.914	8.778	NA	0.261481481481482	0	0	0	1	-0.19842080078957677	Inf	NO	P63000
92	N	92	-4.794	-5.231	7.862	NA	0.262453531598513	0	0	0	1	-0.4393095378190825	Inf	NO	P63000
93	V	93	-2.127	-6.633	10.142	NA	0.263940520446097	0	0	0	0.25889328063241096	0.2587703726390261	Inf	NO	P63000
94	R	94	-1.356	-9.612	7.949	NA	0.330223880597015	0	0	0	1	0.3516491780866088	Inf	NO	P63000
95	A	95	-2.026	-7.796	4.74	NA	0.332397003745318	0	0	0	1	0.425096341960676	Inf	NO	P63000
96	K	96	-0.071	-4.576	5.342	NA	0.528358208955224	0	0	0	1	-0.010666182591346426	Inf	NO	P63000
97	W	97	1.896	-4.208	8.592	NA	0.532330827067669	0	0	0	0.5108695652173911	0.12496934836408351	Inf	NO	P63000
98	Y	98	3.478	-7.561	9.292	NA	0.528358208955224	0	0	0	0.26630434782608686	0.6342267001908252	Inf	NO	P63000
99	P	99	4.81	-7.83	5.787	NA	0.887218045112782	0	0	0	0.5108695652173911	1.1024464879102953	Inf	NO	P63000
100	E	100	6.019	-4.268	5.902	NA	0.885572139303483	0	0	0	0.5108695652173911	0.4748609857664827	Inf	NO	P63000
101	V	101	7.644	-4.489	9.302	NA	0.882280049566295	0	0	0.5136361036162523	1	0.4167898089492697	Inf	NO	P63000
102	R	102	9.22	-7.859	8.667	NA	0.755555555555556	1	0	0.5136361036162523	1	0.8137954976799178	Inf	NO	P63000
103	H	103	10.526	-6.909	5.267	NA	0.882280049566295	0	0	0.8194148044577478	1	1.569480606518627	Inf	NO	P63000
104	H	104	12.153	-3.782	6.614	NA	0.875768757687577	0	0	0.8194148044577478	1	0.6362716897132472	Inf	NO	P63000
105	C	105	13.125	-5.313	9.93	NA	0.875768757687577	0	0	0.8194148044577478	1	0.6899806789773019	Inf	NO	P63000
106	P	106	14.089	-8.912	9.398	NA	0.872549019607843	1	0	0.8194148044577478	1	1.1611968693350856	Inf	NO	P63000
107	N	107	15.089	-10.38	12.703	NA	0.873308733087331	0	0	0.35793669180457816	0.6146245059288539	0.7512983086732078	Inf	NO	P63000
108	T	108	13.456	-7.866	14.996	NA	0.867647058823529	0	0	0.26335567323835257	0.3509465363012274	0.44332106492753026	Inf	NO	P63000
109	P	109	10.961	-8.884	17.578	NA	0.933052187664734	0	0	0	0.05185146661119193	0.32256549343854085	Inf	NO	P63000
110	I	110	7.36	-7.939	16.94	NA	0.925443169968717	0	0	0	0.11808300395256917	0.4192891380618341	Inf	NO	P63000
111	I	111	4.637	-7.362	19.455	NA	0.907692307692308	1	0	0	0.05185146661119193	0.16285960610486516	Inf	NO	P63000
112	L	112	1.009	-7.393	18.398	NA	0.907692307692308	0	0	0.35793669180457816	0.6146245059288539	0.25012971484635405	Inf	NO	P63000
113	V	113	-1.122	-4.998	20.351	NA	0.908455882352941	0	0	0.26335567323835257	0.3509465363012274	-0.027315821192706966	Inf	NO	P63000
114	G	114	-4.879	-4.782	20.387	NA	0.911808118081181	2	0	0.35793669180457816	0.6146245059288539	0.2274345423693231	Inf	NO	P63000
115	T	115	-5.791	-1.286	21.479	NA	0.911808118081181	0	0	1.1364477926778753	1	-0.05431918089046763	Inf	NO	P63000
116	K	116	-9.056	0.175	22.792	NA	0.911808118081181	0	0	1.1364477926778753	1	0.2684554485335307	Inf	NO	P63000
117	L	117	-9.612	-2.714	25.166	NA	0.914391143911439	0	0	0.5136361036162523	1	0.5455397047377114	Inf	NO	P63000
118	D	118	-12.162	-0.548	26.931	NA	0.922962962962963	0	0	0.35793669180457816	0.6146245059288539	0.991419335782402	Inf	NO	P63000
119	L	119	-14.453	-0.573	23.858	NA	0.922962962962963	0	0	0.1997861476404493	0.1907114624505928	1.3410953942097235	Inf	NO	P63000
120	R	120	-14.783	-4.342	23.821	NA	0.988888888888889	0	0	0.1997861476404493	0.1907114624505928	1.583373503863144	Inf	NO	P63000
121	D	121	-17.62	-4.255	26.392	NA	0.988888888888889	0	0	0	0.25889328063241096	2.2749670215971807	Inf	NO	P63000
122	D	122	-19.292	-0.948	25.434	NA	1.01424501424501	0	0	0	0.26630434782608686	2.3235407538024297	Inf	NO	P63000
123	K	123	-22.903	-1.345	24.394	NA	0.941798941798942	0	0	0	0.26630434782608686	2.5149026111020683	Inf	NO	P63000
124	D	124	-22.999	1.237	21.661	NA	0.948827292110874	0	0	0	0.5108695652173911	2.473118367643232	Inf	NO	P63000
125	T	125	-19.865	-0.016	19.964	NA	0.882280049566295	0	0	0	0.26630434782608686	2.1809248578510596	Inf	NO	P63000
126	I	126	-21.283	-3.496	19.892	NA	0.888059701492537	2	0	0	0.11808300395256917	2.1654679857040033	Inf	NO	P63000
127	E	127	-24.392	-2.228	18.17	NA	0.85077004779607	0	0	0	0.25889328063241096	2.516423374771164	Inf	NO	P63000
128	K	128	-23.28	-0.115	15.217	NA	0.917049368541906	0	0	0	0.25889328063241096	2.192204730822207	Inf	NO	P63000
129	L	129	-20.675	-2.742	14.716	NA	0.913640263082642	0	0	0	0.11808300395256917	1.8411473740729234	Inf	NO	P63000
130	K	130	-23.197	-5.523	15.291	NA	0.839810746873944	0	0	0	0.25889328063241096	2.026523360872013	Inf	NO	P63000
131	E	131	-25.302	-4.155	12.484	NA	0.842944369063772	0	0	0	0.25889328063241096	2.63955704926233	Inf	NO	P63000
132	K	132	-22.421	-4.642	10.032	NA	0.846101464078992	0	0	0	0.25889328063241096	1.8840503999724139	Inf	NO	P63000
133	K	133	-22.367	-8.37	10.75	NA	0.921189591078067	1	0	0	0.25889328063241096	2.335352759009883	Inf	NO	P63000
134	L	134	-19.137	-7.71	12.568	NA	0.915985130111524	0	0	0	0.11808300395256917	1.4642526452251592	Inf	NO	P63000
135	T	135	-18.21	-8.438	16.156	NA	0.918587360594796	1	0	0	0.11808300395256917	1.7891083331791493	Inf	NO	P63000
136	P	136	-15.376	-7.268	18.359	NA	0.912592592592592	0	0	0	0.022337216559184546	1.7370070320755266	Inf	NO	P63000
137	I	137	-11.984	-8.937	18.239	NA	0.82962962962963	1	0	0	0.05185146661119193	1.2376580650173303	Inf	NO	P63000
138	T	138	-11.58	-11.733	20.736	NA	0.830348090571139	0	0	0	0.25889328063241096	1.2186433932568808	Inf	NO	P63000
139	Y	139	-8.43	-12.502	22.635	NA	0.836567926455567	0	0	0.5136361036162523	1	1.2391176208740595	Inf	NO	P63000
140	P	140	-7.974	-15.863	21.002	NA	0.78876404494382	0	0	0	0.26630434782608686	1.0393259786002045	Inf	NO	P63000
141	Q	141	-8.22	-14.183	17.647	NA	0.791729323308271	0	0	0	0.25889328063241096	1.0405157290716982	Inf	NO	P63000
142	G	142	-5.386	-11.84	18.46	NA	0.754716981132075	0	0	0	0.25889328063241096	0.5168452859774552	Inf	NO	P63000
143	L	143	-3.427	-14.652	19.964	NA	0.668582375478927	0	0	0	0.25889328063241096	0.8842698706605328	Inf	NO	P63000
144	A	144	-3.996	-16.591	16.769	NA	0.598290598290598	0	0	0	1	0.7790936084262545	Inf	NO	P63000
145	M	145	-2.825	-13.675	14.678	NA	0.493305144467935	0	0	0	0.25889328063241096	0.6380090173368946	Inf	NO	P63000
146	A	146	0.264	-13.405	16.788	NA	0.48999648999649	0	0	0	0.26630434782608686	0.6106205817397937	Inf	NO	P63000
147	K	147	1.143	-17.02	16.205	NA	0.491895701198027	0	0	0	1	0.8483055425694411	Inf	NO	P63000
148	E	148	0.616	-16.422	12.514	NA	0.495224619738238	0	0	0	1	0.6854313165541427	Inf	NO	P63000
149	I	149	2.936	-13.423	12.168	NA	0.408139534883721	0	0	0	0.5108695652173911	0.9024644321641582	Inf	NO	P63000
150	G	150	5.409	-14.912	14.58	NA	0.366771159874608	0	0	0	0.26630434782608686	1.10535958570467	Inf	NO	P63000
151	A	151	5.232	-12.262	17.264	NA	0.149425287356322	0	0	0	0.26630434782608686	0.6583960992428037	Inf	NO	P63000
152	V	152	7.042	-12.724	20.564	NA	0.15042735042735	0	0	0	0.26630434782608686	0.449095537224197	Inf	NO	P63000
153	K	153	3.974	-11.766	22.533	NA	0	0	0	0	0.11808300395256917	0.37019831061552827	Inf	NO	P63000
154	Y	154	0.346	-10.682	22.238	NA	0	0	0	0.35793669180457816	0.6146245059288539	0.5292671742755485	Inf	NO	P63000
155	L	155	-0.948	-7.897	24.456	NA	0	0	0	0.35793669180457816	0.6146245059288539	0.3933813072242628	Inf	NO	P63000
156	E	156	-4.171	-5.945	24.777	NA	0	0	0	0.35793669180457816	0.6146245059288539	0.47585686584359654	Inf	NO	P63000
157	C	157	-4.555	-2.515	26.298	NA	0.152024117140396	0	1	1.8076561420284465	0.6146245059288539	-0.04632488092056265	Inf	NO	P63000
158	S	158	-6.562	0.678	26.529	NA	0.151593453919035	0	0	1.8076561420284465	0.6146245059288539	-0.3048554816393469	Inf	NO	P63000
159	A	159	-5.124	4.181	26.627	NA	0.272868217054264	0	0	4.8069847985287675	0.1501456209694196	-0.429155313069858	Inf	NO	P63000
160	L	160	-8.262	5.687	28.095	NA	0.274418604651163	0	0	10.955715138949763	0.011857707509881436	-0.4184200593645923	Inf	NO	P63000
161	T	161	-8.193	3.482	31.194	NA	0.249471458773784	0	0	10.955715138949763	0.011857707509881436	-0.17868694339762298	Inf	NO	P63000
162	Q	162	-4.436	3.014	30.83	NA	0.251149628581535	0	0	10.955715138949763	0.011857707509881436	-0.5198010834884323	Inf	NO	P63000
163	R	163	-5.031	-0.678	31.438	NA	0.228682170542636	0	0	0.8194148044577478	1	-0.1800831716421881	Inf	NO	P63000
164	G	164	-2.172	-3.028	30.643	NA	0.20887573964497	0	0	0.8194148044577478	1	0.06505523468407563	Inf	NO	P63000
165	L	165	-0.538	-0.097	28.959	NA	0.20807544945476	0	0	1.1364477926778753	1	-0.29344806288597225	Inf	NO	P63000
166	K	166	2.438	-0.531	31.258	NA	0.19415333701048	0	0	1.7077454298430106	0.9999999999999999	-0.8112743372071776	Inf	NO	P63000
167	T	167	3.106	-4.148	30.326	NA	0.254102316602317	0	0	0.5136361036162523	1	-0.3627724934556484	Inf	NO	P63000
168	V	168	3.15	-3.452	26.605	NA	0.338803088803089	0	0	0.26335567323835257	0.3509465363012274	-0.2702522517240457	Inf	NO	P63000
169	F	169	6.3	-1.344	27.02	NA	0.338803088803089	0	0	1.9402952486196203	0.6349074266694404	-0.6096468715320353	Inf	NO	P63000
170	D	170	7.774	-3.641	29.641	NA	0.341439688715953	0	0	1.1364477926778753	1	-0.5591856071546034	Inf	NO	P63000
171	E	171	7.366	-6.592	27.338	NA	0.403262867647059	0	0	0	0.26630434782608686	-0.07300253577104227	Inf	NO	P63000
172	A	172	8.733	-4.65	24.419	NA	0.379774305555556	1	0	1.1364477926778753	1	-0.213744225394738	Inf	NO	P63000
173	I	173	11.835	-3.883	26.446	NA	0.358947368421053	0	0	1.1364477926778753	1	-0.424298953484789	Inf	NO	P63000
174	R	174	11.902	-7.406	27.8	NA	0.380658436213992	1	0	1.1364477926778753	1	-0.19635072427146333	Inf	NO	P63000
175	A	175	11.848	-8.636	24.237	NA	0.382090951711205	0	0	0	0.26630434782608686	-0.0746650510238607	Inf	NO	P63000
176	V	176	14.974	-6.647	23.442	NA	0.379549808429119	0	0	1.1364477926778753	1	0.14950893361320042	Inf	NO	P63000
177	L	177	16.728	-7.328	26.697	NA	0.381481481481482	0	0	1.8076561420284465	0.6146245059288539	-0.23294597552899773	Inf	NO	P63000
178	C	178	17.766	-10.968	26.915	NA	0.383537206931702	0	0	0	0.26630434782608686	0.3013934452548371	Inf	NO	P63000
179	P	179	15.633	-12.513	24.163	NA	0.382107459572248	0	0	0	0.26630434782608686	0.4667000758829744	Inf	NO	P63000
180	P	180	16.045	-16.077	23.001	NA	0.381105743424584	0	0	0	0.26630434782608686	0.6649424214339639	Inf	NO	P63000
181	P	181	19.287	-17.093	21.437	NA	0.4023997658765	0	0	0	0.5108695652173911	0.4632435778502051	Inf	NO	P63000
182	V	182	18.586	-16.958	17.713	NA	0.401206636500754	1	0	0	0.5108695652173911	0.8523829592922529	Inf	NO	P63000
183	K	183	19.327	-19.777	15.313	NA	0.403629536921151	1	0	0	0.5108695652173911	0.5832708102919643	Inf	NO	P63000
184	K	184	22.598	-18.312	14.132	NA	0.399616368286445	0	0	0	0.5108695652173911	0.5503544274737678	Inf	NO	P63000
185	R	185	20.945	-18.48	10.746	NA	0.398215465961666	0	0	0	0.26630434782608686	0.7334173249299445	Inf	NO	P63000
186	K	186	22.655	-17.943	7.436	NA	0.421511627906977	0	0	0	0.5108695652173911	0.5101296654367949	Inf	NO	P63000
187	R	187	25.249	-20.256	8.702	NA	0.424242424242424	0	0	0	0.5108695652173911	0.2833953694383065	Inf	NO	P63000
188	K	188	27.049	-20.839	5.495	NA	0.386343216531896	0	0	0	1	0.27010277899954077	Inf	NO	P63000
189	C	189	26.301	-24.329	4.329	NA	0.38468720821662	0	0	0	1	0.26233558463273426	Inf	NO	P63000
190	L	190	25.595	-26.041	1.087	NA	0.313527851458886	0	0	0	1	0.2527829022621046	Inf	NO	P63000
